
Last position-specific scoring matrix computed, weighted observed percentages rounded down, information per position, and relative weight of gapless real matches to pseudocounts
            A   R   N   D   C   Q   E   G   H   I   L   K   M   F   P   S   T   W   Y   V   A   R   N   D   C   Q   E   G   H   I   L   K   M   F   P   S   T   W   Y   V
    1 M    -6  -7  -7  -8  -7  -6  -7  -8  -7  -4  -3  -7  11  -5  -8  -7  -6  -7  -6  -4    0   0   0   0   0   0   0   0   0   0   0   0 100   0   0   0   0   0   0   0  3.95 1.34
    2 L    -5   4  -5  -5  -7  -3  -4  -6  -5  -3  -2   7  -4  -5  -6  -5  -5  -7  -6  -5    0  22   0   0   0   0   0   0   0   1   5  70   0   0   0   0   0   0   0   1  1.89 0.87
    3 A     5  -2   2   0  -4   0   2  -2  -4  -5  -5  -1  -4  -6  -4   2  -2  -6  -5  -3   44   1  11   4   0   3  12   2   0   0   0   3   0   0   0  17   2   0   0   1  0.74 0.50
    4 K    -3   4  -2  -4  -7   1  -3   3   1  -7  -6   6  -5  -7  -5  -3  -4  -6  -5  -6    1  24   1   0   0   6   0  20   4   0   0  43   0   0   0   1   0   0   0   0  1.24 0.65
    5 D    -4  -3   3   7  -7   0   3  -5  -3  -7  -6  -2  -7  -7  -5  -3  -4  -8  -7  -7    1   1  12  61   0   3  17   0   0   0   0   2   0   0   0   1   0   0   0   0  1.69 0.78
    6 K     1   0  -2  -1  -5   2   2  -3  -2  -3  -4   4  -2  -5  -3   0   1  -5  -4  -2   11   5   1   2   0  10  15   1   0   1   1  30   1   0   0   8   9   0   0   3  0.49 0.38
    7 A     0  -1  -1   1  -3   0   1  -3  -2   1   1  -1   0   0  -1  -1   0  -4  -2   2    9   3   2   8   0   3  13   1   1   6  17   2   2   5   3   2   6   0   0  16  0.11 0.15
    8 R     0   6  -3  -4  -6  -1  -1  -4  -3  -4  -3   4  -3  -6  -5  -2   1  -6  -5  -3    7  42   0   1   0   1   3   1   0   1   3  29   1   0   0   2   8   0   0   1  1.06 0.58
    9 L    -2   1  -5  -6  -3  -4  -4  -6  -5   0   4   0   0  -3  -5  -2   1  -5  -4   3    2   8   0   0   0   0   0   0   0   3  46   7   1   0   0   2   8   0   0  20  0.69 0.45
   10 G     0   0   2   2  -3   0   1   1  -2  -3  -3  -1  -1  -5  -3   4   0  -4  -4  -3    8   6   8  13   0   3   7  10   0   1   3   2   1   0   0  31   5   0   0   1  0.39 0.32
   11 A     2  -5  -4  -5  -2  -4  -4  -4  -4   0  -2  -5  -2  -3  -3  -1   5  -6  -4   4   18   0   0   0   1   0   0   1   0   4   2   0   0   1   1   3  40   0   0  29  0.95 0.58
   12 I    -5  -6  -7  -7  -4  -6  -7  -8  -7   4   6  -6  -1  -2  -7  -6  -4  -6  -2   0    0   0   0   0   0   0   0   0   0  19  71   0   1   1   0   0   0   0   1   5  1.51 0.70
   13 R    -5   8  -3  -6  -8  -2  -4  -5  -5  -8  -7  -1  -5  -8  -7  -2  -3  -8  -6  -6    0  89   1   0   0   1   0   1   0   0   0   3   0   0   0   3   1   0   0   0  2.54 1.05
   14 L    -1  -5  -1  -5  -5  -2  -4  -1  -4  -1   3  -5   7   2  -6   0  -1  -5   0  -2    5   0   3   0   0   1   0   6   0   1  28   0  35   7   0   6   3   0   2   1  0.91 0.55
   15 L     0  -6  -6  -7  -4  -5  -6  -6  -6   4   4  -6   2  -2  -6  -5  -2  -5  -4   3    7   0   0   0   0   0   0   0   0  24  45   0   4   1   0   0   2   0   0  18  1.03 0.53
   16 M    -3   3   0  -4  -4   0  -3  -4  -2   0   2   4   1  -3  -5  -2  -2   0  -3  -1    1  13   4   0   0   3   0   0   1   6  26  30   4   1   0   3   2   1   1   4  0.51 0.38
   17 A     5  -5  -2  -4  -3  -4  -4  -2  -5  -6  -5  -3  -5  -5  -5   5   1  -5  -5  -4   44   0   2   0   0   0   0   2   0   0   0   1   0   0   0  41   8   0   0   0  1.22 0.71
   18 E     5  -3  -3   0  -4   0   2  -2  -3  -5  -4  -1  -2  -5  -4   1  -2  -6  -4  -2   53   1   1   5   0   4  15   3   1   0   1   3   1   0   0   8   2   0   0   2  0.82 0.54
   19 I    -3  -6  -7  -7  -2  -5  -6  -7  -6   6   3  -6   1   1  -6  -6  -4  -5  -3   2    1   0   0   0   1   0   0   0   0  47  29   0   3   6   0   0   0   0   0  11  1.24 0.59
   20 K    -3   0  -1  -2  -6   3  -2  -3   2  -3   0   6   0  -5  -5  -3   0  -6  -5  -4    1   4   2   1   0  13   1   2   5   1   8  50   3   0   0   1   6   0   0   1  0.92 0.56
   21 Q    -3  -1   7   1  -6   3  -1  -4  -2  -5  -2   0  -1  -3  -5  -2  -2  -5   2  -4    2   3  47   7   0  11   4   0   1   0   5   5   2   1   0   1   2   0   8   1  0.98 0.58
   22 R     2   3  -3  -3  -4   0   2  -3  -2  -1  -2   3  -2  -1  -4  -2  -2  -3  -1   0   21  14   0   1   0   2  15   1   1   3   4  22   1   3   0   1   2   0   2   6  0.38 0.33
   23 E     0   0  -3   0  -6   2   6  -4  -2  -4  -4   1  -2  -6  -5  -2  -2  -6  -5  -4    8   5   0   5   0  10  55   1   1   1   2   7   1   0   0   2   2   0   0   1  1.06 0.61
   24 V    -4  -4  -6  -6  -5  -5  -5  -6  -6   7  -1   2  -1  -4  -5  -4   0  -6  -4   3    1   0   0   0   0   0   0   0   0  58   3  12   1   0   0   1   5   0   0  18  1.30 0.64
   25 D     2  -2   1   4  -6  -1   5  -3  -3  -5  -5   0  -4  -5  -4   0  -3  -6  -4  -4   16   1   5  25   0   1  37   1   0   0   0   5   0   0   0   6   0   0   0   1  0.88 0.52
   26 T     0   0   1  -2  -4   1   1  -1  -1  -3   1   4  -2  -4  -3   0   0  -4  -4  -2    7   3   6   1   0   5   8   4   1   1  14  33   0   0   1   6   7   0   0   2  0.35 0.30
   27 R    -2   5  -1  -3  -4   1  -2   3   0  -4  -3   3   0  -6  -4  -2  -3  -6  -5  -5    2  32   3   1   0   7   1  23   2   1   2  20   2   0   0   2   1   0   0   0  0.81 0.48
   28 I     0   3  -1  -1  -3   1   1   2   2  -2  -3   2  -3  -4  -2   0   0  -4  -3  -2    9  15   1   2   0   5   9  14   6   3   1  17   0   0   1   8   6   0   0   3  0.27 0.23
   29 E    -1  -2  -2   3  -6   1   5  -2  -3  -3  -5   0  -4  -6   2   0   0  -6  -5  -3    4   1   1  14   0   5  41   2   0   1   1   5   0   0  11   6   6   0   0   2  0.75 0.47
   30 L    -1  -6  -5  -6  -4  -5  -6  -6  -6   1   6  -5   0  -1  -2  -5  -3  -4  -4   0    5   0   0   0   0   0   0   0   0   8  73   0   1   2   3   0   1   0   0   5  1.25 0.61
   31 N    -2  -4   1   4  -4  -2   0  -2  -3  -4  -4  -1  -4  -6  -2   3   4  -6  -5  -3    3   0   6  22   0   1   5   3   0   1   1   2   0   0   2  24  29   0   0   1  0.75 0.49
   32 D    -3  -4  -1   7  -7  -2   4  -5  -5  -7  -6  -3  -7  -7  -2  -3  -4  -8  -5  -6    2   0   2  63   0   1  25   0   0   0   0   1   0   0   2   1   0   0   0   1  1.75 0.79
   33 E     2  -3  -1   4  -5   1   5  -2  -2  -4  -4  -1  -4  -6  -2   0   0  -6  -5  -3   17   1   2  20   0   4  34   2   0   1   1   2   0   0   2   6   5   0   0   1  0.69 0.45
   34 D     0  -3  -3   4  -6   2   6  -1  -3  -4  -4  -2  -2  -5  -5  -3  -3  -6  -5  -3    7   1   0  21   0   7  49   5   0   1   1   2   1   0   0   1   1   0   0   2  1.05 0.59
   35 I     1  -5  -5  -4   0  -2   1  -5  -5   4  -1  -3   0  -1  -4  -3  -1  -3  -2   4   10   0   0   0   2   1  12   0   0  25   4   1   2   2   0   1   3   0   1  35  0.64 0.41
   36 L    -2  -3  -3  -4  -3   0  -2  -5  -2   4   3  -4   2  -1  -5  -3  -1  -4  -2   2    2   1   1   1   0   6   3   1   1  29  31   0   5   2   0   1   4   0   1  10  0.58 0.36
   37 A     3   0  -1   0  -4   2   1   0  -2  -3  -3   2  -2  -5  -2   1   0  -5  -3  -2   23   3   2   6   0  11  10   7   0   1   1  16   1   0   1  11   5   0   0   2  0.34 0.28
   38 V    -2  -6  -6  -6  -3  -5  -5  -6  -6   5   1  -6  -1  -3  -6  -4  -2  -6  -4   6    2   0   0   0   0   0   0   0   0  28  13   0   1   0   0   1   2   0   0  51  1.25 0.59
   39 V    -4  -6  -7  -7  -3  -6  -6  -7  -6   5   5  -6   0  -1  -6  -6  -4  -5  -4   3    1   0   0   0   0   0   0   0   0  33  46   0   2   2   0   0   0   0   0  16  1.24 0.57
   40 T     1   3   0  -1  -4   4   0  -2  -2  -3  -3   2   0  -3  -3   1   0  -5  -3  -3   10  18   4   2   0  21   3   3   0   1   2  15   2   1   0   9   5   0   0   2  0.42 0.32
   41 K    -2   4  -2  -4  -6  -1  -3  -3  -3  -5  -5   6  -4  -4  -5   2   1  -6  -5  -5    2  23   1   0   0   2   0   2   0   0   0  45   0   1   0  13  10   0   0   0  1.10 0.60
   42 M    -1  -3  -3  -3  -6   4   5  -2  -2  -3   1  -3   5  -4  -5  -2  -3  -5  -1  -4    6   1   1   0   0  20  36   3   0   1  12   0  14   0   0   3   1   0   3   0  0.83 0.54
   43 V     2  -3  -4  -5  -1  -3  -4  -4  -4   4   0  -2   0  -4  -5  -2  -2  -5  -2   4   19   2   0   0   1   1   1   0   0  28   8   2   1   0   0   2   1   0   1  33  0.73 0.43
   44 K    -4   0  -2  -5  -8  -2  -4  -6  -5  -7  -7   8  -6  -8  -6  -4  -5  -8  -7  -6    1   3   2   0   0   1   0   0   0   0   0  93   0   0   0   0   0   0   0   0  2.50 1.04
   45 Q    -4   1  -3  -3  -5   7  -1  -6  -4  -4  -5   4   0  -7  -5  -2  -2  -6  -6  -4    1   7   0   1   0  53   2   0   0   1   1  24   2   0   0   3   2   0   0   1  1.47 0.76
   46 R    -4   8  -4  -6  -2  -3  -4  -4   2  -4  -1  -1  -2  -4  -6  -3  -2  -3  -3  -4    1  75   0   0   1   0   0   1   4   1   7   2   1   1   0   1   2   0   1   1  1.82 0.82
   47 R    -2   4   1  -2  -4   3   1  -4   0  -5  -4   5  -2  -5  -4  -2  -2  -6  -4  -4    2  26   5   2   0  12  10   0   2   0   2  32   1   0   0   3   2   0   0   1  0.82 0.47
   48 D    -4  -5  -4   6  -8   0   6  -5  -5  -7  -7  -3  -5  -8  -5  -4  -5  -8  -7  -7    1   0   0  38   0   3  56   1   0   0   0   1   0   0   0   1   0   0   0   0  1.88 0.85
   49 S     4  -5  -4  -5  -5  -3  -4  -3  -5  -5  -5  -4  -5  -6  -5   6   0  -7  -6  -3   35   0   0   0   0   1   1   1   0   0   1   0   0   0   0  55   6   0   0   1  1.38 0.75
   50 I     2  -4  -5  -6  -3  -4  -5  -5  -3   6   1  -3   1  -2  -5  -3  -3  -5  -2   1   21   1   0   0   0   1   0   0   0  49  13   1   2   1   0   1   0   0   1   8  0.96 0.51
   51 S     1  -2  -2   2  -5   1   5  -2  -2  -3  -3   0  -3  -4  -3   0   0  -6  -4  -2   11   2   1   9   0   6  44   2   1   1   2   6   0   0   1   5   5   0   0   4  0.66 0.43
   52 Q     1  -3  -2   1  -3   5   2  -2  -2   0   0  -1   3  -2  -4  -1  -2  -5  -2  -2   13   0   1   6   0  26  15   2   0   7   8   2   9   1   0   5   2   0   1   2  0.42 0.36
   53 F    -1  -6  -6  -7  -6  -6  -6  -5  -3  -4  -2  -6  -1   7  -7  -5  -6  -1   7  -4    6   0   0   0   0   0   0   1   0   0   3   0   1  45   0   0   0   0  41   1  2.05 0.84
   54 E     0   3  -1  -1  -4   2   4  -3  -2  -2  -2   2  -3  -4  -4  -1   1  -5  -4  -2    6  14   2   3   0   8  27   1   1   3   4  15   0   0   0   4  10   0   0   2  0.44 0.33
   55 A     1   1   0   1  -5   3   1  -3  -3  -5  -4   5  -3  -5  -3   0  -1  -6  -5  -4   11   5   4   7   0  13   8   1   0   0   1  40   0   0   1   6   2   0   0   0  0.70 0.44
   56 A     4  -5  -1  -5  -5   0  -4   5  -4  -5  -4  -4  -4  -5  -5  -2  -3  -6  -3  -2   38   0   3   0   0   4   0  46   0   0   1   0   0   0   0   2   1   0   1   2  1.16 0.60
   57 G    -2  -3   4   1  -5  -1  -2   6  -2  -7  -7  -1  -6  -6  -4  -1  -4  -6  -6  -6    2   1  22   6   0   2   2  54   1   0   0   4   0   0   0   3   0   0   0   0  1.22 0.59
   58 R    -3   8  -4  -4  -8  -3  -3  -7  -2  -8  -6  -1  -6  -5  -7  -5  -6  -7  -4  -7    2  91   0   1   0   0   1   0   1   0   1   2   0   0   0   0   0   0   1   0  2.58 1.04
   59 Q     0  -2   1   2  -4   3   3  -3  -1  -2  -2   0  -2  -4   3   0   1  -5  -4  -3    8   1   5  11   0  12  20   1   1   2   4   5   1   0  14   5   9   0   0   1  0.38 0.29
   60 D    -4  -5  -3   7  -8  -3   4  -4  -5  -6  -7  -4  -7  -8  -6  -4  -5  -8  -7  -6    1   0   0  67   0   0  29   1   0   0   0   0   0   0   0   0   0   0   0   0  2.06 0.88
   61 L    -3  -1  -6  -5  -5  -2  -3  -5  -5   0   6  -2   1  -3  -6  -4  -3  -5  -4  -2    2   4   0   1   0   2   2   1   0   3  77   2   3   0   0   1   1   0   0   1  1.27 0.64
   62 A     5  -5  -5  -6  -3  -4  -3  -4  -5   2  -2  -4  -2  -4  -5  -2  -3  -6  -3   4   54   0   0   0   0   1   2   1   0   9   2   0   1   0   0   2   1   0   1  27  1.06 0.60
   63 D     2  -2  -1   3  -5   2   5  -3  -3  -4  -4   0  -4  -6  -3   0  -1  -6  -5  -3   17   1   3  17   0   8  34   1   0   1   1   6   0   0   1   5   3   0   0   1  0.67 0.43
   64 K     0   1   0  -1  -5   3   1  -3  -1  -1  -4   5  -3  -6  -3   0  -2  -6  -5  -3    7   7   4   2   0  12   7   1   1   3   1  44   0   0   1   5   2   0   0   2  0.70 0.44
   65 E    -1  -4  -2  -2  -2  -1   7  -5  -4  -4  -2  -3  -5  -5  -5  -3  -1  -7  -4  -4    5   0   2   1   1   1  77   0   0   1   4   0   0   0   0   1   4   0   1   1  1.66 0.82
   66 S     0   2   0  -1  -5   3   4  -3  -1  -3  -1   3  -1  -5  -4  -1   0  -5  -4  -3    6  10   4   2   0  13  25   1   1   1   5  20   2   0   0   4   5   0   0   1  0.52 0.37
   67 A     3   1   0  -1  -3   1   2  -2  -1  -3  -2   2  -2   0  -3   0  -1  -3   0  -2   32   7   4   4   0   7  12   2   1   1   3  13   1   4   0   4   3   0   4   2  0.31 0.28
   68 E    -4  -2  -4  -2  -8   1   8  -5  -5  -7  -7  -1  -4  -8  -6  -5  -5  -7  -5  -6    1   2   0   1   0   6  85   1   0   0   0   3   0   0   0   0   0   0   0   0  2.15 0.96
   69 I     0  -3  -5  -6  -3  -4  -4  -5  -5   5   4  -2   2  -3  -5  -3  -3  -5  -3   1    9   2   0   0   0   0   1   1   0  35  37   2   5   0   0   1   0   0   1   6  0.85 0.46
   70 V     3  -1   0   2  -4   0   3  -2  -2  -3  -3   1  -3  -5  -3   0  -1  -5  -4  -1   25   2   4  10   0   4  25   3   0   1   2  10   0   0   0   7   4   0   0   4  0.42 0.33
   71 V    -3  -6  -7  -7  -5  -5  -5  -6  -5   6   1  -5   0   0  -6  -5  -3  -1  -2   4    2   0   0   0   0   0   1   0   0  51   9   0   1   3   0   0   1   1   1  30  1.32 0.61
   72 L    -4  -6  -7  -6  -3  -6  -7  -7  -6   5   5  -6   0  -1  -6  -5  -4  -4  -2   0    0   0   0   0   0   0   0   0   0  34  55   0   1   1   0   0   0   0   2   5  1.37 0.63
   73 Q    -2   0   0  -1  -5   3   5  -3  -3  -4  -3   2   0  -5  -4   1  -1  -4  -4  -4    3   4   5   2   0  15  34   1   0   1   3  14   2   0   0  12   3   0   0   1  0.66 0.44
   74 E     1   1   0  -1  -4   1   3  -1  -2  -3  -3   2  -3  -4  -2   2   1  -5  -4  -2   13   6   3   2   0   7  21   5   1   1   1  12   0   0   1  15   8   0   0   2  0.34 0.28
   75 F    -7  -7  -7  -8  -7  -7  -7  -8  -3  -6  -4  -7  -4   5  -8  -7  -7   0   9  -6    0   0   0   0   0   0   0   0   0   0   1   0   0  20   0   0   0   1  77   0  2.96 1.12
   76 L    -3  -5  -7  -8  -5  -3  -7  -8  -5  -2   7  -5   3  -3  -7  -6  -5  -6  -5  -2    2   0   0   0   0   1   0   0   0   1  88   0   6   0   0   0   0   0   0   1  1.86 0.81
   77 P    -6  -5  -7  -7  -8  -6  -6  -7  -7  -8  -8  -5  -8  -9   9  -5  -6  -9  -8  -8    0   1   0   0   0   0   0   0   0   0   0   1   0   0  98   1   0   0   0   0  3.47 1.28
   78 Q     3   0  -3  -2  -5   3   3  -4  -3  -5  -4   3  -3  -6   1  -1  -1  -6  -5  -2   24   3   0   1   0  14  22   0   0   0   1  18   0   0   8   4   4   0   0   2  0.63 0.44
   79 Q     0  -2  -4  -3  -6   7   2  -3  -3  -6  -3  -1   1  -7   2  -3  -4  -6  -5  -5    9   1   0   1   0  53  12   2   0   0   2   2   4   0  10   1   0   0   0   0  1.28 0.71
   80 L    -1  -5  -7  -7  -3  -5  -6  -7  -6   1   5  -5   7  -2  -3  -5  -4  -4  -4  -1    4   0   0   0   0   0   0   0   0   5  57   0  26   1   1   0   0   0   0   4  1.40 0.67
   81 T    -2  -3   0   2  -5  -3  -1   0  -5  -6  -6  -3  -5  -6  -2   6   3  -7  -6  -5    2   1   4  13   0   0   3   6   0   0   0   0   0   0   2  54  15   0   0   0  1.05 0.63
   82 A     0   0  -2   4  -6   0   5  -3  -1  -4  -4  -1  -4  -6   1  -1  -3  -6  -3  -2    6   5   1  21   0   2  43   2   1   1   1   3   0   0   6   3   1   0   1   3  0.83 0.49
   83 D     2  -3  -2   4  -5   0   5  -2  -3  -5  -5  -1  -4  -6  -4  -1  -2  -6  -4  -4   17   0   2  20   0   3  43   2   0   0   0   3   0   0   0   4   2   0   0   1  0.92 0.54
   84 E     0  -4  -4   2  -7   1   7  -5  -4  -6  -6  -1  -5  -7  -5  -3  -2  -7  -6  -5    8   0   0   8   0   5  72   0   0   0   0   2   0   0   0   1   2   0   0   1  1.66 0.81
   85 I    -3  -5  -6  -6  -4  -5  -6  -6  -6   5   4  -5   0  -3  -6  -5  -1  -5  -3   3    2   0   0   0   0   0   0   0   0  35  36   0   2   0   0   0   4   0   0  19  1.09 0.53
   86 A     0   3   0   0  -3   0   4  -3  -2  -2  -2   2  -2  -4  -4  -1   0  -5  -3  -1    7  20   3   4   0   3  26   1   1   3   3  12   1   0   0   4   5   0   1   4  0.41 0.31
   87 A     3   0  -1   0  -4   2   2  -2  -2  -2  -3   3  -3  -5  -2   0   0  -5  -4  -1   24   4   3   4   0   8  14   2   1   2   1  21   0   0   1   6   6   0   0   4  0.36 0.30
   88 L     1  -2  -5  -5  -4  -3  -1  -4  -4   5   3  -1   1  -2  -5  -3  -2  -1  -3   2   13   1   0   0   0   1   5   1   0  32  24   4   3   1   0   1   1   1   1  11  0.54 0.35
   89 I     0  -6  -6  -7  -1  -6  -6  -7  -7   5  -1  -6  -2  -4  -6  -5  -3  -6  -5   6    8   0   0   0   1   0   0   0   0  33   4   0   0   0   0   0   1   0   0  52  1.42 0.65
   90 E     0   2   0   3  -4   2   2  -3  -1  -3  -3   3  -2  -4  -3   0   0  -5  -3  -2    9  11   3  16   0   9  13   1   1   2   2  19   1   0   0   6   5   0   0   2  0.38 0.28
   91 Q     2   0  -1   2  -4   3   5  -2  -2  -5  -5   2  -4  -6  -3   0  -2  -5  -5  -4   15   4   2   9   0  11  35   3   0   0   1  10   0   0   1   5   2   0   0   1  0.65 0.42
   92 A     3  -3  -4  -4  -2  -3  -3  -4  -4   3  -1  -2  -1  -3  -4  -2   2  -5  -4   4   31   1   0   0   1   1   1   0   0  16   5   3   1   0   0   2  11   0   0  27  0.62 0.41
   93 I    -2  -5  -7  -7  -2  -5  -6  -7  -6   7   1  -3   0  -2  -6  -5  -4  -6  -5   3    3   0   0   0   1   0   0   0   0  64  10   2   2   2   0   0   0   0   0  15  1.44 0.65
   94 T     3  -1   0   0  -3   1   2  -2  -2  -3  -2   2  -3  -4  -3   1   0  -5  -4  -2   33   2   4   5   0   7  11   2   0   1   3  11   0   0   0  10   6   0   0   2  0.36 0.31
   95 E     1  -2  -1   1  -5   2   5  -2  -2  -4  -4   1  -4  -5  -4   1  -1  -5  -5  -4   10   2   2   7   0   9  46   2   0   1   1   7   0   0   0   8   3   0   0   1  0.77 0.46
   96 S    -1  -3   0  -3  -2  -2  -2  -3  -2   1   2  -2   1  -2  -4   0   3  -4  -3   2    5   1   4   0   1   1   2   1   1   6  22   1   4   1   0   6  25   0   0  17  0.36 0.28
   97 G    -2  -3   2  -1  -4   0  -1   6  -2  -5  -5  -1  -4  -5  -3  -1  -3  -5  -5  -5    3   1  10   4   0   4   4  60   1   1   1   4   0   0   2   4   1   0   0   1  1.10 0.52
   98 A     6  -4  -2  -2  -3  -4  -2  -3  -4  -1  -2  -2  -2  -1   0  -1  -2  -5  -3   0   63   0   2   2   0   0   2   1   0   4   4   2   1   3   5   2   1   0   0   6  0.88 0.52
   99 A     1  -1   0  -1  -3   1   1  -2  -2  -3  -3   1  -3  -4  -1   3   3  -4  -3  -1    9   2   4   2   0   6   8   1   1   1   2   9   0   0   2  25  22   0   0   4  0.39 0.32
  100 V    -2  -4  -1   1  -4  -2   0   4  -4  -4  -4  -2  -4  -5  -3   4   1  -5  -5  -4    2   0   3   7   0   1   5  29   0   1   1   2   0   0   1  39   7   0   0   1  0.77 0.48
  101 M     0  -1  -3  -2  -4  -1  -2  -2  -3   2   0   1   5  -3   4  -2  -2  -5  -3   0    7   3   1   1   0   3   2   2   0  13   8  10  16   1  23   3   2   0   0   4  0.46 0.33
  102 A     1   2  -1  -3  -5   2  -1  -2  -2  -5  -4   5  -3  -5  -3   1  -1  -5  -4  -4   12  10   2   1   0   8   2   3   0   0   1  42   0   0   1  12   4   0   0   0  0.73 0.46
  103 D    -2  -4   2   7  -5   1   2  -3  -3  -7  -6  -3  -5  -7  -4  -2  -4  -7  -6  -6    3   0   7  65   0   6  11   2   0   0   0   1   0   0   1   2   0   0   0   0  1.59 0.73
  104 M    -4  -3  -6  -7  -5  -3  -6  -7  -4   1   1  -2   9   4  -5  -5  -2  -5  -4  -2    1   1   0   0   0   1   0   0   0   8   9   3  52  19   1   0   2   0   0   2  1.69 0.78
  105 G    -4  -5  -3  -6  -7  -6  -6   8  -6  -8  -8  -4  -7  -8  -5  -3  -6  -7  -8  -7    0   1   1   0   0   0   0  95   0   0   0   1   0   0   1   1   0   0   0   0  2.54 0.99
  106 K     0   3  -2  -3  -6   2  -2  -3  -3  -3  -3   6  -2  -6  -1  -1  -2  -6  -5  -3    8  12   1   1   0   9   1   2   0   1   3  52   1   0   3   3   2   0   0   2  0.95 0.55
  107 V     0  -6  -7  -7  -2  -6  -6  -7  -7   2   1  -6  -1  -3  -6  -5  -3  -6  -5   7    9   0   0   0   1   0   0   0   0   9  10   0   1   1   0   0   1   0   0  69  1.47 0.70
  108 I    -6  -7  -7  -8  -6  -6  -7  -8  -7   2  -2  -7  11  -4  -8  -7  -5  -7  -6  -2    0   0   0   0   0   0   0   0   0  10   1   0  87   0   0   0   0   0   0   1  3.33 1.25
  109 A     0  -1  -2  -4  -6  -1  -4   5  -5  -6  -5   5  -5  -6  -1   0  -4  -6  -6  -6    7   2   1   0   0   3   0  41   0   0   0  34   0   0   4   7   0   0   0   0  1.05 0.56
  110 V     3  -1  -2  -2  -2   0   2  -2  -2   0   0   0   0  -2  -1  -1   0   0  -1   1   26   3   1   1   1   4  14   1   1   7   9   6   2   1   2   3   4   1   2  11  0.15 0.18
  111 L     2  -5  -6  -6   0  -5  -5  -5  -6   2   3  -5   0  -3  -5  -3  -2  -2  -4   5   15   0   0   0   2   0   0   0   0   9  32   0   1   0   0   1   2   1   0  38  0.88 0.48
  112 K    -3  -1  -2  -6  -4   0  -4  -5  -4   0  -1   2   9  -4  -6  -1  -1  -6  -5  -2    2   3   2   0   0   4   0   1   0   4   4  15  54   0   0   4   4   0   0   3  1.47 0.74
  113 P     2  -2  -2  -2  -5   1   1   0  -3  -4  -4   3  -4  -5   5   0  -2  -6  -5  -3   19   1   1   1   0   6   8   6   0   0   1  20   0   0  25   8   2   0   0   1  0.65 0.41
  114 K    -1   3  -2  -1  -6   3   3  -4  -1  -3  -2   5  -3  -5  -4  -2  -2  -6  -5  -4    6  17   1   2   0  13  16   0   1   1   4  34   1   0   0   2   1   0   0   1  0.76 0.47
  115 I     0  -4  -4  -5  -4  -4  -5  -3   1   1   3  -4   0   1  -5  -2   1  -4   1   3    7   0   0   0   0   0   0   2   3   6  30   0   2   7   0   2   8   0   6  25  0.49 0.34
  116 Q     3   1  -1  -1  -5   2  -1   1  -2  -4  -4   5  -3  -6  -2   0  -2  -6  -5  -4   23   6   2   3   0   8   2  11   0   0   1  34   0   0   1   6   2   0   0   1  0.59 0.41
  117 G    -2  -5  -2  -2  -6  -4  -5   7  -6  -8  -7  -5  -7  -7  -3  -1  -4  -7  -7  -6    3   0   2   3   0   0   1  84   0   0   0   0   0   0   1   4   1   0   0   0  2.00 0.83
  118 R    -2   6  -1  -4  -5   3  -1  -4  -3  -4  -4   4  -2  -5  -4  -1  -2  -6  -5  -3    2  40   2   0   0  13   2   1   0   1   1  28   1   0   0   3   2   0   0   2  1.09 0.57
  119 A     6  -5  -5  -6  -2  -5  -5  -3  -5   0  -3  -5   1  -2  -5  -2  -2  -6  -3   1   72   0   0   0   1   0   0   0   0   5   2   0   3   2   0   1   2   0   1  10  1.31 0.69
  120 D    -4  -6  -2   8  -8  -3   1  -5  -5  -8  -8  -5  -7  -8  -4  -2  -4  -8  -7  -7    1   0   1  82   0   0   9   1   0   0   0   0   0   0   1   3   0   0   0   0  2.29 0.95
  121 V    -3  -5   0  -5  -6  -5  -5   7  -6  -5  -4  -5   4   0  -4  -2  -5  -6  -6  -6    1   0   5   0   0   0   0  72   0   0   1   0  11   4   1   2   0   0   0   0  1.68 0.75
  122 G     1   2   1  -1  -5  -1  -2   2  -4  -5  -5   5  -4  -6  -4   2   0  -6  -5  -4   10   8   6   3   0   2   1  14   0   0   0  36   0   0   0  14   4   0   0   0  0.65 0.43
  123 A     0   3  -3  -2  -3   0   0  -4  -3   1   2   1   1  -2  -4  -2   1  -3  -3   1    8  16   0   2   0   4   4   0   0   7  20  11   4   1   0   2   9   0   0  11  0.22 0.22
  124 V     1  -6  -6  -7  -4  -6  -6  -6  -7   3   0  -6  -1  -4  -6  -5  -3  -6  -5   6   13   0   0   0   0   0   0   0   0  16   7   0   1   0   0   0   0   0   0  62  1.41 0.67
  125 S     1   0   3  -3  -5   1  -3  -1  -3  -6  -5   1  -5  -6  -4   5  -2  -6  -5  -4   11   5  15   0   0   6   0   4   0   0   0   7   0   0   0  50   1   0   0   1  0.93 0.58
  126 A     2   1   0   0  -4   3   3  -1  -3  -4  -4   2  -2  -5  -2   0  -1  -5  -4  -3   15   7   4   5   0  15  21   3   0   1   1  14   1   0   1   6   4   0   0   1  0.44 0.33
  127 Q     0  -3  -5  -5  -1  -3  -3  -4  -3   5   3  -1   3  -2  -5  -4  -2  -2  -3   2    8   1   0   0   1   1   2   1   1  31  26   4   7   1   0   0   2   1   0  13  0.60 0.36
  128 V     0  -7  -7  -7  -4  -6  -6  -7  -7   1   0  -6  -2  -5  -6  -5  -3  -7  -5   7    7   0   0   0   0   0   0   0   0   6   6   0   0   0   0   0   1   0   0  79  1.78 0.79
  129 K    -2   4  -1  -3  -6   1   0  -2  -4  -5  -4   6   0  -6  -5  -2  -2  -6  -5  -5    2  21   2   1   0   6   5   2   0   1   1  51   2   0   0   3   3   0   0   0  1.11 0.59
  130 T     1   1  -1   0  -5   2   5  -3  -2  -5  -4   3  -2  -5  -4   1  -1  -6  -5  -4   10   6   3   5   0   9  35   2   0   0   1  16   1   0   0   9   2   0   0   1  0.64 0.41
  131 R     0   2  -3  -3  -2   0   0  -4  -1   1   2   3   1  -1  -4  -2  -2  -4  -1  -1    7  12   1   0   1   4   7   0   2   7  27  19   4   2   0   2   1   0   2   4  0.28 0.25
  132 L    -6  -6  -8  -8  -5  -6  -7  -8  -7   0   7  -7  -1  -2  -7  -7  -5  -6  -5  -3    0   0   0   0   0   0   0   0   0   3  95   0   0   1   0   0   0   0   0   0  2.10 0.86
  133 A     3  -5  -3  -4  -4  -4  -4   4  -5  -6  -6  -4  -5  -6  -4   5  -3  -6  -5  -5   24   0   0   0   0   0   0  25   0   0   0   0   0   0   0  51   0   0   0   0  1.24 0.61

                      K         Lambda
Standard Ungapped    0.1303     0.3167
Standard Gapped      0.0606     0.2670
PSI Ungapped         0.1980     0.3178
PSI Gapped           0.0606     0.2670
