
Last position-specific scoring matrix computed, weighted observed percentages rounded down, information per position, and relative weight of gapless real matches to pseudocounts
            A   R   N   D   C   Q   E   G   H   I   L   K   M   F   P   S   T   W   Y   V   A   R   N   D   C   Q   E   G   H   I   L   K   M   F   P   S   T   W   Y   V
    1 M    -6  -7  -8  -8  -7  -6  -7  -8  -7  -4  -3  -7  11   3  -8  -7  -6   4  -5  -4    0   0   0   0   0   0   0   0   0   0   0   0  85  10   0   0   0   4   0   0  3.25 1.03
    2 I    -4  -7  -8  -8  -6  -7  -7  -8  -8   8   2  -5  -3  -2  -7  -7  -3  -7  -5   2    1   0   0   0   0   0   0   0   0  69  16   1   0   2   0   0   2   0   0   9  1.77 0.68
    3 Q    -4  -1  -1  -5  -3   8  -3  -1   1  -1  -4  -2  -2   0  -3  -3  -2  -6   0  -4    1   4   3   0   1  61   1   5   3   4   2   1   1   4   2   2   3   0   4   1  1.34 0.70
    4 I    -3   1  -1  -3  -3   1  -2  -5  -2   0   1   2   4  -2   2  -1  -1  -5  -2   2    1   7   3   1   1   5   1   0   1   5  15  15  11   1  10   6   4   0   1  14  0.27 0.24
    5 Q    -3   2   0  -3  -3   5   2   3  -1  -5  -1   1   1  -4  -5  -2  -3  -5  -2  -4    1  12   5   0   1  22  12  21   2   0   8   8   4   1   0   2   1   0   1   1  0.53 0.36
    6 T     2  -5  -3  -5  -1  -5  -5  -3  -6  -3  -6  -5  -5  -6  -3   4   7  -7  -6  -3   14   0   1   0   1   0   0   2   0   1   0   0   0   0   1  25  53   0   0   1  1.35 0.68
    7 K    -3   3   0  -4  -3  -1  -2  -4   1   1  -1   1   1   0  -1  -3  -2   3   3   2    1  18   4   0   1   3   1   1   3   7   6  10   3   3   3   1   2   4   9  17  0.31 0.24
    8 L    -3  -6  -6  -7   0  -5  -6  -7  -6   2   5  -6   2   1  -3  -4  -3  -5  -3   3    1   0   0   0   2   0   0   0   0  11  53   0   5   6   2   1   1   0   1  18  1.00 0.47
    9 K    -4   3   5   0  -3  -1  -1  -3   1  -3  -5   4  -2  -4  -3  -2  -3  -1   0  -3    1  15  30   4   1   2   3   1   3   2   1  25   1   1   1   3   1   1   3   2  0.78 0.44
   10 I    -2  -7  -3  -7   7  -6  -7  -7  -7   2  -1  -6  -3  -1  -1  -3  -3  -6  -1   6    3   0   2   0  19   0   0   0   0  11   5   0   0   3   4   2   1   0   2  50  1.23 0.57
   11 N     4  -3  -4  -4   2  -2  -4  -3   0   2  -3  -3   1  -3  -1  -1  -1  -6  -3   3   34   2   1   1   4   2   1   1   3  11   1   1   4   1   3   4   3   0   1  24  0.53 0.38
   12 D    -3  -7   0   9  -9  -5  -1  -6   1  -8  -9  -6  -8  -9  -7  -5  -6  -9  -8  -8    2   0   4  88   0   0   2   0   3   0   0   0   0   0   0   0   0   0   0   0  2.62 0.99
   13 N    -7  -6   9  -2  -8  -5  -6  -2  -5  -4  -9  -2  -7  -8  -7  -1  -2  -9  -2  -8    0   0  83   2   0   0   0   3   0   2   0   2   0   0   0   4   2   0   2   0  2.48 1.06
   14 S    -2  -6  -2  -5   1  -5  -5  -2  -6  -7  -3  -3  -6  -7  -2   7   3   0  -6  -6    2   0   1   0   2   0   0   3   0   0   3   1   0   0   2  63  19   1   0   0  1.39 0.87
   15 G    -1  -3   0  -2  -2  -3   0   7  -6  -7  -5  -1  -7  -2  -2  -2  -4  -7  -7  -3    5   2   5   2   1   1   7  61   0   0   2   3   0   2   3   3   1   0   0   2  1.20 0.67
   16 I     5  -3  -5  -3   0  -5  -3  -1  -5   2  -1  -3  -1  -2  -2  -2  -3  -6  -1   1   51   1   0   1   2   0   2   5   0  10   6   1   1   2   2   2   1   0   2   8  0.77 0.53
   17 K    -3   4  -1  -3  -1   0  -1  -4  -1  -1  -2   5  -5  -1  -2  -3   0   2   0  -2    2  17   2   1   1   4   3   2   1   4   4  34   0   3   2   2   5   2   3   3  0.58 0.44
   18 I    -1   0   1  -1  -1   0   0  -2   1   1   0   2   1   0   0  -1  -1   4   0   0    3   4   7   2   2   4   7   2   3   9  10  13   4   4   5   4   4   5   2   5  0.09 0.12
   19 G     1  -4  -4  -4   2  -3  -4   1   1   1   2  -4   2   0   0  -1  -1  -4   0   3   12   0   0   0   4   0   0  10   4   7  18   0   5   4   5   4   4   0   4  19  0.23 0.22
   20 Q     0   0   0   0   2   0   0  -1   1   0  -1   0   1   0  -2   0   0  -2   1   0    5   5   5   5   5   5   5   5   5   5   5   5   5   5   0   5   5   0   5   5  -0.00 0.07
   21 C    -1  -4  -2  -5   8  -4  -4  -2  -4   3  -1  -4   2  -1  -4  -1  -1  -4   0   1    3   0   3   0  36   0   0   3   0  17   4   0   6   3   0   3   3   0   4  10  0.81 0.42
   22 I     0  -4   0  -5  -4  -4  -5  -5  -5   6   0  -4   2   1  -4  -4   0  -4  -3   2    7   0   5   0   0   0   0   0   0  44   6   0   5   7   0   0   5   0   0  12  0.68 0.39
   23 K     0   0   0   0   2   1   0   0   2  -3  -1   0   1  -2   1   0   0   4   1  -3    6   6   5   6   5   5   6   6   5   0   6   6   5   0   6   6   6   5   5   0  0.08 0.17
   24 I     0   0   0  -2   2   0   0   0  -2   0   0   0   1   0   1   0   0  -2   1   0    6   6   5   0   5   5   6   6   0   6   6   6   5   5   6   6   6   0   5   6  0.00 0.09
   25 Y    -1   0   0   0   2   0  -2  -1   2   0  -1   0   1   0   0   0   0   3   1  -1    5   5   5   5   5   5   0   5   5   5   5   5   5   5   5   5   5   5   5   5  0.03 0.11
   26 K     0   1   1   1  -3   1   1   0   2   0  -1   0   1  -3   1   0   0  -3  -2  -2    7   7   7   7   0   7   7   7   6   7   7   7   6   0   7   7   7   0   0   0  0.09 0.10
   27 K     0   0   0  -2   2   0   0  -1   1   0  -1   0   1   0   0   0   0  -2   1   0    5   5   5   0   5   5   5   5   5   5   5   5   5   5   5   5   5   0   5   5  0.01 0.09
   28 K     0   0   1   0  -3   1  -1   0   2   0  -1   0   1   1   1   0   0  -2   1  -2    6   6   6   6   0   6   0   6   6   6   6   6   6   6   6   6   6   0   6   0  0.06 0.11
   29 V    -1   0   0   0   2   0  -1  -1   2   0  -1   0   2   0   0  -1   0   4   1  -1    5   5   5   5   5   5   5   5   5   5   5   5   5   5   5   5   5   5   5   5  0.03 0.09
   30 G     0   0   0  -2   2   1   0  -1   2   0  -1   0   1   0   1   0   0  -2   1   0    6   6   5   0   5   5   6   6   5   6   6   6   5   5   6   6   6   0   5   6  0.04 0.08
   31 K     0   0   0   0   2   0   0  -1   1   0  -1   0   1   0   0   0   0  -2   1   0    5   5   5   5   5   5   5   5   5   5   5   5   5   5   5   5   5   0   5   5  -0.00 0.06
   32 I     0   0  -2  -2   2   0  -2   0   2   0   0  -1  -1   1   1   0   0  -2   1   0    7   7   0   0   6   7   0   7   6   7   7   0   0   6   7   7   7   0   6   7  0.03 0.12
   33 G     0   0   1  -1  -5  -4  -4   6   2  -6  -6  -1  -5  -6   0  -1  -1  -6  -5  -5    6   4   7   4   0   0   0  55   4   0   1   4   0   0   5   4   4   0   0   0  1.03 0.54
   34 D    -2  -1   0   6   1   0  -1  -2   2  -2  -3   0   0  -1  -5  -1  -1  -5   0  -2    3   3   3  38   3   3   3   3   4   3   3   5   3   3   0   5   3   0   4   3  0.53 0.43
   35 T    -1   0   0   0   2   0   0  -1  -2   0  -1   0   1   0   0   0   0   3   1   0    5   5   5   5   5   5   5   5   0   5   5   5   5   5   5   5   5   5   5   5  0.05 0.08
   36 I    -1  -4   0  -5   3  -4  -1  -2  -5   5   1  -1   1   1  -1  -1  -3  -5  -4   3    4   0   4   0   5   0   4   4   0  28  10   4   4   6   4   4   0   0   0  17  0.43 0.29
   37 L     0   0   0   0  -3  -2  -2   0  -2   0   0   0   1   1   1   0   0   4   1   0    6   6   6   6   0   0   0   6   0   6   6   6   6   6   6   6   6   6   6   6  0.07 0.11
   38 I     2  -3   0  -1   2  -2  -2   1   0   0   0  -2   1   0   1   0   0  -3  -2   2   20   0   6   4   5   0   0   9   4   5   6   0   4   4   7   4   4   0   0  18  0.11 0.15
   39 S     1   0   0  -1   2   0  -1  -2  -2   0  -1   0   0   0  -2   2   1  -3  -2   1   13   4   4   4   5   5   0   0   0   5   4   4   4   5   0  20  11   0   0  11  0.12 0.16
   40 V    -1  -4  -4  -4   1  -3  -4  -2  -4   4   0  -4   2   0  -4  -3  -1  -4  -3   5    4   0   0   0   3   0   0   4   0  23   5   0   5   3   0   1   4   0   0  41  0.51 0.32
   41 K    -2   2  -1  -2  -1   1  -1  -2  -1   0  -2   6  -3  -1  -3  -1  -1  -4  -1  -1    2   8   2   2   2   5   3   2   2   6   4  49   0   2   0   3   3   0   2   3  0.54 0.35
   42 K     0   0   1   0  -2   1   0   0  -2   0   0   0   1  -2  -2   0   0   4  -2   0    6   6   6   6   0   6   6   6   0   6   6   6   6   0   0   6   6   6   0   6  0.04 0.11
   43 L     0   0  -2   0   2   0  -1   0   2   0   0   0   1   1  -3   0   0  -2   1   0    6   6   0   6   6   6   0   6   6   6   6   6   6   6   0   6   6   0   6   6  0.01 0.11
   44 R    -1   3   0  -1   1   1  -1  -2   1   0  -1   2   1  -1  -1  -1   0  -4   0   0    4  15   4   3   3   6   3   3   3   6   4  16   4   3   3   5   4   0   3   6  0.09 0.17
   45 L     0   0   0   0   2   0   0   0  -1   0  -1   0  -1   0   1   0   0  -2   1   0    6   6   5   6   5   5   6   6   0   6   6   6   0   5   6   6   6   0   5   6  0.00 0.06
   46 N     0   0   0   0   2   0   0   0   1   0  -1   0  -1   0   0   0   0  -2   1   0    5   5   5   5   5   5   5   5   5   5   5   5   0   5   5   5   5   0   5   5  0.00 0.06
   47 Q    -1   0   0  -3   2   0   0  -1   2   0  -1   0   1   0   0   0   0   3   1  -1    5   5   5   0   5   5   5   5   5   5   5   5   5   5   5   5   5   5   5   5  0.03 0.11
   48 K     0   0   0   0   2   0   0  -1  -2   0  -1   0   1   0   0   0   0  -2   1   0    5   5   5   5   5   5   5   5   0   5   5   5   5   5   5   5   5   0   5   5  -0.00 0.06
   49 K     0   0   0   0  -3   0   0   0   1   0  -1   0   1   0   0   0   0  -2   1   0    5   5   5   5   0   5   5   5   5   5   5   5   5   5   5   5   5   0   5   5  0.00 0.06
   50 K     0   0   0   0   2   0   0  -1   1   0  -1   0   1   0   0   0   0  -2   1   0    5   5   5   5   5   5   5   5   5   5   5   5   5   5   5   5   5   0   5   5  -0.00 0.06
   51 I     0   0   0   0   2   0   0  -1   1   0  -1   0   1   0   0   0   0  -2   1   0    5   5   5   5   5   5   5   5   5   5   5   5   5   5   5   5   5   0   5   5  -0.00 0.06
   52 K    -2   0   0  -2   1   0  -1  -2   1  -2  -2   4   0  -1   1  -1  -1   3  -1  -2    3   5   5   3   3   4   4   4   3   3   5  25   3   3   7   4   4   4   3   3  0.28 0.27
   53 I     0   0   0   0   2   0   0  -1  -2   0  -1   0   1   0   0   0   0  -2   1   0    5   5   5   5   5   5   5   5   0   5   5   5   5   5   5   5   5   0   5   5  -0.00 0.06
   54 V     0   0   0   0   2   0   0  -1   1   0  -1   0   1   0   0   0   0  -2   1   0    5   5   5   5   5   5   5   5   5   5   5   5   5   5   5   5   5   0   5   5  -0.00 0.06
   55 K    -1   0   0   0   2   0   0  -1   2   0  -1   0   1  -2   0   0   0   3   1  -1    5   5   5   5   5   5   5   5   5   5   5   5   5   0   5   5   5   5   5   5  0.03 0.11
   56 G     0   0   1   1  -2  -1   0   0   2  -2  -1   0  -1   1  -2   0   0  -2   1   0    7   7   7   7   0   0   7   7   6   0   7   7   0   6   0   7   7   0   6   7  0.02 0.09
   57 D    -1   1  -1   1  -3   3   2  -1   0  -1  -2   1   0  -3  -3   0  -1   3  -3   0    4   6   3   9   0  15  15   3   2   3   4   6   2   0   1   7   3   4   0   8  0.16 0.22
   58 L    -2  -1   0  -7   3  -7  -7  -7  -7   2   0   0   3   0  -1  -7  -1   3   1   4    4   4   4   0   6   0   0   0   0  11  10   6   6   3   4   0   5   3   4  24  0.52 0.34
   59 F    -1   0   0   0   2   0  -1  -1   2   0  -1   0   2   0   0  -1   0   4   1  -1    5   5   5   5   5   5   5   5   5   5   5   5   5   5   5   5   5   5   5   5  0.03 0.09
   60 K    -3   2   0  -1   1   0  -2  -2   3  -2  -3   3   2  -1   1   0  -1   2   1  -2    3  12   4   3   2   4   3   3   6   3   4  15   4   3   6   6   4   3   5   3  0.19 0.23
   61 A     0   0  -2   0   2  -2  -2   0  -2   0   0   0  -1   1   1   0   0   4  -1   0    7   7   0   7   6   0   0   7   0   7   7   7   0   6   7   7   7   6   0   7  0.04 0.12
   62 L     0   0  -2  -3   3   1  -2  -3   2   0   0  -2   2   1  -3   0   0   4   2   0    7   7   0   0   6   7   0   0   6   7   7   0   6   6   0   7   7   6   6   7  0.10 0.18
   63 I     0  -3  -3  -3   2  -2  -3  -3  -3   3   1  -2   2   1  -3  -1   0  -2  -1   3    6   0   0   0   5   0   1   1   0  21   8   1   6   9   0   6   5   0   0  23  0.17 0.15
   64 I     0  -2  -2  -2   3  -2  -2   0  -2   1   0  -2   2  -1   1   0   1  -2   1   1    8   0   0   0   8   0   0   8   0   8   8   0   8   0   8   8   8   0   8   8  0.07 0.12
   65 H    -1   5  -1   0   1   0   0  -1   2  -2  -2   0  -3  -1  -1   0  -1   2   0  -4    4  31   3   5   3   4   6   4   5   3   3   4   0   3   3   6   3   3   3   0  0.29 0.28
   66 T     0   0   0   0   2   0   0  -1   2   0  -1   0   1  -3   0   0   0   3  -2   0    5   5   5   5   5   5   5   5   5   5   5   5   5   0   5   5   5   5   0   5  0.04 0.12
   67 K     0   0   0  -2   2   0  -2   0   2   0  -1   0  -2   1   0   0   0   4   1   0    6   6   5   0   5   5   0   6   5   6   6   6   0   5   6   6   6   5   5   6  0.04 0.13
   68 Y    -1   0   0   0  -3   0   0  -1   1   0  -1   0   1   0   0   0   0   3   1  -1    5   5   5   5   0   5   5   5   5   5   5   5   5   5   5   5   5   5   5   5  0.02 0.09
   69 Q    -2  -1   0  -2   1   1   2  -1   2  -2  -3   1  -1  -1   3  -1  -2   2  -1  -2    3   4   4   3   2   5  14   5   4   3   3   8   2   3  14   6   3   2   2   3  0.19 0.25
   70 K    -3   0  -1  -3   0   1  -2  -2   2   2   0  -1   1   1  -2  -1   0   4   2   0    2   5   4   2   2   6   3   4   4  10   9   4   3   6   2   5   6   4   6   8  0.09 0.12
   71 T    -2   4   0  -2   0   1  -3   0   2  -2  -2   2   0  -1   0  -2  -2  -7  -2  -2    5  22   5   3   2   7   2   7   4   2   5  11   2   3   5   3   3   0   2   3  0.29 0.29
   72 S    -1   0   0   0   2   0   0  -3   2   0  -1   0  -2   0   0   0   0   3   1  -1    5   5   5   5   5   5   5   0   5   5   5   5   0   5   5   5   5   5   5   5  0.04 0.12
   73 T    -1   0   0   0   2   0  -1  -1   2   0  -1   0   2   0   0  -1   0   4   1  -1    5   5   5   5   5   5   5   5   5   5   5   5   5   5   5   5   5   5   5   5  0.03 0.09
   74 I    -1   0   0   0   2   0  -1  -1   2   0  -1   0   2   0   0  -1   0   4   1  -1    5   5   5   5   5   5   5   5   5   5   5   5   5   5   5   5   5   5   5   5  0.03 0.09
   75 G     0   0   0   0   2   1   0   0   2  -3  -3   0  -2   0   1   0   0   4   1  -1    6   6   5   6   5   5   6   6   5   0   0   6   0   5   6   6   6   5   5   6  0.08 0.16
   76 N    -1   0   0   0   2   0  -1  -1   2   0  -1   0   2   0   0  -1   0   4   1  -1    5   5   5   5   5   5   5   5   5   5   5   5   5   5   5   5   5   5   5   5  0.03 0.09
   77 M    -1   0   0   0   2   0  -1  -1   2   0  -1   0   2   0   0  -1   0   4   1  -1    5   5   5   5   5   5   5   5   5   5   5   5   5   5   5   5   5   5   5   5  0.03 0.09
   78 I     0  -2   0  -2   2   0   0   0   2   0   0  -2   1   1   1   0   0  -2   1   0    6   0   6   0   6   6   6   6   6   6   6   0   6   6   6   6   6   0   6   6  0.02 0.13
   79 K    -1   0   0   0   2   0   0  -3   2   0  -1   0   1   1  -3   0   0   3   1   0    5   5   5   5   5   5   5   0   5   5   5   5   5   5   0   5   5   5   5   5  0.05 0.14
   80 F     0   0   0  -3   2  -2  -2  -3   2   0   0   0   1   1  -3   0   0   4   1   0    6   6   6   0   6   0   0   0   6   6   6   6   6   6   0   6   6   6   6   6  0.08 0.16
   81 D    -2  -1   1   4   0   0   1  -1   1  -2  -2   1   0  -1   0  -1  -1  -4   0  -4    3   4   5  27   3   4   8   5   3   3   3   8   3   3   4   4   3   0   3   0  0.25 0.28
   82 K     0   0   0   0   2   0   0   0   2   0  -1   0  -1   0  -2   0   0  -2   1   0    6   6   5   6   5   5   6   6   5   6   6   6   0   5   0   6   6   0   5   6  0.00 0.07
   83 N    -1  -1   7  -3   2  -3  -4  -1   2  -1  -5  -3   1  -4  -5  -1   0   3   0  -4    4   4  47   0   4   0   0   4   4   4   1   0   4   0   0   5   5   4   4   0  0.85 0.56
   84 C     3  -1   1  -2   1   0  -1   1  -3  -1  -2  -1  -1  -2  -1   0   0   1   0  -2   27   3   8   2   3   4   4  10   0   3   2   2   2   2   2   6   6   2   3   2  0.14 0.22
   85 L     2  -2  -2  -4   2  -3  -2   0  -4   2  -1  -2   0  -2  -2  -1  -1   3  -3   3   20   2   2   0   5   0   3   8   0  10   3   2   2   2   2   5   2   4   0  22  0.24 0.29
   86 I     0  -2  -2   1   3  -1   0  -2  -2   1   0  -2   2   1  -2   0   1  -2  -1   1    8   0   0   8   8   0   8   1   0   8   8   0   8   8   0   8   8   0   0   8  0.04 0.11
   87 I     0  -2  -2  -2   3  -2  -2  -2  -2   1   1  -2   2  -2   2   0   1  -2  -2   1   10   0   0   0   9   0   1   1   0  10  10   1   9   0  10  10  10   0   0  10  0.10 0.10
   88 L     0  -2   1  -2   3  -1  -2  -2  -2   1   0   0   2   1  -2   0   1  -2   1   0    8   0   7   0   7   0   0   1   0   8   8   8   7   7   0   8   8   0   7   8  0.04 0.12
   89 N    -1   0   4   2  -3   0   0   0  -1  -2  -3   0  -3  -3   0   0   1  -4   0  -3    4   5  25  14   0   4   4   5   0   4   0   5   0   0   4   6   8   0   4   0  0.24 0.23
   90 N    -1   1   1   2  -3   1   1  -1   1  -2  -2   2  -2  -3   2   0   0  -4  -3  -1    5   6   9  14   0   4   6   2   3   2   5  13   0   0  11   5   4   0   0   4  0.16 0.16
   91 Q    -2   1   2   1  -4   2   1  -1   1  -2  -2   3  -1  -2  -2   0  -1  -4  -1  -3    2   6   9   8   0   8   8   4   3   3   4  25   1   2   2   5   3   0   2   0  0.20 0.24
   92 N    -2   1   2  -2  -1  -1   0   5  -1  -3  -3   1  -1  -2  -4  -1  -2  -4  -2  -3    1   7   8   2   1   1   6  39   1   2   3  10   2   2   0   2   3   0   1   2  0.41 0.36
   93 K     0   0   1   0  -3   1   0   0   2   0  -1   0   1  -2  -2   0   0  -2   1   0    6   6   6   6   0   6   6   6   6   6   6   6   6   0   0   6   6   0   6   6  0.02 0.09
   94 P    -1  -4  -1  -3  -4  -1  -1  -2  -3   0  -1  -3   3   0   6  -1  -1   2   0  -1    4   0   3   0   0   3   4   3   0   5   6   0   8   4  35   4   3   3   3   4  0.55 0.42
   95 L    -1   1  -1  -2  -3   0  -2  -2  -2   2   1   2   1   1  -1  -1  -1  -3   0   0    3   9   2   2   0   4   0   2   0  12  16  17   3   8   2   3   2   0   2   7  0.08 0.18
   96 A    -1  -2  -2  -2   0  -2  -2   6  -4  -2  -4  -4  -4   0  -1  -1  -2  -4  -4  -1    5   2   2   2   2   2   2  56   0   2   0   0   0   5   3   3   2   0   0   5  0.76 0.51
   97 T     0   1   1  -2  -2   1  -1   0  -1   0  -2   1  -1   1   1   0   0  -2   1  -1    8   8   7   0   0   7   0   8   0   8   1   8   0   7   8   8   8   0   7   0  0.06 0.12
   98 R     2   2  -1  -1  -3   1   0  -1   2  -1  -2   0   2  -3   1  -1  -1  -3   1  -1   18  15   3   3   0   5   5   3   5   3   3   5   6   0   6   3   3   0   5   3  0.10 0.19
   99 I     0  -3  -2  -3   3  -2  -3   0  -2   1   0  -2   2   1  -3   0   1  -2   2   1    8   0   0   0   8   0   0   8   0   8   8   0   8   8   0   8   8   0   8   8  0.08 0.13
  100 F     0   0   0  -3   2   0  -2  -1   2   0  -1   0   1   1   1   0   0  -3   1   0    6   6   6   0   6   6   0   6   6   6   6   6   6   6   6   6   6   0   6   6  0.02 0.13
  101 G    -1  -1  -1  -1   1  -3  -1   5   0  -1  -4  -1   0  -4  -1   0  -1  -4   0   0    4   3   3   3   4   0   3  39   3   3   0   3   3   0   3   5   4   0   4   8  0.37 0.35
  102 P     0   0   0  -2   2  -1   0   0   2   0  -1   0   1   0   1   0   0  -2   1   0    6   6   5   0   5   0   6   6   5   6   6   6   5   5   6   6   6   0   5   6  0.00 0.10
  103 I     0  -4  -3  -1   1  -3  -3  -1  -3   3   0  -3   2   0  -1  -1   0  -3   0   3    8   0   0   4   3   0   0   4   0  20   7   0   5   4   4   4   7   0   4  18  0.19 0.23
  104 T     2  -2  -1  -2   1  -3  -2   0  -1  -1  -1  -3   0  -1   4   0   0  -4  -1  -1   18   2   2   2   3   0   2   8   2   5   5   0   2   4  23   6   6   0   2   3  0.27 0.27
  105 S    -1   4  -1  -3  -4   0  -1  -3   3  -1  -2   3   0  -1  -2  -1  -1   1   2  -1    6  23   3   0   0   3   4   2   6   3   3  17   3   2   1   5   2   2   6   4  0.27 0.31
  106 E    -3  -2  -1   0  -1   0   6  -4   0  -2  -1   0  -1  -2  -2  -2  -3  -1  -1  -3    2   1   2   5   2   3  49   2   2   3   7   5   2   2   2   3   2   1   2   2  0.69 0.56
  107 F    -2  -3  -6  -6   3  -2  -5  -6  -5   2   5  -3   2   2  -3  -3  -2   1  -4   0    4   1   0   0   6   2   0   0   0   9  48   2   3   7   2   1   2   2   0   7  0.68 0.47
  108 R    -1   7  -1  -3  -1  -1  -1  -3  -2  -2  -4   2  -2  -5  -2  -2  -2  -6  -3  -2    6  50   2   2   1   2   3   2   1   3   1  11   1   0   2   2   2   0   1   4  0.88 0.60
  109 K    -1   1   1   2  -5   2   1  -2   3  -2  -2   2  -1  -2  -4  -1  -1  -1   1  -2    6   7   5  10   0   9  10   2   6   2   4  15   2   2   0   3   3   1   5   2  0.19 0.24
  110 Q    -1   1  -1  -3  -3  -2   0  -2  -2  -3   1   5  -1  -1  -1   0  -1   2   1  -4    4   6   3   1   1   1   6   3   1   1  13  31   2   2   2   8   3   3   4   1  0.32 0.36
  111 K    -3   3   3   0  -1   0  -2   2   0  -5  -4   4  -4  -3  -4  -2  -2   0  -2  -4    2  13  13   5   1   4   2  14   2   0   1  27   0   1   0   2   2   1   2   1  0.51 0.41
  112 N    -4  -4  -1  -4  -1  -2  -4  -4   4  -2  -1  -2   0   6  -3  -3  -3   8   5  -5    1   1   4   1   1   2   1   2   8   3   6   2   2  27   1   2   2  15  15   0  1.03 0.65
  113 F     0  -2  -1  -2  -2  -1  -3  -2  -2   1   0  -2   4  -1   2   1   2  -5  -2   0    7   2   3   2   1   3   1   4   1   9  10   1  10   3  11  11  13   0   1   5  0.16 0.25
  114 K    -4   2  -2  -4  -8  -1  -3  -5  -6  -7  -7   8  -2  -4  -4  -4  -4  -8  -7  -7    2  11   2   1   0   2   2   1   0   0   0  74   1   1   1   1   1   0   0   0  1.99 1.03
  115 I    -3  -7  -4  -7  -2  -4  -7  -8  -7   7   2  -7  -1  -2  -7  -6  -3  -7  -6   3    2   0   1   0   1   1   0   0   0  53  18   0   1   1   0   0   2   0   0  19  1.46 0.73
  116 L     2  -3  -3  -5  -1  -4  -5  -1  -3   2   3  -3   1   0  -5  -2  -2  -5  -1   3   16   2   2   0   1   0   0   5   1  12  27   2   3   3   0   3   2   0   2  20  0.42 0.33
  117 S     2  -4  -1  -4  -3  -2  -5  -4  -6  -5  -2   0  -2  -2  -6   6   0  -7  -6  -1   14   1   3   1   0   2   0   1   0   1   4   5   1   2   0  59   4   0   0   4  1.09 0.74
  118 L    -2  -3  -2  -7  -3  -3  -6  -7  -2   4   5  -4   3  -2  -7  -4  -3  -6  -3  -2    3   2   3   0   0   1   0   0   1  23  54   1   6   1   0   1   2   0   1   1  1.07 0.61
  119 A     6  -6  -3  -4   0  -5  -5  -2  -6  -6  -3  -5  -5  -6  -2   2  -1  -7  -4  -3   67   0   1   1   2   0   0   2   0   0   3   0   0   0   2  16   4   0   1   1  1.31 0.75
  120 S    -1   0   2  -2  -5   0   0  -1  -4  -4  -3   1  -4  -3   5   3   1  -6  -3  -3    4   4   9   2   0   3   6   4   0   0   3   7   0   1  26  20   9   0   1   1  0.55 0.39
  121 N    -1   2   1  -2  -3   1   3  -1   2  -1  -3   2   0  -1  -4   0   0  -4   1  -2    4  10   6   1   1   5  20   3   6   4   2  14   2   3   0   7   4   0   5   3  0.24 0.23
  122 I    -3  -6  -7  -7  -2  -6  -6  -7  -6   5   1  -6  -1   4  -6  -5  -2  -5   0   5    1   0   0   0   1   0   0   0   0  36   9   0   1  17   0   0   2   0   2  32  1.14 0.56
  123 L    -4  -6  -7  -7  -5  -6  -7  -7  -7   5   3  -6  -2   2  -6  -6  -4  -6  -4   5    0   0   0   0   0   0   0   0   0  29  25   0   0   7   0   0   0   0   0  39  1.24 0.56

                      K         Lambda
Standard Ungapped    0.1394     0.3219
Standard Gapped      0.0518     0.2670
PSI Ungapped         0.1692     0.3183
PSI Gapped           0.0518     0.2670
