
Last position-specific scoring matrix computed, weighted observed percentages rounded down, information per position, and relative weight of gapless real matches to pseudocounts
            A   R   N   D   C   Q   E   G   H   I   L   K   M   F   P   S   T   W   Y   V   A   R   N   D   C   Q   E   G   H   I   L   K   M   F   P   S   T   W   Y   V
    1 M    -4  -5  -6  -6  -4  -5  -6  -7  -6   5   3  -5   5  -3  -6  -5  -4  -5  -4   3    0   0   0   0   0   0   0   0   0  34  31   0  13   0   0   0   0   0   0  22  1.19 0.51
    2 I    -2  -6  -7  -7  -3  -6  -6  -7  -7   6  -1  -6   1  -4  -6  -5  -3  -6  -5   6    2   0   0   0   0   0   0   0   0  38   3   0   2   0   0   0   0   0   0  53  1.57 0.65
    3 A     2  -5  -5  -5  -3  -4  -5  -1  -5   4   1  -5   0  -3  -2  -3  -1  -5  -3   5   15   0   0   0   0   0   0   5   0  21  11   0   2   1   2   1   2   0   1  39  0.72 0.41
    4 P    -5  -7  -7  -7  -8  -6  -6  -7  -7  -5  -6  -6  -5  -5   9  -6  -6  -9  -8  -6    0   0   0   0   0   0   0   0   0   1   1   0   0   1  97   0   0   0   0   0  3.35 1.20
    5 I    -5  -5  -7  -7  -5  -6  -7  -7  -7   2   6  -6   2  -2  -7  -6  -4  -6  -5   1    0   0   0   0   0   0   0   0   0  11  73   0   4   1   0   0   1   0   0  10  1.52 0.66
    6 V    -4  -7  -7  -7  -5  -6  -7  -7  -7   6   0  -6   0  -4  -7  -6  -3  -7  -5   6    0   0   0   0   0   0   0   0   0  39   5   0   1   0   0   0   1   0   0  53  1.70 0.71
    7 F    -2  -6  -7  -7  -3  -6  -7  -6  -5   1   1  -6   3   8  -6  -4  -3  -4  -2   1    4   0   0   0   1   0   0   0   0   7  13   0   7  55   0   1   2   0   0  11  1.44 0.64
    8 C     2  -5  -4  -5   5  -4  -4  -1  -4  -1  -1  -4  -3   4  -2   2   2  -4  -3   1   15   0   0   0  11   0   0   4   0   2   6   0   0  21   2  17  12   0   0  11  0.53 0.38
    9 T     2  -5  -2  -4  -2  -3  -4  -3  -5  -3  -3  -4  -2  -6  -5   6   3  -6  -5  -2   15   0   2   0   1   1   0   1   0   1   3   0   1   0   0  54  18   0   0   3  1.10 0.65
   10 I    -5  -6  -7  -7  -5  -6  -7  -7  -7   6   4  -6   2  -4  -6  -6  -4  -6  -5   3    0   0   0   0   0   0   0   0   0  40  37   0   5   0   0   0   0   0   0  18  1.38 0.62
   11 V     0  -6  -6  -6  -3  -5  -6  -6  -6   5   0  -5   1  -1  -5  -2   1  -6  -4   5    8   0   0   0   0   0   0   0   0  34   5   0   2   2   0   2   8   0   0  36  1.01 0.52
   12 S     1  -1  -1  -2   2  -1  -2  -2   0  -1   1  -2   0  -3  -3   3   2  -3  -2   1   10   3   3   1   5   2   1   2   3   2  12   2   3   0   0  24  13   0   1  13  0.24 0.25
   13 G     2  -6  -4  -5  -1  -5  -6   6  -6  -7  -6  -5  -6  -5  -6   1  -2  -6  -6  -5   18   0   0   0   1   0   0  67   0   0   0   0   0   0   0   9   2   0   0   0  1.64 0.74
   14 I    -1  -6  -6  -6  -4  -6  -6  -6  -6   6   1  -6   2  -1  -6  -3  -1  -6  -4   4    5   0   0   0   0   0   0   0   0  41  10   0   4   2   0   1   3   0   0  33  1.16 0.56
   15 N     4  -4  -2  -4   2  -2  -4   0  -4  -1  -1  -4   0  -2  -4   1   1  -5  -2   0   40   0   2   0   5   2   0   7   0   4   5   0   3   1   0  12  11   0   1   7  0.51 0.39
   16 S     0   1   2  -1  -5   1  -1   3  -1  -6  -6   0  -5  -6  -4   4  -1  -6  -4  -5    8   7  11   2   0   7   3  20   2   0   0   5   0   0   0  32   3   0   0   0  0.60 0.42
   17 I    -1  -5  -3  -5  -4  -2  -4  -4   0   3   4  -5   5   0  -5  -2  -2  -5  -4   1    5   0   2   0   0   1   1   2   2  15  40   0  14   4   0   3   3   0   0   8  0.70 0.41
   18 S     0   1   0  -1  -4   0   0   4  -1  -4  -4   1  -4  -3  -2   1  -1  -4  -4  -3    6   8   4   4   0   3   6  38   1   1   1   8   0   1   2  11   4   0   0   1  0.50 0.31
   19 D    -2  -3   3   6  -4  -2   1   0  -2  -5  -6  -1  -5  -5  -2   2  -2  -6  -5  -5    3   1  12  44   0   1   7   7   1   1   0   3   0   1   2  15   2   0   0   0  0.96 0.52
   20 S     1  -1  -2  -2  -3  -1  -2   0  -1   1   2  -2   2  -1   2   0   0  -3  -2   1   10   2   1   1   0   2   2   6   2  10  21   2   7   2   9   8   6   0   1   9  0.15 0.16
   21 R     1   4   0  -1  -5   0   0   1  -2  -5  -4   4  -3  -5  -3   2  -1  -5  -4  -4   10  20   4   4   0   3   4   9   1   0   1  26   0   0   1  14   3   0   0   1  0.54 0.37
   22 E     1   2   0   0  -4   2   0   0   0  -3  -3   3  -2  -3  -3   1   1  -5  -3  -2   11  11   4   5   0  10   5   5   2   1   2  21   1   1   0   9   9   0   0   2  0.31 0.26
   23 V     0  -4  -4  -6  -3  -5  -5  -4  -4   1   4  -5   3   2  -5  -1  -2  -4  -3   2    6   1   1   0   0   0   0   1   0   5  47   0   6   8   0   5   2   0   0  16  0.71 0.42
   24 G    -1   1  -4  -5  -6  -3  -5   6  -4  -7  -5   2  -6  -5  -6  -1  -3  -4  -5  -6    4   7   0   0   0   1   0  68   0   0   1  11   0   0   0   4   1   0   0   0  1.49 0.69
   25 R    -2   7  -2  -4  -7  -1  -4  -3  -2  -6  -4   4  -4  -7  -4   0  -1  -3  -6  -5    3  56   1   0   0   2   0   2   1   0   1  20   0   0   1   7   3   0   0   1  1.38 0.68
   26 T    -3  -5  -5  -5  -3  -5  -5  -7  -5   5   3  -5   4  -2  -5  -4  -1  -4  -3   3    1   0   0   0   0   0   0   0   0  36  27   0  10   1   0   1   3   0   0  19  1.03 0.51
   27 L     2  -6  -5  -5  -6  -5  -6   6  -6  -5  -3  -5  -3  -2  -6  -1  -3   0  -6  -3   18   0   0   0   0   0   0  66   0   1   3   0   1   2   0   5   2   2   0   2  1.48 0.69
   28 V     1  -1  -3  -4  -3  -3  -4   3  -3   1   1  -2   0   1  -4   0   0   1  -2   1   11   4   0   0   0   0   0  24   0  10  17   2   2   6   0   5   5   2   0  10  0.26 0.23
   29 K    -4   5  -4  -5  -5  -1  -3  -2  -2  -2  -2   6  -3  -3  -5  -2  -3   2   0  -3    1  27   0   0   0   1   0   4   1   3   4  48   1   1   0   2   1   3   3   1  1.12 0.60
   30 S     3  -5  -4  -5  -2  -4  -4  -3  -5   0  -1  -4   0  -2  -5   2   5  -6  -5   0   25   0   0   0   1   0   0   1   0   5   5   0   2   2   0  13  40   0   0   6  0.86 0.55
   31 M    -2  -5  -6  -6  -3  -5  -6  -3  -6   4   3  -5   4   3  -6  -4  -3  -2  -3   2    4   0   0   0   1   0   0   2   0  22  32   0  10  13   0   0   1   0   0  14  0.85 0.45
   32 T     2  -4  -4  -4  -1  -3  -4   2  -4   2   2  -3   0   1  -3  -1  -1  -1  -2   2   16   0   0   0   1   0   0  18   0  11  20   1   2   6   1   5   4   1   0  14  0.31 0.26
   33 L    -4  -6  -6  -7  -3  -6  -6  -5  -3   0   1  -6  -1   4  -7  -4  -3   6   7   0    1   0   0   0   1   0   0   1   0   5  14   0   1  17   0   1   2   9  42   6  1.44 0.68
   34 F    -5  -7  -6  -8  -3  -7  -7  -7  -4  -2  -2  -7  -1   7  -8  -4  -3   1   7  -3    1   0   0   0   0   0   0   0   0   2   4   0   1  44   0   1   2   1  40   2  2.02 0.85
   35 Y     0  -4  -5  -4  -2  -3   1  -2  -3   2   3  -4   3   2  -5  -2  -1   1  -1   2    7   0   0   0   0   1  11   3   0  12  30   0   7   9   0   2   3   2   1  13  0.42 0.31
   36 L     1  -5  -4  -5   1  -4  -5   0  -5   3   2  -4   1   2  -4  -1   0  -4  -3   3   10   0   0   0   3   0   0   7   0  15  21   0   3   9   0   6   6   0   0  19  0.41 0.30
   37 L    -1  -5  -2  -5  -2  -4  -5  -5  -3  -1  -1  -4   2  -2  -4   1   6  -6  -5   1    6   0   2   0   1   0   0   1   1   3   6   1   5   2   0   9  57   0   0   8  1.12 0.65
   38 T    -1  -5  -2  -4  -3  -5  -4  -2  -6  -3  -3  -4   1  -4  -5   3   7  -6  -3  -3    3   0   2   0   0   0   0   4   0   1   3   0   4   1   0  21  58   0   1   1  1.33 0.74
   39 V     2  -5  -5  -5   0  -3  -5  -2  -5   2   2  -5   0   2  -5  -1   3  -5  -3   2   19   0   0   0   2   1   0   3   0  12  21   0   2  10   0   3  16   0   0  12  0.49 0.35
   40 L     0  -6  -6  -6   1  -5  -6  -3  -3   5   3  -5   1   2  -4  -3  -1  -5  -2   3    8   0   0   0   3   0   0   2   1  29  24   0   3   8   0   1   3   0   1  16  0.73 0.40
   41 A     7  -7  -5  -7  -2  -6  -6  -2  -7  -2  -5  -6  -4  -7  -6   2  -3  -8  -7  -3   76   0   1   0   1   0   0   3   0   2   1   0   0   0   0  14   1   0   0   1  1.78 0.89
   42 L     2  -5  -4  -6   0  -4  -5  -2  -6   4   2  -5   0  -3  -6  -1   0  -6  -5   4   15   0   0   0   2   0   0   3   0  23  17   0   2   0   0   5   6   0   0  27  0.69 0.42
   43 L     1  -5  -5  -6   1  -5  -5  -1  -5   3   2  -5   0   1  -4   0   2  -2  -3   2   11   0   0   0   3   0   0   6   0  17  18   0   2   7   0   7  11   0   0  17  0.45 0.32
   44 A    -3  -7  -5  -7  -2  -6  -6  -4  -3   6   3  -7   0   1  -7  -4   0   1  -5   2    2   0   0   0   1   0   0   1   1  39  25   0   2   5   0   2   6   2   0  14  1.06 0.54
   45 G     2  -8  -7  -7  -8  -8  -8   7  -8  -9  -9  -7  -2  -4  -8  -1  -2  -9  -9  -8   15   0   0   0   0   0   0  75   0   0   0   0   1   1   0   5   2   0   0   0  2.12 0.98
   46 L    -2  -7  -8  -8  -3  -4  -7  -5  -7   4   5  -7   3   0  -5  -5  -3  -1  -1   1    4   0   0   0   1   1   0   1   0  21  49   0   6   4   1   1   2   1   2   9  1.12 0.59
   47 I     2  -6  -5  -6  -1  -4  -6   1  -6   3   2  -5   0   2  -4  -2   1  -2  -3   2   15   0   0   0   1   0   0  11   0  16  17   0   2   9   0   3   8   1   0  16  0.48 0.35
   48 A     1  -6  -7  -7  -1  -6  -7  -3  -7   2   3  -6   3   1  -4  -4  -2   1  -3   3   11   0   0   0   1   0   0   2   0  11  31   0   7   7   1   1   2   2   1  23  0.78 0.48
   49 V     4  -6  -3  -5  -3  -5  -6   2  -6  -1  -3  -6   1  -2  -4   0  -1  -2  -3   4   33   0   1   1   1   0   0  13   0   3   2   0   3   2   1   8   3   1   1  28  0.77 0.52
   50 S     0  -2   6  -2  -5  -1  -2  -2   0  -2   1  -1  -1   0  -3   0  -1  -2   1  -1    7   2  34   1   0   3   2   2   2   3  12   3   1   4   2   8   4   1   5   5  0.50 0.39
   51 L    -1  -6  -5  -6  -5  -4  -5  -5  -6   4   4  -6  -1   1  -1  -3   0   2  -2   2    6   0   1   0   0   1   1   1   0  20  34   0   1   6   3   2   6   3   1  14  0.69 0.44
   52 I    -3  -7  -7  -7  -3  -5  -5  -6  -6   5   2  -7   2   5  -2  -4  -2  -1  -2   2    2   0   0   0   1   1   1   1   0  29  19   0   5  22   2   1   3   1   1  12  1.02 0.56
   53 Q    -2   2   2  -2  -6   4   0  -1   4  -4  -2   3  -5  -1  -1  -2  -2  -6  -1  -5    4  10  10   2   0  18   6   4   8   1   4  17   0   3   4   2   3   0   2   0  0.51 0.41
   54 P    -3  -7  -2  -3  -8  -4  -7  -7  -7  -1  -3  -7  -3  -2   8  -3  -4  -2  -3  -2    3   0   2   2   0   1   0   0   0   4   3   0   1   2  73   2   1   1   1   4  2.20 1.16
   55 G    -3  -4  -6  -3  -7  -4  -7   7  -2  -5  -5  -7  -7  -8  -4  -2  -4   1  -8  -4    2   1   0   2   0   1   0  81   1   1   1   0   0   0   1   3   1   2   0   1  2.18 1.09
   56 V     1   1   0   0  -3   0   0  -2   1   0  -1   2   0  -2  -2   0   0  -1  -1   1   14   7   5   6   0   4   6   3   4   4   6  11   2   1   1   8   6   1   2  11  0.10 0.13
   57 G     0  -1   0  -2  -6  -3  -2   6   0  -2  -4  -3  -1   0  -2  -1  -3   0   0  -3    6   4   5   2   0   1   2  48   3   2   2   2   1   4   2   6   2   2   4   3  0.79 0.51
   58 M     0  -2  -2  -2  -2  -2  -2  -2  -2   2   2  -3   3   2  -3  -1  -1  -1  -1   2    8   2   2   3   1   2   2   4   1  14  18   1   7   8   1   5   2   1   2  17  0.27 0.22
   59 H    -1  -2   3   3  -5   0   0   0   2  -2  -3  -1  -2  -3   2   1   0  -2  -2  -1    5   2  12  17   0   4   6   7   4   2   3   3   1   1   9  12   5   1   2   4  0.26 0.26
   60 V     0  -2  -2  -1  -1   0  -1  -2  -2   2   2  -2   2   1   1   0  -1   0  -1   0    8   2   1   3   1   4   4   3   1  11  24   2   5   6   6   6   4   1   1   7  0.15 0.16
   61 S     1  -1   0   2  -4   1   1   0  -1  -2  -2  -1  -1  -2   1   2   1  -2  -2  -2   11   3   4  11   0   6   9   6   1   2   4   4   2   1   8  15   8   1   1   2  0.17 0.20
   62 V     0  -1   0  -1   0   0   0   0   0   0   0   0   0  -1   2   0   0   1   0   0   10   3   4   4   2   4   6   7   3   5  11   5   3   3   9   6   7   2   2   7  0.04 0.04
   63 N     1   0   0   0   0   0   0   0   1  -1  -1   0   0   0   0   1   0  -3  -1   0   13   5   5   4   2   5   7   6   5   3   6   5   3   4   4   8   7   0   2   6  0.04 0.06
   64 T    -1   0   0   0  -3   0   0  -1   2   0  -1   0   1   0   0   0   0   3   1   0    5   5   5   5   0   5   5   5   5   5   5   5   5   5   5   5   5   5   5   5  0.06 0.08
   65 L     1  -1  -1   0  -1   0   0  -1   0   0   1   0   0  -1   0   0   0  -1   0   0   12   3   3   5   1   5   7   5   2   6  17   4   2   3   4   6   5   1   3   6  0.02 0.05
   66 D     1  -1   0   3  -3   0   1   0   0  -1  -1   0  -1  -1   0   1   0  -3  -1  -1   10   2   5  16   0   4  10   7   2   3   6   4   2   2   5   8   6   0   2   4  0.12 0.12
   67 P     1   0   0   0  -2   1   0   0   0  -1  -1   0   0  -1   1   0   1  -1  -1   0   13   3   5   5   0   6   6   7   2   4   6   5   3   2   8   7  10   1   2   5  0.07 0.08
   68 S     1  -1   0   0  -1   1   0   0   0   0  -1   0  -1  -1   0   1   0  -2   0   0   11   3   4   6   1   6   7   7   3   6   5   6   2   3   5  12   6   0   3   6  0.05 0.06
   69 V     1  -1   0   0  -2   0   0   0   0   0  -1   0   0  -2  -1   1   1  -3  -1   1   16   2   4   6   0   4   7   7   2   5   6   5   3   1   3   9   7   0   1  10  0.07 0.10
   70 A     1  -2   0   0  -2   0   0   0  -1   0  -1   0  -1  -1   0   1   0  -3  -1   1   17   1   4   4   1   4   6   8   2   6   6   4   1   2   5   9   5   0   3  12  0.06 0.10
   71 A     2  -2   0   0  -2   1   1   0  -2  -1  -2   0  -1  -2   0   1   0  -2  -2   0   22   2   4   5   1   7   8   6   1   3   4   5   2   1   5  11   6   1   1   6  0.14 0.18
   72 K     2  -1   0   0  -3   1   2   0  -1  -1  -2   1  -1  -2   0   1   0  -4  -1  -1   16   2   5   6   0   6  13   6   1   3   3   8   1   2   5   9   6   0   2   5  0.13 0.16
   73 F     0   0   0   0  -2   0   0   0   0   0  -1   0  -1   0   1   0   0  -2   2   0   10   4   5   5   0   4   6   6   2   5   5   5   2   4   6   6   7   0   8   6  0.04 0.06
   74 T     2  -1  -1  -1  -3   1   0  -1  -1   0  -1  -1  -1   0   0   0   1  -3  -1   1   17   2   2   3   0   6   7   5   1   5   5   4   1   4   4   7  11   0   2  13  0.09 0.14
   75 K     1   0   1   0  -1   1   1   1   0  -1  -2   1  -1  -2   0   0   0  -3  -1  -1   14   4   5   6   2   7  11   9   2   3   4   8   1   1   4   8   5   0   1   3  0.10 0.12
   76 Q     1  -1   0   0  -1   1   1   0  -1  -1  -1   1  -1  -2   1   0   0  -4  -3  -1   14   3   4   4   1   8  10   7   1   4   5   8   2   2   5   8   7   0   0   5  0.09 0.13
   77 A     2   0   0  -1  -3   0   0   1   0  -1  -1   0  -1  -2   1   1   1   1  -1  -1   17   5   5   2   0   4   5  10   2   3   4   5   2   2   7  11   7   2   2   5  0.10 0.13
   78 G     0  -1   0   0  -1   1   2   1   1  -1  -1   0  -1  -2   0   1   0  -3  -1  -1    8   2   3   4   1   6  14  11   4   4   4   7   2   2   4   9   7   0   2   5  0.09 0.12
   79 A     1  -1   0   0  -3   1   0   0   1   0  -1   0   0  -1   1   1   0   1  -1   0   11   2   3   6   0   6   7   7   4   5   6   4   3   2   8   9   6   2   2   6  0.06 0.08
   80 S    -1  -1  -1   1  -3   0   0   0   0   0  -1   0   1   0   3   0   0   1  -1   0    5   3   3   8   0   5   5   8   3   5   5   6   5   5  14   6   6   2   2   6  0.11 0.13
   81 G     0   0   0   0  -2   1   0   0   1   0  -1   0   1   0   1   0   0  -2   1   0    6   6   5   6   0   5   6   6   5   6   6   6   5   5   6   6   6   0   5   6  0.03 0.06
   82 F    -3  -5  -5  -5  -4  -4  -4  -4  -4   3   3  -5   1   4   0  -4   0   4  -1   2    2   0   0   1   0   0   1   1   0  15  25   0   4  20   6   0   5   6   1  12  0.64 0.36
   83 A     0  -1  -1  -2  -3  -1  -2  -1  -2   1   2   0   1   0   0   0   1   2  -1   1    7   3   2   1   0   2   2   5   1   8  19   5   3   3   5   9   8   3   1  13  0.09 0.11
   84 D    -1  -2   1   5  -6   2   3   0  -1  -5  -5  -1  -5  -5  -3   1  -1  -6  -5  -5    5   1   6  38   0   9  16   6   2   0   1   4   0   0   1   8   3   0   0   1  0.80 0.45
   85 F    -2  -2  -3  -4  -4  -1  -3  -4  -3   2   1  -3   2   4  -3  -2   2   1   0   1    3   2   1   1   0   3   1   1   1  11  15   1   5  22   1   2  16   2   2  12  0.42 0.29
   86 M    -3  -5  -5  -6  -4  -4  -6  -4  -6   5   4  -5   1   3  -5  -4  -3  -3  -3   2    2   0   0   0   0   1   0   1   0  29  38   0   2  13   0   1   1   0   0  10  0.94 0.47
   87 L    -1   1  -2  -2  -3  -1  -1  -3  -3   1   3  -1   2  -2  -4  -2   0  -3  -2   2    3  10   2   2   0   2   4   1   0   8  31   2   6   1   0   2   7   0   1  17  0.30 0.24
   88 H    -2   0   5   2  -5   0   0   2   4  -5  -5  -1  -2  -5  -4   1  -1  -6  -4  -5    3   5  29  12   0   4   4  14   9   0   1   3   1   0   1  12   3   0   0   0  0.65 0.39
   89 I    -2  -5  -3  -6  -4  -4  -5  -5  -5   5   3  -4   5   2  -5  -4  -2   0  -3   1    3   0   1   0   0   1   0   0   0  34  25   1  15   8   0   1   2   1   0   6  0.92 0.46
   90 I    -4  -5  -6  -6  -4  -6  -6  -7  -6   6   0  -6   0   4  -5  -5  -4  -4  -3   4    1   0   0   0   0   0   0   0   0  38   7   0   2  19   1   1   0   0   0  31  1.27 0.57
   91 P    -5  -5  -6  -6  -7  -5  -6  -6  -7  -6  -4  -5  -7  -5   9  -2  -4  -8  -7  -6    1   0   0   0   0   0   0   1   0   0   2   1   0   1  90   3   1   0   0   0  2.95 1.12
   92 H     0   0   1   2  -4   0   1  -1  -1  -3  -3   1  -2  -4   0   2   2  -5  -4  -1    6   4   6  11   0   4  11   3   2   1   2   9   1   0   5  18  14   0   0   3  0.27 0.23
   93 S    -5  -5   8  -1  -6  -4  -5  -4  -3  -7  -6  -5  -5  -7  -6   2   1  -7  -5  -6    0   0  74   2   0   0   0   0   0   0   1   0   0   0   0  12   7   0   0   0  2.15 0.91
   94 F    -2  -5  -6  -6  -5  -5  -5  -6  -6   4   1  -5   0   2   5  -4  -4  -2  -3   2    2   0   0   0   0   0   0   0   0  27  15   0   2   9  29   0   0   1   0  13  0.99 0.50
   95 F    -1  -5  -6  -6  -4  -5  -5  -4  -5   4   1  -5   0   5  -5  -4  -3  -3  -2   4    4   0   0   0   0   0   0   1   0  23  10   0   2  28   0   1   1   0   0  27  0.99 0.48
   96 G     2   0   0   2  -4   2   2   1  -1  -4  -3   1  -2  -4  -3   1  -1  -5  -2  -3   18   4   4  10   0  12  14  12   1   0   2   9   1   0   0   9   3   0   1   1  0.32 0.25
   97 A     6  -5  -4  -3  -3  -4  -3  -3  -3  -4  -4  -4  -3  -5   1   3  -2  -6  -3  -3   63   0   0   1   0   0   1   1   0   0   2   0   0   0   7  19   1   0   1   1  1.23 0.66
   98 F     1  -5  -6  -6   0  -5  -5  -5  -5   0   2  -5   6   5  -6  -4  -3  -1  -2  -1   15   0   0   0   2   0   0   1   0   4  22   0  22  27   0   1   1   1   1   4  1.00 0.52
   99 A     5  -4  -3  -3  -3  -2  -3  -2  -4  -2  -1  -4  -1  -1  -4   2   1  -5  -3   2   44   0   1   1   0   1   1   2   0   2   4   0   1   2   0  13   9   0   1  16  0.65 0.44
  100 D    -2   0   3   2  -5   2   3  -1   1  -5  -5   1  -4  -6  -3   1   0  -6  -4  -4    2   5  15  13   0   8  23   5   3   0   0   8   0   0   1  12   5   0   0   1  0.54 0.36
  101 G    -1  -3   3  -2  -6  -2  -4   6  -3  -5  -4  -3   2  -3  -4  -1  -1  -6  -5  -5    5   1  15   2   0   2   1  53   0   0   1   1   6   1   1   5   4   0   0   0  1.05 0.54
  102 E    -2  -2   6   4  -6   2   2  -3  -1  -6  -6   0  -3  -6  -3   0  -3  -7  -4  -5    3   1  38  19   0   8  13   1   1   0   0   5   1   0   1   7   1   0   0   0  0.99 0.53
  103 V    -4  -6  -5  -7  -5  -5  -6  -6  -6   5   1  -6   7  -1  -4  -3  -1  -6  -2   3    1   0   0   0   0   0   0   0   0  27  12   0  29   3   1   2   4   0   1  21  1.20 0.58
  104 L    -5  -6  -6  -6  -6  -5  -7  -8  -7   2   6  -4   2  -3  -6  -6  -5  -6  -4  -1    0   0   0   0   0   0   0   0   0   9  79   1   4   1   0   0   0   0   0   4  1.65 0.73
  105 P     1  -4  -4  -4  -3   7  -2   2   0  -5  -5  -3  -4  -5   3   0  -4  -4  -6  -5    9   0   0   0   1  44   1  17   2   1   1   1   0   0  16   5   0   0   0   1  1.17 0.66
  106 V    -3  -6  -7  -7  -3  -6  -7  -6  -7   6   2  -6   0  -2  -6  -5  -1  -5  -5   5    1   0   0   0   0   0   0   0   0  38  16   0   1   1   0   0   3   0   0  39  1.33 0.60
  107 L    -4  -7  -6  -7  -5  -6  -7  -7  -7   6   3  -6   1  -4  -7  -6  -3  -6  -3   4    0   0   0   0   0   0   0   0   0  47  22   0   3   0   0   0   1   0   1  24  1.43 0.63
  108 L    -3  -6  -6  -7  -1  -6  -6  -5  -6   3   1  -6  -1   6  -6  -4  -1  -4  -2   4    2   0   0   0   1   0   0   1   0  14  12   0   1  33   0   1   4   0   0  30  1.10 0.54
  109 V    -2  -7  -6  -8  -1  -7  -7  -6  -6   1   0  -7   0   8  -8  -5  -3  -3  -1   0    4   0   0   0   1   0   0   1   0   7   9   0   2  66   0   1   1   0   1   6  1.84 0.77
  110 S     6  -5  -5  -5   2  -5  -5  -1  -6  -5  -6  -5  -5  -3  -5   4  -1  -7  -6  -3   55   0   0   0   4   0   0   4   0   0   0   0   0   1   0  31   3   0   0   1  1.35 0.72
  111 I    -2  -6  -6  -7   0  -6  -6  -5  -6   5   3  -6   1   0  -6  -5  -2  -6  -4   3    4   0   0   0   2   0   0   1   0  33  30   0   3   3   0   0   2   0   0  23  1.03 0.50
  112 L    -1  -6  -6  -7  -2  -5  -6  -4  -6   2   4  -6   3   5  -5  -4  -3  -4  -3   2    5   0   0   0   1   0   0   1   0  12  40   0   7  21   0   1   1   0   0  11  0.93 0.48
  113 I    -2  -6  -7  -7   0  -6  -7  -5  -6   2   2  -6   1   7  -7  -4  -1  -4  -2   2    3   0   0   0   2   0   0   1   0  10  18   0   3  46   0   1   3   0   0  12  1.23 0.58
  114 A     0  -7  -5  -6  -7  -7  -5   7  -7  -8  -8  -6  -7  -8  -7  -2  -5  -8  -8  -8    8   0   0   0   0   0   1  89   0   0   0   0   0   0   0   2   0   0   0   0  2.44 0.97
  115 F     0  -5  -6  -6   0  -5  -6  -3  -5   4   2  -5   1   3  -6  -3  -2  -2   0   3    6   0   0   0   2   0   0   2   0  28  20   0   4  12   0   2   2   0   3  19  0.71 0.39
  116 G     6  -5  -4  -6   1  -5  -5   1  -6  -2  -3  -5   0   0  -5   0  -2  -6  -4   0   58   0   1   0   3   0   0  12   0   2   2   0   3   5   0   6   2   0   0   8  1.00 0.59
  117 L     0  -6  -6  -7  -1  -6  -6  -6  -6   4   5  -6   3  -1  -6  -4  -2  -3  -3   1    7   0   0   0   1   0   0   0   0  23  48   0   7   2   0   1   3   0   0   8  1.03 0.52
  118 S     2  -1   1  -3  -2  -2  -3   0   0   0   0  -2   0  -3  -2   2   2  -4  -2   0   16   4   8   0   0   1   0   8   3   5  11   2   2   0   1  17  13   0   1   7  0.20 0.22
  119 R     1   2  -1  -3  -3   1  -2  -2   0  -1   1   2   2   0  -3   1   0  -1  -1  -1   13  12   2   0   0   5   1   2   2   3  15  15   7   3   0  10   5   1   1   4  0.17 0.20
  120 A     0  -4  -2  -4  -3  -3  -3  -3  -3   3   3  -4   4  -1  -3  -1  -1  -4  -2   2    8   1   2   1   0   1   1   1   0  18  29   0  10   2   1   5   4   0   1  13  0.46 0.31
  121 G    -2   0  -1  -2  -4  -2  -3   6  -3  -5  -5   2  -4  -6   2  -1  -2  -5  -6  -6    2   6   2   3   0   2   2  52   0   1   1  11   0   0  11   3   2   0   0   0  1.00 0.53
  122 D    -1  -1   0   3  -6   0   5  -2   0  -6  -6   1  -5  -6   1  -1  -2  -6  -4  -5    6   3   4  17   0   3  39   2   2   0   0   9   0   0   6   4   2   0   1   0  0.78 0.47
  123 D     0   3  -1  -1  -4   1   2  -3   1  -4  -4   5  -3  -4  -1  -1  -1  -2  -2  -3    9  17   2   3   0   6  11   1   3   0   1  32   0   0   3   5   3   1   2   1  0.58 0.38
  124 G     3   1  -1  -1  -2  -1  -2   4  -1  -2  -4   0  -3  -3  -3   1   0  -5  -2  -1   23   7   2   2   1   2   2  30   1   2   1   6   0   1   1   8   4   0   1   5  0.43 0.31
  125 V     1   3  -1   0  -5   2   2  -2   0  -4  -3   4  -2  -5  -1   0  -1  -5  -4  -3   10  14   3   4   0   9  13   2   2   1   2  27   1   0   2   5   4   0   0   1  0.48 0.34
  126 V     0   1  -2  -3  -5  -1  -2  -2  -1   0  -2  -1  -1  -3   6  -1   1  -5  -3   0    7   7   2   1   0   3   2   3   2   6   4   4   2   1  38   4   8   0   1   6  0.66 0.39
  127 V    -1  -5  -6  -6  -3  -4  -6  -6  -5   3   3  -5   2   2  -5  -4  -3  -2  -3   4    4   0   0   0   0   1   0   0   0  16  31   0   5   8   0   1   1   1   0  31  0.88 0.46
  128 T     0   1  -2  -4  -3  -1  -1  -3  -1   2   2   1   0   0  -3  -1   1  -4  -1   2    7   8   1   0   0   2   3   1   1  12  21  10   2   3   0   2   8   0   2  15  0.19 0.18
  129 K     0   2   2   3  -4   1   1  -1   0  -4  -4   2  -3  -4  -3   0   0  -5  -3  -2    8  11   9  20   0   5  10   5   3   0   1  12   0   0   1   5   5   0   1   3  0.36 0.26
  130 A     0  -5  -4  -6  -3  -4  -5   0  -5   1   3  -5   0   6  -4  -2  -2   2  -2   2    7   0   0   0   0   0   0   7   0   7  24   0   2  32   1   2   2   2   0  12  0.70 0.40
  131 V    -2  -6  -4  -6   2  -6  -6  -6  -5   3   2  -6   2   6  -6  -3  -3   2  -2   2    3   0   1   0   4   0   0   0   0  19  21   0   4  32   0   1   1   3   0  11  0.93 0.47
  132 T    -2  -1   2   4  -4   1   4  -2   1  -3  -4  -1  -4  -4  -4  -1  -1  -6  -4  -3    2   3  11  25   0   6  29   3   4   1   2   3   0   1   0   4   3   0   0   2  0.68 0.42
  133 S     2  -1  -1   0  -2   1   0   2  -2  -1  -3  -1  -2  -2  -4   2   0  -2  -3  -1   22   3   2   4   0   7   6  16   1   3   2   2   1   2   0  20   5   1   0   3  0.30 0.27
  134 F     0  -5  -5  -5   2  -4  -5   0  -5   2   3  -5   2   2  -4  -2  -2   0  -3   2    8   0   0   0   4   0   0   7   0  13  32   0   5  10   0   2   2   1   0  13  0.50 0.32
  135 S     1  -2   5   0  -3   1  -2  -2  -1  -4  -2  -2   0   1  -4   2   0  -4   1  -2   12   2  27   5   0   5   2   3   1   0   4   1   3   7   0  15   5   0   6   2  0.41 0.33
  136 H     0  -1   0   3  -5   2   4  -2   3  -3  -3   0  -3  -4  -4  -1  -1  -5  -4  -1    9   3   3  15   0   8  28   2   9   1   2   6   0   0   0   4   4   0   0   4  0.49 0.35
  137 V     2  -5  -6  -6  -2  -5  -5  -3  -6   3   2  -5   1  -2  -4  -3  -1  -1  -4   5   19   0   0   0   1   0   0   2   0  18  15   0   2   1   1   1   3   1   0  36  0.76 0.44
  138 L    -3  -5  -5  -5   2  -4  -6  -5  -5   4   1  -5   7   3  -6  -1   0  -5  -3   2    1   0   0   0   5   0   0   1   0  20  11   0  28  12   0   5   5   0   0  12  0.92 0.50
  139 F    -4  -3  -3  -6  -5  -1  -4  -4  -5   1   2  -4   7   5  -6  -2  -2  -4   2  -1    0   1   2   0   0   3   1   1   0   9  18   0  27  24   0   3   3   0   5   3  0.96 0.51
  140 V    -1   4   0  -3  -4   1  -2  -2  -2  -3  -3   5  -2  -4  -5  -2   0   0  -3  -2    4  19   5   1   0   5   1   3   1   1   2  42   1   1   0   2   5   1   1   4  0.75 0.46
  141 A    -2  -6  -6  -7  -3  -5  -6  -5  -6   5   2  -5   5   1  -6  -5  -4  -4  -2   3    3   0   0   0   1   0   0   1   0  37  20   0  16   5   0   0   0   0   1  16  1.08 0.53
  142 F    -2  -6  -5  -6  -3  -5  -6  -6  -6   4   0  -5   2  -3  -6  -4   4  -6  -5   5    2   0   0   0   0   0   0   0   0  20   9   0   4   0   0   0  25   0   0  39  1.08 0.57
  143 G    -1   1   2   1  -4   0   0   2   2  -2  -2   0   1  -2  -3   1   0   0  -2  -3    4   8  11   9   0   4   6  16   7   2   3   6   4   1   0   9   6   2   1   1  0.21 0.19
  144 F    -2  -5  -5  -6  -4  -4  -5  -2  -3   3   2  -4   4   2  -6  -4  -2   8   3   0    3   0   0   0   0   0   0   4   1  18  16   1  12   9   0   1   2  19   8   6  0.91 0.46
  145 V    -1  -6  -7  -7  -3  -6  -6  -6  -7   6   0  -6  -2  -2  -6  -4  -3  -6  -3   5    6   0   0   0   0   0   0   0   0  40   8   0   1   1   0   1   1   0   1  42  1.35 0.62
  146 M    -4  -6  -7  -8  -6  -5  -7  -7  -7   4   2  -6   9  -3  -7  -5  -3  -3  -4   0    1   0   0   0   0   0   0   0   0  20  14   0  56   1   0   0   1   0   0   6  2.03 0.87
  147 K     0   3  -1  -3  -3   1   0  -2  -1  -3  -1   3  -1  -2  -4   0  -2   6   2  -2    7  14   2   1   1   5   6   2   1   1   6  23   2   2   0   6   2  11   7   3  0.44 0.32
  148 L    -1  -5  -6  -6   0  -5  -6  -6  -5   1   4  -6  -1   5  -6  -4  -1  -1   3   1    5   0   0   0   2   0   0   0   0   8  40   0   1  24   0   0   3   1   9   7  0.91 0.47
  149 A     6  -5  -5  -5  -4  -5  -5  -1  -5   0  -2  -5   0  -4  -5   1   1  -6  -5  -1   63   0   0   0   0   0   0   3   0   5   3   0   3   0   0   9  10   0   0   4  1.14 0.64
  150 P    -5  -8  -8  -7  -8  -7  -7  -8  -8  -8  -8  -6  -8  -9   9  -6  -7  -9  -8  -6    1   0   0   0   0   0   0   0   0   0   0   0   0   0  99   0   0   0   0   1  3.53 1.32
  151 L    -3  -6  -6  -7  -5  -6  -6  -6  -5   5   2  -6  -2   2  -5  -5  -4  -2   4   2    1   0   0   0   0   0   0   0   0  38  21   0   0   9   0   0   0   0  15  13  1.08 0.53
  152 G     3  -6  -5  -6  -6  -6  -6   7  -6  -5  -6  -6  -4  -4  -6  -4  -4  -7  -7  -3   21   0   0   0   0   0   0  73   0   1   0   0   1   1   0   1   1   0   0   2  1.86 0.81
  153 A     2  -6  -7  -7  -5  -6  -6  -6  -7   4  -2  -6  -1  -5  -6  -5  -2  -7  -5   6   14   0   0   0   0   0   0   0   0  23   1   0   1   0   0   0   2   0   0  58  1.45 0.69
  154 F     0  -7  -7  -8   0  -7  -7  -2  -6  -3   0  -7   0   8  -3  -5  -5  -2  -1  -3    7   0   0   0   2   0   0   4   0   1   7   0   2  70   2   0   0   0   1   2  1.94 0.81
  155 G     4  -6  -5  -5   6  -5  -5   4  -5  -5  -4  -5  -3   1  -5   1  -3  -6  -5  -4   35   0   0   0  15   0   0  30   0   0   1   0   1   6   0  10   1   0   0   1  1.09 0.58
  156 A     2  -5  -5  -6  -4  -5  -6  -3  -6   1   5  -5   0  -1  -5  -1  -2  -3  -2  -2   18   0   0   0   0   0   0   2   0   6  59   0   2   3   0   6   2   0   1   2  0.95 0.53
  157 M    -3  -6  -6  -7  -5  -5  -6  -6  -6   5   1  -6   7  -2  -6  -4  -1  -6  -5   2    2   0   0   0   0   0   0   0   0  36  10   0  31   1   0   1   4   0   0  15  1.40 0.65
  158 A     6  -5  -5  -5   0  -5  -5  -1  -5  -2  -3  -5  -1   1  -5   0   1  -4  -2  -1   63   0   0   0   2   0   0   5   0   2   2   0   2   5   0   6   8   0   1   4  1.07 0.61
  159 F     1   0   0  -1  -2   0  -1   0   0  -2  -2   0  -2   2   0   1   0   3   2  -1   11   5   5   4   1   4   2   6   2   2   2   8   0   9   5  12   6   5   8   5  0.10 0.13
  160 T     1  -2  -1  -3  -4  -2  -3  -4  -4   1   1  -1   2  -2  -4   0   4  -4  -4   3   10   2   2   1   0   1   1   1   0   5  14   4   5   1   0   6  28   0   0  19  0.41 0.34
  161 V     0  -5  -5  -6  -3  -4  -4  -4  -6   4   0  -5   3   2  -4  -3   1  -5  -4   5    6   0   0   0   0   0   1   1   0  22   7   0   7   8   0   2   9   0   0  36  0.78 0.46
  162 G     4  -5  -3  -4  -2  -4  -3   4  -4   0  -1  -4   1  -2  -5   1  -1  -4  -3  -1   33   0   0   0   1   0   1  33   0   5   7   0   3   2   0   8   3   0   1   3  0.70 0.46
  163 R    -1   2   1   0  -4   2   2  -2   0  -3  -3   2  -2  -4  -3   1   2  -5  -3  -1    5   9   6   4   0   8  14   2   2   1   2  15   0   0   0  11  15   0   0   3  0.31 0.28
  164 Y    -1  -2   1  -2  -3   2  -2  -3   0  -1   0  -2   2   3  -3   0   1  -3   4  -1    4   1   6   2   0  10   2   1   2   3   9   1   6  14   1   7   8   0  17   4  0.30 0.27
  165 G    -2  -5  -2   1  -1  -4  -4   7  -6  -4  -5  -4  -3  -6  -4  -2  -4  -7  -6  -5    2   0   2   8   2   0   1  76   0   1   1   1   1   0   1   2   1   0   0   1  1.74 0.79
  166 I     0  -4  -4  -4  -4  -1  -3  -1  -3   2   2  -3   1   3   0  -2  -1   4  -1   1    8   0   0   1   0   4   1   5   0  13  23   1   3  12   6   3   3   6   1  10  0.30 0.25
  167 R     1  -2   0   3  -5   0   2   2   0  -4  -4   0  -2  -5  -2   2  -1  -5  -4  -3   11   2   3  15   0   4  15  17   2   0   1   6   1   0   1  17   4   0   0   1  0.40 0.32
  168 S     1  -3  -2  -2  -3  -2  -1  -2  -2   2   1  -2   1   0  -2   1   2  -3  -3   2   13   0   1   2   0   1   3   2   1  12  11   1   3   5   1  13  12   0   0  17  0.22 0.23
  169 I    -3  -6  -7  -6  -5  -6  -6  -5  -6   3   5  -6   2   4  -6  -5  -4  -3  -3   1    2   0   0   0   0   0   0   1   0  15  53   0   5  15   0   0   0   0   0   7  1.13 0.57
  170 G     1   0  -2  -3  -3  -1  -1   2  -2   1   1   0   0   0  -3   0   0   2  -1   0   11   4   1   0   0   3   3  15   0   8  19   7   1   3   0   7   6   3   1   8  0.11 0.14
  171 S     1  -2   1   0  -4   1  -1   0  -1  -3  -3  -1  -2  -4   4   3   0  -5  -3  -2   13   2   6   5   0   7   3   8   2   1   2   3   1   1  18  21   5   0   1   2  0.37 0.31
  172 L    -3  -6  -7  -7  -5  -5  -7  -6  -6   0   6  -6   3  -1  -7  -5  -3  -5   1   0    2   0   0   0   0   0   0   0   0   5  69   0   8   2   0   0   2   0   5   7  1.36 0.68
  173 G     3  -4  -4  -5  -4  -4  -5   4  -5   0   1  -4   0   0  -4   0  -3  -2  -4  -1   21   1   0   0   0   0   0  36   0   5  17   0   3   5   0   6   1   1   0   4  0.65 0.43
  174 L     0   0  -2  -3  -4  -1  -2   0  -2   0   0   4   2  -2  -3   0  -1   3   1   0    6   4   2   0   0   2   2   6   0   5  11  29   5   2   1   5   4   5   4   7  0.26 0.26
  175 L    -4  -6  -7  -7  -6  -5  -7  -5  -2  -2   3  -6   1   6  -7  -6  -4   0   7  -1    1   0   0   0   0   0   0   1   0   1  24   0   3  27   0   0   1   1  36   5  1.52 0.72
  176 I     0  -5  -5  -6  -2  -5  -5  -4  -5   4   1  -2   4   2  -5  -2  -1  -5  -3   4    7   0   0   0   1   0   0   1   0  24  13   3  10  10   0   3   3   0   0  26  0.70 0.42
  177 L     1  -4  -1  -5  -3  -4  -5   2  -5   1   3  -4   0   1  -3  -2  -2  -2  -3   2   14   0   3   0   0   0   0  19   0   9  28   0   2   7   1   1   2   0   0  13  0.42 0.32
  178 T     1  -5  -2  -4   4  -4  -2  -1  -5   0   0  -4  -2  -4  -5   0   5  -4  -3   3   13   0   1   1   8   0   2   4   0   3   8   0   0   0   0   5  34   0   1  18  0.62 0.45
  179 F    -2  -2  -3  -2   0  -3  -4  -5  -3   1   0  -5   1   3  -5  -3  -1  -4   1   5    3   3   1   2   2   1   1   1   1   7   7   0   3  14   0   1   4   0   4  46  0.72 0.45
  180 Y    -1  -5  -5  -6  -2  -5  -6  -3  -2   2   2  -5   0   1  -6  -3  -2   2   7   2    4   0   0   0   1   0   0   3   0  13  19   0   2   4   0   1   2   3  35  12  0.96 0.53
  181 I     1  -5  -4  -5   0  -4  -5   1  -5   3   3  -4  -1   1  -4  -1  -1  -4  -3   2   12   0   0   0   2   0   0  10   0  14  34   0   1   5   0   6   3   0   0  13  0.46 0.34
  182 A     3  -2  -4  -5   0  -5  -5   5  -5  -3  -3  -4  -2  -4  -5   0   1  -6  -5   0   28   3   0   0   2   0   0  41   0   1   3   0   1   0   0   5  11   0   0   6  0.88 0.53
  183 C    -2  -5  -4  -3   5  -2  -5  -4  -3   1   4  -5   3   0  -5  -1  -1  -5  -1  -1    3   0   1   1  14   1   0   2   1   6  48   0   6   4   0   4   3   0   2   4  0.80 0.46
  184 S     3  -5  -5  -5  -1  -4  -5   0  -5   3   3  -5   0   2  -5  -2  -1  -3  -3   1   23   0   0   0   1   0   0   7   0  19  24   0   2  10   0   1   3   0   0   9  0.52 0.37
  185 V    -1  -5  -6  -6   0  -5  -6  -2  -4   5   3  -5   0   2  -6  -4  -2  -4  -4   3    5   0   0   0   2   0   0   4   0  30  30   0   2   7   0   1   2   0   0  16  0.76 0.44
  186 F    -4  -5  -4  -5  -4   3  -4  -5   8  -1   0  -5   3   5  -6  -5  -3  -1   0   0    1   0   0   0   0  11   0   0  34   4  10   0   7  21   0   0   1   1   3   6  1.23 0.64
  187 V     1  -4  -4  -4  -1  -2  -4   0  -3   3   1  -3   3   2  -4  -2  -1   3  -1   2   12   0   0   0   1   2   0   9   0  15  15   0   8   9   0   3   3   4   2  16  0.32 0.25
  188 V     0  -5  -5  -5   1  -4  -5   0  -4   1   2  -4   0   5  -4  -3  -2  -3  -1   2   10   0   0   0   4   0   0   7   0   8  23   0   1  25   0   2   2   0   1  16  0.56 0.36
  189 V    -2  -5  -5  -5  -2  -5  -5  -1  -5   4   2  -5   0   1  -5  -4  -3  -1  -2   5    3   0   0   0   1   0   0   6   0  21  18   0   1   6   0   1   1   1   1  37  0.78 0.44
  190 V    -2  -5  -3  -5  -2  -3  -4  -3  -3   2   1  -4   1   1  -5  -3   1   0   4   4    2   0   1   0   1   1   0   2   0  12  11   0   3   5   0   1  10   1  15  33  0.63 0.39
  191 L    -3  -5  -4  -5  -2  -3  -4  -2   1   0   4  -5   2   2  -3  -2  -2  -2   5  -2    2   0   1   0   1   1   1   4   3   5  38   0   5   8   2   2   2   0  24   2  0.75 0.45
  192 G    -1  -4  -3  -4  -2  -3  -4   3  -4  -1   0  -4  -2  -1   5   0  -1  -2  -3   0    5   0   1   0   1   1   0  24   0   4  12   0   1   3  28   9   3   0   1   6  0.62 0.39
  193 T     0  -3  -4  -5  -1  -3  -4   0  -4   3   3  -4   1   0   0  -1  -1  -3  -3   1   10   1   0   0   1   0   0   7   0  15  35   0   3   4   5   4   4   0   0   9  0.39 0.28
  194 L    -1  -5  -5  -5  -1  -5  -5  -2  -5   4   3  -5   1  -1  -5  -3  -2  -2  -2   3    5   0   0   0   1   0   0   4   0  27  32   0   3   2   0   2   2   1   1  19  0.74 0.41
  195 A     1  -1  -3  -4   1  -3  -3  -2  -3   1   2  -1   1   1  -4  -1  -1   2   2   1   16   3   0   0   3   1   0   2   0   6  26   4   3   7   0   4   3   3   7  11  0.26 0.22
  196 R     0   3  -3  -4  -2  -2  -3  -3  -2   1   1   2   1   3  -4  -2  -2   4   1   0    7  17   0   0   1   1   0   1   1   9  15  12   3  13   0   2   2   5   4   8  0.31 0.25
  197 L    -2  -3  -5  -5  -2  -4  -4  -4  -4   3   3  -4   1   5  -5  -3  -3   2   1   1    3   2   0   0   1   0   1   1   0  16  29   1   4  23   0   1   1   2   4  11  0.69 0.38
  198 N     3  -3  -1  -4   2  -3  -3   1  -1   0   0  -3  -1   1  -3   0   2  -1   0   0   25   0   2   0   5   0   0  12   1   4   8   1   1   7   0   8  16   1   3   5  0.27 0.26
  199 G    -2   5  -2  -4  -4  -3  -4   5   0  -6  -6   3  -5  -6  -3  -3  -3  -1  -5  -5    2  26   2   0   0   1   0  42   2   0   0  18   0   0   1   1   1   1   0   1  1.12 0.59
  200 F    -2   2  -2  -4  -3  -1  -2  -4  -2   2   1   1   2   1  -3  -3  -1  -1  -1   2    1  15   1   0   0   2   1   1   1  14  16  11   5   7   1   1   2   1   1  18  0.31 0.26
  201 S    -2   1   6  -1  -2  -2  -3  -1  -1  -3  -4   0  -1  -4   1   3  -1  -6  -3  -4    2   7  34   2   1   1   1   3   1   1   1   5   2   0   7  27   3   0   1   1  0.78 0.50
  202 L    -3  -4  -4  -5  -6  -4  -5  -5  -4   2   0  -4  -2  -1   7  -4  -4  -3  -1   1    2   1   1   0   0   1   0   0   0  10  11   1   1   3  57   1   1   0   3   8  1.49 0.71
  203 L    -2   0  -4  -4  -3  -3  -4  -1  -2   2   2  -2   0   4  -3  -2  -2   6   1   1    3   6   1   1   0   1   0   5   1  12  25   2   1  16   1   2   1  10   4   8  0.46 0.30
  204 K     0   3  -1  -1  -3   1   0  -2   0  -2  -3   3  -2  -2   0   0   1  -1  -1  -2    6  20   3   4   0   6   4   2   3   3   2  22   1   2   5   5   9   1   2   2  0.32 0.26
  205 T    -4  -6  -6  -6  -5  -5  -6  -6   2  -1   2  -6  -1   8  -6  -5  -4   0   3  -1    1   0   0   0   0   0   0   0   4   3  17   0   2  55   0   0   1   1   8   5  1.55 0.68
  206 I    -1  -4  -5  -6  -2  -4  -5  -4  -4   2   3  -5   2   5  -4  -4  -3   3   3   0    5   0   0   0   1   1   0   1   0  12  30   0   4  27   1   1   2   3   8   4  0.80 0.43
  207 R    -1   5  -1  -4  -4   0  -3  -2  -1  -3  -3   5  -2  -3  -4   0  -2  -1  -3  -2    6  30   3   0   0   3   1   4   1   1   3  35   1   1   0   5   2   1   1   2  0.80 0.48
  208 Y     2   0   1  -1  -3   0  -1   2   0  -3  -3   3  -2  -1  -3  -1  -2  -2   3  -3   17   4   8   3   0   4   2  18   2   1   2  19   1   2   0   4   2   0  10   1  0.30 0.26
  209 F     0  -4  -3  -5   0  -3  -5  -4  -4   4   1  -4   5   2  -5  -1  -1  -3  -1   2    7   0   1   0   2   1   0   1   0  25  12   0  18   9   0   4   4   0   2  13  0.61 0.37
  210 K     1   3  -2  -3  -3  -1  -2  -1  -2  -2   0   2  -1   1  -3   1  -1   3   0  -1   11  19   1   0   0   1   0   5   1   2   9  17   2   8   0  11   2   4   2   3  0.26 0.26
  211 E    -1  -1  -1   2  -4   1   4  -3  -1  -5  -5  -1  -4  -6   5  -1  -1  -6  -4  -3    5   3   3  11   0   7  24   2   1   0   1   3   0   0  29   4   4   0   0   1  0.75 0.45
  212 E     4  -4  -4  -4  -3  -2   2  -2  -4  -2  -2  -3  -1  -3   3  -2  -1  -5  -2   2   40   0   0   0   0   1  13   2   0   2   4   0   1   1  15   2   3   0   1  13  0.63 0.44
  213 L    -1  -4  -5  -5  -3   2  -4  -4  -3   2   3  -4   5   1  -4  -3  -2   3  -1  -1    5   0   0   0   0  12   0   1   1  12  34   0  15   6   1   2   2   5   1   4  0.64 0.41
  214 L     0  -5  -5  -5  -3  -2  -4  -4  -5   2   4  -4   3   0  -3  -2  -1  -3  -3   2    8   0   0   0   0   1   0   1   0  11  43   0   7   4   1   3   4   0   0  15  0.65 0.39
  215 I    -3  -4  -2  -5  -2  -3  -4  -5  -3   3   2  -4   3   2  -5  -2   4  -3  -1   2    1   0   2   0   1   1   0   0   0  15  20   0   8   7   0   1  26   0   2  14  0.62 0.41
  216 V     6  -5  -5  -5  -3  -5  -5   0  -5  -3  -5  -5  -5  -6  -3  -1  -1  -6  -5   1   72   0   0   0   0   0   0   6   0   1   1   0   0   0   1   4   4   0   0  10  1.40 0.74
  217 L    -2  -6  -7  -7  -4  -6  -7  -6  -5  -1   2  -6  -1   8  -7  -6  -5   0   0  -2    4   0   0   0   0   0   0   1   0   3  16   0   1  66   0   0   0   1   2   2  1.91 0.82
  218 G     1  -5  -3  -4  -3  -4  -4   3  -5  -4  -5  -4  -2  -3  -5   5   2  -6  -5  -1   12   0   0   0   0   0   0  20   0   1   1   0   1   1   0  46  13   0   0   4  0.96 0.60
  219 T    -3  -5  -5  -5  -2  -5  -5  -6  -6  -3  -3  -5  -2  -4  -5   1   8  -7  -6  -4    2   0   0   0   1   0   0   0   0   2   3   0   1   1   0   8  82   0   0   1  2.08 0.99
  220 S     3   0  -2  -2   3  -1  -3   0  -4  -4  -5  -3  -4  -5  -4   5   1  -6  -5  -4   26   6   1   2   6   3   1   5   0   0   1   0   0   0   0  40   8   0   0   0  0.80 0.53
  221 S    -3  -5  -3  -5  -5  -5  -5  -5  -5  -7  -6  -5  -4  -7  -5   8  -1  -7  -6  -5    1   0   1   0   0   0   0   0   0   0   1   0   0   0   0  93   2   0   0   1  2.34 1.11
  222 S    -3  -5  -3  -5  -5  -5  -5  -4  -5  -7  -7  -5  -6  -7  -5   7  -1  -7  -5  -6    1   0   0   0   0   0   0   1   0   0   0   0   0   0   0  92   2   0   0   0  2.33 1.10
  223 E     3  -3   2  -2  -4  -2   3  -2  -3  -2  -2  -2  -1  -3  -4   3  -1  -5  -2  -1   25   0  11   1   0   0  18   3   0   2   4   1   2   1   0  22   3   0   1   4  0.45 0.39
  224 P     6  -5  -5  -5  -4  -4  -5   1  -5  -2  -5  -4  -3  -6  -2   1  -1  -6  -5  -1   70   0   0   0   0   0   0   9   0   2   0   0   1   0   2   8   3   0   0   5  1.31 0.69
  225 A     3  -5  -4  -5   0  -4  -5  -4  -5  -3  -4  -4  -2  -5  -5   1   6  -6  -5   2   21   0   0   0   2   0   0   1   0   0   0   0   1   0   0   7  52   0   0  14  1.21 0.68
  226 L    -5  -5  -6  -7  -5  -5  -6  -7  -6   2   6  -6   4   0  -6  -6  -5  -3   0  -2    0   0   0   0   0   0   0   0   0  10  68   0  11   4   0   0   0   0   3   2  1.42 0.66
  227 P    -3  -6  -6  -6  -7  -6  -6  -5  -7  -6  -7  -6  -7  -8   9  -4  -5  -8  -7  -5    2   0   0   0   0   0   0   1   0   0   0   0   0   0  92   1   1   0   0   1  3.06 1.19
  228 G    -1   0  -3  -4  -3   0  -3  -2  -3   2   1  -1   0  -1  -2  -2   0  -4  -2   4    3   7   1   0   0   4   1   3   0  11  15   4   2   2   2   3   7   0   1  34  0.34 0.27
  229 A     1  -4   1  -4  -4  -3  -3  -3  -2  -1   1  -3   2  -4  -4   2   5  -5  -4  -1   10   0   7   0   0   1   1   1   1   3  13   1   4   0   0  15  40   0   0   3  0.69 0.47
  230 L    -4  -4  -5  -6  -5  -3  -5  -6  -4   4   3  -3   8   1  -6  -5  -3  -5  -2  -1    1   1   0   0   0   1   1   0   0  21  26   1  36   5   0   1   1   0   1   3  1.29 0.62
  231 R    -1   3  -1   1  -5   2   4  -3  -1  -5  -4   3  -3  -5  -4  -1  -1  -5  -4  -4    5  18   3   8   0   7  31   1   1   0   1  16   1   0   0   3   3   0   0   1  0.68 0.42
  232 K     1   0   0  -1   7  -1  -2  -3  -4  -2  -3   2  -2  -4  -4   0   2  -5  -4   1   11   5   4   3  25   2   2   2   0   2   2  15   1   0   0   6  12   0   0  10  0.60 0.38
  233 L     3  -3  -4  -5   3  -2  -4  -4  -3   0   3  -3   3  -3  -4  -2   0  -5  -4   2   23   1   1   0   5   1   1   1   1   3  33   1   7   0   0   1   6   0   0  15  0.55 0.37
  234 E    -4  -1  -1   1  -7   1   7  -5  -1  -5  -6   1  -6  -7  -4  -3  -2  -7  -5  -3    1   3   3   8   0   5  64   1   1   1   0   8   0   0   1   1   2   0   0   2  1.41 0.74
  235 Q    -2   4   3   0  -6   1   2  -3   1  -2  -4   4  -4  -6  -4  -2  -2  -6  -4  -4    3  20  16   4   0   4  11   2   3   3   1  31   0   0   0   1   1   0   0   0  0.75 0.46
  236 L     1  -3   0  -5  -3  -3  -4  -4  -3   0   4  -4   4   3  -5  -3  -3  -3   0  -1   14   1   5   0   0   1   0   1   1   3  45   0   9  11   0   1   0   0   3   4  0.67 0.43
  237 G    -3  -3   0  -4  -7  -3  -4   7  -1  -7  -7   1  -7  -7  -6  -4  -5  -7  -7  -7    1   2   4   1   0   1   1  79   1   0   0  10   0   0   0   1   0   0   0   0  1.91 0.82
  238 C    -1  -6  -6  -7   6  -5  -6  -7  -5   3   0  -6  -1  -4  -6  -5  -3  -6  -3   6    4   0   0   0  15   0   0   0   0  17   7   0   1   0   0   0   0   0   1  54  1.39 0.65
  239 R    -2   1   0   2  -5  -2   0  -3  -2  -6  -6   1  -5  -6   4   4  -2  -6  -5  -5    3   7   4  13   0   1   5   1   1   0   0   8   0   0  23  34   1   0   0   0  0.82 0.51
  240 K    -2   3   1   0  -6   0   2  -3  -1  -6  -5   4  -4  -6   3   0  -2  -6  -5  -4    2  17   8   4   0   3  13   1   1   0   0  28   0   0  14   5   2   0   0   1  0.70 0.43
  241 G     0   4   0   0  -4   1   2  -1   0  -4  -4   2  -3  -5   0   2  -1  -3  -4  -4    7  22   3   5   0   4  13   4   2   0   0  13   0   0   4  18   4   0   0   1  0.42 0.32
  242 V    -2  -5  -5  -6  -4  -5  -6  -6  -5   5  -1  -5  -1  -3  -6  -2   1  -6  -1   5    2   0   0   0   0   0   0   0   0  35   5   0   1   0   0   3  10   0   2  41  1.11 0.57
  243 S     4  -3  -3  -5   0  -4  -4  -3  -4  -2  -4  -4  -4  -3  -4   3   2  -5   0   3   32   1   1   0   2   0   0   1   0   1   0   0   0   1   0  22  12   0   4  22  0.69 0.49
  244 G     0   2   2   0  -5  -1  -2   3  -3  -6  -5   0  -3  -6  -4   4  -2  -6  -5  -5    5  12   8   4   0   2   1  26   0   0   0   4   0   0   0  34   2   0   0   0  0.72 0.47
  245 L    -6  -7  -7  -8  -6  -7  -7  -8  -6  -2   2  -7  -1   9  -5  -6  -4  -4  -2  -2    0   0   0   0   0   0   0   0   0   2  19   0   1  72   1   0   1   0   0   3  2.21 0.89
  246 V    -1  -6  -6  -6   0  -5  -6  -3  -6   1  -2  -5  -1  -3  -6   0   2  -6  -5   6    5   0   0   0   2   0   0   2   0   7   2   0   1   1   0   7  12   0   0  63  1.21 0.64
  247 L    -1  -5  -5  -6  -2  -4  -6  -4  -6   4   5  -5   2  -2  -5  -5  -3  -5  -4   2    5   0   0   0   1   1   0   1   0  23  50   0   4   1   0   0   1   0   0  12  1.00 0.51
  248 P    -4  -7  -6  -6  -3  -6  -6  -5  -7  -7  -6  -6  -5  -6   9  -1  -1  -8  -8  -6    1   0   0   0   1   0   0   1   0   0   1   0   0   0  87   4   4   0   0   0  2.82 1.12
  249 M    -2  -5  -6  -6  -3  -5  -5  -5  -6   2   5  -5   1  -1  -5  -3   2  -5  -4   1    3   0   0   0   0   0   0   1   0  10  56   0   3   2   0   1  14   0   0   9  0.95 0.51
  250 G    -2  -6  -5  -6  -2  -6  -7   7  -7  -8  -8  -6  -7  -8  -7  -2  -5  -7  -7  -7    3   0   0   0   1   0   0  93   0   0   0   0   0   0   0   2   0   0   0   0  2.49 0.98
  251 Y     5  -5  -2  -5   0  -3  -5  -4  -4  -4  -3  -4   0  -2  -4   0   1  -4   6  -2   50   0   2   0   2   1   0   1   0   1   2   0   2   1   0   5   8   0  24   2  1.08 0.62
  252 S    -1  -5   0  -5  -3  -1  -4  -4  -5  -4  -4  -4  -1  -6  -4   4   6  -7  -6  -3    5   0   3   0   0   3   0   0   0   1   1   0   1   0   0  27  56   0   0   1  1.36 0.74
  253 F    -2  -6  -6  -6  -3  -6  -6  -5  -6   5   1  -6   3   5  -6  -5  -3  -3  -2   3    4   0   0   0   0   0   0   1   0  30   9   0   7  27   0   0   1   0   0  20  1.06 0.52
  254 N    -5  -5   9  -4  -4  -4  -5  -1  -1  -8  -7  -2  -7  -4  -7  -3  -5  -8  -7  -8    1   0  88   0   0   0   0   4   1   0   0   2   0   1   0   1   0   0   0   0  2.64 1.09
  255 L    -5  -1  -3  -6  -3   0  -6  -7  -2  -3   3  -2   9  -4  -6  -2  -3  -6  -4  -3    0   4   1   0   0   4   0   0   1   0  24   3  56   0   0   3   1   0   0   0  1.79 0.83
  256 D    -2  -5   4   7  -3  -4  -3  -3  -2  -3  -7  -5  -5  -6  -3  -2  -3  -8  -6  -4    4   0  17  67   1   0   0   1   1   1   0   0   0   0   1   2   2   0   0   2  1.77 0.80
  257 G    -1  -6  -5  -6  -2  -6  -7   8  -4  -8  -8  -6  -7  -8  -7  -4  -5  -7  -8  -8    4   0   0   0   1   0   0  93   0   0   0   0   0   0   0   1   0   0   0   0  2.51 0.98
  258 S     1  -4  -1  -5   1  -3  -4  -1  -5  -3  -3  -4  -1  -4  -4   2   6  -6  -5  -2   10   1   2   0   2   1   0   5   0   1   2   0   1   1   0  14  57   0   0   2  1.12 0.64
  259 A     6  -4  -1  -5   4  -4  -4  -1  -5  -3  -4  -4   1  -6  -2   2  -1  -6  -4  -3   61   1   3   0   7   0   0   4   0   1   1   0   4   0   1  12   4   0   0   1  1.09 0.62
  260 I    -3  -6  -6  -7  -1  -6  -6  -6  -6   5   4  -6   3  -2  -6  -4  -4  -5  -3   1    2   0   0   0   1   0   0   0   0  36  44   0   8   1   0   1   0   0   1   7  1.20 0.56
  261 Y    -4  -4  -3  -7  -3  -4  -5  -5   0  -4  -3  -6   3   3  -7  -3  -3   2   9  -5    1   1   2   0   1   1   1   1   1   1   2   0   6   9   0   2   2   2  67   0  2.10 0.89
  262 L    -3  -3  -3  -3   0   4   3  -5  -2   0   2  -2   3   0   0  -3  -2  -2   0  -2    1   0   1   0   2  22  22   0   1   4  24   1   6   4   5   0   1   1   3   3  0.55 0.42
  263 T     4  -3  -4  -4   3  -4  -4   3  -5  -2  -4  -4  -2  -5   0   2   2  -5  -5  -1   31   1   0   0   6   0   0  22   0   2   1   0   1   0   4  12  16   0   0   5  0.64 0.43
  264 L    -1  -5  -6  -6  -1  -5  -5  -5  -5   3   2  -5   4   1  -5  -2  -1  -4  -4   4    5   0   0   0   1   0   0   1   0  17  16   0  13   5   0   2   3   0   0  36  0.81 0.44
  265 A     5  -4  -3  -5   2  -3  -4  -1  -5  -2  -1  -4  -2  -2  -4   1   1  -5  -2   1   55   0   1   0   4   1   0   3   0   2   5   0   1   2   0   9   8   0   1   9  0.81 0.51
  266 S     4  -5  -4  -5   1  -3  -4  -2  -5   0  -1  -4  -2  -4  -3   0   2  -6  -4   3   39   0   0   0   2   1   0   2   0   5   5   0   0   0   1   8  13   0   0  24  0.70 0.46
  267 I    -3  -5  -6  -6  -2  -5  -6  -5  -5   5   3  -5   3  -1  -5  -3  -2  -5  -3   4    2   0   0   0   1   0   0   1   0  31  26   0   7   1   0   1   1   0   0  27  0.96 0.48
  268 F    -5  -7  -8  -8  -7  -8  -8  -7  -6  -4  -2  -8  -1   9  -8  -7  -2  -2   0  -5    1   0   0   0   0   0   0   0   0   0   3   0   1  89   0   0   3   0   2   0  2.89 1.06
  269 I     0  -5  -6  -6   1  -5  -6  -4  -6   6   2  -5   1   0  -5  -3  -1  -5  -3   3    7   0   0   0   2   0   0   1   0  43  21   0   3   3   0   1   3   0   0  15  0.91 0.46
  270 A     7  -6  -5  -6  -1  -4  -5  -3  -6  -3  -4  -5  -3  -4  -5   0  -2  -7  -6  -2   83   0   0   0   1   0   0   1   0   1   2   0   0   1   0   7   2   0   0   2  1.71 0.82
  271 Q    -3  -1   3  -2  -5   8  -1  -4   0  -7  -6  -2  -3  -6  -5  -3  -4  -2  -3  -7    2   3  12   2   0  69   2   1   2   0   0   2   1   0   0   1   1   1   1   0  1.85 0.89
  272 A     4  -4  -5  -5  -1  -4  -4  -4  -5   2   1  -4   3   0  -4  -1  -1  -3  -1   2   38   0   0   0   1   0   0   0   0   9  16   0   8   3   0   3   2   0   2  17  0.62 0.41
  273 C     0  -4   0  -5   0  -3  -5  -4   1  -2   0  -4   0   4  -5  -2   1  -1   6  -2    7   1   5   0   2   1   0   1   3   2   8   0   3  19   0   2   9   0  34   3  0.84 0.47
  274 D    -3  -5   3   0  -7  -1  -4   7   0  -8  -7  -4  -5  -7  -6  -2  -5  -7  -7  -6    1   0  14   4   0   3   1  71   2   0   0   1   0   0   0   2   0   0   0   0  1.70 0.74
  275 I    -3  -3  -4  -5  -4  -3  -4  -5  -3   5   1  -4   3  -1  -5  -4   0  -4  -2   4    2   1   1   0   0   1   1   1   1  40   8   1   7   2   0   0   7   0   1  26  0.89 0.47
  276 H    -2  -3   0   4  -6   1   3  -3   4  -6  -6  -3  -5  -6   3   0   0  -6  -4  -3    3   0   5  26   0   7  19   1  10   0   0   0   0   0  15   6   5   0   0   1  0.76 0.46
  277 L    -4  -6  -7  -7  -5  -4  -6  -7  -6   1   6  -4   3   1  -4  -6  -4  -1  -2  -1    1   0   0   0   0   0   0   0   0   6  74   1   6   6   1   0   0   1   1   3  1.42 0.65
  278 S    -2  -4   0   2  -5  -3  -2   2  -3  -5  -5  -4  -5  -5  -1   4   4  -6  -5  -4    2   0   5  11   0   0   1  14   0   0   0   0   0   0   3  36  27   0   0   0  0.85 0.54
  279 W    -1  -5  -5  -5  -4  -4  -5  -2  -4   3   3  -5   2   4   1  -3  -1   3  -1   0    5   0   0   0   0   0   0   4   0  17  27   0   6  16   7   2   4   5   1   6  0.52 0.33
  280 G     1  -3  -1  -2  -4  -1  -1   3  -2  -1  -2  -3   1  -2   0   1   1   3  -1  -1   13   0   2   2   0   3   3  27   1   3   3   0   3   1   4  13  11   5   2   3  0.33 0.27
  281 Q    -1  -2  -2   3  -6   6   2  -2   3  -4  -3  -1   0  -4  -4  -1   0  -4  -4  -3    5   1   1  14   0  37  12   3   6   1   2   2   2   1   0   4   7   0   0   1  0.76 0.49
  282 I    -4  -4  -5  -5  -3   6  -1  -5  -2   2   2  -3   2   0  -5  -4  -2  -3   4  -1    1   0   0   0   0  35   4   0   0  10  20   1   5   3   0   0   2   0  15   3  0.86 0.54
  283 A     1  -5  -5  -6  -1  -5  -5  -2  -5   4   3  -5   1   2  -5  -3  -2  -5  -3   2   10   0   0   0   1   0   0   3   0  26  29   0   3   8   0   1   2   0   0  16  0.67 0.38
  284 A     0  -3  -2  -4  -3  -1  -3  -1  -2   2   1  -2   3  -2  -3   0   4  -3  -1   1    7   0   1   0   0   3   1   4   1  10  16   1   7   1   0   7  27   0   2  11  0.34 0.29
  285 M    -2  -5  -6  -6  -4  -5  -6  -5  -6   5   2  -5   4  -1  -6  -5  -2  -3  -3   4    3   0   0   0   0   0   0   1   0  37  21   0  10   2   0   0   1   0   0  25  1.06 0.51
  286 L     0  -5  -5  -5   0  -4  -5  -2  -5   3   2  -5   2   2  -5  -1  -2  -2  -3   4    9   0   0   0   2   0   0   3   0  18  20   0   6   8   0   5   2   0   0  27  0.57 0.35
  287 G     0  -5  -5  -6  -2  -5  -5   0  -5   2   4  -5   1   3  -4  -3  -2  -3  -2   2    9   0   0   0   0   0   0   7   0  13  37   0   2  11   0   1   1   0   0  15  0.60 0.37
  288 L    -1  -5  -4  -5  -4  -3  -4  -5  -5   2   1  -4   3  -1  -5  -1   5  -5  -3   3    4   0   0   0   0   1   0   0   0   9  15   0   9   2   0   5  38   0   0  18  0.77 0.48
  289 M     4  -4  -3  -4   2  -4  -4   0  -5   0   1  -4   1  -3  -4   2   0  -5  -4  -1   40   0   1   0   4   0   0   6   0   5  16   0   4   1   0  13   6   0   0   4  0.54 0.39
  290 L    -2  -5  -4  -5  -2  -4  -5  -6  -5   2   2  -4   5  -1  -4  -2   4  -5  -3   3    2   0   0   0   1   0   0   0   0  10  21   0  14   3   0   2  29   0   0  18  0.78 0.47
  291 L     0  -5  -6  -6  -3  -5  -6  -3  -6   3   5  -5   2   0  -6  -5  -3  -5  -4   2    7   0   0   0   0   0   0   2   0  18  53   0   4   4   0   0   0   0   0  11  0.99 0.49
  292 T     4  -4  -4  -4  -2  -4  -4   0  -5  -1   1  -4   1  -3  -4   2   3  -5  -4   0   38   0   0   0   0   0   0   6   0   3  12   0   3   1   0  13  20   0   0   5  0.62 0.43
  293 S     2  -5  -3  -5  -2  -4  -4  -1  -5  -5  -6  -4  -5  -6  -5   7   0  -7  -6  -5   15   0   1   0   1   0   0   5   0   0   0   0   0   0   0  72   5   0   0   0  1.56 0.80
  294 K    -2  -3  -4  -5  -4  -3  -4  -5  -4   5   0   4   2   1  -5  -3  -2  -5  -4   2    3   0   0   0   0   0   0   0   0  34   7  25   5   6   0   1   1   0   0  16  0.75 0.44
  295 G     0  -6  -5  -6  -3  -6  -6   7  -6  -8  -8  -6  -7  -7  -6  -2  -3  -7  -5  -6    6   0   0   0   0   0   0  88   0   0   0   0   0   0   0   2   2   0   0   0  2.25 0.87
  296 A     4  -4  -2  -4   0  -3  -4  -1  -5   0  -3  -4   1  -5  -4   1   4  -5  -5   1   38   0   2   0   1   1   0   4   0   6   1   0   3   0   0   8  24   0   0  11  0.67 0.45
  297 A     6  -5  -4  -5  -4  -5  -5  -1  -3  -3  -5  -4  -4  -5   3  -1  -1  -6  -6  -2   67   0   0   0   0   0   0   4   1   1   0   0   0   0  14   4   3   0   0   3  1.30 0.68
  298 G     1  -6  -3  -5  -5  -5  -6   7  -6  -6  -7  -5  -4  -7  -1   0  -2  -6  -7  -3   13   0   1   0   0   0   0  72   0   0   0   0   0   0   3   6   2   0   0   2  1.64 0.71
  299 V    -3  -6  -6  -7  -3  -6  -6  -5  -7   5  -2  -6  -1  -3  -6  -5  -1  -6  -4   6    1   0   0   0   1   0   0   1   0  31   2   0   1   1   0   0   3   0   0  59  1.55 0.68
  300 T    -1  -4  -6  -6  -7  -5  -6  -6  -7  -5  -7  -4  -5  -8   8  -3   1  -8  -7  -6    5   1   0   0   0   0   0   0   0   1   0   1   0   0  82   1   8   0   0   0  2.59 1.00
  301 G    -1   1  -1  -4  -5  -1  -2   6  -3  -6  -6  -4   0  -6  -3   3  -4  -6  -6  -6    4   7   2   0   0   2   3  58   1   0   0   0   2   0   1  19   0   0   0   0  1.18 0.58
  302 S     4  -5  -4  -4  -3  -4  -4   4  -4  -3  -4  -4  -3  -5  -3   2  -1  -6  -5   1   42   0   0   0   0   0   0  27   0   1   0   0   0   0   1  13   4   0   0   9  0.85 0.50
  303 G     2  -5  -3  -4  -3  -4  -5   6  -5  -5  -6  -4  -4  -6  -5   3  -2  -4  -6  -4   16   0   1   0   1   0   0  53   0   1   0   0   0   0   0  24   2   0   0   1  1.24 0.60
  304 F    -3  -5  -5  -6  -4  -4  -5  -4  -5   3   4  -5   3   4  -5  -3  -1  -3  -2   0    1   0   0   0   0   0   0   1   0  19  43   0   6  17   0   2   4   0   0   4  0.86 0.43
  305 V    -2  -6  -6  -6  -4  -5  -6  -5  -6   5   0  -5   1  -1  -1  -4  -3  -6  -4   6    3   0   0   0   0   0   0   0   0  28   6   0   3   2   3   1   1   0   0  52  1.19 0.56
  306 A     1  -3  -3  -4   1  -3  -4  -3  -4   2   0  -3   5  -2  -3   0   4  -5  -4   2   10   1   1   0   3   0   0   2   0  10   5   1  17   1   1   5  24   0   0  18  0.53 0.37
  307 L    -2  -5  -6  -6  -4  -4  -5  -4  -5   2   5  -5   6  -2  -5  -3  -1  -5  -4   0    3   0   0   0   0   0   0   1   0  11  53   0  19   1   0   2   3   0   0   4  1.06 0.53
  308 V     4  -4  -3  -4  -3  -2  -4  -1  -4   1   0  -3   0  -2  -2   1   2  -5  -2   2   34   0   0   0   0   1   0   5   0   6   9   0   3   2   1  11  15   0   1  13  0.43 0.33
  309 A     3  -4  -3  -5  -3  -4  -4  -1  -4   3   1  -4   5  -2  -1   0   1  -5  -3   2   23   0   1   0   0   0   0   4   0  18   9   0  15   1   2   6   9   0   0  11  0.46 0.34
  310 T    -1  -5  -5  -5  -3  -5  -5  -4  -5   3   0  -5   1  -2  -4  -3   3  -5  -3   5    4   0   0   0   0   0   0   1   0  17   7   0   3   2   1   1  21   0   0  42  0.86 0.48
  311 L    -2  -5  -6  -7  -1  -5  -6  -6  -6   1   6  -6   1   2  -6  -5  -3  -5  -3   0    4   0   0   0   1   0   0   0   0   5  71   0   3   7   0   0   1   0   0   6  1.24 0.57
  312 S     1  -1   1  -1  -3   2   0   0  -1  -2  -1  -1  -1  -2   0   2   2  -4  -3  -2   15   2   6   3   0  10   5   7   1   1   6   3   1   1   5  17  15   0   0   2  0.20 0.20
  313 V     4  -3  -2  -3  -3   3  -3  -1  -3  -2  -3  -3  -2  -5  -3   3   2  -5  -3   0   35   1   1   1   0  12   0   3   0   2   2   1   1   0   0  21  14   0   1   5  0.59 0.42
  314 M    -1  -4  -4  -4  -3  -3  -4  -4  -2   2   2  -4   3   2  -4  -2   0  -2  -2   4    4   0   0   0   0   1   0   1   1  11  16   1   8  10   0   4   4   0   0  38  0.60 0.34
  315 P     0   0   0  -1  -1   0   0   1   0  -1   0   0   0   0   1   0   0  -1   0   0   11   4   4   3   1   4   4  14   3   4   9   4   3   5   7   6   4   1   2   6  0.04 0.01
  316 D    -3  -5   2  -1  -5  -3  -3   6   1  -3  -3  -3  -2  -4  -3  -2  -2  -6  -4  -2    1   0  11   3   0   1   1  64   3   1   3   1   1   1   1   1   2   0   0   3  1.21 0.56
  317 L    -3  -5  -5  -4  -4  -3  -3  -6  -6   4   5  -5   1  -1  -4  -4  -3  -4  -3   2    2   0   1   1   0   1   2   0   0  24  51   0   2   2   1   1   0   0   1  12  0.94 0.47
  318 P    -5  -6  -4  -4  -5  -4  -5  -6  -7  -5  -5  -5  -7  -7   9  -4  -5  -8  -3  -6    1   0   1   1   0   1   1   0   0   1   1   0   0   0  91   1   0   0   1   0  2.97 1.10
  319 V     1  -4  -3  -4  -3  -3  -2  -3  -4   2   3  -3   1  -1   0  -2   0  -4  -3   3   15   0   1   0   0   1   3   1   0  11  26   1   4   2   5   1   6   0   0  22  0.37 0.28
  320 T     2  -4  -2   1  -6   0   6  -2  -3  -4  -5  -3  -4  -6  -3   0  -1   0  -5  -3   16   0   1   7   0   3  55   3   0   1   0   0   0   0   1   5   4   1   0   2  1.01 0.58
  321 G     2  -5  -3   0  -4  -4  -3   5  -4   0  -2  -4  -1  -3  -2   0  -3  -2  -1  -2   18   0   0   5   0   0   1  49   0   6   5   0   1   1   2   5   1   1   2   3  0.77 0.43
  322 V    -2  -6  -6  -6  -4  -5  -6  -5  -6   6   2  -5   3  -1  -6  -4  -3  -5  -2   4    3   0   0   0   0   0   0   1   0  41  20   0   6   2   0   0   1   0   1  25  1.06 0.51
  323 A     5  -5  -4  -4  -4  -4  -4   4  -5  -3  -2  -4  -1  -3   0   0  -1  -6  -5  -1   49   0   0   0   0   0   0  26   0   1   3   0   1   1   5   6   3   0   0   4  0.89 0.51
  324 L    -4  -6  -6  -7  -5  -5  -6  -6  -6   4   5  -5   3   0  -4  -5  -4   0  -2   1    1   0   0   0   0   0   0   0   0  22  57   0   6   3   1   0   0   1   1   7  1.17 0.55
  325 L    -3  -6  -7  -7  -4  -6  -6  -7  -6   6   3  -6   0   0  -6  -5  -3  -5  -2   3    1   0   0   0   0   0   0   0   0  47  28   0   1   3   0   0   0   0   1  18  1.26 0.57
  326 V     2  -5  -5  -6  -4  -4  -5  -3  -5   3   4  -5   2   2  -5  -3  -2  -1  -1   1   16   0   0   0   0   0   0   1   0  16  42   0   5   8   0   2   1   1   2   6  0.67 0.39
  327 G     3  -5  -4  -5  -3  -5  -5   6  -5  -5  -5  -5  -3  -6   1  -1  -2  -6  -6  -2   27   0   0   0   0   0   0  55   0   1   1   0   0   0   6   4   3   0   0   3  1.25 0.60
  328 I    -2  -6  -7  -7  -5  -6  -6  -7  -7   5  -1  -6  -1  -1  -4  -5  -3  -6  -5   6    2   0   0   0   0   0   0   0   0  37   4   0   1   3   1   0   1   0   0  52  1.49 0.65
  329 D    -5  -6  -1   8  -8  -3   0  -4  -2  -6  -7  -5  -7  -3  -6  -3  -5  -1   2  -6    0   0   2  79   0   0   5   1   1   0   0   0   0   1   0   2   0   1   8   0  2.12 0.87
  330 R    -1   7  -4  -5  -6  -1  -3  -5   0  -5  -5  -1  -3  -2   1  -2  -2   7  -3  -3    6  54   0   0   0   2   1   0   2   0   0   2   0   2   8   2   2  15   0   2  1.38 0.66
  331 F    -3  -6  -6  -6  -4  -6  -6  -7  -5   5   3  -6   0   5   0  -5  -4  -4  -2   1    1   0   0   0   0   0   0   0   0  29  29   0   1  28   5   0   0   0   0   7  1.07 0.51
  332 M    -2  -5  -4  -6  -1  -4  -6  -6  -5   2   5  -5   5   0  -2  -3  -3  -3  -3   1    3   0   1   0   1   0   0   0   0  10  51   0  16   3   2   1   1   0   0   8  0.96 0.49
  333 S    -3  -5   0   8  -5  -4  -2   0  -5  -7  -7  -5  -7  -7  -5   1  -5  -8  -7  -7    1   0   3  75   0   0   1   8   0   0   0   0   0   0   0  10   0   0   0   0  1.96 0.82
  334 E    -4   2  -5  -6  -6  -3   1  -6  -4  -1  -2  -3  10  -5  -3  -4  -3  -6  -4  -2    1  12   0   0   0   1   9   0   0   2   1   2  65   0   2   1   2   0   1   2  1.99 0.88
  335 A     2  -5  -4  -5   5  -4  -4   2  -4   0   0  -4   2   3  -1  -1  -1  -3  -2   0   18   0   0   0  14   0   0  16   0   7  10   0   6  16   3   3   2   0   0   5  0.47 0.32
  336 R    -3   8  -2  -5  -3  -2  -3  -4   1  -3  -4  -2  -3  -4  -6  -3  -2  -7  -4  -5    2  79   2   0   1   1   1   2   3   2   2   0   0   1   0   2   2   0   0   1  1.90 0.82
  337 A     1  -5  -4  -5  -3  -5  -5  -4  -6  -5  -5  -5  -5  -6  -5   0   8  -7  -6  -3   11   0   0   0   0   0   0   1   0   0   0   0   0   0   0   5  80   0   0   2  1.96 0.90
  338 L     3  -4  -4  -4   1  -3  -4  -2  -4   0   0  -4   3  -1  -2   1   3  -5  -4   2   24   0   0   0   3   0   0   3   0   4   9   0  10   2   2  11  17   0   0  15  0.41 0.33
  339 T    -1  -5  -2  -4   0  -4  -5  -3  -5   2   1  -4   1  -3  -3  -2   4  -5  -4   4    4   0   2   0   2   0   0   2   0  10  13   0   3   0   1   2  25   0   0  34  0.65 0.41
  340 S    -6  -5   9  -3  -8  -5  -5  -5  -4  -8  -8  -5  -7  -6  -7  -2  -4  -9  -7  -8    0   0  96   0   0   0   0   0   0   0   0   0   0   0   0   3   0   0   0   0  3.04 1.14
  341 M    -3  -6  -5  -7   1  -6  -6  -6  -6   3   0  -6  -1  -1  -6  -4  -1  -6  -4   6    2   0   1   0   3   0   0   0   0  13   8   0   1   2   0   1   3   0   0  67  1.37 0.63
  342 I    -1  -4  -2  -3   0  -3  -2  -3  -3   2   1  -4   2   0  -4   0   4   4  -1   1    5   0   2   1   2   0   2   1   0  13  15   0   5   5   0   5  26   7   2  10  0.38 0.29
  343 S    -1  -6  -4  -3  -2  -6  -5   7  -6  -8  -8  -5  -7  -7  -5   0  -4  -7  -7  -6    3   0   0   1   1   0   0  85   0   0   0   0   0   0   0   8   0   0   0   0  2.09 0.82
  344 N    -3  -5   5   7  -6  -1  -3  -3   0  -5  -7  -4  -7  -7  -6  -2  -4  -8  -5  -6    2   0  25  64   0   2   0   1   2   1   0   0   0   0   0   2   1   0   0   0  1.83 0.78
  345 C     3  -4  -3  -4   3  -3  -4   0  -4   1   1  -3   3  -3  -3   1   0  -3  -4   1   26   0   1   0   7   0   0   6   0   6  17   0   8   0   1  12   6   0   0   9  0.36 0.29
  346 V     1  -4  -3  -5   2  -4  -4  -4  -4   1   1  -4   1   1  -4  -1   2  -4  -1   4   13   0   1   0   5   0   0   0   0   7  11   0   4   5   0   4  13   0   2  34  0.50 0.34
  347 A     4  -5  -3  -5   3  -4  -4   3  -5   0  -3  -4  -3  -5  -4  -1   0  -4  -4   2   38   0   1   0   6   0   0  24   0   4   1   0   0   0   0   4   5   0   0  16  0.73 0.44
  348 A     4  -5  -3  -5   4  -4  -4  -2  -5  -4  -4  -4  -2  -5  -1   2   4  -6  -5  -1   40   0   1   0   8   0   0   2   0   0   0   0   1   0   3  14  29   0   0   3  0.96 0.56
  349 I     2  -3  -4  -4   2  -3  -4  -1  -4   2   1  -2   1  -1  -4  -1   1  -4  -2   3   17   1   0   0   4   0   0   4   0  12  15   2   4   2   0   3  10   0   1  25  0.35 0.26
  350 T     0  -5  -6  -6   1  -5  -5  -5  -5   4   1  -5   0   0  -5  -4  -1  -2  -2   5    7   0   0   0   3   0   0   0   0  29  13   0   2   4   0   1   3   1   1  37  0.84 0.43
  351 V    -3  -6  -6  -7  -4  -6  -6  -7  -7   4   0  -6   2  -3  -6  -4  -2  -6  -5   6    2   0   0   0   0   0   0   0   0  25   8   0   5   1   0   1   1   0   0  59  1.41 0.63
  352 S     5  -4   0   3  -3  -2  -1  -1  -2  -5  -5  -3  -3  -6  -4   2  -1  -6  -4  -4   51   0   4  17   0   1   4   4   1   0   0   0   0   0   0  13   3   0   0   0  0.86 0.51
  353 L     0   5   0  -3  -4   0  -1  -3   3  -4  -5   5  -4  -5  -4  -1  -2  -4  -3  -4    8  30   3   1   0   2   2   2   7   1   0  36   0   0   0   5   1   0   1   1  0.89 0.48
  354 W    -2   0  -1  -3  -3  -1  -3  -3  -2  -2   0  -1   0   0  -4   3   1   9  -1  -3    2   5   2   1   0   3   1   2   1   2   9   3   3   3   0  25   9  26   2   2  0.83 0.45
  355 E    -3  -3  -2   0  -2   0   6  -4  -2  -4  -2  -2  -2  -5  -4  -1   0  -6  -3  -2    2   0   1   3   1   3  65   1   1   1   4   1   1   0   0   5   5   0   1   4  1.15 0.60
  356 N    -3   0   2   0  -6  -2  -2   5   0  -6  -6   4  -4  -6  -4  -2  -3  -6  -5  -6    1   5  10   5   0   1   2  47   3   0   0  23   0   0   1   1   1   0   0   0  0.99 0.49
  357 A     0   1  -1   1  -3   1   4  -3  -2  -2  -1   2   0  -4  -3   0  -1  -5  -3  -2    9   8   2   6   0   7  32   1   0   3   7  11   3   0   1   5   2   0   0   3  0.35 0.26
  358 C    -2  -1  -3  -3  -2  -3  -2  -4  -1   2   4  -1   1   3  -3  -2  -1   1   0   0    2   3   1   1   1   1   2   1   2  10  41   3   3  14   1   2   3   2   2   5  0.41 0.26
  359 D    -4  -2   3   7  -6  -2   1  -2  -2  -5  -4  -3  -4  -5  -2  -1  -2  -7  -4  -4    1   2  11  60   0   1   9   3   1   0   2   1   0   0   1   4   1   0   0   1  1.27 0.56
  360 R     0   3  -1   0  -3   1   2  -2   0  -1  -1   2   1  -3   0  -1   0  -4  -1   0    8  18   2   4   0   4  15   1   3   3   7  13   4   0   3   2   4   0   2   6  0.18 0.16
  361 E     1   0   1   3  -4   1   4  -3  -2  -4  -4   2  -3  -5   0   0  -1  -2  -3  -3   10   3   6  15   0   4  29   1   0   0   1  15   0   0   4   6   3   1   0   1  0.50 0.30
  362 V     0   2  -2  -1  -3   1   0  -2   0   1  -1   2   0  -3  -1  -1   0  -3  -2   2    7  11   1   3   0   7   4   1   2   9   5  16   3   0   2   2   5   0   1  20  0.15 0.16
  363 L     0  -3  -4  -1  -2  -2  -1  -3  -1  -1   2  -2   1   4  -4  -2  -2   3   5   0   10   1   0   3   1   1   3   1   1   2  18   3   5  17   0   2   2   4  21   6  0.41 0.26
  364 A     1   2   4   2  -4   1   1  -2   2  -3  -3   0  -2  -4  -3  -1  -1  -4   0  -2   14  10  25  10   0   5   9   1   5   1   1   5   1   0   1   3   4   0   4   2  0.37 0.24
  365 R     1   3   0   1  -3   1   1   0  -2  -4  -3   2  -2  -4  -1   2   0  -4  -2  -3   12  17   4   9   0   5  11   5   0   0   2  10   1   0   2  17   3   0   1   0  0.29 0.20
  366 E     1   0  -1   1  -3   1   3  -2   0  -2  -3   1  -2  -3   2  -1   1  -4  -2   0   17   5   2   7   0   5  20   1   2   2   1   7   0   1  10   2   9   0   1  10  0.23 0.18
  367 L     0  -1  -1  -1  -3  -1   1  -2  -3   1   3   0   1   0  -2  -1  -1  -3  -1   1    6   1   3   2   0   1  10   3   0   5  38   7   3   3   2   3   3   0   1   8  0.16 0.15
  368 G     2   0   1   1  -2  -1   0   1   0  -2  -2   0  -1  -2   1   1   0  -3  -1  -2   22   3   8  11   0   1   7  12   2   2   2   5   1   2   5  10   5   0   2   1  0.17 0.12
  369 H     0   0   2   0  -3   1   1   2   3  -3  -3   0  -1  -2   1   0   0  -1  -1  -1    8   6  10   3   0   7   9  17   9   0   1   3   2   2   6   6   6   1   1   5  0.17 0.12
  370 A     1   0  -1   1  -2   0   1   0   0  -1   0   0  -1  -2   3   0   0  -3  -2  -1   12   7   2   8   1   3  11   6   2   4  10   5   0   1  13   6   5   0   1   3  0.13 0.08
  371 N     0   0   1   2  -3   0   2  -1  -1   0  -1   0  -1  -1   3   0  -1  -4  -2  -1    5   6   6  15   0   2  18   3   1   6   4   3   1   2  13   8   2   0   0   3  0.23 0.14
  372 T     1   0  -1   1  -3   0   2  -1  -1  -2  -1  -1  -1  -3   3   1   1  -3  -1   0   12   4   1   8   0   2  14   3   2   1   5   2   1   0  14  12  12   0   1   6  0.20 0.13
  373 P     0  -1  -1   0  -3   0   1  -2  -1  -1  -2   0  -2  -2   5   0  -1  -2  -2   0    9   3   3   5   0   4  10   3   1   3   3   4   0   2  32   5   2   0   1   9  0.46 0.20
  374 E     0   0  -1   3  -4   2   4  -3  -1  -2  -2   0  -2  -4   2   0  -1  -4  -3  -3    7   4   1  18   0   9  31   1   1   2   3   4   1   0   8   6   3   0   0   1  0.45 0.23
  375 S     0  -2   1   2  -3   1   2  -2  -2  -2  -2  -1  -1  -3   3   1   1  -4  -2  -2   10   1   9  10   0   4  18   1   0   2   4   2   2   1  13  13   8   0   1   2  0.26 0.15
  376 A     2  -1  -1   1  -3   0   0  -1  -2  -1   0   0  -1  -3   3   1   0  -4  -2   0   22   2   1   8   0   5   7   3   1   3   9   5   1   0  15   9   3   0   0   7  0.19 0.12
  377 A     2   0   1   1  -2   0   1   0   0  -2  -1   0   0  -3   1   1   0  -4  -3  -1   27   3   6   8   0   2   8   4   3   0   5   4   3   0   7  12   5   0   0   2  0.19 0.13
  378 G     1  -1  -1   2  -3   1   1   2  -1  -3  -2  -1   0  -3   3   1   0  -4  -2  -2   11   2   0  13   0   6  12  14   1   0   4   1   3   0  16   8   5   0   1   2  0.29 0.15
  379 S     1   0   0   1  -2   0   1   0   1  -2  -1  -1   0  -3   1   1   0  -3  -1  -1   17   4   3   7   0   3  14   8   4   1   7   1   3   0   6  13   5   0   3   4  0.12 0.09
  380 K     0   1  -1   2  -4   0   2  -2  -1  -3  -3   2  -2  -3   3   0   0  -4  -2  -2    7  10   2  11   0   3  20   2   0   0   1  12   0   1  16   7   5   0   1   3  0.35 0.16
  381 I    -1   1   0   1  -3   0   1  -2  -1   0   0   1   0  -2   1   0   0  -3  -2   1    3   8   2  10   0   3   9   1   1   7   9  10   2   0   8   9   4   0   1  13  0.09 0.07
  382 A     2  -1  -1   1  -3   0   1   0   3  -2  -2  -1  -1  -3   2   0   0  -4  -2  -1   26   3   2   8   0   3  10   6  10   0   3   2   1   0  10   4   7   0   0   4  0.22 0.14
  383 A     2   0   0   0  -2   0   0   0   1  -2  -2   0   0  -1   2   1   1  -3  -1  -1   19   5   3   7   0   4   3   7   4   1   2   3   3   3   9  12  11   0   1   2  0.14 0.09
  384 A     2   0  -1   1  -2   0  -1   1  -1  -1  -1   0  -2  -2   2   1   0  -4  -3   0   23   7   1   9   0   4   2   9   2   2   4   3   0   1  10  12   4   0   0   7  0.16 0.10
  385 A     2   0  -1   0  -2   0   1   1  -2  -2   0   0  -1  -3   2   0   1  -3  -3  -1   23   6   1   3   0   5   9   9   0   1   9   2   1   0  12   6   8   0   0   4  0.18 0.11
  386 A     3   1  -1   0  -2  -1   0  -2   1  -1  -2   0   0  -3   3   1   0  -4  -3  -1   31   9   1   5   0   1   6   0   3   3   3   4   4   0  14   7   5   0   0   2  0.25 0.14
  387 V     1  -1  -1   1  -2  -1   1   0  -2   1  -1   0  -1  -2   1   0   0  -1  -2   2   15   1   0  11   0   1   8   6   0   9   4   4   0   0   6   7   6   1   0  19  0.10 0.08
  388 Q     0   2  -1   1  -3   2   1   0  -1  -3  -2   1  -1  -4   3   0   1  -4  -3  -3    7  16   0   9   0  10   9   6   1   0   2   7   2   0  16   5  11   0   0   0  0.32 0.13
  389 E     1   1  -1   0  -3   2   3  -1   0  -3  -3   0  -2  -4   3   0   1  -4  -3  -3   18   9   2   4   0  11  22   4   3   0   0   3   0   0  13   3   9   0   0   0  0.35 0.15
  390 D    -1   0   1   4  -3   1   0  -1  -2  -2  -2  -1   0  -1   1   1   1  -4  -3  -2    3   6   5  29   0   7   1   4   0   1   2   1   3   3   8  16   7   0   0   3  0.28 0.13
  391 K     0   1   0   0  -3   2   2   1  -1  -3  -2   2  -2  -2   3   0   0  -3  -2  -3    5  10   2   5   0  10  14  10   0   0   4  13   0   2  14   6   4   0   0   0  0.27 0.09
  392 S     2  -2   2   0  -2  -1  -1   0   1  -3  -3  -2  -2  -3   3   2   1  -4  -3  -2   22   0  10   4   0   0   0   5   5   0   2   0   0   0  18  23   9   0   0   2  0.39 0.15
  393 W     1   1  -1   0  -2   0   1   1  -2  -2  -1  -1  -2  -1   2   1   1   2  -1  -2   10   9   0   2   0   4  14  14   0   0   5   0   0   3  12  13   9   3   3   0  0.19 0.07
  394 M     0   2   1   1  -3   1   2  -2   0  -2  -2   2   0  -3  -1   0   0  -3  -1  -1    5  14   5   6   0   3  16   0   2   2   3  21   5   0   2   4   6   0   2   3  0.20 0.08
  395 P     0   1  -3  -1  -4  -2  -2  -3  -3  -4  -4  -2  -4  -5   7   1  -2  -5  -4  -4    6  12   0   4   0   0   0   0   0   0   0   0   0   0  66  12   0   0   0   0  1.49 0.27
  396 T     0  -1  -1   1   0  -1  -1   1  -2  -1  -2  -1  -2  -3   0   1   3  -4  -3   1    8   3   0  13   2   0   0  11   0   0   0   0   0   0   3  11  31   0   0  18  0.22 0.10
  397 T     1  -2  -1   0  -2  -1   1   0  -2  -2  -1  -1  -2   1   4   2   1  -3  -1  -2    9   0   0   5   0   0   9   5   0   0   4   0   0  11  21  26  11   0   0   0  0.32 0.08
  398 Q     0   3  -1   0  -3   4   0  -2  -1  -2  -2   1  -1  -3   1   0   0  -3  -2  -1    6  23   0   6   0  30   0   0   0   0   0   7   0   0   6   7   7   0   0   8  0.32 0.08
  399 S    -1  -1   0   1  -3   0   4  -2   4  -4  -3   0  -2  -3   2   2  -1  -4  -1  -3    0   0   0   8   0   0  38   0  18   0   0   0   0   0   9  28   0   0   0   0  0.48 0.08
  400 A     4  -2  -1  -2  -1  -1  -1   0  -2  -2  -2  -1  -1  -3  -1   2   0  -3  -2  -1   83   0   0   0   0   0   0   0   0   0   0   0   0   0   0  17   0   0   0   0  0.49 0.06
  401 A     4  -2  -2  -2  -1  -1  -1   0  -2  -2  -2  -1  -1  -2  -1   1   0  -3  -2   0  100   0   0   0   0   0   0   0   0   0   0   0   0   0   0   0   0   0   0   0  0.45 0.02

                      K         Lambda
Standard Ungapped    0.1376     0.3247
Standard Gapped      0.0442     0.2670
PSI Ungapped         0.1445     0.3174
PSI Gapped           0.0442     0.2670
