
Last position-specific scoring matrix computed, weighted observed percentages rounded down, information per position, and relative weight of gapless real matches to pseudocounts
            A   R   N   D   C   Q   E   G   H   I   L   K   M   F   P   S   T   W   Y   V   A   R   N   D   C   Q   E   G   H   I   L   K   M   F   P   S   T   W   Y   V
    1 M    -6  -6  -7  -8  -6  -5  -7  -7  -6  -3  -2  -6  11  -5  -7  -6  -5  -6  -6  -4    0   0   0   0   0   0   0   0   0   0   0   0 100   0   0   0   0   0   0   0  3.78 1.22
    2 L    -1  -2  -1  -1  -3  -2  -2  -4  -4   4   2  -1   4   2  -2  -2  -1  -4  -3   0    4   1   4   4   0   1   2   0   0  25  22   4  13   8   2   3   2   0   0   5  0.36 0.28
    3 S     0  -1   4   4  -5  -2  -1  -2   0  -2  -4   1  -3  -5   3   1  -1  -6  -5  -3    7   2  19  25   0   1   2   2   2   2   1  10   0   0  13   9   2   0   0   2  0.57 0.37
    4 Q    -2   0   4   0  -5   2   0  -3   0  -4  -3   3  -3  -3   3   0  -1  -5  -3  -4    3   4  24   5   0  11   4   0   2   1   2  16   0   1  15   7   4   0   1   1  0.57 0.39
    5 K    -2   3   1   2  -5   2   1  -3   0  -3  -4   4  -3  -4   0   0  -1  -5  -4  -4    3  20   8  13   0  10   6   1   2   1   1  24   0   1   4   5   3   0   0   0  0.54 0.36
    6 L    -2  -1  -2  -3  -4  -1  -3  -4  -3   2   2   0   1   4  -1  -2  -1   1  -1   1    3   3   2   1   0   3   0   1   0  16  25   8   3  19   3   2   3   2   0   7  0.32 0.25
    7 F    -3  -3  -5  -6  -5  -5  -6  -6  -5   4   3  -4   1   5  -6  -3  -3  -4  -1  -1    2   1   0   0   0   0   0   0   0  28  29   1   2  29   0   1   1   0   1   3  1.03 0.52
    8 E    -3  -1   1   6  -6   1   3  -2  -1  -5  -5   0  -5  -6  -4   0  -2  -6  -4  -6    1   2   7  42   0   7  22   3   1   0   0   5   0   0   0   5   2   0   0   0  1.00 0.54
    9 E    -2   1   1   5  -6   2   3  -2  -1  -5  -5   0  -2  -6  -3  -1  -1  -6  -5  -4    2   6   7  34   0  11  21   3   1   0   1   5   1   0   1   4   3   0   0   1  0.78 0.46
   10 I    -3  -5  -4  -6  -4  -5  -6  -6  -4   4   4  -6   2   3  -6  -5  -3  -2  -3   1    1   0   1   0   0   0   0   0   0  27  47   0   5  10   0   0   1   0   0   7  1.06 0.53
   11 S     4  -2  -2  -3  -2   2  -2  -1  -2  -1  -1  -1  -1  -1  -4   2   1  -5  -4   0   41   1   1   1   0   8   1   3   1   3   4   2   2   3   0  14   8   0   0   6  0.46 0.38
   12 A    -1   4   0   0  -1   3   2   0  -1  -5  -4   3  -4  -5  -4   0  -2  -5  -4  -5    6  21   5   4   1  15  11   7   1   0   1  21   0   0   0   5   2   0   0   0  0.56 0.38
   13 K    -1   3   1  -2  -4   3  -1  -3   0  -1   1   2   1  -2  -4  -1  -2  -4  -2   1    3  14   6   2   0  18   2   1   2   2  14  15   4   1   0   3   1   0   1  10  0.30 0.28
   14 I     2  -5  -5  -5  -4  -4  -5  -3  -5   3   3  -4   3   1  -5  -3  -2  -2  -2   2   19   0   0   0   0   0   0   2   0  20  30   0   6   6   0   1   2   1   1  12  0.61 0.39
   15 S     1  -1   1  -1  -2   0  -1   2   1  -2  -2   0  -1  -4   0   2   1  -4  -3  -2   10   3   8   2   0   4   2  19   3   1   4   4   2   0   4  19  11   0   0   2  0.24 0.23
   16 E     0  -1   1   3  -5   2   3   2  -2  -5  -4   1  -4  -4  -2   1  -2  -5  -4  -4    7   3   5  15   0   8  21  19   0   0   1   7   0   0   2  10   1   0   0   0  0.47 0.33
   17 T     4  -1  -2  -3  -3  -2  -3  -2  -3   0   2  -2   0  -1  -4   1   0  -4  -2   0   37   4   2   1   0   1   1   2   0   5  19   2   3   3   0   8   5   0   1   6  0.34 0.30
   18 I     0  -3  -4  -4  -4  -4  -3  -4  -5   2   4  -4   3   2  -2  -2  -2  -4  -2   2    8   1   0   0   0   0   1   1   0  11  41   1   7   9   2   2   1   0   0  13  0.59 0.37
   19 A     2  -2   1  -2  -4  -1  -2   1  -1  -4  -4  -1  -4  -3   5   1  -2  -5  -4  -3   21   2   6   2   0   3   2  10   1   1   1   4   0   1  33  10   2   0   0   1  0.70 0.42
   20 A     2  -1   1  -1  -4   3   1   0  -1  -4  -3   1  -3  -4   1   2   0  -5  -2  -3   21   1   7   3   0  13   7   7   1   0   2   9   0   1   7  16   5   0   1   0  0.32 0.29
   21 S     0  -2   0   0  -4   0   0   4  -1  -3  -3  -2  -3  -4  -2   2  -1  -5  -3  -4    7   2   4   5   0   5   6  39   1   2   2   1   1   0   2  19   4   0   1   1  0.57 0.37
   22 P     1  -4  -4  -3  -4  -3  -3  -2  -4   1   3  -3   2  -1   3  -2  -2  -4  -4   2   15   0   0   2   0   1   1   3   0   6  30   1   5   2  17   2   2   0   0  13  0.47 0.33
   23 A     1   4  -2  -3  -4   1  -2   1  -2  -3  -2   3  -3  -3   1   0  -1  -3  -3  -2   13  21   0   0   0   5   1  11   1   1   4  22   0   1   8   5   3   0   0   2  0.43 0.33
   24 K     0   2   0   2  -3   3   3   0   0  -3  -3   1  -3  -5  -1   0  -1  -5  -4  -3    7  10   4  12   0  13  19   7   2   1   2  10   0   0   2   6   3   0   0   2  0.35 0.26
   25 D    -3  -3   0   5  -7   0   6  -4  -2  -6  -5  -2  -5  -3  -3  -2  -3  -6  -5  -5    1   1   3  31   0   4  49   1   1   0   1   1   0   1   1   3   1   0   0   1  1.31 0.66
   26 I     0  -5  -5  -4  -2  -4  -5  -4  -5   4   2  -5   3   2  -4  -3  -2  -2  -3   3   10   0   0   1   1   0   0   1   0  23  22   0   8  10   1   1   2   1   0  21  0.65 0.37
   27 E    -2   2  -1   1  -6   2   5  -2   2  -5  -5   2  -3  -4  -3  -2  -3  -6  -5  -5    2  10   3   5   0   8  47   2   4   1   1  10   0   1   1   2   1   0   0   1  0.90 0.53
   28 K     1   1   1   0  -4   2   0  -1   0  -3  -3   3  -2  -4  -2   1   1  -5  -3  -2   16   7   7   4   0   8   6   4   2   1   1  20   1   0   1   8  11   0   1   2  0.30 0.25
   29 N     0   0   4   0  -4   1  -2  -1   1  -1   0   1   1  -2  -2  -1  -1   0  -2  -1    9   4  25   5   0   6   1   3   3   3   9  11   4   2   1   4   3   1   1   4  0.23 0.22
   30 V     0  -5  -5  -5   0  -4  -5  -4  -5   4   2  -4   2   3  -5  -3  -2  -1  -2   3    8   0   0   0   2   0   0   1   0  22  21   0   5  11   0   2   1   1   1  25  0.64 0.36
   31 R    -4   6  -1  -3  -6   2   0  -4   2  -6  -4   4  -3  -4  -5  -3  -3  -2  -3  -5    1  42   2   1   0   7   6   1   5   0   2  28   1   1   0   1   1   1   1   0  1.15 0.57
   32 A     3   0  -1   0  -2   4   0  -1   0  -3  -3  -2  -2  -3  -2   2   0  -5  -3  -2   28   4   2   4   0  21   6   5   2   1   2   1   1   1   1  15   6   0   0   2  0.42 0.33
   33 M     0   2  -2  -4  -2   3  -2  -2   0   1   1  -1   2  -1  -4  -2   0   2  -3   1   10  14   1   0   1  17   0   3   2   9  12   3   6   2   0   1   6   3   0  11  0.23 0.24
   34 M     0  -4  -5  -5  -3  -4  -5  -3  -5   3   4  -4   3   1  -5  -3  -2  -4  -3   3    8   0   0   0   0   0   0   2   0  14  38   0   8   6   0   1   2   0   0  18  0.62 0.36
   35 A    -1   2   0   2  -5   4   4  -2  -1  -2  -3   1  -2  -5  -3   0   0  -5  -4  -3    4  11   4  10   0  20  25   2   1   3   1   6   1   0   0   6   5   0   0   1  0.50 0.34
   36 S     0   3   1   0  -4   2   1   0   0  -3  -3   1  -2  -3  -2   2  -1  -4  -2  -2    9  17   6   5   0  11   9   6   2   1   1   6   1   1   1  19   3   0   1   3  0.28 0.23
   37 T     2  -1  -2  -2  -3   2  -2   0  -1   0   0  -1   1   1  -3   0   1   3   0   0   22   2   1   2   0  10   0   7   1   5  10   2   4   7   0   5   8   4   2   7  0.12 0.17
   38 F    -2  -5  -6  -6   0  -5  -5  -3  -5   1   5  -5   2   4  -6  -5  -2  -4  -2   1    2   0   0   0   2   0   0   2   0   7  53   0   4  20   0   0   2   0   0   7  0.94 0.47
   39 S     2   0   1   0  -3   1   0   0   0  -2  -2   1  -1  -2  -1   1   0  -4  -3  -1   25   5   8   5   0   8   5   7   2   2   2   7   1   1   2  12   7   0   0   2  0.18 0.17
   40 K    -2   3   1   2  -4   2   2  -1   1  -4  -3   3  -3  -4  -3   0  -1  -4  -3  -3    2  22   8  10   0   9  11   3   3   0   2  19   0   0   0   7   2   0   0   1  0.43 0.28
   41 M    -2  -1  -4  -5   0  -1  -4  -3  -1   0   4  -2   6   2  -5  -2  -3  -3  -1  -1    3   4   0   0   2   3   0   2   2   2  43   2  22   7   0   3   0   0   2   1  0.61 0.40
   42 D    -2  -2   3   6  -5   0   1   1   0  -5  -6  -1  -5  -6  -1  -1  -3  -6  -5  -5    2   2  13  50   0   4   9   9   2   0   0   3   0   0   4   3   0   0   0   0  0.95 0.46
   43 L     0  -3  -3  -3   3  -2  -3   0   2   1   0  -3   2   1   1   0  -2   4   2   0    8   0   0   0   8   0   0   8   8   8   8   0   8   8   8   8   0   8   8   8  0.22 0.19
   44 V    -1  -5  -5  -5  -4  -4  -2  -6  -6   1   0  -5   0  -3  -3  -4  -2  -5  -4   6    5   0   0   0   0   0   3   0   0   5   5   0   1   0   1   0   1   0   0  79  1.31 0.55
   45 T    -2   0   1  -2  -3  -1  -1  -2  -2  -4  -4  -1  -2  -5   2   3   5  -5  -4  -3    1   4   5   1   0   2   2   2   1   0   1   3   1   0  12  26  40   0   0   1  0.68 0.39
   46 R    -3   7  -2  -4  -6   0  -2  -3   2  -6  -4   0  -4  -3  -5  -2  -4  -5   0  -5    1  78   1   0   0   3   2   2   4   0   1   4   0   1   0   1   0   0   4   0  1.66 0.62
   47 E    -2  -1  -1   3  -6   1   6  -4  -1  -6  -6  -1  -5  -6  -4  -1  -3  -6  -5  -5    2   2   1  15   0   6  67   0   1   0   0   2   0   0   0   4   0   0   0   0  1.34 0.55
   48 E    -2  -1  -3   2  -6   1   7  -5  -3  -6  -6   0  -5  -6  -4  -3  -1  -6  -5  -5    2   3   0  12   0   4  72   0   0   0   0   3   0   0   0   0   4   0   0   0  1.43 0.58
   49 F    -5  -5  -6  -6  -1  -5  -6  -6  -2   0   1  -6   2   8  -6  -5  -5  -2   2  -2    0   0   0   0   1   0   0   0   1   5  10   0   5  70   0   0   0   0   5   2  1.72 0.59
   50 D    -3  -3  -1   6  -6   0   5  -3  -3  -5  -3  -1  -1  -6  -4  -2  -2  -6  -5  -4    1   0   1  44   0   2  41   1   0   0   3   2   1   0   0   1   1   0   0   1  1.23 0.51
   51 V     3   0  -3  -2  -2  -1  -2  -2  -1   2  -1  -1  -1  -2  -3  -1   0  -4  -3   3   28   6   0   1   0   3   2   2   2  14   3   2   1   1   0   3   4   0   0  29  0.30 0.23
   52 Q    -1  -2  -3  -3  -5   7  -1  -4   1  -2  -1  -1   0  -3  -4  -2  -2  -4  -1   1    5   0   0   0   0  63   0   0   3   1   7   1   2   1   0   1   1   0   2  12  1.16 0.55
   53 Q     0   3  -1  -1   0   2   1  -2  -1  -2  -1   2   1  -3  -2   0   1  -4  -3   0    7  17   1   3   2  11  10   1   1   1   4  12   5   0   0   8  10   0   0   6  0.21 0.16
   54 A     2   1  -1   1  -1   3   2  -2   1  -3  -2   1  -2  -3  -3  -1  -1  -4  -3  -2   26   7   1   9   1  13  17   1   3   1   3   9   1   1   0   2   3   0   0   1  0.33 0.23
   55 V     1  -2  -4  -4  -3  -1  -3  -4  -4   2   2  -2   5  -2  -4  -2  -1  -4  -1   3   10   2   0   0   0   3   1   0   0  10  19   2  18   0   0   1   2   0   2  29  0.49 0.29
   56 L     2  -4  -5  -5  -2  -4  -4  -5  -2   0   5  -2   0  -2  -4  -3  -2  -4  -3   0   17   0   0   0   1   0   0   0   1   3  67   3   1   1   0   1   1   0   0   4  0.84 0.41
   57 A     2   0   0  -1  -3   3   1  -2  -1   0   0   0   0  -2  -2   1  -1  -3  -2   0   21   4   4   3   0  15  10   1   1   4  10   4   2   1   0  10   2   0   0   6  0.15 0.16
   58 R    -1   5   0  -2  -3   1  -1  -3   0  -5  -3   4  -3  -3  -4  -1  -1  -3  -4  -4    6  39   4   1   0   4   3   1   2   0   1  31   0   1   0   2   2   0   0   1  0.82 0.40
   59 T     4  -3  -2  -4  -2  -1  -3  -3  -4  -1   0  -3   0  -3  -3   0   4  -4  -3  -2   35   0   1   0   1   3   1   0   0   2  11   0   2   1   0   5  36   0   1   1  0.63 0.40
   60 R    -2   7  -1  -2  -3   2   0  -4   0  -3  -3   0  -2  -5  -4  -2  -3  -5  -3  -2    3  61   2   1   0   9   6   1   2   2   3   2   1   0   0   1   1   0   0   4  1.12 0.51
   61 E     1  -1   0   0  -4   2   4  -2  -2  -1  -2   1  -1  -4  -3   0   0  -4  -4  -2   16   3   4   4   0   9  37   1   0   3   5   7   1   0   0   4   5   0   0   1  0.44 0.30
   62 K    -2   4  -2  -1  -5   2   2  -3  -2  -4  -4   5  -2  -5  -4  -2  -2  -5  -4  -4    3  27   1   2   0  10  16   1   1   1   1  34   1   0   0   2   2   0   0   0  0.85 0.43
   63 L    -2  -3   1  -4  -3   1  -4  -5  -3   4   3  -3   1  -2  -4  -3  -2  -4  -3   2    2   0   7   0   0   9   0   0   1  23  36   0   3   1   0   1   1   0   0  16  0.57 0.34
   64 A     2  -2   0   3  -5   0   5  -3  -1  -2  -4   0  -2  -3  -3  -1  -1  -5  -4  -2   17   1   3  16   0   2  42   1   1   2   1   4   1   1   0   3   4   0   0   2  0.65 0.39
   65 A     4  -1  -1   0  -4   2   3  -2  -2  -2  -2   0  -1  -4  -3   0   0  -5  -4  -2   37   3   2   6   0   9  22   1   0   1   3   4   1   0   0   4   5   0   0   2  0.45 0.32
   66 L    -3  -5  -6  -7  -4  -3  -6  -7  -6   0   6  -4   2  -2  -6  -5  -3  -5  -4  -2    1   0   0   0   0   1   0   0   0   3  87   1   4   1   0   0   1   0   0   1  1.60 0.65
   67 E    -1  -1  -2  -1  -3   1   6  -4  -1  -5  -3   1  -4  -6  -4  -2  -1  -6  -5  -4    4   2   1   1   0   6  68   1   1   0   2   6   0   0   0   2   3   0   0   0  1.24 0.60
   68 S     3   1  -1  -1  -4   3   1  -3  -1  -3  -3   3  -2  -4  -3   0   0  -5  -4  -1   24   6   2   2   0  16   9   1   1   1   2  23   1   0   0   4   5   0   0   3  0.43 0.31
   69 R    -2   7  -2  -4  -6   3  -1  -5   0  -4  -3   2  -3  -5  -5  -2  -2  -5  -4  -4    2  57   1   0   0  16   3   0   2   1   2  12   0   0   0   2   2   0   0   1  1.25 0.57
   70 L    -3  -5  -6  -6  -2  -5  -5  -6  -6   4   3  -5   0  -3  -5  -5  -2  -5  -3   5    0   0   0   0   1   0   0   0   0  25  33   0   2   0   0   0   1   0   1  38  1.07 0.47
   71 A     4   0   0   0  -3   0   2  -2  -1  -2  -2   1  -2  -4  -3   0   0  -5  -4  -2   39   5   5   5   0   3  14   1   1   1   2   8   0   0   0   5   6   0   0   2  0.38 0.29
   72 R     3  -1  -1   1  -4   1   4  -2  -1  -3  -3   1  -2  -3  -3  -1  -1  -5  -4  -1   30   3   2   6   0   6  32   1   1   1   2   7   1   1   0   2   3   0   0   3  0.49 0.33
   73 L    -4  -4  -5  -6  -4  -4  -6  -6  -6   1   6  -5   2  -1  -4  -5  -4  -3  -3  -2    1   1   0   0   0   0   0   0   0   5  85   0   4   2   1   0   0   0   0   1  1.48 0.61
   74 E    -4  -3  -4  -1  -7   0   7  -4  -1  -5  -5  -2  -4  -6  -5  -3  -3  -6  -5  -5    0   1   0   2   0   2  88   1   1   0   0   1   0   0   0   1   1   0   0   1  1.97 0.79
   75 S     3   0   1   0  -3   1   1   0  -1  -3  -3   2  -2  -4  -1   1   1  -4  -3  -2   29   2   5   4   0   7   9   5   2   1   1  15   0   0   1  10   7   0   0   1  0.31 0.23
   76 Q     0   4  -1  -2  -4   3   1  -2   1  -4  -3   3  -2  -4  -3  -1  -1  -4  -3  -3    9  25   2   1   0  18   7   2   3   0   3  23   1   1   1   3   3   0   0   1  0.57 0.33
   77 A     0  -1  -3  -3  -3   0  -3  -1  -3   2   4  -2   0  -1  -1  -1  -1  -4  -3   1   10   3   1   1   0   4   1   5   0  13  43   1   1   1   3   6   3   0   0   6  0.31 0.23
   78 F     2   0   2   1  -3   1   0   1  -1  -2  -2   2  -2  -3  -1   1   0  -4  -2  -2   19   3  10   6   0   5   6  10   1   1   4  16   0   1   2   8   6   0   1   2  0.18 0.15
   79 P     1  -1   1   0  -3   1   1   0  -1  -2  -2   2  -2  -3   3   1   0  -4  -3  -2   15   2   7   4   0   5   9   6   1   1   2  15   0   1  14  12   4   0   0   2  0.27 0.18
   80 D     0   1   1   1  -3   1   1  -1  -1  -1   0   2  -1  -1   0   0   0  -3  -2  -1    7   7   9   7   0   7   7   5   0   2  11  14   1   2   4   6   7   0   0   4  0.10 0.09
   81 E     0   0   0   1  -4   1   3  -1   0  -3  -3   1  -3  -4   2   1   0  -4  -3  -2    7   4   4   7   0   7  25   3   2   0   1  11   0   0  10   8   7   0   0   3  0.34 0.21
   82 A     2  -2  -1  -1  -3   1   0   2  -2  -2  -2   0  -2  -4   2   2   1  -4  -2  -1   22   1   1   2   0   5   6  14   1   2   2   7   0   0   9  15   9   0   1   3  0.24 0.18
   83 A     1   0   0   0  -3   0   0   1  -2  -2  -3   1  -1  -4   2   1   1  -4  -3  -1   16   5   4   6   0   3   3   9   1   0   1   9   1   0  13  13  12   0   0   5  0.23 0.15
   84 A     2   0   1  -1  -3   1   0   1  -2  -3  -3   1  -2  -4   1   2   1  -4  -3  -1   17   4   7   1   0   7   4  10   0   0   2   8   0   0   5  22   9   0   0   3  0.26 0.18
   85 K     1   0   0   0  -3   0   1   0  -1  -3  -3   2  -2  -4   1   2   1  -4  -3  -2   15   4   4   5   0   4   7   6   1   1   1  18   0   0   6  17   9   0   0   2  0.24 0.17
   86 V     1  -1   1   0  -2   1   0  -1  -1  -1  -1   0   0  -2   0   2   2  -4  -3   0   14   2   7   4   0   7   3   3   1   4   5   7   2   1   4  17  14   0   0   6  0.13 0.12
   87 A     2  -1  -2   0  -3  -1   0   0  -1  -2  -3   1  -3  -4   4   1   1  -4  -3  -1   21   3   0   4   0   1   7   6   1   2   0   9   0   0  20  13  10   0   0   4  0.38 0.21
   88 E     1   1  -1  -1  -3   1   2   0   1  -2  -3   1  -1  -4   0   1   0  -4  -3  -1   14  10   2   2   0   5  16   8   3   1   0   9   1   0   4  12   7   0   0   4  0.20 0.14
   89 Q     0   1  -1   0  -3   2   1  -2  -2  -3  -3   1  -3  -4   3   2   2  -4  -3  -2    6   8   2   3   0   8  11   1   0   1   1   9   0   0  13  21  13   0   0   2  0.34 0.19
   90 S     2  -2  -1  -1  -3   0  -1  -2  -3  -2  -3   0  -1  -4   4   2   2  -4  -3  -2   23   1   2   2   0   3   3   1   0   1   1   6   1   0  19  19  14   0   0   1  0.45 0.23
   91 E    -1   0  -1   2  -4   1   3  -1   2  -3  -3   1  -3  -4   0   1   1  -4  -3  -2    4   5   0  13   0   7  24   3   5   0   1   8   0   0   5  11  11   0   0   2  0.33 0.17
   92 L     0   0   0   2  -3   0   2  -1   2  -3  -3   3  -2  -4   1   1   1  -4  -3  -2    8   1   2  15   0   3  13   2   5   0   2  25   0   0   5   9   8   0   0   1  0.30 0.15
   93 G     2  -3   0  -2  -3  -2  -2   4  -3  -4  -4  -1  -3  -4   1   3  -1  -4  -4  -2   25   0   4   0   0   0   0  34   0   0   0   1   0   0   7  24   2   0   0   2  0.59 0.21
   94 H    -2   1   1   0  -4   5   2  -3   4  -4  -4   2  -2  -4   1   1  -1  -4  -2  -3    0   4   6   3   0  36  10   0  13   0   0  10   0   0   8  11   0   0   0   0  0.55 0.17
   95 S     4  -2  -1  -2  -2  -1  -1  -1  -2  -3  -3  -1  -2  -3  -2   4   0  -4  -3  -2   47   0   0   0   0   0   0   0   0   0   0   0   0   0   0  53   0   0   0   0  0.68 0.19

                      K         Lambda
Standard Ungapped    0.1208     0.3109
Standard Gapped      0.0485     0.2670
PSI Ungapped         0.1585     0.3182
PSI Gapped           0.0485     0.2670
