
Last position-specific scoring matrix computed, weighted observed percentages rounded down, information per position, and relative weight of gapless real matches to pseudocounts
           A  R  N  D  C  Q  E  G  H  I  L  K  M  F  P  S  T  W  Y  V   A   R   N   D   C   Q   E   G   H   I   L   K   M   F   P   S   T   W   Y   V
    1 M   -1 -1 -2 -3 -1  0 -2 -3 -2  1  2 -1  5  0 -3 -2 -1 -1 -1  1    0   0   0   0   0   0   0   0   0   0   0   0 100   0   0   0   0   0   0   0  0.33 0.00
    2 E   -1  0  0  2 -4  2  5 -2  0 -3 -3  1 -2 -3 -1  0 -1 -3 -2 -2    0   0   0   0   0   0 100   0   0   0   0   0   0   0   0   0   0   0   0   0  0.73 0.00
    3 I   -1 -3 -3 -3 -1 -3 -3 -4 -3  4  2 -3  1  0 -3 -2 -1 -3 -1  3    0   0   0   0   0   0   0   0   0 100   0   0   0   0   0   0   0   0   0   0  0.38 0.00
    4 Q   -1  1  0  0 -3  5  2 -2  0 -3 -2  1  0 -3 -1  0 -1 -2 -1 -2    0   0   0   0   0 100   0   0   0   0   0   0   0   0   0   0   0   0   0   0  0.64 0.00
    5 N   -2  0  6  1 -3  0  0  0  1 -3 -3  0 -2 -3 -2  1  0 -4 -2 -3    0   0 100   0   0   0   0   0   0   0   0   0   0   0   0   0   0   0   0   0  0.72 0.00
    6 T    0 -1  0 -1 -1 -1 -1 -2 -2 -1 -1 -1 -1 -2 -1  1  5 -2 -2  0    0   0   0   0   0   0   0   0   0   0   0   0   0   0   0   0 100   0   0   0  0.46 0.00
    7 K   -1  2  0 -1 -3  1  1 -2 -1 -3 -2  5 -1 -3 -1  0 -1 -3 -2 -2    0   0   0   0   0   0   0   0   0   0   0 100   0   0   0   0   0   0   0   0  0.51 0.00
    8 P   -1 -2 -2 -2 -3 -1 -1 -2 -2 -3 -3 -1 -3 -4  8 -1 -1 -4 -3 -2    0   0   0   0   0   0   0   0   0   0   0   0   0   0 100   0   0   0   0   0  2.05 0.01
    9 T    0 -1  0 -1 -1 -1 -1 -2 -2 -1 -1 -1 -1 -2 -1  1  5 -2 -2  0    0   0   0   0   0   0   0   0   0   0   0   0   0   0   0   0 100   0   0   0  0.48 0.01
   10 Q   -1  0  4  1 -3  4  1 -1  0 -3 -3  1 -1 -3 -2  0  0 -3 -2 -3    0   0  47   0   0  53   0   0   0   0   0   0   0   0   0   0   0   0   0   0  0.51 0.00
   11 T   -1 -2 -2 -2 -1 -2 -2 -3 -3  3  1 -2  1 -1 -2 -1  2 -3 -1  2    0   0   0   0   0   0   0   0   0  73   0   0   0   0   0   0  27   0   0   0  0.26 0.00
   12 L   -1 -2 -3 -4 -1 -2 -3 -4 -3  2  3 -2  2  0 -3 -2 -1 -2 -1  2    0   0   0   0   0   0   0   0   0   0  67   0   0   0   0   0   0   0   0  33  0.37 0.01
   13 Y   -2 -2 -3 -3 -2 -2 -3 -3  0  0  2 -2  1  4 -3 -2 -2  1  5  0    0   0   0   0   0   0   0   0   0   0  32   0   0  33   0   0   0   0  35   0  0.48 0.01
   14 T    0 -2 -1 -2 -1 -1 -1 -2 -2  2  0 -1  0 -2 -2  1  4 -3 -2  1    0   0   0   0   0   0   0   0   0  25   0   0   0   0   0   0  75   0   0   0  0.38 0.04
   15 D   -1 -1  0  4 -3  2  1 -2 -1 -3 -3  0 -2 -4  4  0 -1 -4 -3 -3    0   0   0  50   0  25   0   0   0   0   0   0   0   0  25   0   0   0   0   0  0.72 0.04
   16 I   -1  2 -2 -2 -2 -1 -2 -2 -2  3  0 -1  0 -1 -2  1  0 -3 -2  2    0  21   0   0   0   0   0   0   0  40   0   0   0   0   0  20   0   0   0  20  0.16 0.03
   17 S    2  0  0 -1 -2  0  0  2 -1 -3 -3  2 -2 -3 -1  3  0 -3 -2 -2   19   0   0   0   0   0   0  20   0   0   0  20   0   0   0  41   0   0   0   0  0.32 0.03
   18 T   -1 -1  0 -1 -2  2 -1 -2 -2 -1 -2 -1 -1 -3 -2  1  5 -3 -2 -1    0   0   0   0   0  16   0   0   0   0   0   0   0   0   0   0  84   0   0   0  0.60 0.11
   19 K    0  0  0 -1 -2  0  2 -2 -1 -1 -2  3 -1 -3 -1  2  0 -3 -2  0    0   0   0   0   0   0  16   0   0   0   0  34   0   0   0  33   0   0   0  17  0.24 0.06
   20 Q   -1  2  0  0 -4  5  3 -2  0 -3 -3  1 -1 -4 -2 -1 -1 -3 -2 -3    0  17   0   0   0  66  17   0   0   0   0   0   0   0   0   0   0   0   0   0  0.71 0.10
   21 T   -1 -2 -1 -2 -2 -1 -2 -2  3  0 -1 -2  0  2 -2  1  2 -2  0  2    0   0   0   0   0   0   0   0  16   0   0   0   0  16   0  17  17   0   0  34  0.17 0.05
   22 Q   -1 -1  2  2 -2  2  0 -2 -1 -1  1 -1  2 -2 -2  1  0 -3 -2 -1    0   0  16  17   0  17   0   0   0   0  17   0  17   0   0  16   0   0   0   0  0.18 0.05
   23 S    0  0  2 -1 -2  0 -1 -1 -1 -1 -2  1 -1 -2 -1  2  2 -3 -2  1    0   0  17   0   0   0   0   0   0   0   0  16   0   0   0  34  17   0   0  16  0.23 0.05
   24 S    1  1  0 -1 -1  0 -1 -1 -1 -2 -2  0 -2 -3 -1  4  2 -3 -2 -2   15  13   0   0   0   0   0   0   0   0   0   0   0   0   0  57  15   0   0   0  0.40 0.09
   25 S    2  0  0 -1 -2  2  0  2 -1 -3 -2  1 -2 -3 -1  2  0 -3 -2 -2   29   0   0   0   0  14   0  15   0   0   0  13   0   0   0  28   0   0   0   0  0.30 0.06
   26 E   -1 -1  2  0 -3  0  3 -2 -1 -2 -2  0 -2 -3  2  1  0 -3 -2  0    0   0  14   0   0   0  44   0   0   0   0   0   0   0  13  15   0   0   0  14  0.38 0.07
   27 T   -1 -2 -2 -2 -2 -1  1 -3 -2  1  2 -1  0 -1 -2 -1  2 -3 -2  2    0   0   0   0   0   0  14   0   0   0  27   0   0   0   0   0  30   0   0  29  0.20 0.06
   28 Q   -1  0  0 -1 -3  5  2  1  3 -3 -3  0 -2 -3 -2  1 -1 -3 -1 -3    0   0   0   0   0  51  11  13  13   0   0   0   0   0   0  12   0   0   0   0  0.54 0.13
   29 K   -1  2  0  1 -3  2  0 -2 -1 -2  0  3 -1 -3 -2  1 -1 -3 -2 -2    0  12   0  11   0  13   0   0   0   0  13  38   0   0   0  13   0   0   0   0  0.29 0.08
   30 S    0 -1  0  3 -2  1  0 -2 -1 -3 -3 -1 -2 -1 -2  3  1 -2  2 -2    0   0   0  26   0  12   0   0   0   0   0   0   0   0   0  36  13   0  13   0  0.36 0.10
   31 Q   -1  1 -1 -2 -2  3  0  1 -1 -1  0  0 -1 -2  2  0 -1 -3 -2  0    0  13   0   0   0  25   0  13   0   0  13   0   0   0  13  11   0   0   0  12  0.20 0.07
   32 N   -1 -1  2  2 -2  3  0 -2 -1  1 -1 -1 -1 -2 -2  1  0 -3 -2  2    0   0  13  13   0  25   0   0   0  11   0   0   0   0   0  13   0   0   0  25  0.19 0.08
   33 Y    0  1 -1 -2 -2 -1 -2 -2  3  0  0 -1  0  2 -2 -1  1 -1  2  1   12  13   0   0   0   0   0   0  13   0  12   0   0  11   0   0  13   0  13  13  0.13 0.05
   34 Q   -1 -1 -1  1 -2  3  0 -2 -1 -1  1 -1  0 -1 -2  2 -1 -2  2 -1    0   0   0  11   0  25   0   0   0   0  25   0   0   0   0  26   0   0  13   0  0.20 0.09
   35 Q   -1  2 -1 -1 -2  3  0 -2 -1 -2  0  1 -1 -2  2  1  1 -3 -2 -2    0  12   0   0   0  24   0   0   0   0  13  13   0   0  13  12  13   0   0   0  0.28 0.07
   36 I    0 -2 -2 -2 -2 -2  0 -3 -2  3  0 -2  0  2 -2 -1  1 -2 -1  1   13   0   0   0   0   0  12   0   0  50   0   0   0  13   0   0  12   0   0   0  0.21 0.09
   37 A    4 -2  1 -2 -1 -1 -1  1 -2 -3 -3 -1 -2 -3 -2  2  0 -3 -3 -1   62   0   9   0   0   0   0  10   0   0   0   0   0   0   0  19   0   0   0   0  0.52 0.18
   38 A    5 -2 -2 -2 -1 -1  1 -1 -2 -2 -3 -1 -2 -3 -2  1 -1 -3 -3 -1   81   0   0   0   0   0  10   0   0   0   0   0   0   0   0   9   0   0   0   0  0.68 0.22
   39 H   -1 -1 -1 -1 -2  0  1 -2  4 -1 -2  2 -2 -3 -2  3  0 -3 -1  1    0   0   0   0   0   0  10   0  19   0   0  17   0   0   0  36   0   0   0  18  0.31 0.15
   40 I   -1 -2 -2 -2 -2  1  0 -3 -2  2  0 -1  2  1 -2  0  1 -2 -1  2    0   0   0   0   0   8  10   0   0  17   0   0   9   9   0   9  10   0   0  28  0.16 0.10
   41 P   -2 -3 -3  0 -3 -2 -2 -3 -3  1 -1 -2 -2 -3  7  0  0 -4 -4 -2    0   0   0   6   0   0   0   0   0  13   6   0   0   0  61   7   6   0   0   0  1.24 0.31
   42 L    0 -1  0  1 -2  1 -1 -2 -2  0  1  1  2 -2  1  0 -1 -3 -2  0    6   0   6  12   0  10   0   0   0   7  18   9  11   0   6   7   0   0   0   7  0.11 0.11
   43 N    1 -1  3  1 -2  2  0 -2 -1 -1 -3  1 -2 -3 -2  1  0 -4 -3 -2   19   0  22  10   0  12   0   0   0   6   0  13   0   0   0  11   6   0   0   0  0.30 0.17
   44 V    2 -2  2  1 -2 -2 -1 -2 -2  0 -2  0 -1 -3 -2  0  1 -4 -2  3   24   0  12  11   0   0   0   0   0   0   0   6   0   0   0   6   7   0   0  34  0.25 0.19
   45 G    1 -3 -2 -3 -2 -2 -3  4 -3 -2  1 -2  2 -2 -3  0  1 -3 -3 -2   13   0   0   0   0   0   0  43   0   0  19   0   7   0   0   6  13   0   0   0  0.46 0.21
   46 K   -1  0 -1  1 -3  0  2  2 -2 -2 -2  0 -2 -3  2  1  0 -3 -2  0    0   7   0   6   0   0  18  18   0   0   1   6   0   0  13  13   7   0   0  10  0.25 0.12
   47 N   -1  3  2  3 -3 -1 -1 -2 -2 -3 -1  2 -2 -3  1 -1  1 -4 -3 -3    5  22  11  22   0   0   0   0   0   0   6  16   0   0   7   0  11   0   0   0  0.37 0.19
   48 P    1 -2 -2 -2 -3  2 -2 -3 -2  0 -2 -2 -2  2  5  1  1 -3 -2  0   15   0   0   0   0  12   0   0   0   5   0   0   0  11  33   9  10   0   0   6  0.55 0.24
   49 V    2  0  0 -3 -2  1 -2 -2  1 -1 -1 -1 -1 -2 -3 -1  0  6  1  2   21   7   6   0   0  11   0   0   4   0   6   0   0   0   0   0   6  14   5  21  0.29 0.20
   50 L   -1 -3 -3 -4 -3 -3 -3  1 -3  1  4 -3  2  2  0 -3 -2 -3 -2  0    5   0   0   0   0   0   0  14   0   5  51   0   5   9   5   0   0   0   0   6  0.42 0.23
   51 T    0 -2  3  0 -2  0 -2 -2 -2 -2  1 -2 -1 -3  0  2  2 -4 -3 -2    8   0  18   4   0   5   0   0   0   0  21   0   0   0   5  25  13   0   0   0  0.29 0.23
   52 T    1 -2 -1  2 -3  2  2 -2 -2 -1 -3 -1 -2 -3  2  1  1 -4 -3 -1   18   0   0  16   0  12  13   0   0   5   0   0   0   0  11  13   8   0   0   4  0.32 0.20
   53 T    1 -1 -1 -2 -2  0  0  0  0  0 -1  1 -1 -2  2  1  1 -3  0  0   10   0   0   0   0   5   5   5   3   4   7  15   0   0  11  14   9   0   4   8  0.13 0.11
   54 L    0 -1 -3 -3 -2  0 -2 -3 -3  1  3 -1  0  0  0 -2  0 -3 -2  2   10   3   0   0   0   5   0   0   0   9  38   4   0   4   6   0   5   0   0  16  0.25 0.18
   55 N    0 -2  2  3 -3  1  2  0 -2  0  0 -1 -1 -3 -2 -1 -1 -4 -3 -1    8   0  15  18   0   9  16   7   0   5  15   0   0   0   0   0   3   0   0   5  0.22 0.17
   56 D    0 -1  1  3 -3  0  3 -2 -2 -2 -1  1 -2 -3  1  0  0 -4 -3 -1    6   0   8  19   0   0  22   0   0   0   9  12   0   0   5   8   7   0   0   5  0.28 0.19
   57 D    2  0 -1  2 -3  1  2 -2  1 -3 -2  0 -2 -3  1  1  0  2 -2 -3   19   3   0  16   0   6  20   0   4   0   4   4   0   0   7   9   4   4   0   0  0.32 0.23
   58 Q    1  1  0  0 -3  4  1  1 -2 -3 -1  1 -2  0 -3  0  0 -3 -2 -3   12   5   3   4   0  28   8  10   0   0   7   6   0   5   0   7   4   0   0   0  0.27 0.23
   59 L   -2 -1 -4 -4  1 -1 -1 -4 -3  1  2 -3  1  4 -1 -3 -1  3  1  0    2   4   0   0   4   3   3   0   0  10  23   0   4  29   4   0   2   4   4   4  0.40 0.25
   60 L   -1  2 -1  0 -2 -1  0 -1 -2  0  0  1 -1 -3  2  1  2 -3 -2 -1    3  13   0   4   0   0   8   5   0   7  11   9   0   0  12   9  17   0   0   3  0.17 0.15
   61 K    0  0  0  2 -3  1  0  0  1 -2  0  2 -1 -3  1  0 -1 -3 -2 -2   10   3   4  12   0   6   5   6   4   0  15  20   0   0   8   4   0   0   0   0  0.18 0.16
   62 L    1 -1 -2  0 -2 -2 -2  2 -2  0  1 -2  1  0  0  0  0 -3 -2  0   18   4   0   6   0   0   0  16   0   3  22   0   4   4   4   9   4   0   0   6  0.12 0.14
   63 S    1  0  1  0 -3  1  1  0 -2 -2 -1  0 -2 -3 -2  2  0 -3  0 -1   13   4   6   3   0   8   9   8   0   0   9   6   0   0   0  25   3   0   4   2  0.18 0.18
   64 E   -1 -2  3 -1  1  3  4 -1 -2 -3 -2  0 -3 -4 -3  0 -2  2 -3 -1    2   0  16   0   4  15  37   3   0   0   2   4   0   0   0   6   0   4   0   6  0.54 0.36
   65 Q    1  0 -2  0 -3  3  2 -3  0 -1 -1 -1 -2  2  0 -1 -1  3 -1 -2   13   4   0   4   0  19  20   0   2   4   7   0   0  13   4   3   4   4   0   0  0.26 0.25
   66 V    1 -1  0 -2 -2 -2 -1 -1 -2  1  0 -1  1 -2  1  1  2 -3 -2  0   11   3   3   0   0   0   4   3   0  13  11   3   4   0   7  14  18   0   0   7  0.15 0.17
   67 Q    0  2 -2 -1 -3  3  2 -1  0 -2 -3  1  2 -3  0  1 -1 -4 -3  0    5  10   0   2   0  19  14   3   2   2   0  11   8   0   3  15   0   0   0   6  0.29 0.26
   68 H    0 -1 -1 -1 -3  3  1 -3  3 -1  1  0  1 -2 -3  0  1 -3 -2  0    7   0   2   2   0  18  11   0  11   3  13   3   5   0   0   6   8   0   0   9  0.21 0.21
   69 D    1  0  0  3 -3 -1  1 -1 -2 -1  0  2  0 -3 -2  0 -2  2 -2  0   12   3   3  18   0   0  12   3   0   4   8  20   2   0   0   3   0   4   0   6  0.20 0.19
   70 S    0 -1  0  0 -2  0 -2  0 -2  0  1 -2  2  0  1  1  0 -3 -2  0    9   3   4   8   0   3   0   5   0   6  14   0  11   6   9  12   7   0   0   3  0.10 0.14
   71 E    0  1 -1  2 -3  1  3  0 -2 -3 -1  0  0  1 -3  0 -1  2 -2 -3    8   6   0  10   0   6  30   7   0   0   5   6   3   7   0   5   3   3   0   0  0.28 0.24
   72 I    0  1 -1  0 -2  1  1 -3  1  1  0  0 -1 -2  0  0  0 -3 -2  1    8   7   0   5   0   8  11   0   5   9  10   2   0   0   4   9   7   0   0  15  0.10 0.13
   73 I    0 -1 -1 -3 -2  1 -1  0  0  3  1 -2  1  1 -3 -1 -1 -3 -1  1    7   2   3   0   0   8   3   7   3  23  16   0   4   8   0   4   2   0   0  11  0.14 0.17
   74 A    1  1  0 -1 -2  0 -1  0  0  0  0  0  0 -2  1  0  0 -3  0  0   19   9   4   3   0   6   0   5   3   5   7   4   4   0   8   8   6   0   3   6  0.08 0.10
   75 R   -1  2  1  2 -3  0  1 -1 -2 -1 -2  0 -2 -1 -1  0  0 -3 -2  1    3  14   7  15   0   4  12   3   0   3   2   4   0   4   3   6   3   0   0  16  0.16 0.17
   76 L    0 -1  0 -2 -1  2  1 -3 -2 -1  1  2  0  1 -2  0  0 -3  0  0    8   0   4   0   2  10  11   0   0   0  14  17   2   8   0   7   5   0   3   9  0.12 0.17
   77 T    0 -2 -2  0 -3  0  2 -2 -2  0  1 -1  2  0 -1 -1  0  2 -2  0   11   0   0   4   0   4  17   2   0   6  19   3   9   4   3   3   6   4   0   4  0.13 0.17
   78 D    0 -2  1  3  1  2  2 -3 -2 -3  0 -2  0 -3 -3  0 -2 -4 -3 -2   11   0   6  24   4  13  17   0   0   0  12   0   3   0   0   8   0   0   0   2  0.39 0.30
   79 K    1 -1  0  1  0  2  3  0 -2 -3 -2  1 -2 -4  0 -1 -1 -4 -3  0   16   2   3   6   2  10  27   6   0   0   2   9   0   0   3   2   3   0   0   8  0.29 0.26
   80 K    0  0 -1  0 -3  2  1 -2 -2 -2  0  3 -2 -1  1  0  0 -3 -2  0    6   3   2   3   0   9  10   2   0   0  10  25   0   2   9   8   3   0   0   7  0.20 0.20
   81 M   -1  0 -1  0 -3  1  1  0 -2  0  1  1  1 -1  0  0 -1 -3 -2  1    2   4   3   4   0  10   9   8   0   3  14   9   4   3   5   5   2   0   0  16  0.07 0.12
   82 K    2  1 -2 -1 -3  2  0  2 -2 -2 -1  2 -2 -4  2 -1 -1 -4 -3 -2   19   6   0   2   0   9   7  16   0   3   6  17   0   0   9   3   4   0   0   0  0.26 0.24
   83 D    0  1  1  3 -3  0  1  2  1 -3 -2  0 -3 -3 -1  0  1 -3  0 -3    9   7   5  21   0   3   8  16   3   0   3   4   0   0   2   6   8   0   3   0  0.25 0.20
   84 L    0 -1 -1  0 -2  0  0  1  0  0  1  0  0 -2  0  0  0 -2 -1  1    8   3   0   5   0   6   4  12   2   2  18   4   3   0   3  10   5   0   3  12  0.05 0.09
   85 S    0  0  2  2 -3  1  1 -1 -2 -2 -3  1 -1  0 -1  2  0 -3 -2 -1    9   4  13  10   0   7  10   4   0   0   0   7   2   5   2  17   4   0   0   5  0.20 0.19
   86 E    1  0  1  1 -3  1  2  0  0 -3 -2  0  0 -3  2  1  0 -3 -2 -2   11   4   6   9   0   4  17   6   3   0   2   5   3   0   9  10   7   0   0   3  0.21 0.16
   87 M    0  0 -1 -1 -2  1  1  0 -2  0  1  0  2 -1  1 -1  0  1 -2  1    5   4   3   3   0   6  11   7   0   3  17   4   8   2   7   1   4   2   0  13  0.07 0.12
   88 S    1  0  0  0 -2  1  0  0  1 -1 -3  1 -2 -1  1  3  1 -3 -2 -1   10   3   2   3   0   8   4   6   4   3   1   7   0   2   7  28   7   0   0   4  0.22 0.21
   89 H   -1  1  0  3 -3  1  1 -1  2 -3 -2  2 -2 -3  0  0  0 -3  0 -2    3   6   3  21   0   5  10   3   6   0   3  16   0   0   4   8   4   0   4   3  0.25 0.19
   90 T    0  0  0  1 -2  1  1  0 -1  0 -1  1 -1 -2  1  0  0 -3 -2  0   10   4   4   8   0   6  10   8   0   6   7   8   0   0   6   8   7   0   0   5  0.09 0.07
   91 L    1 -1  0  0 -2  0  0  1 -1  0  0  0 -1  0 -2  0  0 -2  0  0   14   0   6   6   0   3   7  10   0   7   8   5   0   6   0   9   3   0   4   9  0.04 0.07
   92 T    1  1  1  1 -2 -1  1  0 -1 -1 -2  1 -1  0 -2  0  1 -3 -2  0   12  12   5  12   0   0   8   8   0   5   1  10   0   6   0   5   8   0   0   7  0.10 0.10
   93 P    0  1  1  1 -2  1  1  0 -1 -2 -2  1 -2 -2  1  0  0 -2  1  0    8   8   7   8   0   7   8   8   0   0   1   8   0   0   8   8   8   0   7   8  0.13 0.11
   94 E   -1 -1  0  3 -3  1  2  0 -2  0 -1  1 -2 -3  0  1 -1 -3 -3 -2    4   0   2  23   0   9  18   5   0   8   5   9   0   0   5  10   0   0   0   1  0.28 0.16
   95 N    0 -1  1  0 -2  0  0  0  0 -1  1  0  1 -1  1  0  0 -2  0 -1    8   0  11   6   0   3   5   7   2   2  17   6   7   0   7   7   4   0   4   3  0.06 0.07
   96 T    0  0  1 -1 -2  0  0  2  0  0 -1  0  1  0 -1  1  0 -2 -1 -1    6   4   9   2   0   3   4  18   2   5   2   5   7   7   2  12   7   0   0   5  0.08 0.07
   97 L   -3 -2 -3 -4 -3 -1 -3  0  0  0  1 -3 -1  6 -4 -1 -1 -1  0 -2    1   3   0   0   0   4   1   8   2   4  15   0   0  52   0   4   5   0   0   1  0.71 0.30
   98 D   -1 -3  1  6 -4 -2 -1  0 -2  0 -3 -2 -3 -1 -3  0 -1 -4 -3 -2    4   0   6  56   0   0   1   9   0   6   1   0   0   4   0   6   3   0   0   3  0.78 0.31
   99 I   -2 -3 -3 -3 -3 -1 -3 -1 -3  5  1 -3  0 -1  3 -1 -2 -3 -2  1    1   1   0   1   0   3   1   6   0  45   9   1   2   2  18   4   1   0   0   6  0.52 0.24
  100 S    0 -1  1 -2 -3 -1 -2  2 -2 -2 -2  0 -2  0  0  4  0 -3 -3 -3    5   1   7   0   0   1   0  19   0   2   2   6   0   5   4  41   5   0   0   0  0.41 0.25
  101 S    1  0  2  0 -3  0 -2  3 -1 -3 -3  0 -1 -2 -1  2 -1 -3 -3 -2   12   4  11   3   0   4   0  31   2   0   0   7   2   2   2  16   2   0   0   1  0.36 0.19
  102 L   -1 -3 -3 -2 -3 -2 -3 -1 -3  0  2 -2  3  2 -3 -1  0  6  0  0    4   0   0   3   0   0   0   4   0   3  24   3  12  10   0   6   5  15   2   6  0.41 0.21
  103 S    0 -2  1 -1 -3  0  1  1 -2 -2 -2 -2 -1 -3 -2  3  1 -4 -3  0    7   0   7   2   0   4  12  10   0   1   2   0   2   0   0  36   9   0   0   7  0.34 0.23
  104 S   -1 -2  0  3 -3  1  0  0  1 -2 -2  1 -1 -2  0  2  0 -4 -3 -3    4   0   3  22   0   5   5   7   5   2   2  10   1   2   5  24   3   0   0   0  0.30 0.20
  105 N    0  2  1  1 -3  1  0 -1  3 -2 -2  2 -1 -2 -1  0 -1 -4 -2 -2    8  17   9  11   0   5   4   2  12   3   3  13   2   1   2   5   1   0   0   2  0.25 0.16
  106 A    2 -2 -2 -2  0  1 -2  0 -2  1  1 -2  3  0 -2  0 -1  2  0 -1   24   1   0   2   2   8   1   6   0   9  11   1  12   5   1   9   2   3   2   2  0.16 0.15
  107 V    2 -1 -1 -3 -2 -2 -2 -1 -1  2  0 -2 -1  2 -3  0  0 -3 -1  2   19   3   3   0   0   0   0   3   2  14   7   0   0  11   0   9   4   0   0  23  0.19 0.16
  108 S    1 -1  1  2 -3 -1  2  1  0 -3 -1  0 -1 -1 -2  0 -2 -4 -3 -2   16   1   8  16   0   1  19  12   2   0   8   5   2   2   0   6   0   0   0   1  0.24 0.17
  109 L   -1 -4 -4 -5 -3 -4 -4 -4 -4  2  4 -4  1  0 -4 -2 -2 -4 -3  3    6   0   0   0   0   0   0   0   0  13  42   0   2   3   0   3   1   0   0  29  0.66 0.31
  110 I   -3 -2 -4 -5  0 -2 -3 -5  0  3  4 -4  4  2 -4 -2 -3 -3 -1  0    0   1   0   0   2   1   1   0   3  17  46   0  14   8   0   4   0   0   1   3  0.64 0.31
  111 I    0 -2  0  0 -2  0 -2 -2 -2  1  1 -1  2  0 -2  0  1 -3 -1  1    9   0   6   6   0   6   0   2   0   9  15   3   8   3   0   7  10   0   2  12  0.09 0.11
  112 S    2  0 -1  0 -2  2  0 -2 -2  0  1  0  3 -2 -3 -1  0 -3 -3  0   23   4   2   5   0  11   6   1   0   4  16   5  13   0   0   2   3   0   0   5  0.17 0.17
  113 V    2 -3 -4 -4 -2 -3 -4 -4 -3  3  3 -3  2  0 -4 -2 -2 -3  1  2   18   0   0   0   0   0   0   0   0  18  36   0   6   4   0   1   0   0   4  13  0.50 0.26
  114 A    0  0  1 -3  1 -1 -2 -2 -2  2  1 -1  1  0 -3  0  1 -3  0  1    6   7   8   0   4   1   0   2   0  21  12   1   3   5   0   6   9   0   4  10  0.12 0.13
  115 V    1 -1 -1 -1 -3  2  1 -3  0  1 -1  1  1 -1 -2 -1  0 -3  0  1   12   2   1   2   0  10  13   0   2  11   1  14   5   3   0   3   8   0   3  10  0.14 0.14
  116 L    3 -3 -3 -4  0 -2 -2 -3 -4  1  2 -3  1  0 -3 -1  0 -3 -2  2   30   0   0   0   2   2   1   0   0   7  29   0   3   4   0   1   7   0   0  14  0.38 0.25
  117 L   -2 -3 -4 -4 -3  0 -1 -2 -3  0  3 -2  5  1 -4 -1 -2  0  1  1    2   0   0   0   0   4   4   2   0   2  39   1  21   4   0   4   1   1   6   8  0.50 0.29
  118 S    0  0  2 -1 -1  4 -1  0 -2 -2  1  0 -2 -2 -3  0 -1 -4 -2 -1    7   3  14   3   2  30   0   6   0   0  17   3   0   1   0   8   2   0   1   3  0.32 0.26
  119 A    0  0  0  0 -3  1  2 -2 -2  0 -1  3  0 -3 -2  0  0 -3 -1  0    8   1   5   6   0   5  13   1   0   8   6  24   3   0   0   7   6   0   2   5  0.17 0.15
  120 L    2 -3  1 -2 -2 -1 -2 -2 -3  1  2 -2  2 -1 -3  0  0 -3 -2  0   22   0  10   1   0   3   1   2   0  11  25   0   8   1   0   6   6   0   0   3  0.22 0.19
  121 R   -1  4  3  0 -4  0 -1 -2 -2 -2 -2  0  1 -1 -3  1  0 -4  0 -2    4  32  19   4   0   3   2   1   0   2   1   5   4   4   0   9   4   0   3   3  0.39 0.24
  122 T    0  1 -1 -1 -3  4  1 -3 -2  1 -2  0 -2 -3 -3  0  2 -4 -1  0    7   6   1   3   0  26  11   0   0  12   1   5   0   0   0   4  16   0   1   7  0.33 0.25
  123 A    4 -2  1  0 -3  0 -1 -1 -3 -1 -3 -1 -1 -4 -3  3  1 -4 -3 -1   39   0   6   4   0   4   1   2   0   3   0   3   2   0   0  27   7   0   0   2  0.47 0.30
  124 E    0  1  1  3 -3  0  2 -2 -2 -1 -1  0 -1 -1 -3  1  0 -4 -1 -2    9   8   8  22   0   1  20   0   0   3   5   2   1   2   0  11   3   0   3   0  0.30 0.19
  125 T    2  2  2 -1 -3  1 -1 -2 -2 -1 -1  0 -1 -3 -2  1  2 -4 -3  0   22  14  14   2   0   6   0   1   0   2   6   4   1   0   0   7  15   0   0   5  0.24 0.19
  126 K    0  1  1  0 -4  3  1 -2  0 -3 -2  4 -1 -4 -3  0 -1 -4 -3 -1    7   7   8   4   0  17   6   1   2   0   2  31   1   0   0   4   3   0   0   6  0.38 0.23
  127 L    0 -3 -1 -3 -3  1 -2 -4 -3  1  3 -3  4  0 -4 -2  0 -3 -2  0    8   0   4   0   0   8   1   0   0   9  38   0  17   4   0   1   5   0   0   4  0.42 0.25
  128 G    1  2  2 -2 -3  1  0  1  1 -3 -2  1 -2 -4 -3  2 -1 -4 -3 -2   12  13  10   0   0   7   3  12   4   0   4   8   0   0   0  25   0   0   0   1  0.31 0.21
  129 S    3 -3  2 -2 -3  0 -2  3 -3 -3 -3 -2  0 -4 -3  2  0 -4 -4 -2   31   0  10   0   0   4   0  29   0   1   0   0   3   0   0  15   5   0   0   2  0.56 0.30
  130 Q    0  1 -1  2 -3  1  1 -3  2 -2 -2  3  1 -1 -3 -1  0 -4 -2 -1   10   5   0  16   0   5   6   0   6   1   3  27   6   2   0   2   7   0   0   4  0.28 0.20
  131 L    0 -3  1 -1 -3 -1 -2 -2 -3 -1  2 -3  5  4 -4 -1 -2  0  1 -2    7   0   7   3   0   2   1   3   0   2  21   0  24  23   0   3   0   1   4   0  0.49 0.29
  132 S    2 -2  0 -2 -2 -1 -2  0 -1  0  0 -2  2 -3 -3  3  2 -4 -3 -1   18   1   3   0   0   2   0   7   2   5   8   0   8   0   0  25  19   0   0   2  0.30 0.23
  133 L    0 -1 -2 -2 -3  2  2 -2 -1  2  0  0  1 -2 -3  0  1 -3 -2  2    5   1   0   0   0  15  14   1   1  14   8   6   5   0   0   7   8   0   0  16  0.19 0.17
  134 I   -1  0 -1 -4 -3 -3 -4 -3 -4  2  3 -3  5 -1 -4 -1 -2  0 -2  2    3   5   3   0   0   0   0   1   0  15  28   0  19   1   0   3   1   2   0  19  0.47 0.26
  135 A    3 -2  1 -2 -3  2  0  0 -2 -4 -4 -1 -1 -4 -3  3  0 -4 -2 -3   31   0   8   0   0  11   6   5   0   0   0   3   1   0   0  32   2   0   1   0  0.53 0.32
  136 F    2  0 -1 -2 -3 -1  0 -1  2 -1 -1 -1 -1  3 -3  0  0 -2  2 -1   21   7   2   1   0   1   7   4   6   1   5   2   1  18   0   4   6   0   8   4  0.16 0.15
  137 D    0 -1  0  3 -4  3  3 -3 -2 -4 -2  2 -1 -4 -3  0  0 -4 -3 -3   10   1   2  22   0  13  22   0   0   0   3  14   2   0   0   6   5   0   0   0  0.48 0.26
  138 A    3 -2 -3 -3 -3  2 -2 -2 -1 -2  0 -2  4 -3 -3  2  0  0 -3 -1   39   1   0   0   0  10   0   1   1   0   7   0  15   0   0  16   4   1   0   4  0.47 0.32
  139 T    4 -2 -1 -3 -2 -2 -1 -2 -3  0 -2 -2  3 -3 -3  1  3 -4 -3  1   41   1   3   0   0   0   2   0   0   3   1   0   9   0   0   7  19   0   0  13  0.49 0.31
  140 K   -1  1  1 -1 -4  3  2 -2  1 -1 -1  3  1 -3 -3 -1 -1 -4 -3  0    5   4   7   1   0  18  14   1   3   4   6  22   5   0   0   0   2   0   0   7  0.30 0.21
  141 S    2  1  2 -1 -3 -1  0  1  0 -2 -1  0  1 -3 -2  1  0 -4 -3 -2   25   8  13   1   0   0   6   9   3   1   4   6   5   0   0  15   4   0   0   0  0.23 0.18
  142 A    3 -2 -1 -2 -3  4  0 -1 -2 -3 -3  0  0 -4 -3  2  1 -4 -3 -1   30   0   1   0   0  22   3   3   0   0   0   5   2   0   0  18  10   0   0   5  0.47 0.30
  143 A    5 -2 -1 -3 -3 -3 -3  3 -4 -4 -4 -2 -1 -4 -3  0 -1 -5 -4 -1   62   1   2   0   0   0   0  23   0   0   0   1   2   0   0   5   2   0   0   3  0.91 0.42
  144 E    1 -1  1  3 -3  2  2 -2 -2 -2 -3  0 -2 -4 -2  1  0 -4 -3  0   18   1   6  24   0  10  14   1   0   1   1   5   0   0   0   8   5   0   0   7  0.36 0.22
  145 N    3 -1  0 -1 -3  0  0 -2  1 -3 -3  1 -3 -4 -3  3  1 -4 -1 -3   28   2   4   1   0   4   5   0   4   0   1  11   0   0   0  32   6   0   1   0  0.45 0.28
  146 I   -2 -2  0 -1 -3 -1 -1 -1 -1  4  0 -2  3 -1 -3 -1  2 -4 -3  0    2   1   4   3   0   2   4   4   1  35   7   1  12   1   0   2  17   0   0   2  0.32 0.24
  147 V   -2  3 -3 -4 -3 -1 -1 -4 -3  4  0  1  0 -2 -4 -3 -1 -4  0  3    0  22   0   0   0   2   4   0   0  28   4   9   2   0   0   0   2   0   3  25  0.48 0.28
  148 R    1  4  0 -1 -4  3  2 -3  0 -4 -3  2 -3 -4 -3  1 -1 -4 -3 -3   11  26   4   1   0  16  12   0   2   0   1  12   0   0   0  11   2   0   0   0  0.51 0.27
  149 Q    2 -2 -2 -2 -4  3  4  2 -2 -3 -4  0 -1 -4 -3  1 -2 -4 -4 -3   18   0   0   0   0  20  29  14   0   2   0   4   2   0   0  11   0   0   0   0  0.57 0.32
  150 G    2 -4 -3 -4 -4 -4 -2  6 -4 -5 -5 -2 -5 -5 -4 -1 -3 -5 -5 -5   17   0   0   0   0   0   2  76   0   0   0   2   0   0   0   3   0   0   0   0  1.53 0.51
  151 L   -1  2  0 -1 -3  2  1 -2 -1  0  0  2  2 -2 -3 -1 -1 -3 -1  0    2  10   5   2   0  13  11   1   1   5  10  18   8   1   0   3   2   0   1   7  0.18 0.15
  152 A    2 -1  1  2 -1  0  1 -2 -1 -1 -2  0 -1 -3 -2  1  0  1 -1 -2   26   1   9  17   1   5   9   1   1   4   3   4   2   0   0   7   5   2   3   0  0.22 0.17
  153 A    3 -2  3 -1 -3  2  0 -2 -1  0 -1 -2  2 -3 -3  0  0 -4 -3  0   29   0  21   2   0  11   4   1   1   6   2   0   9   0   0   3   4   0   0   6  0.34 0.26
  154 L   -3 -1 -4 -5  1 -2 -4 -5 -4 -1  4 -3  5  2 -5 -3 -2 -3  1 -1    0   3   0   0   3   1   0   0   0   0  54   1  22   9   0   2   1   0   4   0  0.87 0.39
  155 S    1  0  1 -1 -2  0  0  1  0 -1 -2 -1  0 -1 -2  2  1  1  0 -1   12   5   8   1   0   2   4  10   3   3   2   2   4   2   0  18  14   3   3   4  0.13 0.12
  156 S    2 -3 -1 -3 -3 -2 -3  5 -3 -4 -4 -1  0 -4 -3  2 -1 -4 -2 -3   18   0   1   0   0   1   0  49   0   0   0   4   3   0   0  19   1   0   1   1  0.83 0.36
  157 S    5 -3 -1 -1 -3 -1 -3 -1 -3 -4 -4 -3 -3 -4 -3  2 -1 -5 -4 -2   68   0   3   2   0   2   0   2   0   0   0   0   0   0   0  19   2   0   0   1  1.00 0.46
  158 I   -1 -4 -5 -5 -3 -4 -5 -3 -5  6  1 -4  1  1 -4 -4 -1 -4 -3  3    5   0   0   0   0   0   0   2   0  57  10   0   2   5   0   0   2   0   0  18  0.91 0.38
  159 T    2 -3 -2 -3 -2 -2 -3  1 -3  0 -2 -2  1 -1 -3  3  3 -4 -3  1   15   0   0   0   0   0   0   9   0   6   2   0   3   3   0  27  22   0   0  13  0.38 0.27
  160 G   -1 -3  0 -3 -4  4 -2  5  0 -5 -5 -2 -4 -5 -4  1 -1 -4 -4 -4    4   0   4   0   0  23   0  53   2   0   0   0   0   0   0  12   2   0   0   0  1.03 0.43
  161 A    4 -3 -2 -3 -3 -1 -3  3 -3 -3 -2 -3  0  2 -3  2 -1 -4 -3 -3   39   0   0   0   0   2   0  22   0   0   2   0   2  10   0  21   2   0   0   0  0.59 0.33
  162 V    3 -4 -4 -4  0 -3 -3  0 -4  1 -1 -3  0 -1 -3 -1 -1 -4 -3  4   36   0   0   0   2   0   0   6   0   6   4   0   2   2   0   3   3   0   0  37  0.53 0.31
  163 T   -2 -3 -1 -4 -2 -3 -4 -2 -4  3  2 -3  1  0 -4 -2  2 -4 -2  3    1   0   2   0   0   0   0   3   0  17  28   0   2   3   0   2  15   0   0  27  0.46 0.25
  164 Q    1 -2  2 -1 -3  4 -1  2 -2 -4 -3 -2 -1 -4 -3  2  1 -4 -4 -3   11   0  10   1   0  31   0  18   0   0   1   0   1   0   0  20   7   0   0   1  0.57 0.33
  165 V    0 -3 -3 -3 -2 -3 -3  2 -3  2  1 -3  3 -1 -3 -1  1 -3 -2  2    9   0   0   0   0   0   0  16   0  11  16   0   9   2   0   4  12   0   0  20  0.28 0.19
  166 G    3 -3 -2 -3 -3 -3 -3  3 -3 -1 -2 -3 -1 -2 -3  1  1 -4 -3  0   32   0   0   0   0   0   0  31   0   4   2   0   1   2   0  13   9   0   0   7  0.53 0.28
  167 I   -1 -4 -4 -4 -3 -3 -4 -2 -4  3  2 -3  5  1 -4 -2  1  1 -2  2    4   0   0   0   0   0   0   2   0  16  17   0  27   5   0   1   9   2   0  17  0.57 0.30
  168 T    2 -3 -1 -3 -1  1 -2  0 -3 -2 -3 -2 -1 -4 -3  3  4 -4 -3 -1   24   0   2   0   1   6   0   7   0   1   0   0   1   0   0  23  32   0   0   2  0.57 0.33
  169 G    1 -3 -3 -3 -3 -3 -3  4 -3  0  0 -3 -2  1 -3 -1  0 -3 -3  2   16   0   0   0   0   0   0  37   0   5   9   0   0   6   0   4   5   0   0  18  0.45 0.25
  170 I    3 -3 -3 -3 -3 -3 -3  3 -3 -1 -1 -3  2 -2 -3 -1 -1 -4  0  2   34   0   0   0   0   0   0  24   0   1   5   0   6   1   0   3   3   0   3  21  0.45 0.27
  171 G   -1 -4 -2 -3 -4 -4 -4  6 -4 -5 -5 -3 -5 -5 -4  2  0 -5 -5 -5    3   0   0   0   0   0   0  73   0   0   0   0   0   0   0  19   5   0   0   0  1.49 0.51
  172 A    4 -2 -3 -3 -2 -2 -3  0 -1 -1  0 -2  1  0 -3  1  1 -3  0  0   44   1   0   0   0   1   0   6   1   2  11   0   4   4   0   7  12   0   2   4  0.36 0.26
  173 K    2 -1 -1 -3 -2  0 -2  2 -2 -1 -2  1  1  1 -3  0  0 -3  1  1   21   3   1   0   0   4   0  17   0   1   1  13   4   7   0   5   4   0   5  13  0.17 0.17
  174 K    0  0 -3 -3 -3  3 -2 -3 -2 -1  1  2  4  1 -3 -2  0  0 -2 -1    8   5   0   0   0  21   0   0   0   2  15  17  16   6   0   1   4   1   0   4  0.35 0.26
  175 T   -1  0  0 -2 -4  4  1 -2  1 -2 -3  2 -1 -4 -3  2  1 -4 -3 -2    2   3   4   0   0  29   7   2   4   2   0  12   2   0   0  21  10   0   0   1  0.49 0.29
  176 H    1 -1 -2 -3 -2 -1 -2 -2  2  1  1 -2  2  2 -3 -1  0 -2  1  1   16   2   1   0   0   2   0   2   8  12  15   0   8  10   0   4   6   0   6   7  0.16 0.14
  177 S   -2  3 -1 -1 -5  3 -1 -1 -2 -5 -4  6 -3 -5 -3  0 -3 -5 -4 -4    1  15   1   2   0  12   1   4   0   0   0  56   0   0   0   7   0   0   0   0  0.98 0.42
  178 G    2 -3 -2 -3 -4 -2 -2  5 -1 -3 -5 -1 -4 -5 -3  0 -3 -4 -4 -4   21   0   0   0   0   1   3  62   1   1   0   3   0   0   0   8   0   0   0   0  1.08 0.41
  179 I   -1 -2 -1 -3 -1  1 -2 -2  1  2  3 -2  1  0 -3  0  0 -3  0  0    4   0   3   0   1   8   0   1   5  12  39   0   3   4   0   6   8   0   3   3  0.25 0.19
  180 S    0  1  3 -1 -3  2  0 -1  1 -3 -3  2  0 -3 -2  1  0 -4 -2 -2    6   8  22   1   0   9   2   4   4   0   0  17   4   1   1  15   4   0   1   1  0.33 0.21
  181 D    0  1  1  0 -3  2  0  1 -1  1 -1  1  1 -3 -2 -1  1 -3 -3 -1   11   6   7   4   0  14   3  10   1  11   4  13   6   0   0   0  11   0   0   0  0.15 0.15
  182 Q   -1  1  1  0 -4  4  3 -3  1 -4 -4  2 -2 -4 -3 -1 -1 -4 -3 -3    3   7   6   2   0  27  27   1   3   0   0  14   1   0   0   3   3   0   0   2  0.63 0.31
  183 K    0  2  1 -1 -3  1  0  0  4 -1 -3  1 -2 -3 -3  1  0 -4 -1  0    8  17   7   1   0   4   4   7  14   4   0  12   0   0   0  10   4   0   1   8  0.24 0.17
  184 G    1  1  2  1 -3  1  1  1  0 -2 -3  2  0 -3 -2  0  1 -4 -3 -2   14   7  11  10   0   7   6   9   2   1   1  14   2   0   0   5   9   0   0   1  0.22 0.14
  185 A    3 -2  1  1 -3  0 -1 -1  1 -3 -2 -1  0 -4 -3  3  0 -4 -3 -2   32   1   8  10   0   2   2   4   3   0   3   1   3   0   0  27   2   0   0   1  0.40 0.26
  186 L   -3 -4 -2 -3 -3 -4 -3 -5 -4  4  4 -4  1 -1 -4 -3 -1 -4 -3  1    0   0   2   1   0   0   1   0   0  29  49   0   2   2   0   1   3   0   0   9  0.75 0.33
  187 R   -1  1  2  0 -4  1  2 -2 -2 -3 -4  5 -3 -4 -3  0 -1 -4 -3 -2    3   4  13   3   0   6  13   2   0   2   0  45   0   0   0   4   2   0   0   2  0.62 0.31
  188 K   -1  0  3  0 -3  2  0  0  3 -1 -3  1  0 -1 -1 -1  1 -3 -1 -2    4   5  20   5   0  11   4   5   8   3   0   9   2   3   2   2  13   0   1   2  0.23 0.17
  189 N   -3 -3  6  2 -5  0  1 -2  3 -3 -5 -2 -4 -3 -4  0 -2 -5 -1 -2    1   0  52  12   0   4   8   2   7   1   0   1   0   1   0   6   1   0   2   2  0.95 0.42
  190 L    1 -1 -1 -2 -2  0 -2  1 -2 -1  2  1  1 -2 -3  0  0 -3 -2  0   14   3   2   1   0   5   0  15   0   1  27  11   4   0   0   6   4   0   0   6  0.15 0.15
  191 A    1  2 -1 -1 -3  1  0  0 -1 -1 -2  3  0 -3  0 -1  0 -4 -3  0   11   9   1   1   0   7   3   9   1   4   0  30   2   0   4   3   6   0   0   8  0.24 0.18
  192 T   -1  1  0  1 -4  2  0 -2 -2 -4 -4  3 -3 -4  4  0  0 -4 -3 -2    5   9   5   8   0   9   6   2   0   0   0  22   0   0  22   4   5   0   0   2  0.50 0.24
  193 A    3 -2 -2 -1 -2  2 -2 -1 -3  1  0 -1  1 -3 -2  1  0 -3 -3  1   33   1   0   3   0  11   0   3   0   9  10   2   4   0   1  10   4   0   0   9  0.23 0.20
  194 Q    1  0  3  1 -3  1  0 -1  0 -1 -1 -1  1 -2  0  0  0 -3 -2 -1   14   6  25   8   0   5   4   4   3   2   6   2   5   2   3   5   3   0   0   3  0.18 0.15
  195 S    1  0  1  0 -3  2  2 -1  0 -2 -2  2 -1 -3  1  0  0 -3 -2 -2   12   4   9   5   0   9  15   2   2   1   4  15   1   0   7   7   6   0   0   0  0.22 0.14
  196 L    1 -1 -1 -3 -3 -1 -2 -3  2  0  3 -1  1  0  0 -2 -2 -3 -1 -1   12   4   3   0   0   2   1   1   7   3  43   4   4   4   6   2   2   0   1   2  0.30 0.22
  197 E    0  2  2  1 -3  1  2  0  0 -4 -3  1 -3 -4  0  0  0 -4 -3 -3    6  15  12   9   0   7  12   9   2   0   1  10   0   0   5   7   4   0   0   0  0.30 0.18
  198 K    1  1  1  1 -3  2  1 -1  2 -1 -1  1 -1 -2 -2  0  0 -3 -2 -1   13   9   8   8   0  10   9   4   6   3   4   9   1   1   0   4   7   0   0   4  0.15 0.15
  199 E   -1  0  1  2 -3  1  2 -2  0 -1 -2  1  1  0  0  0 -1 -3 -2 -1    4   4   9  13   0   8  19   2   2   3   2   9   4   4   4   7   3   0   0   4  0.20 0.19
  200 L    2 -1  0 -1 -2  1 -1 -1 -2  1  1  0  1 -1 -2  0  0 -3 -2  0   24   2   4   4   0   6   2   4   0   7  20   5   4   2   0   6   4   0   0   4  0.12 0.18
  201 A    2  1  2 -1 -3  1  0  0  0 -1 -2  0 -2 -3  0  0  0 -3 -3 -1   22  11  13   3   0   6   3   6   2   3   4   6   0   0   5   5   5   0   0   3  0.17 0.18
  202 G    0 -1  1  2 -3  1  2  0 -2 -2 -2  1 -1 -2 -1  1  1 -3 -3 -2    7   2   7  11   0   6  15   8   0   2   3   8   1   2   3  14  12   0   0   0  0.22 0.20
  203 S    0  0  1 -1 -2  1  0  0  1  0  1  0  1 -2  0  0  0 -3 -2  0   10   4   7   3   0   6   3   7   4   8  16   5   4   0   3   8   4   0   0   7  0.04 0.08
  204 K    0  2  0  0 -3  2  1 -1  0 -2 -1  2 -1 -2 -1  0  1 -3 -2 -2    9  13   4   6   0  12   7   5   2   1   5  16   1   1   2   7   8   0   0   1  0.20 0.18
  205 L    0  1  2 -1 -2  1 -1 -1  0  0  1  0  1 -1 -1  0  0 -3 -2  0    8   9  14   3   0   7   3   3   2   4  19   4   3   1   2   8   5   0   0   5  0.09 0.14
  206 G    2 -1  1  1 -3  2  1  3 -2 -2 -3 -1 -3 -4 -3  1  1 -4 -3 -1   17   2   5   7   0  10   7  23   0   2   1   2   0   0   0  11   8   0   0   3  0.31 0.26
  207 L   -1  0 -3 -2 -3  0 -2 -1 -3  1  3 -1  1  0 -1 -1 -1 -3 -2  1    3   6   0   2   0   4   2   4   0   6  39   3   2   4   4   4   2   0   0  13  0.24 0.23
  208 N    0  1  4  3 -3  1  0 -2  1 -3 -2  1 -3 -4 -2  0  0 -4 -3 -2    9   6  25  16   0   6   3   2   4   1   3   8   0   0   2   5   5   0   0   3  0.36 0.28
  209 K    0  3  0  0 -3  1  0  1 -2 -3 -3  2 -1 -3 -1  1  0 -3  0 -2    9  17   3   4   0   8   4  14   0   0   1  12   2   0   2  12   6   0   4   2  0.24 0.21
  210 Q    1 -1  0 -1 -3  3  0 -1  0 -1 -2  1 -1 -1  2  0  1 -3 -2 -1   12   2   4   2   0  20   4   5   2   3   3   7   2   3  13   7   8   0   0   3  0.22 0.22
  211 I    0 -1  1  1 -2 -1  0  1 -2  0  0  0  0 -1  1  0  1 -3 -2  0    5   4   8   8   0   0   4  13   0   5   8   5   2   3   7   7  10   0   0  10  0.07 0.09
  212 D    0  0  1  1 -2  1  1 -2  0 -2 -1  1  0 -2  2  1  0 -3 -2 -2    9   5   9   7   0   6   8   1   3   2   8   9   3   2   9  13   6   0   0   1  0.15 0.14
  213 T    1 -1  0  1 -2  1  0  1 -1  0 -1  0 -1 -2  0  1  1 -3 -2  0   15   2   4   9   0   6   5  10   2   5   7   5   0   0   4  10   8   0   0   7  0.09 0.10
  214 N    1 -1  2  1 -2  0  1  0  0 -1 -2  1 -2 -3  1  1  0 -3 -2  0   13   1  13   8   0   4   7   7   2   2   3   9   0   0   7   9   5   0   0  11  0.15 0.15
  215 I    0  0  2  0 -2  0  1 -1  0  0  0  1  0 -2  0  0  0 -3 -2  0    8   3  12   6   0   2   9   2   2   7  14   9   3   0   5   6   6   0   0   4  0.07 0.10
  216 T    1 -1  1  1 -2  0  0  1 -2 -1 -1  0 -2 -3  2  0  1  1 -2  0   10   3  10   7   0   4   3  11   0   3   5   6   0   0  10   8   9   2   0   6  0.13 0.12
  217 S    0 -1  1  0 -2  1  1 -1  0 -1 -1  1 -1 -3  0  2  0 -3 -2  0    9   2   6   3   0   7  12   4   3   4   5   8   1   0   4  17   6   0   0   8  0.12 0.14
  218 P    0  0  1  1 -3 -1 -2 -1  0 -1  0 -1  1 -3  4 -1  0 -3 -3  0   10   4   7   9   0   2   0   4   3   2  13   3   4   0  21   3   5   0   0   9  0.24 0.20
  219 Q    0  2  1  1 -3  2  0  1 -1 -2 -2  1  0 -1  0  0 -1 -3 -2 -1    7  12   9   9   0  11   6  11   0   2   3  10   3   3   5   6   0   0   0   3  0.16 0.15
  220 T    1  0  1  0 -2  0  0 -1  0 -1 -1  0 -2 -3  1  1  2 -3 -2  0   11   4   7   4   0   4   4   3   3   4   5   4   0   0   7   9  21   0   0   9  0.14 0.17
  221 N   -1  2  2  1 -3  1  0 -1 -1 -1 -1  2 -2 -3  0  0  0 -3 -1  0    4  13  10   8   0   8   3   4   0   3   5  14   0   0   4   6   8   0   3   6  0.14 0.15
  222 S    1  1  2  1 -2  1  0  0  1 -2 -1  0 -1 -3 -2  2  0 -3 -1 -1   12   9  10   7   0   6   6   6   3   0   4   6   2   0   0  16   6   0   2   4  0.15 0.15
  223 S    1 -1  1  0 -2  1  1  1  0 -1 -1  0  0 -1  0  1  0 -3 -2  0   13   2   8   6   0   8   9   9   1   2   6   6   2   3   4  11   4   0   0   6  0.09 0.10
  224 T    2 -1  0 -1 -2  0  0  1 -1  0 -1  0 -2 -2  0  0  2 -3 -1  0   18   3   4   3   0   3   5   9   1   6   4   5   0   0   5   3  21   0   3   6  0.14 0.17
  225 K    0  1 -1  1 -3  0  0  2 -2 -1 -2  1 -1 -3 -1  0  0 -3 -3  0    9   9   0   7   0   3   7  22   0   3   2  12   2   0   3   6   4   0   0   8  0.18 0.17
  226 F    0 -1  0  0 -2  1  1  1  0  0  0  0  0 -1  0  0  0 -2 -1 -1   10   0   5   6   0   6  11  13   2   5   8   8   4   2   3   3   8   0   2   3  0.06 0.08
  227 L    1 -1 -1  0 -2  0 -1 -1 -2  0  0 -1 -1 -2  3  1  2 -3 -2  0   12   2   2   7   0   3   2   4   0   6  10   3   1   1  14  11  14   0   0   6  0.17 0.16
  228 G    0  0 -1  2 -3  1  1  2 -2 -2 -2  0  1 -3  0  0  0 -3 -3  0    8   7   2  13   0   5  10  19   0   0   3   7   4   0   4   3   5   0   0   8  0.17 0.17
  229 K    0  1  1  1 -2  1  0  0  2 -2 -1  0  1 -2  1  0  0 -3 -2  0    7   7   7   7   0   7   7   7   6   0   7   7   6   0   7   7   7   0   0   7  0.09 0.10
  230 N    0  0  2  1 -2  1  0  1  1 -1  0  0 -1 -1  0  0  0 -3 -1 -1    8   3  12  10   0   7   4  10   5   2  10   5   0   2   4   5   6   0   1   5  0.08 0.09
  231 K    0  0  1  2  0  1  1  1 -2 -3 -3  2 -1 -3  1  0  0 -3 -3 -2    9   4   6  14   2   6   8  11   0   1   1  13   2   0   8   7   4   0   0   3  0.21 0.16
  232 L    1 -1 -1  0 -2 -1 -2 -1 -1  2  1  0  1  0 -2 -1  0 -2 -1  1   12   2   3   7   0   2   1   3   1  15  18   6   3   5   1   3   5   0   0  11  0.07 0.11
  233 A    2  0 -1  0 -2  2  1 -1  0 -1 -2  1 -1 -3  0  1  1 -3 -2 -1   18   5   1   4   0  13   7   4   2   4   2   9   2   0   5   8  12   0   0   4  0.17 0.18
  234 P    0 -1 -1 -1 -3  0  1  1  1 -3 -3  0 -3 -4  4  1 -1 -4 -1 -1    8   3   3   3   0   5  10  11   4   0   2   5   0   0  28   9   3   0   2   4  0.43 0.27
  235 D    1 -1  1  3 -3  0  0  1 -1 -3 -3  1 -3 -4 -1  3  0 -4 -3 -3    9   3   5  18   0   5   6  12   1   0   2   7   0   0   2  25   5   0   0   0  0.34 0.27
  236 N    0  0  3  1 -3  1  0  2  0 -3 -2  0 -1 -3  2  0  0 -4 -3 -1   10   4  18   8   0   6   4  14   2   0   3   4   2   0  11   5   4   0   0   4  0.25 0.19
  237 I    1  0  0  1 -2  0  0  0  0 -1 -2  1 -1 -3  1  0  1 -3 -2  0   11   5   4  10   0   5   3   7   2   4   2  13   1   0   8   6   9   0   0   9  0.12 0.12
  238 S    0  2  0 -2 -3  2  1  0  1 -3 -1  0 -2 -3  1  0  1 -3 -2 -1    8  15   5   0   0  13  12   9   3   0   6   4   0   0   6   5   9   0   1   3  0.20 0.19
  239 L   -1 -3 -3 -1 -3 -1  0 -4 -1  1  4 -2  1 -2  0 -1  0 -3 -3  1    4   0   0   3   0   3   7   1   2   5  45   2   2   0   5   3   7   0   0  10  0.34 0.28
  240 S    1  0  0  1 -2  1  0 -1 -1 -2 -1  0  0 -3 -1  2  2 -3 -3 -1   12   6   2  11   0   7   5   4   1   2   5   3   2   0   2  20  15   0   0   2  0.20 0.20
  241 T    1 -1  1  1 -3  0  0 -2 -2 -3 -2  1  0 -3  3  1  0  2 -3 -2   15   2   6  10   0   5   4   0   0   0   3  10   3   0  19  13   4   3   0   2  0.34 0.26
  242 E    1  0  1  0 -3  2  3 -1 -2 -3 -3  1 -3 -2  0  0  0 -4 -3 -3   12   4   6   5   0  10  26   5   0   0   2  11   0   2   5   6   4   0   0   0  0.34 0.27
  243 H   -1  0  0  0 -4  1  3 -2  6 -2 -4  0  0 -2 -2 -1 -1 -4 -2 -1    3   4   5   5   0   4  22   3  30   2   1   4   2   1   2   5   4   0   0   4  0.61 0.40
  244 K   -1  2  0  0 -3  3  1  0  1 -2 -2  2 -1 -3  0  0 -1 -3 -3 -2    5  15   4   3   0  17   6   7   3   3   3  15   1   0   4   8   3   0   0   2  0.27 0.22
  245 T    3 -2  1  1 -2  2  1  0 -1 -1 -2  0 -1 -3 -1  0  0 -3 -3 -1   30   0   6   7   0  10   8   6   1   3   3   4   2   0   2   6   7   0   0   4  0.22 0.22
  246 S    1  0  0 -2 -2  1  0 -2 -1  1 -1 -1 -2 -3 -1  1  1  3 -2  2   14   4   4   1   0  10   4   2   1   7   2   3   0   0   2  10   9   4   0  22  0.17 0.21
  247 L   -1 -2 -2 -4 -3  0 -1 -4 -1  1  3 -1  3  1  0 -3 -1 -3 -1  1    5   2   1   0   0   5   4   0   2   5  42   3   8   5   5   0   3   0   2   8  0.36 0.29
  248 S    1 -1  0  2 -3  1  2  1 -1 -4 -4  1  0 -4  0  3 -1 -4 -3 -3   11   1   4  11   0   7  12   9   1   0   0   7   2   0   4  29   2   0   0   0  0.37 0.32
  249 S    2  1  0  1 -3  3  1  0  1 -3 -3  1 -3 -4 -3  1 -1 -4 -3 -3   21   8   3   9   0  17   7   7   5   0   2   7   0   0   0  11   2   0   0   0  0.32 0.27
  250 P    0  1  0  0 -3  0  2 -1  1 -2 -3  0 -2 -3  2  0  1 -4 -3 -1    8  11   4   4   0   4  18   3   5   1   1   6   0   0  11   7  13   0   0   5  0.25 0.21
  251 D    1  1 -1 -1 -2  0 -1 -1  1  2  0  0 -1 -2  0  0  1 -3 -1  0   14   7   2   2   0   4   4   3   5  16  12   5   0   0   5   5  10   0   1   5  0.08 0.13
  252 I    1  1  2  2 -3  0  1 -2  0 -1 -1  0  1 -3  1  0  0 -3 -3 -1   14   8  15  13   0   2   8   0   2   3   7   4   4   0   7   6   3   0   0   3  0.17 0.17
  253 S    1  1  0  3 -3  0  1 -1 -1 -2 -2  1 -1 -3 -2  1  0 -3 -1 -1   14   8   2  21   0   4   7   2   1   2   3  10   2   0   0   9   5   0   2   5  0.21 0.19
  254 L    1  1 -1  0 -2  0 -1 -1  0  0  2 -1  2 -2 -2 -1  1 -3 -2  0   12   8   2   6   0   6   2   4   2   6  22   2   8   0   0   3  11   0   0   5  0.10 0.16
  255 Q   -1  2  1  0 -3  4  2 -1 -2 -2 -2  1  0 -3  1 -1  0 -3 -3 -2    5  12   8   6   0  22  11   4   0   2   3   8   3   0   6   2   4   0   0   3  0.29 0.25
  256 D    2 -1  1  2 -2  0  0 -2  2 -1 -2  0 -2 -1  0  1  0 -3  0 -1   21   2   6  13   0   5   6   0   6   2   3   7   0   2   3   9   4   0   3   5  0.15 0.17
  257 K    0  2  1  1 -3  2  2 -2  0 -3 -2  2  0 -3 -2  0  0 -3 -3 -1    9  14   6  10   0   9  13   2   3   0   3  13   3   0   0   8   3   0   0   4  0.25 0.21
  258 I    2  0 -1 -1 -2  0 -1  0 -1  2  0 -1  0 -3 -1  1  0 -3 -3 -1   26   5   2   2   0   4   3   6   2  17   6   3   2   0   2  14   3   0   0   2  0.17 0.22
  259 D    1  1  2  2 -3  1  1  0  0 -1 -2  1 -2 -3 -1  0  0 -3 -3 -2   12   7  11  14   0   8   7   9   2   3   2   8   0   0   2   6   6   0   0   2  0.19 0.16
  260 T    0  0  1  1 -3  1  2 -2 -2 -1  0 -1  1 -3 -1  0  2 -3 -3  0   10   3   6   9   0   6  15   0   0   3  12   2   4   0   2   7  14   0   0   5  0.15 0.18
  261 Q    0 -1  0 -2 -1  1  1 -1  4 -1  1  0  0 -1  0  0 -1 -3  0 -1    9   2   3   0   1   7  11   4  13   3  19   4   2   2   4   7   2   0   3   2  0.14 0.18
  262 R   -2  2  0  1 -4  3  3  0  2 -3 -3 -1 -3 -4  0  0 -1 -4 -3 -4    2  13   5   9   0  17  22   6   5   2   2   1   0   0   5   7   3   0   0   0  0.43 0.33
  263 R   -1  1  2  0 -3  1  0 -2  1  1  1 -1  2 -2 -1 -1 -1  3 -1 -1    3   9  12   4   0   7   6   2   4  11  13   2   8   0   3   4   3   5   2   3  0.12 0.17
  264 T    2  1  1  1 -3  1  0 -2 -2 -1 -1  1 -1 -3 -3 -1  0 -3 -1 -1   25   7   9  10   0   9   5   2   0   3   6   7   1   0   0   2   7   0   2   4  0.19 0.22
  265 Y   -1 -1 -1 -1 -3  0  0 -2  5 -1  0 -1  2  1 -3  2 -1 -3  1 -2    2   3   3   3   0   3   4   3  21   3   9   3   8   7   0  18   3   0   4   2  0.32 0.30
  266 E    0  0  1  2 -4  3  2 -2 -2 -3 -2  2  0 -1 -1  0 -1 -4 -1 -3    9   3   8  11   0  16  16   2   0   0   3  14   3   2   3   5   3   0   2   0  0.32 0.27
  267 L   -1  0  0  1 -3  3  1 -3 -1 -2  1  1  2 -2 -3  0 -1 -3 -3 -2    5   3   5  10   0  16   8   0   1   0  20  12   7   2   0   5   3   0   0   1  0.22 0.22
  268 N   -1 -1  5  0 -3  1  0  0 -2  0 -1  1 -1 -2 -3 -1  0 -4 -2 -1    5   2  37   2   0   5   6   8   0   5   5   8   1   1   0   3   5   0   1   5  0.39 0.29
  269 T    0  1  0 -1 -3  2  1 -1 -2 -2  0  1  1 -1 -2  1  1 -3  0 -1    7   9   5   3   0  12   8   3   0   0   9   7   5   3   0  10  13   0   4   2  0.13 0.15
  270 L    0  0  1 -1 -2  0 -1 -2 -1  2  2  1  0 -1 -3 -1 -1 -3 -2  1    8   6  11   2   0   5   2   2   1  14  22  10   1   2   0   4   0   0   0   9  0.11 0.13
  271 S    0  1  0  1 -3  1  0  1 -2 -1 -2  3 -1 -3 -1 -1  1 -3 -3  0    7   6   5   8   0   8   6  11   0   4   0  22   2   0   2   1   9   0   0   9  0.18 0.16
  272 A    3 -2 -1 -3 -2  0 -2  0  1  0 -1 -2  0  0 -2  0  0  2  2 -1   36   0   3   0   0   6   2   7   3   6   5   0   2   4   1   6   5   3  10   1  0.25 0.22
  273 Q   -1  3  1  2 -4  4  2  0 -2 -4 -3  0  0 -4 -3  0 -1 -4 -3 -3    4  16   7  12   0  23  11   8   0   0   0   4   3   0   0   8   2   0   0   0  0.43 0.27
  274 Q    0  3  1 -1 -3  2 -1 -1 -1 -1 -2  3 -2 -3 -1  0 -1  0 -3 -1    8  23   5   2   0  10   0   4   1   3   4  22   0   0   2   7   3   1   0   3  0.31 0.22
  275 K    0 -1  1 -1 -1  2  0 -3  1  0  1  2  1 -2 -2 -1 -1  2 -2  0    6   1  10   2   1  15   3   0   3   6  16  15   5   0   1   3   3   4   0   5  0.15 0.17
  276 Q   -1  3  0  0 -3  4  1 -2 -2  0 -1  1  2 -3 -3  0 -1 -3 -1 -1    5  16   3   4   0  25   6   2   0   6   5  10   6   0   0   5   2   0   2   3  0.31 0.24
  277 N    2  0  0 -2 -2  0  0 -1  0  1  0 -2  2 -1 -2  0  1 -3 -2  0   27   4   6   0   0   4   8   3   2   9   8   0   8   3   0   5   9   0   0   5  0.14 0.17
  278 I   -1  1 -1 -2 -3  2 -1  0 -1  1 -1  2  1 -2 -3  0  1 -3 -1  1    3   9   2   0   0  13   0   6   1  11   4  19   3   1   0   5  10   0   1  11  0.17 0.18
  279 G    2 -4 -3 -3 -4 -3 -2  6 -4 -3 -3 -3 -4 -2 -4 -1 -1 -4 -2 -2   19   0   0   0   0   0   2  63   0   1   3   0   0   1   0   3   3   0   1   2  1.10 0.47
  280 R   -2  2  0  2 -4  4  1  1  1 -3 -2  0  0 -3 -3  1 -1 -4 -1 -2    0  10   2  14   0  23   9   9   3   0   2   2   3   0   0  12   3   0   2   3  0.34 0.25
  281 A    3 -1 -3 -3 -3  1 -2 -2 -3  0  1 -1  0  0 -2  0  1 -3  0  0   35   2   0   0   0   7   0   1   0   4  17   2   2   3   1   5  12   0   4   4  0.29 0.26
  282 T    0 -3 -4 -4 -3 -1 -4 -3 -4  2  3 -3  3  0 -4 -1 -1  0 -1  2    9   0   0   0   0   3   0   1   0  16  36   0   9   3   0   3   4   2   2  13  0.44 0.27
  283 M   -1  0  1 -1 -3  1 -1  1 -3 -2 -2 -1  4 -3 -3  2  2 -4 -3 -1    2   4   7   2   0   9   3  11   0   1   1   1  15   0   0  23  15   0   0   4  0.34 0.29
  284 E    0  1 -1  0 -3  3 -1  1  0 -1 -3  0  1 -4 -3  2  2 -4 -3 -2    8   8   1   4   0  16   2  10   3   3   0   5   4   0   0  21  13   0   0   2  0.28 0.24
  285 T    0 -3  0 -3 -1 -2 -3  0 -3  1  2 -2  3  1 -3  0  0 -3 -1  1    8   0   6   0   1   1   0   7   0   6  25   2  13   7   0   8   5   0   1   9  0.20 0.19
  286 S    3 -3 -1 -3 -3 -2 -3  4 -4 -3 -2 -3  0 -4 -3  3 -1 -5 -4 -3   29   0   3   0   0   1   0  31   0   1   3   0   2   0   0  28   2   0   0   0  0.74 0.42
  287 A    0  1  0  1 -3  2  0 -1  3 -2 -1 -1  4 -2 -2  0  0 -3 -1 -1    6   7   5  10   0  14   4   3   9   1   4   1  16   1   1   9   5   0   2   3  0.22 0.22
  288 V    1 -3  1 -1 -3 -1 -2 -1 -3  1 -1 -2  1 -3  3  2  1 -4 -3  1   13   0   6   2   0   2   0   3   0  10   2   0   4   0  18  19   8   0   0  13  0.33 0.24
  289 A    1 -3 -3 -3 -2 -3 -3  0 -3  2  1 -3  3  1 -3  0  1 -3 -2  2   16   0   0   0   0   0   0   9   0  11  16   0  10   7   0   6   9   0   0  14  0.26 0.21
  290 G    2 -2  1 -1 -3  0 -1  3  0 -4 -4  0 -3 -4 -3  3  0 -4 -4 -3   19   1   5   3   0   4   2  29   2   0   0   5   0   0   0  23   6   0   0   0  0.52 0.31
  291 N    1  0  3 -1 -3  2 -2  2  1 -4 -3  0 -2 -4 -3  1  1 -4 -3 -3   11   5  19   2   0  14   0  20   3   0   1   6   1   0   0  11   8   0   0   0  0.41 0.28
  292 I    0 -4 -4 -4 -3  0 -4 -2 -4  4  1 -3  4 -1 -4 -2 -1 -4 -3  3    6   0   0   0   0   6   0   2   0  25  14   0  16   1   0   2   3   0   0  24  0.56 0.33
  293 S    4 -4 -4 -4 -3 -3 -3 -2 -4  2  0 -3  1 -1 -3  0  0 -4 -3  2   45   0   0   0   0   0   0   1   0  12   8   0   4   3   0   5   5   0   0  18  0.55 0.36
  294 T    0 -1  2  2 -3  1  1  2 -2 -4 -4 -2 -3 -4 -3  2  2 -4 -3 -2    8   3   9  10   0   6   9  16   0   0   0   0   0   0   0  22  14   0   0   2  0.38 0.27
  295 S    3 -3  1 -1 -3 -1 -3  4 -3 -4 -3 -2 -3 -5 -3  2  0 -5 -4 -3   30   0   8   3   0   2   0  32   0   0   1   2   0   0   0  20   3   0   0   0  0.68 0.38
  296 G    2 -3 -1 -3 -3  0 -2  2 -3  1 -2 -2  0 -3 -1  2  1 -4 -3  1   20   0   2   0   0   4   2  16   0  12   1   0   3   0   2  21   8   0   0   9  0.29 0.25
  297 G    0 -2  1 -2 -3 -1 -2  4 -2  0  0 -2  0  0 -3  1  0 -3  0  0    8   1   6   0   0   3   1  34   0   5   9   0   2   5   0  11   5   0   4   6  0.28 0.20
  298 R   -1  3  1  1 -4  4  1  1  1 -4 -2  0 -1 -4 -3  0 -1 -4 -3 -4    5  21   8   7   0  26   6  11   4   0   3   2   2   0   0   4   2   0   0   0  0.47 0.30
  299 Y    0 -3 -2 -4 -3  0 -3 -4 -2  0  2 -3  3  0 -1 -1  1 -2  3  2    6   0   1   0   0   6   0   0   0   3  18   0  12   2   3   5   8   0  13  21  0.31 0.25
  300 A    3 -2  0  1 -3  1  1  0 -1 -2 -2 -1  0 -3 -1  0  0 -4 -3  0   32   0   5   8   0   9  11   5   1   1   3   1   2   0   2   5   5   0   0   9  0.24 0.22
  301 S    3 -2 -1 -2 -3  3  3 -2 -3 -3 -3  0 -1 -4 -3  1 -1 -4 -3  0   31   0   1   0   0  15  21   2   0   0   0   5   2   0   0  11   3   0   0   9  0.47 0.34
  302 A    3 -1 -1 -3 -3 -2 -2 -1  2 -2 -3  2  0 -2 -3  2  1 -4  1 -2   34   1   1   0   0   0   0   4   5   1   1  14   3   1   0  20   9   0   5   1  0.40 0.31
  303 L    1  0  1 -1 -2  1  1  0  0  0  0  0 -1 -2 -2  1  0 -3 -1 -1   15   6  10   1   0   7  10   7   3  10   9   4   1   0   0  10   3   0   1   3  0.09 0.11
  304 E    2 -1  0  2 -4  2  4 -3  2 -2 -2  0 -3 -2 -3 -1 -2 -4 -2 -3   22   2   4  11   0   8  31   0   6   2   5   6   0   1   0   1   0   0   1   0  0.44 0.30
  305 E   -1  5  1 -1 -5  4  2 -4  1 -4 -4  1  1 -4 -3 -1 -1 -4 -3 -3    4  36   6   2   0  21  13   0   4   0   0   5   4   0   0   2   3   0   0   2  0.72 0.38
  306 E    5 -3 -2 -3 -3  1  0  0 -3 -4 -4  0 -3 -4 -3  2 -2 -4 -1 -1   54   0   1   0   0   8   5   6   0   0   0   5   0   0   0  15   0   0   2   3  0.68 0.41
  307 E   -1  0  2  3 -4  2  4 -1  0 -3 -3  1 -3 -4 -3 -1 -1 -4 -3 -2    5   5  12  16   0  10  31   3   2   1   2   7   0   0   0   1   2   0   0   2  0.51 0.29
  308 Q    2  1 -2 -2 -4  5  3 -2 -2 -4 -4  1 -3 -5 -3  1 -2 -4 -4 -1   19   6   0   0   0  34  19   1   0   0   0   7   0   0   0   9   0   0   0   4  0.70 0.41
  309 L   -1 -1  1  0 -3  2  0 -1  1  0 -2  2  1 -3 -3  0  2 -4 -2  0    3   2   6   4   0  11   6   4   4   5   2  14   5   0   0   6  21   0   0   8  0.19 0.18
  310 I   -2 -2  0 -3 -3 -1 -1 -3 -2  3  3 -2  3 -2 -4 -2 -1 -3  0  1    1   2   6   0   0   2   3   1   1  27  34   2   8   0   0   1   3   0   3   5  0.42 0.27
  311 S    1  0  1  1 -3  2  1 -1  1 -2  0 -1  0 -1 -2  1 -1 -3  0 -2   17   4   7  10   0  13   8   2   4   2   8   2   4   2   0  14   1   0   3   1  0.16 0.16
  312 Q   -2  2  0  2 -5  6  3 -1 -2 -5 -5 -1 -3 -5 -3  0  0 -5 -4 -4    2  10   2  10   0  42  18   4   0   0   0   2   0   0   0   4   4   0   0   0  0.86 0.45
  313 A    3  0  2 -1 -1  1 -1 -1 -2 -3 -2 -1 -1 -3 -2  2  1 -4 -1 -1   29   3  11   1   1   8   1   2   0   0   3   3   1   0   0  19  10   0   3   5  0.29 0.24
  314 S    2 -2  2  2 -3  0  1  1 -2 -1 -2 -1 -2 -2 -2  1  1 -4 -3 -1   22   0  10  15   0   3  11   8   0   3   2   2   0   1   0  11   8   0   0   4  0.24 0.19
  315 S    2  0  0 -2 -3  3  0  1 -1 -3 -3  1 -2 -4 -3  2 -2 -4 -3 -2   21   3   4   0   0  21   6  12   1   0   2   7   0   0   0  19   0   0   0   3  0.39 0.28
  316 K    0  2  1  1 -3  3  1  0  0 -3 -3  1 -1 -4 -2  1  1 -4 -3 -3    7  13   7   8   0  17  10   8   1   0   0   7   2   0   0  12   7   0   0   0  0.32 0.21
  317 Q    1 -3 -3 -4 -1 -1 -3 -4 -4  3  1 -3  1 -2 -3 -1  1 -4 -3  4   11   0   0   0   1   2   0   0   0  15  12   0   3   0   0   4  11   0   0  39  0.50 0.30
  318 A    3 -2  1 -1 -1  1 -1 -1  2 -2 -1 -1  2  0 -3  1  0  1 -1 -2   32   0  10   1   1   8   3   3   7   2   5   1   6   5   0   9   4   3   2   0  0.22 0.22
  319 E   -1  2  2  0 -3  2  0  1 -2 -3 -3  2 -1 -4 -3  1  1 -4 -3 -3    2  11  13   3   0  11   4  12   0   0   1  17   2   0   0  15   8   0   0   0  0.34 0.23
  320 E    1 -2  1  1 -3  1  1  0 -2 -4 -4  1 -3 -4 -3  3  2 -4 -3 -3    9   0   6   9   0   6   9   7   0   0   0   9   0   0   0  31  14   0   0   0  0.43 0.29
  321 A    2 -3 -3 -2 -2 -2 -3  0 -1  1  1 -3  1 -2 -3  0  1 -4 -3  2   26   0   0   2   0   1   0   7   1   6  17   0   4   0   0   5  11   0   0  20  0.27 0.23
  322 S    3 -3 -1 -2 -3  1 -2  0 -1 -2 -3 -1 -3 -4 -3  3  0 -4 -2  0   35   0   2   1   0   7   1   7   1   1   0   2   0   0   0  30   5   0   1   6  0.50 0.34
  323 Q    0 -1  3  4 -4  2  2 -2  0 -4 -4  0 -3 -5 -3  1 -1 -5 -4 -4    7   2  13  28   0   9  17   1   2   0   0   5   0   0   0  13   3   0   0   0  0.58 0.31
  324 V    2 -2  2  2 -3  0  2 -1 -1 -2 -2 -1  0 -3 -2  1  1 -4 -3  0   20   0  13  11   0   3  15   3   1   2   3   2   2   0   0  11   7   0   0   7  0.24 0.19
  325 S    1  0  0  1 -3  1  1 -1  2 -2 -1  0  1 -3 -2  1  1 -4 -2 -1   18   6   2   9   0   5   7   1   8   1   4   6   4   0   0  15   9   0   0   4  0.18 0.16
  326 K    0  2  1  1 -4  3  2  0  1 -3 -2  0 -2 -4 -3  0 -1 -4 -3 -2    6  17   8  10   0  17  11   7   4   0   3   4   0   0   0   8   3   0   0   2  0.31 0.21
  327 E   -2  0 -1  3 -5  4  4 -2 -2 -5 -5  1 -3 -5 -3  0 -1 -5 -4 -4    2   3   1  19   0  26  29   1   0   0   0   9   0   0   0   5   4   0   0   0  0.79 0.40
  328 A    1  1  2 -1 -3  2  1 -1 -1  0 -1  0  1 -3 -2  1  0 -4 -3 -1   12  10  13   1   0  12   7   4   1   5   3   5   4   0   0  12   6   0   0   4  0.17 0.16
  329 S    3 -2 -2  0 -2 -1 -1  0 -3  1 -1  0  0 -3 -3  2 -1 -4 -3  0   36   0   0   5   0   2   3   7   0  11   6   7   3   0   0  15   1   0   0   4  0.28 0.24
  330 Q   -1  3  3  2 -4  3  0  0  1 -4 -4  1 -3 -4 -3  1 -2 -4 -3 -4    5  18  16  11   0  15   5   6   3   0   0   9   0   0   0  12   0   0   0   0  0.47 0.28
  331 A    0  3  1  0 -4  2  2 -1 -2 -4 -4  3 -3 -2 -3  0 -1 -4 -1 -4    7  15   5   3   0  10  16   5   0   0   0  28   0   2   0   6   1   0   3   0  0.46 0.28
  332 T    1 -2  0  3 -3 -1 -1 -1 -2 -1  0 -2  1  0 -2  1  2 -3 -1  0   12   0   3  20   0   2   2   2   0   3   8   0   4   4   0  16  14   0   2   5  0.20 0.19
  333 N    0  1  2  0 -3  2  1 -2  1 -2 -1  1 -1 -3 -2  1  1 -4 -2 -2    9   9  11   5   0   9  10   0   4   1   6  11   2   0   0  11   9   0   0   1  0.21 0.16
  334 Q    1 -1  1  2 -3  2  3 -1 -2 -4 -4  0 -3 -4 -3  2  0 -4 -3 -2   16   2   5  13   0  12  22   3   0   0   0   4   0   0   0  17   3   0   0   2  0.42 0.27
  335 L    1 -3 -4 -2 -3  0 -3 -3 -4  0  4 -3  3  0 -4 -1  0 -3 -3  0   11   0   0   3   0   4   0   1   0   4  50   0  10   4   0   4   5   0   0   4  0.49 0.31
  336 I    1  0 -2 -4 -3 -1 -1 -4 -3  3  3 -2  3  1 -4 -2 -2 -3 -2  1   12   6   1   0   0   3   3   0   0  24  28   2   8   5   0   1   1   0   0   6  0.34 0.24
  337 Q    2  0  1  0 -4  5  1 -2 -1 -2 -4  2  0 -4 -3  0 -1 -4 -3 -2   17   2   8   3   0  35   6   1   1   2   0  14   2   0   0   4   2   0   0   2  0.55 0.35
  338 K    0  0 -1  2 -4  1  3 -3 -2 -4 -2  4 -1 -4 -3  0  0 -4 -3 -3    8   3   1  10   0   6  21   0   0   0   4  33   1   0   0   6   5   0   0   0  0.51 0.31
  339 L    0 -4 -4 -5 -3 -2 -4 -5 -4  3  3 -4  6 -2 -4 -3 -1 -4 -3  1    8   0   0   0   0   1   0   0   0  19  36   0  26   0   0   0   3   0   0   7  0.82 0.40
  340 L   -1  1 -2 -3 -3  1 -3 -4  1  2  4 -2  4  0 -4 -3 -3 -3 -2  0    4   7   2   1   0   7   0   0   4  11  45   1  13   4   0   0   0   0   0   2  0.50 0.31
  341 N    0  3  2  2 -4  2  3 -2  0 -4 -4  1 -3 -4 -3  1 -1 -4 -3 -4    7  17   9  14   0   9  23   1   2   0   0   7   0   0   0   9   1   0   0   0  0.50 0.27
  342 I    2 -1 -1 -3 -2 -1 -2 -3 -1  2  1  0  3 -2 -3  0  1 -4 -3  0   25   2   2   0   0   2   1   0   1  17  10   7  12   0   0   3  12   0   0   6  0.25 0.22
  343 I    1 -4 -4 -4 -3 -2 -4 -4 -4  3  3 -3  3  1 -4 -3 -1  1 -1  2   13   0   0   0   0   1   0   0   0  18  32   0   9   7   0   0   2   2   1  16  0.48 0.27
  344 D    1  1  2  2 -3  2  1 -2 -2 -2 -1  1  2 -1 -3  0 -1 -4 -2 -2   11  10  11  13   0  10  11   0   0   1   4   8   9   3   0   6   2   0   0   0  0.24 0.19
  345 S    0 -1  1  2 -4  5  2  0 -2 -4 -3 -1 -3 -4 -3  2  0 -4 -4 -4    6   1   6  12   0  32  10   6   0   0   2   2   0   0   0  19   5   0   0   0  0.55 0.34
  346 I    0 -3 -4 -3 -3 -1 -3 -4 -4  4  2 -3  2 -1 -4 -2  1 -3  0  2    8   0   0   2   0   2   0   0   0  30  19   0   7   1   0   1  10   0   3  17  0.45 0.27
  347 N    0  0  1 -1 -3  1 -1 -2 -2  1  0 -1  4  0 -3  0  0 -3 -2  1    8   6  10   3   0   6   3   1   0   8   8   1  18   3   0   8   4   0   0  13  0.16 0.18
  348 Q    1  1  3  1 -4  4  2 -2 -2 -4 -4  0 -3 -5 -3  1  0 -4 -3 -4   11   8  15   9   0  29  10   1   0   0   0   4   0   0   0   9   5   0   0   0  0.54 0.32
  349 S    2 -2  4  0 -3  1 -1  1 -2 -3 -1 -2  0 -4 -3  3 -1 -4 -3 -3   19   1  22   4   0   6   1  10   0   0   7   0   3   0   0  27   0   0   0   0  0.44 0.30
  350 K   -2  4  3  0 -4  2 -1 -2  3 -1 -4  2 -3 -4 -3  0  1 -4 -3 -3    1  27  15   5   0  11   1   1   8   5   0  15   0   0   0   4   8   0   0   0  0.51 0.29
  351 N    1 -1  3 -1 -3  1 -2  0 -2  0  0 -2  0 -3 -3  2  1 -4 -3 -1   15   2  23   2   0   7   0   7   0   5  10   0   3   0   0  17   7   0   0   4  0.25 0.22
  352 S    3  1  1  3 -3 -1  0  0 -2 -4 -4 -2 -1 -4 -3  2  0 -4 -3 -3   31   8   8  16   0   1   6   4   0   0   0   0   2   0   0  21   3   0   0   0  0.44 0.29
  353 A    3 -3 -3 -4 -3 -3 -3 -2 -4 -1  0 -3 -2 -3 -3 -1  4 -4 -3  3   30   0   0   0   0   0   0   2   0   2   6   0   0   0   0   2  36   0   0  22  0.66 0.39
  354 A    2 -2 -1 -2 -2 -1 -3  0 -3  3  1 -2  3  1 -3  0 -1 -3 -2  1   21   2   3   1   0   2   0   6   0  21  10   2  14   6   0   5   1   0   0   6  0.22 0.20
  355 S    1 -1  2 -1 -3  1 -1  3 -2 -4 -4 -1 -3 -4 -3  3 -1 -4 -4 -3   15   3  13   3   0   7   2  22   0   0   0   2   0   0   0  31   2   0   0   0  0.52 0.30
  356 Q    3 -2 -1 -2 -3  2  0 -1  0 -2 -2 -1  1 -3 -3  1  2 -4 -3  0   32   0   2   0   0  13   4   3   3   0   2   2   6   0   0  12  17   0   0   5  0.35 0.27
  357 I   -3 -4 -5 -5 -3 -2 -4 -5 -5  5  0 -4  4 -1 -4 -3 -2 -4 -3  3    0   0   0   0   0   2   0   0   0  50   5   0  12   2   0   1   1   0   0  26  0.99 0.42
  358 A    5 -3 -3 -4 -2 -3 -3 -1 -4  0 -2 -3 -2 -4 -3  1  1 -4 -4  0   69   0   0   0   0   0   0   2   0   7   2   0   0   0   0   7   9   0   0   5  0.87 0.42
  359 G   -1 -2  3 -2 -3  0 -1  4 -2 -4 -4 -1 -3 -4 -3  3  0 -4 -4 -4    2   2  16   0   0   3   2  35   0   0   0   2   0   0   0  33   5   0   0   0  0.70 0.33
  360 N   -2  1  7 -1 -4 -2 -2 -1 -2 -5 -5  2 -4 -5 -4  1  0 -5 -4 -4    2   6  63   0   0   0   0   2   0   0   0  15   0   0   0   8   3   0   0   0  1.15 0.43
  361 I   -2 -2 -4 -4 -3 -3 -4 -2 -4  5  3 -3  3 -1 -4 -3 -1 -3 -3  2    2   2   0   0   0   0   0   4   0  47  26   0   8   0   0   0   3   0   0   9  0.64 0.26
  362 R   -3  6 -2 -3 -5 -1 -1 -4 -2 -5 -4  3 -3 -4 -3  0 -2 -4 -3 -4    0  71   0   0   0   0   0   0   0   0   0  23   0   0   0   6   0   0   0   0  1.33 0.38
  363 A    5 -3 -3 -3 -2 -2 -2  2 -3 -3 -3 -2 -3 -4 -2  0 -2 -4 -3 -2   80   0   0   0   0   0   0  16   0   0   0   0   0   0   0   3   0   0   0   0  0.97 0.32

                      K         Lambda
Standard Ungapped    0.1182     0.3036
Standard Gapped      0.0337     0.2670
PSI Ungapped         0.1101     0.3174
PSI Gapped           0.0337     0.2670
