
Last position-specific scoring matrix computed, weighted observed percentages rounded down, information per position, and relative weight of gapless real matches to pseudocounts
            A   R   N   D   C   Q   E   G   H   I   L   K   M   F   P   S   T   W   Y   V   A   R   N   D   C   Q   E   G   H   I   L   K   M   F   P   S   T   W   Y   V
    1 M    -1  -2  -2  -3  -2  -1  -2  -3  -2   1   2  -2   6   0  -3  -2  -1  -2  -1   1    0   0   0   0   0   0   0   0   0   0   0   0 100   0   0   0   0   0   0   0  0.37 0.01
    2 T    -1   1   0   0  -2   1   3  -2  -1  -2  -2   3  -1  -3  -1   0   2  -3  -2  -1    0   0   0   0   0   0  33   0   0   0   0  32   0   0   0   0  35   0   0   0  0.33 0.00
    3 M    -1   3  -2  -3  -2   0  -2  -3  -2   2   1   0   3  -1  -3  -2  -1  -2  -1   1    0  33   0   0   0   0   0   0   0  32   0   0  35   0   0   0   0   0   0   0  0.20 0.00
    4 L    -2   0  -1  -1  -3   6   1  -3  -1  -2   1   0   0  -2  -2  -1  -1  -3  -2  -2    0   0   0   0   0  75   0   0   0   0  25   0   0   0   0   0   0   0   0   0  0.63 0.10
    5 P    -1  -1  -1   3  -4  -1   2  -2  -2  -4  -4   1  -3  -4   6  -1  -1  -4  -3  -3    0   0   0  22   0   0  15   0   0   0   0   9   0   0  55   0   0   0   0   0  1.11 0.07
    6 K     1   0   0  -1  -3   0   2  -2   6  -3  -3   2  -2  -2  -2   0   1  -3   0  -2   15   0   0   0   0   0  15   0  42   0   0  17   0   0   0   0  10   0   0   0  0.45 0.07
    7 I    -1  -3  -4  -4  -2  -3  -3  -4  -4   4   2  -3   1  -1  -3  -3  -1  -3  -2   4    0   0   0   0   0   0   0   0   0  49   9   0   0   0   0   0   0   0   0  42  0.51 0.08
    8 A     2  -2  -1  -2  -1  -1  -2   0  -2   1  -1   0  -1  -2  -2   1   1  -3  -2   2   26   0   0   0   0   0   0   5   0  14   0   6   0   0   0  17   9   0   0  23  0.16 0.05
    9 K    -1   2   1   0  -3   1   1  -2  -1  -3  -3   3  -2  -2  -2   2   1  -3   0  -2    0  12   7   5   0   4   5   0   0   0   0  28   0   0   0  27   8   0   5   0  0.30 0.06
   10 E    -1   1  -1  -2  -2   1   1  -3  -2   1   1  -1   0  -2  -2   0   3  -3  -2   0    0   9   0   0   0   6  12   0   0  11  22   0   0   0   0   5  31   0   0   5  0.16 0.05
   11 I    -2  -3  -4  -4  -2  -3  -4  -5  -4   3   5  -3   1   0  -4  -3  -2  -3  -2   1    0   0   0   0   0   0   0   0   0  18  82   0   0   0   0   0   0   0   0   0  0.68 0.12
   12 I    -1   1  -2  -2  -2  -1   0  -3  -2   2   0   1   1  -2  -2   0   1  -3  -2   1    0   8   0   0   0   0   5   0   0  31   5  17   5   0   0   6  15   0   0   9  0.14 0.05
   13 N     0   1   4   1  -3   1   2  -1   1  -4  -3   1  -2  -3  -2   1  -1  -4  -2  -3    6   7  41   4   0   5  14   0   4   0   0   5   0   0   0  13   0   0   0   0  0.43 0.08
   14 E     2  -2   0   4  -3   0   3   0  -1  -3  -3  -1  -3  -4  -2   0  -1  -4  -3  -2   26   0   0  35   0   0  30   6   0   0   0   0   0   0   0   4   0   0   0   0  0.50 0.09
   15 Y    -1  -3  -4  -4  -2  -3  -3  -4  -2   4   2  -3   1   0  -3  -2  -1  -1   3   2    5   0   0   0   0   0   0   0   0  47  17   0   0   0   0   0   0   0  18  14  0.40 0.08
   16 D     0   2   0   1  -3   1   2  -2  -1  -2  -1   3  -1  -3  -2   1  -1  -3  -2  -2    5  14   4   6   0   4  14   0   0   0  10  32   0   0   0  11   0   0   0   0  0.27 0.05
   17 Q    -1   0   3   1  -3   3   0  -2   1  -3  -3   2   0  -3  -2   2   1  -3  -2  -2    0   0  20   5   0  22   0   0   5   0   0  16   4   0   0  21   8   0   0   0  0.33 0.07
   18 K    -1   2   3   1  -3   1   1   3  -1  -4  -3   2  -2  -4  -2   0  -1  -3  -3  -3    0  15  19   8   0   4   5  26   0   0   0  19   0   0   0   4   0   0   0   0  0.36 0.05
   19 I    -1   4   1  -1  -2   0  -1  -2  -1  -1  -1   2  -1  -3  -2   2   0  -3  -2  -2    0  34   5   0   0   0   0   0   0   6   6  14   0   0   0  31   4   0   0   0  0.30 0.07
   20 L    -2  -3  -4  -4  -2  -3  -3  -4  -4   2   4  -3   1   0  -3  -3  -1  -3  -2   3    0   0   0   0   0   0   0   0   0   6  67   0   0   0   0   0   0   0   0  27  0.51 0.08
   21 P     1  -3  -2  -2  -3  -2  -2  -2  -3  -3  -3  -2  -3  -4   7   0   0  -4  -3  -2   18   0   0   0   0   0   0   0   0   0   0   0   0   0  73   5   4   0   0   0  1.52 0.13
   22 N    -1   0   2  -1  -3   2   0   1   5  -2   0  -1  -1  -2  -2   1  -1  -3  -1  -2    0   4  15   0   0  17   0  12  25   0  15   0   0   0   0  11   0   0   0   0  0.26 0.06
   23 A     4   2  -1  -2  -1  -1  -1  -1  -2  -2  -2   0  -2  -3  -1   3   0  -3  -2  -1   51  15   0   0   0   0   0   0   0   0   0   0   0   0   0  34   0   0   0   0  0.42 0.09
   24 I    -2  -3  -3  -4  -2  -2  -3  -4  -1   3   2  -3   3   3  -3  -3  -2   0   4   1    0   0   0   0   0   0   0   0   0  28  20   0  12  15   0   0   0   0  21   4  0.37 0.06
   25 L    -2  -3  -4  -4  -2  -3  -4  -4  -3   1   5  -3   2   0  -4  -3  -2  -2  -2   0    0   0   0   0   0   0   0   0   0   0  96   0   4   0   0   0   0   0   0   0  0.72 0.12
   26 L    -3  -4  -4  -4  -3  -4  -4  -4  -2  -1   1  -4   0   7  -4  -3  -3   0   2  -1    0   0   0   0   0   0   0   0   0   0  13   0   0  87   0   0   0   0   0   0  1.08 0.14
   27 L     1  -2  -1  -2  -2  -1  -1  -2   4  -1  -1  -2  -1   1  -2   1   0   5   3   0   16   0   0   0   0   0   0   0  18   0   6   0   0   4   0  20   3  10  16   6  0.28 0.06
   28 G    -1  -2  -1  -2  -3  -2  -2   6  -3  -4  -4   1  -3  -4  -3  -1  -2  -3  -4  -4    0   0   0   0   0   0   0  85   0   0   0  15   0   0   0   0   0   0   0   0  1.06 0.12
   29 E    -1  -2  -1   1  -4   0   3  -3  -2  -3  -3   0  -3  -4   6  -1   0  -4  -3  -3    0   0   0   4   0   0  34   0   0   0   0   4   0   0  51   0   6   0   0   0  1.07 0.11
   30 K     0   4  -1   1  -3   0   1  -1  -1  -3  -3   2  -2  -3   2   0  -1  -3  -2  -3    8  34   0   7   0   0   8   3   0   0   0  21   0   0  11   9   0   0   0   0  0.39 0.06
   31 F     1  -3  -1  -2  -2  -2  -2   4  -2  -2  -2  -2  -2   4  -3   1  -1  -1   2  -2   11   0   0   0   0   0   0  39   0   0   0   0   0  30   0  12   0   0   7   0  0.42 0.07
   32 S     0  -1   0  -1   1   2   0  -1  -1  -2  -2  -1  -1  -3  -2   4   2  -3  -2   0    0   0   0   0   4  15   0   0   0   0   0   0   0   0   0  55  16   0   0   9  0.37 0.09
   33 S     0  -3  -1  -2  -3  -2  -2   6  -3  -4  -4  -2  -3   0  -3   1  -2  -3  -3  -3    4   0   0   0   0   0   0  80   0   0   0   0   0   5   0  10   0   0   0   0  0.95 0.11
   34 K    -1   1  -1  -2  -4   0   0  -2  -2  -2  -2   6   3  -3  -2  -1  -1  -4  -2  -2    0   0   0   0   0   0   0   0   0   0   0  85  15   0   0   0   0   0   0   0  0.71 0.14
   35 K     1  -1  -2  -2  -2  -1  -1  -2  -2   0   2   1   3  -1  -2   0   2  -3  -2   0   15   0   0   0   0   0   0   0   0   0  27  15  14   0   0   0  28   0   0   0  0.18 0.06
   36 I    -1  -2  -1  -2  -2  -1  -2  -2  -1   0  -2  -1  -1  -1  -2   2   5  -2   3  -1    0   0   0   0   0   0   0   0   0   6   0   0   0   0   0  13  66   0  15   0  0.49 0.11
   37 S     2  -2  -1  -2   4  -1  -2  -2  -2  -1   1  -1   1  -2  -2   1   3  -3  -2   0   28   0   0   0  11   0   0   0   0   0  15   0   6   0   0  12  28   0   0   0  0.24 0.06
   38 A     5  -2  -2  -3  -1  -2  -2   0  -2  -2  -2  -1  -2  -3  -2   1  -1  -3  -3  -1  100   0   0   0   0   0   0   0   0   0   0   0   0   0   0   0   0   0   0   0  0.75 0.14
   39 I    -2   2  -3  -3  -2  -2  -2  -4  -3   2   3   0   1  -1  -3  -2  -1  -3  -2   1    0  19   0   0   0   0   0   0   0  22  54   5   0   0   0   0   0   0   0   0  0.33 0.07
   40 E     0  -1  -1   0  -2   1   4  -2  -1   0   0   0  -1  -2  -1  -1  -1  -2  -2  -1   10   1   1   1   0   1  54   1   0   8  16   1   0   1   1   1   1   0   1   1  0.29 0.08
   41 L    -1  -2  -2  -2   2  -2  -2  -3  -2   1   3  -2   2   0  -2  -1   1  -2  -1   1    1   1   1   1   5   1   1   1   0   8  45   1   5   1   1   1  16   0   1  10  0.21 0.06
   42 A     4  -2  -1  -2  -1  -1  -1   1  -2  -2  -2  -1  -1  -2  -1   2   0  -2  -2  -1   66   1   1   1   0   1   1  10   0   1   1   1   0   1   1  12   1   0   1   1  0.40 0.10
   43 K    -1   5  -1  -2  -3   1   0  -2  -1  -3  -2   3  -2  -3  -2  -1  -1  -3  -2  -2    1  59   1   1   0   1   1   1   0   1   1  27   0   1   1   1   1   0   1   1  0.66 0.12
   44 K     2   1  -1  -1  -1   0   0   0  -1   0  -1   1  -1  -2  -1   2   0  -2  -2  -1   25  11   1   1   0   1   5   4   0  10   1  14   0   1   1  20   4   0   1   1  0.14 0.04
   45 I    -1  -2  -3  -3   4   0  -2  -3  -2   2   2  -2   2  -1  -3  -2  -1   4  -1   1    5   0   0   0  14   9   1   1   0  16  26   0  11   0   0   1   0   8   0   5  0.26 0.10
   46 L    -1   1   2  -1  -2  -1  -1  -2  -1  -1   2  -1   1  -1  -2   2   1  -2  -2  -1    1  14  14   1   0   1   1   1   0   1  29   1   6   1   1  22   7   0   0   1  0.13 0.08
   47 N    -1   0   1  -2   7   0  -2  -2  -2  -2   0  -1  -1  -2   2  -1   0  -3  -2  -1    1   9  10   1  36   7   1   1   0   1  10   1   0   1  14   1   7   0   0   1  0.46 0.13
   48 G    -2  -2   0  -1   2   1   1   0   7  -3  -3  -1  -2  -2  -3   1   0   2   2  -3    0   0   4   0   7   4  12   7  37   0   0   0   0   0   0  10   7   3   6   0  0.52 0.17
   49 K    -2   5  -1  -2  -4   1   0  -3  -2  -4  -3   5   0  -4  -3  -2  -2  -4  -3  -3    0  41   0   0   0   3   3   0   0   0   0  47   3   0   0   0   0   0   0   0  0.89 0.23
   50 N     1  -1   1   0  -2   1   1   1  -1  -2  -1   0  -1   0  -2   0   1  -2   1  -1   16   0  11   3   0   9  11   9   0   0   5   6   0   6   0   3   9   0   6   5  0.09 0.05
   51 L    -2  -3  -1  -1   3  -3  -3  -4  -3   1   4  -3   0  -1   0  -3  -2   3  -2  -1    1   0   3   4   7   0   0   1   0   3  66   0   0   0   6   1   0   6   0   0  0.51 0.17
   52 T     0   0  -1   1  -2  -1   1  -2  -2   1  -1  -1  -1  -2  -2   1   3  -3  -2   1    7   6   0   6   0   0  13   1   0  13   1   0   0   0   0   7  34   0   0  10  0.22 0.11
   53 N    -1  -1   4  -1   2  -1   0  -2   5  -2   1  -1  -1  -2   0   1  -1  -3  -1  -2    1   1  26   1   7   1   4   1  21   1  17   1   0   1   4  13   1   0   0   1  0.32 0.12
   54 P    -2  -1   0  -1  -3   4  -1  -3   1  -3  -3  -1  -2  -2   5   0   1  -2   2  -3    1   1   3   2   0  32   1   1   3   1   1   1   0   0  29   4  11   0   9   1  0.64 0.18
   55 N    -2   2   4   2  -3  -1  -1  -2  -1  -3  -3   0  -2  -1   1   1   0  -3  -2  -3    1  17  33  15   0   0   1   1   0   1   1   2   0   4   7  10   6   0   0   1  0.41 0.14
   56 L    -2  -2  -3  -3   3   0  -2  -3   0   1   3  -2   2   3  -3  -2  -1  -2  -1   0    1   1   0   1   8   7   1   1   2   4  39   2   7  16   1   1   4   0   0   4  0.28 0.11
   57 L     0  -2  -2  -2  -2  -1  -2   0  -1   2   2  -1   1   0  -2  -2  -1   1   0   1    6   1   2   1   0   3   2   9   2  17  33   2   4   2   1   1   3   2   4   6  0.12 0.07
   58 I    -1   1  -2   1  -2   0   1  -3  -2   2   2  -1   2  -1  -2  -2  -1  -3  -2   0    2  10   0  12   0   2  11   1   0  19  26   2   8   0   1   1   1   0   0   2  0.16 0.09
   59 F     0  -3  -3  -3   1  -2  -3  -3  -3   1   3  -3   2   1   1  -1  -1  -2   0   1    9   0   0   0   4   0   0   0   0   6  36   0   9   8   7   3   3   0   3  10  0.26 0.12
   60 S    -2  -1   0  -3  -4  -1  -2   3  -3  -3  -4   4  -3  -4  -3   3  -1  -5  -4  -1    1   0   4   0   0   0   0  24   0   1   0  36   0   0   0  23   2   0   0   6  0.62 0.30
   61 N    -2   1   3  -1  -4   0  -2   1  -2  -4  -4   0  -3  -5   2   1   4  -5  -4  -3    0  10  15   3   0   4   0  11   1   0   0   5   0   0   9  11  31   0   0   0  0.52 0.29
   62 L    -5   2  -5  -6  -6   1  -5  -3  -4  -4   0  -2  -3   8  -6  -3  -5  -3  -1  -4    0  10   0   0   0   7   0   2   0   0   7   2   0  69   0   1   0   0   0   0  1.71 0.57
   63 D    -1  -2   1   6  -5   1   3  -3  -2  -5  -5  -1  -5  -5  -4   1  -3  -6  -5  -5    4   1   6  48   0   5  20   1   0   1   0   2   0   0   0   9   1   0   0   0  1.06 0.42
   64 T    -2  -3  -1   4   3   0   5  -3   2  -2  -4  -2  -4  -4  -3  -1  -1  -5  -4  -1    2   0   2  22   6   3  43   1   5   3   0   1   0   1   1   3   4   0   0   4  0.83 0.38
   65 V    -3  -5  -6  -6  -4  -5  -5  -6  -6   4   1  -5   0  -2  -5  -5  -2  -5  -4   6    1   0   0   0   0   0   0   0   0  27  13   0   2   1   0   0   1   0   0  54  1.22 0.44
   66 E     0  -1  -3  -2  -2  -1  -1  -2  -4   2   0   0  -1  -1  -4  -2  -1  -3  -1   5    8   3   0   2   0   2   4   3   0  13   6   6   1   2   0   2   3   0   1  44  0.44 0.25
   67 A     2  -3  -3  -3  -5   0  -3   6  -3  -5  -3  -2  -4  -5  -5   0  -3  -5  -5  -5   14   1   1   1   0   4   1  65   0   0   3   2   0   0   0   5   1   0   0   0  1.22 0.44
   68 K     0  -3  -4  -4  -6   8  -1  -5  -3  -5  -5   0  -4  -6  -5   0   0  -6  -5  -4    6   0   0   0   0  70   2   0   0   0   0   5   0   0   0   8   5   0   0   1  1.70 0.64
   69 A     1  -1   0   2  -4   1   4  -2  -1  -3   0   1  -2  -4  -1   0  -1  -4  -4  -3   16   1   3  13   0   4  27   2   1   1  10   8   0   0   3   7   2   0   0   1  0.34 0.22
   70 H    -1  -2  -2  -1  -5   0   0  -3   9  -1  -4   0  -3  -2  -2  -1  -3  -5   1  -3    6   1   1   3   0   3   5   2  56   4   1   6   0   1   2   3   1   0   4   2  1.41 0.50
   71 L    -1  -4   0  -5  -4  -4  -4  -5  -5   5   0  -3  -1  -2  -3  -4  -1  -5  -3   4    3   0   5   0   0   1   0   0   0  43   7   2   0   1   1   1   3   0   0  31  0.87 0.36
   72 S     1  -2   0  -3  -2  -1  -3  -3  -3   0   0   0  -2   0  -3   1   4  -4  -1   2   10   1   3   1   0   2   0   1   0   4   7   5   0   4   0  11  34   0   2  13  0.36 0.24
   73 T    -1   3  -1  -2  -3   2  -1  -3  -3   1   0   2  -2  -4  -3   0   3  -4  -3   0    4  16   2   1   0   8   1   0   0   8   8  12   0   0   0   6  25   0   0   8  0.32 0.22
   74 N    -1   3   1  -2  -4  -1  -1  -4  -1  -3  -1   0  -2  -5  -3  -1   6  -5  -4  -3    3  15   6   1   0   2   3   0   1   1   6   5   0   0   0   3  50   0   0   1  0.77 0.38
   75 S     0  -1   2  -2  -3   0  -1  -2   0  -2   2  -1  -1  -1  -2   3   2  -4  -3  -2    5   2  11   0   0   5   3   1   2   1  22   4   1   2   1  25  12   0   0   1  0.26 0.21
   76 Q    -2   1   4   2  -5   2   1   3   0  -5  -4   1  -3  -4  -4  -1  -2  -4  -1  -4    1   7  19  10   0  12   7  24   2   0   1  10   0   0   0   3   1   0   2   0  0.52 0.26
   77 K    -1   5   3  -2  -5   1   0  -4   0  -3  -5   4  -3  -2  -4  -1  -3  -5  -4  -4    5  35  13   1   0   6   4   0   2   1   0  25   0   2   0   3   1   0   0   0  0.81 0.35
   78 I     0  -2  -3  -1  -3  -2  -2  -4  -3   5   1  -3   0  -1  -3  -1   0  -4  -2   3    6   2   1   3   0   2   2   1   0  37  11   0   1   1   1   4   5   0   1  22  0.49 0.23
   79 A     4  -2  -2  -3  -3  -2  -2   1   0   1  -3  -2  -3   1  -3   3  -2  -4  -3  -1   39   1   1   0   0   2   1   9   2   8   1   1   0   7   0  22   1   0   0   3  0.49 0.29
   80 N     0  -3   2  -4  -5  -1  -2  -5   9  -2  -3  -3  -4  -2  -4  -1  -4  -5  -1  -4    9   1   8   0   0   3   2   0  61   3   2   1   0   1   0   5   0   0   1   1  1.71 0.56
   81 K     5   2  -1  -4  -3  -2  -3  -2  -3  -2  -4   2  -3  -3  -4  -1  -3  -5  -4  -3   62  11   3   0   0   1   0   1   0   2   1  13   0   1   0   3   1   0   0   0  0.94 0.42
   82 Y    -5  -3  -1  -5  -5  -3  -5  -4   0  -4  -4  -2  -3   3  -6  -4  -4  -2   9  -5    0   1   3   1   0   1   0   1   2   0   1   3   0   9   0   1   1   0  74   0  2.13 0.64
   83 L    -3  -3  -3  -1  -3  -3  -3  -4  -4  -1   6  -3   1  -2  -4  -3  -3  -4  -3   0    1   1   2   4   0   1   2   1   0   2  76   1   2   0   1   1   1   0   0   4  1.07 0.38
   84 E     0   2   0   0  -1   0   1   0   0  -1  -1   1   0  -1   0   0   0  -1  -1   0    9  14   3   5   1   4   9   5   2   4   6   6   2   3   4   6   6   1   2   7  0.05 0.01
   85 Y     0  -1   0  -1  -1   0   0  -1   0   0   0  -1   0   2   0   0   0   0   1   0   10   3   5   4   1   3   4   5   2   8  11   4   2  11   4   5   4   1   7   8  0.01 0.01
   86 I     0   0   0  -1  -1   0   0   0   0   1   0   0   0  -1   0   0   0  -1  -1   1   10   6   3   4   1   3   4   7   2  11   7   4   2   3   5   8   5   1   2  13  0.01 0.01
   87 K     0   2   0   0  -1   1   0   0   3  -1  -1   1  -1  -1   0   0   0  -1   0  -1    5  16   3   4   1   7   4   7  11   3   6   9   1   3   3   5   4   1   2   4  0.11 0.03
   88 T     2   0   1   0  -1   0   0   0  -1  -1  -1   0  -1  -1   0   1   1  -1  -1  -1   21   3   6   4   1   3   4   5   1   3   6   8   1   3   3  11   8   1   2   4  0.07 0.02
   89 V     0   0  -1  -1  -1   0  -1  -1   0   1   1  -1   0   1   0   0   0   0   2   1    5   5   3   4   1   3   4   5   1  10  13   4   3   6   3   5   4   1  10  11  0.02 0.01
   90 I    -1   2  -1  -1  -1   0  -1  -1  -1   1   1   0   1  -1  -1  -1   0  -1  -1   0    5  16   3   3   1   3   4   5   1  12  18   6   3   3   3   4   4   1   2   4  0.05 0.03
   91 F    -6  -6  -6  -7  -6  -6  -7  -7  -5  -4  -1  -3  -4   9  -7  -6  -6  -3  -1  -4    0   0   0   0   0   0   0   0   0   0   5   2   0  91   0   0   0   0   0   0  2.73 0.73
   92 T     1  -4   0  -1   7  -3  -2  -3   0  -3  -3  -3  -3  -4  -4   3   4  -3  -3  -2   10   0   4   2  21   0   2   0   2   0   2   0   0   0   0  26  25   0   0   3  0.80 0.36
   93 K    -3  -2  -2  -5  -6  -3  -5   7  -5  -3  -7  -1  -6  -6   1  -4  -5  -6  -6  -6    0   2   2   0   0   1   0  81   0   2   0   4   0   0   8   0   0   0   0   0  1.80 0.56
   94 C    -2  -5  -5  -5   1  -3  -4  -5  -5   0  -1  -4  -3  -3   7   0   1  -6  -1   0    2   0   0   0   3   1   1   0   0   5   6   0   1   1  56   7   9   0   2   7  1.30 0.45
   95 Y    -5   8  -1  -5  -6  -3  -4  -6   0  -5   0  -1  -4  -3  -6  -4  -5   1  -1  -4    0  78   2   0   0   0   0   0   2   0   9   2   0   1   0   0   0   2   2   1  1.84 0.60
   96 F    -4  -6  -4  -5  -6  -5  -3   7  -5  -6  -5  -5  -6   1  -6  -4  -5   6  -5  -6    0   0   0   0   0   0   2  80   0   0   1   0   0   6   0   0   0  10   0   0  1.99 0.60
   97 S    -3  -4  -2  -2  -1  -2   1  -3  -4   0  -3  -3  -3  -4  -4   0   5  -5  -4   3    0   0   2   2   1   1  10   2   0   4   1   0   0   0   0   6  45   0   0  26  0.81 0.39
   98 N    -4  -6  -1  -1  -6  -5  -3   7  -6  -7  -7  -5  -6  -7  -6  -2  -5  -6  -7  -7    0   0   2   3   0   0   2  91   0   0   0   0   0   0   0   2   0   0   0   0  2.23 0.65
   99 E    -4  -2  -4   1  -7  -1   1  -5  -4  -6  -6   7  -5  -7  -5  -4  -4  -7  -6  -6    0   0   0   8   0   2   9   0   0   0   0  82   0   0   0   0   0   0   0   0  1.94 0.65
  100 K    -3  -5  -4  -1  -5  -4  -1  -5  -5  -3  -5  -1  -4  -6  -5  -1   7  -6  -5  -4    1   0   0   4   0   0   3   0   0   1   0   4   0   0   0   4  83   0   0   0  1.85 0.66
  101 N    -3   0   1  -3  -4  -3  -3  -4  -4  -5  -5   0  -4  -5  -4   5   5  -6  -5  -4    0   4   5   1   0   0   0   0   0   0   0   5   0   0   0  42  41   0   0   0  1.16 0.49
  102 L     0  -4  -4  -4   5  -4  -3  -4  -4   1   2  -4   2  -3  -4  -1   4  -4  -2   1    7   0   0   0  13   0   1   0   0   9  20   0   5   0   0   3  29   0   1  10  0.58 0.28
  103 K     7  -2  -3  -5  -4  -4  -4  -3  -5  -5  -5   0  -4  -6  -4   0  -2  -6  -5  -4   82   2   1   0   0   0   0   0   0   0   0   7   0   0   0   6   1   0   0   0  1.57 0.59
  104 K    -4   7  -4  -5  -7  -1  -3  -3  -4  -7  -6   6  -5  -7  -5  -3  -4  -7  -5  -6    1  52   0   0   0   1   0   2   0   0   0  43   0   0   0   1   0   0   0   0  1.80 0.60
  105 I    -2  -6  -4  -6  -4  -6  -6  -7  -6   7   1  -6   0  -2  -6  -4  -3  -6  -5   2    3   0   1   0   0   0   0   0   0  72  11   0   2   1   0   1   1   0   0   9  1.56 0.52
  106 E     6  -3  -4  -4  -4  -1  -1  -2  -4  -4  -3  -2  -3   0  -4   0  -2  -5  -4  -3   74   1   0   0   0   2   4   1   0   0   1   2   0   4   0   6   2   0   0   1  1.24 0.51
  107 K    -1   3  -3  -4  -6  -2  -2  -4  -4  -4  -6   7  -2  -6   0  -1  -3  -6  -5  -5    6  11   0   0   0   0   2   0   0   1   0  68   1   0   6   4   1   0   0   0  1.42 0.53
  108 N     5  -4   1  -4  -2  -2  -3  -2  -3  -1  -2  -2  -2  -2  -4   1   1  -5  -4  -2   60   0   6   0   1   1   1   2   0   3   4   1   1   2   0  10   7   0   0   2  0.82 0.39
  109 I    -2  -3  -6  -6  -3  -5  -5  -6  -6   4   4  -5   1  -2  -5  -5  -3  -5  -4   4    2   2   0   0   0   0   0   0   0  25  39   0   2   1   0   0   0   0   0  29  1.01 0.38
  110 N    -3  -3   8  -1  -5  -1  -1  -4  -3  -6  -5  -4  -6  -7  -6  -2  -3  -7  -6  -5    2   1  85   2   0   2   4   0   0   0   1   0   0   0   0   1   1   0   0   1  2.28 0.72
  111 Y    -3  -7  -2  -6  11  -5  -1  -6  -6  -5  -2  -5  -4  -2  -6  -2  -4  -6  -1  -5    2   0   3   0  77   0   5   0   0   0   4   1   0   2   0   3   1   0   2   0  2.83 0.77
  112 I    -1  -2  -3  -2  -1   0   2  -4  -2   2   3  -1   0  -1   0  -1   1  -4  -3   1    5   1   0   0   1   5  15   0   1  11  29   3   1   2   5   3  10   0   0   7  0.22 0.17
  113 N    -1  -2   5   2  -5   0   1   0   4  -3  -5   0  -3  -5  -2   1   0  -5  -4  -4    4   2  35  12   0   3   8   6   9   1   0   4   0   0   1   9   4   0   0   0  0.66 0.30
  114 S    -2  -2   1   2  -4   0   4  -1  -1  -5  -5  -1  -4  -5   4   1   0  -5  -4  -4    2   1   6   9   0   2  29   5   1   0   0   2   0   0  24   9   7   0   0   1  0.69 0.31
  115 V    -2  -5  -2  -2  -2  -2  -2  -5  -5  -2  -3  -2  -2  -4   8  -2  -2  -7  -6   0    3   0   2   2   1   1   2   0   0   2   2   2   1   1  68   3   2   0   0   6  1.70 0.54
  116 Y    -4  -6  -2  -1  11  -5  -2  -6  -6  -3   0  -5  -1  -4  -5  -3  -3  -6   0  -3    0   0   2   4  69   0   3   0   0   1   9   1   1   0   0   2   1   0   4   1  2.37 0.66
  117 Y    -3  -3   6   1  -1  -2   0   3  -2  -4  -3  -2  -1  -4   1  -2  -3  -5   1  -5    1   0  44   8   2   1   5  20   0   1   3   1   2   0   6   1   0   0   5   0  0.85 0.36
  118 E    -1   0   1   1  -2   3   4  -3  -1  -3  -4   2  -3  -5  -2  -1   0  -4  -4  -1    4   3   5   6   1  12  34   1   1   1   1  13   0   0   1   4   5   0   0   6  0.51 0.26
  119 K    -3  -6  -1  -3  11  -4  -1  -5  -6  -3  -2  -2  -5  -2  -2  -3  -4  -6  -5  -5    1   0   4   2  74   0   4   1   0   2   4   3   0   2   2   1   1   0   0   0  2.55 0.69
  120 E     0  -1   0   3  -1   1   4  -2  -2  -3  -4   1  -4  -4   1   1  -1  -5  -4  -2    7   2   3  15   1   4  33   2   1   1   1   6   0   0   7  10   3   0   0   3  0.47 0.24
  121 Y     0  -2   3  -1   0  -1  -2  -2  -1   1  -2  -1   0   0   0   2   0  -3   1   0    7   1  15   2   2   1   1   1   1  10   2   3   3   4   5  23   5   0   5   8  0.18 0.16
  122 N    -3  -4   1  -3  11  -3  -6  -4  -6  -5  -1  -5  -5  -5  -3  -3  -4  -6  -4  -5    2   1   6   1  76   1   0   1   0   0   7   0   0   0   1   1   1   0   0   0  2.73 0.72
  123 E    -2   3   0  -1  -1   2   2  -4  -2   0   0   3  -1  -3  -3  -1   0  -4  -3   0    1  19   5   3   1   9  15   0   1   6   8  17   1   0   0   2   5   0   0   6  0.31 0.19
  124 N     2   0   1   1   0   0   3   1  -2  -4  -3   1  -3  -4  -2   2   0  -5  -3  -3   16   3   5   6   2   2  21   8   0   0   1  10   0   0   1  17   5   0   0   1  0.33 0.20
  125 I    -2  -5  -5  -3   1  -5  -5  -6  -4   7   0  -5  -1   2  -5  -3  -1  -5  -1   1    2   0   0   2   3   0   1   0   0  64   7   0   1   7   0   1   4   0   2   6  1.16 0.42
  126 K     0  -1   3   1   1   0   0  -2  -2   0   0   0   0  -3  -2   1   2  -4  -3  -2    7   2  16   9   4   3   4   1   0   6  10   7   3   1   1   8  18   0   0   1  0.18 0.15
  127 N     0   0   3   3  -4   1   3  -1  -2  -4  -4   2  -4  -4  -3   2  -1  -5  -3  -4    7   3  15  16   0   7  19   3   0   0   1  11   0   0   0  13   2   0   0   0  0.47 0.24
  128 E    -2  -4   2   1  -5  -2   1   6  -4  -6  -5  -1  -4  -5  -3   0  -3  -6  -5  -5    1   0   8   8   0   2  10  58   0   0   1   3   0   0   1   7   0   0   0   0  1.10 0.40
  129 L     0   3   2  -2  -3   0  -1  -2  -1   1   0  -1  -1  -2  -3   2   2  -4  -1  -1    5  16   9   1   0   3   2   1   1  12   8   3   1   2   0  19  12   0   2   2  0.21 0.17
  130 I     1  -3   1   0   0  -1  -1  -2   1   1   0  -3  -1   1  -2   3   0  -4  -2  -1   11   0   7   4   2   2   3   1   3   9   9   0   1   6   1  33   3   0   1   3  0.25 0.20
  131 K    -2  -2  -1  -3  -3  -2  -1  -3  -3   1   2   1   4   1   0  -2  -1  -2  -1   1    2   1   3   1   0   0   5   2   0   9  25   9  16   6   6   2   3   0   2   8  0.25 0.17
  132 N    -5  -2   4   7  -7  -2  -1  -5  -4  -7  -5  -1  -6  -7  -5  -3  -4  -8  -7  -7    0   2  18  72   0   1   2   0   0   0   1   3   0   0   0   1   0   0   0   0  1.94 0.61
  133 I    -3  -6  -6  -6   4  -5  -6  -6  -6   5   1  -5  -1  -3  -6  -3  -3  -6  -4   5    1   0   0   0   7   0   0   0   0  28  10   0   1   0   0   1   0   0   0  50  1.24 0.43
  134 E    -2  -1  -4  -2  -4  -1   0  -5   0   5   1  -2   1   2  -4  -3  -2  -3  -1   1    3   4   0   3   0   4   6   0   2  40  12   1   3   8   0   1   1   0   2   9  0.47 0.24
  135 N    -5  -4  -1  -2  -7  -2   7  -6  -4  -2  -7   1  -6  -7  -5  -2  -5  -7  -6  -6    0   0   3   0   0   0  84   0   0   3   0   7   0   0   0   2   0   0   0   0  2.00 0.67
  136 I    -5  -6  -7  -7  -5  -5  -7  -7  -7   7   3  -6   3  -3  -6  -6  -4  -6  -5   0    0   0   0   0   0   0   0   0   0  69  21   0   8   0   0   0   0   0   0   2  1.70 0.54
  137 N    -4  -5  -1   8  -7  -4   1  -5  -5  -2  -5  -4  -6  -7  -5  -3  -5  -8  -7  -4    1   0   2  82   0   0   8   0   0   3   1   0   0   0   0   1   0   0   0   1  2.13 0.65
  138 K     5  -3  -4  -3  -4  -4  -4   4  -5  -3  -5   0  -3  -6  -2   0  -3  -6  -5  -4   59   1   0   1   0   0   0  26   0   2   0   5   0   0   1   4   1   0   0   0  1.12 0.45
  139 E     7  -5  -3  -1  -4  -4   0  -3  -5  -5  -5  -4  -5  -3  -5  -2  -3  -6  -5  -4   86   0   1   3   0   0   6   0   0   0   0   0   0   1   0   2   1   0   0   0  1.67 0.61
  140 L    -1  -5  -3  -4  -5  -4  -4  -4  -5  -2  -2  -4  -5  -2  -5   7  -2  -6  -5  -1    3   0   0   0   0   0   0   0   0   3   5   0   0   2   0  83   1   0   0   4  1.63 0.63
  141 N    -3  -4   8  -3  -7  -4  -4  -5   2  -7  -7  -3  -6  -6   0  -3  -2  -7   1  -7    2   0  80   0   0   0   0   0   4   0   0   1   0   0   4   0   1   0   5   0  2.15 0.69
  142 H    -3   5   6   0  -6  -3  -2  -3   0  -6  -4  -1  -5  -2  -5  -1   1  -6  -5  -5    1  35  38   5   0   0   2   2   2   0   1   1   0   2   0   3   8   0   0   0  1.11 0.44
  143 S    -1  -3   1  -3  -4  -3  -4   6  -3  -5  -5  -3  -5  -5  -4   4  -2  -5  -5  -5    3   1   5   0   0   0   0  56   0   0   1   1   0   0   0  29   1   0   0   0  1.25 0.43
  144 I    -1  -2  -1  -2  -1  -1  -1  -2  -2   5   0  -1   0  -1  -1  -1   0  -2  -1   1    4   3   3   3   1   2   3   4   1  41   8   3   1   2   4   3   5   1   2   8  0.31 0.10
  145 T     0   0   0   1  -1   0   0   0  -1  -1  -1   0  -1  -1   3   0   0  -1  -1  -1    5   7   3   7   1   3   7   8   2   4   6   6   2   3  15   5   8   1   2   4  0.12 0.02
  146 V    -2  -3  -3  -2  -2  -3  -2  -3  -2   3  -1  -3  -1  -2  -3  -2  -2  -3  -2   6    3   1   1   2   1   1   2   2   1  16   2   2   1   1   1   2   2   0   1  57  0.81 0.26
  147 Y    -4  -1   1   7  -6  -3   3  -5  -4  -5  -6  -2  -4  -3  -5  -1  -4  -7  -3  -5    1   4   6  63   0   0  17   0   0   1   0   2   0   1   0   3   0   0   1   1  1.48 0.50
  148 D    -4  -2   2   5  -6   3   4  -4   2  -6  -6  -2   0  -6  -5  -3  -4  -6  -5  -6    0   1  10  37   0  12  31   0   4   0   0   1   2   0   0   1   0   0   0   0  1.18 0.45
  149 V    -3  -7  -7  -7  -5  -6  -7  -7  -7   7  -2  -6  -1  -3  -6  -6  -4  -6  -5   3    2   0   0   0   0   0   0   0   0  75   1   0   1   0   0   0   0   0   0  21  1.90 0.58
  150 K    -5   8  -5  -6  -8  -3  -4  -7  -4  -6  -5   0  -4  -7  -6  -5  -5  -7  -6  -7    0  94   0   0   0   0   0   0   0   0   1   3   0   0   0   0   0   0   0   0  2.67 0.78
  151 K    -1   0   3   3  -5   1   4  -3  -3  -4  -5   1  -4  -4  -4   0  -1  -6  -4  -4    5   6  15  19   0   6  32   0   0   1   0   7   0   1   0   6   2   0   0   0  0.68 0.31
  152 I    -2  -5  -5  -4  -4  -5  -3  -6  -5   4   5  -4   1  -1  -5  -3  -3  -4  -4  -1    3   0   0   1   0   0   2   0   0  26  61   0   2   1   0   1   1   0   0   2  1.11 0.40
  153 Q    -2   6  -1  -4  -4   3  -1  -4  -3   0  -3   2  -4  -5  -5   0  -2  -5  -4  -2    3  47   2   0   0  12   3   0   0   7   2  12   0   0   0   8   2   0   0   2  0.90 0.38
  154 T     0  -3  -1   3  -5  -1   5  -4  -3  -4  -4  -1  -4  -3  -4   0  -1  -5  -1   1    7   1   3  18   0   1  45   0   0   0   0   2   0   1   0   5   3   0   2  11  0.78 0.36
  155 W    -2   3   3  -2  -5   0   0  -3  -1  -4  -4   4  -2  -2  -4  -1  -1   7  -1  -4    2  18  14   1   0   3   6   1   1   1   0  27   1   1   0   3   4  15   1   0  0.80 0.34
  156 I     1  -5  -5  -5  -1  -4  -5  -5  -4   4   0  -4  -1   1  -5  -2  -2  -4   3   4   13   0   0   0   1   0   0   0   0  25   7   0   0   5   0   2   1   0   9  36  0.72 0.31
  157 F     3  -1  -2  -4  -3   0  -3  -3   4  -2   0  -2   1  -1   3   0   1  -4  -1  -1   26   3   1   0   0   3   0   0  12   1  11   1   5   2  15   6   8   0   1   4  0.38 0.23
  158 S    -2  -4  -5  -5  -6  -2  -5  -5  -5  -7  -6  -1  -4  -6   8   0  -1  -7  -5  -6    3   1   0   0   0   2   0   0   0   0   0   4   0   0  78   7   4   0   0   0  2.31 0.68
  159 E     2  -3   0  -3  -3   2  -1  -1  -3  -1  -2  -2   0  -4  -1   3   2  -5  -3   1   18   0   3   0   0  10   4   3   0   3   2   0   2   0   3  25  16   0   0   9  0.36 0.25
  160 K    -1   2   1  -1  -3   2   2  -1   1  -1  -2   2   0  -2  -1   1   0  -4   0  -1    3  10   7   2   0  11  12   4   4   3   2  12   2   1   2  12   3   0   3   5  0.17 0.13
  161 E     1  -4   0  -2   2  -3   0   5  -1  -4  -2  -3  -3  -4  -4   2  -2  -4  -4  -2   14   0   3   2   5   0   6  44   2   0   5   0   1   0   0  15   1   0   0   3  0.67 0.30
  162 K    -3   5   0  -3  -6  -1  -1  -1  -3  -5  -5   6  -4  -6  -2  -2  -2  -6  -5  -5    1  30   3   1   0   2   2   6   0   0   1  49   0   0   2   2   1   0   0   0  1.18 0.45
  163 P    -2  -2  -3  -6  -4  -4  -5  -6   1  -3  -4   1  -2   3  -2  -3  -4  -2   9  -4    3   2   1   0   0   0   0   0   3   1   0  10   1   8   2   1   1   0  64   1  1.76 0.58
  164 K    -5   2  -4  -5  -7  -3  -3  -6  -5  -7  -6   8  -5  -7  -5  -3  -4  -7  -6  -6    0   8   0   0   0   0   0   0   0   0   0  91   0   0   0   1   0   0   0   0  2.36 0.73
  165 V    -4  -6  -6  -7  -4  -6  -6  -7  -7   5  -2  -6  -2  -3  -6  -5  -1  -6  -5   6    0   0   0   0   0   0   0   0   0  30   0   0   1   0   0   0   4   0   0  65  1.66 0.55
  166 I    -6  -6  -6  -7  -6  -6  -6  -7  -3   1  -3  -6  -4   2  -7  -6  -5  -2   9   0    0   0   0   0   0   0   0   0   0   7   2   0   0   7   0   0   0   0  77   7  2.45 0.72
  167 Y    -5  -7  -7  -7  -5  -7  -7  -8  -7   8  -2  -7  -3  -4  -7  -6  -5  -6   1   0    0   0   0   0   0   0   0   0   0  91   0   0   0   0   0   0   0   0   4   4  2.35 0.69
  168 I    -5  -7  -7  -7  -5  -7  -7  -8  -7   8   0  -7   0  -4  -7  -6  -5  -7  -5   0    0   0   0   0   0   0   0   0   0  90   5   0   2   0   0   0   0   0   0   3  2.32 0.67
  169 N    -6  -5   0   8  -8  -4   2  -5  -5  -7  -8  -4  -7  -8  -6  -4  -5  -8  -7  -7    0   0   4  86   0   0  10   0   0   0   0   0   0   0   0   0   0   0   0   0  2.45 0.71
  170 E    -5  -2   2  -2  -8  -2   8  -6  -4  -7  -7  -1  -6  -7  -5  -4  -3  -7  -6  -7    0   1   8   0   0   0  87   0   0   0   0   3   0   0   0   0   1   0   0   0  2.18 0.71
  171 I     2  -6  -6  -6  -2  -5  -6  -6  -6   1  -3  -6  -2  -2  -6  -4  -3  -6  -5   7   18   0   0   0   1   0   0   0   0   4   0   0   0   1   0   0   0   0   0  75  1.59 0.56
  172 E    -6  -5  -4   0  -8  -3   1  -7  11  -8  -7  -5  -6  -6  -7  -5  -6  -7  -3  -8    0   0   0   5   0   0  10   0  84   0   0   0   0   0   0   0   0   0   0   0  3.20 0.86
  173 N    -5   1  -1  -7  -6   0  -6  -7  -6  -4  -3  -5  10  -5  -7  -3  -3  -6  -3  -4    0   7   4   0   0   4   0   0   0   0   0   0  81   0   0   1   1   0   1   0  2.71 0.82
  174 L    -5  -6  -7  -7  -5  -6  -6  -7  -6   0   6  -6   5  -2  -7  -6  -5  -5  -5  -2    0   0   0   0   0   0   0   0   0   2  84   0  12   1   0   0   0   0   0   1  1.82 0.58
  175 S    -3  -4   0  -4  -4   1  -4  -4  -4  -5  -3  -4  -1  -6  -4   5   5  -6  -5  -4    0   0   4   0   0   7   0   0   0   0   2   0   1   0   0  45  41   0   0   0  1.30 0.54
  176 F    -1   0   1   1  -4   2   1  -2  -2  -1  -3   2  -2  -1   0  -1   3  -4  -3  -2    4   3   8   9   0   8   7   2   0   4   2  16   1   4   4   3  25   0   0   1  0.29 0.20
  177 N     1  -3   0  -1  -5   1   4   2  -2  -5  -5  -3  -4  -5  -1   3  -2  -5  -4  -5   11   0   5   2   0   6  27  18   1   0   0   0   0   0   3  27   0   0   0   0  0.65 0.33
  178 V     7  -5  -5  -6  -1  -5  -5  -3  -6  -5  -5  -5  -5  -6  -5  -1  -4  -6  -6   0   90   0   0   0   1   0   0   1   0   0   0   0   0   0   0   2   0   0   0   5  1.89 0.65
  179 H    -3   2  -6  -7  -5  -6  -6  -7   0  -4  -4  -6  -4   9  -7  -4  -6   1   1  -3    2  11   0   0   0   0   0   0   2   0   0   0   0  79   0   1   0   2   2   1  2.27 0.67
  180 N    -6  -5   9  -2  -7  -4  -5  -4  -4  -8  -8  -5  -7  -8  -7  -4  -4  -8  -7  -8    0   0  99   1   0   0   0   0   0   0   0   0   0   0   0   0   0   0   0   0  3.08 0.87
  181 S     7  -5  -5  -6  -4  -5  -5  -4  -6  -5  -6  -5  -5  -6  -5  -1  -3  -7  -6  -4   96   0   0   0   0   0   0   0   0   0   0   0   0   0   0   4   1   0   0   0  2.13 0.70
  182 L    -5  -6  -7  -7  -5  -6  -7  -7  -6  -2   6  -6  -1   3  -7  -6  -5  -5  -4  -2    0   0   0   0   0   0   0   0   0   0  85   0   0  13   0   0   0   0   0   1  1.78 0.57
  183 L    -5  -6  -7  -8  -5  -6  -7  -8  -7  -2   7  -6  -2  -3  -7  -6  -5  -6  -5  -3    0   0   0   0   0   0   0   0   0   0 100   0   0   0   0   0   0   0   0   0  2.19 0.67
  184 K    -5  -2  -4  -5  -7  -3  -3  -6  -5  -7  -6   8  -6  -7  -5  -4  -5  -7  -6  -7    0   0   0   0   0   0   0   0   0   0   1  99   0   0   0   0   0   0   0   0  2.65 0.80
  185 I    -4  -5  -4  -5  -5  -5  -5  -6  -6   3  -4  -5  -1  -5  -5  -2   7  -6  -5  -2    0   0   0   0   0   0   0   0   0  19   0   0   1   0   0   1  76   0   0   2  1.88 0.66
  186 L    -5  -6  -7  -7  -5  -6  -7  -8  -7   1   7  -6   0  -3  -7  -6  -5  -5  -5  -2    0   0   0   0   0   0   0   0   0   5  93   0   1   0   0   0   0   0   0   0  1.95 0.61
  187 E    -5  -4  -5  -3  -8  -2   8  -7  -4  -8  -7  -3  -6  -8  -5  -4  -5  -7  -6  -7    0   0   0   0   0   0 100   0   0   0   0   0   0   0   0   0   0   0   0   0  2.72 0.83
  188 E    -5  -4  -5  -2  -8  -2   8  -7  -4  -8  -7  -3  -6  -8  -5  -4  -5  -7  -5  -7    0   0   0   1   0   0  99   0   0   0   0   0   0   0   0   0   0   0   0   0  2.67 0.82
  189 P    -5  -7  -7  -6  -8  -6  -6  -7  -7  -8  -8  -6  -7  -8   9  -5  -6  -8  -8  -7    0   0   0   0   0   0   0   0   0   0   0   0   0   0 100   0   0   0   0   0  3.48 0.92
  190 P    -5  -6  -7  -6  -7  -6  -6  -7  -7  -7  -8  -5  -7  -8   9  -4  -5  -8  -8  -7    0   0   0   0   0   0   0   0   0   0   0   0   0   0  98   0   0   0   0   0  3.37 0.90
  191 S     3  -2  -2  -1  -4   0   3  -2   0  -4  -3   1  -3  -5   3   2  -2  -5  -4  -4   23   1   1   2   0   2  18   2   2   0   2  10   0   0  17  18   1   0   0   0  0.55 0.29
  192 N    -5  -2   3   0  -5  -2  -4  -2  10  -7  -7  -3  -5  -3  -6  -4  -5  -5   3  -7    0   2  14   6   0   1   0   3  62   0   0   1   0   1   0   1   0   0  10   0  2.12 0.64
  193 I     2  -5  -5  -6  -2  -5  -5  -5  -6   2  -1  -5  -1  -4  -5  -3  -1  -6  -4   6   18   0   0   0   1   0   0   0   0   8   4   0   1   0   0   1   3   0   0  62  1.16 0.45
  194 Y    -3  -4  -5  -5  -4  -4  -5  -6   1   6   0   1   0   0  -5  -4  -2  -5   1   3    0   0   0   0   0   0   0   0   3  43   8  10   2   3   0   0   2   0   4  24  0.87 0.35
  195 F    -7  -7  -8  -8  -7  -8  -8  -8  -6  -5  -3  -8  -2  10  -8  -7  -7  -3  -1  -5    0   0   0   0   0   0   0   0   0   0   1   0   1  99   0   0   0   0   0   0  3.27 0.85
  196 I    -5  -7  -7  -7  -4  -7  -7  -8  -7   8  -1  -7  -1  -2  -7  -6  -4  -6  -5   2    0   0   0   0   0   0   0   0   0  86   3   0   1   1   0   0   0   0   0   9  2.15 0.63
  197 L    -5  -6  -7  -7  -5  -6  -7  -7  -6  -2   6  -6   1   5  -7  -6  -5  -4  -3  -3    0   0   0   0   0   0   0   0   0   0  77   0   2  21   0   0   0   0   0   0  1.71 0.56
  198 A     7  -5  -5  -5   1  -5  -5  -4  -5  -3  -3  -4  -4  -6  -5  -2   1  -6  -5  -3   84   0   0   0   3   0   0   0   0   1   2   0   0   0   0   0   9   0   0   0  1.68 0.61
  199 A    -3  -5  -4  -5  -5  -5  -5  -6  -6  -5  -6  -5  -5  -7  -5  -2   8  -7  -6  -4    2   0   0   0   0   0   0   0   0   0   0   0   0   0   0   1  97   0   0   0  2.56 0.81
  200 R    -3  -1  -2  -3  -5  -4  -3  -6  -6  -5  -5  -4  -5  -6  -5   0   8  -7  -6  -4    1   4   1   1   0   0   1   0   0   0   0   0   0   0   0   5  86   0   0   0  2.06 0.70
  201 N    -3   1   1   3  -7   0   7  -5  -2  -7  -6   0  -5  -7  -5  -3  -4  -7  -6  -6    1   6   5  13   0   2  67   0   1   0   0   3   0   0   0   0   0   0   0   0  1.53 0.54
  202 K     0   1  -4  -4  -5  -2  -3  -5  -3   1  -1   2  -3  -4   6  -2  -3  -6  -3   1    7  10   0   0   0   1   0   0   0  10   6  14   0   0  39   2   1   0   1   9  0.85 0.34
  203 N    -2  -2   2  -2  -6   4   0   0   9  -7  -6  -3  -5  -3  -5  -3  -4  -2  -1  -6    3   1  11   2   0  17   5   7  50   0   0   0   0   1   0   1   0   1   2   0  1.58 0.54
  204 K     0   2  -3  -4  -6  -2  -3  -4  -4  -6  -6   7  -4  -7  -5  -1  -4  -7  -6  -6    6   7   0   0   0   1   0   1   0   0   0  79   0   0   0   5   0   0   0   0  1.78 0.61
  205 I    -4  -6  -6  -7  -3  -6  -6  -7  -6   6   1  -6  -1  -3  -6  -5  -4  -6  -4   5    0   0   0   0   0   0   0   0   0  50  12   0   1   0   0   0   0   0   0  36  1.47 0.48
  206 P    -4  -6  -6  -6  -6  -5  -5  -6  -6   2   2  -5   1  -6   8  -5  -5  -7  -6  -4    0   0   0   0   0   0   0   0   0  11  17   0   4   0  67   0   0   0   0   0  1.99 0.62
  207 K     3  -3  -2  -1  -4   0   0  -3  -4   0  -1   0  -2  -4   5  -1  -2  -5  -4  -1   24   0   1   4   0   5   6   0   0   5   7   5   1   0  33   2   1   0   0   5  0.65 0.30
  208 T    -4  -6  -4  -5  -5  -5  -5  -6  -6  -5  -6  -5  -5  -7  -6  -3   8  -7  -6  -4    0   0   0   0   0   0   0   0   0   0   0   0   0   0   0   0 100   0   0   0  2.71 0.85
  209 I    -5  -7  -7  -7  -5  -7  -7  -8  -7   8  -2  -7  -3  -4  -7  -6  -5  -7  -5   2    0   0   0   0   0   0   0   0   0  90   1   0   0   0   0   0   0   0   0   8  2.36 0.68
  210 L    -3  -1  -5  -6  -4  -2  -5  -6  -2   3   5  -2   1  -2  -5  -4  -3  -5  -4   0    1   4   0   0   0   1   0   0   1  19  63   2   3   0   0   0   1   0   0   4  1.02 0.39
  211 S    -3  -5  -4  -5  -5  -4  -4  -5  -5  -7  -7  -4  -6  -7  -5   8  -3  -7  -6  -6    0   0   0   0   0   0   0   0   0   0   0   0   0   0   0 100   0   0   0   0  2.45 0.81
  212 R    -6   9  -5  -6  -8  -3  -4  -7  -5  -8  -7  -2  -6  -7  -7  -5  -6  -7  -6  -7    0  99   0   0   0   0   0   0   0   0   0   0   0   0   0   0   0   0   0   0  2.95 0.84
  213 L    -4  -7  -7  -8  11  -7  -7  -7  -7  -4  -1  -7  -5  -6  -7  -4  -1  -7  -6   2    1   0   0   0  74   0   0   0   0   0   6   0   0   0   0   1   3   0   0  14  2.88 0.76
  214 R    -5   3  -4  -5  -7   9  -2  -6  -3  -6  -5  -3  -3  -7  -6  -4  -5  -6  -6  -6    0  15   0   0   0  82   0   0   0   0   1   0   1   0   0   0   0   0   0   0  2.44 0.79
  215 V    -3   7  -2  -4  -3   0  -3  -5   1   1  -4   0  -4  -5  -2  -2   0  -4  -4  -1    1  63   2   0   1   3   0   0   3  10   0   3   0   0   2   2   5   0   0   4  1.26 0.47
  216 Y    -6  -6  -6  -7  -6  -6  -7  -7   0  -3  -2  -7  -3   8  -7  -6  -6  -2   7  -5    0   0   0   0   0   0   0   0   2   1   3   0   0  62   0   0   0   0  32   0  2.35 0.67
  217 N    -3  -1   3   7  -6  -2   1  -2  -2  -5  -6  -2  -4  -5  -4  -1  -2  -7  -3  -5    2   3  13  60   0   1   9   2   1   1   0   1   0   0   0   4   1   0   1   1  1.29 0.46
  218 F    -7  -7  -7  -8  -7  -8  -8  -8  -6  -3  -2  -8  -3   9  -8  -7  -6  -3  -1  -5    0   0   0   0   0   0   0   0   0   1   3   0   0  96   0   0   0   0   0   0  3.08 0.81
  219 A    -2   5   1  -3  -6  -1  -2  -3   2  -3  -4   5  -3  -5  -2  -1   0  -6  -3  -4    2  35   6   0   0   1   2   1   5   1   1  34   0   0   1   4   6   0   0   0  0.92 0.38
  220 K    -3   7  -1  -2  -6   0   0  -3  -2  -6  -3   2  -3  -6   1  -3  -3  -6  -4  -5    1  60   3   2   0   2   5   1   0   0   3  13   0   0   7   1   1   0   0   0  1.28 0.47
  221 L    -3   2  -6  -6  -4  -4  -3  -5  -4   6   1  -4   1  -2  -4  -4  -4  -5  -4   1    2  11   0   0   0   0   2   0   0  59  13   0   3   1   0   1   0   0   0   8  1.13 0.42
  222 D     0  -2   1   1  -4  -1  -1  -1  -3  -4  -4   0  -3  -5   4   3   3  -5  -4  -4    5   2   5   7   0   2   3   4   0   0   1   5   0   0  18  27  20   0   0   0  0.56 0.29
  223 R     0   0   0  -1  -2   1   0  -2  -1   2   0   0   0  -1   1   0   1  -3  -2   2    5   5   4   4   0   6   6   1   1  13   9   5   1   1   6   8   9   0   1  16  0.08 0.08
  224 S     0   1   1   2  -4   1   3  -1  -1  -3  -3   2  -3  -4   0   1  -1  -5  -3  -3    9   6   6  13   0   7  22   4   1   1   2  12   0   0   4   9   3   0   0   1  0.34 0.19
  225 L    -1  -2  -1   4  -4   2   3  -2  -2  -1  -1   0  -2  -2  -3  -1   0  -5  -3   0    5   1   1  28   0  10  18   2   0   4   7   4   1   1   1   4   5   0   0   6  0.37 0.21
  226 E    -3  -4  -4  -4  -4   1   0  -5  -5   6   1  -4   3  -3  -5  -2  -1  -5  -4   1    1   0   0   1   0   6   7   0   0  57   8   0   8   0   0   3   3   0   0   6  0.99 0.39
  227 I     1  -1  -3  -3  -2  -2  -1  -3  -1   3   0   1   0  -1  -4  -1   0  -4  -1   3   12   3   0   0   1   1   4   1   2  20   5   9   2   2   0   5   4   0   1  28  0.27 0.18
  228 Q     0  -1   1   2  -4   3   3   0  -1  -4  -3   2  -1  -4  -3   1  -1  -5  -3  -4    8   2   6  11   0  13  23   8   1   0   2  12   2   0   0   9   3   0   0   0  0.38 0.21
  229 R    -3   5   0  -3  -3   2  -2  -4   5  -2  -3   2  -3  -4  -5  -2  -3  -4   0   0    1  39   3   0   1   9   1   1  15   3   2  12   0   0   0   1   1   0   3   8  0.80 0.35
  230 F    -4  -5  -6  -7  -4  -4  -6  -6  -1   1   6  -4   3   1  -6  -5  -4  -5  -2   0    0   0   0   0   0   0   0   0   2   7  74   1   6   5   0   0   0   0   1   4  1.30 0.45
  231 K     0   2   0  -1  -2   1   0  -2  -1  -1   0   4   0  -1  -2   0   0  -3  -2  -2    6  13   3   2   1   7   4   2   1   3  10  28   3   3   1   6   5   0   1   2  0.24 0.14
  232 E    -1   2  -1   1  -3   2   4  -2   1  -2  -3   2  -2  -3  -2  -1  -2  -3  -2  -3    4  13   1   6   1   9  30   2   4   2   3  14   1   1   1   2   2   0   1   2  0.47 0.19
  233 S     0  -1   0  -1  -1  -1  -1  -1   1   1   0   0   0   1  -1   0   0   0   3   0    5   3   5   4   1   2   2   4   4  13   7   6   2   5   2   8   7   1  13   7  0.07 0.06
  234 F    -4  -4  -6  -4  -5  -6  -6  -6  -6   7   0  -5  -1   4  -6  -5  -4  -5  -2   3    1   1   0   1   0   0   0   0   0  57   5   0   1  14   0   1   0   0   1  17  1.41 0.50
  235 L     3   0  -2  -4   6  -3  -2  -3  -1  -1   1  -2  -1  -4  -4   0   0  -5  -3   0   31   6   2   1  17   0   2   0   2   2  14   2   2   0   0   7   5   0   1   7  0.52 0.29
  236 I    -1   0   1   2  -3   2   3  -2  -1  -2  -3   3  -1  -5  -2   0  -1  -5  -4  -2    5   4   5  10   0   8  23   3   1   3   2  21   2   0   1   5   4   0   0   3  0.39 0.23
  237 N     1   0   1   2  -4   2   3  -2  -1  -4  -3   3  -3  -5  -2   0  -1  -4  -3  -3   10   3   8  10   0  11  18   2   1   1   2  21   0   0   1   7   3   0   0   1  0.41 0.24
  238 K    -3  -3  -3  -1  -6   0   7  -4  -3  -3  -4   0  -3  -3  -3  -1  -3  -7  -5  -5    1   1   1   2   0   3  73   2   0   1   2   5   1   1   1   3   1   0   0   0  1.54 0.61
  239 D    -3  -3   4   1  -5   0   0   4  -1  -4  -6   2  -4  -3  -4  -1  -3  -5  -1  -5    1   0  22   6   0   3   7  34   1   1   0  15   0   1   0   4   1   0   3   0  0.72 0.34
  240 I    -2  -2  -5  -5  -3  -4  -2  -2  -2   6   1  -3   0   0  -5  -4  -3  -4  -1   3    3   3   0   0   0   1   3   3   1  49  10   2   2   3   0   0   1   0   2  16  0.82 0.36
  241 T     0  -1   1   1  -4   1   2  -2  -2  -2  -3   2  -3  -3  -1   2   2  -5  -3  -2    5   2   7   8   0   6  15   2   1   2   2  13   0   1   2  15  16   0   0   2  0.32 0.22
  242 I     2  -5  -5  -4   0  -5  -4  -5  -4   5   1  -5   0   0  -5  -3  -2  -2   3   2   15   0   0   1   2   0   0   0   0  34  14   0   1   4   0   1   2   0  13  12  0.68 0.33
  243 E    -2  -1   0   5  -6  -1   5  -2  -3  -6  -6  -1  -5  -3  -3   1   1  -6  -5  -5    3   2   3  27   0   1  37   2   0   0   0   3   0   1   1  11   7   0   0   0  0.90 0.41
  244 E    -1  -2  -1   4  -6   0   5  -2   0  -4  -4   1  -4  -5   2  -1  -2  -6  -4  -4    4   2   2  27   0   4  34   2   2   1   1   7   0   0   9   3   2   0   0   1  0.79 0.37
  245 Y     0  -1  -1   4  -4   0   4  -1  -2  -5  -5   1  -4  -1  -3  -1  -2  -4   3  -4    7   3   2  21   0   3  28   5   0   0   0   9   0   2   1   4   1   0  13   1  0.58 0.31
  246 F     6  -5  -5  -5  -3  -4  -4  -1  -5  -2  -2  -4  -4   3  -4   1  -2  -5  -4   0   61   0   0   0   0   0   0   4   0   2   4   0   0  11   0   9   2   0   0   5  1.02 0.47
  247 A     0  -5  -3  -6  -5  -1  -4  -6  -5   1   5  -3   0  -1  -5  -3  -4  -5  -1  -1    8   0   2   0   0   3   1   0   0   8  66   1   2   1   0   1   0   0   2   3  1.01 0.43
  248 S     0   1   1   0  -3   0   1  -1   2  -2  -1   1  -1   0  -2   1   0   0   0  -2    8  10   7   5   0   4  12   3   5   1   5   6   2   4   1  12   7   2   4   1  0.13 0.11
  249 F    -1  -3  -4  -4  -3  -2  -2  -5  -1   2   4  -2   2   3  -4  -3  -1   3   2   0    4   1   1   0   0   2   3   0   2   9  38   2   5  13   0   2   3   4   6   7  0.48 0.24
  250 Y    -4  -6  -4  -6  -5  -6  -6  -7  -2   7   1  -3  -1  -4  -6  -3  -4  -6  -1   1    0   0   1   0   0   0   0   0   1  69  14   1   1   0   0   2   0   0   2   8  1.57 0.55
  251 K     6  -5  -3  -1  -3  -4  -4  -1  -5  -3  -5  -2  -4  -6   0   1  -2  -6  -4  -1   69   0   1   3   0   0   0   3   0   1   0   2   0   0   6   9   1   0   0   3  1.22 0.53
  252 E    -2   5  -1  -1  -5   2   1  -4   0  -1  -2   3  -3  -4  -4  -1  -1  -5  -3   0    2  35   3   2   0  10   8   1   2   5   4  15   0   0   0   3   3   0   1   6  0.59 0.31
  253 E     1   1   1  -1  -2   1   1  -2   0  -1   1   2   0  -2  -3   0  -1  -3  -1  -1   16   6   7   2   1   5   9   2   3   3  16  15   1   1   0   7   2   0   2   4  0.12 0.12
  254 S     5  -5  -4  -5  -2  -4  -4   0  -2  -5  -4  -4  -5  -6   1   4  -3  -6   0  -4   54   0   0   0   1   0   0   5   1   0   1   0   0   0   7  28   0   0   3   0  1.15 0.52
  255 K    -1  -2   1   5  -5   0   4   0  -3  -6  -5  -1  -4  -5  -4   0   0  -3  -4  -5    4   2   7  35   0   4  24   7   0   0   0   3   0   0   0   6   5   0   0   0  0.80 0.37
  256 K    -4  -6  -3  -5  -7  -5  -1   7  -1  -8  -8   0  -7  -3  -6  -3  -2  -7  -7  -7    0   0   0   0   0   0   4  84   1   0   0   5   0   1   0   1   2   0   0   0  2.03 0.67
  257 I     2  -5  -3  -4   1  -4  -4   4  -4   1  -2  -4  -1  -5  -5   4  -3  -6  -5  -3   16   0   0   0   3   0   0  29   0   9   5   0   1   0   0  35   0   0   0   1  0.81 0.41
  258 K    -4  -1  -6  -6  -5  -2  -5  -6  -5  -2   3   1   9  -1  -6  -3  -3  -3  -3   0    1   4   0   0   0   1   0   0   0   1  27   9  47   3   0   1   1   0   1   5  1.41 0.55
  259 K    -3   8  -2  -3  -8  -3  -2  -7  -5  -7  -7   0  -6  -7  -6  -3  -3  -7  -6  -7    3  85   1   1   0   0   3   0   0   0   0   4   0   0   0   1   1   0   0   0  2.35 0.77
  260 E    -3  -6  -2   8   0  -3   0  -6  -1  -7  -5  -3  -7  -7  -6  -3  -5  -8  -1  -7    2   0   1  82   2   1   4   0   1   0   1   1   0   0   0   1   0   0   3   0  2.20 0.73
  261 L     7  -5  -5  -6  -2  -5  -5  -1  -6  -2  -3  -5  -4  -6  -5   1  -3  -7  -6  -3   81   0   0   0   1   0   0   3   0   2   2   0   0   0   0   9   1   0   0   1  1.65 0.64
  262 A    -2  -1  -3  -4  -3   1   2  -6  -4   2   4  -2  -1  -3  -5  -3  -3  -4  -3   0    3   3   1   0   0   8  16   0   0  12  48   2   0   0   0   1   0   0   1   4  0.66 0.35
  263 K    -2  -4   1  -2  -5  -3  -2  -1  -5  -5  -3  -1  -4  -6  -5   6   0  -7  -6  -3    1   0   5   2   0   0   3   4   0   0   3   4   0   0   0  70   5   0   0   2  1.28 0.58
  264 I    -3  -6  -6  -7  -5  -5  -6  -7  -6   5   4  -6   3   3  -6  -5  -3  -4  -1   0    1   0   0   0   0   0   0   0   0  31  44   0   7  12   0   0   1   0   1   3  1.13 0.43
  265 L    -2  -3  -6  -5  -5  -5  -5  -7  -6  -1   6  -6   1   4  -6  -5  -2  -3   0  -2    4   1   0   0   0   0   0   0   0   1  69   0   2  14   0   0   3   0   3   0  1.29 0.50
  266 N    -4  -5   0   7  -7   1   2  -3  -4  -7  -7  -2  -7  -7  -5  -1  -4  -8  -7  -7    1   0   3  70   0   6  12   1   0   0   0   2   0   0   0   3   0   0   0   0  1.83 0.64
  267 I    -2   0  -4  -3  -4   8  -2  -4  -2  -1  -1  -2  -2  -5  -5  -1  -2  -6  -3  -1    2   4   0   1   0  67   0   1   1   4   5   2   1   0   0   4   2   0   1   4  1.52 0.63
  268 I    -1  -5  -4  -6   5  -5  -6  -6  -6   5   2  -5   2  -2  -5  -2  -3  -5  -4   3    5   0   1   0  11   0   0   0   0  32  22   0   4   1   0   3   1   0   0  21  0.89 0.37
  269 K     2   0  -1  -2  -3  -1  -1   0  -2   1   0   1   0  -3  -3   2  -1  -4  -3   1   21   5   1   2   0   2   2   5   1   9   7   9   2   0   0  22   1   0   0   9  0.21 0.18
  270 E    -1  -2   1   1  -4   0   2   0   0  -3  -3  -1  -2   2  -4   3  -1  -3   3  -3    3   1   8   7   0   3  12   7   2   1   2   2   1   8   0  29   2   0  11   1  0.35 0.24
  271 K     0   0   1   0   2  -1   0   1   0  -2  -1   1  -2   1  -2   1   0  -3   0  -1    8   3   9   5   5   1   4  12   2   2   4  13   0   6   1  13   6   0   3   3  0.10 0.09
  272 K    -1  -2   2   3  -3   1   1   2  -2   1  -2   1  -2  -3  -2   0  -1  -4  -3  -1    3   1   9  17   0   6   7  17   0  11   3   8   0   1   1   8   2   0   1   4  0.21 0.15
  273 S    -1   0   1   2  -1  -1   1   2  -2  -2  -4   1  -3  -4  -2   2   2  -4  -3  -2    3   4   7  12   1   1   8  17   0   2   1   8   0   0   1  18  13   0   1   2  0.30 0.19
  274 I     0   0   1   1  -3   0   2  -2   1   1  -1   1  -1  -2  -2   0   0  -4  -1  -1    8   4   7   9   0   4  13   1   3  12   6  11   1   0   1   5   6   0   2   4  0.12 0.11
  275 F    -2  -2  -1  -2  -1  -1   0  -1  -3   4   1   0  -1   2  -4  -2  -2  -2   0   1    2   1   2   2   1   3   7   4   0  34   9   6   0  11   0   2   1   0   3  10  0.32 0.21
  276 N    -2  -1   3   2  -3   1   0  -2  -2  -1  -3   0  -3  -5  -3   1   4  -5  -3  -1    1   3  13  13   0   5   5   2   1   3   2   6   0   0   0  10  31   0   0   4  0.46 0.28
  277 L     0  -2  -3  -2  -3  -2  -1  -4  -2   2   3  -2   0   0  -3  -2  -1  -2   2   3    6   1   1   2   0   2   4   1   1  10  31   2   1   4   1   2   4   0   7  20  0.30 0.19
  278 E    -1  -1   1   4  -5   1   5  -2  -2  -3  -2   1  -3  -5  -2   0  -2  -5  -3  -4    4   3   5  20   0   4  35   2   0   1   4   8   0   0   2   8   2   0   1   1  0.60 0.31
  279 E     0  -1   1   5  -5   1   4  -3   1  -3  -3   0  -2  -5  -4   0  -1  -6  -3  -1    6   2   6  29   0   7  24   1   3   1   2   5   1   0   0   5   3   0   1   4  0.59 0.30
  280 V    -1  -5  -5  -5   3  -4  -5  -5  -5   3   1  -5   0  -3  -5  -4  -1  -5  -4   6    6   0   0   0   5   0   1   0   0  15  11   0   2   0   0   1   4   0   0  55  1.04 0.42
  281 D     0  -1   2   2  -3   1   0  -2   0  -1   2  -1  -1  -1  -2   0  -1  -4  -1  -2    8   3  14  12   0   6   6   3   2   3  23   2   0   2   1   6   3   0   1   1  0.15 0.14
  282 F     0  -1   2  -1  -3   0   0   3  -1   0   0   0  -1   1  -2   1  -1  -3  -2  -1    5   2  10   3   0   4   8  23   1   6   8   7   1   7   1   9   3   0   1   4  0.14 0.11
  283 I    -2  -4  -1  -4  -4  -4  -4  -5  -5   4   3  -3   1   2  -5  -2  -1  -4  -2   3    2   0   3   1   0   0   1   0   0  31  24   2   3   9   0   2   2   0   1  18  0.63 0.29
  284 K     0  -2  -1   0  -2  -1   0  -2  -3   1   3   0   0   0  -2  -1   0  -4  -2   0    7   1   3   7   0   1   6   2   0   8  32   9   2   3   2   3   7   0   0   7  0.15 0.14
  285 D    -2  -4   0   3  -5  -3   0   5  -3  -4  -5  -3  -5  -5   2   0  -2  -5   0  -3    1   0   4  20   0   1   6  43   0   1   0   0   0   0  10   5   2   0   4   2  0.82 0.36
  286 E     0   3  -1   2  -4   1   2  -3  -2  -1  -2   1   0  -2  -3   0   0  -4  -2  -1    8  21   2  11   0   5  13   0   0   4   3   7   3   1   0   8   7   0   1   5  0.24 0.17
  287 Q    -1  -1   0   1  -3   1   2  -2  -1   1  -1  -1   0  -1  -2  -1   0  -3   1   2    5   2   5   6   0   8  16   1   1   8   5   2   2   2   1   4   6   0   6  20  0.14 0.14
  288 S    -1  -2  -1   2  -3  -1   1  -1  -1   0  -1  -1   2   0  -2   2  -1  -2   3  -1    4   1   2  12   0   1   9   3   1   8   5   3   6   3   2  22   2   0  12   4  0.18 0.17
  289 F    -2   0  -2  -2  -4  -1  -2  -5  -3   1   2  -3  -1   6  -4  -3  -2  -1   1  -1    2   6   2   2   0   4   3   0   0   8  23   1   1  37   0   1   2   0   4   3  0.63 0.30
  290 K    -1   2  -1   2  -4   1   2   0   1  -2  -3   3  -3  -1  -3   0  -2  -2  -1  -2    3  14   2  12   0   4  15   6   3   3   1  21   0   3   0   7   1   1   2   2  0.31 0.19
  291 I    -1  -1  -2  -1  -3  -1  -2  -4  -1   4   2  -1   1  -1  -2  -2   0  -4  -2   1    4   3   2   3   0   3   2   0   2  32  20   5   3   2   2   1   6   0   1   9  0.28 0.18
  292 F    -4  -5  -6  -6  -5  -5  -5  -6  -4   2   3  -5  -1   7  -6  -5  -4  -2   3  -1    1   0   0   0   0   0   0   0   0  12  27   0   1  45   0   0   0   0  11   3  1.24 0.42
  293 L    -3  -4  -3  -5  -3  -4  -3  -5  -4   2   4  -4   0   4  -3  -2  -2  -3  -1   1    1   0   1   0   0   0   2   0   0  10  50   0   1  18   1   2   1   0   1  10  0.73 0.30
  294 N    -3  -3   4   5  -5   2   3  -4  -3  -6  -6  -2  -5  -6  -4   1  -3  -6  -5  -5    0   0  23  34   0  11  23   0   0   0   0   0   0   0   0   9   0   0   0   0  1.06 0.38

                      K         Lambda
Standard Ungapped    0.1342     0.3155
Standard Gapped      0.0453     0.2670
PSI Ungapped         0.1481     0.3172
PSI Gapped           0.0453     0.2670
