
Last position-specific scoring matrix computed, weighted observed percentages rounded down, information per position, and relative weight of gapless real matches to pseudocounts
            A   R   N   D   C   Q   E   G   H   I   L   K   M   F   P   S   T   W   Y   V   A   R   N   D   C   Q   E   G   H   I   L   K   M   F   P   S   T   W   Y   V
    1 R    -5   8  -4  -6  -8   1  -4  -6  -4  -7  -7   4  -6  -7  -6  -5  -5  -7  -6  -7    0  71   0   0   0   4   0   0   0   0   0  25   0   0   0   0   0   0   0   0  2.18 0.80
    2 C    -3   2  -1   3  -2   0   2  -4   3  -2   0  -1  -2   3  -4  -2   0   1   0  -2    1  12   1  18   1   3  15   0   7   1  11   3   0  12   0   2   5   2   2   3  0.32 0.25
    3 Y    -5  -1   5  -4  -4  -2  -5  -5   3  -5  -3  -4  -3   3  -7  -4  -2   1   7  -5    0   3  28   0   0   2   0   0   6   0   3   1   1  10   0   1   2   2  40   0  1.45 0.65
    4 G    -3  -3   2   0  -6   0  -3   7  -1  -8  -8  -2  -7  -7  -6  -2  -5  -7  -7  -7    1   2  11   5   0   5   1  68   2   0   0   3   0   0   0   2   0   0   0   0  1.57 0.67
    5 A    -2   3  -3  -5  -4  -1  -4  -4   0   3   3  -3   0  -1  -5  -3  -1  -1  -3   3    3  15   1   0   0   3   0   1   3  16  30   1   2   2   0   1   3   1   1  18  0.54 0.33
    6 Q    -1   0   1   3  -5   2   3  -2   2  -3  -4   1  -4  -4   0   1   1  -5  -3  -2    5   5   5  17   0   7  17   2   4   1   0   8   0   0   5  11   8   0   1   3  0.35 0.26
    7 V     0  -6  -6  -7  -1  -6  -6  -6  -3   3   1  -6  -3   1  -4  -4  -3   1   7   3    7   0   0   0   1   0   0   0   0  13  11   0   0   5   1   1   1   2  37  20  1.12 0.55
    8 D    -2  -3   3   7  -1  -1   0  -4  -1  -6  -6  -1  -6  -7  -5   0  -1  -7  -5  -5    3   1  13  56   1   2   5   1   1   0   1   3   0   0   0   7   4   0   0   1  1.31 0.61
    9 A     2  -4  -6  -6  -5  -6  -6  -4  -5  -5  -5  -5  -5  -5   8  -2  -4   1  -5  -3   14   1   0   0   0   0   0   1   0   1   1   0   0   1  73   2   1   2   0   2  2.22 0.90
   10 D     0  -2   1   4  -5   0   4  -2  -2  -3  -1   0   1  -3  -3  -2  -2  -5  -3  -2    8   1   5  24   0   4  31   2   1   1   6   4   4   1   1   2   2   0   1   2  0.60 0.36
   11 T    -1   1   2   1  -3   0   0  -1  -1  -3  -3   1  -3  -4  -3   2   4  -4  -3  -3    3   6   8   6   0   4   6   4   1   1   2  10   0   1   1  15  29   0   1   1  0.44 0.28
   12 E    -5  -4   3   1  -8   3   7  -5  -1  -7  -7  -4  -5  -8  -6  -4  -5  -7  -6  -7    0   0  12   6   0  14  64   1   1   0   0   0   0   0   0   0   0   0   0   0  1.78 0.82
   13 I    -5  -7  -7  -8  -4  -7  -7  -8  -8   7  -1  -7  -2  -3  -7  -6  -3  -7  -6   5    0   0   0   0   0   0   0   0   0  51   4   0   1   1   0   0   2   0   0  41  1.84 0.75
   14 T    -1  -5  -5  -6   1  -3  -5  -5  -5   4   3  -5   3  -2  -6  -3   3  -6  -4   3    4   0   0   0   3   1   0   0   0  21  25   0   6   1   0   1  20   0   0  16  0.74 0.42
   15 V    -2  -7  -8  -7  -3  -7  -7  -8  -8   5  -2  -7  -2  -5  -6  -6  -2  -7  -5   7    3   0   0   0   1   0   0   0   0  28   2   0   1   0   0   0   2   0   0  63  1.85 0.78
   16 T    -3  -6  -4  -6   1  -6  -6  -2  -6  -6  -6  -6  -2  -3  -6   2   7  -8  -5  -2    2   0   1   0   2   0   0   3   0   0   0   0   1   1   0  12  75   0   0   2  1.92 0.90
   17 S     2  -5   2  -3   4  -3  -4  -3  -1  -1  -3  -4  -2  -4   2   1   1  -6  -5   3   18   0  10   1  10   1   0   1   1   2   2   0   1   0  10  10   8   0   0  24  0.53 0.38
   18 G    -5  -8  -6  -7  -8  -7  -8   8  -7  -9  -9  -7  -8  -9  -6  -3  -7  -8  -8  -9    0   0   0   0   0   0   0  98   0   0   0   0   0   0   0   2   0   0   0   0  2.89 1.08
   19 A     6  -6  -6  -6   1  -4  -5   3  -6  -5  -5  -5  -6  -7  -5   0  -1  -7  -6  -1   64   0   0   0   2   1   0  19   0   0   0   0   0   0   0   5   4   0   0   5  1.40 0.70
   20 T    -2  -4   1  -5  -3  -1  -3  -4  -3  -2  -4   4   2  -5  -5   2   5  -6   2  -3    3   0   5   0   0   3   1   1   0   2   1  23   5   0   0  17  31   0   7   1  0.79 0.51
   21 E    -3  -4  -3  -3  -5   5   6   0   3  -5  -4  -4  -2  -3  -1  -3  -5  -6  -3  -6    2   0   1   0   0  21  48   9   7   1   2   0   1   1   3   2   0   0   1   0  1.21 0.66
   22 A     6  -6  -5  -6  -2  -5  -5   3  -6  -3  -5  -5  -3  -7  -5   1  -3  -7  -7  -2   65   0   0   0   1   0   1  18   0   2   1   0   1   0   0   8   1   0   0   2  1.44 0.72
   23 I    -5  -7  -8  -8  -4  -6  -7  -8  -7   5   5  -7   4  -1  -7  -6  -5  -6  -4   0    1   0   0   0   0   0   0   0   0  32  50   0   9   3   0   0   0   0   0   4  1.47 0.64
   24 F     1  -5  -2  -1  -3  -4  -5  -5   1  -2   0  -5   1   6  -6  -2  -1  -2   6  -2   12   0   2   4   1   1   0   0   4   2   7   0   4  31   0   4   3   0  23   2  0.94 0.49
   25 N     3  -4   3  -1   3  -2  -2  -3  -3   0   1  -4   1  -1  -4   1   1  -5  -1   0   22   0  13   3   7   1   2   1   0   4  14   0   3   2   0  12   9   0   3   5  0.31 0.28
   26 A     5  -5  -5  -6   1  -5  -5  -3  -6   0  -2  -5  -4  -4  -4   2   3  -7  -6   0   49   0   0   0   3   0   0   1   0   6   4   0   0   1   0  12  17   0   0   7  0.97 0.56
   27 I    -2  -6  -6  -7   0  -6  -6  -6  -6   4   3  -6   5   4  -7  -5  -2  -5  -3   0    4   0   0   0   2   0   0   0   0  24  31   0  13  17   0   0   2   0   0   6  1.04 0.50
   28 H     0   1  -2  -4  -3   4  -2  -4  -1  -2   3  -2   5   1  -5   0   0  -4  -2  -2    7   6   2   0   1  18   1   1   1   2  25   2  15   6   0   6   5   0   1   1  0.49 0.37
   29 A     6  -6  -5  -6   0  -5  -5   2  -5  -5  -6  -5  -5  -7  -5   2   2  -7  -6  -1   55   0   0   0   2   0   0  14   0   0   0   0   0   0   0  12  13   0   0   4  1.20 0.65
   30 V    -4  -6  -5  -7  -1  -6  -6  -6   0   3   5  -6   0   3  -6  -4   0  -1  -2   2    1   0   1   0   1   0   0   0   2  13  47   0   2  12   0   1   6   1   1  11  0.94 0.47
   31 V    -2  -6  -7  -7   3  -6  -7  -7  -7   4   4  -6  -2  -2  -6  -5  -2  -6  -4   4    2   0   0   0   6   0   0   0   0  24  32   0   0   2   0   0   3   0   0  30  1.12 0.53
   32 R    -3   0   6   5  -7  -1   3  -3   0  -6  -7  -1  -6  -7  -4  -1  -3  -6  -6  -6    2   5  31  26   0   2  20   2   2   0   0   3   0   0   0   4   1   0   0   0  1.11 0.57
   33 A    -2  -2  -5  -1  -6   0   3  -6  -2  -5  -6  -2  -7  -6   8  -3  -3  -8  -7  -4    3   2   0   3   0   4  15   0   1   1   0   3   0   0  62   1   1   0   0   2  1.79 0.82
   34 S    -5  -5  -1  -2  -8  -5  -4   8  -5  -9  -9  -4  -8  -9  -7  -4  -6  -8  -8  -9    0   1   3   2   0   1   1  90   0   0   0   1   0   0   0   1   0   0   0   0  2.49 0.98
   35 E    -5  -7  -3   9  -7  -5   0  -6  -7  -9  -9  -6  -6  -9  -7  -3  -6 -10  -9  -8    1   0   1  91   0   0   5   0   0   0   0   0   0   0   0   2   0   0   0   0  2.88 1.12
   36 D    -5  -3  -5  -2  -9  -2   8  -5  -4  -9  -9  -2  -8  -9  -7  -5  -5  -9  -8  -8    0   1   0   2   0   1  90   1   0   0   0   3   0   0   0   1   1   0   0   0  2.58 1.09
   37 V    -1  -8  -8  -9  -3  -8  -8  -8  -8   1  -4  -8  -3  -5  -8  -7  -5  -5  -6   8    4   0   0   0   1   0   0   0   0   7   1   0   0   0   0   0   0   0   0  86  2.34 0.95
   38 I    -5  -8  -8  -8  -6  -7  -8  -9  -8   7   3  -7  -1  -5  -8  -7  -5  -7  -6   3    1   0   0   0   0   0   0   0   0  60  24   0   1   0   0   0   0   0   0  14  1.86 0.76
   39 V    -4  -6  -7  -7  -1  -6  -7  -7  -5   5   2  -6   1  -1  -7  -5  -3  -6   1   4    1   0   0   0   1   0   0   0   0  36  19   0   3   2   0   0   2   0   4  31  1.22 0.56
   40 L    -3  -7  -6  -7  -5  -3  -5  -6  -3   2   1  -6   0   6   6  -4  -3  -4  -4  -2    2   0   0   0   0   2   0   0   1  12  11   0   2  28  36   1   1   0   0   2  1.32 0.64
   41 D     1  -4   0   4  -6  -1   5  -4  -5  -4  -6  -3  -5  -7  -5   1   0  -7  -5  -2   10   0   4  20   0   2  41   1   0   1   0   1   0   0   0  10   7   0   0   3  0.95 0.55
   42 P    -7  -9  -8  -8  -9  -8  -8  -9  -5  -9  -8  -7  -9 -10   9  -7  -7 -10  -9  -9    0   0   0   0   0   0   0   0   0   0   0   0   0   0  99   0   0   0   0   0  3.72 1.41
   43 A     2  -5  -4  -5   4  -5  -5   1   0  -2  -3  -5  -1   5  -6   0  -2  -2   5  -3   20   0   0   0   8   0   0  11   2   2   1   0   2  21   0   8   2   0  19   2  0.82 0.47
   44 Y    -8  -8  -6  -9  -5  -6  -8  -9   0  -7  -6  -8  -6   6  -9  -5  -8   9   8  -7    0   0   0   0   0   0   0   0   2   0   0   0   0  30   0   1   0  24  42   0  2.75 1.06
   45 D    -2  -5  -3   5  -6  -4   1  -2  -4  -2  -2  -4  -3  -5   3  -2  -2  -7  -5   3    3   0   1  33   0   0  10   3   0   2   5   1   1   0  16   3   2   0   0  21  0.81 0.49
   46 C     0  -4   3  -4   5   0  -4  -2  -2  -1  -1  -4  -3  -4  -1   4   0  -1  -1  -3    9   0  12   0  10   5   0   3   1   4   6   0   0   1   3  36   6   1   2   1  0.61 0.44
   47 Y    -8  -8  -8  -6  -9  -8  -8  -9   2  -7  -7  -8  -7   1  -7  -8  -8  -4  10  -6    0   0   0   1   0   0   0   0   5   0   0   0   0   5   0   0   0   0  89   0  3.55 1.32
   48 E     1   0  -3  -1  -3   0   2  -1  -2   1   0  -1  -2  -1   3  -1  -1  -1  -1   0   12   5   1   3   0   3  17   4   1   8   8   4   1   2  16   3   2   1   2   8  0.21 0.20
   49 P     2  -4   0   0  -3  -1   2   0  -1  -4  -5  -4  -3  -7   6   1  -1  -4  -4  -3   15   0   4   4   1   2  12   6   1   1   1   0   1   0  35  11   3   0   0   1  0.81 0.48
   50 A     1  -4   1  -1   2   3  -3  -3   0   1   0  -3   5  -2  -3   0  -1  -2  -3   0   13   0   6   4   5  15   1   1   2   9   8   1  16   1   1   6   4   1   0   7  0.38 0.32
   51 I     1  -7  -7  -7  -3  -6  -7  -6  -7   5  -1  -6  -2  -4  -4  -4   0  -7  -6   5   12   0   0   0   1   0   0   0   0  33   5   0   1   0   1   1   5   0   0  42  1.29 0.61
   52 D     0   3  -1  -2  -4   1   2  -3   1   0  -1   2  -1  -4  -3  -1   1  -2  -3  -2    8  19   2   2   0   5  15   2   3   6   7  15   2   0   0   3   8   0   1   2  0.29 0.25
   53 L    -2  -3  -5  -7  -4  -4  -6  -6  -6   1   5  -5   6   3  -7  -4  -3  -3  -1  -1    3   2   0   0   0   1   0   0   0   6  47   0  21  10   0   1   2   0   2   4  1.13 0.56
   54 A     6  -4   1  -6   3  -4  -5  -4  -3  -2  -1  -5  -1  -1  -2   0  -2  -5  -3   0   57   0   7   0   7   1   0   0   1   2   6   0   1   3   2   5   3   0   1   6  0.97 0.56
   55 G    -5  -2  -1  -1  -8  -3  -2   7   0  -9  -8  -4  -6  -8  -7  -3  -6  -8  -5  -8    0   2   2   3   0   1   3  82   2   0   0   1   0   0   0   2   0   0   1   0  2.10 0.88
   56 A     4  -6  -6  -6  -2  -6  -7   6  -7  -4  -5  -6  -5  -7  -7  -4  -5  -7  -7  -4   36   0   0   0   1   0   0  58   0   1   1   0   0   0   0   0   0   0   0   2  1.78 0.81
   57 R    -3   2  -1  -3  -4  -2   0  -5  -1   2  -4   4  -2  -5  -5  -3   3  -6  -5   3    1  11   3   1   0   1   5   0   1  10   0  25   1   0   0   1  17   0   0  22  0.65 0.44
   58 A     0  -3  -6  -6   0  -6  -6  -6  -4   0  -3  -6  -1  -5   7  -3  -2  -8  -4   1    7   2   0   0   2   0   0   1   0   5   3   0   2   1  60   2   3   0   1  11  1.65 0.77
   59 V    -4   3  -6  -7  -5  -5  -5  -8  -4   3  -3   1  -3  -5  -7  -5  -4  -7  -6   6    1  14   0   0   0   0   0   0   0  13   1   8   0   0   0   0   0   0   0  62  1.53 0.72
   60 H    -2   0  -4  -4   0  -4  -2  -3   2   0  -1  -3  -2   5   3  -1  -1   0   4  -1    4   5   0   1   2   0   3   2   4   6   6   1   1  22  15   4   4   1  16   3  0.54 0.35
   61 V    -3  -7  -7  -8  -1  -7  -7  -7  -5   4   0  -6  -1  -3  -7  -5  -4  -7   0   7    2   0   0   0   1   0   0   0   0  20   7   0   1   1   0   0   1   0   4  62  1.56 0.70
   62 A    -1   1  -1   1  -5   0   0  -4  -2  -6  -6  -1  -5  -6   6   0   1  -7  -5  -4    4   7   2   8   0   4   5   1   1   0   0   4   0   0  45   6   9   0   0   1  1.07 0.57
   63 L    -2  -6  -6  -6   1  -6  -6  -5  -7  -1   5  -5   2  -3  -5  -3   3  -5  -4  -1    3   0   0   0   3   0   0   1   0   3  60   0   4   0   1   1  19   0   0   4  1.21 0.61
   64 D    -1   4   0   1  -3   1   2  -3   2  -3  -3   2  -3  -4  -2   1   0  -5  -2  -3    4  25   4   7   0   4  12   2   6   1   2  12   0   0   1  10   5   0   1   2  0.44 0.30
   65 P     2  -2  -2  -1  -5  -1   4  -1  -2  -5  -3   0  -3  -3   5   0  -3  -4  -3  -4   15   2   1   3   0   2  26   5   1   0   3   5   1   1  26   7   1   0   1   1  0.70 0.44
   66 Q    -2  -3   3   3  -5   0   3  -2  -2  -6  -6   1  -5  -6   5   0  -1  -7  -4  -5    3   1  15  13   0   3  16   3   1   0   0   7   0   0  26   6   4   0   0   0  0.77 0.45
   67 T    -2  -2   3   5  -6  -1   2   3   0  -7  -5  -2  -6  -7  -5  -1  -2  -7  -4  -6    2   2  15  36   0   2  10  20   2   0   1   2   0   0   0   4   2   0   0   0  0.96 0.51
   68 F    -7  -8  -8  -7  -8  -8  -8  -5  -6  -5  -2  -8  -2   8  -9  -7  -7   9   3  -7    0   0   0   0   0   0   0   1   0   0   3   0   1  56   0   0   0  28   9   0  2.76 1.03
   69 A     0   3  -1  -2  -3   2   0  -2   1  -1  -2   3  -2  -4  -4   1   1  -4  -1   0    7  15   2   2   0   9   5   2   4   4   3  18   1   0   0  10   8   0   2   7  0.29 0.25
   70 V    -5  -6  -7  -6  -4  -6  -6  -7  -4   4   4  -6   1   3   2  -5  -4   0  -1   1    0   0   0   0   0   0   0   0   0  21  39   0   3  10  12   0   1   1   2   9  0.96 0.49
   71 D    -4  -1   1   7  -7  -1  -1  -5  -3  -6  -6  -1  -4  -7  -1   0   3  -8  -7  -6    1   3   7  53   0   2   2   0   0   0   1   3   0   0   4   6  16   0   0   0  1.31 0.66
   72 W     1  -1  -5  -4  -2  -3   0  -4  -4   1   0  -2   1   1   5  -3  -2   6  -2   0   12   4   0   0   1   1   6   1   0   7   9   2   3   6  27   1   2  11   1   7  0.62 0.38
   73 D     1  -2   0   5  -6   1   5  -4  -2  -6  -6   0  -5  -7  -3  -1  -1  -7  -6  -4   11   2   4  27   0   6  36   1   1   0   0   5   0   0   1   3   3   0   0   1  0.94 0.53
   74 A     2   1  -2   2  -6   2   4  -3  -3  -3  -3   0  -1  -5  -5  -2  -2  -6  -4  -2   20   7   1  12   0   8  32   1   0   1   2   6   2   0   0   2   2   0   1   2  0.62 0.41
   75 L    -5  -7  -8  -8  -6  -7  -7  -8  -7   3   6  -7   0   1  -7  -7  -5  -4  -4   2    0   0   0   0   0   0   0   0   0  15  63   0   1   5   0   0   0   0   0  15  1.49 0.66
   76 R     2   3  -3  -1  -4   1   5  -4  -3  -5  -3   2  -4  -6  -4  -1  -2  -5  -4  -4   15  16   1   3   0   4  35   1   0   0   2  13   0   0   0   4   2   0   0   1  0.77 0.47
   77 A     3   2   0   0  -5   1   1  -2  -2  -6  -5   3  -5  -6  -3   2  -2  -6  -5  -4   29  11   4   4   0   5  10   3   1   0   0  15   0   0   1  14   1   0   0   0  0.57 0.40
   78 A     5   0  -3  -5  -2  -2  -3  -4   0  -3   0   3   0  -3  -4  -1  -1  -6  -1  -1   46   4   1   0   1   1   1   0   2   1  10  16   3   1   0   3   4   0   2   5  0.69 0.45
   79 I    -4  -6  -7  -7   1  -7  -7  -7  -7   6   1  -6  -1   4  -7  -6  -4  -4  -3   3    1   0   0   0   2   0   0   0   0  48  10   0   1  16   0   0   0   0   0  20  1.40 0.61
   80 T    -2  -4   3  -4  -5  -3  -4  -1  -5  -6  -7  -4  -6  -7  -6   3   6  -7  -6  -5    2   1  14   1   0   1   1   5   0   0   0   1   0   0   0  21  55   0   0   0  1.48 0.77
   81 P     0  -2  -1   2  -5  -2   1  -3  -1  -7  -7   0  -6  -7   6   2  -3  -7  -6  -6    6   2   3  12   0   2  10   2   1   0   0   7   0   0  40  13   1   0   0   0  1.06 0.57
   82 K    -4   6   1  -3  -6  -2  -3  -3  -1  -8  -6   6  -6  -8  -6  -4  -5  -8  -5  -7    1  39   7   2   0   1   1   2   2   0   0  44   0   0   0   1   0   0   0   0  1.63 0.75
   83 T    -1  -7  -6  -7  -4  -6  -6  -6  -7  -5  -6  -6  -5  -5  -5  -1   8  -8  -7  -4    4   0   0   0   0   0   0   0   0   0   1   0   0   0   0   4  88   0   0   1  2.47 1.08
   84 R    -4   5  -5  -5  -6  -3  -4  -6  -6  -7  -8   7  -7  -8  -7  -4  -5  -8  -7  -6    2  32   0   0   0   0   0   0   0   0   0  64   0   0   0   1   0   0   0   1  2.16 0.93
   85 L     5  -6  -6  -7  -1  -5  -6  -3  -6  -1   2  -6   6  -3  -6  -4  -4   0  -5   1   44   0   0   0   1   0   0   2   0   4  17   0  20   1   0   0   0   1   0  10  1.12 0.60
   86 L    -5  -7  -8  -8  -6  -7  -8  -8  -8   7   3  -7   2  -2  -7  -7  -5  -7  -6   2    0   0   0   0   0   0   0   0   0  56  25   0   4   1   0   0   0   0   0  14  1.69 0.70
   87 M    -5  -7  -7  -7  -4  -7  -7  -8  -7   7   2  -7   2  -1  -7  -6  -4  -4  -4   4    0   0   0   0   0   0   0   0   0  51  17   0   5   2   0   0   0   0   0  23  1.53 0.65
   88 I    -5  -6  -7  -7  -5  -6  -7  -7  -7   5   5  -6   0   0  -7  -6  -4  -6  -3   3    0   0   0   0   0   0   0   0   0  29  48   0   2   4   0   0   0   0   1  16  1.33 0.59
   89 N    -6  -6   9  -4   3  -6  -6  -4  -4  -5  -7  -6  -7  -8  -5  -3  -2  -9  -7  -5    1   0  86   0   6   0   0   1   0   1   0   0   0   0   0   2   2   0   0   1  2.77 1.10
   90 S    -4  -5   3  -3  -4  -4  -5  -5  -4  -5  -6  -5  -6  -2  -6   5   5  -5   2  -6    0   0  14   1   0   0   0   0   0   0   0   0   0   2   0  42  32   0   6   0  1.35 0.73
   91 P    -7  -8  -8  -7  -9  -7  -7  -8  -8  -9  -9  -7  -8  -9   9  -7  -7  -9  -9  -8    0   0   0   0   0   0   0   0   0   0   0   0   0   0  99   0   0   0   0   0  3.65 1.36
   92 H    -2  -5   5  -4   3   0  -4  -2   8  -7  -5  -5  -2  -6  -6   3  -3  -3  -4  -5    3   0  23   1   6   4   0   4  36   0   1   0   1   0   0  18   2   0   0   1  1.45 0.69
   93 N    -7  -5   9  -4  -6  -6  -6  -6  -5  -9  -9  -6  -8  -8  -8  -4  -6  -9  -4  -8    0   0  97   0   0   0   0   0   0   0   0   0   0   0   0   1   0   0   1   0  3.38 1.27
   94 P    -7  -8  -8  -7  -9  -7  -7  -8  -8  -6  -8  -7  -8  -9   9  -7  -7  -9  -9  -7    0   0   0   0   0   0   0   0   0   0   0   0   0   0  98   0   0   0   0   0  3.58 1.34
   95 S    -3  -6  -4  -6   1  -5  -6  -5  -6  -1  -1  -6  -4  -6  -4   1   7  -7  -6  -2    1   0   0   0   2   0   0   1   0   4   6   0   0   0   1  10  70   0   0   3  1.70 0.82
   96 G    -3  -7  -6  -7  -5  -7  -7   8  -7  -9  -9  -7  -8  -8  -7  -5  -5  -8  -8  -8    1   0   0   0   0   0   0  96   0   0   0   0   0   0   0   0   1   0   0   0  2.82 1.06
   97 A     3   1  -3  -4  -2  -2  -3   0   0  -3  -4   4   0  -4  -4   1   1  -4  -3   0   23   7   1   0   1   1   0   7   2   1   0  29   3   0   0   8   9   0   1   6  0.54 0.38
   98 V    -2  -6  -6  -7  -1  -6  -6  -6  -5   2  -1  -7   1  -5  -7  -4  -1  -7  -6   7    4   0   0   0   1   0   0   0   0  10   4   0   3   0   0   1   4   0   0  70  1.64 0.73
   99 L    -3  -6  -6  -7  -2  -4  -7  -7  -3   1   2  -7   3   6  -7  -6  -5   4   5  -3    3   0   0   0   1   1   0   0   0   6  20   0   7  34   0   0   0   5  21   2  1.34 0.60
  100 S    -3  -2   0   1  -5  -2  -1  -2  -2  -6  -5  -1  -5  -6   2   4   4  -7  -5  -5    1   2   5   8   0   1   4   3   1   0   0   4   0   0   8  32  29   0   0   0  0.81 0.52
  101 A     0   5  -3  -1  -6   0   2  -4   0  -3  -3   3  -2  -4   1  -1  -2  -3  -2  -3    8  28   0   2   0   4  14   1   2   2   3  21   1   0   6   3   2   0   1   1  0.59 0.38
  102 D     1  -2  -2   3  -5   0   5  -2  -1  -6  -5   0  -5  -6  -3   0  -3  -7  -6  -6   13   2   2  17   0   4  42   3   1   0   1   6   0   0   1   7   2   0   0   0  0.89 0.52
  103 D    -3  -3  -2   4  -5   0   6  -6  -4  -4  -5  -3  -4  -5  -6  -2   0  -8  -6  -3    2   1   2  22   0   3  54   0   0   1   1   0   0   1   0   3   7   0   0   2  1.34 0.69
  104 M    -4  -5  -7  -8  -4  -5  -7  -7  -7   2   6  -6   4  -1  -7  -6  -4   1  -3   0    1   1   0   0   0   1   0   0   0  10  67   0   9   2   0   0   1   2   1   6  1.44 0.65
  105 Q     0   2  -1   1  -5   3   4  -3  -2  -3  -2   2  -1  -4  -5  -1  -2  -6  -3  -4    8  10   2   7   0  11  32   2   1   1   5  12   1   1   0   3   2   0   1   1  0.55 0.37
  106 T     3   1  -2  -1  -3   1   2   0  -2  -1  -1   1   0  -1  -2  -1  -1  -1  -3  -1   26   9   1   4   0   7  14   6   1   4   5   7   3   3   1   2   3   1   0   4  0.22 0.22
  107 L    -5  -7  -8  -8  -6  -7  -8  -8  -8   7   4  -7  -2  -3  -7  -7  -5  -7  -6   1    1   0   0   0   0   0   0   0   0  53  36   0   0   1   0   0   0   0   0   9  1.74 0.73
  108 T     6  -2  -5  -5   0  -2  -3   0  -5  -3  -3  -4  -3  -6  -5  -1  -2  -2  -2  -1   66   2   0   1   2   2   2   7   0   1   2   1   1   0   0   5   2   1   2   5  1.15 0.62
  109 E     0   1  -1   4  -5   1   4  -3  -3  -5  -6   2  -4  -7  -4  -1  -3  -7  -5  -5    9   8   3  25   0   7  28   2   1   0   0  10   0   0   0   4   1   0   0   0  0.79 0.46
  110 L    -2  -5  -7  -7  -3  -5  -6  -7  -7   4   4  -5  -1   2  -7  -5  -4  -3  -3   3    3   0   0   0   1   0   0   0   0  22  44   0   1   7   0   0   1   0   1  20  1.09 0.52
  111 L     5  -6  -6  -7   7  -5  -6  -5  -7   1   0  -6  -3  -4  -6  -3  -2  -7  -6   2   44   0   0   0  22   0   0   0   0   8  10   0   1   0   0   2   2   0   0  11  1.25 0.62
  112 R     0   2  -1  -1  -1   2   1  -4  -1   2   0   2  -1  -3  -3  -2  -1  -5  -3   2    7  12   3   3   1   8  11   0   1  14   8  12   1   0   0   2   2   0   0  13  0.23 0.21
  113 G    -2   3  -1   2  -5   1   3   0  -3  -7  -6   4  -4  -6  -3  -2  -3  -7  -5  -6    3  17   3  11   0   5  22   6   1   0   0  28   0   0   1   2   1   0   0   0  0.81 0.47
  114 T    -3   1   2  -6  -6  -3  -3  -6   9  -7  -6   0  -5   0  -3  -3   1   2   4  -7    2   6   8   0   0   1   2   0  45   0   1   6   0   3   1   1   8   3  13   0  1.59 0.72
  115 E    -5  -1   5   7  -8  -1  -1   0   0  -8  -8  -2  -7  -8  -3  -3  -5  -8  -7  -8    0   4  23  52   0   3   3   8   2   0   0   2   0   0   1   1   0   0   0   0  1.53 0.71
  116 I    -1  -6  -7  -7   1  -6  -6  -6  -7   4   4  -6  -1   1  -6  -5  -1  -4  -4   2    6   0   0   0   3   0   0   0   0  22  44   0   1   5   0   0   4   0   0  14  1.00 0.49
  117 F    -4  -5  -5  -7  -3  -5  -6  -5  -3   4   3  -5   2   3  -5  -5  -1   5   4   1    1   0   0   0   0   0   0   0   1  19  26   0   4  11   0   1   3   8  14   9  0.84 0.43
  118 L     0  -7  -7  -7   4  -6  -7  -7  -7   4   0  -7  -3  -4  -7  -6  -4  -7  -5   6    8   0   0   0   9   0   0   0   0  23   9   0   0   1   0   0   0   0   0  51  1.41 0.64
  119 L    -5  -7  -7  -8  -4  -7  -7  -8  -7   6   3  -7   1   0  -7  -6  -5  -4  -4   3    0   0   0   0   0   0   0   0   0  46  29   0   2   4   0   0   0   0   0  17  1.46 0.63
  120 S     1  -6  -4  -5   3  -5  -5  -4  -5  -6  -6  -5  -1  -3  -6   6   3  -3  -4  -3   11   0   0   0   5   0   0   1   0   0   0   0   1   1   0  63  15   0   1   2  1.47 0.78
  121 D    -8  -7  -3   9  -9  -6  -3  -7  -7  -9  -9  -6  -9  -9  -7  -6  -7 -10  -9  -9    0   0   1  98   0   0   1   0   0   0   0   0   0   0   0   0   0   0   0   0  3.31 1.23
  122 E    -6  -5  -6   0  -9  -3   8  -8  -6  -9  -8  -5  -6  -9  -7  -6  -6  -9  -8  -7    0   0   0   5   0   0  93   0   0   0   0   0   0   0   0   0   0   0   0   0  2.77 1.14
  123 V    -2  -5  -7  -7   1  -7  -7  -7  -7   5  -2  -7   0  -5  -4  -5  -2  -7  -6   6    3   1   0   0   2   0   0   0   0  34   2   0   2   0   1   1   3   0   0  51  1.57 0.69
  124 Y    -8  -8  -7  -9  -9  -8  -8  -9  -3  -8  -6  -8  -7   0  -9  -8  -8   0  10  -7    0   0   0   0   0   0   0   0   0   0   1   0   0   3   0   0   0   1  95   0  3.80 1.37
  125 E    -1  -2  -3   3  -4  -1   7  -4  -1  -7  -7  -2  -4  -8  -6   1  -5  -4  -5  -7    5   2   1  15   0   2  59   1   1   0   0   2   0   0   0   9   0   0   0   0  1.42 0.72
  126 H    -2   3  -1  -1  -1  -1   1  -3   7  -6  -4   3  -3  -1  -4  -2  -2   5   2  -5    3  13   3   3   1   3   8   2  24   0   1  16   1   3   1   3   2   8   6   1  0.78 0.44
  127 I    -6  -7  -5  -8  -4  -5  -7  -8  -2   5   5  -7   4   2  -7  -6  -4  -6  -2  -1    0   0   1   0   0   0   0   0   1  31  47   0   8   7   0   0   1   0   1   2  1.35 0.61
  128 A    -2  -3  -3  -6   0  -4  -6  -6  -4   4   0  -5  -1  -3  -5  -3   3  -4   1   5    3   2   1   0   2   0   0   0   0  19   9   0   1   0   0   2  16   0   4  39  0.86 0.47
  129 F    -6  -8  -8  -9  -6  -7  -7  -9  -1  -5  -4  -8  -5   6  -9  -7  -7   0   9  -7    0   0   0   0   0   0   0   0   1   0   1   0   0  33   0   0   0   1  62   0  2.84 1.08
  130 D    -3  -4   0   7  -6  -3   2   0  -3  -5  -5  -2  -6  -6  -1  -2   0  -5  -6  -2    3   1   3  54   0   1  13   8   0   1   1   3   0   0   3   3   5   0   0   3  1.20 0.57
  131 G    -3  -4   1   2  -4  -2  -1   6  -2  -5  -6  -2  -5  -5   2  -2  -2  -5  -5  -5    2   1   6  13   0   2   4  51   1   1   1   2   0   0  10   2   2   0   0   1  1.03 0.49
  132 R     1   1   1  -1  -2   1   1  -2   3  -2  -1   1  -1   1  -2   0  -1  -3  -1  -1   15  10   7   2   1   6   8   2   9   2   4   9   1   6   2   6   3   0   2   6  0.14 0.14
  133 R    -2   2  -2  -2  -4   2   3  -3  -1  -3  -5   4  -3  -3   2  -1   1  -5  -4  -3    3  11   1   2   0   7  21   2   2   1   1  22   0   1  11   4   8   0   0   2  0.53 0.35
  134 H    -2  -2  -4  -7  -2  -3  -5  -7  10  -6  -6  -6   0   2  -1  -5  -5  -5   1  -4    3   3   0   0   1   1   0   0  70   0   1   0   2   9   3   1   1   0   3   1  2.64 1.01
  135 E    -2   0  -3  -4  -1  -1  -1  -5   1   3   0  -2  -1   1  -1  -2   1  -3   1   3    3   5   1   0   2   3   4   0   4  20   7   2   1   7   3   3   8   0   6  23  0.31 0.24
  136 S    -1   1  -2  -5   1  -4  -5  -5   0  -4  -6  -1  -4  -4   2   6  -1  -7  -3  -6    4   9   2   0   2   0   0   0   2   1   0   4   0   1   9  61   2   0   1   0  1.24 0.70
  137 V    -1  -6  -6  -7  -4  -6  -6  -5  -6   5   2  -6   3   2   1  -5  -2  -5  -4   1    6   0   0   0   0   0   0   1   0  38  17   0   7   9   8   0   3   0   0   9  0.92 0.47
  138 L     6  -3  -4  -6  -1  -3  -5  -1  -2  -2   0  -5   1  -3  -3  -1  -2  -1  -3  -3   64   1   1   0   1   1   0   4   1   2   9   0   3   1   1   4   2   1   1   1  1.09 0.60
  139 R     1   0   0  -1  -5   1  -1  -3  -1  -5  -3  -1  -2  -5  -5   5   3  -6  -5  -3   10   5   3   2   0   6   4   2   1   0   2   4   1   0   0  38  19   0   0   1  0.67 0.46
  140 W    -3  -3  -3  -4  -1  -3  -4  -5   2   2   4  -4   0   4  -5  -4  -4  -2   3   1    1   2   1   1   1   1   1   0   4  11  41   1   2  14   0   1   1   0   9   7  0.72 0.38
  141 P    -2  -3  -2   1  -4  -3   1  -4  -5  -6  -5  -1  -6  -7   8  -2  -4  -7  -6  -5    4   1   2   8   0   1   8   2   0   0   1   3   0   0  63   3   1   0   0   1  1.75 0.76
  142 E    -1  -2   0   2  -6  -1   3   5  -3  -5  -4  -1  -5  -5  -4  -2  -4  -6  -5  -6    4   2   3  11   0   3  18  48   1   0   2   3   0   0   1   3   1   0   0   0  0.96 0.49
  143 L    -1  -4  -5  -4  -3  -5  -6  -5  -4   1   3  -6   9  -2  -6  -4  -4  -2  -1  -2    5   1   1   1   1   0   0   1   0   7  25   0  48   2   0   1   1   1   2   2  1.58 0.71
  144 R     1   4  -3  -3  -4   0  -1  -4  -3  -5  -3   3  -3   0  -1  -2  -3   7   2  -4   13  24   1   1   0   4   4   1   0   0   2  16   0   5   4   2   1  14   6   1  0.73 0.43
  145 E    -2  -2   0   5  -6   0   6  -3  -1  -7  -7  -1  -5  -8  -2  -2  -4  -8  -6  -7    3   2   5  26   0   3  50   2   2   0   0   3   0   0   2   2   1   0   0   0  1.32 0.66
  146 R    -6   8   0  -6  -6   1  -5  -7   0  -4  -3   0  -5  -7  -7  -5  -6  -3  -3  -6    0  77   4   0   0   5   0   0   2   1   3   4   0   0   0   1   0   0   1   1  2.15 0.92
  147 A    -2  -5  -5  -6   0  -6  -6  -5  -5  -2  -2  -6  -4  -6  -6   1   7  -7  -6   1    3   0   0   0   2   0   0   1   0   2   4   0   0   0   0   9  68   0   0  10  1.68 0.82
  148 F    -4  -7  -7  -8  -4  -7  -7  -8  -7   6   2  -7  -1   2  -7  -6  -5  -6  -3   4    1   0   0   0   0   0   0   0   0  45  20   0   1   7   0   0   0   0   1  25  1.43 0.62
  149 V    -2  -3  -5  -6  -2  -5  -5  -6  -5   2   0  -3  -2  -4  -6   0   6  -6  -1   3    2   2   0   0   1   0   0   0   0  12  10   2   1   0   0   6  42   0   2  21  0.94 0.54
  150 I    -2  -7  -7  -7   1  -6  -7  -7  -5   6   1  -6   1  -1  -6  -4  -2  -7  -4   5    2   0   0   0   3   0   0   0   0  38  13   0   3   2   0   1   2   0   0  36  1.29 0.58
  151 S    -3  -5   6   0  -1  -2  -4   4  -1  -6  -7  -4  -4   0  -6   3  -3  -5  -1  -6    1   0  33   5   2   1   1  26   1   0   0   0   0   4   0  22   1   0   2   0  1.08 0.58
  152 S    -2  -6  -5  -6  -6  -6  -6   5  -6  -8  -8  -6  -7  -8  -6   6  -2  -8  -7  -7    2   0   0   0   0   0   0  37   0   0   0   0   0   0   0  60   1   0   0   0  1.88 0.89
  153 F     3  -6  -6  -7  -1  -6  -6  -3  -6  -2   1  -6   1   7  -6  -4  -2  -4  -2   1   24   0   0   0   1   0   0   2   0   2  15   0   3  41   0   1   2   0   0   9  1.14 0.57
  154 G    -1  -6  -5  -6  -3  -6  -6   5  -6  -8  -8  -6  -7  -8  -6   6  -3  -8  -7  -7    4   0   0   0   1   0   0  34   0   0   0   0   0   0   0  61   1   0   0   0  1.84 0.88
  155 K    -7  -4  -6  -6  -9  -4  -3  -7  -7  -9  -7   8  -7  -9  -4  -6  -6  -9  -8  -8    0   0   0   0   0   0   1   0   0   0   0  97   0   0   1   0   0   0   0   0  3.01 1.19
  156 T     2  -3  -3  -4  -3  -4  -3  -3  -5  -2  -2  -4   0  -5  -4   3   6  -7  -5  -3   16   1   1   0   0   0   1   1   0   2   3   0   3   0   1  21  47   0   0   1  1.07 0.62
  157 Y    -6  -7  -6  -7  -3  -5  -7  -7   3  -5  -2  -7  -3   7  -8  -7  -7   1   8  -6    0   0   0   0   1   0   0   0   7   0   3   0   1  41   0   0   0   2  43   0  2.31 0.92
  158 H     5  -3   0  -5  -1  -4  -4  -1   3  -6  -6  -5  -6  -6  -5   4  -4  -7  -1  -5   44   2   4   0   1   0   0   5   7   0   0   0   0   0   0  34   0   0   2   0  1.20 0.66
  159 C     1  -7  -5  -8   1  -6  -7  -7  -7   1   0  -6   9  -2  -7  -5  -3  -7  -5   3   10   0   0   0   2   0   0   0   0   6   6   0  53   2   0   1   1   0   0  19  1.87 0.82
  160 T    -4  -7  -4  -5  -2  -5  -6  -6  -7  -6  -7  -6  -6  -7  -4  -2   8  -8  -7  -6    1   0   0   1   1   0   0   1   0   0   0   0   0   0   1   3  92   0   0   0  2.68 1.14
  161 G    -5  -8  -6  -7  -8  -7  -8   8  -5  -9  -9  -7  -8  -9  -6  -6  -7  -8  -9  -9    0   0   0   0   0   0   0  98   0   0   0   0   0   0   0   0   0   0   0   0  2.96 1.11
  162 W    -8  -6 -10  -9  -9  -9 -10  -9  -9  -7  -3 -10  -4  -1 -10  -8  -9  13  -2  -9    0   0   0   0   0   0   0   0   0   0   3   0   1   2   0   0   0  93   1   0  4.97 1.63
  163 K    -7   8  -6  -7  -9  -2  -4  -5  -4  -8  -8   4  -5  -8  -5  -5  -6  -8  -7  -8    0  70   0   0   0   1   1   1   0   0   0  26   0   0   0   0   0   0   0   0  2.37 0.98
  164 I    -4  -6  -6  -7  -2  -6  -7  -7  -7   6   3  -6   1  -4  -7  -5  -2  -6  -5   5    1   0   0   0   1   0   0   0   0  36  24   0   2   0   0   0   3   0   0  33  1.34 0.59
  165 G    -4  -8  -5  -7  -8  -7  -7   8  -7  -9  -9  -7  -8  -8  -7  -5  -7  -8  -8  -8    1   0   0   0   0   0   0  97   0   0   0   0   0   0   0   1   0   0   0   0  2.88 1.08
  166 Y    -5  -8  -8  -9  -6  -7  -8  -8  -4  -5  -6  -8  -4   3  -8  -7  -7  10   8  -6    1   0   0   0   0   0   0   0   0   0   1   0   0  11   0   0   0  32  54   0  3.04 1.12
  167 A     3  -5  -4  -5   4  -5  -5  -2  -5   2   2  -5   1  -2  -5  -1  -1  -4  -4   3   28   0   0   0   8   0   0   3   0  10  18   0   3   1   0   4   4   0   0  20  0.60 0.37
  168 I     3  -4  -4  -5   3  -4  -5  -3  -2   4   1  -5   0   0  -5  -2   0  -3   0   3   22   1   0   0   6   0   0   2   1  22  11   0   2   3   0   2   5   0   3  19  0.54 0.33
  169 A     5  -6  -5  -6  -1  -5  -5   5  -6  -6  -5  -5  -2  -5  -6  -1  -3  -7  -7  -3   47   0   0   0   1   0   0  41   0   0   1   0   1   0   0   4   2   0   0   1  1.45 0.69
  170 P    -2  -4   0   0  -3  -5  -2  -5  -1  -6  -7  -4  -7  -8   8   0  -4  -8  -7  -6    3   1   5   5   1   0   2   1   2   0   0   1   0   0  70   7   1   0   0   0  2.06 0.89
  171 P     3   1  -3  -1  -5   0   3  -3  -3  -5  -4   2  -4  -5   4   0  -2  -6  -5  -4   22   6   1   2   0   4  21   1   0   0   1  14   0   0  18   6   2   0   0   1  0.64 0.42
  172 A     1   0   1   2  -3   0   4  -3   4  -5  -4   1  -4  -4   2  -1  -2   1  -1  -4   11   4   5  10   0   3  24   2  11   0   1   7   0   1  10   3   1   2   3   1  0.46 0.32
  173 L    -4  -5  -7  -7  -3  -6  -7  -7  -3   4   5  -6   1   0  -6  -6  -4   1  -1   2    1   0   0   0   0   0   0   0   1  21  53   0   3   4   0   0   0   2   2  11  1.15 0.54
  174 T     0  -5  -4  -6  -3  -5  -5  -6  -6   6   0  -5   5  -3  -6  -1   2  -6  -4   2    9   1   0   0   0   0   0   0   0  39   6   0  12   0   0   5  14   0   0  12  0.94 0.49
  175 A     1   2   1   1  -5   1   2  -1  -1  -4  -4   3  -4  -4  -1   1   0  -2  -3  -3   14  10   5   8   0   6  12   3   1   1   1  17   0   0   2  11   4   1   0   2  0.33 0.26
  176 E     3   0   0  -3  -3   1   2   0   2  -3  -2   0  -2  -4   1  -1  -2  -2   0  -1   30   4   4   1   0   7  14   6   4   1   3   5   1   0   8   3   1   1   4   4  0.32 0.28
  177 F    -1  -6  -6  -7   2  -5  -6  -7  -6   4   3  -6   6   1  -6  -5  -3  -4  -3   2    6   0   0   0   4   0   0   0   0  24  21   0  22   5   0   0   1   0   0  15  1.05 0.51
  178 R     1   4  -1  -2  -3   1  -1  -1  -1  -1   0   0   1  -2  -3   0   1  -2  -2   0   11  26   3   1   0   6   2   5   1   3  11   3   3   2   0   5   8   1   1   6  0.24 0.22
  179 K     1   2   0  -3  -4   0  -2  -2  -2  -2  -1   6  -1  -5  -3  -1   0  -4  -3  -2   10  10   4   1   0   3   1   3   1   2   6  44   2   0   1   3   5   0   1   3  0.66 0.41
  180 V     1  -5  -5  -6  -2  -5  -6  -6  -4   4   2  -5   1  -1  -4  -3  -2  -5  -2   5   13   0   0   0   1   0   0   0   0  20  18   0   4   2   1   1   1   0   2  35  0.82 0.43
  181 H    -3  -3  -1  -5  -6   5  -4  -6   9  -4  -2  -1  -1  -4  -6  -3  -4  -5  -2  -5    2   1   3   0   0  25   1   0  51   1   4   4   2   1   0   2   1   0   1   1  1.96 0.84
  182 Q    -2  -3  -2   2  -4   6   1  -1  -1  -3  -3  -3  -2  -5  -3   1   1  -6  -3  -3    3   1   1   9   0  42   7   6   1   2   3   0   1   1   1  12   7   0   1   2  0.86 0.54
  183 Y    -2   0   3  -3  -2   2  -4  -4   5  -3  -2  -3  -2   4  -3  -2  -2   2   5  -3    3   6  13   1   1   9   0   1  13   1   3   1   1  17   1   2   2   2  20   2  0.76 0.43
  184 N    -1  -4   1  -3   1  -1  -3  -3  -4   2   2  -4   2  -1  -4   2   3  -5  -2   1    4   0   7   1   3   2   1   1   0  12  18   0   6   3   0  16  17   0   1   9  0.34 0.28
  185 T     0  -5  -1  -5   2  -2  -4  -4  -2   1  -2  -4   0  -3  -3   0   5  -3  -1   3    7   0   3   0   4   2   0   1   1   7   3   0   2   1   1   8  32   0   2  24  0.62 0.41
  186 F    -1  -3  -2  -4  -3  -4  -5  -2  -2   1  -1  -4   0   5  -5   3   1  -3   3   0    6   1   1   1   0   0   0   3   1   7   4   0   2  25   0  22  10   0  10   6  0.60 0.39
  187 T     0  -6   2  -6   9  -3  -6  -1   1  -5  -5  -6  -5  -7  -6   3   1  -7  -6  -2    7   0  10   0  41   1   0   6   3   0   1   0   0   0   0  20   8   0   0   3  1.52 0.68
  188 S     4  -5  -3  -5   3  -4  -5  -2  -3  -1  -3  -4  -2  -5   3   0   2  -6  -5   3   33   0   1   0   6   0   0   3   1   4   2   0   1   0  13   7  11   0   0  19  0.66 0.42
  189 F     2  -5   3  -3   3  -4  -4  -2  -2  -5  -5  -4  -4  -3   5   2   1  -4  -5  -1   15   0  16   1   5   0   0   3   1   0   0   0   0   1  27  15   9   0   0   4  0.79 0.48
  190 G     2  -3  -2  -3  -5  -3  -3  -2   1  -3  -4  -4  -4  -6  -1   4   5  -6  -5  -2   14   1   1   1   0   1   1   2   3   1   1   0   0   0   4  28  38   0   0   3  0.92 0.56
  191 P    -1  -6  -2  -6  -4  -4  -6  -6  -5   3  -3  -6   1   4   7  -4  -3  -6  -3   0    5   0   2   0   0   1   0   0   0  15   2   0   4  16  46   1   1   0   1   5  1.37 0.65
  192 A     3  -5  -4  -5  -2  -4  -4  -2  -4   1   3  -4   2   1  -3   2   0  -5  -3   0   21   0   0   0   1   0   0   2   0   7  24   0   4   7   1  18   6   0   1   7  0.44 0.33
  193 Q    -7  -4  -5  -6  -9   9  -3  -8  -3  -8  -8  -5  -3  -9  -7  -5  -7  -8  -7  -8    0   1   0   0   0  96   1   0   0   0   0   0   1   0   0   0   0   0   0   0  3.37 1.34
  194 H     1   1  -3  -1  -3  -1   2  -4   3   0  -2   1   0   0  -2  -2  -2   3   4  -1   10   7   0   3   0   2  16   0   8   5   3   9   3   3   2   1   1   5  17   5  0.35 0.28
  195 A     7  -7  -7  -7  -6  -6  -6   2  -7  -6  -6  -6  -5  -8  -6  -4  -5  -8  -7  -4   82   0   0   0   0   0   0  16   0   0   0   0   0   0   0   0   0   0   0   1  2.10 0.94
  196 F     5  -5  -5  -5   1  -5  -5   1  -6   0   1  -5   0  -3  -5  -2  -1  -6  -4   2   44   0   0   0   3   0   0  10   0   5  13   0   2   1   0   2   4   0   0  16  0.74 0.46
  197 A     4  -5  -4  -5  -2  -3  -3  -3  -4   2   2  -5  -2  -4  -5  -2  -2  -6  -2   2   41   0   0   0   1   1   2   2   0  11  20   0   1   0   0   3   2   0   1  14  0.72 0.44
  198 A     3   0  -2   0  -4   0   3  -3   0  -1  -3  -1  -3  -2  -3  -1   0  -2  -1   0   28   6   2   5   0   4  24   1   2   3   1   4   0   2   1   2   6   0   2   6  0.39 0.32
  199 M     6  -4  -6  -6  -1  -5  -4   1  -4  -4  -3  -4  -1  -1  -6  -1  -3  -6   2  -3   67   1   0   0   1   0   1  10   0   1   2   0   2   3   0   3   1   0   6   2  1.27 0.67
  200 I    -4  -7  -8  -8  -6  -6  -4  -6  -7   1   6  -7   3   2  -7  -7  -4  -6  -1  -2    1   0   0   0   0   0   1   0   0   7  71   0   6   9   0   0   1   0   2   2  1.53 0.68
  201 R    -1   2   2   2  -4   1   3  -1  -2  -3  -3   1  -3  -5  -3   0   2  -5  -4  -3    5  13   9   9   0   6  19   5   1   1   3   8   0   0   1   6  12   0   0   2  0.36 0.27
  202 D     0  -2   2   2  -3   1   0   4   1  -2  -1  -1  -1  -2  -3   0  -1  -2  -2  -3    6   2   9  10   1   6   7  28   3   2   8   3   2   2   1   6   3   0   1   1  0.29 0.22
  203 E     0  -3  -2   2   1  -2   1   1   0  -5  -4  -1  -4  -2   5   0  -2  -4  -4  -4    8   1   1   9   3   2  10  12   3   0   2   3   0   2  33   7   2   0   0   1  0.69 0.40
  204 P    -2   0  -1   3  -3   6   2  -4  -1  -3  -2  -1  -2  -4   2  -2  -2  -2  -3  -4    3   5   3  16   0  32  12   1   1   1   4   3   1   1   9   3   2   1   1   1  0.67 0.44
  205 E     0  -2   1   4   1   0   3   0  -1  -5  -5   0  -5  -6  -2   2  -1  -6  -2  -5    8   2   5  24   3   3  19   7   1   0   1   4   0   0   2  14   4   0   1   0  0.52 0.35
  206 H    -1  -3  -2   0   4  -3  -1  -5   2  -2  -3  -4  -4   3   0  -1  -2   4   6  -1    6   1   2   6   8   1   5   1   4   3   1   1   0  11   5   5   2   5  29   4  0.68 0.40
  207 D    -2  -4  -5  -4  -3  -5  -5  -5  -2   1   0  -5  -1   4  -2  -3  -1   3   4   4    3   1   0   1   0   0   1   1   1   8   8   0   1  19   2   2   3   3  15  30  0.75 0.40
  208 E     1   1   0   2  -3   1   3  -1   1  -3  -2   1  -3  -4  -2   0   0  -4  -2  -2   11   6   5  13   0   7  23   4   3   1   4   8   0   1   2   5   5   0   1   3  0.30 0.23
  209 Q     0   0   0   1  -5   2   3  -1   0  -3  -4   1  -1  -4  -1   1   0   0  -1  -3    8   6   5   8   0  10  24   4   2   1   1   7   1   0   2   9   6   2   2   1  0.31 0.25
  210 L    -4  -3  -2  -7  -4  -1  -5  -7  -5   0   3  -5   9   0  -6  -3  -2  -1  -3  -1    1   2   2   0   0   3   0   0   0   4  29   0  44   4   0   2   2   1   1   4  1.47 0.68
  211 G     0   4  -1  -4   1  -1  -4  -2  -2   0  -1   1  -2  -4   1  -1  -1  -4  -4   2    9  28   2   0   3   2   0   4   1   4   6   7   1   1   7   5   3   0   0  18  0.40 0.31
  212 A     2   2   0   1  -2   2   3  -2  -2  -4  -3   2  -3  -5  -2   0  -1  -6  -4  -3   21  10   3   8   1   8  19   3   1   0   2  12   0   0   1   6   3   0   0   1  0.39 0.30
  213 F     1  -1  -2   1  -4   1   4  -2  -2  -1  -2  -1   0   1  -4   0   0  -4  -2  -2   13   3   1   7   0   5  34   2   1   4   5   2   3   7   0   6   6   0   1   2  0.41 0.32
  214 Y    -6  -7  -8  -8  -5  -6  -7  -8  -2  -4   1  -7   2   6  -8  -7  -6  -2   8  -5    0   0   0   0   0   0   0   0   1   0  14   0   5  28   0   0   0   0  51   0  2.17 0.88
  215 Q     0   4  -1   1  -5   4   3  -4  -1  -4  -2   2  -2  -5  -5  -2  -1  -4  -5  -4    9  19   2   8   0  20  16   1   1   1   5  10   1   0   0   2   3   0   0   1  0.57 0.38
  216 A     1   4  -2  -2  -5   2   2  -1   0  -4  -4   3  -2  -5  -2  -1  -2  -5  -4  -2   12  24   2   1   0   8  16   4   2   1   1  17   1   0   2   3   2   0   0   3  0.53 0.36
  217 K    -4   7  -1  -6  -5  -2  -5  -6  -4  -8  -6   5  -5  -8  -7  -4  -5  -8  -5  -7    1  60   3   0   0   1   0   1   0   0   1  30   0   0   0   1   0   0   0   0  2.00 0.87
  218 R    -4   9  -6  -7  -4  -3  -6  -7  -4  -6  -6   0   0  -6  -8  -4  -5  -8  -4  -7    1  88   0   0   0   0   0   0   0   0   1   4   2   0   0   1   0   0   1   0  2.67 1.07
  219 D    -2   0   3   7  -6   0   1  -4  -2  -7  -5   0  -7  -8  -6  -3  -3  -8  -7  -6    3   5  13  55   0   4   8   1   1   0   2   6   0   0   0   1   1   0   0   0  1.39 0.66
  220 R    -3   2  -4  -5  -4  -2  -3  -6  -1   1   3  -1   1   3  -6  -4  -2  -1   4   0    2  13   0   0   0   1   2   0   1   9  30   4   3  12   0   1   2   1  13   6  0.55 0.34
  221 F    -2  -6  -7  -7  -3  -6  -6  -7  -6   3   4  -6   5   4  -7  -5  -3  -5  -4   3    4   0   0   0   0   0   0   0   0  14  37   0  12  15   0   0   2   0   0  16  1.04 0.51
  222 R     0  -2  -2  -4   4  -3  -3  -3  -1   1   1  -3   2  -1  -5  -2  -1  -2   2   4    9   2   2   0   9   1   2   1   2   7  12   1   5   3   0   3   4   1   7  30  0.42 0.29
  223 E     1   1   1   2  -5   2   3  -1   0  -6  -6   2  -5  -6  -2   1  -1  -4  -5  -5   10   8   6  13   0   7  22   4   2   0   0  13   0   0   2  10   4   0   0   0  0.50 0.34
  224 Q     2   3  -3  -3  -2  -1   0   3  -2   0   0  -1   1  -3  -4  -1  -2  -3  -2  -1   17  15   1   0   1   2   5  23   1   6  10   3   4   1   0   4   2   0   1   5  0.28 0.24
  225 L    -5  -7  -8  -8  -6  -7  -8  -8  -7   1   6  -7   1   2  -8  -7  -5  -2  -5  -2    1   0   0   0   0   0   0   0   0   7  78   0   2   9   0   0   0   1   0   2  1.80 0.77
  226 L     0   2   4   2  -2   1   2  -3  -2  -3  -4   2  -3  -6  -4   1   0  -6  -4  -3    7  11  22  10   1   5  12   1   0   2   2  10   0   0   0   9   6   0   0   1  0.47 0.32
  227 T     1   1   1   2  -4   1   3   0  -2  -5  -5   1  -4  -5  -4   1  -2  -5  -5  -4   14   8   6  13   0   5  21   6   1   0   0  10   0   0   0  11   2   0   0   1  0.48 0.34
  228 T     2  -5  -3  -5   0  -4  -5  -4  -3   4   1  -4   4  -3  -4   1   0  -4  -4   1   16   0   1   0   2   0   0   1   1  26  15   1  12   0   1   9   6   0   0   9  0.61 0.38
  229 R    -4   0   0   0  -6  -3  -2   6  -4  -8  -6   0  -7  -7   3  -2  -5  -7  -6  -7    1   6   4   5   0   1   2  57   0   0   1   5   0   0  15   2   0   0   0   0  1.29 0.63
  230 L    -4  -5  -3  -5  -3  -5  -5   2  -2   1   3  -4   2   5  -6  -4  -4   1  -1  -1    1   0   2   1   1   0   1  16   1   8  30   1   6  26   0   1   1   2   1   4  0.81 0.44
  231 K    -1   1   0   1  -2  -1   1  -2  -1   1  -1   2  -1  -1   2   0   0  -4  -3   0    3   8   3   7   1   2   8   2   1  11   5  14   1   3  10   6   6   0   0   9  0.14 0.14
  232 P    -1  -1  -3  -4   5  -2  -2  -4  -1   0  -2  -2  -2   0   4   1   0  -1   2   2    4   4   1   1  11   1   3   1   1   4   4   2   0   5  19  10   7   1   7  16  0.42 0.30
  233 L    -1  -2  -2  -4   6  -2  -3  -4   0   2   1  -3  -1   2  -3   0   0  -2   1   2    4   2   2   1  18   2   1   1   3  11  12   1   1   8   1   6   7   0   4  15  0.41 0.27
  234 P     0   1   0  -1  -3  -1   0  -3   0   1  -1   1   0  -3   4  -1   0  -2  -2   1    6   8   4   3   0   2   5   1   2   7   5   9   3   1  19   4   6   0   1  13  0.24 0.20
  235 V    -1  -2  -4  -5   1  -4  -2  -4  -6  -4  -3   1  -1  -6   7   0  -1  -5  -5  -1    6   2   1   0   3   0   2   1   0   1   2   8   2   0  54   7   4   0   0   4  1.35 0.67
  236 P    -1  -1  -2   2  -7   4   3  -3   1  -6  -6   0  -3  -7   5  -1  -3  -7  -3  -6    4   4   1   9   0  17  22   1   3   0   0   4   1   0  27   4   2   0   1   0  0.89 0.52
  237 G    -1  -4  -4  -4  -7  -2   0   7  -4  -8  -6   0  -4  -8  -6  -2  -4  -5  -7  -7    5   1   0   1   0   2   6  71   0   0   1   7   0   0   0   3   1   0   0   0  1.66 0.74
  238 G     4  -6  -5  -6  -6  -6  -6   5  -6  -7  -7  -5  -6  -6  -6   1   3  -7  -7  -6   27   0   0   0   0   0   0  46   0   0   0   0   0   0   0  11  15   0   0   0  1.36 0.68
  239 Y     3  -7  -7  -8  -2  -7  -7  -7  -3  -3  -4  -7  -3   6  -7  -4  -3  -2   7  -5   23   0   0   0   1   0   0   0   0   1   1   0   1  32   0   1   2   0  38   0  1.84 0.81
  240 F    -8  -8  -8  -9  -5  -8  -8  -9  -5  -5  -5  -8  -6   8  -6  -8  -8  -4   7  -6    0   0   0   0   0   0   0   0   0   0   0   0   0  64   0   0   0   0  34   0  2.95 1.10
  241 Q     0  -5  -6  -6  -2   1  -5  -5  -4   3   1  -5   2   0  -6  -5  -3  -3   6   3    9   0   0   0   1   8   0   0   0  13  14   0   5   3   0   0   1   0  25  20  0.85 0.48
  242 L     0  -6  -3  -7  -1  -5  -6  -6  -5   1   3  -6   4   5  -5  -4  -2   1  -1   2    7   0   1   0   2   0   0   0   0   8  27   0  11  22   0   1   3   2   2  13  0.80 0.42
  243 V     4  -6  -6  -6  -1  -5  -5  -4  -5   0   0  -5   0   5   2  -3  -2  -3  -1   2   31   0   0   0   1   0   0   1   0   5   8   0   2  24   9   1   2   0   2  14  0.77 0.45
  244 D    -3  -1   3   6  -5  -3  -1  -3  -3  -5  -5  -1  -4  -6   4  -2  -4  -8  -5  -3    2   3  12  46   0   0   2   2   0   1   1   3   0   0  19   3   1   0   0   2  1.17 0.59
  245 Y    -2  -2   2  -2  -1  -4  -3  -5  -1   3  -1  -3   0   2  -3   0   0   0   4   2    3   2  11   3   2   0   1   0   2  20   3   2   2   7   1   6   4   1  13  17  0.39 0.28
  246 S     0   1  -3  -3  -2  -2  -1  -1  -2   3  -3  -1  -3  -3   1   4   0  -6  -2  -1    6   9   1   1   1   1   3   4   1  16   1   4   0   1   6  35   6   0   1   4  0.47 0.37
  247 A     1   1   0   1  -4   0   1   0   0  -5  -5   3  -2  -4   2   2  -1  -4  -4  -4   14   6   5   7   0   3   8   8   2   0   0  18   1   0  10  13   3   0   0   0  0.35 0.27
  248 I    -1  -1  -2  -1  -2  -2  -1  -1   0   2   2  -1   0   2  -2  -1  -1   1   1   1    4   3   1   3   1   1   4   5   3  13  22   5   1  11   2   4   2   2   4   9  0.13 0.12
  249 S     0  -1  -1  -3  -1  -1  -1   2  -1  -2   0   0  -2   2  -1   2   2  -1   1  -2    5   3   2   1   1   2   3  15   1   2  10   5   0   8   3  15  16   1   6   1  0.18 0.19
  250 D    -2  -1   1   3  -4  -1   0   4   0  -2  -3  -1  -2   0  -3  -2  -2  -2  -1  -3    2   3   7  18   0   2   6  34   2   3   2   3   1   4   1   2   2   1   2   2  0.51 0.32
  251 L    -1   0  -2   0  -2   0   1  -1  -3   0   2   1   4  -2   0  -1   0  -3  -2  -1    5   6   2   4   1   3  10   4   0   4  20   9  13   1   6   3   6   0   1   2  0.17 0.19
  252 P    -3   0   2   5  -2  -4  -2  -2  -2  -5  -4   1  -5  -6   2   3   1  -5  -6  -4    2   4   9  29   1   0   1   3   1   0   1   7   0   0  11  19  10   0   0   1  0.71 0.45
  253 D    -1  -6  -4   6  -3  -5  -1  -1  -5  -5  -7  -5  -7  -7  -3   5  -3  -8  -7  -5    6   0   0  44   1   0   3   5   0   1   0   0   0   0   2  36   1   0   0   1  1.44 0.73
  254 T    -1   0  -1  -1  -3   0   2  -3  -1   0   0  -1   2   2  -3  -1   0   3   2   1    6   6   2   3   0   3  13   1   1   4   7   4   6   8   1   3   7   4   9  12  0.16 0.17
  255 A     2   0  -2   4  -6   1   4  -4  -2  -4  -5   1  -4  -6  -4  -1  -1  -5  -6  -3   18   5   2  19   0   6  28   1   1   1   1   9   0   0   1   4   3   0   0   2  0.69 0.44
  256 F    -2  -6  -8  -7  -3  -7  -8  -8  -6  -1   2  -6   1   8  -7  -6  -5   1  -1   0    4   0   0   0   0   0   0   0   0   2  20   0   4  59   0   0   1   1   1   6  1.82 0.76
  257 V     5  -6  -4  -6   8  -5  -5  -5  -7  -3  -6  -6  -5  -6  -6   1   0  -6  -5   1   42   0   1   0  28   0   0   0   0   1   0   0   0   0   0  10   5   0   0  11  1.49 0.71
  258 K    -2   3  -1   1  -5   1   3  -3  -1  -2   0   2   2  -2  -4  -1  -1   2   0  -2    3  14   3   7   0   5  19   1   1   2   9  13   5   1   0   3   4   3   3   3  0.30 0.25
  259 W     0   3  -3  -1  -6   0   1  -4   2  -3  -3   1  -2   2  -6  -3  -2   7   3  -4    7  19   1   4   0   3   8   1   4   2   3   8   1   7   0   1   2  17  11   1  0.72 0.42
  260 L    -3  -6  -8  -7  -5  -6  -7  -8  -7   0   6  -7   4  -1  -7  -6  -5  -1  -5  -2    2   0   0   0   0   0   0   0   0   5  76   0  10   2   0   0   0   1   0   2  1.77 0.78
  261 T     0  -5  -6  -6  -2  -5  -6  -5  -6   3   4  -6   0  -3  -1  -3   2  -6  -5   1    9   1   0   0   1   0   0   0   0  18  44   0   2   1   3   1  11   0   0   8  0.82 0.46
  262 V    -1   2   0   1  -6   1   4  -4   1  -2  -3   3  -2  -5  -4  -2   0  -6  -2  -3    4  11   3   7   0   6  28   1   4   2   2  19   1   0   0   2   6   0   1   2  0.57 0.37
  263 E    -3   1   1   2  -6   1   6  -4   1  -6  -5   2  -4  -7  -5  -2  -1  -7  -5  -5    2   6   7   8   0   5  45   1   3   0   1  13   0   0   0   3   5   0   0   0  0.97 0.55
  264 K     4  -2  -3  -4   0  -1   0  -2   3   0  -2   2  -3  -1  -4  -2   0  -3   2   1   32   2   0   0   2   2   5   3   7   5   3  13   0   3   0   1   5   0   7   9  0.38 0.31
  265 G    -3   1  -1  -2  -5   0  -4   6   4  -7  -4   3  -5  -6  -6  -3  -5  -7  -3  -6    1   7   2   2   0   4   1  51   8   0   2  19   0   0   0   1   0   0   1   0  1.19 0.60
  266 V    -5  -8  -8  -8  -6  -7  -8  -8  -8   2   1  -7  -4  -4  -8  -6  -5  -8  -6   7    0   0   0   0   0   0   0   0   0   8  12   0   0   0   0   0   0   0   0  79  2.13 0.89
  267 A     6  -5  -4  -6  -1  -4  -5  -1  -6  -1  -2  -5  -3  -5  -6  -1  -1  -7  -6   2   62   0   0   0   1   1   0   5   0   3   4   0   0   0   0   5   4   0   0  13  1.17 0.63
  268 A     3  -5  -5  -6   2  -5  -5   0  -6   0   1  -5   0  -3  -4  -1   2  -6  -4   4   24   0   0   0   5   0   0   6   0   3  11   0   2   1   1   5  15   0   0  28  0.63 0.41
  269 I    -3  -7  -7  -7  -4  -6  -5  -7  -7   6   0  -7   0  -3  -6  -4   0  -7  -4   5    2   0   0   0   0   0   1   0   0  38   7   0   2   1   0   1   6   0   0  42  1.42 0.64
  270 P    -3  -8  -6  -5  -9  -5  -7  -6  -1  -9  -9  -6  -7  -8   9  -3  -5  -9  -7  -8    3   0   0   1   0   1   0   0   1   0   0   0   0   0  91   2   0   0   0   0  3.14 1.26
  271 L    -2  -6  -4  -6  -1  -6  -6   6  -6  -1  -1  -6  -1  -5   1  -3  -3  -7  -4   1    3   0   1   0   1   0   0  60   0   4   7   0   2   0   8   2   2   0   1   9  1.22 0.60
  272 S     0  -2  -1   0  -2  -3  -1  -2  -3  -1  -5  -3  -5  -4  -3   6   3  -6  -5  -2    6   2   3   4   1   1   5   3   1   4   1   1   0   1   1  51  15   0   0   3  0.89 0.56
  273 P     5  -4  -4  -2   1  -4  -1   0  -5  -2  -3  -4  -4  -4   1   1  -2  -6  -3   1   49   0   1   2   2   0   4   8   0   2   2   0   0   1   6   9   2   0   1   9  0.74 0.47
  274 F    -7  -8  -8  -8  -6  -8  -8  -7  -6  -6  -4  -8  -4  10  -8  -7  -7  -5   0  -6    0   0   0   0   0   0   0   0   0   0   1   0   0  93   0   0   0   0   2   0  3.40 1.20
  275 Y    -2  -3  -2  -3   2  -2  -3   3   0  -2  -2  -3  -2   3  -2  -2  -1  -1   6  -2    3   2   2   2   4   2   2  21   2   2   4   2   1  10   2   3   4   1  30   3  0.69 0.30
  276 E     1   0   0   1  -1   1   2  -1   2  -2  -1   0  -1  -2  -1   1   0  -2  -1  -1   11   4   3   9   1   5  15   5   6   2   6   4   1   2   3  11   6   1   1   3  0.13 0.09
  277 R    -1   0   3   3  -2   0   0  -1   3  -2  -2   0  -1  -1   1   0   0  -2  -1  -2    5   5  13  15   1   3   6   5   8   2   4   4   1   3   8   7   5   0   2   3  0.20 0.11
  278 A     1   0  -1  -2  -3  -1  -1   5  -3  -3  -4   1  -3  -4   2  -1  -2  -3  -3  -3    9   5   2   2   0   2   4  37   0   1   2  11   1   1  11   4   2   0   1   2  0.55 0.29
  279 P     0   0   0   1  -2   0   1  -2   3  -3  -2   1  -2  -2   3   0  -1  -2  -2  -2    9   5   5   7   1   4   9   3   9   2   4   9   1   1  16   8   3   1   1   2  0.26 0.16
  280 A     0   0   0   0  -1   1   0   1   0  -1   0   0   0  -1   0   0   0  -1   0  -1   11   5   3   7   1   7   6  10   2   4   9   5   2   2   3   8   5   1   4   4  0.03 0.03
  281 G     2  -4  -1   0  -1  -3  -3   5  -2  -4  -3  -3  -1   0  -2  -2  -3   1  -1  -3   15   1   3   5   1   1   2  47   1   1   3   2   2   4   2   3   2   2   3   2  0.75 0.37
  282 Q    -1   1   0   2  -4   1   5  -3   0  -4  -4   1  -3  -4  -1  -1  -2  -5  -4  -3    5   7   4   9   0   7  39   2   2   1   2   9   1   1   3   5   2   0   0   2  0.64 0.37
  283 R    -2   1   2   1  -5  -1  -1   4   3  -5  -4   1  -4  -4  -2  -1  -1  -4  -2  -4    2   9  11   9   0   3   3  34   6   1   1   9   0   1   2   4   4   0   2   1  0.57 0.33
  284 L    -5  -4  -5  -6   1  -3  -5  -6   5  -2   1  -4   0   4  -6  -4  -4   3   7  -2    1   1   1   0   3   1   0   0  14   2  15   1   2  16   0   1   1   3  33   3  1.26 0.59
  285 A    -2  -7  -7  -8  -4  -6  -6  -7  -7   5   3  -7   0   0  -7  -6  -4  -7  -5   5    3   0   0   0   0   0   0   0   0  30  23   0   2   3   0   0   0   0   0  38  1.34 0.61
  286 R    -8   9  -7  -8 -10  -5  -6  -7  -6  -9  -8  -4  -8  -9  -8  -7  -7  -9  -8  -9    0  99   0   0   0   0   0   0   0   0   0   0   0   0   0   0   0   0   0   0  3.45 1.33
  287 L    -5  -7  -8  -8   0  -7  -8  -8  -7   4   3  -7   2   7  -8  -7  -5  -2  -2   0    1   0   0   0   2   0   0   0   0  22  24   0   4  41   0   0   0   1   0   6  1.51 0.66
  288 C     3  -6  -3  -6   8  -5  -6  -4  -3  -6  -7  -6  -4  -7  -5   5  -1  -8  -7  -4   19   0   1   0  26   0   0   1   1   0   0   0   1   0   0  46   4   0   0   1  1.69 0.82
  289 F    -6  -8  -8  -9  -1  -8  -8  -9  -4  -3  -2  -8  -6   8  -9  -7  -7  -4   7  -2    1   0   0   0   1   0   0   0   0   1   4   0   0  55   0   0   0   0  34   3  2.51 0.99
  290 A     6  -7  -3  -7   7  -6  -6  -2  -7  -1  -5  -6  -3  -3  -4  -1  -2  -7  -6  -2   57   0   2   0  21   0   0   4   0   3   0   0   1   1   1   4   3   0   0   3  1.53 0.73
  291 K     1   0   1  -5   1  -1  -4  -3  -4  -4  -4   6  -3  -6  -5  -2   3  -7  -2  -1   11   5   7   0   3   2   0   2   0   1   1  43   0   0   0   3  17   0   2   5  0.86 0.52
  292 N    -1   1  -1   2  -4  -1   0  -2  -2  -6  -6   1  -4  -7   1   5   1  -7  -5  -5    4   7   2  13   0   2   6   3   1   0   0   9   0   0   6  40   6   0   0   0  0.70 0.47
  293 D    -3   0  -1   4  -6  -1   3  -5  -3   0   0  -1   4  -3  -1  -3  -1  -2   1  -2    1   5   3  24   0   3  18   0   0   5   9   2  12   1   4   1   4   1   4   3  0.49 0.35
  294 A     0  -4  -1   4  -7   0   6  -4  -3  -6  -6   0  -6  -7  -2   0  -3  -6  -6  -6    9   1   3  20   0   4  46   1   1   0   0   5   0   0   2   7   2   0   0   0  1.08 0.60
  295 T    -2  -1   3   1  -5   1   1  -5  -2   0  -2   0  -3  -6  -5  -1   5  -6  -4   1    2   4  13   7   0   5   7   0   1   4   3   6   0   0   0   3  32   0   0  11  0.56 0.40
  296 L    -6  -7  -8  -9  -3  -7  -8  -9  -8   5   6  -8  -1  -3  -8  -7  -5  -7  -6  -1    0   0   0   0   0   0   0   0   0  29  66   0   1   0   0   0   0   0   0   3  1.84 0.78
  297 D    -1   2   0   2  -6   2   4  -4   0  -2  -3   2  -2  -6  -5  -1  -1  -6  -4  -2    6  11   4  10   0  10  28   1   2   3   3  13   1   0   0   3   3   0   0   3  0.52 0.35
  298 A     1   0  -3  -1  -5   1   6  -5  -4  -3  -4   3  -2  -7  -5  -2  -1  -7  -5  -3   12   5   1   3   0   6  45   0   0   2   2  14   1   0   0   2   5   0   0   1  0.93 0.55
  299 A     6  -7  -6  -7  -5  -6  -6   4  -7  -7  -6  -6  -4  -5  -6  -3  -4  -8  -7  -2   70   0   0   0   0   0   0  25   0   0   0   0   0   0   0   1   1   0   0   3  1.84 0.86
  300 I     2  -3  -5  -4   3  -3  -2  -1  -3   2   2  -2   4  -1  -5  -2  -3  -5  -4   2   16   2   0   1   6   0   3   5   1  11  22   2  12   3   0   1   1   0   0  13  0.44 0.30
  301 E     0   2   1   3  -6   1   4  -2  -2  -4  -4   1  -3  -6  -5  -1  -1  -6  -5  -4    8  12   6  17   0   5  28   2   1   1   1  10   0   0   0   5   3   0   0   1  0.61 0.39
  302 R    -3   8  -3  -7  -3  -2  -5  -5  -4   1  -4   1  -5  -8  -7  -4  -6  -8  -7  -5    3  74   1   0   1   2   0   1   0   7   2   7   0   0   0   1   0   0   0   1  2.04 0.89
  303 L    -6  -7  -8  -8  -6  -7  -8  -8  -8   5   5  -7   4   0  -8  -7  -6  -6  -6  -2    0   0   0   0   0   0   0   0   0  26  59   0  10   3   0   0   0   0   0   1  1.70 0.74
  304 Q     0   3  -1  -2  -2   2   3  -2   0  -5  -3   3  -3  -5  -5   0  -3  -6  -4  -4    9  18   2   2   1   9  22   3   2   0   3  20   1   0   0   6   1   0   0   1  0.57 0.38
  305 K    -1   3   0  -1  -5   2   2  -1  -2  -4  -4   4  -3  -6  -4   0  -1  -4  -4  -4    6  16   5   3   0   8  15   6   1   1   1  28   1   0   0   5   3   0   0   1  0.59 0.37
  306 L    -6  -7  -7  -8  -6  -7  -7  -7  -6   2   4  -7   0   7  -7  -6  -5  -4  -2   1    0   0   0   0   0   0   0   0   0   9  38   0   2  42   0   0   0   0   0   9  1.53 0.62

                      K         Lambda
Standard Ungapped    0.1359     0.3219
Standard Gapped      0.0570     0.2670
PSI Ungapped         0.1862     0.3175
PSI Gapped           0.0570     0.2670
