
Last position-specific scoring matrix computed, weighted observed percentages rounded down, information per position, and relative weight of gapless real matches to pseudocounts
            A   R   N   D   C   Q   E   G   H   I   L   K   M   F   P   S   T   W   Y   V   A   R   N   D   C   Q   E   G   H   I   L   K   M   F   P   S   T   W   Y   V
    1 M    -4  -4  -5  -6  -4  -3  -5  -5  -4   1   1  -4  10   2  -5  -4  -3  -4  -3  -2    0   0   0   0   0   0   0   0   0   7   7   0  79   7   0   0   0   0   0   0  1.91 0.60
    2 M    -3  -4  -5  -5  -4  -4  -5  -5  -5   3   3  -4   6   2  -5  -4  -1   2  -2   1    1   0   0   0   0   0   0   0   0  21  31   0  27   9   0   0   3   3   0   5  0.87 0.40
    3 E     0  -1   1   1  -3   0   1   2  -1  -2   0  -1   0  -2   0   1   0  -3  -1  -2    7   2   7   8   0   4  12  20   1   2  10   2   3   1   4  11   5   0   2   1  0.15 0.13
    4 L     0  -4  -2  -5  -1  -4  -4  -3  -2   4   3  -4   2   2  -4  -3  -1  -1  -1   1    8   0   2   0   1   0   0   2   1  32  27   0   4   8   0   1   3   1   2   9  0.49 0.28
    5 L    -1  -4  -5  -5  -2  -3  -5  -5  -5   5   3  -4   1   1  -5  -2  -2   1   0   3    5   0   0   0   1   1   0   0   0  37  24   0   2   6   0   2   1   2   2  17  0.67 0.34
    6 I    -1  -5  -5  -5  -2  -3  -5  -3  -5   5   2  -5   1   2  -5  -2  -2  -4  -3   1    6   0   0   0   1   1   0   2   0  47  19   0   3  10   0   2   2   0   0   7  0.76 0.39
    7 G     3  -4  -3  -4  -1  -3  -3   4  -4  -1  -3  -3  -3  -2  -2   2   2  -5  -4   0   28   0   0   0   1   0   0  28   0   3   1   0   0   2   1  14  16   0   0   6  0.57 0.37
    8 T     0  -4  -5  -5   0  -4  -5  -2  -4   3   4  -4   1   2  -4  -2   0  -4  -1   1    7   0   0   0   1   0   0   3   0  19  40   0   3   8   0   2   4   0   1  10  0.54 0.31
    9 L     1  -4  -5  -5  -2  -3  -4  -4  -1   3   3  -4   0   1  -2  -3  -1  -4  -1   3   12   0   0   0   1   1   0   1   2  21  32   0   1   7   2   0   2   0   2  18  0.51 0.31
   10 V     0  -4  -4  -5  -1  -4  -4  -1  -5   3   1  -4   2  -1  -2  -1   0  -5  -2   4    6   0   0   0   1   0   0   4   0  20   9   0   6   2   2   5   4   0   1  40  0.57 0.35
   11 T    -1  -5  -5  -5  -3  -4  -5  -5  -5   5   2  -4   1   0  -5  -2   2  -5  -3   4    4   0   0   0   0   0   0   0   0  32  16   0   2   4   0   2  12   0   0  28  0.74 0.40
   12 L     2  -5  -5  -5  -3  -4  -5  -1  -5   4   1  -4  -1   2  -4  -2  -2  -4  -3   4   18   0   0   0   0   0   0   5   0  24  11   0   1  11   0   2   1   0   0  29  0.60 0.37
   13 A     1  -4  -4  -5  -3  -4  -4  -1  -4   3   3  -4   2   2  -4  -2  -1   1  -2   2   16   0   0   0   0   0   0   5   0  22  26   0   6   8   0   1   3   2   0  12  0.46 0.30
   14 V     2  -4  -4  -5  -1  -4  -4  -3  -5   2   0  -4   1  -1  -4  -2   3  -5  -2   4   19   0   0   0   1   0   0   1   0  13   9   0   3   2   0   0  17   0   1  32  0.56 0.37
   15 G     2  -4  -4  -4   0  -4  -4   3  -4   2   0  -4   0   1  -2  -1  -2  -4  -3   2   22   0   0   0   2   0   0  25   0  16   7   0   2   7   2   3   1   0   0  13  0.40 0.29
   16 R    -2   1  -4  -5  -4  -4  -3  -5  -3   1   1  -2  -1   2  -5  -2  -1   6   6   1    4   8   0   0   0   0   2   0   0   7  11   2   1   9   0   2   3   9  32  11  0.74 0.41
   17 Y     1  -4  -2  -5   1  -4  -4   0  -4   0   4  -3   3   2  -4  -2  -2  -2   1   0   16   0   2   0   2   0   0   9   0   4  39   1   7   8   0   2   1   0   5   4  0.43 0.31
   18 I    -1  -5  -6  -6  -4  -5  -6  -6  -6   6   3  -5   3  -3  -5  -3  -1  -5  -2   1    5   0   0   0   0   0   0   0   0  48  28   0   6   0   0   1   3   0   2   7  1.05 0.51
   19 F     0  -2  -2  -5  -3  -4  -4  -4  -4   3   3  -3   1   2  -5  -2  -3   3   2   2    7   3   3   0   0   0   0   0   0  19  26   1   3   9   0   2   0   4   7  16  0.45 0.29
   20 K    -3   3  -3  -2  -6   0  -3  -3  -3  -2  -6   7  -5  -1  -5  -3  -4  -6  -5  -3    1  13   0   2   0   3   0   2   1   2   0  70   0   3   0   1   0   0   0   1  1.48 0.72
   21 G    -3   3   2  -1  -5  -1  -2   3  -3  -5  -4   5  -2  -3  -4  -2  -2  -5  -1  -3    1  14  12   2   0   1   1  21   0   0   1  38   1   1   0   1   2   0   2   1  0.75 0.46
   22 Y    -2  -4  -2  -6  -5  -3  -5  -5   0   2   0  -1  -1   2  -3  -3  -4   2   7   1    3   1   3   0   0   1   0   0   2  10   8   5   1   5   1   1   0   3  45  12  1.01 0.54
   23 S    -1  -2   4   2  -5   1   2  -2   1  -4  -3   2  -3  -2   1   0  -2  -4   2  -4    5   1  21  12   0   6  12   1   4   0   3  12   0   1   7   7   1   0   8   1  0.40 0.30
   24 A     3  -4  -2  -4  -4  -4  -4  -4  -5   0  -1  -3  -3  -3   4   0   2  -5  -4   2   28   0   2   0   0   0   0   0   0   6   4   1   0   1  24   5  16   0   0  14  0.67 0.44
   25 T     1   3  -2  -3  -4   3  -1  -4   2   1  -2   0  -2  -2   1  -1   2  -4  -1  -1   11  18   1   0   0  17   2   0   5   9   3   5   1   1   7   2  13   0   1   5  0.32 0.30
   26 G     1  -4  -3  -4  -3  -3  -4   0  -4   2   2  -3   3   2   0   0   0   2  -2   1   15   0   1   0   0   0   0   7   0  10  19   0   8  11   6   6   7   3   0   7  0.27 0.25
   27 V     0  -5  -5  -6  -4  -5  -5  -4  -6   2   0  -5  -1  -3  -5  -1   1  -6  -2   6    8   0   0   0   0   0   0   1   0  11   9   0   1   1   0   5   8   0   1  55  0.96 0.55
   28 L    -3  -6  -7  -7  -5  -6  -6  -7  -6   1   6  -6   2   2  -6  -6  -3  -5  -4   0    2   0   0   0   0   0   0   0   0   6  73   0   5   8   0   0   1   0   0   6  1.40 0.68
   29 L    -1  -4  -6  -6  -2  -5  -5  -4  -5   3   3  -5   2   6  -3  -4  -1  -3   0  -1    6   1   0   0   1   0   0   2   0  15  31   0   4  30   1   1   4   0   2   3  0.81 0.47
   30 S     2  -4  -4  -4   0  -4  -4   1  -4   2   2  -4   0   3  -3  -1   0  -4  -2   2   17   0   0   0   2   0   0  10   0  10  22   0   2  12   0   4   7   0   0  14  0.34 0.29
   31 G     3  -4  -3  -2   2  -3  -3   2  -4   0  -1  -3   1   0  -2   2   0  -4  -2   1   24   0   0   1   4   0   0  14   0   6   5   0   4   4   2  20   4   0   1  11  0.32 0.31
   32 G     0  -5  -4  -5  -2  -5  -5   6  -5  -3  -4  -5  -1   3  -2  -3  -4  -5  -4  -3    8   0   0   0   1   0   0  68   0   2   1   0   2  11   2   1   1   0   0   2  1.41 0.68
   33 L    -1  -5  -5  -5  -2  -4  -5  -4  -5   4   4  -5   2   2  -5  -4  -1  -4   0   1    6   0   0   0   1   0   0   1   0  25  37   0   5   8   0   0   4   0   2   9  0.72 0.42
   34 L     2  -5  -5  -5  -3  -4  -5  -3  -5   3   3  -3  -1   1  -5  -2  -2  -4  -3   4   15   0   0   0   0   0   0   1   0  19  26   1   1   6   0   3   1   0   0  26  0.62 0.41
   35 L    -2  -5  -5  -6  -2  -4  -5  -3  -5   1   5  -5   6   1  -4  -4  -1  -4  -1  -1    3   0   0   0   1   0   0   2   0   6  47   0  23   6   1   1   4   0   2   3  1.01 0.56
   36 L     0  -4  -3  -5   3  -4  -4  -4  -4   1   4  -3   5   0  -2  -3  -3  -4  -1   0    9   0   2   0   6   0   0   1   0   9  40   1  15   4   2   2   1   0   1   6  0.62 0.40
   37 T     1  -3  -3  -4   1  -3  -3   0  -3   3   2  -3   1   2  -2  -1   0  -3  -1   1   14   0   0   0   2   0   0   7   0  18  21   1   4   8   1   5   6   0   2   7  0.26 0.23
   38 I     0  -4  -4  -5   2  -4  -4  -1  -4   4   2  -4   2   1  -4  -2  -2   1   0   2    9   0   0   0   5   0   0   4   0  30  16   0   4   7   0   2   2   2   3  12  0.47 0.32
   39 T     4  -2  -3  -4  -2  -3  -3   2  -4  -2  -2  -2  -1  -2  -3   1   1  -2  -4   0   41   1   1   0   1   1   0  16   0   1   3   1   1   2   1  10  10   1   0   7  0.55 0.43
   40 A     2  -2  -3  -3   0  -2  -3   0   0   1   0  -3   1   0   0  -1  -1   0   2   2   22   1   0   0   2   2   0   8   2   9   9   0   4   5   4   4   2   1   7  17  0.19 0.21
   41 L    -1  -3  -3  -4   0  -3  -3  -2  -3   2   3  -3  -1   2   3  -2  -2   3   0   0    5   1   1   1   2   0   1   3   0  12  30   1   1   9  13   2   2   4   3   7  0.36 0.26
   42 M     0  -3  -2  -4   0  -2  -3  -1  -3   2   2  -3   3   3  -1  -2   0  -3  -1   1    7   1   1   1   2   1   1   6   0  14  24   1   9  13   3   2   5   0   1   7  0.30 0.23
   43 G     1  -1  -1  -1  -3  -2  -2   5  -3  -3  -3  -2  -2   0  -1   0  -1  -3  -3  -3   12   4   2   4   0   2   2  46   0   1   3   2   1   5   3   8   3   0   1   2  0.61 0.36
   44 K     0   0   1  -1  -2   0  -1   0   2   0   0   0   0   2  -1  -1   0   2   0   0    8   4   7   3   0   5   3   9   6   5   8   5   3  10   2   2   5   4   3   7  0.04 0.07
   45 A     1  -2   1   1   1  -1  -1   1  -1  -2  -2  -1   0  -2   2   1   1  -3  -3  -1   12   1   9   8   4   1   2  13   2   1   4   3   3   2  12  12   9   0   0   3  0.20 0.18
   46 V    -1  -3  -2  -2  -2  -1  -2  -1  -1   2   1  -2   1   1   2  -1   0   0   0   2    5   1   2   3   0   3   2   6   2  14  13   1   4   7  10   4   6   1   2  15  0.13 0.13
   47 L     0  -2  -1  -2  -1  -2  -1   0  -1   2   2  -2   2   1   0  -1  -1  -2  -2   1    7   1   2   2   1   1   3   9   2  11  23   1   6   6   4   5   4   0   1  11  0.12 0.13
   48 P     1  -2  -2  -2  -2  -2  -1   1  -1   0   1  -2   0  -1   4  -1   0  -3   0   0   11   2   2   1   0   1   3  10   1   6  15   1   3   3  21   4   6   0   3   7  0.25 0.18
   49 A     1  -1   0   0  -1  -1   0   0  -2   0  -1   1   0   0   1   0   0   0  -1  -1   16   1   4   7   1   1   5   8   0   6   7   9   2   6   8   6   6   1   2   4  0.06 0.08
   50 S     1  -2  -1  -1  -2   0   0   2  -2   0  -1   1  -1  -1   0   1   0  -3  -2   0   13   1   2   3   0   4   7  17   0   5   5   9   1   3   4  13   6   0   0   5  0.13 0.14
   51 V     1  -2  -1  -1  -2  -1   1  -1  -1   1   0   1   0   1  -1  -1   0   0  -1   1   17   1   2   3   0   1  12   5   1  10   9   9   2   6   2   4   5   1   1   9  0.06 0.11
   52 T     1   0   0   0   0   0   0   0  -1   0  -1   1   0  -1  -2   0   1  -2   0   0   14   2   4   4   2   4   6   7   1   5   5  12   2   2   1   8   8   0   4   7  0.05 0.07
   53 S     2  -1  -1  -2  -1  -2  -1   0   1  -3  -1  -2   2  -1   0   4   1  -3   0  -2   16   2   3   2   1   1   3   7   3   1   5   1   5   2   4  31   8   0   3   3  0.29 0.28
   54 T    -1  -3   0  -1  -1  -2  -2  -1  -1   0  -1   0   0  -2  -2   2   5  -4  -1   0    4   1   3   3   1   2   2   4   1   6   6   5   2   2   2  13  36   0   2   6  0.37 0.32
   55 G    -1  -3   1  -1  -4  -2  -3   6  -1  -1  -1  -3  -2  -1   1  -2  -2  -4  -2  -2    4   1   6   3   0   2   2  53   1   3   6   1   1   2   7   2   2   0   1   4  0.77 0.44
   56 H    -1  -3   2  -3  -3  -2  -3  -1   0   0   1  -2   2   3  -2   1  -1   3   2   0    4   0  10   0   0   1   1   5   2   5  16   3   6  15   2  11   4   5   7   5  0.22 0.22
   57 V     1   0  -1   0  -2  -1  -1   0  -2   1   0   0   1   0   0   0   0   2  -2   1   14   4   1   6   0   1   3   6   0   8   8   6   3   4   3   8   7   3   0  13  0.05 0.10
   58 A     0  -3  -3  -1  -1  -1  -2   2  -3   1   1  -3   0   3   0  -2  -2   4   1   0   10   0   0   4   1   3   3  15   0   9  13   0   2  15   6   2   2   7   3   7  0.23 0.21
   59 T    -1  -2  -2  -4  -3  -1  -2  -3  -2   0   3  -1   0   4  -3  -2   1  -1   0   0    5   2   1   0   0   2   3   2   1   5  26   4   2  22   1   3  11   1   2   7  0.35 0.28
   60 D    -2  -3   0   7  -5  -3  -1  -2   0  -4  -3  -1  -1  -2   0   0  -2  -6  -1  -5    4   1   4  57   0   0   3   3   2   1   2   4   2   2   4   6   2   0   2   0  1.09 0.60
   61 V     1  -4  -4  -3  -1  -1  -2  -2  -4   4   1  -3   1   0   2  -1   0  -4  -3   2   11   0   0   1   1   3   2   4   0  26  14   0   4   3  10   5   5   0   0  11  0.34 0.28
   62 F    -2  -3  -1  -4  -5  -1  -3  -3  -4   1   0  -4   1   7  -3  -1  -2   1   1   1    3   1   3   1   0   4   1   2   0   7  10   0   3  42   2   4   3   2   4   9  0.77 0.46
   63 E     1  -1   1   1  -1   2   2   0  -1  -1  -1   1  -1  -3  -1   0  -1  -4  -1  -2   12   2   6   6   1  10  18   7   1   4   8   9   1   1   2   4   3   0   2   2  0.16 0.18
   64 Y     0  -2  -2  -3  -2   0  -1  -4  -3   1   0  -1  -1   4  -4  -1   0   1   3   2   10   1   1   0   1   6   4   1   0   7   8   5   1  18   0   5   5   1  10  16  0.25 0.23
   65 V     0  -2  -4  -4  -3  -4  -4  -2  -4   5   1  -4   3   2  -2  -3  -1  -4  -1   3    8   2   0   1   0   0   1   3   0  34   9   1   7  10   2   1   3   0   1  16  0.60 0.36
   66 R     0   1   1  -1  -3   2   0  -1  -1  -1  -1   2   0  -3  -2   1   1  -3  -1  -1    5   8   6   3   0   9   6   3   1   4   6  15   3   0   1  10  11   0   3   5  0.14 0.15
   67 F     1   0   1   0  -3   1   0   0   0  -1  -1   0   0  -1  -2   1   0   0   0  -1   11   6   9   6   0   9   4   7   3   4   6   4   2   3   1  12   6   1   3   3  0.07 0.10
   68 L     0  -1  -2  -1  -1  -1  -2   0  -3   2   1  -2   3  -1  -3   0   2  -3  -1   0    9   3   2   3   1   3   2   7   0  13  17   2   9   2   0   6  13   0   2   6  0.13 0.16
   69 L     0  -2  -3  -4  -3  -1  -3  -1  -3   0   1  -2   4   5  -2  -1   1  -3   1   0    9   3   0   0   0   3   1   4   0   5  12   2  11  24   2   5   8   0   4   7  0.36 0.29
   70 V     1   0   0  -1   0   1  -1   0  -1  -1  -2   1   0  -1  -3   2   1   1   0   0   11   4   4   3   2   6   2   6   2   4   3   8   3   2   0  17   9   2   4   8  0.09 0.15
   71 D     0   0   2   0  -3   1   0   1   0  -3  -1   1   2  -1  -3   2   1  -3  -1  -1    5   3   9   4   0   5   4  12   2   0   5   8   6   2   0  19   8   0   2   5  0.15 0.19
   72 R     0   1   0   0  -3   1   0   1  -2   0  -1   0   0  -1   0   0   1  -3   0   0    8  11   4   4   0   7   4  10   0   4   6   4   4   3   3   6   9   0   4   9  0.05 0.09
   73 G     0   0   0   0  -3   1   0   0   2   0  -1   0   1   1  -3   0   0   3   1   0    6   6   5   6   0   5   6   6   5   6   6   6   5   5   0   6   6   5   5   6  0.06 0.10
   74 G     2  -2   0  -1  -1  -1  -1   2  -3  -2  -2   0  -1  -1   0   2   1   0  -3  -1   17   2   4   3   1   2   2  15   0   2   3   4   1   3   3  22   8   1   0   4  0.21 0.21
   75 G    -1  -1   1   0  -3  -1  -1   2  -2  -1  -1   0   1   1  -1   1   1   0  -1  -1    4   3   6   6   0   3   2  22   0   3   3   6   4   8   3  11   8   2   2   5  0.12 0.14
   76 L     1  -2  -1  -3  -2  -2  -1  -1   0   1   2  -2   1   0   0   0   1   1  -2   1   18   0   3   0   0   0   3   3   2   9  21   0   5   3   4   5  12   3   0   9  0.13 0.16
   77 G     0  -1  -2  -3  -2  -2  -3   2  -3   2   1  -1   1   0  -3  -1   0  -3   0   2    8   4   0   0   0   0   0  19   0  16  11   3   4   3   0   5   4   0   3  19  0.18 0.18
   78 M     0  -2   0  -2   2   1   0   0  -2   0   0   0   1   1   1   0   0  -2   1   0    6   0   6   0   6   6   6   6   0   6   6   6   6   6   6   6   6   0   6   6  0.05 0.10
   79 L     0  -1   1  -2  -3   0  -1  -1  -2   0  -1  -1   1   0   3   0   1  -3   0   0   10   4   7   0   0   3   4   4   0   8   5   3   6   6  14   6  11   0   3   7  0.12 0.15
   80 I    -1  -4  -4  -4  -3  -3  -4  -4  -4   6   2  -4   1   0  -4  -2  -2  -3  -1   2    6   0   0   0   0   0   0   1   0  55  15   0   4   4   0   3   0   0   2   8  0.70 0.34
   81 M    -1  -3  -3  -4   4  -3  -3  -2  -3   1   1  -3   6   2   3  -1  -2  -3  -1   0    5   0   0   0   9   0   0   2   0   7   8   0  33   8  15   3   0   0   2   4  0.59 0.35
   82 V     1  -2  -1  -3   0  -2  -2  -1  -2   1   1  -2   1   2   0   1   0   1  -1   1   14   0   2   0   2   0   0   4   0   6  15   0   5  14   4  12   7   2   0  11  0.12 0.13
   83 L     0  -3  -3  -3   0  -3  -3  -1  -3   2   1  -3   2   3  -3  -1  -1  -2   0   2   11   0   0   0   2   0   0   6   0  18  12   0   6  18   0   5   2   0   2  16  0.24 0.18
   84 C     1  -3  -1  -3   1  -2  -3   1  -3   2   1  -2   4   1  -1  -1   0   0  -1   1   11   0   2   0   4   0   0  11   0  14  11   0  16   8   2   3   5   2   2   8  0.16 0.16
   85 G     1  -3  -2  -3  -3  -3  -2   5  -3  -1   0  -3   0   0  -1  -1  -1   1  -1  -2   13   0   0   0   0   0   2  47   0   3  12   0   2   4   2   3   3   2   2   2  0.50 0.28
   86 F     0  -4  -4  -5  -4  -4  -4  -3   0  -1   0  -4   1   7  -4  -1  -1  -1   4  -2    9   0   0   0   0   0   0   2   2   3   5   0   4  50   0   4   3   0  15   2  0.96 0.44
   87 A     3  -3   0  -3  -3  -3  -3   2  -3   0  -1  -3   2   1  -3   1   0  -4  -3   0   25   0   5   0   0   0   0  17   0   6   6   0   6   7   0  12   6   0   0   8  0.28 0.23
   88 G     0   0   0   0  -2   1   0   0   2   0   0   0   1   1  -2   0   0  -2   1   0    6   6   6   6   0   6   6   6   6   6   6   6   6   6   0   6   6   0   6   6  0.04 0.07
   89 Y     1  -2  -2  -3  -2   0  -2  -2  -1   1   1  -2   1   2  -2   0  -1  -1   3   2   12   1   0   1   0   5   1   1   0   7  13   1   6  11   1   7   1   0  14  20  0.16 0.11
   90 M     0  -2  -1  -2  -2  -1  -2   0   2   1   1  -2   2   1  -2   0   1  -2  -1   1   10   0   0   0   0   0   1  10   9  10  10   1   9   9   0  10  10   0   0  10  0.08 0.09
   91 S    -1   1   3   3  -4   1   2  -1  -1  -3  -3   2  -2  -5  -3   0   1  -5  -4  -3    5   6  14  15   0   4  11   4   1   1   1  14   1   0   0   8  11   0   0   2  0.36 0.26
   92 H     0   1  -1   0  -3   1   1  -2   5  -1  -2   1  -1  -1  -4   0  -1  -3   3  -1    7   7   1   7   0   5   7   2  19   3   4  10   2   1   0   6   3   0  12   4  0.34 0.25
   93 I    -1  -3  -2  -4  -1  -4  -4   1  -4   5  -1  -4   1  -3  -4   1   3  -5  -4   0    4   1   1   0   1   0   0  11   0  34   5   0   4   0   0   9  22   0   0   5  0.57 0.36
   94 G    -2  -1   0  -4  -6  -2  -2   6  -2  -6  -5   1  -3  -6  -5  -3  -3  -6  -6  -6    2   4   4   0   0   1   2  70   1   0   1   9   1   0   0   1   1   0   0   0  1.45 0.60
   95 A     5  -5  -5  -3   6  -4  -4  -2  -5   2   0  -4   1  -4  -4  -2  -2  -5  -5   0   45   0   0   2  15   0   0   3   0  14   7   0   4   0   0   2   1   0   0   6  0.87 0.47
   96 N     1  -4   3   4  -5  -3  -2  -1  -2  -5  -5  -4  -5   0  -4   4   1  -6  -3  -2   14   0  12  20   0   0   2   5   1   0   0   0   0   4   0  30   9   0   1   2  0.65 0.43
   97 T    -1   2   1   3  -5   1   2   0   0  -4  -3   2  -4  -4  -4  -1  -1  -4   1  -3    4  12   6  16   0   7  14   6   2   0   2  15   0   0   0   3   4   0   6   1  0.38 0.27
   98 I     1   2  -1  -2  -3   0  -1  -1   4   0  -1   1   2  -2  -2   0  -1  -4  -2   1   15  13   1   2   0   5   2   3  11   5   4   8   7   1   1   7   3   0   1  11  0.19 0.20
   99 L    -3  -5  -6  -7  -5  -5  -6  -6  -6   2   5  -6   5   3  -6  -5  -1  -5  -4   0    2   0   0   0   0   0   0   0   0   9  51   0  15  11   0   0   3   0   0   6  1.16 0.55
  100 V     0  -2  -6  -3  -5  -5  -6  -4  -6   4  -1  -5   1   2  -6  -3  -1  -5  -1   5    7   2   0   2   0   0   0   1   0  18   3   0   3   9   0   2   3   0   2  47  0.92 0.52
  101 K    -1   2   2   1  -2   0   0  -3   3  -2  -3   3  -1   0  -2  -1  -1  -5   0  -1    6  13  11   9   1   3   6   1   7   2   2  18   1   4   1   4   4   0   4   4  0.26 0.23
  102 L     0  -1  -2  -4  -3  -2  -2  -4  -3   2   2  -2   2   4   0  -1  -1   2   0   1    7   3   2   0   0   2   2   0   0  11  22   2   4  17   5   4   2   3   2  11  0.29 0.23
  103 A     3  -4  -4  -5   3  -4  -4  -2  -5   1   2  -4   2   3  -4  -1   0  -4  -3   1   23   0   0   0   6   0   0   4   0   9  20   0   5  13   0   5   6   0   0   9  0.46 0.32
  104 S     0  -1   0   0  -3   0   0  -1  -1   0  -1   0   2  -1  -3   1   2  -3   0   0    9   3   5   6   0   5   7   3   2   5   6   4   7   2   0  14  13   0   4   6  0.11 0.14
  105 K     0   3  -1  -2  -1  -1  -1  -1   0  -3  -2   4  -1  -2   1   0  -1   0  -1  -2    8  14   2   2   1   2   2   5   3   1   4  30   2   2   6   7   3   1   2   3  0.33 0.28
  106 P    -3  -1  -5  -5   2  -4  -5  -2  -5   2   1  -2   0   1   5  -3  -2   2  -1   0    2   3   0   0   4   0   0   3   0  13  14   3   3   7  31   2   2   3   2   7  0.67 0.40
  107 L    -2  -2  -2  -5  -4  -4  -5  -3  -5   2   4  -5   4   2  -5  -4  -4  -4  -4   2    4   3   3   0   0   0   0   3   0  10  44   0  10   7   0   0   0   0   0  14  0.79 0.41
  108 G    -1   2  -1  -2  -5   0   0   4  -1  -3  -3   2  -1  -2  -2   0  -2  -5  -2  -2    3  10   2   1   0   5   5  35   1   2   3  15   1   2   2   7   2   0   1   2  0.47 0.31
  109 I    -1   3   1  -3  -4   0  -2   0   3  -1  -1   3  -1   0  -2  -1   0   1   1  -2    4  15   7   0   0   2   1   8  10   3   7  18   1   3   1   2   6   2   6   3  0.23 0.21
  110 I    -2  -3  -2  -4  -3  -3  -4  -1  -4   4   2  -2   1   2   0  -1   0  -1   0   2    2   1   2   0   0   0   0   4   0  24  18   3   3  10   4   4   5   1   3  14  0.32 0.24
  111 K    -1   2   2  -1  -4   0  -1   1   2  -2  -2   4  -3  -1  -1  -1   0   1  -1  -2    3  13  10   2   0   2   2  10   5   2   3  26   0   2   3   2   5   2   2   3  0.28 0.26
  112 S     1  -1   2  -1  -3  -1  -2   1   0  -1  -1  -1   0   0  -1   2   0  -3  -1   0   11   3  12   2   0   2   0  13   3   4   6   3   2   5   3  17   5   0   2   7  0.12 0.16
  113 P     0   1   1   1  -2   1   1   0  -1   0  -2   0  -1   0   1   0   0  -3  -2   0    7   7   7   7   0   7   7   7   0   7   1   7   0   7   7   7   7   0   0   7  0.08 0.09
  114 Y    -1  -2   1  -2  -3  -1  -2  -1   0   0   0  -1   0   1   2  -1  -1   2   5  -1    4   1   8   1   0   2   2   5   2   5   7   3   3   6  11   5   3   3  25   4  0.28 0.22
  115 I     0  -1  -2  -2  -2  -1  -2  -1  -2   1   2   0   1   1  -2  -1   0   3   0   1    7   3   1   1   0   3   1   6   0  11  21   6   3   7   1   4   6   4   3  10  0.08 0.09
  116 L    -1  -1  -2  -3  -2  -2  -2  -1  -3   1   2  -1   1   1   0   0   0   3  -1   1    5   4   0   0   0   0   0   6   0   6  30   4   5   5   4   7   7   5   0  10  0.15 0.16
  117 L     0  -2   0  -2   2   0  -2   0  -2   0   0  -2   1   1   1   0   0  -2   1   0    7   0   7   0   7   7   0   7   0   7   7   0   7   7   7   7   7   0   7   7  0.08 0.12
  118 V     1  -2  -1  -2  -1   0  -2   0   1   1  -1  -1   0   0   3   0  -1   1   1   1   17   0   2   2   1   4   0   6   4  13   5   2   2   5  15   5   3   2   5   8  0.15 0.15
  119 A     1  -3  -3  -3   1  -2  -3   1  -3   2   1  -3   2   0  -1  -1   0  -3  -2   2   15   0   0   0   3   2   0  10   0  12  15   0   7   4   2   3   5   0   0  22  0.19 0.17
  120 A     1  -3   1  -1   2  -2  -2   1  -3   1   0  -2   0  -1  -3   0   1  -3  -2   1   17   0   7   2   6   0   0  13   0  10   5   0   2   2   0   8  11   0   0  15  0.15 0.15
  121 Y    -1  -3  -3  -3   0  -3  -3  -2  -2   2   0  -3   1   3  -2  -1   1   1   3   2    3   0   0   0   2   0   0   2   0  18   5   0   5  13   2   3  12   2  14  18  0.28 0.21
  122 L     0  -3  -3  -4   1  -3  -3  -2  -3   2   2  -3   1   1  -1  -2  -1   1   0   2    7   0   0   0   3   0   0   3   0  17  24   0   4   7   3   2   3   2   4  22  0.26 0.18
  123 V     0  -3  -2  -4   1  -3  -3  -2  -1   3   2  -3   2   1  -3  -1   0  -3  -2   3   11   0   2   0   2   0   0   2   2  20  18   0   5   5   0   5   3   0   0  25  0.27 0.20
  124 A     1  -3  -1  -3   3  -2  -3   3  -3   0  -1  -2   1  -3  -2   2   2  -4  -2   0   13   0   2   0   6   0   0  27   0   5   6   0   4   0   1  17  12   0   2   5  0.32 0.24
  125 C     1  -2   0  -3   4   2  -2   0  -1  -1   0  -2   2   1  -3   1   0   0   0  -1   12   0   3   0  10  15   0   6   1   3   6   1   9   7   0  11   5   1   4   4  0.17 0.19
  126 A     0  -4  -4  -5   1  -3  -4  -2   1   3   3  -4   2   3  -4  -1  -1   1  -1   1    8   0   0   0   3   0   0   2   4  19  27   0   6  17   0   3   3   2   0   6  0.41 0.25
  127 M    -2  -4  -5  -5   1  -4  -5  -5  -4   2   3  -4   4   5  -5  -4  -1  -3  -1   1    3   0   0   0   3   0   0   0   0  13  28   0  14  25   0   0   3   0   0   9  0.72 0.36
  128 S     1  -1   2   0   0  -1  -1   1   0  -1  -2  -1  -2   1  -3   2  -1  -3  -1  -1   11   1  15   6   2   2   1  13   3   4   1   3   0  10   0  19   1   0   2   6  0.17 0.17
  129 L     0  -3  -3  -2  -2  -1  -2   0   1   2   2  -2   2   0  -2  -1   0   4   0   0    9   0   0   2   0   2   2   7   4  15  21   0   6   4   2   3   6   8   3   6  0.17 0.14
  130 A     3  -3  -3  -3   1  -3  -3  -3  -3   2   0  -3   1   3   1   0   0  -3  -2   1   28   0   0   0   3   0   0   0   0  12   9   0   3  15   8   6   4   0   0  11  0.29 0.22
  131 V    -1  -3  -3  -1   1  -3  -3  -1  -3   4   0  -3   1  -2  -3   1   1  -3   0   1    4   0   0   4   3   0   0   5   0  36   8   0   3   0   0  13  10   0   3  10  0.32 0.24
  132 S    -1  -4  -1  -3  -4  -2  -3   4  -1  -2  -4  -3  -1  -2   5   1   1   0  -4  -2    2   0   2   0   0   1   0  29   1   3   0   0   2   2  30  12  10   2   0   3  0.75 0.37
  133 S     1  -2   1  -2  -3  -2  -2   0  -3  -1  -3   0  -3  -4  -1   5   2  -4  -3  -1   10   0   7   0   0   0   0   7   0   4   0   5   0   0   3  48  11   0   0   4  0.53 0.35
  134 A     3  -2  -1  -1  -2   0  -2   1   0   0  -1  -1  -2   0   0   1   0  -3  -1   0   31   0   2   2   0   4   0  12   3   7   3   3   0   5   3  13   3   0   2   7  0.17 0.16
  135 T     2  -2   0  -2  -2   0  -2   0  -2   0  -1  -2   0   0   2   1   2  -2   0   0   19   0   4   0   0   4   0   7   0   5   5   0   4   4   8  14  15   0   4   6  0.14 0.14
  136 G     2  -2   0   0  -2  -2  -2   3  -2  -2  -1  -2  -2   0   0   1   0  -3   0  -1   28   0   5   5   0   0   1  22   0   0   6   0   0   5   5   8   5   0   4   5  0.22 0.17
  137 L     0  -1   0   1   2  -2  -1  -1  -2   1   1  -2   1  -1  -2   0   2  -3  -2   0    9   3   3   8   5   0   3   3   0   9  17   0   4   3   0   5  22   0   0   6  0.12 0.15
  138 G     3  -3  -1  -3   1  -2  -3   1  -3   0  -1  -2   0   0  -2   0   0   0   0   2   35   0   2   0   3   0   0  13   0   6   3   0   2   4   1   5   6   1   3  15  0.25 0.22
  139 V     4  -3  -2  -4  -1  -3  -3  -1  -4   0   2  -3   2  -3  -1  -1  -1  -4  -3   1   44   0   1   0   1   0   0   2   0   5  20   0   7   0   2   3   2   0   0  11  0.43 0.31
  140 L     2  -3  -3  -4   0  -3  -3  -2  -3   2   3  -3   3   0  -3   0   1  -3  -2   1   21   0   0   0   2   0   0   2   0  12  31   0   8   3   0   6   8   0   0   7  0.31 0.23
  141 L     0  -3  -3  -3   1   0  -1  -2  -3   1   2  -2   2   1  -1  -1   0  -3   0   1    9   0   0   0   3   4   4   3   0   8  31   0   6   5   2   4   8   0   2  10  0.17 0.16
  142 M     0  -4  -3  -1   3  -3  -3   4  -3   0   0  -3   4   0  -4   0   0  -3   0   0    6   0   0   3   9   0   0  32   0   6   6   0  14   4   0   6   6   0   3   5  0.37 0.27
  143 A     2   0   0  -2   0   0  -2   0  -3   0  -1   2   0  -3   2   0   0  -4  -3   1   21   3   4   0   2   3   0   7   0   4   3  16   2   0  11   7   6   0   0  10  0.19 0.17
  144 T    -1  -3  -3  -1   1  -3  -3  -4  -4   3   1  -3   2   0  -2   0   3  -3  -1   2    5   0   0   4   4   0   0   0   0  18  16   0   7   3   2   5  21   0   2  13  0.30 0.24
  145 L     0  -3  -3  -1   2  -3  -1  -1  -3   1   2  -3   4   2  -4  -1  -1  -3   2   1    8   0   0   4   4   0   4   4   0   7  21   0  15   9   0   4   4   0   7   9  0.26 0.23
  146 F     0   0   1   0  -3  -1   0   0   2   0   0   0   1   1  -3   0   0  -2   1   0    6   6   6   6   0   0   6   6   6   6   6   6   6   6   0   6   6   0   6   6  0.04 0.09
  147 P     0   1  -4  -4  -5   1  -3   1  -4  -6  -6   1  -5  -6   6   1  -4  -6  -5  -5    7   7   0   0   0   7   0  12   0   0   0  10   0   0  46  10   0   0   0   0  1.16 0.44
  148 L     2  -2  -3  -4  -3  -1  -1  -2  -3   2   2  -3   3   0  -2  -1  -1  -4  -2   2   18   2   0   0   0   3   5   2   0  13  17   0   9   4   2   3   2   0   0  20  0.27 0.21
  149 M    -2  -4  -4  -5   0  -2  -4   0  -4  -1   3   0   7   1  -5  -4  -3   1   0  -1    3   0   0   0   2   2   0   9   0   2  33   7  29   5   0   0   0   2   3   3  0.70 0.39
  150 V    -1   0  -1  -1  -1  -1   1  -3  -2   2   2   1   1   0  -3  -1   0  -3  -1   1    4   5   2   3   1   1  10   1   0  13  19  12   4   5   0   1   5   0   1  12  0.11 0.12
  151 N     2   3   0   1  -4   0   1  -1  -1  -4  -4   3  -2  -4   0   2  -2  -5  -2  -3   16  18   3   7   0   2   7   4   1   0   0  17   1   0   5  16   1   0   2   1  0.37 0.25
  152 M     0   0  -1  -1   1   1  -1   0  -2  -1   1   0   1   0   1  -1  -1  -3   0   0    9   5   3   3   3  10   3   9   0   3  17   4   4   3   8   4   3   0   3   5  0.06 0.08
  153 G    -4   1   2   0  -6  -4  -5   5   3   1  -6   1  -5   1  -6  -4  -5  -6  -5  -5    0   9   9   6   0   0   0  46   7   9   0   7   0   7   0   0   0   0   0   0  0.95 0.43
  154 I    -2  -4  -3   0   2  -1  -3   0  -2   2   0  -3   2   2  -4  -1  -1  -2   4   2    0   0   0   7   4   3   0   9   0  17   6   0   7   7   0   4   3   0  18  14  0.31 0.24
  155 S     0   1   0   1   1  -2   0  -2   3  -5  -5   0  -4  -5   2   4   0  -5  -4  -4    5   7   4   9   3   0   6   2   8   0   0   5   0   0  11  35   6   0   0   0  0.53 0.38
  156 R     0   3  -3  -1  -4   0  -1  -2   0  -4  -2   3   0  -5   4  -1  -1  -5  -4  -2   10  18   0   3   0   3   3   3   2   0   3  20   3   0  21   5   4   0   0   3  0.51 0.36
  157 G     1  -1  -1  -1  -2   0   1   1  -2   0   1   0   0   1   0   0   0  -3   0   0   13   2   2   2   0   2  10  12   0   5  15   4   2   7   4   5   5   0   2   6  0.05 0.09
  158 A     1  -1  -1  -1  -3  -2  -1  -1  -3  -1  -1  -1   0   2  -3   2   2   3   1  -1   14   2   2   2   0   0   4   5   0   4   4   2   3  12   0  22  13   4   4   2  0.22 0.25
  159 A     5  -1  -4  -4   1  -1  -2  -2  -4   0   0  -3   1  -4  -4   1   0  -5  -4   0   50   4   0   0   3   2   2   2   0   5  11   0   3   0   0   8   5   0   0   5  0.54 0.40
  160 A     4  -1  -1  -3   1  -1  -2   2  -3  -1  -1  -3  -3  -2  -2   0   0  -4  -3   1   42   4   3   0   3   2   2  13   0   2   5   0   0   2   2   7   6   0   0   9  0.37 0.31
  161 A     3  -3  -3  -4   1  -3  -2   0  -4   0   2  -3   1  -1  -3   1   0  -4  -3   0   35   0   0   0   3   0   2   8   0   5  19   0   3   3   0   9   6   0   0   7  0.32 0.27
  162 V     1  -4  -4  -4   1  -3  -4  -2  -4   3   1  -2   2   1  -2  -1   0  -4  -1   3   12   0   0   0   3   0   0   2   0  19  13   2   5   5   1   3   6   0   1  28  0.38 0.27
  163 C     1  -3  -3  -4   3  -2  -3   0  -2   4   1  -3   2  -1  -4  -1   0  -4  -2   2   12   1   0   0   6   2   1   6   1  30  11   1   5   2   0   4   7   0   1  11  0.30 0.24
  164 A     0   0   1   0   2   1  -2   0   2   0   0  -2   1   1  -3   0   0  -3  -2   0    7   7   7   7   7   7   0   7   7   7   7   0   7   7   0   7   7   0   0   7  0.06 0.13
  165 S     0  -3   0  -1   2  -2  -3   2  -3   1   0  -2   1   0  -3   1   2  -3  -2   0    8   0   4   4   5   0   0  15   0   8  11   0   5   5   0  15  14   0   0   6  0.16 0.18
  166 P     1  -3   0  -3   3  -3  -3   1   1   0  -1  -3   1   0   0   2   2  -3   0   0   10   0   4   0   6   0   0  12   4   4   4   0   4   4   5  17  17   0   4   5  0.21 0.23
  167 A     1  -1  -2  -3   1   0  -3   3   0   1  -1  -1   1   0  -1   0   0   2   0  -1   12   3   0   0   3   4   0  22   3  10   5   3   4   4   3   5   7   3   3   4  0.15 0.17
  168 A     1  -3  -3  -3   4  -1  -3   2   0   0   0  -3   1   2  -1   0   0  -3   0   0   13   0   0   0  11   3   0  18   3   5   8   0   5  10   3   7   5   0   4   6  0.21 0.21
  169 I     0  -3  -1  -1   0  -2  -2   2  -3   2   1  -3   1   1  -1   1   0   0  -1   0    8   0   2   3   2   1   2  16   0  17  12   0   4   6   2  12   4   2   1   6  0.13 0.17
  170 I     0  -2   0   2   1   0   1   1  -2   0  -1  -2   2   0   0   0   0  -3   0   0    6   0   4  15   3   3   9  10   0   7   5   0   7   4   4   8   4   0   4   6  0.09 0.15
  171 L     0  -2   0   0   2   0  -2   0   2   0  -1  -2   1   1   1   0   0   4   1   0    6   0   6   6   6   6   0   6   6   6   6   0   6   6   6   6   6   6   6   6  0.10 0.15
  172 A    -1  -1   0  -3  -3  -2  -1   3  -3   1   0  -3   2   1   0   0   0  -3   0   0    4   4   5   0   0   0   4  22   0  10   7   0   7   7   4   7   7   0   4   8  0.16 0.19
  173 P    -5  -6  -6  -6  -7  -2  -6  -2  -1   1  -1  -5   1  -7   8  -2  -1  -8  -7  -2    0   0   0   0   0   2   0   3   2   9   6   0   3   0  64   3   4   0   0   3  1.76 0.83
  174 T     0  -4   0   0  -4  -2  -3   3  -4  -1   0  -2   1  -1   3   0   0   1  -1  -2   10   0   5   5   0   2   0  22   0   3  13   2   3   2  17   5   5   2   2   2  0.31 0.26
  175 S     0  -2   1   0   0   0  -1   0   0  -1  -1  -1   0   1  -1   3  -1   1   0  -1    8   2   5   4   2   4   4   8   2   4   5   2   2   8   3  25   3   2   3   4  0.14 0.19
  176 G     1  -2  -4  -1  -4  -1  -4   2   0   1  -2  -4   1  -1   2   1   1   2  -4   1   13   3   0   4   0   3   0  13   3   9   3   0   4   3  11  10   7   2   0  11  0.23 0.25
  177 D     0  -3   2   1  -4   1  -1   1   3  -1  -2  -1   1   0   1   0   0   1   0  -1    9   0  11   8   0   6   3   9   8   4   3   2   4   5   6   6   6   2   3   5  0.14 0.18
  178 V     0  -2   0   0   2   0   0   0  -2   0  -1   0   1   1   0   0   0   3   1   0    6   0   5   6   5   5   6   6   0   6   6   6   5   5   6   6   6   5   5   6  0.06 0.11
  179 V     0  -1  -1  -4  -3  -1  -2  -1  -4   3   0  -2   1   0  -1  -2  -1  -4  -1   3    8   4   4   0   0   3   2   4   0  20   8   2   3   3   3   3   2   0   2  29  0.28 0.25
  180 M     0  -1  -1  -3  -3   0  -1  -2  -1   1   2  -1   2   2  -3  -1   0   0   0   2    8   4   3   0   0   4   3   2   2  10  18   2   7   9   0   2   8   1   3  14  0.14 0.15
  181 A     2  -2  -1  -4  -3  -3  -3  -1  -3   2   0  -2   2   1  -4   0   1  -3   3   2   22   2   3   0   0   0   0   4   0  13   5   2   6   5   0   5   8   0  12  14  0.27 0.27
  182 A     5  -4  -2  -4   0  -1  -2   1  -4  -2  -2  -2  -1  -2  -4   1   0  -5   0  -1   51   0   2   0   1   3   2   8   0   2   4   2   2   2   0   9   5   0   3   4  0.57 0.43
  183 Q     1  -1   0   1  -3   1   1   1  -1  -1  -2   1  -1  -2  -1   2   0  -4  -3  -1   10   2   4   9   0   6  11  10   1   5   1  10   2   2   2  16   5   0   0   4  0.16 0.16
  184 A     1  -2  -1  -2  -3  -1  -1  -1   0   2   1  -1   1   0  -3   0   1  -3   1   1   15   2   2   1   0   2   3   4   2  12  15   2   4   2   0   6   8   0   6  13  0.12 0.15
  185 A     3  -3  -4  -4  -1  -2  -4  -3  -4   1   1  -3   1  -2  -2   2   3  -5  -2   1   28   1   0   0   1   2   0   1   0   7  12   1   3   2   2  14  19   0   1   8  0.44 0.38
  186 N    -2  -3   4   0  -6  -1   1   5  -1  -3  -4  -1  -5  -6  -2   0  -1  -6  -5  -5    2   1  19   4   0   3   9  42   2   2   1   3   0   0   2   8   4   0   0   0  0.80 0.49
  187 M    -1  -2  -3  -3  -2  -1   0  -1  -1   3   1  -1   5  -2  -2  -2  -1  -1  -1   2    5   2   1   1   1   3   7   5   2  15  15   3  16   1   2   3   3   1   2  15  0.29 0.26
  188 E    -1  -4   0   3  -5  -1   2  -2  -2  -3  -2  -2  -4  -2   2   3   1  -6  -5  -2    3   0   4  19   0   3  14   2   1   1   5   2   0   2  11  20   9   0   0   3  0.45 0.39
  189 L     0  -5  -1  -2  -4  -3  -2  -2  -5   3   1  -4   1   0   1  -1  -1   0  -1   3    6   0   3   2   0   1   2   3   0  21  12   0   3   3   8   4   4   2   2  24  0.38 0.30
  190 L     2  -2  -2  -2  -4  -2  -2   0   0   2  -1  -3   3  -1  -1   1   0  -4  -2   2   17   2   1   2   0   1   3   9   3  14   5   0   8   2   3   9   6   0   1  13  0.19 0.23
  191 D     0  -1   1   3  -5   0   2   2   0  -1  -3   0  -1  -5  -2   1   0  -5  -4  -2    6   4   5  20   0   4  13  13   3   3   2   5   2   0   2  10   6   0   0   3  0.29 0.26
  192 F    -1  -4  -1  -2  -4  -1  -1  -2   0   2   1  -2   1   2  -2  -1  -2   1   3   2    5   0   4   2   0   3   3   3   2  15  14   2   4   8   2   4   2   2  10  14  0.21 0.20
  193 A    -1  -2  -2  -5  -4  -4  -2  -1   1   2   0  -2   3   4  -2  -1  -1   4   0   1    4   2   2   0   0   0   2   5   4  12   9   3   7  18   2   5   4   5   3  12  0.31 0.26
  194 F    -1  -2  -2  -2   0   0  -2  -1   0   1   1  -2   1   4  -1   0  -1   3   1   1    4   2   2   2   2   4   2   4   2   8  10   2   4  17   3   6   4   5   5  11  0.18 0.19
  195 K     1   1   1  -2  -1   2  -1  -1   0  -3  -2   2   2   0   0   1  -2   0   2  -3   13   7   6   2   1   9   3   4   2   1   5  12   4   4   4  10   2   1   6   2  0.19 0.19
  196 L     0  -2  -2  -2  -4  -1  -2   1   3   1  -1  -1   1   1  -4  -1   1   0   4   0    9   2   2   3   0   2   2  11   8  10   6   3   4   4   0   4   8   1  16   5  0.23 0.24
  197 T     0  -3  -1  -4   0   4  -1  -2   2   1   0  -2  -1   1  -3   0   1   0  -2   2    7   0   2   0   2  18   3   3   5  10   7   1   1   5   1   7   8   2   1  14  0.24 0.28
  198 L     1  -5  -5  -3  -4  -4  -5  -2  -5   3   3  -3   2   1   1  -2  -1   3   0   1   11   0   0   1   0   0   0   3   0  20  25   1   6   5   7   2   3   3   3  10  0.45 0.34
  199 P    -1  -2  -6  -6  -1  -3  -5  -2  -2   0   0   0  -2  -2   7  -4  -2   1   1  -1    5   2   0   0   1   1   0   3   1   6   9   7   1   2  48   1   2   2   4   4  1.08 0.66
  200 I     1  -2  -1  -3  -3  -2  -1  -1  -2   2   1  -2   1   1   0   0  -1   2  -1   2   13   2   2   0   0   2   3   6   1  15  12   1   3   6   4   6   4   3   2  16  0.15 0.17
  201 S     1  -2   0  -1   1   0  -2   1  -2   1   0  -2   1   0   0   0   0  -2   0   1   17   0   4   4   3   4   0  11   0   8  11   0   4   4   4   7   5   0   4   9  0.06 0.09
  202 L     0  -3  -3  -4  -3  -3  -3  -1  -3   4   1  -3   2   2   0  -1   0   3  -2   1    8   0   0   0   0   0   0   5   0  28  14   0   5   8   5   5   5   4   0   9  0.29 0.22
  203 V     1  -3  -3  -3   2  -2  -3  -1  -3   1   1  -2   1   0   2  -1   0   2   0   2   11   0   0   0   5   0   0   5   0  12  11   0   5   5  12   5   6   3   3  16  0.18 0.15
  204 A     2  -3  -3  -3   2  -2  -3   2  -3   1   0  -3   1   0  -2   0   1  -1   0   1   20   0   0   0   5   1   0  16   0   8   8   0   5   5   1   6   8   1   3  12  0.20 0.20
  205 I     1  -4  -4  -4  -1  -4  -4   1  -4   3   2  -4   2   1  -2  -1  -1   0  -1   2   12   0   0   0   1   0   0  11   0  20  17   0   6   6   2   3   3   1   2  18  0.32 0.25
  206 A     1  -4  -3  -4   1  -3  -4  -1  -4   3   2  -3   1   0   0  -1  -1  -1  -1   2   15   0   1   0   3   0   0   5   0  21  18   0   3   3   5   3   4   1   1  17  0.29 0.24
  207 A     1  -3  -2  -4   0  -1  -3  -2  -3   2   2  -2   1   1  -4  -1   0   1  -1   3   13   0   1   0   2   2   1   3   0  13  18   1   3   6   0   5   5   2   2  22  0.24 0.21
  208 M     0  -4  -2  -4   2  -3  -3  -1  -4   3   1  -4   4   1  -4  -1   1   1  -1   2    7   0   1   0   5   0   1   5   0  16  12   0  16   6   0   4   8   2   2  14  0.33 0.28
  209 A     3  -4  -4  -4   2  -3  -3  -1  -4   2   1  -3   2   0  -2  -1   0   2   0   1   29   0   0   0   4   0   0   5   0  14  12   0   5   3   2   3   7   2   4   9  0.29 0.27
  210 V     1  -4  -4  -5   0  -4  -4  -2  -4   3   1  -4   1   1  -4  -1   0   2   1   4   11   0   0   0   2   0   0   3   0  17  10   0   3   7   0   4   4   3   4  30  0.43 0.31
  211 T     1  -3  -1  -3   1  -2  -3  -2  -1   1   1  -3   2   1  -2   0   1   0   0   3   13   0   3   0   3   1   0   2   1   7  11   0   5   5   2   6   9   1   2  26  0.21 0.21
  212 H     0  -2   0  -2   0  -1  -2   0   4   0   0  -2   0   1  -3  -1   1   1   2   0   10   1   5   2   2   1   0   6  16   7  12   1   2   8   0   3   8   2   6   7  0.16 0.18
  213 F    -2  -3  -1  -4  -1  -2  -3  -3  -2   2   0  -1   2   4  -2  -2  -1   4   4   1    3   0   3   0   1   1   0   2   0  13   6   4   5  20   2   1   4   6  17   9  0.42 0.29
  214 F    -2   0  -4  -4  -1  -1  -3  -4  -3   3   1  -2   2   4  -2  -2  -1   3   2   1    3   6   0   0   1   2   0   0   0  17  13   2   5  23   2   2   3   4   8   8  0.41 0.27
  215 W    -1   0   0   0   2   0   0  -1   2   0  -1   0   1   0  -3   0   0   3   1   0    5   5   5   5   5   5   5   5   5   5   5   5   5   5   0   5   5   5   5   5  0.06 0.10
  216 Q     0   1   1  -1   1   2  -1  -1   1   1  -1   0   1   0  -1  -1  -1   2   0  -1    9   9   7   4   3  10   3   4   3   8   7   4   3   5   3   5   3   3   3   5  0.07 0.08
  217 R     0   5  -3  -3  -3   0  -1  -4  -1  -2  -2   4  -5  -2  -4  -2  -1   0   0  -1    7  32   1   1   1   4   4   1   2   2   4  22   0   2   1   3   4   1   4   5  0.70 0.48
  218 Y    -2   2  -1  -2  -5  -1  -1  -3   3  -1  -2   2  -1   2  -5  -2  -3   4   5  -1    4  11   3   2   0   3   4   2   8   4   4  13   1   8   0   3   1   5  18   5  0.49 0.35
  219 L    -2   1  -1  -1   2  -2   0  -2   0   0   1   1   3   3  -1  -1  -1   3   0   0    3   8   3   3   5   1   5   3   2   4  11  10   7  12   3   4   3   3   3   5  0.14 0.15
  220 D    -2  -1  -2   6  -6  -2   0   1  -5  -3  -2   3  -3  -2  -2  -2  -2   1   0  -4    3   3   2  37   0   1   6   9   0   2   5  14   1   2   2   3   2   2   4   1  0.70 0.47
  221 Q    -2   3  -2  -2  -6   0   1  -2   0  -3  -2   5  -2  -5   0  -1  -2  -1   2  -3    4  15   2   2   0   3   9   3   2   2   5  30   1   0   5   4   3   1   7   2  0.54 0.41
  222 K     0   3   0  -2  -6   0  -1   0   1  -2  -3   5  -5  -4   0  -2  -2  -6  -1  -2    7  15   4   2   0   3   3   8   3   2   3  32   0   1   6   3   3   0   2   3  0.53 0.40
  223 S     0   1   1   1  -2   0   3   0  -1  -2  -2   1  -3  -2   2   0  -1  -1  -2  -3    8   6   6   9   1   4  17   6   2   2   3   8   1   2  11   7   4   1   1   2  0.22 0.22
  224 G     1  -1   0   0  -5   0   0   3   0  -2  -4   1  -1  -5   1  -1   0  -1   0  -2   12   3   4   4   0   4   6  25   2   3   2   8   2   0   7   5   5   1   3   3  0.27 0.25
  225 E    -1   0  -1   1  -4   0   2  -1   1  -1  -1   0  -1  -1   0  -1   1   3   1   0    5   5   3   8   0   4  17   5   4   3   5   6   2   2   4   3   8   4   4   6  0.13 0.16
  226 H    -1   1   1   0  -1   0   1  -3   1   0  -1   1   0  -1   1   0   1   0   0   1    5   7   6   6   1   4   8   2   3   5   5   9   3   2   6   7   7   1   3  10  0.07 0.08
  227 N     1   0   3   1  -5   0   0   0   2  -1  -2  -1   1   0   1  -1   0  -5  -1  -1   11   4  13   8   0   4   5   6   5   3   4   4   3   5   6   5   6   0   2   5  0.14 0.14
  228 E    -1  -1   1   2  -6   1   4  -1   2  -1  -3  -1  -1  -1   0   1  -1  -7  -6  -2    5   4   6   9   0   5  23   5   5   4   3   4   2   3   5  11   4   0   0   4  0.31 0.27
  229 P    -1   0   0   0   2   0   0  -1   2   0  -1   0   2   1   0  -1   0   3   1  -1    5   5   5   5   5   5   5   5   5   5   5   5   5   5   5   5   5   5   5   5  0.08 0.08
  230 V     1  -1   1   0  -3   1   1  -1   0   0   0   0   0  -1  -1   0   0  -3  -1   1   11   3   7   4   0   7   8   4   2   5  11   7   2   3   2   6   6   0   2  10  0.04 0.08
  231 A     0   0   0   1  -3   1   1   0   0  -1  -1   0   0   0   0   0   0   1   0  -1   11   4   5   9   0   6  10   5   3   4   5   5   3   4   5   7   4   3   3   4  0.06 0.08
  232 P    -1   0   0   0  -3   0   0  -1   2   0  -1   0   1   0   0   0   0   3   1   0    5   5   5   5   0   5   5   5   5   5   5   5   5   5   5   5   5   5   5   5  0.06 0.08
  233 S     0   0   1   1  -3   1   1  -1   0  -1  -1   0   0  -1  -1   1   0   2   0   0    8   4   6   7   0   6   9   5   2   4   6   7   3   2   3  10   5   3   3   6  0.05 0.07
  234 D     0   0   0   2  -4   0   2  -1   1   0  -1   0   1  -1  -1  -1   0   1  -3  -1    6   5   4  11   0   4  15   4   3   8   5   7   5   2   3   3   7   2   0   4  0.11 0.15
  235 L     0   0   0   0  -3   1   1  -1   0   0   0   1   0   0  -1   0   0   1  -2   0    8   5   4   3   0   5  12   4   2   7   9  10   3   4   3   6   6   3   0   6  0.05 0.09
  236 I     1   0   0   0  -3   1   1  -1   1   0   0   0   0  -1   0   0   0   1   0   0   11   4   5   7   0   7   8   4   3   5   7   6   2   3   5   5   6   2   3   7  0.04 0.06
  237 T     0   0   0   0  -3   1   1  -1   1  -1  -1   1   0   0   0   0   0   1  -1   0    9   6   4   5   0   7   8   5   3   3   3   9   2   5   5   7   6   2   2   8  0.06 0.08
  238 D     0   0   0   1  -4   0   2  -1  -1  -1  -1   2  -1  -1   0   0   0   2  -2  -1    6   4   5  10   0   4  13   4   2   3   6  14   1   3   4   7   5   3   1   5  0.11 0.14
  239 A     1   1  -1  -1   0   0  -1  -1   0   0   0   1   0  -1   0   0   0   2   0   1   13   8   2   3   2   3   3   5   2   6   7   8   3   3   4   6   5   3   2  13  0.04 0.07
  240 P    -1   0   1  -1  -5  -3   0  -1   1  -1  -2   1   0  -1   5  -1  -1   4   0  -1    5   4   7   4   0   0   7   4   3   3   4   7   3   3  25   4   4   5   3   4  0.37 0.32
  241 G     0   1   0  -1   0   0  -1   0  -2   0  -1   1   0   0   0   0   0   3   1  -1    8   9   5   3   3   4   3   7   0   5   7   9   3   4   5   7   5   5   5   5  0.05 0.08
  242 F    -1   0   0   0   2   0   0  -1   2   0  -1   0   2   1   0  -1   0   3   1  -1    5   5   5   5   5   5   5   5   5   5   5   5   5   5   5   5   5   5   5   5  0.08 0.08
  243 Y     0  -1  -1  -1  -4  -1  -1  -1   1   0  -1  -1   1   2   1  -1  -1   2   4   0    8   4   3   3   0   3   3   5   3   5   6   4   4   8   8   4   3   3  18   6  0.19 0.20
  244 A     2   0  -1  -1   1   0  -1  -1  -3   0   0   0   1   0   1  -1  -2   2   0   0   21   6   3   4   3   4   4   4   0   5   9   6   4   4   6   4   0   3   3   6  0.08 0.14
  245 I    -1  -1  -2   0   1   0  -1  -2   1   1   1   0   1   1   0  -1   0   4   0   0    5   3   0   5   3   4   5   3   3  10  12   5   4   7   4   5   6   7   3   6  0.09 0.11
  246 L     1   0   0  -3   1  -2  -1  -1   1   1   2  -1   1   0   0   0   0  -3  -2   0   11   5   4   0   3   0   4   4   3   9  21   4   4   5   4   7   5   0   0   6  0.09 0.13
  247 P    -1   0  -2  -2  -4  -3  -4  -2  -4   1   1  -1   0   1   5  -3  -1   2  -3   0    5   7   2   2   0   0   0   3   0   9  12   3   2   6  33   0   4   3   0   8  0.59 0.39
  248 F    -1  -2  -4  -5   0  -4  -4  -5  -4   2   2  -1   1   3   2  -2  -2   5   0   2    3   2   0   0   2   0   0   0   0  10  19   5   3  13  10   3   2   9   2  15  0.43 0.31
  249 T     0  -2  -1  -2  -1  -3  -2  -1  -1   2   2  -2   1   1   2  -2   0  -3  -1   2    9   2   3   1   1   0   2   4   1  12  21   2   4   6  10   1   5   0   2  14  0.18 0.18
  250 P    -1  -1  -1  -4  -4  -2  -3  -1  -4   1   2   0   0   1   5  -1  -1  -4  -2   0    6   3   3   0   0   1   0   4   0   8  19   5   2   6  29   4   3   0   1   5  0.46 0.32
  251 I    -1  -1  -3  -3  -2  -1  -3  -1  -2   1   2  -2   2   3   0  -1  -1   2   1   1    4   4   0   0   0   4   0   4   0  10  24   0   6  16   4   4   4   3   4   7  0.18 0.17
  252 I     0  -3  -1  -1   1  -2  -2   0  -3   2   0  -2   1   1   2  -1   0   2  -2   2    7   0   4   4   4   0   0   7   0  18   8   0   5   6  10   4   4   4   0  15  0.14 0.15
  253 G    -1  -2  -1  -2   0  -2  -3   0  -3   1   1  -2   2   2   2  -1  -1   1   0   0    3   2   4   2   2   0   0  10   0   8  18   2   7  13  10   2   3   2   3   7  0.15 0.16
  254 V     0  -4  -1  -2  -3  -3  -4  -2  -4   3   2  -3   2   1  -2  -2  -1  -3  -1   3    6   0   3   2   0   0   0   4   0  18  23   0   5   5   2   3   4   0   2  24  0.33 0.26
  255 L    -1  -2  -1  -4   0  -2  -3  -1  -3   3   2  -3   1   2  -1  -2  -1  -3   0   2    5   2   4   0   1   1   0   5   0  18  28   0   3   8   3   2   2   0   3  14  0.25 0.21
  256 L     0  -3  -2  -3   0  -4  -3  -1  -5   4   2  -4   0   1  -1  -2  -1  -5  -2   3    9   2   2   1   2   0   2   6   0  25  16   0   2   6   3   3   4   0   1  17  0.39 0.29
  257 F    -1  -5  -4  -5   0  -1  -5   1  -4   0   1  -5   1   5  -2   0  -1  -4   0   1    5   0   0   0   2   2   0  13   0   6  14   0   4  28   2   9   3   0   2   9  0.53 0.37
  258 D     1  -2   1   0  -1  -1  -2   2  -1  -2   0  -2   0  -2  -2   3   0  -4  -2   0   10   1   8   4   1   2   1  15   2   2  10   1   2   2   2  23   5   0   1   7  0.21 0.23
  259 G     0  -2  -1  -2  -1   0  -1   3  -3   0   0   0   0   0   1  -1  -1   0   1   0    9   2   2   2   1   5   4  21   0   6  10   6   2   5   7   2   4   1   5   5  0.11 0.14
  260 K    -1  -2  -1  -2  -3  -1  -1   0   0   2   2  -1   1   2  -1  -2  -1   0   0   1    4   1   2   2   0   3   3   7   2  14  20   3   3   9   4   2   4   1   4  12  0.14 0.15
  261 L     0  -3  -3  -3  -1  -3  -2  -2  -4   1   1  -2   3   2   0  -1   1   3   1   2    6   1   1   1   1   0   2   3   0   8  15   3   8   9   5   4   9   4   5  13  0.22 0.21
  262 G     0   0   0   0   2   0   0  -1   2   0  -1   0  -2   0   0   0   0   3   1  -1    5   5   5   5   5   5   5   5   5   5   5   5   0   5   5   5   5   5   5   5  0.06 0.08
  263 P     0  -1   0   0  -3   0   0   0  -2   1   0   0   0   0   1   0   0   2   0   0    6   3   4   5   0   4   4   7   0  12   8   4   3   6   7   6   7   3   3   7  0.04 0.07
  264 K     0  -1   0  -1  -1   1   1   0  -1   1  -1   2  -1   0  -1   0   0  -3  -1   0    6   2   4   3   1   5   9   6   1   9   5  19   1   5   2   5   7   0   2   7  0.08 0.13
  265 L    -1  -4  -4  -3   0  -2  -2  -1  -4   3   2  -4   4   2   0  -1  -1  -4  -2   1    6   0   0   1   2   1   3   5   0  15  21   0  13   9   4   4   3   0   1  10  0.34 0.28
  266 D    -1  -1   2   2  -1  -1   0   2   0  -3  -2   0  -1  -4   2   1   1  -4  -2  -2    4   2   9  12   2   2   4  16   3   1   3   6   2   0  10  12   9   0   1   3  0.23 0.21
  267 I     1  -3  -2  -3  -3  -2  -2  -1  -4   3   0  -1   1  -1   2  -1   0   0  -2   3   11   0   1   1   0   1   2   5   0  17   9   3   4   2   9   4   6   2   1  22  0.23 0.22
  268 V     0  -3  -1  -3  -1  -2  -2   0  -3   1   0  -1   0   1   1   0   1  -3   0   2    7   0   2   0   1   1   2   9   0   9   9   4   2   7   8   7  11   0   4  17  0.13 0.16
  269 T     1  -2  -1  -1   0  -1   1  -1   0   0  -1  -1   0  -2   1   0   2   0   0   1   14   1   3   2   2   2  11   3   2   4   6   3   3   1   7   6  13   1   3  12  0.09 0.15
  270 I     4  -4  -1  -3   0  -2  -4   0  -4   1  -1  -2   0  -2   0   0  -1   2  -4   1   42   0   2   1   2   1   0   7   0  10   4   2   2   1   4   7   4   2   0   9  0.43 0.37
  271 I     0  -2  -1  -4  -1  -1  -2   0  -3   1   2  -3   4   0  -1   0   0   0  -1   2    8   1   4   0   1   2   2   7   0   8  18   0  14   3   2   6   5   1   2  14  0.20 0.22
  272 V     0  -2  -1  -3  -2  -2  -1  -1   0   1   1  -1   2   2   0   0  -1   1   0   1    9   2   2   0   0   0   3   5   3   8  18   3   6   9   4   8   3   2   3  13  0.09 0.12
  273 I     0  -3  -3  -3   1  -1  -2   0   0   2   1  -2   1   1   0   0   0   1   0   2    6   0   0   0   4   2   2   7   2  17  11   0   5   5   5   7   5   2   3  15  0.11 0.14
  274 C     2  -1  -2  -3   4  -2  -1   2   0  -1  -1  -2   0  -1   0   2   0  -4  -3   0   18   3   0   0  11   0   3  14   3   3   5   0   3   3   5  20   4   0   0   5  0.25 0.25
  275 L     0  -3  -3  -4   1  -1  -3  -2   0   2   1  -1   4   2  -4  -1   1   3  -2   2    7   0   0   0   4   2   0   3   3  11  11   3  16   8   0   4  10   4   0  14  0.25 0.24
  276 V     1  -3  -3  -4   0  -3  -2  -1  -3   2   2  -3   2   2  -1  -1   0  -3   0   3   11   0   0   0   2   0   2   5   0  14  17   0   6   9   3   2   4   0   2  23  0.24 0.20
  277 L     0  -2  -3  -4   0  -3  -3  -1  -3   3   2  -3   1   2  -4  -1  -1  -2   2   2    7   2   0   0   2   0   0   5   0  18  20   0   4   8   0   3   4   0  10  16  0.26 0.20
  278 A     2  -3  -2  -3   1  -2  -3   2  -3   0   0  -2   0  -2  -1   1   1  -3  -1   1   25   0   1   0   4   0   0  15   0   5   9   2   3   1   2   8  11   0   2  11  0.21 0.21
  279 A     1  -2  -3  -4  -3  -3  -3  -1  -3   2   2  -2   3   2  -1  -1  -1   0   0   2   11   2   0   0   0   0   0   4   0  13  20   1   9  11   2   4   4   1   2  14  0.24 0.20
  280 L     0  -3  -3  -2   1  -3  -3  -2   0   3   1  -2   1   2  -1  -1  -1  -3   1   2    7   0   0   2   3   0   0   3   3  24  14   3   3   8   2   4   3   0   4  15  0.26 0.23
  281 L     0  -1  -3  -4   3  -3  -3  -2  -3   2   1  -3   1   2  -4  -1   1   2   2   2    7   3   0   0   6   0   0   3   0  13  14   0   3  10   0   5   8   3   6  17  0.26 0.22
  282 E     0   0   0   0   0   0   2   0   0   0  -1   0   0   0  -2   1   0   1   0   0    9   6   3   5   2   2  15   7   2   5   5   3   3   6   0  11   4   2   3   6  0.05 0.08
  283 L     0   0  -2  -2   2  -1   0   0  -2   0   0   0   1   1  -3   0   0   4   1   0    7   7   0   0   6   0   7   7   0   7   7   7   6   6   0   7   7   6   6   7  0.09 0.13
  284 L     0  -2  -3  -3   1  -3  -3  -2  -4   4   1  -3   0   2  -2  -1  -1  -3   0   2    8   3   1   1   4   0   1   3   0  25  16   1   2  10   2   5   3   0   2  12  0.32 0.25
  285 R    -1   5  -1  -2   0  -2  -3  -2   0   1   0   0   0  -1  -2  -1   0   0   0   1    5  30   3   2   2   0   1   3   2   7   9   3   2   2   2   5   6   1   3  12  0.31 0.28
  286 K     0   1  -1  -2  -1   0  -1  -1   1  -1   0   1  -2   0   0   0   1   3   2  -1    7   9   2   2   1   3   2   6   5   3   8  11   0   3   5   6  10   4   9   4  0.10 0.14
  287 R    -2   5  -1  -1  -4  -1  -1  -1   0  -3  -1   3   0   1  -3  -1  -1  -1  -1  -2    2  30   2   3   0   2   2   4   3   1   7  20   2   7   1   3   3   1   2   2  0.49 0.35
  288 N    -2  -2   4   3  -2   0   0   0  -1  -2  -3   1  -2  -2  -2   1   1  -4  -1  -1    2   1  21  14   1   3   7   6   1   2   1   8   1   2   2  12  10   0   2   4  0.33 0.29
  289 G     0   0  -1  -3  -3  -1  -2  -1  -2   1   1   0   0   2   1  -1   0   2   1   0    6   5   3   0   0   2   1   4   0  11  18   6   2  10   7   5   4   3   5   8  0.11 0.13
  290 K    -1   2   0  -1  -4   1   0  -2  -1  -2  -2   4   0  -1   1   0  -1   0  -1  -1    4  12   5   3   0   6   4   3   1   2   4  28   3   3   8   5   3   1   2   4  0.28 0.26
  291 E    -1   1   1   0  -3   1   2  -1   0  -3  -1   3  -1  -1   0  -1   0  -3   0  -2    5   7   7   5   0   7  13   5   2   1   5  19   1   2   5   4   5   0   3   3  0.19 0.19
  292 L     1  -1   0  -1   1  -1  -2  -1  -2   1   0  -1   0   0   0   1   1  -3   0   2   11   2   4   2   3   2   1   3   0  11   8   4   2   5   4  10   8   0   3  17  0.08 0.13
  293 L     0  -1  -2  -3   0  -1  -2  -1  -3   1   2  -1   2   3  -1  -1  -1   2   0   0    8   3   2   0   2   3   3   5   0   7  20   5   8  13   3   5   3   3   2   7  0.12 0.15
  294 D     0   0   1   3  -4   2   1  -1  -3  -2  -3   3  -1  -2  -1   0  -1  -4  -1  -1    6   3   7  18   0   8  10   4   0   2   2  18   2   2   2   8   3   0   2   4  0.27 0.26
  295 G     0   0   1   2   0   1   1   1   0   0  -1   0   0  -1  -3   0  -1  -3  -1   0    6   5   6  15   2   6   7  12   2   6   5   3   2   3   0   9   3   0   2   6  0.09 0.12
  296 L    -1  -2  -2  -4   0  -1  -4  -3   0   2   3  -2   2   1  -2  -1   1   2   0   1    6   2   2   0   2   3   0   2   2  10  28   2   6   7   2   5   9   3   2   8  0.24 0.22
  297 Q    -1   1   0   0  -1   1   0  -1  -1  -1  -1   2   1   0  -1   1   0   2   0   0    5   6   4   4   1   6   7   5   1   3   3  16   4   4   3  10   4   4   3   8  0.09 0.14
  298 V     1   0  -1   0   0   0   2  -1   1   0  -1   0  -2  -1  -1   1   0  -3   0   1   11   4   2   4   2   4  14   4   4   4   3   6   0   3   2  11   4   0   3  16  0.09 0.15
  299 C     0  -2  -4  -2   2  -2  -4  -2  -4   2   1  -2   1   5  -2  -2  -1   1   0   0    9   3   0   3   5   2   0   3   0  12  10   2   3  28   2   2   4   2   2   7  0.38 0.30
  300 W    -1  -2  -4  -5   1  -4  -2  -3  -4   1   1  -1   2   5  -5  -1  -1   4   2   0    6   3   0   0   3   0   2   2   0   7  15   4   4  28   0   6   3   6   5   5  0.48 0.34
  301 R     0   0   0   0  -3   1   0   0   1   0  -1   0   1   0   1   0   0   3  -1   0    6   6   5   6   0   5   6   6   5   6   6   6   5   5   6   6   6   5   0   6  0.06 0.09
  302 S     0   1   0   1  -4  -1   0   4   0  -3  -3   0   0  -4  -4   0  -2   0  -1  -4    5   9   5   7   0   2   6  38   2   2   3   5   2   0   0   7   2   2   2   0  0.44 0.32
  303 M     1  -1  -2  -1   1  -2  -2   0   1   1   0  -2   3   2   0   1   0  -2   0   0   13   4   0   3   3   0   0   6   3   8   5   0  14  11   4  11   7   0   3   4  0.11 0.19
  304 A     1  -2  -2  -2   1   0  -1   3  -2   0  -1   0   0   0   0   0   0  -3   0   0   15   0   0   0   4   4   4  23   0   5   5   7   4   4   4   8   4   0   3   6  0.14 0.15
  305 D    -1   0   1   1  -3   1   0  -2   0  -1  -2   1  -1   1  -1   1   1   2   0  -1    3   4   8  10   0   6   4   2   3   3   3  11   2   7   2  11  10   3   4   3  0.11 0.14
  306 A     0  -2   0   0   2   1   0   0  -1   0   0   0   1   1  -2   0   0  -2   1   0    6   0   6   6   6   6   6   6   0   6   6   6   6   6   0   6   6   0   6   6  0.04 0.09
  307 F    -1  -4  -2  -5   0  -4  -4  -3  -3   0   0  -4   2   6  -4   0   0   2   3   1    6   0   2   0   2   0   0   2   0   5   7   0   6  32   0   8   6   3  10  10  0.63 0.37
  308 A     3  -2  -2  -2   1  -1  -1   2  -3   0  -2   0   1  -1  -1   1   1  -4  -3  -1   25   2   1   2   3   1   2  19   0   5   3   7   4   2   2   8   9   0   0   4  0.23 0.21
  309 G     0   0   3   0   1  -1  -1   0   0   0  -1  -1   2  -1  -1   1   1   0  -1   0    6   4  16   4   4   2   3   6   2   6   4   1   7   2   3  11   8   1   2   7  0.09 0.13
  310 V     0   0  -1  -2  -2  -2  -1  -3  -2   2   0  -2   2   1   0  -1   0  -2   0   2    6   8   4   0   0   0   4   1   0  15   6   0   6   5   4   5   6   0   4  25  0.13 0.14
  311 V     0   1  -2  -2  -2   1  -1   0  -1   1   0  -1   2   1  -2   0   1  -2   2   0    8   8   0   0   0   8   0   8   0   8   8   0   8   8   0   8   8   0   8   8  0.06 0.10
  312 M     0  -2  -2  -3   0  -2  -2   0  -2   1   1  -2   2   1   0   0   0   2   0   1    9   2   0   0   2   0   0   8   0  13  12   0   7   8   5  10   7   3   2  10  0.09 0.10
  313 L    -2  -3  -4  -4  -2  -2  -3  -4  -4   4   3  -3   3   0  -1  -2   0  -3  -2   2    0   0   0   0   0   2   0   0   0  27  37   0   8   3   3   3   5   0   0  12  0.48 0.26
  314 L    -1  -3  -2  -3   2  -3  -3  -2  -3   4   2  -3   2   1  -3  -1   0  -3  -2   2    4   0   3   0   6   0   0   2   0  31  17   0   7   7   0   3   5   0   0  13  0.31 0.19
  315 V     1  -3  -2  -3   0  -2  -3   1  -3   2   0  -2   1   0   1   0   0   1  -1   2   13   0   0   0   2   0   0  12   0  20   7   0   4   3   7   6   4   2   2  16  0.16 0.14
  316 G     3  -3   0  -3   3  -2  -2   1  -3   0  -1  -2   1   1  -3   0   1  -3  -2   0   35   0   5   0   8   0   0  10   0   5   3   0   5   8   0   7   7   0   0   8  0.24 0.21
  317 A     5  -3  -3  -4  -3  -1  -3   2  -3  -1  -3  -3   0  -1  -3   0   0  -4  -1   0   58   0   0   0   0   2   0  16   0   4   0   0   2   3   0   4   4   0   2   6  0.66 0.40
  318 G     1  -1   1   0  -3   1   1   2  -2  -2  -1   0  -1   0  -2   1   0   0  -2  -1   17   1   8   5   0   6   8  20   0   2   6   4   1   4   0   8   6   1   0   2  0.14 0.12
  319 V    -1  -4  -4  -4   2  -3  -2  -2   1   3   1  -4   3   2  -1  -2   0  -3   0   2    5   0   0   0   4   0   3   4   3  20   9   0   9  10   3   2   7   0   2  18  0.32 0.25
  320 F    -2  -6  -6  -6   0  -5  -6  -2  -4   0   2  -6   1   7  -6  -1  -2  -3   3  -1    4   0   0   0   2   0   0   4   0   6  15   0   3  48   0   4   2   0   7   4  1.08 0.52
  321 A     2   0  -3  -3   0  -1  -1   1  -3   0  -1   0  -2   0  -1   1   0  -4  -1   1   24   5   0   0   2   2   2  12   0   5   4   4   0   5   2  14   4   0   2  11  0.18 0.20
  322 Q     1   0  -1  -1  -3   1   0   1  -1  -1  -1   2   0   0   0  -1  -1   5   0   0   11   4   3   2   0   6   5  10   2   4   4  14   2   5   4   2   2   8   3   8  0.13 0.14
  323 G     1  -4  -3  -2  -1  -2  -3   4  -1   1  -1  -3   1   0  -4   0  -1  -4  -1   1   14   0   0   2   2   2   0  35   2   9   6   0   5   4   0   6   2   0   2  11  0.37 0.28
  324 L    -1  -3  -1  -1   1  -2  -1  -1  -3   2   3  -1   3   0  -3  -1   0  -3  -2   1    4   0   4   4   4   0   4   4   0  10  31   4   8   5   0   5   4   0   0   9  0.20 0.20
  325 M     0   0   2   0  -3   0   0   1  -2  -1  -1   1   0  -1   0   1   1  -3   0  -1    4   4  12   3   0   5   3  10   0   4   7  10   3   3   3  10  11   0   3   3  0.08 0.11
  326 G     2   0   0  -1  -2   1  -1   1  -1   0  -1   0   0  -2  -3   1   1  -1   0  -1   19   3   3   2   1   6   4  10   1   6   7   7   3   1   0  11  10   1   3   3  0.10 0.14
  327 L     0  -3  -1  -2  -1  -2   0  -3  -1   2   1  -3   2   0  -1   1   2  -3  -1   1    7   0   2   2   1   1   8   1   2  15  17   0   5   4   3   9  14   0   1   7  0.16 0.19
  328 G    -2   1   0  -3  -5   1  -2   6  -1  -6  -5  -2  -5  -6  -5   0  -1  -6  -5  -6    2   8   4   1   0   7   2  61   1   0   1   2   0   0   0   7   3   0   0   0  1.18 0.61
  329 F     1  -4  -4  -4  -1  -4  -3   1  -4   2   2  -4   2   3  -4  -2  -1  -3   0   2   11   0   0   0   1   0   2  11   0  15  22   0   4  11   0   1   3   0   3  14  0.35 0.26
  330 I    -1  -3  -4  -2  -4  -4  -3  -1  -4   4   1  -4   2  -1   3  -1   0  -4  -4   1    5   1   0   3   0   0   2   6   0  32  11   0   5   2  13   5   4   0   0  10  0.43 0.32
  331 A     0   0   2   4  -4   2   2  -1   0  -3  -2   0  -1   0  -2  -1   0  -4  -3  -2    6   5   9  22   0  10  11   5   2   1   3   5   2   4   1   4   6   0   0   3  0.27 0.23
  332 N     1  -1  -1   0  -2   0  -1   0  -1   0   0  -1   1   0  -2   1   1   0   0   0   18   2   2   5   0   4   4   7   2   7  11   3   5   3   0   9   8   1   3   4  0.06 0.10
  333 L    -1  -3  -5  -6  -4  -4  -3  -4  -5   3   4  -5   4   1  -5  -3  -2  -4  -3   1    4   1   0   0   0   0   2   2   0  19  45   0   9   5   0   2   1   0   0   9  0.79 0.45
  334 L     1  -2  -2  -3  -3  -1  -2  -1   0   3   0  -2   0   0  -3   0   1  -4  -1   2   12   1   1   0   0   2   3   4   3  25   7   2   2   4   0   9   8   0   2  14  0.22 0.22
  335 D     0  -1   3   2  -4   1   2   0   0  -3  -3   0  -1  -4  -1   1   0  -4  -1  -3    6   3  15  14   0   5  15   8   3   1   1   5   2   0   3  12   4   0   2   2  0.29 0.23
  336 L     1  -3  -2  -3  -3  -2  -2   1  -1   1   1  -2   2   2  -2   0   0   4   0   0   13   0   1   0   0   1   2  10   2  11  17   1   5  10   2   8   5   6   2   4  0.19 0.19
  337 A     2  -4  -5  -5  -1  -4  -5  -2  -5   3   3  -4   4   0  -5  -1  -2  -4  -3   3   17   0   0   0   1   0   0   2   0  15  25   0  10   3   0   4   2   0   0  19  0.55 0.36
  338 Q     1  -1   0  -2  -3   2   0  -1  -2  -1   0   2   1  -3  -1   1   1  -4  -2   0   12   2   3   1   0  11   4   5   1   3   9  14   4   0   2  12   9   0   1   6  0.15 0.18
  339 S     1  -2   2   0  -3   0   0   1   2  -2  -3   0  -1  -4  -1   3   0  -4  -1  -1   11   2  12   4   0   3   5  13   6   2   1   4   1   0   3  23   4   0   3   3  0.25 0.23
  340 F     1  -2  -1  -1  -2  -2  -2  -1   0   2   2  -2   1   2  -2   0  -1  -2   1   1   13   1   4   3   0   2   1   3   2  13  18   2   4  10   1   7   2   0   4   9  0.13 0.14
  341 G     0  -2   0  -1  -3  -1  -1   4   0   1  -1  -2  -1  -2   0   1   1  -4  -3  -1    8   2   3   3   0   3   3  30   2   9   4   2   1   1   5  11   7   0   0   4  0.25 0.20
  342 T     0  -2   0   0  -3  -2   0   1   2   0   0  -1   0   1   3   1   0  -1  -2  -1    5   1   4   6   0   0   5  11   5   5  11   2   3   9  14  11   5   1   0   3  0.14 0.14
  343 G     1  -3   3  -1  -4  -1  -3   3   0  -3  -2  -3  -2  -4  -1   2  -1   0  -2  -1   14   1  17   3   0   3   0  23   2   1   4   0   1   0   3  18   3   1   2   4  0.40 0.31
  344 G     1   0   2  -2  -4   0  -2   2  -1  -3  -2   0  -1  -1   3   1  -1  -4  -1  -2   11   5  10   1   0   4   1  17   1   1   3   5   2   2  14  13   4   0   3   2  0.26 0.22
  345 I     0  -1  -1  -1  -2   0   0   0   0   1   0  -1   1   1  -2   0   0   2   1   1   10   3   1   3   0   4   5   6   2  12   9   2   5   6   1   5   5   3   5  12  0.03 0.06
  346 V     0  -2  -2  -3  -3  -2  -3   1  -2   3   2  -2   1   1  -2  -1   0   1  -1   2    7   1   1   1   0   1   1  13   1  20  19   1   3   5   1   3   4   2   1  13  0.19 0.17
  347 I     1  -2  -2  -4  -3  -2  -3  -2  -3   2   1  -2   4   2  -1  -1   0  -3   0   2   14   2   2   0   0   1   0   3   0  11  15   1  16   9   3   3   5   0   2  13  0.23 0.21
  348 M     0   0  -2  -3  -3  -1  -2  -1  -1   1   1   0   3   1   0  -1   1   1   1   1    8   5   1   0   0   1   1   3   1   8  13   5  14   6   4   4  10   2   5   8  0.11 0.14
  349 L     0  -4  -3  -4  -3  -3  -4  -3  -4   3   3  -4   1   1   0  -2  -1   2  -1   2    8   0   1   0   0   0   0   2   0  20  36   0   3   6   5   2   2   3   1  11  0.41 0.26
  350 V     1  -4  -4  -4   1  -3  -4   0  -2   3   2  -3   1   0  -2  -2  -1   0  -1   3   13   0   0   0   3   0   0   7   1  20  17   0   3   4   2   2   2   2   1  22  0.30 0.22
  351 L     1  -3  -3  -4  -1  -3  -4   0  -4   2   2  -3   4   3  -4  -1   0  -3  -2   1   12   0   0   0   1   0   0   7   0  14  21   0  13  14   0   6   5   0   0   8  0.32 0.24
  352 V     1  -2   1  -2   1   0  -2  -1  -3   1  -1  -2   1   0  -2   1   2  -3  -2   2   13   0   8   1   3   4   1   4   0   8   5   0   4   4   1  13  13   0   1  18  0.14 0.16
  353 V     0  -3  -2  -4  -3  -3  -3   1  -3   2   2  -3   1   2  -3  -1  -1  -3   0   1   10   0   2   0   0   0   0  12   0  16  27   0   2  10   0   4   3   0   2  11  0.26 0.20
  354 I     0  -4  -4  -4   0  -3  -4   1  -4   3   2  -3   1   1  -4  -2  -1  -3  -2   2    8   0   0   0   2   0   0  14   0  24  23   0   3   7   0   2   2   0   0  14  0.37 0.25
  355 T     0  -3  -3  -4   0  -2  -2  -2  -4   2   2  -3   0   0   3  -2   1  -3  -1   2    7   0   0   0   2   1   1   3   0  16  19   0   2   4  19   2  11   0   1  13  0.34 0.23
  356 T     0  -4  -4  -4  -1  -3  -4   1  -3   0   2  -3   2   4  -4  -1  -1   4   1   0    9   0   0   0   1   0   0  11   0   5  20   0   7  23   0   4   4   5   5   5  0.38 0.26
  357 L     0  -2   1  -2   3  -2  -2   0  -2   1   0  -2   2   1   1   0   1  -2  -1   0    8   0   8   0   8   0   0   8   0   8   8   0   8   8   8   8   8   0   0   8  0.10 0.11
  358 A     1  -3  -3  -3   1  -3  -3   0  -3   2   1  -3   2   1   0   0   0  -3  -2   2   10   0   0   0   4   0   0   6   0  14  15   0   8   6   4   7   7   0   0  18  0.18 0.16
  359 A     3  -3  -1  -1   1  -2  -2   2   0  -1  -2  -2   0  -1   0   1   1  -3  -2   0   30   0   3   2   3   0   0  16   2   4   3   0   2   3   4  14   7   0   0   5  0.22 0.19
  360 F     0  -4  -4  -4   0  -3  -4   2  -4   2   2  -3   4   1  -4  -2  -1  -1  -2   2    6   0   0   0   2   1   0  17   0  15  17   0  15   7   0   2   4   1   0  12  0.36 0.27
  361 T    -1  -4  -4  -4   3  -3  -4  -3  -4   3   2  -4   2   3  -3  -1   0  -3   0   2    5   0   0   0   7   0   0   2   0  16  25   0   5  13   1   3   7   0   2  13  0.37 0.25
  362 T    -1  -1  -3  -1   2  -2  -2  -1  -3   1   1  -3   5   1  -2   1   2  -3  -1   0    2   4   0   3   4   1   1   5   0   7  15   0  17   6   2  11  14   0   2   5  0.23 0.25
  363 G     0  -3  -1   0  -3  -2  -1   4  -3  -1   0  -3  -1   0  -3  -1  -2  -3   0   0    7   1   2   7   0   2   5  40   0   4  10   1   2   4   1   3   1   0   4   9  0.38 0.26
  364 S    -1  -1   0   2  -4   1   0   0  -1  -2  -2  -2  -1   0   0   4   1  -5  -3  -1    4   4   3  13   0   5   5   6   2   2   2   0   2   4   5  34   8   0   0   4  0.31 0.31
  365 G     1  -4   0  -1   0  -3  -3   5  -4  -1  -2  -3  -2  -1   2   0  -1   1  -4  -1   13   0   5   4   2   0   0  42   0   4   3   0   1   3   9   5   2   2   0   4  0.55 0.35
  366 N    -1  -2   3   1  -1  -2  -1  -2   0   0  -1  -1   0   0  -1   0   2   0   0   0    3   0  18   9   1   0   2   2   2   8   5   4   3   4   3   7  16   2   4   8  0.15 0.20
  367 A     4  -1  -3  -2   1  -1  -2   0  -4  -1  -1  -3   0  -2   2   1   0  -5  -4   0   39   3   0   2   2   3   2   8   0   3   5   0   2   2   8  11   4   0   0   6  0.35 0.32
  368 P     3  -1  -1  -3  -3  -1  -3   0  -3   0  -1  -1   1  -1   3   1   0   1  -3   0   27   3   3   0   0   3   0   5   0   7   4   2   4   3  13  10   6   2   0   6  0.24 0.24
  369 F    -1  -4  -2  -4   0  -2  -4  -1  -3   2   1  -4   3   4  -4  -1   0   2   2   1    5   0   2   0   2   2   0   6   0  11  11   0   8  24   0   4   7   3   7   8  0.38 0.29
  370 Y    -1  -2   0  -4  -1  -1  -3  -3   0   2   1  -3   2   3   0   0   0   1   3   1    3   1   5   0   1   2   0   1   2  12  10   0   7  13   5   7   5   1  11  13  0.21 0.21
  371 A     3  -4  -3  -4  -3  -3  -3   1  -4   3   0  -3   1  -1   0   1   0  -4  -3   1   25   0   0   0   0   0   0  11   0  18  10   0   3   3   5  10   6   0   0   9  0.31 0.28
  372 F    -2  -5  -5  -5  -1  -5  -5  -5  -4   1   3  -5   2   6  -5  -3   0  -3  -1   1    2   0   0   0   1   0   0   0   0   6  26   0   5  42   0   2   5   0   0   9  0.95 0.45
  373 V     1  -3   2  -2   0  -2  -3   3  -3   0  -1  -2   0  -1  -1   1   0  -3   0   1   16   0  11   2   2   0   0  21   0   5   6   0   2   2   3   8   5   0   4  12  0.19 0.19
  374 E     0  -3   0  -1  -5   1   1  -1  -4  -3  -3  -1  -4  -2   6   1   0  -5  -4  -3    8   1   5   2   0   6   9   5   0   1   2   3   0   2  42  10   5   0   0   1  0.83 0.41
  375 L     0   1  -2  -3  -2  -2  -2   1  -2   1   1  -1   2   1  -3   0   1  -2  -1   1   10  10   0   0   0   0   0  10   0  10  10   0  10  10   0  10  10   0   0  10  0.09 0.10
  376 I     2  -4  -4  -5   1  -4  -4  -2  -4   2   2  -4   2   2  -4  -1  -1  -4   0   3   18   0   0   0   3   0   0   2   0  14  17   0   5   9   0   6   3   0   3  22  0.39 0.27
  377 P     0  -1  -3  -3  -4  -2  -1  -1   0   0  -1  -1   0  -2   4   0   2   0   0  -1    8   4   0   0   0   1   3   4   3   5   7   3   2   2  25   7  17   1   3   4  0.37 0.26
  378 H     1  -2   0   0  -4  -1   1   0   0  -2  -2  -1  -1  -4   5   0   0  -5  -4  -2   14   2   5   5   0   2   8   6   2   2   4   4   2   0  32   6   5   0   0   2  0.52 0.29
  379 L    -1  -2  -2  -4  -3  -1  -3  -4   3   3   2  -3   2   1   0  -2  -1   3   0   2    3   1   1   0   0   3   1   0   8  23  16   0   5   6   4   2   2   4   2  17  0.36 0.25
  380 A     5  -4  -4  -5   0  -2  -4   0  -1  -1  -2  -2   0  -3   0   1  -1  -5  -2  -1   58   0   0   0   2   2   0   5   1   3   4   2   2   1   4   8   2   0   1   4  0.76 0.49
  381 T     2  -1   0   0  -3   1   1  -1   1   0  -1   1  -1  -2   0   0   1  -4  -2  -1   24   2   3   5   0   5   9   3   4   7   4   9   1   1   3   6   9   0   1   4  0.13 0.16
  382 S     2  -1  -1   0  -3   2   0   1   1  -2  -2   1  -1  -3  -1   1   0  -4  -2  -1   22   1   2   4   0  10   5   9   3   2   3  11   2   1   2  12   5   0   1   6  0.17 0.19
  383 L     0  -4  -2   0  -2  -3  -2  -2  -1   1   2  -2   2   4  -4   0  -1  -3   1   0    8   0   1   5   1   0   1   3   2   6  23   1   6  21   0   7   3   0   5   6  0.29 0.24
  384 G    -2  -1   1  -2  -6  -2  -5   6   3  -6  -4  -2  -1  -6  -3  -2  -2  -6  -5  -6    1   3   6   2   0   2   0  67   7   0   2   2   2   0   1   3   2   0   0   0  1.34 0.63
  385 V    -1  -4  -1  -4  -3  -2  -3  -1  -2   4   2  -4   3   0  -2  -2  -2   0   1   3    5   0   3   0   0   1   1   5   1  23  15   0   7   4   1   3   1   1   5  23  0.40 0.29
  386 N     0  -2   4   4  -5   0   1  -1   0  -5  -4  -1  -2  -4   1   1   0  -6  -4  -4    7   2  18  26   0   4  10   3   3   0   1   2   1   1   7  10   4   0   0   1  0.54 0.36
  387 P     2  -3  -3  -3  -4  -2  -3  -1  -1   1  -1  -2   1  -2   5   0   0  -5  -3   0   15   1   1   1   0   1   1   5   1   8   6   2   3   2  35   6   5   0   1   8  0.62 0.38
  388 A     1  -3  -2  -2  -3  -2  -1  -3  -4   2   1  -3   1  -2   1  -1  -1   2   0   3   13   1   1   2   0   1   5   2   0  15  10   1   4   1   6   4   3   3   3  26  0.26 0.24
  389 Y     1  -1   1   1  -3   2  -1  -2   3  -1  -1  -1   1  -1  -2   0   1   3   1   0   12   3   7   7   0  10   1   2  10   4   3   3   5   2   1   6   8   5   6   7  0.16 0.18
  390 L    -1  -5  -6  -6  -4  -5  -5  -3  -5   1   4  -5   6   3  -6  -4   0   0  -1   1    5   0   0   0   0   0   0   2   0   8  37   0  19  14   0   0   5   1   1   7  0.86 0.46
  391 V     3  -4  -4  -5   0  -4  -4   4   0   0   1  -4   2  -1  -4  -2  -1  -5  -4   0   22   0   0   0   2   0   0  33   3   6  14   0   6   2   0   2   4   0   0   5  0.55 0.37
  392 I     1  -1  -3  -4   0  -2  -4  -2  -2   2   2  -3   2   0  -3   0   1  -4  -2   2   13   3   0   0   2   2   0   2   1  13  23   0   6   3   1   9   8   0   1  15  0.27 0.23
  393 P     1  -5  -5  -5  -4  -4  -4  -1  -5   2   1  -4   3   1   5  -1  -2  -5  -2   1   10   0   0   0   0   0   0   4   0  13  14   0   8   7  29   5   1   0   1   9  0.64 0.39
  394 M     1  -5  -5  -6  -1  -4  -5   1  -5   2   1  -5   7   0  -5  -3  -1  -5  -2   1   14   0   0   0   1   0   0  10   0  10  13   0  34   3   0   1   3   0   1  10  0.85 0.49
  395 L     0  -2  -2  -2   1   5   0  -3   1   0   1  -2   0   0  -4   0   0   2  -2   0    8   1   2   1   3  29   4   1   3   6  12   0   2   5   0   5   5   3   1   8  0.33 0.31
  396 Q    -1  -4  -2  -5  -1  -1  -3  -4  -1   4   3  -4   2   2  -5  -3  -1  -4   0   2    4   0   2   0   1   4   1   1   2  24  26   0   5   9   0   1   4   0   4  13  0.45 0.29
  397 A     3  -4   2  -2   0  -3  -3   2  -4   0  -3  -3   1  -1  -3   2   1  -5  -3   0   29   0  10   1   2   0   0  15   0   7   1   0   3   3   1  14   8   0   1   6  0.38 0.32
  398 S     3  -3  -2  -4   1  -3  -3   2  -4  -2   1  -3   2  -3  -3   3   0  -1  -4  -2   26   1   1   0   3   0   1  16   0   1  13   1   5   1   1  24   6   1   0   2  0.44 0.35
  399 N     2  -3   2  -3   2   1  -2   3  -1   0  -2  -3   0  -4  -4   1   1  -4  -2  -1   16   0  12   0   4   6   2  23   2   7   2   0   2   0   0  11   7   0   1   3  0.31 0.27
  400 L    -1  -5  -4  -6  -1  -4  -5  -3  -5   4   3  -5   3   2  -5  -4  -1   4  -2   1    4   0   1   0   1   0   0   2   0  23  33   0   9   9   0   1   4   6   1   7  0.71 0.38
  401 G     1  -3  -4  -5  -1  -1  -5   6  -5  -3  -3  -4   0  -2  -5   0  -1  -5  -5   0   13   1   0   0   2   3   0  57   0   2   2   0   3   2   0   7   3   0   0   7  0.99 0.51
  402 R    -1   6  -2  -3  -1   1  -3   1  -4  -3  -1  -1   0  -1  -4  -1  -2  -5  -2  -1    4  49   2   1   1   5   0  12   0   1   6   0   3   3   1   5   3   0   1   4  0.76 0.46
  403 T     1  -3   0  -3   1  -1  -3   1  -2   1   0  -3  -1   1  -1   1   3  -4  -2   0   14   0   3   0   3   3   1   9   1  10   7   0   1   6   2  14  19   0   1   7  0.19 0.21
  404 I     0  -4  -2  -5   1  -4  -4  -1  -4   2   1  -4   5   0  -4  -1   3  -4  -3   1    8   0   1   0   3   0   0   6   0   9  15   0  19   4   0   4  21   0   0  11  0.49 0.35
  405 S    -3  -5  -2  -2   1  -4  -4  -5  -5  -4  -3  -4  -5  -6   4   6   1  -7  -2  -3    1   0   1   2   3   0   0   0   0   1   3   0   0   0  21  59   7   0   1   2  1.28 0.70
  406 P    -5  -7  -7  -6  -7  -6  -6  -3  -2  -3  -1  -6  -6  -8   9  -6  -6  -8  -7  -4    0   0   0   0   0   0   0   2   1   2   6   0   0   0  87   0   0   0   0   2  2.80 1.04
  407 V    -1  -5  -5  -5  -4  -5  -5  -4  -5   4   0  -5  -1   1  -1  -3   0   1  -1   5    3   0   0   0   0   0   0   1   0  24   8   0   1   7   3   1   6   2   1  44  0.80 0.42
  408 S     4  -4   1  -3   0  -2  -3   2  -4  -3  -3  -3  -4  -5   0   2   1  -1  -4  -2   40   0   6   0   2   1   0  18   0   1   2   0   0   0   4  15   7   1   0   2  0.59 0.38
  409 G     3  -4  -2  -2  -2  -3  -4   4  -4  -2  -2  -3  -1  -3   2   0  -1   3  -2   0   24   0   1   2   1   0   0  31   0   2   3   0   1   1  11   8   2   4   1   7  0.52 0.34
  410 V     2  -3   1  -2   2  -1  -3  -1   1   0  -1  -3   0  -2  -1   0   0  -4  -2   3   17   0   8   1   5   3   0   4   4   4   3   0   2   2   2   6   6   0   1  31  0.28 0.26
  411 V    -1  -4   0  -4   1  -4  -4  -3  -4   3   2  -4   3  -2  -2  -2   2  -4  -3   3    3   0   6   0   2   0   0   2   0  18  22   0   8   1   2   2  12   0   0  23  0.47 0.31
  412 V    -1  -5  -5  -6  -4  -2  -5  -6  -1   5   2  -5   1   4  -5  -3  -3  -3   2   2    4   0   0   0   0   2   0   0   2  33  16   0   3  18   0   1   0   0   8  13  0.76 0.39
  413 A     3  -4  -4  -5  -1  -3  -4  -2  -4   2   1  -4   1   0  -1  -2  -1   2   1   3   27   0   0   0   1   1   0   2   0  14  11   0   4   4   3   0   3   3   5  21  0.40 0.29
  414 C     2  -4  -3  -5   5  -3  -4  -1  -5   2   0  -4  -2  -3  -4   0   2  -5  -3   4   17   0   1   0  11   1   0   4   0  11   6   0   0   0   0   6  11   0   1  32  0.53 0.35
  415 A     5  -4  -3  -4   3  -3  -4  -1  -4  -3  -3  -3  -1  -5  -4   4   0  -6  -5  -2   48   0   1   0   7   0   0   3   0   1   2   1   2   0   0  28   5   0   0   2  0.91 0.53
  416 G     0  -2   0  -1   0   0  -1   5  -4  -3  -4  -1  -4  -5  -3   1   0  -5  -5  -3    5   2   4   3   2   4   3  51   0   1   2   4   0   0   1  11   6   0   0   1  0.73 0.39
  417 M     0  -4  -4  -5  -2  -3  -4  -2  -2   4   2  -3   4   2  -5  -2  -2  -4  -1   1    8   0   0   0   1   1   0   3   1  28  23   1  11   8   0   3   2   0   2   9  0.50 0.30
  418 G     4  -2  -4  -4   3  -3  -4   0  -4   0   0  -3  -1  -4  -4   1   2  -5  -4   0   40   2   0   0   7   1   0   7   0   6   7   1   1   0   0   7  13   0   0   7  0.50 0.35
  419 N    -2   0   2   0  -3   0   0   4  -1  -4  -5   4  -1  -4  -4  -2  -3  -5  -5  -5    1   4  12   5   1   4   5  36   1   1   0  25   2   1   0   2   0   0   0   0  0.71 0.40
  420 L    -1  -4  -4  -2   0  -3  -2  -3  -5   3   0  -3   0  -2  -5  -2   1  -5  -3   5    4   0   0   3   2   1   3   2   0  16   6   1   1   1   0   2   7   0   1  49  0.67 0.39
  421 S    -2  -1   3   3  -4  -1   1  -3  -3  -4  -5   1  -4  -5   1   4   1  -6  -5  -4    1   2  12  14   0   2   7   1   0   0   1   9   0   0   7  38   6   0   0   0  0.65 0.42
  422 P    -2  -5  -5  -3  -5  -4  -5  -4  -5   2  -1  -3   3  -1   7  -1  -2  -2  -5   1    3   0   0   1   0   0   0   1   0  11   5   1   8   3  53   4   2   1   0   9  1.28 0.57
  423 F    -1  -2  -1  -1  -3  -1  -1  -1  -2   2   1   0   2   3   0  -1   0   0   0   1    3   1   2   2   0   2   5   5   1  17  11   6   7  14   4   3   4   2   2   9  0.11 0.13
  424 E     0   0  -1   4  -5   2   4  -3   0  -4  -3   0  -2  -5  -2   0   1  -5  -4  -2    6   4   2  21   0   9  32   1   2   0   2   4   1   0   1   6   8   0   0   3  0.59 0.36
  425 V    -3  -3  -3  -3  -2  -2  -4  -4   1   4   3  -3   1  -1  -5  -3  -1  -4  -1   3    1   1   1   1   1   2   0   1   3  27  31   2   3   2   0   1   3   0   2  19  0.57 0.33
  426 V     1  -5  -5  -5   0  -2  -4  -5  -5   4   1  -4   1   0  -4  -1  -1  -5  -3   4   14   0   0   0   2   1   0   0   0  22  10   0   3   5   0   5   4   0   0  36  0.62 0.36
  427 K    -4   4  -2  -4  -6  -2  -3  -5  -2  -2  -4   7  -4  -4  -2  -1  -3  -6  -3  -4    0  23   1   0   0   0   0   0   1   2   1  62   0   1   2   3   1   0   1   1  1.39 0.64
  428 R    -2   7  -2  -4  -4  -2  -2  -3   1  -4  -3   2  -4  -4  -1  -3  -3  -3   1  -4    2  61   1   0   0   1   1   2   4   1   2  11   0   0   3   0   1   0   6   1  1.26 0.58
  429 T     1  -3   3  -3   1  -1  -3  -1  -1   0  -1  -3   1  -4  -2   0   4  -5  -4   1   12   0  18   0   3   2   1   4   1   5   5   0   4   0   1   4  30   0   0  10  0.43 0.33
  430 S     3  -4  -4  -4   0  -3  -4  -2  -1   2   1  -3   1   2  -3   1  -1   5  -2   1   25   0   0   0   2   0   0   2   1  12  11   0   4  10   1  11   2   8   0  10  0.36 0.27
  431 V    -3  -5  -5  -5  -4  -3  -5  -5  -5   4   1  -2   1  -1   4  -4  -2  -2  -1   3    0   0   0   0   0   1   0   0   0  27  14   2   4   2  25   0   1   1   2  20  0.80 0.41
  432 P    -2  -5  -5  -5  -4  -2  -5  -1  -5  -3  -3  -4  -1   2   7  -4  -3   2   2  -2    2   0   0   0   0   2   0   4   0   1   3   1   1  10  61   0   1   2   7   4  1.59 0.67
  433 V    -1  -4  -4  -5   3  -3  -5  -5  -4   2   2  -4   6   0  -5  -3  -1  -1   0   3    6   0   0   0   6   1   0   0   0  11  21   0  25   4   0   1   2   1   4  19  0.67 0.38
  434 A     0  -4  -5  -5  -2  -4  -5  -2  -5   4   3  -4   0   1  -5  -3  -1   3  -2   2   10   0   0   0   0   0   0   3   0  28  30   0   1   5   0   1   4   4   0  13  0.58 0.33
  435 V     2  -4  -4  -4   2  -4  -4   1  -4   3   1  -4   0   0  -1  -1  -1  -4  -3   3   17   0   0   0   5   0   0  11   0  16  13   0   2   4   3   3   3   0   0  23  0.34 0.25
  436 G     3  -3  -1  -3   2  -3  -2   4  -4  -1  -2  -3   2  -2  -3   0  -1  -5  -4  -1   24   1   2   1   4   0   2  37   0   3   3   0   7   1   0   7   3   0   0   5  0.55 0.34
  437 L     0  -4  -2  -4   0  -2  -3  -2  -3   2   3  -3   3   1  -4  -1   0  -1   1   1    9   0   1   0   2   2   1   2   0  15  29   0  10   7   0   4   5   1   5   9  0.33 0.23
  438 V     1  -5  -5  -5   0  -4  -5  -4  -5   4   2  -4  -1   1  -4  -3  -1  -4  -3   4   11   0   0   0   2   0   0   1   0  31  15   0   1   6   0   1   3   0   0  29  0.69 0.37
  439 V     1  -4  -4  -4   1  -4  -4  -2  -4   2   1  -4   1   0  -2  -1   1  -4  -3   4   15   0   0   0   2   0   0   3   0  13  13   0   2   4   1   5   8   0   0  34  0.44 0.30
  440 V     0  -3   0  -2   0  -2  -2  -1  -2   1   1  -3   2  -1  -2   0   2  -3   0   2    7   0   6   1   2   1   1   3   1   8  16   0   8   1   2   8  14   0   3  19  0.18 0.19
  441 I    -1  -4  -4  -5  -2  -3  -4  -5  -3   3   3  -4   4   2  -3  -2   1  -3   0   2    3   0   0   0   0   0   0   0   0  19  28   0  12   9   1   2  10   0   3  12  0.52 0.31
  442 L     0  -5  -5  -6  -3  -5  -5  -5  -5   5   3  -5   0  -1  -5  -4  -1  -5  -3   3    7   0   0   0   0   0   0   0   0  35  32   0   2   2   0   0   4   0   0  17  0.82 0.40
  443 A     1  -3  -4  -4   1  -2  -4  -2  -3   2   2  -3   3   2  -4  -1   0  -3   0   2   11   0   0   0   3   1   0   4   0  11  22   0   8  11   0   3   5   0   4  18  0.31 0.22
  444 T     1  -2   0  -2   2  -2  -3   0  -2  -1   0  -2   1  -1  -2   2   3  -4  -2   0   13   2   5   1   5   0   0   6   1   3   7   0   4   2   1  19  23   0   1   7  0.25 0.23
  445 Q     0  -4  -3  -4  -1  -2  -3  -2  -2   1   2  -3   3   3  -4  -2  -2   1   4   1    7   0   1   0   1   1   1   3   0   9  17   0  11  13   0   2   1   1  20  11  0.43 0.27
  446 I    -2  -5  -5  -5  -3  -4  -5  -5  -4   4   3  -5   1   4  -5  -3  -1  -3  -1   2    2   0   0   0   0   0   0   0   0  30  25   0   3  20   0   2   3   0   1  15  0.75 0.36
  447 M    -3  -4  -5  -5  -1  -4  -5  -5  -4   3   3  -5   4   4  -5  -4  -3  -1   0   1    0   0   0   0   1   0   0   0   0  21  32   0  12  23   0   0   0   1   2   9  0.80 0.35
  448 V    -2  -4  -4  -5  -2  -3  -4  -5  -4   4   3  -4   2  -1  -1  -3  -2  -4  -2   3    2   0   0   0   0   0   0   0   0  30  32   0   7   0   3   0   0   0   0  26  0.60 0.22
  449 P    -1  -2  -3  -2  -3  -2  -2  -3  -3  -3  -3   0  -3  -4   8  -1  -2  -4  -4  -2    3   0   0   0   0   0   0   0   0   0   0   9   0   0  86   0   0   0   0   3  1.84 0.13
  450 A     4  -2  -1  -2  -1  -1  -1   0  -2  -2  -2  -1  -1  -3  -1   2   0  -3  -2  -1   81   0   0   0   0   0   0   0   0   0   0   0   0   0   0  19   0   0   0   0  0.42 0.03

                      K         Lambda
Standard Ungapped    0.1411     0.3266
Standard Gapped      0.0403     0.2670
PSI Ungapped         0.1317     0.3176
PSI Gapped           0.0403     0.2670
