
Last position-specific scoring matrix computed, weighted observed percentages rounded down, information per position, and relative weight of gapless real matches to pseudocounts
            A   R   N   D   C   Q   E   G   H   I   L   K   M   F   P   S   T   W   Y   V   A   R   N   D   C   Q   E   G   H   I   L   K   M   F   P   S   T   W   Y   V
    1 M    -7  -7  -8  -9  -7  -6  -8  -9  -8  -5  -4  -7  11  -6  -9  -7  -7  -7  -7  -5    0   0   0   0   0   0   0   0   0   0   0   0 100   0   0   0   0   0   0   0  4.29 1.42
    2 I    -6  -7  -7  -8  -7  -7  -7  -8  -4   5  -3  -5  -1   2  -8  -7  -6  -1   8  -2    0   0   0   0   0   0   0   0   0  35   2   0   1   7   0   0   0   1  52   2  2.15 0.86
    3 V    -4  -7  -8  -8  -6  -7  -7  -8  -8   4  -2  -7  -2  -4  -7  -6  -5  -7  -6   7    1   0   0   0   0   0   0   0   0  18   3   0   1   1   0   0   0   0   0  76  2.07 0.85
    4 C    -7 -10  -9 -10  12  -9 -10  -9  -9  -7  -7  -9  -8  -9  -9  -7  -7  -9  -9  -7    0   0   0   0 100   0   0   0   0   0   0   0   0   0   0   0   0   0   0   0  4.83 1.56
    5 S    -4  -5   0  -5  -3  -3  -5  -6   3   4   2  -5   0  -2  -4   3  -3  -6  -4   2    0   0   5   0   1   1   0   0   9  22  23   0   2   1   0  21   1   0   0  16  0.70 0.47
    6 C    -7 -10  -9 -10  12  -9 -10  -9  -9  -7  -8  -9  -8  -9  -9  -7  -7  -9  -9  -7    0   0   0   0 100   0   0   0   0   0   0   0   0   0   0   0   0   0   0   0  4.85 1.63
    7 N    -2   1   7  -4  -7   0  -3  -5   3  -4  -5   2  -1  -1  -6  -3  -2  -7  -3  -4    3   7  55   0   0   3   1   0   7   1   1  12   1   3   0   1   2   0   1   1  1.40 0.73
    8 V     4   0   0  -3  -3  -2  -4   4  -1  -2  -4  -3  -3  -4  -2  -1  -2  -6  -5   1   32   6   4   1   0   2   0  30   2   2   1   1   0   0   2   4   2   0   0  12  0.63 0.43
    9 L    -3  -6  -5  -7  -5  -6  -7  -7  -3   5   2  -4  -1  -1  -7  -6  -3  -6  -2   5    1   0   0   0   0   0   0   0   1  35  20   1   1   2   0   0   1   0   1  37  1.30 0.65
   10 T    -4   2   1  -4  -2  -5  -5  -4  -6  -6  -6  -1  -6  -5  -4   4   6  -7  -6  -5    0  10   5   1   1   0   0   1   0   0   0   3   0   1   0  26  52   0   0   0  1.43 0.84
   11 D    -4  -3  -2   7   1  -3   4  -5  -1  -6  -7  -3  -2  -8  -6  -1  -3  -8  -7  -4    1   1   1  55   3   1  26   1   1   0   0   1   1   0   0   5   1   0   0   1  1.61 0.83
   12 R    -1   5  -1  -1  -1   1  -1  -1   4  -6  -5   3  -3  -6  -5   1   0  -6  -3  -4    5  30   2   3   2   6   2   4   9   0   0  19   0   0   0  11   6   0   1   1  0.71 0.47
   13 D     0  -2  -3   5  -3   5   2  -5   0  -6  -5   0  -2  -7  -5  -3   0  -6  -6  -4    7   2   1  32   1  27  15   0   2   0   1   4   1   0   0   1   6   0   0   1  1.01 0.62
   14 V    -4  -7  -7  -7  -5  -6  -7  -7  -7   7   0  -7  -1  -2  -7  -6  -5  -6  -5   5    1   0   0   0   0   0   0   0   0  51   9   0   1   2   0   0   0   0   0  35  1.70 0.78
   15 R    -1   6  -1  -2  -2   1   0  -3   3  -3  -3   2  -3  -5  -5  -2  -1  -6  -4  -4    4  46   3   2   1   5   6   1   8   1   2  11   0   0   0   3   4   0   0   1  0.94 0.55
   16 H     2   1   0   2  -3   2   3  -1  -1  -4  -4   1  -3  -5  -4   1  -1  -2  -3  -3   17   8   4  11   1  11  19   4   1   1   1   6   0   0   0   9   3   1   0   2  0.37 0.30
   17 A     6  -4  -4  -4   2  -3  -3  -3  -1  -2  -3  -4  -2  -5  -4  -1  -1  -6  -4   1   67   1   1   1   3   1   1   1   2   2   3   1   1   0   0   3   4   0   1   9  1.21 0.67
   18 V     1  -3  -4  -5  -1  -4  -4  -3  -3   4   0  -3   1  -2  -4  -3  -3  -4  -3   5   11   1   0   1   1   0   1   2   1  25   9   1   3   1   1   1   1   0   1  39  0.82 0.43
   19 N     2   2   0   2   1   0   1  -2   1  -2  -2   0  -2  -3  -2   1   0  -3  -2  -2   17  11   4  14   3   4  10   3   3   2   4   5   1   1   1   9   5   0   1   2  0.20 0.17
   20 T     2   0   0   0  -1   1   2   0   0  -2  -2   0  -1  -3  -1   1   1   3  -2  -2   18   4   4   4   1   7  14   5   2   2   4   4   1   1   2  12   7   4   1   2  0.17 0.15
   21 A     2  -2  -2   0  -1  -2  -2   5  -1  -2  -2  -2   1  -2  -2  -1  -1  -3  -2  -1   16   2   1   5   2   2   3  41   1   2   3   2   5   1   2   3   4   0   1   3  0.55 0.30
   22 E     4   1  -1   1   0   0   1   0   1  -2  -3  -1  -1  -4   1  -1  -1  -4  -3  -2   34   7   3   6   2   5  10   6   4   2   2   2   1   0   8   3   2   0   1   2  0.35 0.29
   23 D     1   0   1   3  -1   1   1   1   0  -2  -2  -1  -2  -3  -2   1   0  -3  -2  -1   12   6   8  16   1   5   8  10   2   2   3   2   1   1   2  12   4   0   1   4  0.19 0.15
   24 A     0  -1  -1  -1   2  -2   0   5  -1  -3  -3  -1  -1  -3   0   0   0  -3  -3  -2    7   4   2   3   4   2   5  40   2   2   3   3   2   1   4   8   6   0   1   2  0.46 0.25
   25 L     2  -1  -2  -2   2  -2  -2  -2  -1   1   1  -2   1  -1   2  -1  -1  -1  -2   2   20   3   1   2   5   1   2   2   1   8  11   2   4   2  11   3   3   1   1  16  0.20 0.16
   26 R    -1   4   0  -1   4   0  -1  -2   1   0  -1   0  -1  -2  -1   0   1  -4  -1  -1    5  26   4   2  11   3   4   2   4   5   5   5   1   2   3   6   8   0   2   3  0.30 0.26
   27 N    -1   1   1   1   2  -1  -1  -2   0  -3  -3  -1  -1  -5  -4   3   4  -5  -4  -2    3   6   6   8   4   2   3   2   2   2   2   3   1   0   0  23  30   0   0   2  0.55 0.46
   28 A     0  -2  -4  -4   0  -2  -2  -4  -1   0   2  -2   2   1   3  -2   1   1   0   1    9   2   0   0   2   1   2   0   2   5  18   2   6   7  18   2   8   2   2  12  0.32 0.28
   29 K     1   2  -1   0  -1   0   1   1   0  -2  -2   2  -1  -2  -2   1  -1  -4  -2  -2   12  15   2   6   2   3   7  13   3   2   2  13   1   1   2  11   3   0   1   2  0.20 0.21
   30 Q     0  -1  -1   3   0   4   3  -1   0  -5  -3   0   0  -5  -2  -1  -2  -5  -2  -3   10   2   2  19   2  20  18   4   2   0   2   5   2   0   2   3   2   0   2   2  0.49 0.41
   31 I    -1  -5  -5  -6  -2  -2  -5  -4  -5   3   3  -3  -1  -2  -5  -4  -3  -5  -2   5    4   0   0   0   1   2   0   1   0  13  29   2   1   1   0   1   1   0   1  42  0.93 0.49
   32 Y     0   2  -2  -4  -1   2  -3  -2   1  -3  -3   0  -2   4  -5  -1  -2   0   6  -3    7  13   2   1   2   8   1   3   3   1   1   5   1  16   0   4   3   1  28   1  0.70 0.43
   33 D     1   4   0   1  -2   1   1   0   0  -3  -3   1  -1  -2  -3   0  -1  -5  -4  -3   15  22   4   9   1   6   8   5   3   1   2  10   2   2   1   6   3   0   0   1  0.31 0.25
   34 C     2   2  -1  -2   4   1   1  -2   3  -2  -2   0  -2  -2  -4   0   0  -4  -1  -2   21  12   2   2  11   5  10   2   9   2   2   4   1   2   0   6   4   0   2   2  0.31 0.26
   35 L    -3  -3  -4  -6   5  -4  -6  -5   0  -2   5  -3   1  -1  -4  -3   1  -5  -1  -2    2   1   1   0  14   1   0   1   3   1  54   1   3   2   1   1  10   0   2   1  1.01 0.56
   36 G    -3  -3  -1  -1  -2  -1  -3   7  -3  -7  -7  -1  -6  -7  -3  -3  -3  -6  -4  -7    1   2   2   4   1   3   2  73   1   0   0   5   0   0   2   2   2   0   1   0  1.62 0.75
   37 C     2  -2  -3  -4   7  -3  -3  -4  -1   0  -2   1  -1  -3  -5  -3  -2  -2  -3   4   16   2   1   1  25   1   1   1   2   5   4   8   1   1   0   1   2   1   1  27  0.82 0.47
   38 S     2   2  -2  -2   1  -1  -1   4  -2  -4  -4   1  -3  -5  -3   1   1  -5  -4  -3   17  11   1   2   3   3   4  27   1   1   1   9   0   0   1  11   7   0   0   1  0.44 0.32
   39 A     2  -2  -1  -2  -2  -2  -2   0  -3  -3  -3  -1   0  -2   4   1   3  -5  -4  -1   15   2   2   2   1   2   2   7   0   1   2   3   2   2  23  12  20   0   0   4  0.49 0.36
   40 E    -2   1   1   3   5   5   0   0  -1  -5  -5   0  -3  -6  -5  -2  -2  -6  -3  -2    2   8   6  17  12  27   6   6   2   0   1   6   0   0   0   2   2   0   1   3  0.71 0.47
   41 C    -7 -10  -9 -10  12  -9 -10  -9  -9  -7  -8  -9  -8  -9  -9  -7  -7  -9  -9  -7    0   0   0   0 100   0   0   0   0   0   0   0   0   0   0   0   0   0   0   0  4.84 1.66
   42 G    -2  -4  -5  -6   1  -7  -7   7  -2  -9  -8  -4  -8  -8  -7  -5  -4  -7  -3  -8    4   1   0   0   2   0   0  89   1   0   0   1   0   0   0   0   1   0   1   0  2.42 1.03
   43 R    -2   4  -1  -4   2   2  -3   0  -3  -3  -3   4  -1  -6  -5   1  -1  -6  -5  -3    3  25   3   0   5   8   0   8   0   1   2  28   2   0   0  10   4   0   0   1  0.69 0.44
   44 C    -6 -10  -9 -10  12  -9 -10  -9  -9  -7  -7  -9  -8  -9  -2  -7  -7  -8  -9  -7    0   0   0   0  97   0   0   0   0   0   0   0   0   0   3   0   0   0   0   0  4.61 1.52
   45 A     2   1  -1  -3  -1  -1  -1  -1  -1   0   1  -1   1   0  -4  -1   1  -2  -2   2   22   8   2   0   1   1   4   4   1   4  12   3   3   3   0   4  10   0   0  15  0.17 0.20
   46 R    -1   3  -1   2   4   1   1  -2  -1  -4  -4   1  -3  -4   4   0  -2  -5  -3  -3    4  19   2  10   9   6   8   3   2   1   1   7   0   1  18   6   2   0   1   2  0.48 0.34
   47 T     0   0   0   0   3   0   1  -3   3  -2   0  -2   1   0  -4   1   2  -4   0  -1    6   5   3   6   8   4   9   1   8   1  10   1   4   3   0  10  13   0   4   3  0.18 0.20
   48 I     4  -5  -6  -6  -1  -5  -5  -4  -6   4  -1  -5   2   0  -5  -4  -1  -6  -5   3   40   0   0   0   1   0   0   1   0  22   5   0   5   4   0   0   3   0   0  18  0.93 0.53
   49 K    -1   5  -1  -2   2   2   0  -4   1  -2  -1   3  -1  -4  -5  -2  -2  -4  -3  -1    6  32   3   1   4   9   6   1   3   2   5  15   1   1   0   3   2   0   1   4  0.56 0.37
   50 T     2   1  -1   2   0   3   3  -2  -2  -4  -4   1  -3  -4  -4   1  -1  -4  -5  -3   15   8   2  11   2  12  23   3   0   1   1   7   0   1   0   8   4   0   0   1  0.45 0.34
   51 I    -2  -4  -6  -5   1  -4  -5  -5  -4   5   3  -5   4  -1  -6  -4   0  -5  -1   3    3   1   0   0   3   1   1   0   0  29  22   0  12   2   0   0   5   0   2  17  0.82 0.44
   52 I    -4  -4  -7  -7  -3  -6  -6  -7  -4   5   4  -6   4   0  -6  -6  -3  -5  -3   2    1   1   0   0   0   0   0   0   0  30  39   0  11   4   0   0   1   0   0  12  1.18 0.56
   53 D     0   3   1   3  -3   1   2  -2   1  -4  -4   1  -3  -4  -4   0  -2  -5  -3  -3    9  18   7  17   1   7  15   3   3   0   1   9   0   0   0   5   2   0   1   2  0.46 0.32
   54 E     0   0  -1   3  -6   3   5  -3  -2  -4  -5   0  -4  -6  -5   0  -2  -6  -5  -4    7   4   3  13   0  14  41   1   1   1   1   4   0   0   0   7   2   0   0   1  0.89 0.53
   55 A     4   0  -2  -3   2  -1   1  -2   4  -3  -3  -1  -2  -4  -4   1   1  -5   1  -1   33   5   2   1   5   2  10   2   9   1   2   2   1   0   0   8   8   0   4   5  0.43 0.34
   56 Y    -1   3  -2  -2  -1   0  -2  -1   2   0   3   0   1  -3  -1  -1   0  -4  -2  -1    5  16   1   2   1   5   2   5   6   5  28   5   4   0   3   4   5   0   0   4  0.21 0.21
   57 R     2   0  -1  -1  -2   2   1   0   0  -3  -2  -1   0  -3   0   1   0  -5  -3  -2   22   6   3   4   0  11   9   7   2   1   2   2   3   1   5  11   7   0   0   2  0.24 0.24
   58 E     2   0  -1   2  -2   3   3   1  -1  -4  -3   1  -4  -4  -1   1  -2  -5  -4  -3   16   3   2  11   1  12  20   9   2   1   2   7   0   1   3   8   2   0   0   1  0.37 0.29
   59 C     2   0   0  -1   5   0  -1  -1  -1  -1  -1  -1   2  -2  -1   1   1  -4  -2  -1   19   5   3   3  13   3   3   5   1   4   5   3   6   1   2  12   8   0   1   3  0.21 0.20
   60 A     3  -1   0  -2   3   1   0   1   1  -3  -2  -2  -1  -4   0   1  -1  -5  -3  -1   30   3   4   2   7   6   5  11   4   1   4   1   2   0   4   9   4   0   1   4  0.29 0.26
   61 L     1  -1  -1   0   1   0  -1   1  -1   0   0   0   0  -3   0   0   1  -4  -2   0   17   3   2   6   3   4   3   9   1   4  11   4   2   0   4   7  10   0   0   9  0.08 0.11
   62 A     4  -1  -2  -2   1   1  -1   1  -3  -2  -3  -3  -2  -5   0   1  -1  -5  -4   0   42   4   1   2   3   7   3  11   0   2   1   1   1   0   4   9   3   0   0   7  0.48 0.37
   63 C     2  -2  -2  -2   8   2  -2  -1   0  -1  -3  -3  -2  -3  -1   0   0  -5  -3  -1   19   2   1   2  30   9   2   5   2   3   2   1   1   1   3   6   6   0   1   4  0.69 0.40
   64 Q     2   0  -2  -1   3   2   0  -1   0  -2  -1  -3  -1  -4   4  -1   0   0  -2  -2   18   5   1   3   8  10   6   3   3   1   5   0   1   0  22   3   7   1   1   2  0.39 0.29
   65 A     2   0  -1  -2   1   0  -1   0  -3   0  -1  -2   0  -4   2   1   1  -4  -3   0   24   4   2   2   3   4   2   7   0   5   6   1   3   0   9  14   9   0   0   6  0.20 0.20
   66 D     0   0   0   2   2  -1   0   2  -1  -1  -2  -2  -1  -3   1   0   0   0  -2   0    8   5   3  12   6   1   4  20   1   4   3   1   2   0   7   7   6   1   1   8  0.15 0.14
   67 C     0  -2  -3  -5   8   0  -3   1   3  -2  -1  -4  -1  -5   0   0  -2  -5  -3  -1    9   2   1   0  37   4   2  13   7   1   5   0   1   0   5   7   1   0   1   4  0.93 0.45
   68 P     1  -2  -2  -2   3   0  -2   0   1  -3  -4  -3  -4  -5   6   0  -1  -5  -5  -4   12   2   1   1   6   4   2   7   4   1   1   1   0   0  45   7   4   0   0   0  1.00 0.47
   69 H     3   0   0  -1  -2   0  -1  -2   6  -3  -1  -2  -3  -4   0   1  -1  -4  -1  -1   31   6   5   3   0   3   4   2  21   1   6   0   0   0   4   8   2   0   2   3  0.45 0.32
   70 R     2   2   0   1   1   0   0   1   0  -2  -2  -1  -2  -4   0   2   0  -4  -3  -1   17  14   3   8   4   2   6   9   3   1   2   0   0   0   5  15   7   0   0   4  0.19 0.17
   71 M     0   0  -1   1  -1   2   1   1   0  -1   0   0  -1  -3  -1   0  -1  -3  -3  -1   10   6   1  10   2  10  12  11   2   2  12   6   1   0   2   5   3   0   0   6  0.10 0.11
   72 T     1   0  -2  -1  -1   1   0  -1   3  -2  -2  -2  -1  -1   1   1   2   0  -1   1   14   5   0   3   1   9   4   3  10   1   3   0   2   2   8   8  14   2   1  10  0.17 0.18
   73 R     3   2   0   1  -1   2   2  -3  -1  -3  -2   0  -1  -4   2   0  -1  -4  -4  -2   26  11   3   6   1   9  17   0   1   1   2   3   2   0  10   4   2   0   0   2  0.35 0.26
   74 R     2  -1  -2  -1   1   1   0  -1   3  -1  -1  -1   0  -3   1   0   1  -4  -2   0   18   3   0   3   4   7   5   3  10   3   5   2   3   0   6   6  12   0   0   8  0.14 0.15
   75 T     3   0  -2  -2  -1  -2  -1   0   3  -1  -3  -1  -3  -2   2   1   1  -1  -3   0   28   5   1   2   1   0   3   7  10   2   1   2   0   1  11   8   9   1   0   8  0.28 0.23
   76 S     3  -1  -2   1  -4   2   1  -1   5  -4  -3  -1  -2  -2   1   0  -1  -4   0  -2   26   3   1   8   0   9   8   4  17   0   1   1   1   1   6   4   3   0   3   3  0.36 0.26
   77 P     1  -1   0  -2  -4   1   1  -2   3  -1  -2  -2  -3  -4   5  -1  -1  -5  -3  -1   12   4   5   2   0   6   9   3   7   5   4   0   0   0  33   3   3   0   0   5  0.57 0.30
   78 E     2  -1  -2   3  -3   1   2   0   0  -3  -3  -1  -1  -4   0   1   0  -4  -3  -1   21   2   0  16   0   8  16   8   2   0   0   2   2   0   4   8   5   0   0   6  0.29 0.21
   79 L     1   0   0   0   0   0   0  -2   0   0   0  -1   1  -1   1   0   0  -3  -2   1   17   7   6   5   2   4   7   0   2   2  13   2   4   1   7   3   6   0   0  11  0.07 0.08
   80 E     1  -1  -1   0  -4   2   3  -3   1  -2  -2   1  -2  -4   1   1   0  -4  -3  -2   11   2   2   4   0  13  27   0   4   2   3   7   0   0   7  11   5   0   0   2  0.34 0.21
   81 P     0  -4  -2  -2  -5  -1  -1  -4  -1  -5  -3  -3   0  -6   8  -3  -3  -6  -5  -4   10   0   2   2   0   3   4   0   1   0   3   0   2   0  73   0   0   0   0   0  1.85 0.54
   82 Q     2   0  -1   0  -2   0   2   0   1   0  -1   0  -1  -3  -1  -1  -1  -4  -2   1   25   4   2   5   0   4  15   8   4   7   4   4   0   0   2   0   3   0   0  13  0.12 0.12
   83 R     1   3  -2   1   0   1   1  -3  -2  -1  -2  -1  -2  -3   2   0   0   0  -3  -1   18  26   0   8   2   6   7   0   0   5   2   0   0   0  10   4   6   2   0   4  0.27 0.17
   84 P     1   0  -1   0  -3   0   1   0   1  -3  -2  -1  -3  -4   5  -1  -1  -4  -3  -1   15   7   3   4   0   4  13   7   5   0   4   0   0   0  32   0   4   0   0   5  0.51 0.19
   85 T     1  -3   0   0  -3  -2   0  -2  -3  -1  -1  -2   0  -3   4   1   1  -4  -3   1   15   0   5   6   0   0   5   0   0   0   6   0   3   0  26   9   8   0   0  17  0.38 0.16
   86 S     4  -2  -2  -1  -2   2  -1  -1   0  -2  -1  -2  -2  -3  -2   1   2  -4  -3   0   44   0   0   2   0  11   0   2   2   0   4   0   0   0   0  11  14   0   0   9  0.34 0.19
   87 L     3   0  -2  -1  -2  -1   1   0   0  -2   0  -1  -1  -3   2   0  -1  -3  -2  -2   40   7   0   3   0   0  11   5   3   0  15   0   0   0  11   6   0   0   0   0  0.25 0.13
   88 V     0   0  -1  -2  -2  -1  -1   1  -2  -1  -1  -1   1  -3  -2   1   3  -3  -2   1    5   7   0   0   0   0   4  15   0   0   4   0   5   0   0  10  36   0   0  14  0.25 0.13
   89 F     0  -3  -1  -3  -2  -2  -3   0   1  -1   0  -2   2   5   1  -2   0  -1   1   0    6   0   4   0   0   0   0   7   6   0   7   0   8  40   7   0   6   0   0   8  0.27 0.10
   90 S     2  -2  -2  -2  -2  -2  -2   0  -2  -1  -1  -2  -1   0   3   2   0  -3  -2   1   32   0   0   0   0   0   0   7   0   0   7   0   0   4  16  19   0   0   0  15  0.28 0.09
   91 V     2  -2  -2  -2  -2  -1   0  -2   2   0   1  -2   0  -1   1  -1   0  -2   2   1   25   0   0   0   0   0   7   0   7   0  25   0   0   0   8   0   8   0  10  11  0.13 0.06
   92 G     3  -2  -1   1  -2  -1  -1   3  -2  -3  -3   0  -2  -3   1   0   1  -3  -3  -2   37   0   0   9   0   0   0  29   0   0   0   7   0   0   8   0   9   0   0   0  0.37 0.08
   93 G     3  -2  -2  -2  -1  -2  -2   2  -2  -1  -2  -2  -1  -3  -2   1  -1  -3  -2   2   47   0   0   0   0   0   0  20   0   0   0   0   0   0   0   9   0   0   0  23  0.34 0.09
   94 S     3  -2  -1  -1  -1  -1  -1  -1  -2  -1  -2  -1  -1  -3  -1   4   0  -3  -2   1   34   0   0   0   0   0   0   0   0   0   0   0   0   0   0  53   0   0   0  13  0.38 0.08
   95 R    -2   4   0   2  -4   0   0  -2  -1  -3  -3   1  -2  -3   4  -1  -1  -4  -3  -3    0  55   0  21   0   0   0   0   0   0   0   0   0   0  24   0   0   0   0   0  0.64 0.03
   96 F    -3  -3  -4  -4  -3  -3  -3  -3  -2  -1   0  -3  -1   6  -4  -3  -2   8   3  -2    0   0   0   0   0   0   0   0   0   0   0   0   0  67   0   0   0  33   0   0  1.02 0.02
   97 R    -2   6   0  -2  -4   1   0  -2   0  -3  -2   2  -1  -3  -2  -1  -1  -3  -2  -3    0 100   0   0   0   0   0   0   0   0   0   0   0   0   0   0   0   0   0   0  0.75 0.00
   98 L    -1   0  -1  -2  -2   4   0  -3  -1   0   2   0   1  -1  -2  -1  -1  -2  -1   0    0   0   0   0   0  50   0   0   0   0  50   0   0   0   0   0   0   0   0   0  0.25 0.00
   99 G     0  -2   0  -1  -3  -2  -2   6  -2  -4  -4  -2  -3  -3  -2   0  -2  -3  -3  -3    0   0   0   0   0   0   0 100   0   0   0   0   0   0   0   0   0   0   0   0  1.04 0.00
  100 D     0  -1   1   4  -2   0   1  -1  -1  -3  -3   0  -2  -3  -1   3   0  -4  -2  -2    0   0   0  50   0   0   0   0   0   0   0   0   0   0   0  50   0   0   0   0  0.49 0.00
  101 A     4  -2  -2  -2   0  -1  -1   0  -2  -1  -2  -1  -1  -2  -1   1   0  -3  -2   0  100   0   0   0   0   0   0   0   0   0   0   0   0   0   0   0   0   0   0   0  0.41 0.00
  102 W    -2  -3  -4  -4  -2  -2  -3  -2  -2  -3  -2  -3  -1   1  -4  -3  -2  10   2  -3    0   0   0   0   0   0   0   0   0   0   0   0   0   0   0   0   0   0   0   0  0.00     0.00

                      K         Lambda
Standard Ungapped    0.1349     0.3252
Standard Gapped      0.0426     0.2670
PSI Ungapped         0.1393     0.3166
PSI Gapped           0.0426     0.2670
