
Last position-specific scoring matrix computed, weighted observed percentages rounded down, information per position, and relative weight of gapless real matches to pseudocounts
            A   R   N   D   C   Q   E   G   H   I   L   K   M   F   P   S   T   W   Y   V   A   R   N   D   C   Q   E   G   H   I   L   K   M   F   P   S   T   W   Y   V
    1 M    -5  -6  -7  -7  -5  -5  -6  -7  -6   2   5  -6   7  -3  -6  -6  -4  -5  -5   1    0   0   0   0   0   0   0   0   0   9  57   0  27   0   0   0   0   0   0   7  1.53 0.62
    2 R    -1   2  -5  -6  -5  -4  -5  -6  -2   4  -1  -2  -3   1  -6  -4   0   0   6   2    7  11   0   0   0   0   0   0   1  21   3   2   0   4   0   0   6   1  30  14  0.83 0.46
    3 A     2  -7  -7  -8  -6  -7  -7  -4  -8   6   1  -6  -2  -5  -7  -6  -5  -7  -6   4   14   0   0   0   0   0   0   2   0  44  12   0   1   0   0   0   0   0   0  28  1.41 0.66
    4 C     2  -8  -7  -7  -1  -8  -8   7  -8  -9  -9  -7  -8  -9  -8  -4  -6  -9  -9  -8   16   0   0   0   2   0   0  81   0   0   0   0   0   0   0   1   0   0   0   0  2.41 1.05
    5 I    -5  -8  -9  -9  -4  -8  -8  -9  -9   6   1  -8  -2  -2  -8  -7  -6  -8  -5   6    1   0   0   0   0   0   0   0   0  40  10   0   1   2   0   0   0   0   0  46  1.84 0.82
    6 D    -9  -7  -5   9 -10  -7  -3  -8  -8 -10 -11  -7 -10 -11  -8  -7  -8 -11 -10 -10    0   0   0  98   0   0   1   0   0   0   0   0   0   0   0   0   0   0   0   0  3.49 1.41
    7 I    -6  -8  -8  -9  -4  -7  -8  -9  -8   5   5  -7  -1   0  -8  -7  -6  -7  -6   3    0   0   0   0   0   0   0   0   0  32  45   0   1   4   0   0   0   0   0  18  1.55 0.72
    8 G    -6  -9  -7  -5  -9  -8  -9   8  -9 -11 -10  -8  -9 -10  -9  -6  -8  -9 -10 -10    0   0   0   1   0   0   0  99   0   0   0   0   0   0   0   0   0   0   0   0  3.14 1.29
    9 G     0  -5  -5  -7  -8  -6  -7   7   0 -10 -10  -8  -7  -9  -8  -6  -8  -9  -9  -7    7   1   1   0   0   0   0  88   2   0   0   0   0   0   0   0   0   0   0   0  2.59 1.12
   10 T    -5  -4  -6  -5  -7  -5  -6  -7  -4  -7  -7  -7  -7  -9  -8  -1   8  -9  -7  -7    1   1   0   1   0   0   0   0   1   0   0   0   0   0   0   4  91   0   0   0  2.83 1.30
   11 K    -3  -1   5  -3  -5   0  -4  -2   3  -7  -6   6  -6  -2  -6  -1  -1   0  -3  -7    2   3  23   1   0   3   0   3   6   0   1  44   0   2   0   4   5   1   1   0  1.21 0.68
   12 V    -3  -7  -7  -8   0  -5  -7  -8  -5   7   1  -7   2  -2  -7  -5   1  -5  -5   3    2   0   0   0   2   0   0   0   0  50  13   0   4   2   0   1   9   0   0  16  1.40 0.67
   13 A     4   4  -3  -3  -6  -2  -3  -4  -3  -4   0   4  -1  -5  -5  -2  -2  -6  -3  -3   28  24   1   1   0   1   2   1   1   1   8  21   1   0   0   3   2   0   1   2  0.77 0.50
   14 V     4  -6  -6  -6   0  -5  -6   1  -5   0  -1  -5   0  -1  -6  -1   0  -4  -1   3   38   0   0   0   2   0   0  10   0   5   6   0   2   3   0   4   6   0   2  22  0.74 0.48
   15 A     5  -7  -6  -7  -2  -6  -6   5  -7  -3  -4  -6  -5  -7  -6  -3  -4  -7  -7   1   44   0   0   0   1   0   0  40   0   2   2   0   0   0   0   2   1   0   0   9  1.43 0.75
   16 L    -3  -2  -6  -7  -5  -6  -6  -6  -5   3   5  -6  -2  -2  -5  -5  -4  -4  -4   4    3   3   0   0   0   0   0   0   0  12  49   0   0   1   1   1   1   0   0  27  1.19 0.58
   17 A     2  -5  -5  -5   0  -5  -5  -3  -6   1  -1  -5  -1   1  -5  -3  -2  -4  -3   6   14   0   0   1   2   0   0   2   0   8   6   0   1   7   0   2   2   0   1  52  1.06 0.54
   18 P    -1  -1   1   6  -3  -1   0  -1   0  -4  -3  -2  -3  -4  -2   0  -1  -4  -3  -3    6   3   7  46   1   2   5   4   2   1   3   2   1   1   2   6   4   0   1   2  0.82 0.38
   19 A     2   0  -1  -1  -1   0   0   0  -1  -1   0   0   0  -1   1   0   0  -1  -1  -1   21   6   3   4   1   3   6   7   1   3  11   4   2   2   6   8   5   1   2   5  0.08 0.07
   20 G     1   0   1   0  -1   0   0   1   0  -1  -1  -1  -1  -1   0   1   0  -1  -1   0   12   4   7   6   1   3   6  13   2   4   5   3   1   2   3  13   5   1   2   7  0.07 0.04
   21 T     0   0   0   1  -1   0   0   2   0  -1  -1  -1  -1  -1  -1   1   2  -1  -1  -1    5   4   4   7   1   3   4  15   3   3   7   3   1   2   3   9  16   1   2   5  0.10 0.05
   22 D    -1   2   0   3  -2   0   3  -1  -1  -2  -2  -1  -2  -2   2  -1  -1  -2  -2  -2    4  12   5  14   1   4  17   6   1   3   5   3   1   2   9   4   4   0   1   3  0.24 0.14
   23 R    -1   1   0   4  -3   1   2  -1   1  -2  -2   0  -2  -3  -2   0   1  -3  -2  -1    6   7   3  22   1   6  13   4   3   3   4   5   1   1   2   6   7   0   1   4  0.26 0.17
   24 A    -1  -4  -4  -5  -3  -3  -3   7  -2  -4  -3  -3  -4  -4  -2  -3  -4  -3  -4  -4    5   1   1   1   1   1   2  73   1   1   3   1   0   1   3   2   1   0   1   2  1.64 0.74
   25 A     0   4   1  -2  -4   1   3  -1   0  -3  -3   2  -3  -5  -3  -1   1  -5  -4  -1    7  20   6   1   0   7  17   5   2   1   2  12   0   0   1   4  10   0   0   4  0.42 0.31
   26 L    -4  -3  -6  -7  -3  -5  -4  -7  -5   6   2  -6   0  -3  -2  -6  -3  -3  -5   4    1   2   0   0   1   0   1   0   0  38  18   0   2   1   3   0   2   0   0  30  1.21 0.59
   27 V    -2   0  -5  -5  -2  -2  -4  -5   0   2   5  -3  -1  -2  -6  -4  -2  -6  -3   3    3   6   0   0   1   2   1   1   2  11  47   1   1   2   0   1   3   0   1  17  0.81 0.46
   28 A     3   0  -2   0   0  -1   1   1   2  -3  -2   0  -3  -1  -4   0  -1  -1  -1  -1   30   6   2   5   2   2   8  10   5   1   3   5   0   2   0   7   4   1   2   4  0.28 0.25
   29 R    -2   5  -3  -2  -4   1   2  -5   2  -4  -4   3  -4  -3  -4   0   0  -2  -2  -2    3  34   1   2   0   6  11   1   4   1   2  14   0   2   1   8   6   1   1   3  0.73 0.46
   30 R     1   3  -1   0  -2   0   0  -1   1   0  -1   0  -1  -2  -3   0   0   1  -2   1   13  17   2   5   0   3   7   4   4   4   6   6   2   2   1   5   7   2   1  10  0.12 0.14
   31 S    -2   4  -2  -3  -3   2   2  -4  -1  -2  -4   2  -2  -5  -5   2   1  -4  -3   0    3  24   1   1   0   7  11   1   1   2   2  12   1   0   0  16   9   0   1   7  0.52 0.39
   32 E     0   2  -3  -2   0   0   0  -3   1   2   0  -1   0   1  -4  -2   0  -2  -1   2    9  14   0   2   2   4   7   1   3  14   8   3   2   5   0   1   7   0   2  16  0.20 0.19
   33 P     1   0  -5  -1  -7  -2   0  -4  -3  -6  -2   0  -6  -7   7   0  -3  -6  -6  -3   10   5   1   4   0   2   6   1   1   0   4   6   0   0  53   6   1   0   0   2  1.32 0.71
   34 T    -3  -5  -5  -4  -7  -6  -5  -5  -5  -3  -2  -6  -3  -5  -4   0   8  -8  -7  -3    3   1   0   1   0   0   0   1   0   1   4   0   1   1   1   6  78   0   0   2  2.10 1.03
   35 V    -1   1  -1   2  -3   0   1   0   0  -4  -1  -1  -3  -4   5  -2  -2  -6  -3  -2    6   9   3  10   1   5  10   7   2   0   6   4   1   1  27   2   2   0   1   3  0.49 0.35
   36 K     4   2  -3  -2  -3   0  -2  -1  -2  -1  -3   0  -2  -5   2   0   0  -3  -4   1   33  11   1   2   0   3   2   4   1   3   3   5   1   0   9   8   5   0   0   9  0.40 0.33
   37 E     1   0  -1   2  -3   1   3   0   2  -4  -3   0  -2  -3  -2   1   1  -2  -3  -3   11   6   3  12   0   5  17   7   5   1   2   4   1   1   2  11   8   1   1   2  0.27 0.23
   38 G     0   3  -1   2  -2   0   2   2   0  -4  -2   1  -2  -4  -1  -1  -2  -4  -4  -3    8  14   3  10   1   4  15  16   2   1   5   8   1   0   3   5   2   0   0   2  0.29 0.23
   39 P    -2  -1  -2   2  -6  -3  -2   6  -3  -5  -7  -3  -5  -5   1   1  -1  -5  -6  -5    3   3   2   9   0   1   3  54   1   1   0   1   0   0   6   8   4   0   0   1  1.09 0.58
   40 P     2   0  -3  -3  -3  -1  -1   0  -3  -3  -3  -2  -4  -1   6  -1  -2  -1   0  -1   15   6   1   1   0   3   4   7   0   1   3   3   0   3  38   4   2   1   3   5  0.75 0.46
   41 D     1   0  -2   4  -5   1   4  -1  -2  -5  -4   0  -4  -5  -1  -1  -1  -4  -4  -3   10   5   2  22   0   5  31   4   1   0   2   4   0   0   3   5   3   0   0   2  0.66 0.43
   42 A     4   0  -2   0  -3   0   1   0   1  -3  -3  -1  -3  -3  -2  -1   0  -1  -1   0   35   6   1   6   0   4  11   7   3   1   2   4   0   1   2   3   5   1   2   6  0.36 0.30
   43 L     0  -6  -6  -4  -2  -5  -5  -3  -6   3   1  -5   1  -1  -5  -3   0  -4  -4   5    7   0   0   1   1   0   1   3   0  17  11   0   3   3   1   2   5   0   0  45  0.93 0.50
   44 A     0  -3  -6  -6   0  -5  -3  -5  -6   3   3  -4   2   1  -4  -3  -2  -1  -3   3    8   1   0   0   2   0   2   0   0  18  32   1   5   5   1   1   3   1   1  19  0.68 0.39
   45 R     2   2   0   3  -4   1   3   0  -1  -5  -4   0  -4  -5  -2   0  -2  -4  -4  -4   17   9   3  19   0   5  19   8   1   0   2   5   0   0   1   6   2   0   0   1  0.47 0.34
   46 Q     2   5   1   0  -3   3   0  -3  -1  -4  -2   0  -2  -4  -5  -1   0  -3  -4  -3   18  27   6   6   1  12   5   2   1   1   5   4   1   1   0   3   6   0   0   2  0.50 0.38
   47 C     0  -6  -7  -8   0  -6  -7  -7  -7   6   3  -7   5  -3  -7  -6  -3  -7  -6   3    7   0   0   0   2   0   0   0   0  36  23   0  12   1   0   0   1   0   0  18  1.23 0.60
   48 L     3  -1  -3  -2   1  -2  -1  -2  -2   1   0  -1  -1  -1  -4  -1  -1  -3  -2   2   29   3   1   2   2   1   5   3   1   9  11   4   1   3   0   3   4   0   1  16  0.28 0.25
   49 R     2   2  -1   3  -5   1   3   0  -2  -5  -3   0  -2  -5  -4   0  -1  -4  -4  -3   18  12   2  14   0   6  18   8   1   0   2   4   1   0   0   7   4   0   0   2  0.40 0.32
   50 M     2  -2  -3  -4   1  -2  -3  -1  -2   1   3  -4   3  -2  -5   0   0  -3  -3   1   19   2   1   1   3   2   2   4   1   6  28   1   7   2   0   6   6   0   1  10  0.35 0.28
   51 V     2  -5  -6  -6   1  -6  -6  -3  -4   5   1  -5  -1  -2  -6  -3  -2  -6  -3   4   17   1   0   0   2   0   0   3   0  29  11   0   1   1   0   2   2   0   1  29  0.88 0.48
   52 D     0   4   0   2  -4   1   2  -1   1  -4  -2   1  -3  -4  -4  -1  -1  -5  -3  -4    9  25   4  11   0   7  14   6   4   1   4   7   0   0   0   3   4   0   1   1  0.45 0.32
   53 E     1   2  -1   2  -5   2   4  -1  -1  -5  -4   0  -2  -4  -3   0  -1  -4  -4  -4   11   9   2  11   0   8  29   6   2   0   2   6   1   1   1   7   4   0   0   1  0.49 0.35
   54 A     2  -5  -5  -5   0  -5  -4  -4  -4   0   4  -4   1  -1  -6  -3  -1  -3  -4   3   17   0   0   0   2   0   1   1   0   4  43   1   3   3   0   2   3   0   0  18  0.76 0.44
   55 C     1   0  -4  -4   2  -1  -3  -2  -2   2   3  -2   2  -2  -4  -1  -2  -1  -3   1   11   7   0   1   5   3   2   3   1  12  32   2   6   1   0   4   2   1   0   9  0.36 0.25
   56 A     3   1  -1   2  -4   1   2   0  -1  -4  -3   1  -3  -4  -2   0  -1  -5  -4  -2   25   9   3   9   0   6  15   6   1   1   2   7   0   1   2   7   2   0   0   2  0.34 0.27
   57 E     1   1  -1   1  -4   2   3  -1   0  -3  -3   1  -2  -3  -3   0   0  -2  -2  -3   13   8   2   8   0  10  23   4   2   2   3   7   1   1   1   7   5   1   1   2  0.32 0.24
   58 A     4  -1  -1  -2  -1  -1  -1  -1   1  -2  -1  -2  -2  -3  -2   1   0  -2  -1   0   39   3   3   2   1   3   3   4   3   2   7   2   1   1   2   9   6   1   2   6  0.38 0.27
   59 G    -1   0   1   0  -3   0   0   5   0  -3  -3   0  -3  -3   0  -1  -2  -1  -3  -2    6   6   5   4   1   4   6  39   3   1   3   5   1   1   4   5   2   1   1   3  0.47 0.25
   60 I     0   0  -2  -1  -1  -1  -1   0  -1   2   1  -1   0  -1   0  -1   0   0  -1   1    9   6   2   3   1   2   3   6   2  13  15   3   2   2   5   4   4   1   2  14  0.05 0.06
   61 S     1   0   0   1  -1   0   1   1  -1  -2  -2   0  -2  -3   2   2   1  -3  -2  -2   11   6   3   9   1   4   8  11   2   2   4   5   1   1   9  14   7   0   1   3  0.16 0.13
   62 R     0   2  -1   0  -3  -1   0   1  -1  -1   0   0   0  -2   2  -1  -1   2  -2  -1    8  13   2   5   0   2   5  13   2   3   8   7   3   2  12   4   3   3   1   4  0.15 0.13
   63 A     1   1  -1   1  -3   0   2   1   1  -2  -2   0  -2  -2   0   1  -1  -3  -1  -2   13   7   3   9   0   3  14  12   4   2   4   5   1   2   4   9   4   0   2   3  0.14 0.13
   64 Q     0   1  -1   3  -3   2   2  -1   0  -4  -4   1  -2  -4   2   0  -1  -4  -4  -3    9   9   2  17   0  10  15   5   2   1   1   7   1   1   8   6   4   0   0   2  0.36 0.26
   65 L    -1  -5  -5  -5  -1  -5  -4  -4  -5   4   2  -5  -1  -2   0  -5  -3  -5  -3   5    5   0   0   1   1   0   1   1   0  24  22   0   1   2   5   0   1   0   1  34  0.87 0.45
   66 Q     2   1  -2   0  -1   0   1   0  -2  -1   0   0  -1  -3  -2   0   0  -2  -2   1   21   8   1   4   1   5   8   6   1   4  10   5   1   1   1   6   5   1   1  10  0.10 0.13
   67 S     4  -1  -4  -5  -2  -4  -4   5  -3  -5  -5  -3  -3  -6  -4   0  -2  -3  -4  -3   32   3   0   0   1   1   1  45   1   1   1   1   1   0   1   6   2   0   1   2  1.11 0.59
   68 T     0  -6  -7  -6   0  -6  -6  -4  -7   6   0  -6  -1  -3  -6  -5  -3  -4  -5   5    7   0   0   0   2   0   0   2   0  40   7   0   1   1   0   0   1   0   0  38  1.35 0.63
   69 G    -2  -6  -6  -6  -2  -7  -7   8  -7  -6  -8  -6  -7  -7  -7  -3  -6  -7  -7  -4    3   0   0   0   1   0   0  90   0   0   0   0   0   0   0   2   0   0   0   2  2.50 1.02
   70 V    -2  -5  -7  -6  -1  -6  -6  -5  -7   5   1  -6   2  -2  -6  -5  -4  -6  -5   5    3   0   0   0   1   0   0   1   0  34  12   0   4   2   0   1   1   0   0  39  1.29 0.60
   71 A     2  -6  -5  -5  -1  -6  -6   6  -6  -6  -7  -6  -6  -7  -6   1  -3  -7  -7  -3   18   0   0   0   1   0   0  65   0   0   0   0   0   0   0  10   1   0   0   3  1.65 0.78
   72 S     3  -5  -5  -5   4  -4  -5  -3  -5   1   0  -5  -2   0  -4   2   1  -4  -3   3   21   0   0   0   8   0   0   2   0   8   7   0   1   5   0  16   7   0   0  23  0.57 0.39
   73 C     3  -7  -6  -6  -1  -6  -6   0  -5  -5  -6  -6  -6  -5   7  -3  -2  -8  -7  -4   22   0   0   0   1   0   0   7   0   1   1   0   0   1  61   1   3   0   0   1  1.93 0.92
   74 G    -1  -6  -6  -7  -3  -7  -7   8  -7  -9  -9  -7  -8  -8  -4  -3  -5  -8  -6  -6    5   0   0   0   1   0   0  89   0   0   0   0   0   0   1   2   1   0   0   1  2.52 1.05
   75 P    -1  -3  -4  -5  -4   0  -4  -3   0  -1   1  -5   0   0   6  -2  -1  -1  -2   1    4   1   1   0   0   5   1   2   2   4  11   0   2   5  42   3   5   1   1  10  0.89 0.52
   76 F    -3  -6  -6  -7  -4  -4  -6  -4  -4   4   3  -6   2   0  -4  -4  -2  -6  -3   5    2   0   0   0   0   1   0   1   1  19  23   0   4   3   1   1   2   0   1  41  1.07 0.54
   77 V    -4  -1   3   7  -7  -3  -1  -5  -1  -4  -5  -4  -5  -6  -4  -1  -4  -8  -6  -2    2   4  11  64   0   1   4   1   1   1   1   0   0   0   1   4   1   0   0   4  1.64 0.77
   78 L     1   1  -3  -2  -3  -1  -2  -1   2  -1  -1  -2   0   1   4   1   0   0   0   0   12   7   1   2   0   2   2   4   5   4   6   1   3   5  21   9   6   1   3   6  0.25 0.21
   79 Q     1   2  -1   2  -4   1   2  -1   0  -3  -3   1  -3  -2  -1   0  -1  -1  -3  -1   11  12   2  12   0   6  16   5   2   1   2   9   0   2   3   7   4   1   1   4  0.23 0.21
   80 D     0   3   0   1  -5   0   0  -1   0  -5  -4   1  -4  -5  -3   1   3  -6  -4  -4    8  19   5   7   0   4   7   4   2   0   1   9   0   0   1  10  22   0   0   1  0.47 0.35
   81 G    -3  -1  -3  -4  -5  -3  -4   7  -5  -7  -7  -4  -7  -7  -6  -2  -4  -7  -7  -4    1   4   1   1   0   2   1  82   0   0   0   1   0   0   0   3   1   0   0   1  2.09 0.90
   82 M    -1   2  -4  -3  -2  -2  -1  -2  -2   3   0  -2   1  -2  -4  -1   2  -1  -2   3    5  12   0   1   1   1   4   4   1  15   7   2   3   2   1   3  16   1   1  22  0.33 0.26
   83 V    -3  -5  -6  -6  -1  -6  -5  -6  -6   4   1  -5  -1  -4  -5  -4  -2  -2  -4   6    2   1   0   0   1   0   1   1   0  24  11   1   1   0   0   1   2   1   0  53  1.37 0.63
   84 E    -1   2  -2  -2  -3  -1  -1  -1   1   2   2  -1   0  -1  -2   0   0  -2   0   2    6  11   1   1   0   2   5   4   5  10  21   2   1   1   2   6   5   0   3  14  0.14 0.14
   85 V    -1   0  -1  -1  -1   0   0  -1   2  -1   0  -1   0   3  -1   0   0   2   3   0    3   5   3   3   1   3   6   5   5   4   7   4   2  15   4   6   5   3  10   5  0.13 0.11
   86 S     4  -3   0  -1  -1  -2  -2  -1  -3  -2  -2  -3  -1  -1  -2   3  -1  -2  -2  -1   35   1   4   4   1   1   2   4   1   2   5   1   1   3   2  26   3   1   1   4  0.51 0.33
   87 T     1  -2   1  -2   0  -2  -2  -1  -2  -2  -2  -2  -1  -2   4   1   3  -3  -2  -1   13   2   6   2   2   2   2   4   1   2   3   2   1   1  24   9  17   0   1   5  0.43 0.22
   88 P    -1  -2  -1   0  -3  -2  -2  -2  -2  -2  -3  -2  -3  -3   7  -1  -2  -2  -2  -2    6   2   3   6   1   2   3   4   1   3   3   2   1   1  52   4   2   1   1   4  1.13 0.42
   89 N    -1  -2   7  -2  -3  -2  -2  -1   1  -2  -2  -2  -3  -3  -2  -1  -1  -3  -2  -2    4   2  55   2   1   2   2   5   3   3   5   2   1   1   2   4   3   0   1   3  1.12 0.44
   90 I    -2  -2  -2  -3  -2  -2  -2  -2  -3   2   4  -3   2   1  -2  -2  -1  -1  -1   0    3   2   2   2   1   1   2   3   1  12  42   2   4   6   3   3   3   1   2   5  0.45 0.22
   91 C     0  -1  -2  -2   1  -2  -1  -1  -1  -2  -1  -1  -1  -2   6  -1  -1  -1  -2  -1    9   3   2   3   3   2   3   5   1   2   6   4   2   2  38   4   4   1   1   5  0.62 0.24
   92 G     0  -1  -1   0  -1  -1  -1   4  -1  -2  -2  -1  -2  -2   0   0  -1   0  -1  -1    6   3   3   5   2   2   3  38   1   3   5   3   1   2   6   6   4   1   2   4  0.39 0.14
   93 G     0   0   0   0   0   0   0   0   0   0   0   0   0   0   1   0   0   1   0   0    8   5   5   5   2   4   6   8   2   6  10   5   2   4   5   6   6   3   3   6  0.02 0.11
   94 L     0   0   0   0  -1   0   0   0   0   0   0   0   0   0   0   0   0   1   0   0    7   5   4   6   2   4   6   7   2   6  12   5   4   4   5   6   5   2   3   7  0.01 0.09
   95 P     0   0   0   0  -1   0   0   0   0  -1  -1   0   0  -1   2   0   0   0   0   0    9   5   4   7   2   4   6   7   2   4   8   5   2   3  11   7   5   1   3   6  0.06 0.01
   96 G     0   0   0   0  -1   0   0   2   0  -1   0   0   0   0   0   0   0   0   0   0    8   5   4   5   2   4   5  16   2   4   8   5   2   4   5   6   5   1   3   6  0.04 0.01
   97 A     0   0   0   0  -1   0   0   0   0   0   0   0   0   0   1   0   0   1   0   0    8   5   4   5   2   4   6   6   2   6   9   5   2   3   6   6   6   2   3   8  0.02 0.08
   98 D     0   0   0   1  -1   0   0   0   0   0   0   0   0   0   1   0   0   0   0   0    9   4   5   8   2   4   6   7   2   5   9   5   2   3   5   7   5   2   3   8  0.02 0.08
   99 R     0   1   0   0  -1   0   0   0   0   0   0   0   0   0   0   0   0   0   0   0    8   9   4   5   2   4   6   7   2   5  11   5   2   4   5   8   5   1   3   6  0.02 0.00
  100 S     0   0   0   0  -1   0   0   0   0   0   0   0   0   0   1   0   0   0   0   0    9   4   4   5   2   3   6   8   2   5   9   5   2   5   6   8   5   1   3   7  0.02 0.09
  101 L     0   0   1   0   0   0   0   0   0   0   0   0   0  -1   1   0   0   0   0   0   11   4   7   5   2   4   6   7   3   5   8   5   2   3   5   7   5   1   3   6  0.02 0.00
  102 L     0   0   0   0  -1   0   0   0   0   0   0   0   0   0   1   0   0   0   0   0    6   4   5   4   2   3   5   6   4   7  14   4   3   3   6   5   5   1   2   9  0.01 0.00
  103 P     0   0   2   0  -1   0   0  -1   1   0   0   0   0   0   1   0   0  -1  -1   0    6   4  15   4   1   3   5   5   3   6  12   4   2   4   8   5   4   1   2   6  0.06 0.03
  104 N     0   0   0   0  -1   0   0   0   0   0   1   0   0   0   2   0   0   0   0   0    7   5   5   5   1   3   5   7   2   5  18   5   2   3   9   6   5   1   2   5  0.04 0.02
  105 D     0   0   1   1  -2   0   0   2   1  -2  -1   0  -1  -1   0   0  -1   1  -1  -1    8   4   6  10   1   4   6  20   4   3   5   4   1   3   5   5   4   2   2   3  0.12 0.06
  106 W    -5  -4  -6  -6  -4  -6  -4  -6  -6  -4  -2  -6  -3   2  -6  -5  -4  12  -2  -5    1   1   0   0   0   0   1   1   0   1   4   1   1   8   0   1   1  74   1   1  3.58 1.22
  107 T     0   4   0   2  -3   0   1  -1   2  -2  -3   1  -2  -2  -3  -1   0  -2  -2  -2    9  21   4  10   0   4   8   4   6   2   2   9   1   1   1   4   7   1   1   4  0.27 0.22
  108 R    -3  -1   4   4  -5  -1   0   4   1  -6  -6  -2  -3  -6  -3  -2  -4  -6  -4  -5    1   3  22  24   0   2   7  29   3   0   0   2   1   0   2   2   1   0   1   1  0.92 0.50
  109 I    -1  -3  -5  -5  -2  -3  -2  -5  -3   2   0  -4   0   3  -5  -4   1  -4   2   5    5   2   0   0   1   1   4   0   0  10   7   1   2  14   0   1   9   0   6  37  0.68 0.40
  110 P    -1  -1  -1   1  -4  -2  -1  -5   0  -7  -6  -4  -5  -4   8  -2  -4  -8  -4  -5    6   4   3   7   0   2   4   1   2   0   1   1   0   1  63   2   1   0   1   1  1.74 0.82
  111 L    -3  -6  -7  -5  -5  -6  -6  -6  -7   3   5  -6   0  -1  -2  -5  -5  -4  -4   3    2   0   0   1   0   0   0   0   0  16  54   0   2   3   2   1   0   0   0  18  1.19 0.57
  112 Q     2   4  -4  -4  -3  -1  -2   2  -3  -2  -3   2  -4  -5  -3  -1  -1  -6  -4   1   20  25   0   0   1   2   2  13   0   2   2  15   0   0   1   3   4   0   0  10  0.54 0.38
  113 A     2   2  -2   3  -5   2   3  -1  -3  -5  -5   1  -4  -5   0   0  -1  -6  -5  -4   17   9   1  17   0   7  17   5   0   0   1   8   0   0   4   6   4   0   0   1  0.46 0.34
  114 P    -1   2  -2  -1  -4  -1   2  -2   0   1   1  -1   2  -1   0  -2  -1   1  -1   0    6  15   1   4   0   2  13   3   2  10  15   3   6   2   6   2   3   2   2   5  0.14 0.16
  115 L    -3  -6  -5  -7  -5  -6  -7  -7  -6   2   6  -6   2   1  -7  -6  -5  -5  -4   2    2   0   1   0   0   0   0   0   0   9  63   0   5   6   0   0   0   0   0  12  1.36 0.63
  116 A     2   2  -2  -2  -4   2   4   0   0  -5  -5   0  -3  -5  -3   2   0  -6  -3  -3   15  12   1   2   0  11  25   6   2   0   1   4   0   0   1  13   5   0   1   1  0.52 0.38
  117 E     1   2  -1   2  -5   2   4  -1  -2  -5  -5   2  -5  -6  -4   0  -1  -4  -4  -4   14  10   3  10   0   7  27   4   1   0   1  11   0   0   0   6   3   0   0   1  0.55 0.38
  118 A     3   5  -2  -3  -4  -1   1  -2   1  -3  -1   0  -3  -3  -5  -1  -2  -3  -1  -3   21  33   1   1   0   2  11   3   3   1   7   5   0   1   0   3   2   0   2   2  0.58 0.39
  119 L    -3  -5  -5  -5  -1  -5  -6  -5  -4   0   4  -5  -1   5  -6  -3   2   0   1   0    2   0   1   1   1   0   0   1   0   4  40   0   1  24   0   1  13   1   4   6  0.93 0.49
  120 G    -1  -1   1   1  -4  -1  -2   6   1  -7  -5  -1  -5  -6  -1  -2  -5  -6  -5  -5    6   4   7   7   0   3   2  54   4   0   1   4   0   0   3   3   0   0   0   1  1.04 0.54
  121 R    -3   0  -5  -4  -8  -4  -4  -6  -3  -6  -2  -1  -4  -7   8  -4  -5  -8  -8  -2    2   6   0   1   0   1   1   1   1   0   5   4   0   0  72   1   1   0   0   4  2.12 0.96
  122 V     1  -7  -5  -8   0  -7  -7  -7  -8   1  -2  -7  -4  -5  -3  -5   1  -6  -5   7   10   0   0   0   2   0   0   0   0   5   3   0   0   0   1   0   9   0   0  67  1.60 0.77
  123 N     1   1  -3  -4  -1  -2  -3  -4   1   0   0  -2   0   3  -4  -2   0   3   3   2   12   9   1   0   1   2   1   1   3   5   7   2   2  13   0   3   5   4  12  17  0.33 0.26
  124 V    -2  -5  -7  -8  -3  -6  -6  -7  -7   3   4  -7   2  -3  -7  -6  -4  -7  -4   5    3   0   0   0   1   0   0   0   0  15  33   0   5   1   0   0   1   0   0  40  1.25 0.61
  125 Q    -1  -3  -2   5  -5  -1   5   1  -1  -2  -3  -4  -2  -5  -6  -3  -4  -5  -6  -2    5   1   1  34   0   2  33  10   1   3   3   0   1   1   0   1   1   0   0   3  0.98 0.57
  126 N    -7  -3   9  -3  -6  -5  -5  -3   2  -7  -9  -4  -6  -9  -8  -5  -6  -9  -4  -7    0   2  88   1   0   0   0   2   4   0   0   1   0   0   0   0   0   0   1   0  2.95 1.21
  127 D    -8  -7  -3   9  -9  -6  -4  -6  -7  -7  -9  -7  -9  -9  -7  -6  -7 -10  -9  -6    0   0   1  96   0   0   1   0   0   0   0   0   0   0   0   0   0   0   0   1  3.23 1.27
  128 A     6  -6  -5  -5   0  -6  -6   0  -7  -4  -5  -6  -5  -7  -6  -3  -1  -7  -6   4   62   0   0   0   2   0   0   7   0   0   0   0   0   0   0   1   3   0   0  23  1.48 0.76
  129 V    -4   2   8   0  -6  -2  -4  -5   2  -5  -6  -1  -6  -5  -6  -2  -1  -8  -5  -1    1   9  62   4   0   2   1   0   4   1   1   3   0   0   0   2   5   0   0   4  1.66 0.79
  130 A     5  -6  -4  -6   4  -5  -5  -4  -6  -2   1  -5   1  -5  -6  -2  -2  -7  -6   2   52   0   1   0   8   0   0   1   0   2  12   0   3   0   0   2   3   0   0  15  1.10 0.61
  131 A     6  -5  -5  -6   0  -4  -6   1   0  -2  -2  -5   2   1  -6  -3  -3  -5  -3  -3   61   0   0   0   2   1   0  11   2   2   4   0   6   5   0   1   2   0   1   1  1.19 0.65
  132 L     6  -6  -6  -7  -1  -6  -6  -1  -7  -4  -2  -6  -3  -5  -6  -3   1  -7  -7   0   72   0   0   0   1   0   0   5   0   1   4   0   1   0   0   1  10   0   0   6  1.58 0.80
  133 V    -2  -4  -7  -7  -5  -5  -4  -7  -4   1   5  -6   1   0  -7  -6  -4   6   2   1    4   1   0   0   0   0   1   0   0   6  56   0   3   3   0   0   1  10   5   8  1.20 0.59
  134 A     4  -7  -6  -7  -7  -7  -7   6  -7  -8  -8  -6  -7  -8  -7  -4  -5  -8  -8  -7   35   0   0   0   0   0   0  64   0   0   0   0   0   0   0   1   0   0   0   0  2.07 0.92
  135 E    -6  -6  -6  -4  -9  -4   8  -8  -6  -7  -7  -5  -8  -9  -7  -6  -6  -9  -8  -7    0   0   0   0   0   0  98   0   0   0   0   0   0   0   0   0   0   0   0   0  3.05 1.29
  136 R     2  -1  -2  -6  -2   1  -4  -2   5  -4  -1   0   0   2  -6  -2  -3   7   4  -2   17   4   2   0   1   5   0   3  12   1   5   5   2   8   0   3   1  15  14   3  0.71 0.43
  137 R    -1   5  -4  -5  -3  -1  -2  -5   2  -2  -1   0   1  -2  -6  -2   0   8   0   0    5  27   0   0   1   2   2   1   4   2   7   4   3   2   0   2   6  23   3   6  0.99 0.54
  138 W     0  -1  -5  -5  -1  -1  -5  -5   1  -1   1  -2   0   6  -6  -3  -4   4   4  -1    8   4   0   1   1   3   0   0   4   3  15   3   2  33   0   1   1   5  11   4  0.83 0.45
  139 G    -5  -8  -5  -7  -8  -7  -5   8  -5  -8  -9  -7  -7  -9  -8  -5  -6  -8  -9  -9    1   0   0   0   0   0   1  97   0   0   0   0   0   0   0   0   0   0   0   0  2.90 1.15
  140 A     7  -5  -7  -6  -2  -4  -5  -2  -3  -4  -5  -5  -5  -7  -5  -1  -4  -8  -4  -1   81   0   0   0   1   1   1   3   1   1   1   0   0   0   0   4   1   0   1   5  1.84 0.89
  141 L     3  -5  -5  -6  -4  -6  -6   7  -5  -8  -4  -4  -5  -5  -5  -4  -5  -4  -6  -6   25   1   0   0   0   0   0  67   0   0   2   1   0   1   1   1   0   0   0   0  1.80 0.83
  142 Q    -1   6  -4  -4  -7   3  -3  -5  -2  -3  -6   4  -3  -7  -4  -3  -3  -7  -6  -2    6  48   0   1   0  12   1   1   1   2   1  21   0   0   1   1   1   0   0   3  1.34 0.69
  143 G    -3  -3   0   1  -6  -3  -2   7  -1  -8  -8  -2  -7  -8  -3  -3  -4  -8  -6  -7    1   2   4   8   0   1   3  73   1   0   0   2   0   0   2   1   1   0   0   0  1.74 0.79
  144 Q     2  -1  -3  -4   3  -2  -1  -3   2  -1  -1  -1  -1   1  -3   0   1  -1   2   1   22   3   0   0   7   2   3   2   6   3   6   3   2   6   1   7   7   1   7  13  0.24 0.23
  145 D    -1   4   0   3  -4   1   1  -1   1  -6  -5   2  -5  -6  -1   1  -1  -5  -5  -5    5  25   4  17   0   6   8   4   3   0   0  10   0   0   3  10   4   0   0   0  0.57 0.38
  146 H    -4  -3   5   5  -2  -3  -2  -4   5  -3  -6  -4  -5  -4  -3   2   0  -4  -3  -4    1   1  25  26   1   1   1   1  13   2   1   0   0   1   1  16   6   0   1   1  1.01 0.57
  147 C     0  -6  -6  -7   0  -4  -6  -4  -6   0   3  -6   6   4  -6  -3  -3  -3  -2   3    8   0   0   0   2   0   0   1   0   4  26   0  18  16   0   1   1   0   1  19  0.90 0.49
  148 A     0  -7  -7  -7  -1  -6  -7  -7  -7   4   3  -7  -1   0  -7  -6  -4  -3  -5   5    8   0   0   0   1   0   0   0   0  19  27   0   1   4   0   0   0   0   0  39  1.16 0.58
  149 Y    -2  -6  -6  -7   5  -6  -7   1  -2  -3   0  -6   4   4  -7  -4  -3  -1   6  -1    4   0   0   0  12   0   0  10   1   1   9   0  11  13   0   1   1   1  30   5  1.16 0.60
  150 V    -2  -7  -7  -8  -4  -6  -7  -8  -7   4   3  -7   3   0  -7  -6  -4  -6  -2   5    3   0   0   0   0   0   0   0   0  24  28   0   6   4   0   0   1   0   1  33  1.20 0.58
  151 T     1  -5  -2  -6  -5  -5  -6  -5  -5  -3  -4  -1  -2   1  -5  -3   7  -1  -4  -1   10   0   2   0   0   0   0   1   0   1   1   4   1   6   1   1  65   1   0   4  1.49 0.80
  152 W    -3  -5  -7  -8  -2  -6  -7  -8  -7   4   4  -7   0  -1  -4  -6  -3   2  -5   5    1   0   0   0   1   0   0   0   0  19  37   0   2   2   1   0   1   2   0  33  1.20 0.58
  153 S    -3  -6  -5  -5  -7  -7  -7   7  -5  -9  -6  -6  -8  -8  -7   4  -5  -8  -8  -8    1   0   0   1   0   0   0  69   0   0   1   0   0   0   0  27   0   0   0   0  2.09 0.95
  154 T    -5  -5  -5  -6  -7  -7  -6  -5  -5  -7  -7  -6  -7  -8  -6  -2   8  -9  -6  -5    1   0   0   0   0   0   0   1   0   0   0   0   0   0   0   2  94   0   0   0  2.85 1.25
  155 G    -6  -8  -6  -7  -9  -8  -8   8  -8 -10 -10  -8  -9  -9  -8  -5  -5  -9  -9  -9    0   0   0   0   0   0   0  99   0   0   0   0   0   0   0   1   1   0   0   0  3.03 1.20
  156 V    -6  -8  -8  -8  -5  -8  -8  -5  -8   7  -1  -8  -2  -3  -8  -7  -5  -8  -5   5    0   0   0   0   0   0   0   1   0  54   5   0   1   1   0   0   0   0   0  38  1.96 0.83
  157 G    -3  -8  -6  -7  -8  -8  -8   8  -8 -10 -10  -7  -9  -9  -8  -5  -7  -9  -9  -6    1   0   0   0   0   0   0  97   0   0   0   0   0   0   0   1   0   0   0   1  2.96 1.17
  158 V     2  -7  -4  -7   2  -7  -7   7  -7  -6  -7  -6  -2  -7  -7  -1  -4  -8  -8  -4   16   0   0   0   3   0   0  71   0   0   0   0   1   0   0   5   1   0   0   1  1.87 0.84
  159 G     2  -8  -6  -7  -2  -7  -7   7  -8  -9  -9  -7  -8  -9  -7  -3  -6  -8  -8  -7   16   0   0   0   1   0   0  80   0   0   0   0   0   0   0   2   0   0   0   0  2.30 0.98
  160 L    -2  -6  -7  -8  -3  -6  -7  -6  -3   6   3  -7   1   0  -7  -6  -5  -2  -4   3    3   0   0   0   0   0   0   1   1  40  29   0   2   4   0   0   0   1   0  19  1.24 0.58
  161 C    -4  -8  -8  -8   0  -7  -8  -7  -8   6  -1  -7  -1  -1  -7  -6  -4  -2  -2   5    1   0   0   0   2   0   0   0   0  47   5   0   1   2   0   0   0   1   2  39  1.70 0.75
  162 V    -1  -3  -5  -5   0  -3  -4  -6  -3   4   3  -5   0  -1  -6   0  -1  -5  -3   3    6   2   0   0   2   1   1   0   1  24  31   0   2   2   0   7   4   0   1  16  0.66 0.39
  163 D    -3  -3   5   6  -8  -2   0   3   1  -8  -7  -4  -7  -7  -6  -3  -5  -8  -7  -8    2   2  23  43   0   2   5  19   3   0   1   1   0   0   0   1   0   0   0   0  1.41 0.70
  164 G    -5  -2   0   0  -8  -6  -5   7  -4  -9  -9  -4  -8  -9  -8  -4  -7  -5  -8  -9    0   2   4   5   0   0   1  85   1   0   0   1   0   0   0   1   0   0   0   0  2.35 0.99
  165 S    -2   6  -2  -3  -6   3   1  -5   1  -6  -5   4  -4  -7  -6  -3  -3  -7  -5  -3    4  40   2   2   0  10   9   1   3   0   1  22   0   0   0   2   1   0   0   3  1.13 0.61
  166 V    -5  -6  -8  -7  -6  -6  -7  -8  -7   4   5  -7   1  -4   1  -6  -4  -7  -6   2    1   0   0   0   0   0   0   0   0  18  58   0   2   0   6   0   1   0   0  14  1.37 0.66
  167 L    -5  -1  -5  -5  -3  -2  -4  -7   3   0   3  -5  -1   3  -7  -6  -5   5   6   1    0   4   0   1   1   2   1   0   7   5  24   0   2   9   0   0   0   8  28   9  1.04 0.54
  168 R    -2   6  -2  -3  -5  -1  -1  -4   5  -4  -1  -2  -3  -4  -4   0   1  -3  -2  -2    2  44   1   2   0   2   4   1  13   1   7   1   0   1   1   6   9   0   1   3  0.94 0.54
  169 G    -6  -7  -6  -7  -8  -8  -8   8  -8 -10 -10  -7  -9  -9  -8  -6  -7  -8  -9  -9    0   0   0   0   0   0   0  99   0   0   0   0   0   0   0   0   0   0   0   0  3.05 1.20
  170 K     4   1  -2  -3  -1  -2  -2  -1   2  -3  -4   0  -2   0   0   1   0   0  -2   0   37   8   1   1   1   1   2   3   5   1   1   5   1   4   6  12   4   1   1   6  0.41 0.34
  171 N    -1   2   3   1  -2   0  -2  -1   5  -3  -3  -2  -3   0  -5   1   2   0  -1  -4    4  10  13   9   1   4   1   5  15   1   3   2   0   4   0  11  13   1   2   1  0.42 0.32
  172 G    -3  -3   0  -1  -4  -4  -3   7   1  -8  -6  -5  -5  -1  -7  -2  -5   0  -2  -7    2   1   4   4   0   1   2  71   3   0   1   0   0   3   0   3   1   1   2   0  1.64 0.76
  173 N     2  -2   2  -3   0  -2  -3   0  -2  -1   0  -3   3   1  -4   1   1  -2   0   0   17   2  12   0   2   1   1   8   1   4   8   0   7   8   0  11  10   0   3   5  0.22 0.23
  174 A     7  -6  -7  -7  -6  -6  -6   2  -2  -6  -6  -6  -7  -6  -5  -3  -5  -8  -6  -6   83   0   0   0   0   0   0  12   1   0   0   0   0   0   0   2   0   0   0   0  2.10 0.98
  175 G     2  -8  -5  -7  -5  -7  -7   7  -4  -7  -7  -7  -4  -7  -3  -4  -4  -8  -8  -5   15   0   0   0   0   0   0  78   0   0   1   0   1   0   2   1   1   0   0   1  2.12 0.93
  176 H    -4  -5  -6  -1 -10  -3   8  -7   3  -8  -8  -5  -8  -9  -7  -5  -6  -9  -8  -8    1   0   0   3   0   0  88   0   6   0   0   0   0   0   0   1   0   0   0   0  2.64 1.17
  177 A    -2  -7  -7  -8  -3  -7  -7  -7  -7   6   3  -7  -1   3  -4  -6  -5  -3  -4   3    3   0   0   0   0   0   0   0   0  41  23   0   1  10   1   0   0   0   0  19  1.26 0.59
  178 G    -5  -8  -6  -7  -5  -8  -8   8  -8 -10 -10  -8  -9  -9  -8  -5  -8  -3  -9  -9    0   0   0   0   0   0   0  99   0   0   0   0   0   0   0   0   0   1   0   0  3.03 1.20
  179 H    -8  -7  -3  -7  -9  -5  -7  -8  11  -9  -8  -6  -8  -5  -9  -7  -8  -1  -2  -9    0   0   1   0   0   0   0   0  94   0   0   0   0   1   0   0   0   1   1   0  4.24 1.51
  180 S    -3  -5  -5  -6  -3   0  -5  -6  -1   4   1  -5   7  -1  -5  -3   2  -2  -4   2    2   0   0   0   0   4   0   0   1  21  11   0  29   2   1   2  11   1   0  12  1.01 0.52
  181 F    -2  -1  -3  -5   0  -2  -4  -5  -4   3   0  -2  -1  -2   2  -1   3  -5  -4   4    3   4   1   0   2   2   0   0   0  16   6   2   1   1   9   4  18   0   0  27  0.54 0.36
  182 S    -2  -5  -5  -3  -5  -4  -6  -7  -5   4   1  -5   0  -3  -4  -4  -2  -5  -5   6    3   0   0   2   0   1   0   0   0  25  14   0   2   1   1   1   3   0   0  46  1.18 0.57
  183 S     0   0  -1   4  -3   1   2  -2  -1  -1  -1   0  -1  -2   0   0  -1  -2  -2   1    6   4   2  24   0   5  13   2   1   3   5   4   1   2   4   5   3   1   2  12  0.25 0.21
  184 D     0   0   0   2  -1   0   1  -1   0   0   0   0   0  -1   0   0   0   0   0  -1    7   6   4  13   1   4   9   4   2   5   8   5   4   3   4   5   5   2   4   5  0.05 0.03
  185 G     0  -1   1   0  -1   0   0   2   0  -1  -1  -1  -1  -1   1   0   0  -1   0  -1    9   4   7   6   2   3   5  20   2   4   6   4   2   3   6   6   5   1   3   5  0.09 0.03
  186 P     0  -2  -2  -1  -3  -2  -1  -1   0  -3  -2  -2  -3   0   7  -2  -2  -3  -2  -3    8   3   2   3   1   2   5   5   2   2   4   2   1   4  47   3   2   0   2   2  0.97 0.37
  187 S     0  -1   3   4  -4   0   2   2   2  -4  -4  -2  -4  -3  -1   0  -2  -3  -2  -3    7   4  12  27   0   4  11  13   4   1   1   2   0   1   2   5   2   0   2   1  0.47 0.29
  188 D    -2  -3  -4   0  -6  -4  -3   7  -2  -6  -5  -4  -5  -3  -3  -3  -4  -4  -4  -6    3   2   0   5   0   1   2  76   1   1   1   1   0   2   2   2   1   0   1   1  1.78 0.76
  189 A     0   3  -3  -2  -1  -2   0  -2   0  -1  -1  -3  -2  -3   6  -3  -3  -2  -1  -1    8  15   1   2   1   2   6   3   2   4   7   1   1   1  36   1   1   1   2   4  0.71 0.42
  190 A    -1   3  -4  -3  -3   0   0  -3  -2  -1   1   0  -1  -3   4  -2  -2  -2  -3   0    5  18   0   1   0   4   5   2   1   3  17   5   1   1  23   2   2   1   1   8  0.45 0.32
  191 C    -4  -5  -6  -6  12  -7  -7  -5  -3  -5  -6  -7  -5  -7  -7  -6  -7  -4  -6  -4    1   1   0   1  89   0   1   1   1   1   1   0   0   0   0   0   0   0   0   1  4.05 1.40
  192 G     0   1   3  -2  -4  -3  -3   4  -1  -4  -5  -2  -5  -4   1   1   1  -2  -2  -3    9   7  12   2   0   1   2  35   2   1   1   1   0   1   7   8   9   1   1   2  0.58 0.38
  193 C    -3  -7  -5  -6  12  -6  -8  -6  -6  -7  -6  -8  -7  -4  -7  -6  -6  -4  -2  -6    3   0   1   1  89   1   0   1   0   0   1   0   0   1   0   1   0   0   2   0  4.01 1.40
  194 G    -4  -4  -5  -4  -8  -5  -6   8  -5  -6  -6  -6  -5  -8  -5  -5  -5  -8  -6  -8    1   1   0   1   0   0   0  92   0   0   1   0   0   0   1   0   1   0   0   0  2.56 1.04
  195 N     0   3   5  -3  -3   1  -3   1   1  -4  -3   1  -2  -5  -5   0  -2  -6  -5  -4    7  16  30   1   1   7   1  12   3   1   3   9   1   0   0   7   1   0   0   1  0.66 0.43
  196 V    -1   6  -1  -3  -2   0  -2  -5   3  -1  -3   0  -3  -1  -2  -2   0  -2   2  -1    4  42   3   1   1   3   2   1   7   4   3   5   0   3   3   3   6   1   7   4  0.72 0.45
  197 G    -4  -5  -6  -4  -8  -7  -8   8  -6  -9  -7  -7  -6  -9  -8  -6  -6  -8  -9  -9    1   1   0   1   0   0   0  95   0   0   0   0   0   0   0   0   0   0   0   0  2.79 1.12
  198 D    -4  -7  -6  -3  11  -8  -8  -7   5  -7  -6  -8  -7  -6  -7  -2  -4  -8  -6  -6    1   0   0   2  78   0   0   0  11   0   0   0   0   0   0   3   1   0   0   0  3.58 1.30
  199 V    -3  -7  -8  -8  -6  -7  -6  -6  -7   0   5  -7   0   2  -6  -7  -6   6  -3   2    2   0   0   0   0   0   0   0   0   4  60   0   2   6   0   0   0  12   0  11  1.49 0.70
  200 E    -6  -6  -6  -3 -10  -3   8  -7  -6  -9  -9  -5  -2  -9  -7  -6  -7  -9  -8  -9    0   0   0   1   0   1  96   0   0   0   0   0   1   0   0   0   0   0   0   0  2.98 1.28
  201 S     5   0  -4  -4  -5   2  -3  -1  -4  -3  -3  -3   0  -6  -4   1   2  -3  -4  -1   45   5   0   0   0   9   1   4   0   1   2   1   2   0   0   9  13   0   0   4  0.74 0.50
  202 L    -4  -4  -6  -7  -4  -4  -3  -7  -2   1   3  -6   1   2  -7  -5  -4  -2   7   2    1   1   0   0   0   1   2   0   1   7  25   0   4   8   0   0   1   0  37  12  1.24 0.62
  203 V     6  -6  -7  -7   4  -6  -6  -2  -7  -3  -5  -6  -4  -6  -6  -1  -2  -8  -7   2   68   0   0   0   7   0   0   2   0   1   1   0   0   0   0   5   2   0   0  12  1.60 0.80
  204 A     1  -4  -3  -5  -4  -4  -6   2  -6  -8  -7  -4  -7  -8  -5   7  -3  -8  -7  -7   11   1   1   0   0   1   0  13   0   0   0   1   0   0   0  71   1   0   0   0  1.79 0.92
  205 G     3   0  -4  -5  -7  -4  -5   6  -6  -4  -6  -4  -6  -8  -5  -2  -3  -5  -7  -3   20   6   1   0   0   0   1  63   0   1   1   1   0   0   0   3   1   0   0   2  1.51 0.73
  206 N     0   1  -1  -1  -4  -2  -3  -2  -3  -3  -4  -2  -4  -6   4   1   5   1  -5  -3    7   7   3   4   0   1   1   4   0   2   1   3   0   0  21  10  32   2   0   2  0.71 0.48
  207 A     6  -3  -1  -5  -4  -4  -6   3  -3  -5  -7  -5  -5  -3  -5   1  -3  -2  -2  -4   61   1   4   0   0   0   0  18   1   0   0   0   0   1   0   8   1   1   1   1  1.32 0.71
  208 I    -4  -5  -8  -8  -3  -5  -7  -7  -7   6   4  -7   3  -2  -7  -6  -4  -2  -4   1    1   0   0   0   0   0   0   0   0  49  30   0   8   1   0   0   1   1   0   7  1.52 0.68
  209 P     4  -1  -3  -3  -3  -2   0   0  -4   1  -1  -3  -1  -4  -1  -1   0  -6  -4   3   35   3   1   1   0   1   6   7   0   6   6   1   1   0   3   4   5   0   0  19  0.43 0.34
  210 R     1   7  -2  -3  -7   0   1  -4  -2  -6  -4   1  -5  -6  -5  -2  -3  -2  -5  -5   12  54   2   2   0   4   8   1   1   0   2   8   0   0   0   2   2   1   0   0  1.25 0.65
  211 R     0   6  -2  -1  -3   1   1  -3   0  -2   0  -1   1  -3  -4  -2  -2  -2   0  -4    9  39   1   3   1   6   7   2   2   3   8   3   4   1   1   2   3   1   3   1  0.59 0.40
  212 W     5  -3  -4  -3  -2  -2  -2   0  -4  -2   0  -4   0   0  -5  -2   0   2   3  -1   46   2   0   1   1   1   3   7   0   2   8   0   2   4   0   1   5   3  10   4  0.65 0.45
  213 G     2   4  -2  -2  -4   1  -1   2   0  -3  -2   1  -2  -5  -2  -1  -1  -2  -4  -2   17  26   1   2   0   7   4  15   2   1   3   7   1   0   1   4   3   1   0   3  0.43 0.32
  214 R     1   3  -3  -2  -6   1   4  -3  -1   0   0   0  -1  -5  -3  -2  -3  -3  -5  -1   11  17   0   2   0   4  31   2   1   5  11   5   1   0   1   2   1   0   0   5  0.51 0.38
  215 D     0   1  -1   4  -5  -1   0  -4  -2  -3  -1  -1  -3  -5  -2   1   4  -6  -4  -3    8   7   2  20   0   2   7   1   1   1   6   4   0   0   2  10  28   0   0   1  0.53 0.39
  216 A     5  -4  -5  -5  -2  -4  -4   1  -3  -1  -1  -5  -1  -5   1   1   1  -7  -5  -2   49   1   0   0   1   0   0  11   1   3   5   0   1   0   6  10   8   0   0   3  0.81 0.52
  217 G     2   3  -4  -2  -4  -1   2   3  -1  -5  -4   3  -4  -5  -2  -1  -3  -6  -4  -3   15  13   0   2   0   2  15  19   1   0   1  20   0   0   2   5   1   0   0   2  0.54 0.38
  218 G     1  -1  -3   4  -4   0   3  -1   3  -2  -2  -1   1  -5  -3  -1   1  -4  -4  -1   13   3   0  21   0   4  18   5   6   2   4   3   3   0   1   4   8   0   0   4  0.37 0.30
  219 L    -2  -6  -6  -6  -3  -6  -5  -7  -6   4   2  -7  -1  -4  -6  -5  -5   0  -5   6    3   0   0   0   0   0   1   0   0  23  18   0   1   0   0   1   0   1   0  50  1.36 0.65
  220 I     3  -2  -4  -3  -1  -3  -3  -1  -1   0  -1  -3  -2   5  -3   0   1  -2   1   1   24   2   1   1   1   0   1   5   1   5   5   1   1  23   1   6   7   0   5  11  0.42 0.31
  221 G     2   2  -2   2  -4   3   4  -2  -2  -4  -2   0  -2  -4  -4  -2  -2  -3  -5  -3   18  12   1  13   0  11  23   3   1   1   3   6   1   1   0   2   2   0   0   1  0.50 0.37
  222 A     6   1  -6  -4  -3  -3  -3  -2  -3  -5   1  -3  -1  -5  -5  -2  -4  -6  -5  -4   66   7   0   1   1   1   2   2   1   0  13   1   1   0   0   2   0   0   0   1  1.27 0.70
  223 A     7  -5  -6  -6  -2  -5  -5  -3  -6  -3  -2  -6   0  -3  -5  -2  -3   0  -1   0   74   1   0   0   1   0   1   2   0   1   5   0   2   1   0   2   1   1   3   6  1.54 0.79
  224 R     2   5  -2   0  -2   2   1  -2   0  -4  -1   2  -1  -5  -5  -2  -2  -5  -3  -2   15  31   1   6   1   7  10   3   3   1   6  10   1   0   0   2   2   0   1   2  0.54 0.37
  225 E     3   1  -1   1  -5   3   2  -2  -1  -5  -3   1  -1  -6  -5   0  -2  -6  -4  -4   29   8   3   7   0  14  14   3   2   0   3   8   1   0   0   6   2   0   0   1  0.51 0.39
  226 G    -3  -4  -2  -3  -8  -4  -4   7  -4  -9  -8  -2  -8  -7  -7  -4  -6  -8  -7  -8    2   1   2   1   0   1   1  87   1   0   0   2   0   0   0   1   0   0   0   0  2.34 0.98
  227 D    -7  -7   0   8  -5  -4   0  -6   0  -7  -9  -5  -9  -9  -6  -3  -6 -10  -6  -7    0   0   4  84   0   0   4   0   2   0   0   0   0   0   0   2   0   0   0   0  2.62 1.09
  228 V     2   1  -4  -2  -6   0   2  -2  -3  -4  -2   0  -4  -5   5  -1  -2  -7  -5  -2   17   8   0   2   0   3  16   3   1   1   4   6   0   0  30   4   3   0   0   2  0.70 0.45
  229 A     1   0  -4  -1  -3  -1   0  -2  -2   0   3  -2   0   0  -3  -2  -1  -2  -1   2   15   6   0   3   0   3   6   2   1   5  28   2   2   5   1   2   4   0   1  15  0.24 0.22
  230 A     7  -6  -7  -7   3  -6  -5  -2  -7  -5  -6  -6  -3  -7  -5   0  -2  -8  -6  -2   79   0   0   0   5   0   1   2   0   0   0   0   1   0   0   6   2   0   0   3  1.86 0.91
  231 A     0   4  -2  -3  -1   2  -1  -2  -1   1   2   0   0  -4  -4  -1  -1  -5  -4   1    8  21   1   1   1  10   3   3   1   8  20   5   2   0   1   3   3   0   0   8  0.30 0.26
  232 E     2   3  -1   0  -5   2   4  -2   0  -5  -4   1  -2  -5  -3  -1  -2  -3  -4  -4   18  16   2   5   0   9  26   3   2   0   1   6   1   0   1   4   2   0   0   0  0.56 0.40
  233 A     1  -5  -6  -6  -2  -5  -3  -6  -5   4   2  -5  -1  -2  -6  -4  -2  -5  -4   5   14   0   0   0   1   0   2   0   0  25  17   0   1   2   0   1   2   0   1  33  0.92 0.49
  234 V    -4  -5  -7  -7  -4  -6  -7  -7  -6   4   3  -5   3   4  -7  -6  -4   6   0   4    1   0   0   0   0   0   0   0   0  19  23   0   6  14   0   0   1   9   3  23  1.07 0.53
  235 A     2   2   0   3  -6   1   3  -2   0  -5  -4  -1  -4  -6  -5  -1   0  -5  -3  -4   17  12   4  18   0   5  23   3   3   0   1   3   0   0   0   4   5   0   1   1  0.56 0.39
  236 Q    -2   4  -1   3  -4   2   5  -3  -1  -4  -4   0  -5  -5  -5  -3  -1  -3  -3  -4    4  21   2  13   0   8  34   2   1   1   2   4   0   0   0   1   4   0   1   1  0.82 0.50
  237 M     5  -5  -4  -6  -1  -4  -3  -1  -5   0  -2  -5   1  -1  -5  -1   2  -2   1   2   41   0   0   0   1   0   2   4   0   4   4   0   4   2   0   4  15   1   5  12  0.66 0.46
  238 C     4  -4  -4  -6   2  -3  -4   5  -6   0  -3  -5  -1  -2  -6  -2  -1  -6  -4   0   30   1   0   0   3   1   1  42   0   5   2   0   2   2   0   2   3   0   1   6  0.96 0.54
  239 R    -1   4  -1   1  -5   0   2  -2   2  -4  -4   0  -1   0  -5  -1   1   1   2  -3    6  26   2   8   0   3  13   3   5   1   1   5   1   4   0   3   9   2   6   2  0.40 0.31
  240 V     2  -1  -3  -2  -2  -4  -5  -5   3  -2  -1  -4   0   0  -6  -3  -3   6   7  -2   19   3   1   2   1   0   0   1   6   3   6   1   3   3   0   1   2   9  35   3  1.04 0.57
  241 L    -5  -7  -3  -8  -5  -7  -8  -7  -8   2   6  -7   0  -2  -8  -7  -3  -7  -5   0    1   0   2   0   0   0   0   0   0  11  74   0   2   2   0   0   2   0   0   7  1.64 0.75
  242 G     3  -6  -6  -7  -5  -7  -6   7  -7  -8  -8  -6  -8  -8  -7  -2  -6  -8  -8  -6   22   0   0   0   0   0   0  74   0   0   0   0   0   0   0   2   0   0   0   1  2.13 0.93
  243 R     1   2  -3  -2  -2   0  -1  -4  -1   4   1  -2   1  -1  -4  -1  -1   0  -1   2   10  13   1   2   1   4   4   1   1  22  11   1   4   2   0   3   4   1   2  13  0.28 0.24
  244 M     4  -6  -5  -6  -5  -5  -6   6  -5  -5  -3  -5   0  -5  -6  -3  -2  -3  -7  -1   34   0   0   0   0   0   0  49   0   0   3   0   2   1   0   1   3   0   0   5  1.36 0.69
  245 L    -1  -6  -7  -7   2  -6  -7  -7  -7   5   4  -6   1  -1  -7  -5  -3  -6  -5   2    4   0   0   0   4   0   0   0   0  27  42   0   3   3   0   0   1   0   0  15  1.15 0.55
  246 Y     6  -6  -5  -6  -4  -5  -5   1  -3  -2  -4  -5  -4  -4  -6   0  -1  -2  -3   2   56   0   0   0   0   0   0  10   1   3   1   0   0   1   0   8   4   1   1  14  1.07 0.62
  247 N    -1  -5   6   0  -3  -3  -4   2  -3  -2  -4  -5  -1  -6  -6   3   1  -4  -3  -3    5   0  34   4   0   1   0  13   0   3   1   0   1   0   0  25   8   0   1   2  0.90 0.55
  248 L     1  -6  -7  -7  -1  -6  -6  -6  -5   3   5  -6   2  -1  -6  -5  -2  -3  -1   3   10   0   0   0   1   0   0   0   0  13  46   0   4   3   0   0   2   0   2  18  0.97 0.51
  249 V     2  -4  -5  -6   1  -3  -6  -4  -5   4   0  -5   0  -4  -6  -3  -1  -3  -3   5   18   1   0   0   3   1   0   1   0  23   7   0   2   0   0   2   4   0   1  36  0.88 0.49
  250 A     0  -3   7  -1  -3  -1  -4  -4   5  -6  -4  -4  -2  -6  -5  -1   1  -8  -4  -2    9   1  49   3   1   2   0   1  13   0   2   1   1   0   0   4   8   0   0   3  1.31 0.68
  251 I     1  -6  -5  -6  -3  -5  -6  -5  -6   4   4  -6   1  -1  -6  -3   1  -6  -4   3   11   0   0   0   0   0   0   1   0  21  35   0   2   3   0   2   8   0   0  16  0.81 0.45
  252 L    -5  -7  -7  -8  -1  -7  -8  -8  -5   0   5  -7  -1   6  -8  -6  -3  -2   1   0    1   0   0   0   1   0   0   0   0   4  51   0   1  29   0   0   1   0   5   6  1.46 0.67
  253 D    -2  -4   7   6  -5  -2  -2  -2  -3  -8  -7  -5  -5  -7  -6  -2  -5  -9  -8  -7    3   1  44  40   0   2   2   3   0   0   1   0   0   0   0   3   0   0   0   0  1.84 0.85
  254 L    -5  -8  -8  -8  -6  -7  -7  -8  -8  -2  -1  -7  -8  -6   9  -6  -4 -10  -9  -2    1   0   0   0   0   0   0   0   0   2   6   0   0   0  86   0   1   0   0   3  2.90 1.22
  255 Q    -2   0  -3   4  -5   3   6  -1  -1  -7  -7  -3  -6  -6  -3  -1  -3  -7  -5  -7    4   5   1  18   0  11  47   5   1   0   0   1   0   0   2   5   1   0   0   0  1.15 0.64
  256 R     1   3  -5  -5   1  -3  -4  -4  -2   2   2   0   3  -3  -5  -3  -1  -4  -3   3   12  15   0   0   3   0   0   1   1  10  19   5   9   0   0   1   3   0   0  20  0.48 0.34
  257 I    -3  -7  -8  -8  -4  -7  -7  -7  -7   6   0  -7  -2   2  -7  -7  -5  -7  -3   5    2   0   0   0   0   0   0   0   0  45   6   0   1   8   0   0   0   0   1  36  1.62 0.71
  258 S    -2  -7  -8  -8  -1  -7  -7  -5  -8   4  -1  -7  -2  -3  -7  -4  -3  -7  -6   6    4   0   0   0   1   0   0   1   0  24   5   0   1   1   0   2   1   0   0  61  1.67 0.75
  259 V    -5  -7  -8  -8  -6  -7  -8  -8  -8   6   4  -7   0   0  -7  -7  -5  -7  -4   3    0   0   0   0   0   0   0   0   0  40  35   0   1   3   0   0   0   0   0  19  1.50 0.67
  260 G    -2  -7  -5  -5  -4  -6  -7   7  -7  -8  -8  -7  -5  -6  -7  -2  -4  -8  -6  -5    3   0   0   1   0   0   0  88   0   0   0   0   0   0   0   3   1   0   0   1  2.40 0.98
  261 G    -5  -8  -6  -6  -8  -7  -8   8  -8  -9  -8  -7  -8  -9  -8  -5  -4  -8  -9  -9    0   0   0   0   0   0   0  97   0   0   0   0   0   0   0   0   1   0   0   0  2.89 1.14
  262 S    -3  -5  -5  -5  -8  -3  -3   7  -5  -4  -6  -5  -6  -8  -5   1  -5  -5  -8  -6    2   0   0   1   0   1   2  80   0   1   1   0   0   0   1   9   1   0   0   0  2.05 0.89
  263 V    -2  -7  -7  -8  -4  -7  -7  -3  -7   3   2  -7   3  -3  -5  -6  -4  -7  -4   6    3   0   0   0   0   0   0   3   0  12  20   0   6   1   1   0   1   0   0  54  1.35 0.65
  264 F     4  -4  -5  -5  -2  -5  -5   0  -5   0  -3  -5   2  -1  -4   4   1  -3  -3   1   34   1   0   0   1   0   0   6   0   5   2   0   5   2   1  26   7   0   1   8  0.70 0.48
  265 L     1   2   1  -1  -4   2   2   0   0  -3  -1   1  -1  -3  -3  -1  -1  -1  -3  -2   12  10   8   3   0  10  15   8   2   1   8   9   2   1   1   3   2   1   0   3  0.20 0.19
  266 H     5   0  -1  -4  -2   0   0   0   1  -1  -2  -2  -1  -4  -4   0  -2  -4  -3  -1   46   5   3   1   1   4   6   6   4   4   5   1   1   0   0   8   1   0   1   4  0.57 0.41
  267 H     1  -3   0  -4  -1  -3  -3   6   0  -4  -1  -4  -2  -1  -4  -2  -4   3  -2  -4   10   1   4   0   1   1   2  54   3   1   8   1   1   2   1   3   1   4   1   1  0.98 0.53
  268 Q     0   0  -1   4  -6  -2   4   2  -1  -6  -6  -1  -5  -4   2  -2  -3   1  -4  -4    7   5   2  25   0   1  24  15   1   0   0   3   0   1   9   2   1   2   1   1  0.68 0.43
  269 D     0   0  -2   3  -3   0   0  -3   0   0   2  -1   0   0   1  -1  -1   0  -1   0    7   5   1  16   0   3   6   1   3   4  22   3   2   3   9   3   3   1   2   6  0.17 0.17
  270 F    -4  -3  -7  -6  -6  -5  -5  -7  -2   1   5  -5  -1   4  -5  -4  -5   4   1  -1    2   2   0   0   0   0   1   0   1   6  56   0   1  16   1   1   0   5   4   3  1.17 0.58
  271 L    -4  -4  -7  -7  -3  -5  -5  -7  -3   1   5  -6   2   5  -6  -6  -4   4   1   0    1   1   0   0   0   0   1   0   1   8  46   0   4  23   0   0   1   5   4   5  1.17 0.57
  272 L     1   0  -1   2  -4   0   2   0  -2  -2   1   0  -1  -1  -1  -1  -1  -1  -3   0   11   5   3  12   0   4  16   7   1   2  16   5   1   3   2   3   2   1   0   6  0.13 0.16
  273 P     0  -1  -3   0  -7  -3   1  -1  -2  -6  -5  -2  -4  -7   7  -2  -2  -8  -6  -4    9   4   1   6   0   1   9   5   1   0   1   2   1   0  52   3   3   0   0   1  1.29 0.68
  274 R     2   0  -4  -5  -2  -2  -4  -3  -3   3   2  -3   3  -2   2  -2  -1  -5  -3   2   17   6   0   0   1   1   1   1   1  14  19   1   6   1  10   2   3   0   1  15  0.40 0.29
  275 L     0   6  -4  -4  -4  -1  -1  -5  -1   2   1   0   1  -4  -6  -4  -2  -4  -4   1    8  37   1   1   0   2   3   0   1  11  11   4   4   1   0   1   2   0   0  12  0.70 0.43
  276 Q     1   5  -1   0  -4   3   3  -5   0  -6  -5   2  -3  -5  -5  -1  -2  -2  -5  -3   10  29   2   4   0  11  22   1   2   0   1   9   1   0   0   3   2   1   0   2  0.77 0.48
  277 A     3   1  -3  -1  -4   0   3  -2   0  -3  -3   0  -2  -3  -3   0   1  -3  -1   0   25   7   1   2   0   5  18   2   2   1   1   5   1   1   1   7   9   0   3   7  0.33 0.30
  278 E     2  -2  -5  -4  -3  -2   0  -4  -2   2   1  -3   1   1  -5  -2   0  -2   0   3   16   2   0   0   0   1   6   1   1  12  13   1   4   7   0   2   5   1   4  24  0.36 0.27
  279 V     1   3  -1  -1  -4  -1   0  -3   0   1   0   1   1   0  -3  -2  -2  -4   0   1   14  19   2   3   0   2   5   2   2   7  11   8   3   5   1   2   2   0   3  11  0.18 0.19
  280 S     2   4  -1   1  -5   1   3  -3   1  -6  -5   2  -4  -5  -2   0  -1  -3  -3  -4   14  24   2   8   0   6  17   2   3   0   1  10   0   0   1   5   3   0   1   1  0.55 0.38
  281 G    -1   5   0  -1  -3   0   2  -2   3  -4  -2   0  -1  -1  -3  -2  -2   0   2  -5    6  35   4   3   1   4  12   3   6   1   4   4   2   2   1   3   2   1   7   0  0.62 0.41
  282 H     4   1  -2  -3   1  -3  -2  -2   3  -1  -1  -3  -1  -2  -4   0   1  -4   1   0   37   7   2   1   3   1   2   2   7   3   6   1   1   2   0   7   7   0   5   8  0.43 0.34
  283 L    -1  -2  -5  -5  -1  -2  -5  -4  -2   1   4  -5   4   4  -2  -3   0   2   0   0    6   2   0   0   1   2   0   1   1   8  33   0  11  14   2   1   6   2   2   5  0.59 0.36
  284 P     0   1  -2  -2  -4   0  -1  -2  -2  -2  -1   0   2   0   5  -1  -1  -3  -1  -3    9   8   2   2   0   3   4   3   1   2   6   6   4   5  33   4   3   0   3   2  0.54 0.36
  285 A     1   0  -1  -1  -2   0   0   1  -1  -1  -1  -1  -1  -2   2   1   0  -3  -1   1   14   4   2   3   0   4   7  10   2   4   7   2   2   2  11  10   5   0   2  11  0.11 0.12
  286 L     2  -1  -2  -2  -2  -1  -2  -1   0   0   1  -2   1   1   3   0  -1   1   0   0   17   4   2   1   1   2   1   4   3   6  12   1   4   6  14   9   3   2   4   6  0.18 0.17
  287 T     2   3  -2  -2  -3  -1  -2   0   0  -2  -1  -1  -2  -1   0   0   0   1  -1   0   20  16   1   2   0   2   2   8   2   2   7   3   1   3   4   6   7   2   2   8  0.16 0.18
  288 G     1   4  -1   1  -4   1   2   0   1  -5  -4   1  -4  -4   1  -1  -3  -3  -3  -4   10  20   3   9   0   5  16   8   3   0   1   7   0   1   8   5   1   0   1   1  0.42 0.31
  289 G     0   2   0   2  -2   0   1   1   2  -3  -3   0  -1  -4   0   1   0  -4  -3  -2    9  14   5  10   1   4   7  12   5   1   2   6   1   0   5  10   5   0   1   3  0.20 0.18
  290 V     0  -4  -6  -5   4  -5  -5  -5  -6   2   2  -6  -1  -2   1  -4   1  -6  -2   5    7   1   0   0   7   0   1   0   0   9  19   0   1   1   6   0  10   0   1  35  0.79 0.45
  291 L    -2   5  -3   0  -3   2   2  -5  -1  -4  -4   2  -4  -6   3  -1   0  -7  -5  -3    3  27   1   5   1   8  15   0   1   1   2  11   0   0  12   4   5   0   0   2  0.66 0.44
  292 V    -6  -7  -8  -8  -6  -8  -8  -9  -7   7   1  -8  -2  -1  -6  -7  -6  -4  -6   5    0   0   0   0   0   0   0   0   0  52  12   0   1   3   0   0   0   0   0  31  1.82 0.79
  293 V    -1   2  -5  -5  -1  -2   0  -6  -3   0   1  -1  -1  -4  -5  -3  -1  -7  -5   5    5  10   0   1   1   1   7   0   1   4  13   4   1   0   0   2   4   0   0  45  0.75 0.46
  294 P     0   2  -5  -5  -3   0  -3  -4  -2  -2   0   0  -3  -3   6  -2  -1  -4  -4  -2    9  12   0   0   1   4   1   1   1   3  11   6   0   1  38   2   5   0   1   4  0.80 0.50
  295 A     6  -6  -6  -7  -2  -6  -6  -1  -7  -6  -7  -6  -6  -7  -4   3   0  -2  -6  -4   69   0   0   0   1   0   0   4   0   0   0   0   0   0   1  17   5   1   0   1  1.68 0.86
  296 G     2   1  -3  -3  -5   3   3   0  -2  -4  -3   2  -2  -4  -3   0   1  -6  -5  -2   18   8   0   0   0  13  19   6   1   1   3  11   1   1   1   6   8   0   0   3  0.43 0.35
  297 L    -6  -5  -5  -8  -2  -6  -8  -8  -4  -3   7  -8   0   0  -7  -6  -6  -5  -5  -3    0   1   1   0   1   0   0   0   1   1  88   0   2   4   0   1   0   0   0   1  2.13 0.94
  298 G    -3  -3  -4  -4  -8  -5  -4   7  -4  -6  -7  -4  -6  -7  -4  -4  -6  -4  -7  -6    2   2   1   1   0   1   1  86   0   1   0   1   0   0   1   1   0   0   0   1  2.30 0.99
  299 L    -1  -2   4   5  -6  -1   2   0  -1  -5  -5  -2  -5  -6   0   0  -1  -7  -1  -4    5   2  18  28   0   2  13   7   1   1   1   2   0   0   6   6   5   0   2   1  0.66 0.43
  300 Q    -3   2   1   6  -8   1   1  -4   2  -7  -3  -1  -2  -4  -6  -2  -2  -3  -3  -6    2  11   6  45   0   5   9   1   5   0   3   4   1   1   0   3   2   0   1   0  1.03 0.57
  301 I     6  -6  -6  -7  -4  -6  -5  -2  -7  -1  -3  -6  -5  -7  -5   1  -3  -8  -6   1   69   0   0   0   0   0   0   3   0   4   2   0   0   0   0   9   1   0   0   9  1.54 0.80
  302 G    -2  -8  -5  -7  -3  -4  -4   7  -5  -5  -8  -7  -6  -6   0  -2  -4  -6  -8  -1    4   0   0   0   1   1   1  78   0   1   0   0   0   0   4   3   1   0   0   4  1.99 0.90
  303 D    -1  -6  -6  -1  -2  -5  -6  -5  -7   4   3  -5   3  -2  -4  -4  -3   0  -4   4    6   0   0   4   1   0   0   1   0  19  27   0   7   2   1   1   1   1   0  28  0.84 0.46
  304 Y    -4  -4  -7  -7  -1  -4  -7  -8  -5   5   3  -5   1  -1  -7  -5  -2   0   2   3    1   1   0   0   1   1   0   0   0  32  26   1   3   3   0   0   2   1   6  21  1.04 0.52
  305 A    -1  -9  -7  -8  -9  -6  -8   8  -8 -10 -10  -8  -9  -9  -8  -5  -8  -9  -9  -9    5   0   0   0   0   0   0  95   0   0   0   0   0   0   0   0   0   0   0   0  2.90 1.17
  306 A     7  -7  -7  -8  -2  -7  -7  -1  -8  -6  -7  -7  -4  -8  -6  -2  -5  -9  -8  -4   90   0   0   0   1   0   0   5   0   0   0   0   0   0   0   2   1   0   0   1  2.34 1.06
  307 L     6  -6  -7  -7  -3  -6  -6  -1  -7   0   0  -6  -3  -4  -6  -3  -5  -7  -5   1   68   0   0   0   1   0   0   4   0   5  10   0   1   1   0   1   0   0   0   8  1.44 0.75
  308 A     4   0  -4  -1   1  -3  -2  -1  -1  -1   1  -3   1  -2  -5   0  -1   1  -1   0   37   6   0   4   3   0   2   4   2   2  13   1   4   1   0   7   4   2   2   6  0.38 0.32
  309 M    -2  -6  -8  -8  -1  -5  -6  -6  -3  -1   6  -6   2  -2  -7  -5  -4   2  -2   1    4   0   0   0   2   0   0   0   1   3  71   0   5   2   0   1   1   2   1   8  1.42 0.67
  310 A     7  -7  -7  -7  -6  -6  -5  -5  -7  -7  -7  -6  -6  -6  -6  -4  -5  -8  -5  -5   98   0   0   0   0   0   0   0   0   0   0   0   0   0   0   0   0   0   0   0  2.57 1.07
  311 G    -1  -4  -2  -3  -4  -3  -4   7  -4  -5  -5  -3  -4  -5  -4  -2  -3  -4  -5  -5    0   0   0   0   0   0   0 100   0   0   0   0   0   0   0   0   0   0   0   0  1.73 0.28

                      K         Lambda
Standard Ungapped    0.1364     0.3197
Standard Gapped      0.0533     0.2670
PSI Ungapped         0.1740     0.3181
PSI Gapped           0.0533     0.2670
