
Last position-specific scoring matrix computed, weighted observed percentages rounded down, information per position, and relative weight of gapless real matches to pseudocounts
            A   R   N   D   C   Q   E   G   H   I   L   K   M   F   P   S   T   W   Y   V   A   R   N   D   C   Q   E   G   H   I   L   K   M   F   P   S   T   W   Y   V
    1 M    -7  -7  -8  -9  -7  -6  -8  -9  -7  -4   1  -7  11  -6  -8  -7  -6  -7  -7  -5    0   0   0   0   0   0   0   0   0   0  10   0  90   0   0   0   0   0   0   0  3.72 1.28
    2 Q    -6   5   5  -3  -8  -2  -4  -6  -4  -5  -7   6  -6  -8  -6  -4  -4  -8  -7  -7    0  28  22   1   0   1   0   0   0   1   0  45   0   0   0   0   1   0   0   0  1.74 0.79
    3 V    -4  -8  -8  -8  -4  -7  -8  -8  -8   5  -2  -7  -4  -3  -8  -6  -4  -5  -2   7    1   0   0   0   0   0   0   0   0  32   2   0   0   1   0   0   0   0   2  61  1.93 0.82
    4 L    -2  -7  -8  -9  -1  -7  -8  -6  -4  -2   7  -8   1  -2  -8  -7  -6  -7  -6  -2    4   0   0   0   1   0   0   1   0   1  86   0   3   2   0   0   0   0   0   2  1.99 0.85
    5 I    -6  -8  -8  -8  -6  -7  -6  -8  -8   5   1  -7  -2  -4  -8  -7  -5  -8  -6   6    0   0   0   0   0   0   0   0   0  27  13   0   1   0   0   0   0   0   0  59  1.84 0.79
    6 I    -4  -7  -6  -8  -6  -7  -8  -8  -8   6   2  -7  -2  -3  -6  -7  -4  -7  -3   5    1   0   0   0   0   0   0   0   0  44  18   0   1   1   0   0   0   0   1  33  1.59 0.69
    7 G    -6  -8  -6  -3  -9  -8  -8   8  -8 -10 -10  -7  -9  -9  -8  -5  -8  -9  -9  -9    0   0   0   2   0   0   0  98   0   0   0   0   0   0   0   0   0   0   0   0  3.01 1.16
    8 S    -1  -2   2  -3  -6  -1  -4   3  -2  -7  -7   1  -5  -7  -4   6  -2  -7  -6  -6    4   2   9   1   0   2   1  18   1   0   0   7   0   0   1  52   1   0   0   0  1.15 0.66
    9 G    -6  -8  -6  -3  -3  -8  -6   8  -8 -10 -10  -6  -9  -9  -8  -5  -6  -8  -7  -9    0   0   0   1   1   0   1  96   0   0   0   0   0   0   0   1   0   0   0   0  2.83 1.12
   10 G     2  -8  -6  -7  -8  -7  -5   7  -7  -7  -9  -7  -8  -9  -6  -3  -7  -8  -8  -8   17   0   0   0   0   0   1  80   0   0   0   0   0   0   0   1   0   0   0   0  2.32 0.97
   11 R    -8   9  -7  -8  -4  -5  -6  -7  -6  -9  -9  -2  -8  -9  -8  -6  -7  -9  -8  -9    0  97   0   0   0   0   0   0   0   0   0   2   0   0   0   0   0   0   0   0  3.31 1.30
   12 E    -6  -6  -6  -4  -7  -4   8  -4  -6  -9  -9  -5  -8  -9  -7  -4  -4  -9  -8  -9    0   0   0   0   0   0  95   2   0   0   0   0   0   0   0   1   1   0   0   0  2.90 1.24
   13 H    -4  -6  -3  -2  -5  -3  -5  -8  11  -9  -9  -7  -6  -4  -8  -2  -7  -8   0  -8    2   0   1   3   0   1   0   0  85   0   0   0   0   1   0   3   0   0   3   0  3.59 1.33
   14 A     7  -7  -7  -7  -2  -6  -6  -5  -7  -5  -7  -5  -4  -8  -6  -1  -1  -8  -7  -1   86   0   0   0   1   0   0   0   0   0   0   0   0   0   0   4   4   0   0   4  2.16 1.00
   15 L    -6  -7  -8  -9  -6  -7  -8  -9  -8   5   6  -8   1  -1  -8  -7  -6  -3  -3  -2    0   0   0   0   0   0   0   0   0  30  62   0   2   2   0   0   0   0   1   2  1.75 0.77
   16 A     5  -5  -6  -7   5  -5  -5  -1  -6  -1  -2  -6  -4  -6  -6  -2  -1  -7  -3   3   53   0   0   0   9   0   0   5   0   4   4   0   0   0   0   2   3   0   1  17  1.13 0.62
   17 W    -4   0  -4  -2  -3  -2  -2  -7   1  -6  -2   0  -5  -2  -9  -5  -3  12   0  -4    2   5   1   3   1   2   3   0   3   1   4   6   0   2   0   1   2  61   3   2  2.68 1.09
   18 K     2   1  -4  -5  -2  -2  -3  -3   1  -6  -4   6  -2  -5  -6  -1  -1  -5  -4  -3   17   7   0   0   1   1   1   2   3   0   2  54   1   1   0   5   3   0   0   2  1.17 0.64
   19 V    -4  -7  -8  -8   1  -7  -8  -8  -7   3   6  -7   0   2  -8  -7  -5  -6  -2  -1    1   0   0   0   3   0   0   0   0  16  66   0   2   7   0   0   0   0   2   3  1.52 0.70
   20 A     3   1  -2  -4  -2  -1  -3  -2   0  -4   0   1  -2  -5  -5   4  -2  -6  -2  -3   27   9   2   0   1   3   1   3   2   1   8  10   1   0   0  28   1   0   1   2  0.54 0.42
   21 Q    -2   4   0  -3  -5   7   0  -5  -1  -5  -3   3  -3  -5  -6  -2  -4  -7  -4  -5    3  19   4   2   0  41   6   1   1   1   3  14   1   1   0   2   1   0   0   0  1.16 0.65
   22 N    -3  -6  -1   2  -2  -5  -2  -3  -4  -7  -6  -5  -7  -5  -6   7  -2  -8  -5  -6    1   0   3  10   1   0   3   2   0   0   1   0   0   1   0  76   2   0   0   0  1.83 0.93
   23 P    -1  -1   0  -1  -5  -1   0  -1  -1  -6  -4   2  -5  -6   6   0  -2  -7  -5  -4    4   4   4   4   0   3   7   4   1   0   2  11   0   0  44   7   2   0   0   1  1.00 0.55
   24 Q    -2   3   1   0  -3   1   0  -1   4  -2   1   1  -1  -2  -2   1  -1  -4  -1  -3    2  14   6   4   0   7   5   5  10   2  15  10   1   1   2  11   2   0   2   1  0.23 0.22
   25 V    -1  -4  -3  -4   3  -3  -4  -4  -5   2   0  -3  -2  -4  -4  -3  -1  -5  -5   6    5   1   1   1   5   1   1   1   0   9   9   2   1   1   1   2   3   0   0  55  1.04 0.53
   26 D    -1   0   1   2  -2   0   2   1  -1  -3  -4   2  -4  -5  -1   1   2  -5  -3  -3    5   4   6  11   1   3  16  10   2   1   1  11   0   0   4  10  12   0   1   2  0.31 0.25
   27 T     0   2   0   0  -5   2   3  -2   3  -4  -5   4  -3  -5  -4  -1   0  -4  -4  -3    6   9   4   4   0  10  18   2   6   1   1  24   0   0   0   4   6   0   0   1  0.54 0.36
   28 I    -5  -7  -7  -7  -4  -6  -6  -7  -7   5   3  -6  -1  -3  -7  -6  -4  -6  -5   5    0   0   0   0   0   0   1   0   0  30  27   0   1   1   0   0   1   0   0  38  1.44 0.65
   29 Y    -4  -5  -6  -5  -4  -6  -6  -7   3   0  -1  -6  -2   6  -7  -5  -3   4   7  -2    1   1   0   1   0   0   0   0   5   6   7   0   1  28   0   1   2   6  37   3  1.61 0.71
   30 V     2  -6  -6  -6   7  -6  -6  -5  -6   2  -2  -6  -2   0  -6  -2  -2   0  -3   5   15   0   0   0  25   0   0   1   0  10   2   0   1   5   0   3   2   2   1  34  1.20 0.58
   31 A     5  -4  -4  -5   2  -5  -5  -3  -4   1   0  -5  -2   0  -5   0   0  -1   0   0   51   1   0   1   4   0   0   1   0   6   8   0   1   4   0   7   5   1   3   6  0.80 0.50
   32 P    -6  -6  -4  -7  -8  -5  -6  -5  -5  -7  -7  -3  -3  -8   9  -4  -4  -9  -8  -7    0   0   1   0   0   1   0   1   0   0   1   2   1   0  89   1   1   0   0   0  3.01 1.23
   33 G    -4  -5  -5  -6  -7  -6  -4   8  -5  -8  -8  -6  -8  -8  -4  -5  -6  -7  -6  -8    1   1   0   0   0   0   1  93   0   0   0   0   0   0   1   1   0   0   0   0  2.65 1.05
   34 N    -7  -4   9  -4  -8  -6  -6  -5  -4  -8  -8  -6  -8  -8  -6  -1  -4  -9  -8  -8    0   1  91   0   0   0   0   1   0   0   0   0   0   0   0   5   1   0   0   0  3.09 1.23
   35 A     4  -5  -5   0  -5  -5  -4   3  -3  -5  -5  -4  -5  -4   4  -2  -4  -6  -3  -3   36   0   0   6   0   0   1  24   1   1   1   1   0   1  22   2   0   0   1   2  1.03 0.57
   36 G    -1  -5  -5  -6  -6  -5  -6   7  -6  -6  -4  -5  -4  -7  -4  -4  -4  -4  -6  -7    4   1   0   0   0   0   0  86   0   0   2   1   1   0   1   1   1   0   0   0  2.26 0.91
   37 T    -4  -5  -5  -5  -5  -5  -6  -6  -6   5  -2  -5   5  -4  -5  -1   6  -1  -4  -2    1   0   0   0   0   0   0   0   0  30   2   0  15   1   0   4  41   1   0   2  1.43 0.70
   38 A     4  -1  -2  -2  -1  -1   0   0  -1  -3  -3  -1  -3  -1  -1   2  -1  -4  -2  -3   41   3   2   2   1   3   6   7   1   1   3   4   1   2   3  14   3   0   1   2  0.48 0.31
   39 L     0   0   0   0  -1   1   0  -1   0   0   0   0   0  -1  -1   0   0   0   0   0    9   6   5   6   1   8   7   5   2   5  12   6   3   3   3   7   6   1   2   4  0.02 0.02
   40 E    -1  -1   0   1   0   0   2  -2   0   0   1  -1   0  -1  -2   0  -1   0  -1   0    3   3   4   8   2   4  16   2   2   6  19   3   2   2   2   9   4   1   2   5  0.09 0.10
   41 H     2   0  -1   0  -2   1   2   3  -1  -4  -4   0  -3  -3   2   0  -1  -3  -2  -3   16   5   3   5   1   6  13  19   2   1   1   6   0   1   9   5   3   0   1   1  0.30 0.22
   42 K    -2   1   0  -1  -1  -1   0  -1   0   2   0   3  -1  -1  -1  -2  -1  -2  -1   0    2   7   4   3   1   2   5   5   2  15   9  22   1   3   3   2   3   0   2   7  0.17 0.15
   43 V     4  -2  -3  -3   5  -3  -3   1  -3   2  -2  -2  -1  -2  -2  -2  -1  -4  -2   2   33   2   1   1  10   1   1   9   0  11   4   2   1   1   2   2   4   0   1  13  0.48 0.30
   44 Q    -1   1  -2  -1  -3   1   4  -3   2  -2  -2   1  -3  -4  -2   1   2   1  -2  -1    4   8   2   2   1   6  25   1   5   2   3   7   0   1   1   9  16   2   1   4  0.37 0.28
   45 N    -3   0   6  -1   6  -2  -3  -3  -2  -2  -1  -2  -4  -3   0  -2   0  -5  -3  -4    1   5  41   3  17   2   1   1   1   2   7   2   0   1   5   3   5   0   1   1  1.04 0.52
   46 V    -1  -4  -4  -3  -2  -3  -3  -4   0   4   1  -4  -2  -1  -3  -2  -2  -1  -2   5    5   1   1   1   1   1   1   1   3  22  14   1   0   2   1   3   2   1   1  36  0.66 0.35
   47 N     1  -1   2   4  -5  -1   1  -2  -2  -4  -4  -1  -4  -3   4   0  -2  -3  -4  -4   10   3  11  22   0   2   8   3   1   1   2   4   0   1  21   7   2   0   0   1  0.60 0.36
   48 I    -2  -5  -4  -6  -1  -4  -5  -2  -5   6   2  -4  -1  -2  -2  -3  -2  -1  -3   3    3   1   1   0   2   1   1   3   0  42  18   1   1   2   2   2   2   1   1  18  0.90 0.44
   49 G     1  -1   1   4  -5  -1   1   0  -1  -4  -4   1  -4  -4   1   2  -1  -4  -4  -4    9   2   8  22   0   2   7   7   1   0   2   9   0   0   7  18   2   0   0   1  0.42 0.30
   50 I     2  -4  -2  -1  -2  -2   0  -2  -3   1   0  -2  -1  -3   3  -1  -1  -3  -2   2   21   0   1   3   1   1   6   2   0   9   8   2   1   1  16   5   4   0   1  17  0.31 0.25
   51 T    -1  -1   2   3  -2  -1   1  -2  -1  -3  -2   0   0  -3  -2   1   3  -5  -1  -3    5   3  11  14   1   2   9   3   1   1   4   7   2   1   1  10  19   0   2   2  0.29 0.25
   52 D    -2  -4   4   7  -5  -2   0  -4  -1  -5  -6  -2  -5  -6  -5  -1  -2  -7  -6  -6    3   1  18  57   0   2   5   1   1   1   1   2   0   0   0   5   2   0   0   0  1.53 0.69
   53 I    -1  -3  -1  -4  -3  -3  -4  -3   3   3   0  -2  -1   4   1  -2  -1  -2   1   1    4   1   3   1   0   1   1   2   7  18   9   2   1  22   8   2   3   0   4  11  0.42 0.27
   54 P     1  -1   1   3  -3   0   3  -2   0  -4  -3   0  -3  -4   2   0   0  -4  -3  -2   11   3   6  16   0   3  21   3   2   1   2   4   0   0  10   7   6   0   1   2  0.38 0.28
   55 A     3   1  -2   1  -3   0   2   2  -1  -3  -3   1  -3  -4  -3   1  -1  -3  -3  -3   24   7   1   8   0   3  13  17   1   1   2   7   0   0   1   8   2   0   1   1  0.34 0.26
   56 L    -4  -6  -7  -7  -4  -4  -6  -7  -6   4   5  -6   0  -2  -6  -6  -3  -4  -4   3    1   0   0   0   0   1   0   0   0  23  52   0   2   1   0   0   1   0   0  16  1.26 0.57
   57 V     3  -2  -4  -4   0  -3  -3  -3  -5   2   1  -1  -2  -3  -4  -2   0  -5  -2   4   22   2   0   1   2   1   2   1   0  12  16   4   0   1   0   3   4   0   1  27  0.47 0.31
   58 A     2   1   1   3  -5   2   2  -2  -1  -5  -4   1  -3  -5  -4   1  -1  -5  -3  -4   15   8   6  18   0  11  13   2   2   0   2   9   0   0   0   8   3   0   1   1  0.43 0.32
   59 F    -1  -3  -5  -7  -2  -5  -5  -6  -1  -1   1  -4  -2   7  -7  -5  -2   5   1  -2    5   2   0   0   1   1   1   0   2   3  15   1   1  50   0   1   2   8   4   2  1.40 0.63
   60 A     5  -6  -6  -6   7  -6  -6  -5  -6   0  -3  -6  -3  -5  -6  -1  -3  -5  -6   1   51   0   0   0  24   0   0   0   0   5   3   0   0   0   0   3   1   0   0  10  1.50 0.71
   61 Q    -1   3  -2  -2  -5   2   1  -3   0   0   0   4  -2  -4  -4  -2  -1  -5  -4   0    4  14   1   2   0  10   8   2   2   6   8  30   1   1   0   3   3   0   0   6  0.47 0.33
   62 D     0   1   1   3  -5   2   4  -2   0  -4  -5   2  -3  -4  -4   0   0  -4  -1  -4    6   8   6  14   0   8  23   2   2   1   1  15   1   0   0   6   5   0   2   1  0.49 0.33
   63 K    -3   0   4  -3  -4   1   3  -5   4  -2   0   2  -2  -4  -5  -2  -2   0  -2  -3    1   4  23   0   0   7  22   0   9   2  10  13   1   1   0   2   2   1   1   1  0.63 0.42
   64 A     0   2   3   1  -4   2   0   2   0  -5  -4   3  -3  -4  -4   0  -3   1  -4  -5    6  11  12   9   0   8   6  15   2   0   1  18   0   1   0   7   1   2   0   0  0.44 0.31
   65 I    -1  -6  -7  -7  -3  -7  -7  -7  -7   7  -2  -7  -2  -2   0  -6  -5  -7  -5   4    6   0   0   0   0   0   0   0   0  59   1   0   1   1   5   0   0   0   0  24  1.67 0.72
   66 E    -2  -4   1   7  -7  -3   1   1   0  -6  -7  -3  -5  -6  -6  -1  -2  -7  -6  -7    3   1   6  60   0   1   7  11   2   0   0   1   0   0   0   4   2   0   0   0  1.47 0.68
   67 L    -5  -7  -5  -8  -2  -7  -6  -8  -3  -1   6  -7   1   3  -7  -7  -5   2  -1  -2    0   0   1   0   1   0   0   0   1   3  72   0   2  12   0   0   0   2   2   2  1.58 0.70
   68 T    -1  -6  -6  -7   0  -6  -6  -7  -7   1  -3  -6  -4  -5  -6  -4   5  -7  -3   6    5   0   0   0   2   0   0   0   0   6   1   0   0   0   0   1  32   0   1  51  1.48 0.73
   69 I    -4  -7  -7  -4  -6  -7  -7  -8  -7   5  -1  -7  -3   2  -7  -6  -5  -5  -5   6    1   0   0   1   0   0   0   0   0  28   4   0   0   8   0   0   0   0   0  56  1.66 0.72
   70 V    -3  -7  -7  -7  -1  -7  -7  -7  -7   4  -3  -7  -4  -3   1  -5  -4  -7  -6   7    2   0   0   0   1   0   0   0   0  23   1   0   0   1   8   1   0   0   0  62  1.69 0.76
   71 G    -3  -7  -4  -7   0  -7  -7   8  -7  -9  -7  -7  -8  -8  -7  -3  -5  -8  -8  -8    2   0   1   0   2   0   0  91   0   0   0   0   0   0   0   2   1   0   0   0  2.59 1.02
   72 P    -4  -6  -6  -3  -8  -2  -5  -5  -5  -6  -8  -6  -4  -9   8   0  -4  -9  -8  -7    1   0   0   1   0   2   1   1   0   1   0   0   1   0  84   6   1   0   0   0  2.75 1.13
   73 E    -4  -6  -4   2  -9  -4   8  -7  -6  -7  -8  -5  -7  -8  -5  -4  -4  -8  -7  -6    1   0   1   8   0   0  86   0   0   0   0   0   0   0   0   1   1   0   0   0  2.48 1.07
   74 A     4  -3   0   2  -4   1   0  -1  -3  -1  -2  -1  -3  -4  -4  -1  -1  -5  -4   1   32   1   5  13   0   8   6   4   0   4   5   4   0   0   0   3   3   0   0  11  0.38 0.31
   75 P     0  -7  -6  -5  -4  -2  -6  -7  -2  -6  -2  -6  -5   1   8  -4  -5  -3   1  -4    7   0   0   0   0   2   0   0   1   0   5   0   0   5  70   1   1   0   5   2  2.06 0.92
   76 L    -6  -7  -8  -9  -6  -6  -8  -9  -8   0   7  -7  -1  -2  -8  -7  -6  -7  -5  -1    0   0   0   0   0   0   0   0   0   5  88   0   1   1   0   0   0   0   0   3  2.12 0.89
   77 V     4  -5  -3  -2   2  -3   0  -3  -5  -1  -3  -5  -2  -4  -5   1  -1  -6  -2   4   33   0   1   2   4   1   6   1   0   3   1   0   1   0   0   9   3   0   1  32  0.75 0.48
   78 I     4  -1   2   2  -4   0   1  -2  -3  -3   0   0  -1  -4  -4  -1  -2  -3  -5  -3   32   2   9  14   0   4  11   3   0   1  10   5   2   0   0   4   1   0   0   1  0.43 0.34
   79 G    -4  -8  -5  -5  -8  -7  -8   8  -8  -9  -9  -7  -8  -9  -8  -4  -7  -8  -9  -9    1   0   0   1   0   0   0  97   0   0   0   0   0   0   0   1   0   0   0   0  2.90 1.12
   80 V    -3  -7  -7  -8  -5  -7  -7  -6  -7   6   4  -7   0  -2  -7  -6  -5   0  -3   3    2   0   0   0   0   0   0   1   0  46  30   0   2   2   0   0   0   1   1  15  1.41 0.63
   81 V     4  -4  -4  -6  -5  -4  -2  -1  -3  -2  -4  -3  -4  -6  -5  -1   1  -7  -4   5   29   1   1   0   0   1   3   5   1   1   0   2   0   0   0   5   7   0   1  44  0.97 0.57
   82 D    -6  -7   1   8  -9  -6  -1  -3  -7  -9  -9  -5  -7  -9  -7  -5  -5 -10  -7  -7    1   0   7  85   0   0   3   2   0   0   0   0   0   0   0   0   1   0   0   0  2.67 1.08
   83 A     2   1  -2   0  -2   0   1  -3   0  -1   0   0   0   1  -4  -1  -1  -1   2   0   20  10   1   5   1   5  10   1   3   3   9   5   2   7   0   2   3   1   9   7  0.16 0.19
   84 F    -5  -7  -8  -6   1  -7  -8  -8  -7  -1   5  -8  -1   7  -8  -7  -6  -4  -3  -2    1   0   0   0   3   0   0   0   0   3  48   0   1  41   0   0   0   0   0   2  1.79 0.77
   85 R    -1   4   0  -1  -3   2   3  -3  -1  -3  -3   1  -3  -5  -5  -1   1  -1  -4  -3    6  26   5   2   0  10  18   1   2   2   3   8   0   0   0   4   7   1   0   1  0.53 0.37
   86 A     3   1  -1   1  -4   1   2  -2  -1  -5  -3   3  -4  -5  -4   1  -2  -6  -3  -4   22   6   3   8   0   6  15   3   1   0   2  17   0   0   0  12   1   0   1   0  0.45 0.34
   87 A     3   2   1  -2  -3   0   1  -4   2  -3  -2   1  -1  -4  -4  -1  -2  -3  -1  -1   30  12   7   2   1   4  10   0   5   1   3  10   1   1   0   4   1   0   2   4  0.38 0.32
   88 G    -4  -4   2   0  -6  -4  -3   7  -1  -7  -8   0  -6  -6  -6  -3  -5  -7  -5  -7    1   1   8   6   0   1   2  72   2   0   0   5   0   0   0   2   0   0   0   0  1.75 0.77
   89 L    -4  -3  -6  -7   1  -3  -7  -7  -1   6   3  -5  -1   1  -6  -6  -3  -5  -3   2    0   2   0   0   2   1   0   0   1  41  30   1   1   5   0   0   1   0   1  11  1.11 0.53
   90 P     1   3  -1  -3  -6  -2  -3  -4  -2  -5   0   3  -2  -3   5  -2  -1  -2  -5  -3   13  14   3   1   0   1   0   1   1   0   9  19   1   1  25   3   4   1   0   1  0.64 0.42
   91 I     0  -6  -7  -7   7  -6  -7  -6  -7   4  -2  -6  -3  -2  -7  -4   0  -2  -4   5    8   0   0   0  19   0   0   0   0  23   3   0   0   2   0   1   5   1   0  37  1.30 0.61
   92 F    -5  -8  -8  -9  -4  -8  -8  -9  -7   0  -1  -8  -4   9  -9  -8  -6   0   0   1    1   0   0   0   0   0   0   0   0   5   5   0   0  76   0   0   0   1   2   8  2.52 0.97
   93 G    -1  -8  -6  -7  -4  -7  -8   8  -8  -9  -9  -7  -8  -9  -8  -5  -7  -8  -8  -8    5   0   0   0   0   0   0  94   0   0   0   0   0   0   0   1   0   0   0   0  2.75 1.07
   94 P    -2  -8  -8  -8  -4  -7  -7  -8  -2  -9  -6  -7  -8  -6   9  -6  -7 -10  -9  -7    3   0   0   0   0   0   0   0   1   0   1   0   0   0  93   0   0   0   0   0  3.29 1.31
   95 T    -3   0   2   0  -2  -3  -3   0  -2  -4  -5  -1  -3  -6  -2   4   4  -7  -6  -2    0   5   9   6   1   1   1   7   1   1   1   4   0   0   2  34  26   0   0   2  0.77 0.51
   96 Q     2   4  -4  -4  -5   3  -2  -3  -3  -5  -4   5  -3  -7  -5  -1  -4  -7  -5  -5   18  18   0   0   0  14   1   2   0   1   2  36   1   0   0   5   0   0   0   0  0.98 0.57
   97 G     3   1   0   1  -5   1   3  -2  -1  -4  -3   2  -2  -3  -4  -1  -3  -4  -2  -3   30   8   4   7   0   5  17   2   1   1   3  13   1   1   0   4   1   0   1   1  0.46 0.35
   98 A     7  -6  -6  -6   0  -4  -4   2  -4  -5  -4  -5  -5  -7  -6  -1  -3  -5  -4  -3   74   0   0   0   2   1   1  12   0   0   2   0   0   0   0   3   1   0   1   2  1.65 0.81
   99 A     7  -7  -7  -6  -6  -6  -6  -3  -7  -7  -5  -6  -6  -5  -6   1  -1  -8  -7  -4   82   0   0   0   0   0   0   2   0   0   1   0   0   1   0  10   3   0   0   1  2.01 0.94
  100 Q    -2   5  -4  -5  -5   6   0  -6  -4  -1  -3   2   2  -3  -6  -4  -4  -3  -5  -4    3  31   1   0   0  32   7   0   0   4   3   9   5   1   0   1   1   0   0   1  1.12 0.63
  101 L    -5  -7  -8  -9  -5  -7  -8  -9  -8   5   6  -8   0  -2  -8  -7  -6  -7  -6  -2    1   0   0   0   0   0   0   0   0  27  68   0   2   2   0   0   0   0   0   1  1.84 0.79
  102 E    -5  -5  -6  -4 -10  -4   8  -5  -6  -9  -9  -5  -8  -9  -7  -6  -5  -9  -8  -9    1   1   0   0   0   0  97   1   0   0   0   0   0   0   0   0   1   0   0   0  2.97 1.26
  103 G     2  -5  -3  -4  -3  -5  -5   5  -6  -6  -7  -3  -5  -5  -4   4   1   4  -4  -5   14   0   1   0   0   0   0  41   0   0   0   1   0   1   1  27   8   5   0   1  1.13 0.62
  104 S    -5  -7  -2   1  -5  -6  -5  -6  -5  -8  -9  -6  -8  -8  -7   8  -5  -9  -6  -8    0   0   2   8   0   0   0   0   0   0   0   0   0   0   0  89   0   0   0   0  2.48 1.16
  105 K    -7  -1  -6  -7  -9  -5  -5  -8  -7  -9  -9   8  -8  -9  -7  -4  -7  -9  -8  -5    0   3   0   0   0   0   0   0   0   0   0  96   0   0   0   1   0   0   0   1  3.02 1.24
  106 A     3  -3  -2  -1  -1  -2  -1  -1  -3   2  -2  -2  -3  -3  -4   2  -1  -2  -2   2   30   1   2   4   1   1   3   4   1  12   3   2   0   1   0  16   3   1   1  13  0.37 0.31
  107 F    -5  -6  -8  -8  -8  -7  -5  -8   0  -6  -3  -7  -5   9  -9  -5  -7   7   3  -6    1   0   0   0   0   0   1   0   2   0   2   0   0  69   0   1   0  13   9   0  2.62 1.04
  108 T     6  -6  -6  -6   2  -4  -6  -2  -6  -6  -5  -6   2  -5  -6   2   1  -7  -7  -4   60   0   0   0   4   0   0   2   0   0   1   0   5   1   0  16   9   0   0   1  1.39 0.75
  109 K    -5   2  -5  -5  -5  -3  -5  -7  -2  -7  -5   8  -7  -7  -7  -5  -5  -9  -6  -5    1   8   0   1   0   1   0   0   1   0   1  84   0   0   0   0   0   0   0   1  2.44 1.07
  110 D     0   1   1   3  -6   3   4  -2   0  -5  -4   1  -4  -5  -5   0  -2  -3  -4  -5    8   7   6  15   0  11  27   4   2   0   2   7   0   0   0   6   2   0   1   0  0.57 0.39
  111 F    -6  -6  -8  -9  -5  -7  -8  -8  -6   1   3  -7   0   8  -8  -7  -5  -5  -3   1    0   0   0   0   0   0   0   0   0   8  25   0   2  53   0   0   0   0   0  10  1.81 0.78
  112 L    -4  -8  -5  -9   4  -7  -8  -7  -8  -4   1  -8  10  -2  -8  -7  -5  -7  -6  -3    2   0   1   0   7   0   0   0   0   1  12   0  74   2   0   0   1   0   0   1  2.98 1.20
  113 A     1   2   0   1  -3   2   2  -3   0  -2  -2   3  -2  -4  -4  -1   0  -5  -4  -1   12  11   4   7   1   8  11   1   2   2   4  21   1   1   0   3   5   0   0   4  0.30 0.26
  114 R     0   6  -2  -1  -5   0   2  -5  -1  -4  -4   4  -5  -7  -5  -1  -3  -7  -5  -5    7  37   2   3   0   4  11   1   1   1   1  26   0   0   0   4   1   0   0   1  1.04 0.57
  115 H     2  -5   2  -6  -1  -4  -3  -5   7  -4  -3  -4  -6   0  -7  -3  -5  -1   6  -5   19   0   9   0   1   1   2   0  28   1   3   1   0   3   0   2   0   1  27   1  1.38 0.71
  116 N    -3   0   4   1  -4   0  -2   5   1  -8  -7   1  -6  -7  -6  -1  -4  -7  -6  -7    2   4  19   7   0   5   2  44   3   0   0   7   0   0   0   4   0   0   0   0  1.06 0.57
  117 I    -7  -8  -9  -9  -7  -8  -9  -9  -9   8  -1  -8  -4  -6  -8  -8  -6  -8  -7   4    0   0   0   0   0   0   0   0   0  71   6   0   0   0   0   0   0   0   0  23  2.34 0.95
  118 P    -3  -3  -6  -8  -9  -3  -7  -8  -8  -9  -5  -2  -8 -10   9  -5  -7 -10  -9  -6    3   2   0   0   0   1   0   0   0   0   2   2   0   0  89   1   0   0   0   0  3.05 1.28
  119 T    -4  -6  -4  -7  -1  -1  -6  -4  -1  -4  -6  -5  -4  -5  -7  -1   8  -8  -6  -4    1   0   1   0   1   3   0   1   2   1   0   0   0   0   0   5  82   0   0   1  2.28 1.07
  120 A     7  -7  -7  -7  -5  -6  -6  -1  -4  -7  -7  -6  -7  -8   3  -3  -3  -8  -7  -6   76   0   0   0   0   0   0   4   0   0   0   0   0   0  16   1   2   0   0   0  1.99 0.97
  121 A     1   3   0   2  -1   0   1  -1   0  -5  -5   3  -4  -3   0   0  -2  -2  -3  -4   14  17   4  10   1   4  10   4   2   0   1  16   0   1   6   6   2   1   1   0  0.40 0.30
  122 Y     0  -7  -5  -7  -1  -5  -7  -2   3  -6  -6  -7  -6   6  -7   0  -4   5   7  -5    9   0   0   0   1   0   0   3   6   0   0   0   0  29   0   9   1   6  35   0  1.65 0.78
  123 A     1   3  -2  -1  -2   2   2  -1   1  -1  -3   2  -3  -1  -4  -1  -1   1  -1  -1   13  15   1   2   1   8  14   5   3   3   2  13   0   3   0   4   3   2   1   5  0.26 0.24
  124 N     0  -2   0  -2  -1  -3   0  -5  -3   2  -2  -3  -2  -1  -3   1   3  -2  -3   4    8   3   4   2   1   1   6   0   1  13   3   1   1   2   1  12  16   1   1  26  0.38 0.31
  125 F    -1  -8  -8  -8   4  -8  -8  -6  -2  -2  -4  -8  -4   9  -6  -4  -3  -5   0   1    5   0   0   0   8   0   0   0   1   2   1   0   0  68   1   1   2   0   2   8  2.18 0.91
  126 T    -2   0   1   4  -5  -1   0  -3   1  -3  -5  -1  -4  -3  -3   2   4  -6  -2  -2    2   5   6  20   0   2   7   2   3   2   0   4   0   1   1  16  25   0   1   2  0.56 0.41
  127 E    -3  -1   3   5  -5   0   1  -3  -1  -6  -6  -1  -5  -7  -4   3   1  -7  -6  -5    2   3  13  34   0   4   9   2   1   0   0   3   0   0   1  19   9   0   0   1  0.88 0.53
  128 I     1  -1  -4  -3  -2  -2   0  -3  -1   0   1  -1   0   2   3  -1  -1   0   3   0   12   3   0   1   1   2   6   1   1   5  12   3   2   7  16   4   3   1  13   6  0.28 0.24
  129 E     0  -1   0   3  -5   1   4  -2  -2  -3  -3   1  -4  -4  -2   0  -2  -5  -4  -2    9   2   5  17   0   6  30   3   1   2   3   7   0   0   2   7   2   0   0   2  0.51 0.37
  130 P     2  -2  -1   2  -4   1   5  -3   0  -5  -3   1  -4  -5   0   0  -2  -6  -5  -4   15   2   3  11   0   6  33   1   2   0   4   8   0   0   4   8   3   0   0   1  0.57 0.41
  131 A     7  -6  -7  -6  -2  -6  -6  -1  -7  -2  -2  -6  -4  -4  -5  -3  -4  -5  -4  -1   78   0   0   0   1   0   0   5   0   3   5   0   0   1   1   1   1   0   1   4  1.72 0.85
  132 L    -2   2  -2  -2   1   0   0  -4  -1   2   2   3   0   0  -4  -2  -2  -2  -2   0    3   9   2   1   3   4   8   0   1  11  21  19   2   3   0   2   2   1   1   5  0.25 0.23
  133 A     3   1   1   2  -4   0   2  -2  -1  -4  -4   2  -4  -5  -4   1  -1  -4  -4  -3   22   9   6  13   0   4  15   3   1   1   2  10   0   0   0   9   3   0   0   1  0.40 0.31
  134 Y     1  -3  -5  -4  -4  -3  -4  -4   3  -2  -2  -3  -4   5  -7  -4  -4   1   7  -2   10   2   0   1   0   1   1   2   6   2   3   2   0  25   0   1   1   1  39   2  1.36 0.67
  135 V     0  -6  -7  -7  -1  -6  -7  -6  -5   5   4  -5  -1  -2  -7  -5  -3  -4  -4   3    7   0   0   0   1   0   0   0   0  33  31   0   1   1   0   1   1   0   0  22  1.12 0.54
  136 R     0   3   1   2  -5   2   3  -2   1  -4  -3   2   0  -3  -3   0  -2  -6  -3  -4    8  15   6  10   0  10  16   2   3   1   2  14   3   1   1   7   1   0   1   1  0.42 0.31
  137 E     0   1   2   1  -3   1   3  -2  -1  -4  -3   2  -4  -4  -4   2   1  -4  -4  -4    7   7  10   6   0   5  17   3   1   1   3  14   0   1   0  17   8   0   0   1  0.37 0.30
  138 K     0   1   0  -2   1   1  -1  -3   2   0   1   1   0   2  -3  -1  -1   3  -1  -1   10   8   5   1   3   9   2   0   6   6  13   9   2   9   0   4   3   5   1   4  0.14 0.16
  139 G    -2  -1   1   3  -5   0   0   3  -2  -5  -5   1  -4  -5   2   1  -1  -2  -4  -4    3   3   7  16   0   3   6  26   1   0   1   9   0   0   9  10   4   1   0   1  0.48 0.33
  140 A     1  -1  -2  -2  -3  -2  -1   0   1  -2   0  -1  -1   4   1  -1  -1   3   4  -1   11   3   1   2   0   1   4   6   3   2   9   3   2  17   8   4   3   4  13   3  0.26 0.22
  141 P    -2   1  -1  -3  -7  -2  -4  -1  -2  -7  -6   0  -5  -7   8  -3  -5  -8  -7  -5    4   7   3   1   0   2   1   6   1   0   1   5   0   0  65   2   0   0   0   1  1.82 0.84
  142 I    -1  -3  -6  -6   1  -3  -5  -5  -2   4   2  -4   0   1  -3  -4  -2   3   2   3    4   2   0   0   3   1   0   0   1  25  21   0   2   5   1   1   2   5   6  22  0.67 0.37
  143 V    -2  -8  -8  -8  -6  -7  -8  -8  -8   0  -4  -7  -1  -3  -8  -7  -4  -3  -4   8    3   0   0   0   0   0   0   0   0   3   0   0   1   1   0   0   1   0   1  89  2.39 1.00
  144 V    -4  -7  -8  -8  -6  -7  -7  -7  -8   6   1  -7  -2  -3  -7  -7  -5  -7  -6   5    1   0   0   0   0   0   0   0   0  47  11   0   0   1   0   0   0   0   0  40  1.74 0.75
  145 K    -5  -2  -6  -6  -8  -4  -5  -7  -6  -8  -8   8  -7  -8  -7  -6  -6  -8  -7  -8    1   1   0   0   0   0   0   0   0   0   0  97   0   0   0   0   0   0   0   0  2.97 1.21
  146 A     6  -4  -5  -2  -3  -3  -2  -4  -6  -4  -3  -2  -4  -4  -1  -3  -1  -6   0   0   70   1   0   2   0   1   2   0   0   1   2   3   0   0   3   1   3   0   3   6  1.27 0.70
  147 D    -4  -4   0   8  -4  -5  -3  -5  -6  -6  -8  -5  -7  -8  -5   3  -4  -8  -7  -6    1   1   4  68   0   0   0   1   0   1   0   0   0   0   1  21   1   0   0   0  2.02 0.91
  148 G    -4  -3  -4  -3  -7  -5  -4   7  -7  -8  -7  -5  -7  -8  -7  -4  -4  -5  -4  -6    1   2   1   2   0   0   2  89   0   0   0   0   0   0   0   1   1   0   1   1  2.38 0.98
  149 L    -5  -7  -5  -6  -4  -6  -6  -7  -7  -1   7  -7  -1  -2  -1  -5  -6  -6  -3  -3    0   0   1   0   0   0   1   0   0   2  86   0   1   1   4   1   0   0   1   1  1.88 0.84
  150 A     7  -5  -5  -5   3  -6  -6  -5  -7  -6  -6  -5  -2  -3  -3  -1  -1  -4  -6  -4   81   0   0   1   5   0   0   0   0   0   0   0   1   1   1   3   5   0   0   0  1.87 0.90
  151 A     6  -2  -4  -3  -5  -1  -1   2  -5  -5  -1  -3  -4  -2  -3   0  -3  -6  -3  -4   57   2   1   1   0   3   3  14   0   0   5   1   0   2   1   6   1   0   1   1  0.95 0.57
  152 G    -5  -4  -3  -2  -8  -7  -5   8  -7  -5  -9  -7  -8  -8  -7  -5  -7  -1  -8  -8    0   1   1   2   0   0   1  92   0   1   0   0   0   0   0   0   0   1   0   0  2.60 1.06
  153 K    -6  -1  -4  -6  -5  -2  -5  -7  -6  -8  -7   8  -4  -8  -3  -4  -5  -8  -7  -8    0   3   1   0   0   1   0   0   0   0   0  91   0   0   2   1   0   0   0   0  2.66 1.13
  154 G    -4  -5  -4  -7  -8  -7  -5   8  -8  -9  -9  -7  -8  -9  -8  -5  -7  -8  -9  -9    1   1   1   0   0   0   1  96   0   0   0   0   0   0   0   1   0   0   0   0  2.84 1.14
  155 V     0  -7  -8  -8  -3  -7  -6  -7  -8  -1  -4  -7  -5  -6  -7  -4  -2  -8  -6   8    7   0   0   0   0   0   1   0   0   2   1   0   0   0   0   2   2   0   0  85  2.24 0.97
  156 I    -3  -2  -5  -5  -5  -3  -4  -4  -2   4   1  -2  -2   4  -5  -2   2   0   1   3    1   3   0   0   0   1   1   1   1  22  11   2   1  15   0   2  11   1   4  22  0.62 0.37
  157 V    -5  -5  -7  -7  -2  -6  -5  -7  -5   5   0  -4  -1  -2  -4  -6  -5  -7  -4   6    0   0   0   0   1   0   1   0   0  33   8   1   1   1   1   0   0   0   1  50  1.52 0.69
  158 A     4  -6  -5  -6   8  -6  -5  -4  -3  -2  -4  -5  -2  -5   2  -2   1  -7  -5   1   33   0   0   0  29   0   0   1   1   2   2   0   1   0  11   2   8   0   0   9  1.27 0.64
  159 M    -1   1   1   2  -4   1   2  -2   2  -4  -4   2   2  -1  -2   1   1  -2  -2  -4    5   6   8  10   0   7  15   2   4   0   1  10   5   3   2  10   8   1   1   0  0.30 0.26
  160 T    -4  -4   4   4  -3  -4  -1  -3  -4  -5  -7  -3  -5  -6  -6   3   5  -7  -6  -6    1   1  18  21   0   0   3   2   0   0   0   1   0   0   0  21  30   0   0   0  1.10 0.65
  161 L    -1   2  -2  -2  -4   0   1  -4   0  -1   1   3   0  -1   1  -2  -2  -2   0  -1    5  12   1   1   0   5   9   0   2   4  18  17   2   3   7   2   2   0   3   5  0.22 0.21
  162 Q     1  -2  -1   3  -6   1   5  -2  -1  -3  -5   1  -4  -6  -3   0  -2  -5  -5  -3   13   1   3  14   0   6  36   3   1   2   1   7   0   0   1   5   2   0   0   2  0.68 0.44
  163 E    -2  -4  -3   2  -7   2   7  -5  -3  -5  -6  -3  -3  -7  -6  -2  -1  -7  -7  -4    4   0   1  11   0   8  63   1   1   1   1   1   1   0   0   3   3   0   0   1  1.56 0.80
  164 A     7  -6  -7  -7  -3  -5  -6  -2  -7  -3  -3  -6  -5  -5  -6  -2  -2  -8  -5  -2   82   0   0   0   1   0   0   3   0   1   3   0   0   1   0   3   2   0   0   3  1.91 0.92
  165 E    -1   1  -1  -1   3   1   2  -4   0   1   1   1   1  -1  -4  -2  -1  -4  -1   0    3   7   3   3   6   5  16   0   2   9  15   8   3   3   0   2   2   0   2   6  0.17 0.18
  166 D     2   0   0   2  -5   2   3  -2  -1  -3  -2   2  -3  -3  -3   0  -1  -5  -4  -3   18   5   5  10   0  10  18   2   1   1   3  12   0   1   1   7   4   0   0   1  0.36 0.30
  167 A     6  -4  -3  -2  -2  -4  -2  -2   0   0  -3  -4  -4   0  -5  -2   1  -3  -2   0   59   1   1   2   1   1   2   2   2   5   2   1   0   5   0   2   7   0   1   6  0.96 0.57
  168 I     0  -5  -6  -7  -1  -6  -6  -4  -5   4   4  -6  -2  -3  -6  -4  -4  -4  -4   4    9   1   0   0   1   0   0   1   0  24  32   0   0   1   0   1   0   0   1  27  1.02 0.52
  169 Q    -1   3   0   3  -4   2   2  -2   2  -4  -3   2  -2  -4  -4  -1  -1  -3  -2  -3    5  14   5  19   0   8  13   2   4   1   2  12   1   1   0   4   4   0   2   2  0.43 0.30
  170 D     0   2   0   3  -4   1   3  -3  -1  -3  -3   1  -3  -4  -4   0  -1  -2  -3  -3    9  10   3  19   0   7  22   2   1   1   3   7   0   1   0   8   3   1   1   2  0.45 0.32
  171 M    -1  -4  -5  -5   2  -4  -5  -5  -3   5   2  -4   6   1  -3  -4  -3   1  -1   0    5   1   0   1   5   1   0   1   1  31  19   1  18   6   1   1   1   2   2   5  0.88 0.45
  172 L    -2  -4  -4  -5  -3  -2  -3  -5  -3  -1   3  -3   8   4  -4  -3  -3   1  -1  -2    3   1   1   1   1   2   2   1   1   3  27   1  34  14   1   2   2   2   2   2  1.14 0.56
  173 A     0   0  -1   0  -3   1   1  -2  -1   1   0   1  -1  -2  -2   1  -1  -3  -1   2    7   4   3   4   0   6  11   3   1   6   7   9   1   1   2   9   3   0   2  19  0.11 0.13
  174 G    -1   1   1   4  -3   1   2   1   0  -3  -3   2  -3  -3  -3  -1  -2  -4  -3  -2    4   7   7  20   0   6  14  12   2   1   3  11   1   1   1   3   3   0   1   3  0.36 0.24
  175 N    -1   3   1   0  -2   1   0   1   1  -3  -3   4  -3  -4  -1  -1  -2  -4  -2  -1    4  16   8   5   1   5   6  12   3   1   3  23   0   1   3   4   2   0   1   4  0.35 0.23
  176 A     1   1  -1  -1  -2   0   1  -1  -1   1  -1   2   0  -2  -1   0   0  -3  -2   1   14   6   2   2   1   3   8   4   1  11   4  14   2   1   2   6   5   0   1  11  0.10 0.11
  177 F    -3  -4  -4  -3  -2  -4  -3  -4   1  -2   1  -3  -2   8  -4  -3  -4  -2   2  -3    2   1   1   2   1   1   2   2   3   2  14   2   1  54   1   2   1   1   6   2  1.38 0.58
  178 G    -1  -3  -1  -2  -5  -3  -3   6  -3  -4  -4  -1  -5  -3  -2  -1  -3   0  -4  -2    4   1   3   3   0   1   2  63   1   1   2   4   0   1   2   5   1   1   1   3  1.20 0.55
  179 S     1  -2   1   3  -3   0   3  -1  -1  -1  -1   1  -3  -4  -1   1  -1  -4  -4  -2   10   2   5  16   0   4  19   4   1   3   6   7   0   0   3  12   4   0   0   2  0.28 0.23
  180 A     5  -2  -2  -3  -4   0  -1  -1  -3  -2  -3  -2  -2  -4  -1   2  -1  -5  -3  -2   51   2   2   1   0   4   4   4   1   2   2   2   1   1   3  15   3   0   1   2  0.77 0.47
  181 G    -1  -4  -2  -1  -3  -3  -2   6  -2  -3  -6  -2  -4  -5  -2   0  -3  -1  -3  -2    5   1   2   3   1   1   2  61   1   2   1   2   0   1   2   8   2   1   1   3  1.17 0.56
  182 S     0   1   2   2  -2   0   2   0   0  -4  -4   2  -2  -4  -2   1  -1  -5  -3  -2    7   8   9  13   1   4  12   8   2   1   1  14   1   1   1  12   3   0   0   2  0.30 0.23
  183 R    -2   4  -1  -2   0   1   1  -3  -1  -2  -3   3  -2  -4   1   0   2  -3  -3  -1    2  23   2   1   2   4  10   1   2   2   1  17   1   1   6   6  15   0   0   5  0.39 0.28
  184 V    -2  -6  -6  -6  -2  -5  -6  -6  -6   5   1  -5  -1   0  -5  -2  -3  -5  -3   6    3   0   0   0   1   0   0   0   0  28   9   0   1   3   0   3   1   0   1  50  1.18 0.54
  185 V    -3  -6  -6  -5  -4  -5  -5  -6  -6   4   3  -5  -2  -2  -6  -4  -3  -5  -3   6    1   0   0   1   0   0   0   0   0  18  23   0   0   1   0   1   1   0   0  53  1.24 0.56
  186 V    -3  -6  -6  -4  -4  -5  -6  -5  -6   6   1  -5   0  -1  -6  -5  -4  -1  -4   4    2   0   0   1   0   0   0   1   0  54  12   0   1   2   0   0   0   1   0  23  1.31 0.56
  187 E    -5  -1  -4  -2  -7   1   8  -5  -4  -7  -7  -3  -3  -7  -5  -4  -5  -7  -6  -5    0   3   0   1   0   5  87   1   0   0   0   0   1   0   0   1   0   0   0   1  2.23 0.92
  188 E    -2  -1   0   2  -7   1   7  -5  -3  -6  -6   0  -3  -6  -4  -3  -4  -6  -5  -6    3   2   4  10   0   6  67   0   0   0   0   4   1   0   1   1   1   0   0   0  1.51 0.69
  189 F    -3   3  -3  -5   3  -4  -4  -3   1  -3  -1   0   0   6  -5  -4  -4   0   4  -1    2  14   1   0   7   0   0   2   3   1   7   6   2  36   0   1   0   1  13   4  0.85 0.44
  190 L    -5  -5  -5  -6  -3  -3  -6  -6  -3   1   6  -4   3  -2  -6  -5  -4  -5  -1   0    0   0   0   0   0   1   0   0   1   8  74   1   5   1   0   0   1   0   3   4  1.37 0.60
  191 D    -1   0  -1   2  -3   1   4  -3  -1  -1  -3   1  -2  -1  -1   0   0  -3   0   0    4   4   2  10   0   6  28   1   1   5   1   7   0   3   3   7   7   0   3   7  0.27 0.22
  192 G    -4  -4  -5  -4  -7  -6  -2   7  -4  -8  -7  -5  -7  -7  -3  -4  -6  -7  -7  -7    0   1   0   1   0   0   3  92   1   0   0   0   0   0   1   0   0   0   0   0  2.41 0.90
  193 E    -2   1  -2   0  -3   1   4  -4   1  -1  -3   1  -3   1   2  -2  -1   1   0  -1    1   8   1   4   0   5  30   0   3   3   1   8   0   6  11   2   3   2   3   5  0.38 0.28
  194 E    -5  -3  -5  -2  -7  -2   8  -5  -4  -7  -7  -1  -6  -7  -5  -4  -3  -7  -6  -7    0   1   0   1   0   1  90   1   0   0   0   3   0   0   0   1   1   0   0   0  2.34 0.97
  195 A     2  -4  -5  -5   1  -4  -4  -5   0   3   2  -4   0   2  -4  -3  -2  -4  -1   4   16   1   0   0   3   0   0   0   3  14  18   0   2   9   0   0   2   0   2  28  0.52 0.32
  196 S    -3  -5  -3  -5  -5  -4  -4  -4  -5  -6  -6  -4  -3  -6  -1   7   0  -7  -6  -6    1   0   0   0   0   0   0   1   0   0   0   0   1   0   3  88   5   0   0   0  2.05 0.93
  197 F     0  -5  -5  -6   4  -4  -5  -4  -3   2   2  -5   2   4  -5  -3  -3  -2   1   3    7   0   0   0   8   0   0   1   0  12  18   0   5  15   0   1   1   0   5  24  0.62 0.35
  198 I    -4  -5  -6  -6  -5  -2  -6  -6   2   2   3  -5   4   6  -6  -4   0  -4  -1  -2    1   0   0   0   0   2   0   0   5  12  30   0  10  32   0   1   6   0   1   1  1.00 0.50
  199 V     4  -5  -4  -5   5  -4  -4  -1   0   0  -2  -4  -2  -2  -4  -1   1  -5  -1   2   40   0   0   0  13   0   0   5   3   4   3   0   0   1   0   3   8   0   2  17  0.71 0.44
  200 M    -3  -6  -6  -7  -4  -6  -6  -7  -5   3   4  -6   1   6  -6  -5  -4   2  -1   1    2   0   0   0   0   0   0   0   0  14  33   0   3  36   0   0   0   3   0   7  1.15 0.53
  201 V    -1  -4  -4  -5   6  -4  -5  -5  -5  -1  -1  -4  -1  -1  -5   1   5  -3  -3   3    4   1   0   0  17   0   0   0   0   2   5   0   1   2   0  12  34   0   1  20  0.89 0.51
  202 D    -4  -3   2   8  -7  -4  -3  -4  -1  -7  -6  -4   0  -7  -6  -1  -4  -8  -5  -6    1   2   8  76   0   0   0   1   2   0   0   1   2   0   0   4   1   0   0   0  2.00 0.83
  203 G    -3  -4  -1  -2  -6  -4   0   7  -2  -6  -7  -2  -6  -6  -4  -3  -4  -6  -4  -6    1   1   3   2   0   0   7  77   1   0   0   3   0   0   1   2   1   0   1   0  1.72 0.70
  204 E    -2   1   2   1  -3   1   3  -2   0  -3  -3   3  -3  -4  -3   0   1  -3  -1  -2    2   8   8   6   0   5  19   2   2   2   1  23   0   0   1   5   8   0   3   4  0.36 0.26
  205 N    -2   1   3   1  -2   0   0  -1   3  -3  -3   0   0  -3  -3   1   3  -4  -1  -2    2   9  14   7   1   3   4   5   7   1   1   6   3   1   0  10  24   0   1   2  0.33 0.26
  206 V     0  -3  -4  -5  -1  -1  -4  -4  -2   3   0  -4   0   4  -4  -3  -1   1   4   3    9   2   0   0   1   3   1   1   1  18   6   0   2  17   1   1   2   2  14  20  0.51 0.31
  207 L     0   0  -3  -4  -1   0  -2  -3  -1   1   2   1   0   1  -3  -1  -1   0   0   2    9   6   0   0   1   3   1   1   1   9  20   9   1   5   0   5   2   1   3  21  0.18 0.17
  208 P    -1  -2  -3  -4  -1  -3  -2  -4   1   1   1  -3   1  -1   5   0   0   1  -1   0    5   2   1   0   1   1   2   0   3   7  13   1   4   2  34   6   6   2   2   7  0.57 0.33
  209 M    -3  -5  -6  -6  -3  -4  -5  -6  -5   1   5  -5   6   3  -5  -5  -3  -2   0  -2    1   0   0   0   1   0   0   0   0   5  50   0  22  13   0   0   1   1   3   1  1.21 0.56
  210 A     1  -4  -1  -2  -3  -2  -1   1  -3   0  -2  -3  -2  -5   6  -2  -2  -4  -5   0   11   0   3   2   0   2   4  11   0   5   5   0   1   0  43   2   3   0   0   7  0.87 0.44
  211 T     1  -4  -2  -3  -2  -3  -3  -2   0  -1   0  -3  -1   0   5   2   2  -2  -1   0   13   0   2   1   0   0   1   2   2   2   8   0   1   4  27  14  13   1   3   6  0.50 0.32
  212 S     5  -5  -4  -5   2  -4  -4  -2  -5  -2  -3  -4  -3  -3  -4   3  -1  -6  -5   1   55   0   0   0   4   0   0   3   0   1   2   0   0   1   0  21   3   0   0  10  0.99 0.55
  213 Q    -3   4  -4  -4   3   7  -2  -5   0  -5  -4   0   0  -5  -5  -3  -3  -6  -5  -4    1  21   0   0   6  54   1   0   2   1   1   6   2   0   0   1   1   0   0   1  1.48 0.71
  214 D    -4  -6  -1   8  -7  -5  -3  -5  -5  -7  -7  -3  -7  -7  -4  -3  -5  -8  -7  -5    1   0   2  89   0   0   0   0   0   0   0   2   0   0   1   2   0   0   0   1  2.53 0.95
  215 H    -5  -4  -2  -6  -7  -5  -5  -6   9  -6  -6  -5  -6   0  -4  -5  -4  -4   7  -6    1   0   1   0   0   0   0   0  54   0   0   0   0   2   1   0   1   0  37   0  2.66 0.97
  216 K    -5  -1  -3  -5  -7  -1  -3  -6  -5  -7  -7   8  -6  -7  -4  -4  -5  -7  -4  -6    0   2   1   0   0   2   1   0   0   0   0  92   0   0   1   0   0   0   1   0  2.44 0.96
  217 R    -1   7  -3  -5  -6   1  -4  -4  -1  -6  -5   1  -4  -6   0  -3  -2  -2  -5  -6    4  66   1   0   0   7   0   1   2   0   1   8   0   0   4   2   2   1   0   0  1.55 0.69
  218 V     3   0  -4  -3  -3  -3  -3  -4  -4   3   3  -3  -1  -3  -4  -2  -3  -5  -4   3   23   6   0   1   0   1   1   0   0  17  28   0   0   0   0   2   1   0   0  18  0.55 0.35
  219 G    -3  -1  -1  -2  -2  -1  -2   3   1  -3   2  -2  -2   4  -3  -3  -3  -1   4  -3    1   3   3   3   1   2   2  21   3   0  18   3   1  22   1   1   1   1  14   0  0.49 0.32
  220 D    -3  -4   1   7  -6  -3   4  -3  -3  -5  -6  -4  -6  -6  -3  -2  -3  -7  -5  -5    2   0   5  59   0   0  25   2   0   0   1   0   0   0   1   2   1   0   0   1  1.56 0.67
  221 A    -3  -2   3   0  -5  -2  -2   6   0  -6  -3  -2  -5  -3  -2  -2  -3  -5  -2  -5    1   2  14   4   0   2   2  60   2   0   2   2   0   1   2   2   1   0   2   0  1.11 0.49
  222 D    -4  -5   3   8  -7  -3  -1  -1  -4  -6  -6  -4  -6  -7  -3  -3  -4  -7  -6  -6    1   0  14  73   0   0   3   4   0   0   1   1   0   0   1   0   0   0   0   0  1.93 0.74
  223 T    -1   2   0   0  -2   3   1  -3   1  -2   0   3  -1  -3  -3  -1   2  -4  -3  -1    3   9   3   3   1  14   9   0   3   2   8  20   1   1   0   2  15   0   0   4  0.30 0.25
  224 G    -3  -6  -2  -5  -7  -3  -6   7  -6  -6  -8  -3  -7  -7  -6  -3  -5   0  -7  -5    1   0   2   0   0   1   0  89   0   0   0   2   0   0   0   1   0   2   0   1  2.21 0.81
  225 P    -3  -2  -4  -5  -7  -4  -1  -4  -6  -6   0  -2  -4  -5   8  -2  -5  -7  -5  -3    2   2   1   0   0   0   5   1   0   0   8   2   0   0  73   2   0   0   0   2  2.01 0.78
  226 N    -4  -5   9  -1  -7  -3  -4  -5  -2  -7  -6  -3   0  -5  -4  -1  -3  -8  -5  -7    1   0  86   2   0   1   0   0   0   0   1   1   3   0   1   4   1   0   0   0  2.40 0.91
  227 T    -3  -6  -4  -5  -2  -5  -5  -4  -6  -3  -5  -5   0  -6  -5  -1   8  -7  -6  -4    2   0   0   0   1   0   0   1   0   2   0   0   2   0   0   3  90   0   0   0  2.27 0.94
  228 G    -2  -2  -3  -4  -7  -6  -3   7  -6  -8  -8  -5  -7  -7  -6  -3  -2  -7  -7  -7    2   2   1   1   0   0   2  90   0   0   0   0   0   0   0   1   2   0   0   0  2.22 0.81
  229 G    -2  -3  -4  -5  -6  -6  -6   7  -6  -7  -7  -5  -6  -7  -6  -3  -5  -6  -7  -3    2   2   0   0   0   0   0  92   0   0   0   0   0   0   0   1   0   0   0   2  2.31 0.82
  230 M    -5  -6  -7  -7  -6  -4  -6  -7  -6  -2  -2  -5  11   0  -7  -4  -4  -6  -5  -2    0   0   0   0   0   0   0   0   0   1   1   0  90   3   0   1   1   0   0   2  3.27 1.12
  231 G    -3  -6  -4  -5  -6  -6  -6   8  -6  -8  -7  -6  -7  -7  -6  -4  -6  -6  -7  -7    1   0   0   0   0   0   0  97   0   0   0   0   0   0   0   0   0   0   0   0  2.61 0.90
  232 A     5  -4  -3  -5   3  -3  -4  -1  -5  -3  -4  -4  -4  -5  -4   2   0  -6  -5   0   58   0   1   0   7   1   0   4   0   1   1   0   0   0   0  15   5   0   0   7  1.01 0.53
  233 Y    -4  -5  -5  -4   0  -4  -5  -6   0   2  -2  -5  -1   3  -6  -3  -3   2   8   1    1   0   0   1   2   0   0   0   1  10   2   0   1  12   0   2   1   2  54   9  1.51 0.63
  234 S     3  -4  -3  -4   6  -4  -4  -1  -4  -3  -4  -4  -2  -3  -4   5   1  -6  -5  -3   25   0   0   0  14   0   0   4   0   1   1   0   1   1   0  43   7   0   0   1  0.99 0.53
  235 P    -5  -2  -5  -4  -3  -5  -5  -6  -3  -6  -6  -5  -5  -7   9  -3  -4  -5  -6  -5    0   2   1   1   1   0   0   0   1   0   0   0   0   0  89   2   1   0   0   1  2.82 0.98
  236 A     2  -3  -1  -2   1  -3  -2  -3   1  -1  -1  -3  -2  -3   1   0   1  -5  -1   3   21   0   3   2   3   0   1   1   4   1   6   0   1   1   8   7  10   0   2  27  0.34 0.28
  237 P    -2   0  -1   0  -5  -2  -1  -3  -3  -5  -3  -1  -3  -5   7   0   0  -2  -4  -4    3   5   3   5   0   2   4   2   1   0   3   4   1   0  52   8   5   1   1   1  1.16 0.52
  238 V    -1  -1  -2  -1  -2   1  -1  -2   0   1   1  -1   1   3  -2  -2  -2   4   0   1    4   2   1   4   1   8   5   3   3  11  14   3   3  15   2   2   2   7   3   9  0.16 0.14
  239 V     0  -4  -4  -4   0  -4  -4  -4  -4   4   2  -4   2   0  -2  -3  -2   2   0   4    8   0   0   1   2   0   1   1   0  22  18   1   5   4   2   1   1   3   2  28  0.53 0.30
  240 T    -3  -3   1   3  -5  -3  -2  -2  -3  -4  -4  -1  -4  -5   1   3   5  -6  -4  -4    1   1   7  18   0   0   1   3   0   0   1   3   0   0   7  21  34   0   1   1  0.78 0.47
  241 Q     0  -1  -1   3  -5   0   2  -1  -2  -4  -4   2   0  -2   4   0  -1  -5  -3  -3    8   2   2  15   0   4  16   4   1   1   1  13   3   2  19   5   2   0   0   1  0.44 0.29
  242 D     1  -1   0   3  -4   1   4  -1  -1  -4  -4   1  -3  -4  -1   0  -1   0  -4  -3   15   3   4  14   0   5  29   4   1   0   0   9   0   1   2   7   3   1   0   1  0.46 0.31
  243 V    -2  -3  -3   0  -4   0  -1  -3  -2   2   4  -3   3   0  -4  -3   0  -1  -2   1    3   1   0   6   0   5   5   2   1  10  38   1   7   4   0   1   5   1   1  10  0.38 0.26
  244 H     0   0  -2  -2  -3   1   2  -4   0   1   2   1   3  -1  -3  -2  -1  -1   0   1    7   6   1   1   0   6  15   0   3   9  19   7   8   1   0   2   3   1   3   8  0.18 0.18
  245 D     0   1   1   3  -5   2   3  -3  -1  -3  -2   2  -2  -4  -3   0  -1  -3  -3  -3   10   7   7  14   0  11  20   1   1   1   5  10   1   1   0   5   2   0   1   1  0.37 0.28
  246 R    -1   2  -1   0  -3   3   2  -3  -2  -1  -2   3  -1  -1  -3  -2  -1  -1  -1  -1    4  13   3   6   1  13  16   1   0   5   4  18   1   2   0   2   4   1   2   4  0.30 0.24
  247 V    -1  -6  -6  -6  -1  -3  -5  -5  -6   7  -1  -5   1  -1  -6  -4  -2  -3  -4   3    5   0   0   0   1   2   0   1   0  54   4   1   3   2   0   1   3   0   0  21  1.24 0.56
  248 M    -1   1  -1  -1  -2   0   2  -2  -1   2   0   1   3  -2  -3  -2  -1  -3  -1   1    5   8   3   3   1   3  17   2   2  13   7   8  11   1   0   2   3   0   2   8  0.18 0.18
  249 R    -1   3   2   2  -3   2   4  -3   0  -5  -4   2  -4  -4  -4  -1   0  -5  -4  -4    5  14   9  11   0   7  26   2   2   0   1  11   0   0   0   4   5   0   0   1  0.55 0.35
  250 E    -2   2   1   1  -3   1   3  -4   0  -4  -3   2  -2  -5  -4   1   2  -4  -3  -4    3  12   6   7   1   6  21   0   2   1   2  14   1   0   0   8  14   0   1   1  0.45 0.33
  251 V    -3  -7  -7  -7  -2  -7  -7  -7  -5   7  -2  -7  -1  -1  -7  -6  -3  -7  -4   4    2   0   0   0   1   0   0   0   0  66   2   0   1   2   0   0   1   0   0  23  1.87 0.76
  252 I    -1  -5  -5  -6  -3  -5  -5  -6  -2   4   3  -5   4   2  -6  -4  -3  -3  -3   3    4   0   0   0   0   0   0   0   1  27  29   0   8   7   0   0   1   0   0  19  0.89 0.44
  253 Y    -1   2   0   0  -3   3   2  -2  -1  -1  -2   3  -2  -2  -3  -2  -1  -3   0  -2    5   9   4   5   0  16  16   3   1   4   5  18   1   1   1   2   2   0   4   3  0.32 0.26
  254 P    -4   1  -3  -4  -5  -2  -4  -6  -3  -7  -7   2  -7  -8   8  -5  -5  -8  -7  -6    1   8   1   1   0   2   1   0   1   0   0  10   0   0  73   1   0   0   0   1  2.26 0.93
  255 T     0  -5  -4  -5  -2  -5  -5  -5  -6   1  -1  -5   0  -1  -5  -1   6  -1  -5   2    9   0   0   0   1   0   0   0   0   9   6   0   2   2   0   3  51   1   0  15  1.06 0.59
  256 V    -1  -3  -6  -6  -4  -4  -4  -5   0   4   3  -5   1   0  -5  -4  -3  -5  -4   4    6   2   0   0   0   0   1   0   3  21  30   0   3   4   0   1   1   0   0  26  0.77 0.41
  257 R     1   2   1   3  -1   1   2  -3   1  -4  -3   3  -3  -3  -4  -1  -1  -2  -2  -4   12  11   7  16   1   6  11   1   3   1   2  19   0   1   0   4   3   1   2   1  0.39 0.28
  258 G     3  -3  -3  -3  -3  -2   0   5  -2  -4  -5  -3  -4  -4  -5  -1  -2  -4  -2  -4   28   1   1   1   0   2   7  47   1   1   1   2   0   1   0   3   2   0   1   1  1.02 0.53
  259 M    -5  -6  -7  -7   0  -6  -6  -7  -6   0   5  -6   8   0  -7  -6  -4  -4  -5  -3    1   0   0   0   2   0   0   0   0   5  50   0  36   4   0   0   0   0   0   1  1.78 0.77
  260 A     2   3   0  -3  -3   1   0  -3  -1  -2  -2   3  -2  -3  -4   0  -2   0  -1  -1   19  19   4   1   0   7   6   1   1   2   3  19   1   1   0   6   1   2   2   5  0.37 0.29
  261 A     2   2   1   0  -4   2   2  -3  -1  -4  -3   3  -3  -4  -4   0  -1  -5  -2  -3   18  10   7   5   0   9  14   1   1   1   2  20   0   0   0   6   2   0   1   1  0.43 0.31
  262 E    -2   3  -1   2  -5   0   6  -4  -2  -3  -2  -1  -1  -6  -5  -2  -3  -6  -4  -5    3  13   2  10   0   3  52   1   1   2   4   3   2   0   0   2   1   0   1   0  1.04 0.56
  263 G    -2  -2   2   0  -5  -2  -2   7  -4  -7  -7   0  -6  -6  -5  -3  -5  -7  -7  -6    2   2   8   4   0   2   3  68   0   0   0   7   0   0   0   1   0   0   0   0  1.53 0.68
  264 N    -1   1  -1  -4   2  -3  -3  -4   2   4   1  -1   1   0  -4  -1   2   0   0   0    5   9   3   0   5   0   1   1   5  25  11   3   4   3   0   3  12   1   4   5  0.30 0.24
  265 T    -1  -2   0   1  -3  -2   0  -3  -1  -2  -3   0  -1  -2   6  -1   0  -6  -4  -2    4   2   5   8   1   2   5   1   2   2   3   6   1   2  41   5   5   0   1   3  0.78 0.44
  266 Y    -6  -7  -8  -6  -8  -7  -8  -7  -4  -6  -4  -7  -3   7  -8  -6  -7  -4   8  -6    0   0   0   0   0   0   0   0   0   0   1   0   1  42   0   0   0   0  54   0  2.75 1.06
  267 T    -2   4   0  -4   1   1  -2  -4  -1   0  -3   3  -2  -2  -4  -1   2  -4  -3   1    3  22   3   0   3   6   1   0   1   5   1  21   1   1   0   5  11   0   1  13  0.46 0.34
  268 G    -4  -8  -6  -5  -8  -7  -7   8  -7  -9  -9  -7  -8  -8  -7  -5  -7  -8  -8  -8    1   0   0   0   0   0   0  98   0   0   0   0   0   0   0   0   0   0   0   0  2.93 1.11
  269 F    -2  -6  -6  -7   2  -6  -6  -7  -6   4   0  -6   1   4  -6  -5  -2  -2  -4   5    3   0   0   0   5   0   0   0   0  20   6   0   3  17   0   0   3   0   0  42  1.13 0.54
  270 L    -5  -7  -8  -8  -6  -7  -7  -8  -7   2   6  -7   0  -3  -7  -7  -6  -6  -6  -2    0   0   0   0   0   0   0   0   0  11  84   0   2   1   0   0   0   0   0   1  1.98 0.82
  271 Y    -7  -7  -6  -8   1  -5  -7  -8  -1  -5  -4  -7  -6   5  -8  -3  -7  -3   9  -6    0   0   0   0   2   1   0   0   1   0   1   0   0  22   0   2   0   0  68   0  2.66 1.04
  272 A     5  -5  -5  -5   0  -5  -5  -1  -5   2  -1  -5  -1   3   0  -2   1  -5  -4   1   43   0   0   0   2   0   0   4   0  10   6   0   1  12   4   1   8   0   0   8  0.67 0.43
  273 G    -4  -3  -3  -1  -7  -5  -4   7  -7  -8  -8  -6  -7  -8  -7  -4  -5  -7  -8  -6    1   2   1   4   0   1   1  89   0   0   0   0   0   0   0   1   1   0   0   0  2.36 0.92
  274 L    -4  -6  -7  -7  -3  -6  -7  -4  -7   4   6  -6   1   1  -7  -6  -4  -6  -4   0    1   0   0   0   1   0   0   1   0  18  64   0   3   5   0   0   0   0   0   6  1.36 0.61
  275 M    -4  -7  -4  -8  -6  -6  -7  -8  -7   3  -2  -5  11  -4  -7  -6  -5  -7  -6  -1    1   0   1   0   0   0   0   0   0  13   2   1  77   0   0   0   1   0   0   3  2.94 1.11
  276 I    -4  -3  -5  -6  -4  -2  -5  -7  -6   5   4  -2   3  -1  -6  -5  -4   1  -4   2    1   2   1   0   0   2   0   0   0  28  41   3   6   2   0   0   0   2   0  12  0.97 0.48
  277 D    -3  -4  -1   1  -2  -2  -2  -3  -4  -4  -4  -3  -4  -5  -4  -1   7  -6  -5   0    1   1   3   9   1   2   3   2   0   0   1   1   0   0   0   3  67   0   0   5  1.44 0.71
  278 N     1  -1   1   2  -4  -1   2  -1  -1  -4  -4   3  -4  -4   2   0  -2  -5  -3  -2   12   3   6  10   0   2  15   4   1   0   1  22   0   0  10   8   1   0   1   3  0.41 0.30
  279 T    -1  -1   3   4  -5   2   3  -3   0  -5  -5   1  -3  -3  -4   1  -1  -6  -2  -4    5   2  12  27   0   7  17   1   2   0   0   8   0   1   0   8   4   0   1   1  0.61 0.38
  280 G    -4  -4  -1  -3  -4  -5  -4   7  -4  -6  -6  -3  -5  -6  -5  -3  -5  -4  -5  -5    1   1   3   2   0   0   1  83   0   0   1   2   0   0   1   1   1   0   0   1  2.01 0.76
  281 A     0   0   0   1  -1   0   1   0   0   0   0   0   0  -1   0   0   0   0  -1   0    7   4   6   7   1   4  10   6   1   8   7   6   3   3   3   6   6   2   2   8  0.02 0.01
  282 P    -2  -4  -4  -4  -4  -3  -4  -4  -4  -1  -3  -4  -4  -2   8  -3  -4  -5  -4  -1    3   1   1   1   0   1   1   1   0   4   3   1   0   2  71   1   1   0   1   5  1.95 0.72
  283 K    -4   2  -2  -5  -5   1  -2  -5   0  -3  -4   6   0  -1  -5  -2  -4  -1   4  -3    1   9   2   0   0   6   2   0   2   2   2  50   3   3   0   3   0   1  13   2  1.07 0.57
  284 V    -3  -7  -7  -7   0  -6  -7  -6  -7   1   2  -6  -1  -4  -7  -6  -2  -7  -5   7    2   0   0   0   2   0   0   0   0   5  16   0   1   0   0   0   2   0   0  71  1.68 0.74
  285 I    -5  -6  -7  -7  -5  -6  -7  -8  -7   4   6  -7  -2   0  -7  -6  -5  -6  -5   1    0   0   0   0   0   0   0   0   0  23  64   0   0   3   0   0   0   0   0   9  1.54 0.66
  286 E    -6  -5  -4  -1  -8  -3   8  -5  -5  -8  -8  -4  -7  -8  -6  -5  -6  -8  -7  -8    0   0   1   3   0   0  93   1   0   0   0   0   0   0   0   0   0   0   0   0  2.68 1.10
  287 Y    -7  -7  -7  -8  -5  -5  -7  -8  -2   0  -3  -7  -5   8  -8  -7  -6  -1   7  -4    0   0   0   0   0   1   0   0   1   4   1   0   0  52   0   0   0   1  38   1  2.41 0.91
  288 N    -7  -6   9  -3  -8  -3  -5  -6  -3  -8  -7  -3  -7  -8  -7  -4  -5  -9  -7  -8    0   0  93   1   0   1   0   0   1   0   0   2   0   0   0   1   0   0   0   0  3.06 1.15
  289 C     3  -6  -6  -7   8  -6  -6  -6  -7  -2  -3  -6  -2  -3  -6  -3  -1  -6  -6   5   22   0   0   0  31   0   0   0   0   1   1   0   1   1   0   1   4   0   0  37  1.56 0.68
  290 R    -1   2  -1  -2   4   2  -1   1  -1   1  -1   0  -1  -2  -2   0   1  -2  -2  -1    1  15   1   1  15  15   1  15   0  15   1   1   0   1   1   1  15   0   0   1  0.14 0.06
  291 F    -2  -3  -3  -2   0  -3  -3  -2   0  -1   1  -3   0   6  -1  -2  -1   2   2  -1    1   1   1   3   2   1   1   3   2   1   9   1   3  59   3   3   3   2   2   1  0.61 0.18
  292 G     0  -2   0  -2   2  -2  -1   6  -2  -3  -3  -1  -3  -3  -2  -1  -2  -3  -3  -3    5   1   4   1   6   1   4  68   0   1   1   4   0   1   1   1   1   0   0   1  0.81 0.18
  293 D    -1  -2   1   7  -4  -1   1  -2  -2  -4  -4  -2  -3  -4  -2  -1  -2  -4  -3  -3    5   0   5  75   0   0   5   1   0   0   1   0   0   0   0   1   1   0   0   1  1.04 0.26
  294 P    -1  -2  -2  -2  -3  -2  -2  -2  -2  -1  -1  -1  -2  -3   7   0  -1  -3  -3  -2    4   1   1   1   0   1   1   1   0   5   8   3   0   1  60   6   3   0   0   1  1.06 0.20
  295 E     0  -1  -1   1  -3   2   5  -1  -1  -3  -3   0  -2  -3  -2  -1  -1  -3  -2  -3    6   1   1   3   0   5  66   5   0   1   1   1   0   1   1   1   1   0   0   1  0.63 0.20
  296 T     1  -1   0  -2   4  -1  -2  -1  -2  -1  -1  -1   0  -2   0   0   4   1  -2  -1   17   2   4   1  13   1   1   4   0   2   2   1   4   0   4   2  38   2   0   3  0.30 0.15
  297 Q    -2  -1  -2  -2  -4   7   2  -3  -1  -3  -2  -1   1  -2  -3  -1  -2  -3  -3  -2    2   0   0   0   0  73   9   0   0   0   3   0   4   2   0   3   0   0   0   2  1.09 0.38
  298 P     0  -2   0  -2   0  -2  -2  -2  -3   0  -1  -2  -1  -2   2   0   2  -3  -2   3    9   0   5   0   1   0   1   2   0   2   2   0   1   0  12   7  20   0   0  36  0.28 0.16
  299 I    -2  -3  -4  -4  -2  -2  -4  -5  -3   5   3  -4   2  -1  -4  -3  -2   1  -1   3    1   1   0   0   1   1   1   0   1  36  26   0   5   1   0   1   1   2   2  19  0.64 0.29
  300 M    -1  -4  -4  -3  -2  -3  -4  -5  -4   1   5  -4   5  -1  -4  -2  -2  -4  -2   1    5   0   0   2   1   1   0   0   0   4  54   0  20   1   0   2   1   0   1   7  0.81 0.36
  301 M    -1  -1  -3  -3  -3  -2  -2  -3  -2  -1   0  -2   4  -2   6  -1  -1  -2  -3  -2    5   4   1   1   1   1   3   2   1   3   8   1  13   1  47   4   2   1   1   2  0.95 0.37
  302 R    -2   4  -3  -4  -2  -1  -3  -3  -1   0   3  -1   1  -2  -4  -1  -2  -3  -2  -1    3  29   1   0   1   2   0   2   1   3  40   3   3   1   0   4   2   0   1   3  0.49 0.28
  303 L    -3  -3  -3  -4  -1  -3  -3  -5  -3   1   5  -4   3   0  -4  -3  -1   1  -1   0    1   1   1   1   1   0   1   1   1   7  63   0   6   2   0   1   4   2   1   5  0.75 0.33
  304 Q    -2   1   0   3  -3   3   4  -2  -2  -4  -4   3  -3  -5  -2  -1  -1  -5  -3  -3    1   5   4  15   0  13  27   3   0   1   1  20   0   0   2   3   3   0   0   1  0.55 0.30
  305 S     0  -2   1   0   3  -2   0   1  -2  -3  -3  -2  -3  -2  -3   4   3  -5  -4  -3    4   1   7   5   6   1   7  10   0   1   1   1   0   2   1  33  20   0   0   1  0.48 0.32
  306 D    -3  -3   0   7  -3  -2  -1  -2  -2  -6  -5  -2  -6  -6   1  -1  -3  -7  -6  -6    1   1   4  75   1   1   1   2   1   0   1   2   0   0   6   4   0   0   0   0  1.69 0.65
  307 L    -3  -5  -6  -5  -3  -5  -6  -5  -5   1   5  -5   1   4  -3  -5  -4   2  -2  -1    1   0   0   1   0   0   0   0   0   7  62   0   3  18   1   0   1   3   1   1  1.14 0.51
  308 V     2  -4  -3  -3  -2  -3  -3   0  -1   0   2  -3   0   1  -2  -1  -1  -3   3   2   20   0   0   2   0   0   1   6   1   4  26   0   1   5   2   4   2   0  10  15  0.27 0.23
  309 E    -1  -1  -1   4  -4   0   5  -3  -2  -4  -3  -1  -2  -4   1   0  -1  -5  -4  -3    5   2   2  23   0   4  36   1   0   0   3   3   1   0   8   7   3   0   0   1  0.65 0.37
  310 L    -1  -3  -4  -4  -1  -4  -5  -5  -2   4   3  -4   1  -1  -3  -2  -1   0  -1   3    5   1   1   1   1   0   0   0   1  25  32   0   3   2   1   2   2   1   2  18  0.58 0.33
  311 C    -1  -5  -5  -6   4  -4  -5  -4  -5   2   4  -4   4   3  -5  -2  -3   0  -2   0    5   0   0   0  10   1   0   1   0  12  35   0  12  12   0   3   0   1   1   6  0.73 0.38
  312 Q    -2  -1  -1   0  -3   1   1  -4  -1   0   3  -1   2   0  -4  -2  -1   3   1   0    3   3   3   5   0   6  12   0   2   5  31   3   6   3   0   2   3   4   5   6  0.22 0.20
  313 A     5  -1  -1  -1  -2  -1  -2   0   0  -4  -2  -1  -3  -3  -3   1  -2  -1  -2  -4   52   3   3   3   1   2   1   7   2   0   3   4   0   1   0  11   1   1   1   0  0.65 0.42
  314 A     2  -3  -3  -5   7  -3  -3  -2  -3   2  -1  -4  -1  -2  -4  -1   2  -5  -3   1   22   1   1   0  24   0   1   3   1  10   6   0   1   2   0   4  12   0   1  11  0.64 0.37
  315 I     4  -2  -3  -3   3  -2  -3  -2  -3   2   0  -2   0  -2  -4   0   0   0  -2   1   35   2   1   1   6   1   1   2   1  10  10   2   2   1   0   4   7   2   1  11  0.34 0.27
  316 A    -1   0   2   3  -3   1   3  -2   1  -4  -2   1  -2  -5  -3  -1   1  -5  -2  -4    6   5  11  14   0   7  23   3   3   1   3   9   1   0   1   3   8   0   1   1  0.39 0.28
  317 G    -3   0   1  -2  -4   1   0   6   1  -6  -5   0  -5  -4  -5  -2  -4  -6  -4  -5    1   6   6   2   0   6   6  58   3   0   1   5   0   1   0   2   0   0   1   1  1.08 0.54
  318 K    -2   3   1   0  -3   2   2  -1   1  -4  -4   3  -4  -4  -3   0   2  -3  -3  -4    2  20   6   5   1   7  11   4   3   1   1  17   0   0   1   5  13   0   0   1  0.43 0.31
  319 L    -3  -4  -4  -4  -4  -4  -2  -4  -5   1   6  -3   1  -1  -3  -4  -2  -3  -3  -1    2   1   1   1   0   1   3   2   0   5  70   1   2   2   2   1   2   0   0   3  1.09 0.53
  320 D     1  -1   1   4   0  -1   0   0   2  -3  -3   0  -4  -3   1   1  -1  -5  -3  -3   12   2   6  23   2   2   6   7   5   1   3   6   0   1   7  12   2   0   0   1  0.32 0.25
  321 Q    -1   0   1   2  -2   2   2   0  -1  -3  -2   1  -3  -4   1   1   0  -5  -3  -2    4   5   5   9   1  10  15   7   1   1   4   9   0   0   8  13   5   0   1   2  0.25 0.22
  322 V     0  -1  -1  -2   0   0  -1  -2  -1   2   1   0   0  -1   1   0   0  -2   0   2    8   3   2   2   2   4   3   3   2  12  13   5   3   2   6   5   5   0   3  16  0.06 0.09
  323 E    -1   0   0   2  -4   1   2  -2   0  -3  -3   2   1  -3   2   1   1  -5  -3  -2    4   5   5  13   0   7  12   2   3   1   2  12   4   1   9  10   8   0   1   2  0.27 0.23
  324 S    -1  -4  -4  -4  -3  -3  -4  -6  -3   4   3  -4   0  -1   1  -2  -3  -1  -2   3    4   0   1   1   0   1   1   0   1  24  31   0   2   2   8   3   1   1   1  17  0.68 0.41
  325 K    -1   2  -1   0   0   1   3  -2   0  -3  -3   3  -3  -4  -1   1   0  -3  -3  -1    5  12   2   4   2   6  19   3   2   1   2  17   0   1   3  10   5   0   1   5  0.31 0.26
  326 W    -4  -4  -3  -7  -2  -4  -4  -4  -3   0  -1  -3  -2   4  -2  -5   0  10   0  -1    2   1   2   0   1   1   1   2   1   6   6   2   1  15   2   1   7  42   2   5  1.71 0.77
  327 D    -1   2   1   3  -4   0   0  -3   1  -2  -3   3  -1  -4  -3   2  -1  -5  -2  -4    4  11   7  16   0   4   5   1   4   2   3  18   1   1   1  16   4   0   1   1  0.38 0.31
  328 P     0  -1   2   3  -3   0   2  -1  -1  -5  -4   1  -5  -5   3   1  -1  -6  -4  -4    6   4   9  17   1   4  11   4   1   0   1   9   0   0  17  10   4   0   0   1  0.47 0.34
  329 R    -3   3   0   1  -4   1   2   4  -1  -6  -3   2  -3  -4  -4  -2  -2  -4  -4  -5    1  15   4   9   0   6  12  27   1   0   3  14   0   1   0   3   2   0   0   1  0.58 0.39
  330 A     3  -3  -2  -4   2  -2  -4  -3   2  -3  -4  -1  -3   3   0   2   0  -1   3   0   24   1   2   0   4   1   1   1   6   1   0   5   0  11   5  14   6   1  11   7  0.45 0.37
  331 S     5  -3  -4  -6   4  -4  -6  -3  -1  -5  -6  -5  -3  -4  -6   3   1  -4   0  -2   50   1   0   0   9   0   0   2   1   1   0   0   0   1   0  20   7   0   3   3  1.16 0.68
  332 I     1  -7  -7  -7   4  -5  -7  -6  -5   1   1  -6   1  -3  -7  -4  -2  -7  -4   6   10   0   0   0   9   0   0   1   0   7  14   0   3   1   0   1   2   0   0  52  1.25 0.63
  333 G     0  -6   0  -3   8  -6  -4   3   0  -5  -5  -5  -6  -6  -6   1   3  -7  -4  -2    7   0   4   2  32   0   1  20   3   1   0   0   0   0   0   9  18   0   1   3  1.23 0.64
  334 V    -4  -8  -6  -8  -4  -7  -8  -9  -8   2  -1  -4  -4  -3  -6  -7  -2  -8  -4   7    1   0   0   0   0   0   0   0   0   9   4   1   0   1   0   0   2   0   1  79  2.08 0.94
  335 V    -2  -7  -8  -8  -1  -4  -7  -6  -8   2  -3  -7   0  -4  -5  -5  -1  -7  -2   7    3   0   0   0   1   1   0   1   0   9   1   0   2   0   1   1   3   0   2  75  1.84 0.85
  336 L     0  -6  -6  -7  -2  -3  -6  -4  -6   1   5  -5   6  -3  -7  -5  -4  -6  -4   2    9   0   0   0   1   1   0   1   0   8  48   1  18   1   0   0   0   0   0  12  1.14 0.60
  337 A     7  -6  -6  -7   2  -6  -5  -5  -5  -4  -6  -6  -2  -4  -6   0  -1  -7  -6   1   74   0   0   0   3   0   0   0   0   1   0   0   1   1   0   6   4   0   0   9  1.67 0.86
  338 A     4  -5  -3  -4  -3  -4  -4  -3  -3  -7  -7  -5  -6  -6  -2   6  -2  -8  -7  -4   27   0   1   1   1   0   1   1   1   0   0   0   0   0   2  62   2   0   0   1  1.58 0.87
  339 G     1   0  -1   0  -6   1   3   3  -1  -5  -5   3  -2  -5   1  -1  -4  -6  -4  -5   10   5   3   4   0   6  19  22   1   0   1  17   1   0   7   3   0   0   0   0  0.51 0.38
  340 G    -5  -6  -1  -3  -3  -5  -5   7  -5  -9  -9  -4  -8  -6  -5  -4  -5  -4  -8  -7    0   0   4   2   1   0   1  88   0   0   0   1   0   0   1   1   0   0   0   0  2.39 1.03
  341 Y    -8  -8  -8  -4  -8  -7  -8  -9  -4  -7  -7  -8  -2  -3  -6  -5  -8  -4  10  -7    0   0   0   1   0   0   0   0   0   0   0   0   1   0   0   1   0   0  96   0  3.78 1.44
  342 P    -7  -8  -4  -7  -8  -7  -7  -5  -8  -8  -3  -7  -8  -9   9  -7  -5  -9  -9  -8    0   0   1   0   0   0   0   1   0   0   3   0   0   0  94   0   1   0   0   0  3.31 1.33
  343 G     0  -1   0   2  -5  -1   2   4  -2  -4  -3  -1  -3  -2  -5  -1  -1  -3  -1  -3    7   3   3  10   0   3  15  36   1   1   2   3   1   2   0   4   4   0   2   2  0.53 0.35
  344 D     1   0   2   1  -4   0   1  -2   0  -4  -4   2  -3  -3  -1   3   1  -5  -4  -3   12   5   9   9   0   3   8   2   2   1   1  15   0   1   3  20   7   0   0   1  0.34 0.29
  345 Y    -3  -5  -4  -6  -3  -5  -2  -3   0  -3  -4  -5  -2   1   4   1  -3  -4   8  -1    2   0   1   0   1   0   3   2   2   1   1   0   1   5  19   9   2   0  45   5  1.33 0.71
  346 A     0   2  -1   0  -3   2   3  -3   0  -2  -4   2  -2  -5   1   1  -1  -5  -2  -1    7  12   2   5   0   7  22   1   2   3   1  10   1   0   7   9   3   0   1   5  0.34 0.28
  347 K    -1   0  -2  -4  -3  -2  -2  -3  -2   0  -3   6  -4  -6  -2  -1   3  -7  -5  -1    4   5   1   1   1   1   3   2   1   5   3  44   0   0   2   3  20   0   0   4  0.81 0.53
  348 G    -4  -4   1   0  -5  -4  -4   7  -4  -7  -7  -2  -6  -8  -3  -4  -6  -8  -5  -8    1   1   6   5   0   1   1  78   1   0   0   3   0   0   1   1   0   0   0   0  1.97 0.88
  349 E    -1   1  -1   2  -2   1   0  -2   1   0  -1   2   1   1  -3  -1   0  -3   1  -1    5   6   2  13   1   6   5   2   3   5   7  16   4   6   0   4   5   0   6   5  0.13 0.15
  350 V     0   0  -2  -3  -3  -1   3  -5  -3   0  -1   0  -3  -4   4  -2   0  -4  -3   1    6   6   1   1   0   3  22   0   0   5   5   6   0   0  24   2   5   0   1  11  0.51 0.38
  351 I    -6  -7  -7  -8  -6  -7  -8  -5  -5   8   0  -7  -1  -3  -5  -7  -5  -7  -6   1    0   0   0   0   0   0   0   1   0  76   9   0   1   1   1   0   0   0   0   8  2.16 0.90
  352 S    -1   0   0  -1  -3   0   2  -2   2  -2  -2   1  -3  -1  -1   2   3  -4   1  -2    4   6   4   3   0   3  12   2   5   2   3   9   0   3   3  14  18   0   4   2  0.21 0.22
  353 G    -3  -2   1  -1  -3  -3  -3   6  -2   0  -2  -3  -3  -2  -4  -2  -3  -3  -4  -2    2   2   6   3   0   1   2  58   1   7   5   2   1   2   1   3   2   1   0   3  1.02 0.50
  354 L    -1  -3  -2  -1  -4  -4  -3  -3  -4   3   5  -3  -1   0  -3  -2  -2  -3  -2   0    5   1   3   4   0   1   2   2   0  15  50   1   1   3   2   3   3   0   1   5  0.67 0.38
  355 P    -2  -3   0   4  -5  -2   4  -1  -2  -4  -4  -1  -5  -3   3  -1  -1  -4  -3  -3    4   1   5  24   0   1  26   4   1   1   2   4   0   1  15   4   3   0   1   2  0.69 0.43
  356 T     1   0   0   1  -3   1   3  -1   0  -1  -1   1  -2  -2  -1   0   0  -3  -2  -1   10   4   5   8   0   7  19   4   3   3   6   8   1   2   3   7   5   0   1   4  0.15 0.16
  357 Q     3  -1   0   0  -1  -1  -1  -2  -2   1   0   0  -1  -1  -1   0  -1  -4  -3   1   28   3   5   5   1   2   4   1   1   9   8   5   1   3   3   6   3   0   1   9  0.17 0.18
  358 E    -1   0   1   2  -3   0   3  -2  -1  -2  -1   1  -1  -1  -1   0  -1  -2  -3  -2    5   5   6  12   1   4  24   3   1   2   7   9   1   3   3   6   3   1   1   2  0.26 0.20
  359 S     1  -2   1   1  -1   0   0   0  -1  -1  -2   0   1  -3   2   1   0  -4  -2  -2   13   2   6  10   1   5   4   6   2   3   3   7   4   1  11  13   5   0   1   3  0.17 0.17
  360 A     0  -2   0   2  -4   0   3  -1  -2  -3  -2   1  -2  -4   4   0   0  -4  -3  -3    8   2   4   9   0   3  21   4   1   2   5   7   1   1  18   6   5   0   1   1  0.38 0.28
  361 G    -3  -3   3   5  -2  -1   0   4  -1  -5  -4  -2  -2  -6  -4   0  -2  -4  -3  -5    2   1  11  29   1   3   7  28   1   0   1   2   1   0   1   5   3   0   1   1  0.78 0.45
  362 Q     1  -3  -3  -2   2  -3  -2  -3  -1   2   0  -3  -2  -2  -3   0   2  -5  -2   4   12   1   1   2   3   1   2   2   2   9   7   1   1   2   1   7  11   0   1  34  0.46 0.33
  363 K    -1  -1  -1  -2  -2   1  -1  -4   1   1   1   2   1   0  -3  -1   1   1   1   1    3   3   3   1   1   7   4   0   4   8  18  12   3   4   1   3   8   2   6   9  0.13 0.15
  364 V    -3  -5  -5  -6   0  -7  -7  -8  -7   5   1  -7  -2  -3  -6  -6  -3  -3  -4   6    2   1   1   0   2   0   0   0   0  27  13   0   1   1   0   0   1   0   1  51  1.49 0.70
  365 F    -5  -8  -5  -4  -3  -8  -8  -9  -3  -3  -1  -8  -5   9  -9  -6  -5  -5   4  -4    1   0   1   1   1   0   0   0   1   2   6   0   0  73   0   0   1   0  12   1  2.57 1.06
  366 H    -5  -5  -3  -6  -2  -1  -5  -4  10  -5  -4  -6  -6   0  -3  -4  -7  -1   3  -6    1   0   1   0   1   3   1   2  71   1   2   0   0   5   2   1   0   1   8   0  2.77 1.14
  367 A     6  -7  -3  -5  -2  -6  -4   0  -3  -7  -7  -5   0  -7  -6   2  -4  -8  -3  -6   71   0   2   0   1   0   1   7   1   0   0   0   2   0   0  14   0   0   1   0  1.67 0.88
  368 G    -1  -3  -1  -6  -3  -5  -6   7  -7  -5  -8  -6  -8  -9  -8  -2  -6  -8  -9  -8    5   1   3   0   1   0   1  83   0   1   0   0   0   0   0   4   0   0   0   0  2.24 1.00
  369 T    -3  -7  -6  -7  -7  -7  -5  -8  -8  -2  -4  -6  -3  -5  -7  -3   8  -8  -7   3    2   0   0   0   0   0   1   0   0   2   2   0   0   1   0   1  73   0   0  17  2.10 1.04
  370 E     2   3  -3  -1  -3  -1   0  -3  -2  -2  -4   4   0  -4  -5   1   0  -6  -4  -1   17  16   0   3   1   2   6   2   1   2   1  27   2   1   0   9   5   0   1   4  0.51 0.39
  371 T    -2   3  -1  -3  -2   0   1  -3  -3   0   2   2   1   1  -4  -2  -1   1  -1  -1    3  18   2   1   1   4  10   1   0   5  20  12   3   5   1   3   4   2   2   3  0.27 0.25
  372 Q    -1   1   2   3  -5   1   3  -3  -2  -1  -4   2  -2  -4  -4   0  -1  -6  -4  -1    5   6   9  17   0   5  19   2   1   3   1  14   1   1   1   6   3   0   0   5  0.42 0.32
  373 G    -1  -3   4   5  -7  -1   1   3  -2  -6  -6  -1  -5  -6  -2   0  -3  -7  -5  -5    4   1  16  31   0   3  10  18   1   0   1   4   0   0   3   6   1   0   0   0  0.83 0.50
  374 D    -2  -2   2   3  -5  -2   0   6  -2  -7  -7  -2  -7  -6  -3  -1  -3  -7  -7  -6    2   3   9  15   0   2   7  50   1   0   0   3   0   0   1   4   1   0   0   1  1.10 0.60
  375 H    -2   3   1   0  -4   3   1   1   0  -3  -4   3  -3  -4  -3   0   0  -4  -3  -2    3  13   5   5   0  12   8  10   3   1   1  21   1   1   1   6   5   0   0   3  0.37 0.30
  376 V    -4  -6  -7  -7  -3  -6  -7  -7  -4   3   4  -6  -1   2  -3  -6  -2   3   2   2    1   0   0   0   0   0   0   0   0  17  43   0   1   9   1   0   3   4   6  14  1.02 0.53
  377 V    -4  -2  -5  -6  -2  -2  -2  -7  -2   3   1  -1   0   1  -6  -3  -2  -2   2   5    1   3   0   0   1   1   3   0   1  14  13   4   2   5   0   1   2   0   7  41  0.76 0.45
  378 T     1  -6   0  -6  -6  -6  -6  -5  -7  -4  -6  -6  -6  -7  -6   2   7  -8  -7  -2   11   0   5   0   0   0   0   1   0   1   0   0   0   0   0  14  65   0   0   3  1.77 0.93
  379 N     2  -3   5   1  -3  -2  -4  -2  -1  -5  -6  -2  -5  -5  -3   4   1  -4  -3  -3   17   1  26   7   1   1   0   3   1   1   0   2   0   0   1  26   8   0   1   2  0.79 0.53
  380 G    -4  -3  -6  -5  -8  -5  -7   8  -6  -9  -9  -5  -8  -9  -3  -2  -5  -8  -8  -9    1   2   0   1   0   1   0  90   0   0   0   1   0   0   1   3   1   0   0   0  2.55 1.10
  381 G    -6  -6  -6  -7  -8  -8  -5   8  -8  -9  -9  -7  -9  -9  -7  -3  -7  -8  -9  -9    0   1   0   0   0   0   1  96   0   0   0   0   0   0   0   2   0   0   0   0  2.90 1.19
  382 R    -8   9  -7  -5  -9  -5  -6  -9  -7  -9  -8  -4  -8  -9  -8  -7  -4  -9  -8  -9    0  97   0   1   0   0   0   0   0   0   0   0   0   0   0   0   1   0   0   0  3.34 1.37
  383 V    -2  -8  -7  -8  -2  -7  -5  -8  -8   2  -2  -7  -3  -6  -6  -5  -3  -8  -7   7    3   0   0   0   1   0   1   0   0   8   3   0   0   0   0   1   1   0   0  80  2.09 0.93
  384 L    -2  -7  -8  -8  -1  -7  -7  -7  -7   1   6  -7   1   2  -7  -5  -5  -6  -3  -1    3   0   0   0   1   0   0   0   0   6  71   0   3   8   0   1   0   0   1   4  1.55 0.73
  385 C     2  -5   3  -2   4  -4  -4   2   1  -3  -3  -4   0  -3  -5   2   2  -1  -1  -2   14   0  14   2   8   0   0  17   3   2   3   0   3   1   0  16  13   1   2   2  0.48 0.37
  386 A     0  -7  -6  -8   2  -7  -7  -6  -7   3   0  -7  -1  -4  -5  -3  -4  -7  -4   6    7   0   0   0   4   0   0   0   0  15   9   0   1   1   0   2   0   0   1  60  1.43 0.70
  387 T    -1  -6  -3  -7   2  -3  -5  -5  -7   0  -4  -6  -2  -6  -6   0   6  -7  -5   5    4   0   1   0   4   1   0   1   0   5   1   0   1   0   0   7  40   0   0  35  1.26 0.70
  388 A     5  -5  -5  -5   0  -4  -4   4  -2  -6  -6  -5  -4  -6  -6   1  -2  -1  -6  -3   49   0   0   0   2   0   1  30   1   0   0   0   0   0   0   9   2   1   0   2  1.26 0.70
  389 L    -3   0  -3  -4  -1  -1  -2  -3   0   1   2   0   1   0  -3   0   2   2   1   1    1   6   1   0   1   3   2   1   3   9  21   7   3   3   1   6  12   3   4  12  0.21 0.20
  390 G     3  -2  -2   0  -4  -3  -4   6  -3  -8  -7  -5  -6  -8  -7  -1  -5  -8  -7  -5   20   2   2   5   0   1   1  61   1   0   0   0   0   0   0   5   0   0   0   1  1.49 0.74
  391 N     1   0   1   3  -5   0   2  -3  -1  -4  -4   3  -5  -6   1   0  -1  -5  -5  -2   10   4   7  18   0   4  15   1   1   0   2  15   0   0   8   7   4   0   0   2  0.42 0.33
  392 T    -4  -5   3   4  -5  -5  -3  -3  -5  -7  -7  -4  -6  -7  -5   3   5  -8  -6  -6    1   0  13  21   0   0   2   2   0   0   0   0   0   0   0  23  37   0   0   0  1.27 0.73
  393 V    -2  -2  -7  -7  -4  -5  -6  -6  -4   3   5  -3   0   2  -2  -4  -4  -3  -1   1    3   3   0   0   0   0   0   0   0  16  52   2   2   7   3   1   1   0   2   9  0.96 0.51
  394 L     2   0  -1   1  -4   1   3  -1  -1  -3  -3   2  -2  -4   0   0  -1  -4  -4  -2   15   6   3   8   0   5  22   4   2   1   2  11   1   1   4   8   3   0   0   2  0.32 0.27
  395 E     1  -1  -2   1  -3   2   5  -1  -2  -3  -3   0  -3  -4  -5   0   0  -6  -5  -3   10   3   2   8   1   8  37   4   1   2   3   5   1   1   0   7   5   0   0   2  0.58 0.42
  396 A     7  -7  -7  -7   1  -6  -7  -5  -7  -6  -5  -6  -5  -8  -4  -2  -2  -8  -7  -3   87   0   0   0   3   0   0   1   0   0   1   0   0   0   1   3   3   0   0   1  2.20 1.04
  397 Q    -1   6  -3  -6  -2   2  -3  -5  -3   2   0   1  -4  -3  -6  -3  -3  -4  -4   0    5  43   1   0   1   8   2   1   0  10  10   7   0   1   0   2   1   0   1   7  0.87 0.52
  398 Q     1   1   1   3  -5   2   3  -1  -2  -2  -4   2  -3  -5  -4   0  -1  -6  -4  -4   10   7   7  15   0  10  17   4   1   2   2  14   0   0   0   7   3   0   0   1  0.42 0.32
  399 R     0   4   2  -1  -4   0  -1  -4   0  -1   0   4  -1  -5  -5  -2  -2  -6  -2  -3    8  22   8   3   0   4   3   1   2   4   9  26   2   0   0   2   3   0   1   2  0.52 0.37
  400 A     6  -7  -5  -7  -1  -6  -6  -5  -7  -1  -3  -6  -6  -7  -5  -1  -2  -8  -7   2   70   0   0   0   1   0   0   0   0   4   2   0   0   0   0   5   2   0   0  14  1.59 0.83
  401 Y    -6  -4  -2  -9  -5  -3  -4  -9  -2  -4  -3  -5  -5  -3  -9  -7  -3  -4  10  -7    1   1   2   0   0   1   2   0   1   1   3   1   0   0   0   0   2   0  84   0  3.06 1.29
  402 Q     2   2   0   1  -3   2   3  -1   0  -4  -3   2  -3  -5  -3   1  -1  -6  -2  -4   17   9   5   9   0   8  18   5   2   1   2  10   0   0   0   8   3   0   1   1  0.35 0.30
  403 L     4   0   0  -2  -1  -1   0   2  -2  -1  -1  -1  -2  -3  -3  -1  -2  -1  -1  -1   35   5   6   2   1   2   6  17   1   3   7   3   1   1   1   2   2   1   2   5  0.35 0.30
  404 A     3  -6  -5  -7   2  -6  -6  -6  -7   4   2  -6   1  -4  -6  -4  -3  -7  -5   5   20   0   1   0   4   0   0   0   0  22  15   0   3   0   0   0   1   0   0  33  1.01 0.55
  405 D     0   1   1   3  -5   1   4   0  -3  -5  -5   2  -5  -6  -3   2  -2  -6  -3  -4    9   6   5  15   0   5  23   6   0   1   1  11   0   0   1  13   2   0   1   1  0.52 0.38
  406 Q     0   2  -1  -2   1   3   0  -1   0  -3  -2   4  -1  -3  -3   0   0  -4  -4  -3    8  12   3   1   3  12   4   4   2   2   5  27   1   1   1   7   5   0   0   1  0.40 0.32
  407 I    -6  -6  -6  -8  -5  -5  -8  -8  -3   7   0  -7  -2  -4  -8  -6  -5  -4  -5   4    0   1   0   0   0   1   0   0   1  62   8   0   1   1   0   0   1   0   0  25  1.91 0.83
  408 H    -2   2   2   1  -3   2   0  -3   5  -5  -5   2  -4  -4  -3   2   0  -3   0  -4    3  10   9   8   0   8   6   2  14   0   1  11   0   1   1  17   4   0   4   1  0.50 0.37
  409 W    -5  -8  -3  -7  -1  -6  -6  -3  -7  -1  -1  -4  -4   8  -7  -4  -5   7  -1  -4    1   0   2   0   1   0   1   2   0   3   5   1   0  65   0   1   1  13   2   1  2.18 0.94
  410 N     0  -1   0   4  -6   1   4  -4  -2  -5  -5   2  -5  -5   3  -1  -1  -7  -5  -4    7   3   3  19   0   5  27   1   1   0   1  11   0   0  12   5   3   0   0   1  0.69 0.46
  411 G    -3  -4   2   1  -5  -3  -2   6   1  -7  -7  -2  -6  -7  -5  -2  -4  -7  -5  -5    2   1  10   7   0   1   3  66   3   0   0   3   0   0   0   2   1   0   0   1  1.55 0.75
  412 M     1  -1  -5  -6   1  -2  -3  -1  -4   0   0   2   7  -1  -6   0  -2  -3  -4  -1   14   2   0   0   3   2   1   5   0   4  10  14  29   2   0   6   2   0   0   3  0.70 0.47
  413 F    -4   0  -5  -4  -4   4  -4  -6   6  -1  -4  -3  -4   5  -7  -4  -1   2   5  -2    1   5   0   1   0  19   1   0  20   3   1   1   0  22   0   1   4   3  15   3  1.16 0.64
  414 C    -5  -5  -4  -9   2  -7  -8  -9   2  -5  -4  -6  -2   5  -9  -6  -6   3   9  -4    1   1   1   0   4   0   0   0   5   1   1   0   1  22   0   1   0   3  58   1  2.36 1.04
  415 R    -8   9  -7  -8 -10  -5  -7  -9  -3 -10  -9  -4  -8  -9  -9  -7  -8  -9  -8  -9    0  99   0   0   0   0   0   0   1   0   0   0   0   0   0   0   0   0   0   0  3.51 1.43
  416 R    -4   4   1  -2  -5  -2  -2  -3   2  -6  -5   4  -4  -6  -3   1   3  -7  -3  -6    1  23   5   2   0   1   2   2   5   0   1  27   0   0   1  10  18   0   1   0  0.86 0.55
  417 D    -8  -8  -4   9  -3  -7  -5  -7  -8 -10 -10  -7 -10 -10  -8  -7  -6 -11  -7 -10    0   0   0  98   1   0   0   0   0   0   0   0   0   0   0   0   0   0   0   0  3.40 1.38
  418 I    -8  -9 -10 -10  -7  -9 -10 -10 -10   9  -4  -9  -5  -6  -9  -9  -7  -9  -8  -2    0   0   0   0   0   0   0   0   0  98   0   0   0   0   0   0   0   0   0   2  3.28 1.27
  419 G     4  -8  -6  -7  -4  -7  -7   7  -8  -8  -8  -7  -8  -8  -7  -4  -7  -8  -8  -8   30   0   0   0   0   0   0  69   0   0   0   0   0   0   0   1   0   0   0   0  2.18 0.97
  420 Y     1   2  -1  -1  -4   1  -1  -3   4  -2  -1   2  -2   1  -4  -1  -1   5   2  -3   13  10   2   3   0   7   3   1  10   2   6  14   1   5   0   5   3   8   6   1  0.33 0.27
  421 R    -3   6  -1  -3  -5   1   0  -4   1  -6  -5   5  -3  -3  -4  -3  -4  -3  -3  -5    2  43   2   1   0   6   4   1   3   0   1  28   1   1   1   2   0   0   1   0  1.21 0.60
  422 A     5  -4  -4  -2  -5  -3   1   2  -3  -4  -3  -4  -5  -6  -4  -1  -3  -6  -6  -1   56   1   0   3   0   1   9  17   1   1   2   1   0   0   0   4   1   0   0   5  1.00 0.55
  423 I    -2  -4  -6  -7  -4  -5  -3  -5  -6   4   5  -5   1   2  -6  -5  -3  -5  -3   2    4   1   0   0   0   0   2   1   0  22  49   0   3   7   0   0   1   0   0  10  1.00 0.47
  424 A     2   2   0   0  -2   1   2  -2  -1  -2  -2   2  -2  -4  -1   0  -2  -3  -3  -2   21  12   3   4   1   7  16   2   1   3   3  16   0   0   2   7   1   0   0   1  0.31 0.22
  425 R    -1   6  -2  -4  -6   0   0  -2   3  -5  -3   3  -4  -4  -1  -1  -4  -5   0  -5    5  47   0   0   0   2   4   3   6   0   3  19   0   0   3   3   0   0   4   0  0.92 0.40
  426 E    -1   2  -1  -1  -4   2   3  -3   0  -3   0   2  -2  -2  -2   1  -1  -2  -3  -2    4   9   2   2   0  10  24   0   2   0  11  17   0   1   1  10   3   0   0   2  0.33 0.20
  427 Q     0   3   0  -1  -4   3   3  -3   0  -4  -4   4  -2  -5   0  -1  -2  -5  -3  -3   10  16   3   2   0  13  18   0   2   0   0  26   0   0   3   3   1   0   0   2  0.52 0.24
  428 A     2   0   0  -1   0   0   1   0  -2  -2  -3   2  -2  -4  -2   2   1  -4  -3  -1   26   2   4   1   2   1  10   7   0   1   0  15   1   0   1  20   7   0   0   3  0.29 0.16
  429 K    -2   4  -1  -2  -4   0   2  -3  -2  -4  -4   5  -3  -4  -3   1  -2  -4  -3  -4    0  28   0   0   0   1  14   0   0   0   0  45   0   0   0  11   0   0   0   0  0.79 0.22

                      K         Lambda
Standard Ungapped    0.1346     0.3174
Standard Gapped      0.0642     0.2670
PSI Ungapped         0.2098     0.3176
PSI Gapped           0.0642     0.2670
