
Last position-specific scoring matrix computed, weighted observed percentages rounded down, information per position, and relative weight of gapless real matches to pseudocounts
            A   R   N   D   C   Q   E   G   H   I   L   K   M   F   P   S   T   W   Y   V   A   R   N   D   C   Q   E   G   H   I   L   K   M   F   P   S   T   W   Y   V
    1 M    -8  -8  -9 -10  -8  -8  -9 -10  -9   0   1  -8  11  -7 -10  -9  -8  -8  -8   1    0   0   0   0   0   0   0   0   0   4  10   0  78   0   0   0   0   0   0   8  3.36 1.19
    2 R    -8   9  -6  -9 -11  -5  -7 -10  -5  -6  -9  -2  -9  -7  -9  -8  -8 -10  -9 -10    0  96   0   0   0   0   0   0   0   0   0   2   0   0   0   0   0   0   0   0  3.40 1.24
    3 V    -7  -9 -10 -10  -7  -9  -9 -10 -10   8  -3  -9  -5  -7  -9  -9  -7  -9  -8   5    0   0   0   0   0   0   0   0   0  68   2   0   0   0   0   0   0   0   0  30  2.55 0.94
    4 V    -5  -7  -9  -7  -5  -8  -8  -8  -7   8  -4  -8  -5  -6  -9  -3   2  -9  -7   3    1   0   0   0   0   0   0   0   0  67   1   0   0   0   0   2  11   0   0  17  2.11 0.83
    5 G     5  -6  -6  -7  -5  -7  -7   5  -7  -8  -8  -5  -7  -8  -7   3  -1  -8  -8  -7   44   0   0   0   0   0   0  33   0   0   0   0   0   0   0  17   5   0   0   0  1.52 0.72
    6 G    -7  -9  -7  -8 -10  -9  -9   8  -9 -11 -11  -9 -10 -10  -9  -7  -9 -10 -10 -10    0   0   0   0   0   0   0 100   0   0   0   0   0   0   0   0   0   0   0   0  3.27 1.20
    7 R    -1   2  -2  -1  -3   1   3  -5  -2  -1  -3   3  -4  -6  -5   2   2  -7  -4  -3    4  11   2   3   1   7  16   0   1   4   3  15   0   0   0  17  14   0   1   2  0.51 0.36
    8 L     4  -2  -3  -6  -1  -3  -6  -4   3  -5   1  -2  -3   3  -7  -4  -6   7   3  -4   30   3   1   0   1   1   0   1   7   0  14   3   1  13   0   1   0  14  10   1  1.00 0.52
    9 K    -5   7  -6  -8  -5  -5  -6   1  -6  -9  -9   6  -8  -9  -8  -5  -7  -9  -8  -7    1  49   0   0   0   0   0   9   0   0   0  39   0   0   0   1   0   0   0   0  2.12 0.90
   10 G    -6  -2  -3  -8  -9  -7  -9   8  -6 -11 -10  -6  -9 -10  -9  -2  -7  -9 -10 -10    0   3   1   0   0   0   0  91   0   0   0   0   0   0   0   4   0   0   0   0  2.75 1.06
   11 R    -5   8  -6  -8  -6  -2  -6  -9   2  -3  -3   1   0  -4  -8  -5  -1  -9  -6  -4    1  71   0   0   0   2   0   0   4   2   3   7   2   1   0   1   5   0   0   1  2.05 0.87
   12 N    -2   6   0  -6  -8  -1  -3  -6  -1  -3  -3   5  -5  -6   0  -2  -1  -8  -6  -2    3  39   4   0   0   3   1   1   1   2   3  28   0   0   5   3   5   0   0   3  1.12 0.57
   13 L    -8  -9 -10 -10  -8  -9  -9 -10  -9   3   7  -9  -3  -4  -9  -9  -8  -5  -7  -3    0   0   0   0   0   0   0   0   0  15  82   0   0   1   0   0   0   0   0   2  2.27 0.90
   14 A     1   2  -2  -2  -4   1   0  -3   0  -1  -1   4  -2   0   0   0  -1  -2  -2   0   11  10   1   2   0   5   6   2   3   3   6  24   1   4   4   7   4   1   2   6  0.26 0.21
   15 S     3  -4  -4  -5  -1  -4  -3  -2  -5  -3  -4  -5  -1   1  -1   3   3  -4  -1   2   23   1   0   0   1   1   2   3   0   1   1   0   1   6   4  18  20   0   2  15  0.60 0.41
   16 P    -2  -5  -6  -6  -5  -7  -7  -6  -5  -1  -1  -6  -5  -1   8  -4  -5  -6  -8   1    3   1   0   0   0   0   0   1   0   3   7   0   0   3  68   2   1   0   0   9  2.06 0.91
   17 S     0   2  -1   1  -7  -1   1  -3  -2  -6  -5   4  -6  -7   3   0  -1  -7  -6  -4    9  10   3   8   0   2  10   2   1   0   1  25   0   0  16   7   4   0   0   1  0.63 0.39
   18 S    -1  -2  -1   0  -5  -3  -3   6  -2  -4  -5  -3  -5  -4  -4   1  -2  -4  -5  -3    5   2   3   5   0   1   2  59   1   1   2   2   0   1   1  10   3   0   0   2  1.19 0.56
   19 R    -1   3   0   1  -3   1   1  -1  -1  -3   0   1   1  -3   1   0   0  -2  -2  -2    6  15   5   8   1   5   9   4   1   1  10   7   4   1   7   7   6   0   1   2  0.16 0.15
   20 D     1   1   1   2  -5   0   0   3   1  -3  -4   0  -3  -4  -3   0   0  -3  -4  -3   11   7   6  13   0   3   7  23   3   1   2   6   0   1   1   7   6   0   1   1  0.35 0.23
   21 I    -4  -7  -7  -8  -6  -6  -7  -7  -8   4   1  -7  -2  -2  -7  -5   6  -8  -4   3    1   0   0   0   0   0   0   0   0  23  15   0   1   2   0   0  39   0   1  19  1.35 0.63
   22 R    -9   9  -8  -9 -11  -6  -8 -10  -8 -11 -10  -5  -9 -10 -10  -8  -9 -10  -9 -10    0 100   0   0   0   0   0   0   0   0   0   0   0   0   0   0   0   0   0   0  3.70 1.35
   23 P    -7 -10 -10  -9 -11  -9  -9 -10 -10  -8 -11  -9 -10 -11   9  -8  -9 -11  -6 -10    0   0   0   0   0   0   0   0   0   0   0   0   0   0  99   0   0   0   0   0  3.82 1.44
   24 T    -3  -8  -7  -8  -8  -8  -8  -9  -9  -2  -6  -8  -1  -9  -4  -3   8 -10  -6  -5    2   0   0   0   0   0   0   0   0   2   1   0   2   0   1   2  90   0   0   1  2.82 1.16
   25 A     2  -3  -5  -6  -6  -1  -5  -2  -5  -4  -1  -3   1  -7   1   5   4  -8  -7  -6   13   1   0   0   0   3   0   4   0   1   7   1   3   0   7  36  24   0   0   0  0.91 0.55
   26 D    -2  -7  -3   8 -10  -3   1  -1  -5 -10  -9  -7  -9 -10  -8  -2  -5 -11  -9  -8    4   0   1  77   0   1   7   5   0   0   0   0   0   0   0   4   1   0   0   0  2.36 0.95
   27 R    -6   8  -6  -8 -10  -2  -6  -8  -7  -5  -4   3   0  -5  -7  -5  -7  -6  -5  -6    1  73   0   0   0   2   0   0   0   1   2  16   2   1   0   1   0   0   0   1  2.37 0.96
   28 L     0  -8  -6  -9  -7  -7  -8  -7  -9   2  -1  -8   0  -6  -8  -6   0  -9  -6   7    8   0   1   0   0   0   0   0   0   8   4   0   2   0   0   0   5   0   0  70  1.87 0.78
   29 R    -8   8  -7  -8 -11  -6  -7  -9  -7 -10  -9   5  -8 -10  -9  -8  -8 -10  -9 -10    0  70   0   0   0   0   0   0   0   0   0  30   0   0   0   0   0   0   0   0  2.82 1.12
   30 E    -4  -6  -6  -5 -10   2   8  -3  -7  -8  -7  -2  -5 -10  -8  -4  -4 -10  -9  -8    1   0   0   0   0   7  83   3   0   0   1   2   0   0   0   1   1   0   0   0  2.48 1.08
   31 A     6  -7  -1  -7  -5  -7  -7  -3  -7  -7  -7  -6  -5  -6  -7   4   3  -9  -6  -5   56   0   3   0   0   0   0   2   0   0   0   0   0   0   0  24  14   0   0   1  1.58 0.79
   32 V    -6  -8  -9  -9  -5  -8  -9  -9  -9   4   5  -8   1  -4  -9  -8  -5   0  -5   3    0   0   0   0   0   0   0   0   0  22  54   0   2   0   0   0   0   1   0  18  1.62 0.69
   33 F    -6 -10 -10 -11  -6 -11 -11  -9  -9  -8  -6 -11  -1  10 -11 -10 -10  -6  -3  -8    1   0   0   0   0   0   0   0   0   0   0   0   2  96   0   0   0   0   1   0  3.85 1.34
   34 N    -4  -6   8   2  -8  -4  -5  -3  -5  -9  -9  -6  -6  -9  -8   4  -6  -9  -8  -8    2   0  55  10   0   1   0   2   0   0   0   0   0   0   0  29   0   0   0   0  2.05 0.91
   35 I    -1  -3  -7  -8  -4  -7  -7  -8  -6   7  -2  -4   5  -4  -7  -1  -2   6  -5   1    5   2   0   0   0   0   0   0   0  48   3   1  13   0   0   5   2   9   0   8  1.49 0.64
   36 L    -7  -7  -8  -8  -7  -7  -8  -8  -8   3   6  -7  -3  -5  -8  -7  -6  -4  -6  -1    0   0   0   0   0   0   0   0   0  15  78   0   0   0   0   0   0   0   0   4  2.03 0.81
   37 V     2  -2   0  -1  -1   1   1   1   0  -2  -1  -2   1  -1  -2   1   0  -1  -1  -1   19   2   4   3   1   7  10  13   2   2   5   2   4   2   2   8   6   1   3   4  0.15 0.11
   38 H     0  -2   1  -1  -2   0  -2  -1   5  -2  -2  -2  -1  -2   3   2  -1  -2  -1  -2    8   2   5   3   1   5   3   5  15   2   4   2   1   2  14  18   4   1   2   3  0.38 0.18
   39 A     0   3  -1  -1  -2   0  -1   0   1  -1   0   0   0   0  -1   0  -1   1   2   0   10  19   3   3   1   4   4   7   3   3   8   4   2   3   2   7   3   2   7   6  0.12 0.07
   40 Y     0   0  -1  -1   0   0  -1   0   0   0   1   0   0   1   0   0   0   1   0   0    6   5   3   4   2   3   4   6   2   7  15   4   2   9   5   5   5   2   4   7  0.01 0.01
   41 D    -1   0   0   2  -2   2  -1   4   0  -2  -2  -1  -2  -2  -1  -1  -1   1  -2  -2    5   6   3  11   1   9   4  28   2   2   4   4   1   2   4   4   3   2   2   3  0.30 0.13
   42 D    -1  -1   1   2  -2   0   1   2  -1  -2  -2  -1  -2   1   1   0  -1  -1  -2  -2    5   3   5  14   1   4   9  17   1   3   5   3   1   7   7   6   3   1   1   3  0.17 0.11
   43 P     0   2  -1   2  -1   0   1  -1  -1  -2  -1   0  -1  -1   1   0  -1   1  -1  -1    8  12   3  11   1   3  11   5   2   2   6   6   1   3   7   5   3   2   2   5  0.11 0.08
   44 I    -5  -6  -6  -4  -4  -6  -6  -6  -4   5   3  -6   0   2  -4  -6  -3   3  -3   4    1   0   0   1   0   0   0   1   0  25  26   0   2   9   1   0   1   4   1  26  1.04 0.45
   45 A     1   0  -1   1  -2   0   3  -2   0   0  -3  -1  -3  -3   2   0  -1  -4  -1   0   11   6   3   7   1   4  20   2   2   5   2   3   0   1  11   7   3   0   2   7  0.24 0.19
   46 D    -4  -3   0   4  -4  -2   1   6  -2  -7  -6  -3  -7  -6  -6  -3  -5  -5  -6  -7    2   1   4  20   0   2   8  55   1   0   1   1   0   0   0   2   1   0   0   0  1.42 0.63
   47 A     5  -1  -5  -4   1  -3  -4  -1  -5  -3  -1   0  -2  -4  -5   2  -1  -4  -5  -2   51   3   0   1   3   1   1   4   0   2   7   5   1   1   0  12   4   0   0   3  0.86 0.48
   48 R    -1   6  -1  -1  -2  -1  -2  -4   2  -2  -3   0  -3  -5  -4   0   0  -2  -2   0    6  39   3   3   1   3   3   1   4   2   3   6   1   0   1   8   6   1   1   8  0.70 0.39
   49 V    -3  -8  -9  -9   4  -8  -8  -6  -8   0  -4  -8  -2   4  -8  -7  -5  -2  -6   7    2   0   0   0   8   0   0   1   0   5   1   0   1  14   0   0   1   1   0  68  2.02 0.82
   50 L    -2  -8  -9 -10  -3  -8  -9  -8  -9  -1   7  -9  -2  -4  -9  -8  -7  -4  -6  -2    4   0   0   0   1   0   0   0   0   3  87   0   1   0   0   0   0   0   0   3  2.19 0.89
   51 D    -9  -9  -5   9 -11  -8  -4  -9  -8 -10 -11  -8 -10 -11  -9  -8  -8 -11 -10 -10    0   0   0  98   0   0   1   0   0   0   0   0   0   0   0   0   0   0   0   0  3.56 1.32
   52 L     0  -8  -9  -9  -1  -8  -8  -3  -9   0   6  -8   0  -3  -7  -7  -6  -8  -7  -1    8   0   0   0   1   0   0   2   0   4  77   0   2   1   0   0   0   0   0   4  1.78 0.76
   53 F    -9 -10 -10 -11   2 -10 -10 -10  -8  -8  -6 -10  -7   9 -11  -9  -9  -6   5  -8    0   0   0   0   4   0   0   0   0   0   0   0   0  78   0   0   0   0  18   0  3.32 1.20
   54 A     7  -8  -7  -8   3  -7  -7  -3  -8  -8  -8  -7  -7  -8  -7   0  -5  -9  -8  -7   83   0   0   0   6   0   0   2   0   0   0   0   0   0   0   8   1   0   0   0  2.30 0.98
   55 G    -7  -9  -7  -8  -9  -8  -9   8  -9 -10 -10  -8  -9  -9  -9  -7  -8  -9  -9  -9    0   0   0   0   0   0   0  98   0   0   0   0   0   0   0   0   0   0   0   0  3.18 1.18
   56 T    -2  -7  -5  -7  -2  -7  -7  -6  -7  -5  -7  -7  -7  -5  -6   6   6  -8  -8  -6    3   0   0   0   1   0   0   0   0   1   0   0   0   1   0  47  46   0   0   0  2.01 0.94
   57 G    -6  -9  -7  -8  -4  -8  -9   8  -8 -10 -10  -8  -9  -9  -9  -7  -8  -9  -9  -9    0   0   0   0   0   0   0  98   0   0   0   0   0   0   0   0   0   0   0   0  3.13 1.17
   58 A     6  -7   0  -7  -5  -3  -6   0  -7  -4  -5  -6  -5  -8  -7   2  -4  -8  -7  -3   67   0   5   0   0   2   0   7   0   1   1   0   0   0   0  14   1   0   0   2  1.61 0.77
   59 L    -7  -7  -6  -9  -5  -6  -8  -9  -8   1   6  -8   4   0  -8  -7  -6  -5  -4   2    0   0   0   0   0   0   0   0   0   6  65   0   9   3   0   0   0   0   1  13  1.65 0.70
   60 G     0  -8  -7  -8  -4  -8  -8   8  -8  -9  -9  -8  -9  -9  -8  -4  -6  -9  -9  -6    7   0   0   0   0   0   0  89   0   0   0   0   0   0   0   2   1   0   0   1  2.68 1.04
   61 I    -7  -8  -8  -9  -1  -8  -8  -9  -8   6   5  -8  -1   3  -8  -8  -7  -7  -6  -2    0   0   0   0   1   0   0   0   0  42  43   0   1   9   0   0   0   0   0   2  1.78 0.72
   62 E    -8  -7  -7  -4 -10  -5   8  -9  -7 -10  -9  -6  -9 -10  -8  -7  -8  -9  -9  -9    0   0   0   1   0   0  98   0   0   0   0   0   0   0   0   0   0   0   0   0  3.26 1.29
   63 A     7  -8  -8  -9  -1  -8  -8  -5  -9  -8  -7  -8  -4  -4  -8  -2  -5 -10  -9  -7   92   0   0   0   1   0   0   1   0   0   1   0   1   1   0   3   1   0   0   0  2.61 1.10
   64 A    -1  -7 -10 -10  -5  -8  -9 -10  -9   1   7  -9  -2  -3  -9  -8  -7   1  -4  -1    5   0   0   0   0   0   0   0   0   7  80   0   1   1   0   0   0   2   1   4  1.96 0.82
   65 S    -5  -8  -7  -8  -4  -8  -8  -8  -8 -10 -10  -8  -9 -10  -8   8  -6 -10  -9  -9    0   0   0   0   0   0   0   0   0   0   0   0   0   0   0  99   0   0   0   0  3.15 1.33
   66 R    -9   9  -7  -9 -11  -4  -7 -10  -4 -11 -10  -5  -9 -10 -10  -8  -9  -5  -9 -10    0  98   0   0   0   1   0   0   1   0   0   0   0   0   0   0   0   0   0   0  3.59 1.35
   67 G    -6  -7  -6  -7 -10  -6  -7   8  -7 -11 -11  -9 -10  -8  -9  -7  -9  -6  -6 -10    0   0   0   0   0   0   0  97   0   0   0   0   0   0   0   0   0   0   0   0  3.08 1.17
   68 A     7  -8  -9  -9  -1  -8  -8  -3  -9  -7  -8  -8  -1  -7  -6  -3  -7 -10  -9  -4   92   0   0   0   1   0   0   2   0   0   0   0   2   0   0   2   0   0   0   1  2.58 1.09
   69 K     4   3  -2   0  -2  -1   1   0  -3  -6  -4   2  -4  -6  -5   1  -2  -5  -6  -3   31  14   1   5   1   3  10   6   1   0   2  12   0   0   0  10   2   0   0   2  0.56 0.37
   70 F    -1   2  -2  -3  -1   2   2  -4   6  -6  -4   1  -4   2  -5   3  -2   1  -1  -4    4  12   1   1   1   8  11   1  17   0   1   7   0   7   0  19   3   2   2   1  0.62 0.39
   71 T     5  -8  -8  -8   6  -8  -8  -5  -8  -3  -4  -8  -3  -8  -8  -4  -2  -9  -8   5   44   0   0   0  14   0   0   1   0   1   2   0   1   0   0   1   2   0   0  34  1.66 0.76
   72 L    -3  -5  -5  -1   0  -4  -5  -7  -2   1   0  -6  -2  -2  -7  -3   4   0   0   5    2   1   0   3   2   1   0   0   1   7   9   0   1   1   0   2  26   1   4  39  0.97 0.52
   73 F    -4 -10 -10 -10  -2  -6 -10 -10  -8  -5   2 -10   0   9 -10  -7  -6   0  -3  -7    2   0   0   0   1   1   0   0   0   1  15   0   2  76   0   1   0   1   0   0  2.77 1.04
   74 V    -4  -9  -5  -9  -1  -9  -9  -8  -9   4  -2  -9   0  -1  -9  -6  -5  -6  -6   7    1   0   1   0   2   0   0   0   0  19   4   0   2   3   0   1   0   0   0  68  2.01 0.82
   75 D    -8  -8  -6   6 -11  -6   7  -9  -7 -10 -10  -7  -9 -10  -8  -7  -8 -11 -10 -10    0   0   0  42   0   0  58   0   0   0   0   0   0   0   0   0   0   0   0   0  2.60 1.09
   76 N    -1   3   4  -3  -2   3  -2  -4   2  -2  -3   3   0  -5  -4   1  -1  -5  -5  -3    5  16  16   1   1  10   2   1   4   3   3  19   2   0   1  11   3   0   0   2  0.57 0.37
   77 G     0  -3   4   5  -5  -2  -2  -1   2  -7  -6  -4  -6  -6  -6   4  -4  -4  -5  -5    9   2  19  28   0   2   2   4   5   0   1   1   0   0   0  25   1   0   0   1  1.03 0.56
   78 A     1   5  -3  -4  -5   0  -2  -3   0  -3  -3   1  -5  -3   4  -1  -2  -5  -2  -3   11  30   1   1   0   3   2   3   2   2   2   9   0   1  21   5   2   0   1   2  0.76 0.44
   79 E     2   3  -1   0  -5   3   2  -2  -1  -4  -3   1  -2  -5   0  -1  -1  -6  -3  -2   18  17   2   5   0  11  12   3   2   1   3   9   1   0   4   5   4   0   1   3  0.37 0.28
   80 A     6  -5  -2  -6   2  -5  -6  -4  -1  -4  -3  -6  -2  -6  -4   3  -1  -8  -6   1   55   0   2   0   4   0   0   1   2   1   3   0   1   0   1  18   3   0   0   9  1.22 0.63
   81 R     3  -1  -5  -6   3  -2  -5  -4  -3   3   3  -4  -1  -1  -6  -3  -2  -4   0   2   20   4   0   0   6   2   0   1   1  15  23   1   1   2   0   1   2   0   3  16  0.56 0.32
   82 A     2   4  -1   1  -5   2   1  -1  -2  -6  -5   2  -3  -5  -4   0  -2  -4  -6  -4   20  21   3   8   0   8   8   4   1   0   1  13   1   0   1   7   3   0   0   1  0.54 0.35
   83 L     2  -4  -4  -6   2   0  -5  -4   0   3   2  -4  -1  -2  -6  -2   1  -6  -3   3   15   1   1   0   5   4   0   1   2  14  21   0   1   2   0   2  10   0   1  20  0.53 0.32
   84 L    -3  -8  -9  -9   0  -5  -8  -7  -9   7   4  -8  -2  -6  -8  -7  -4  -5  -7   1    3   0   0   0   2   0   0   0   0  47  36   0   1   0   0   0   1   0   0   8  1.66 0.69
   85 R    -2   6  -2  -3  -3   2   2  -4   0  -5  -4   4  -4  -5  -6  -3  -3  -4  -3  -6    4  37   2   1   1   7  12   1   2   1   2  22   0   0   0   2   2   0   1   0  1.06 0.55
   86 N     2   3  -1   1  -5   2   4  -3   0  -5  -5   3  -4  -6  -6  -1  -1  -7  -5  -6   16  12   2   6   0   8  23   2   2   0   1  17   0   0   0   5   4   0   0   0  0.64 0.40
   87 N    -5  -6   9  -6 -10  -4  -6  -7  -3  -7  -8  -7  -9  -8  -9  -4  -4  -7  -8  -6    1   0  92   0   0   1   1   0   1   0   0   0   0   0   0   1   1   0   0   1  3.30 1.27
   88 V     1  -4  -8  -8  -2  -6  -8  -7  -5   5   5  -5  -2  -4  -8  -6  -3  -7  -5   2   11   1   0   0   1   0   0   0   0  27  43   1   1   0   0   0   2   0   0  12  1.21 0.56
   89 E     3   3  -1   0  -4   2   3  -3   0  -4  -4   2  -3  -5  -5  -1  -1  -7  -5  -3   23  12   2   6   0   8  19   2   2   1   2  11   1   0   0   5   3   0   0   2  0.52 0.35
   90 A     2   2   0  -1  -3  -1  -1  -2   2  -1   0   2   0  -3  -4   0   1  -4  -3  -2   20  10   4   3   0   3   4   2   5   3  11  11   2   1   0   8   9   0   0   3  0.21 0.19
   91 L    -2  -7  -7  -8   7  -6  -7  -7  -8  -2   5  -7  -1  -1  -5  -4   2  -2  -5  -1    4   0   0   0  18   0   0   0   0   2  51   0   1   3   1   1  13   1   0   5  1.37 0.62
   92 G    -2   2   1   0  -3   0  -1   5  -1  -7  -7   2  -4  -6  -5  -2  -5  -5  -7  -7    2   9   6   6   1   5   5  45   2   0   0  13   0   0   1   4   1   0   0   0  0.98 0.50
   93 L     1  -3  -5  -5   1  -3  -1  -4  -4   1   3  -4   1   4  -3  -4  -3  -2   0   2   12   1   0   1   3   1   5   2   0   7  29   1   4  17   1   1   1   1   2  12  0.54 0.30
   94 G     1  -1  -2   1  -4   2   3   1  -1  -3  -3   0  -2  -4  -1   1   1  -5  -5  -3   13   3   2   7   0   7  20  10   1   1   3   4   1   0   3  12   8   0   0   1  0.32 0.26
   95 G     1  -2   1   4  -3   0   3   2  -1  -6  -6  -1  -5  -7  -1   1  -2  -7  -6  -6   10   2   6  24   1   5  18  14   2   0   0   3   0   0   3   8   3   0   0   0  0.61 0.37
   96 V    -1   5   1  -2  -1   3   0  -3   1  -3  -3   2  -3  -3  -3  -1  -2  -4  -4  -2    6  30   5   2   2  13   5   2   3   2   3  13   1   1   1   5   2   0   1   3  0.60 0.34
   97 T     4  -5  -5  -5   4  -5  -4   0  -4   0  -4  -5  -4  -2  -5   2   2  -2  -1   1   35   0   0   0   7   0   1   8   0   4   2   0   0   2   0  14  13   1   2  10  0.71 0.43
   98 K    -2   4  -1  -1  -4   2   3  -4   0  -1  -3   1  -2  -4  -5  -1   2  -4  -4  -1    3  22   3   4   0   8  18   1   3   4   2   9   1   1   0   5  12   0   1   4  0.50 0.34
   99 V    -3  -6  -7  -8  -2  -7  -8  -8  -6   4   1  -8  -4  -1  -5  -6  -3  -8  -6   6    2   1   0   0   1   0   0   0   0  23  13   0   0   3   1   0   2   0   0  53  1.57 0.67
  100 Y    -3   1  -6  -6  -2  -3  -4  -7   2   4   3  -4   1   0  -6  -5  -4   2   2   3    2   7   0   0   1   1   1   0   5  20  22   1   3   4   0   0   1   2   7  20  0.68 0.36
  101 R     0   5   1  -4   2   2  -2  -3   2  -2  -2   2  -3  -4  -1  -1   0  -3  -3  -2    9  28   6   1   5   8   2   2   4   2   4  11   1   1   4   4   5   0   1   4  0.47 0.31
  102 R     2   1   0  -1   1   1  -2   2  -2  -3  -1   0   2  -4  -4   0   0   0  -2  -2   18   9   4   3   3   8   2  16   1   1   6   5   7   1   0   7   5   1   1   2  0.23 0.21
  103 D    -3  -3   0   8  -9  -4   0  -5  -6  -8  -6  -3  -9  -9  -1   0  -3 -10  -7  -6    2   2   4  70   0   1   5   1   0   0   1   2   0   0   3   6   2   0   0   1  1.97 0.85
  104 A     5  -6  -7  -8   0  -7  -6  -5  -7   0  -2  -7  -4  -1  -5  -2  -4  -1  -1   4   47   0   0   0   2   0   0   1   0   4   4   0   0   3   0   3   1   1   3  30  1.24 0.62
  105 T     0   2  -2  -2  -2  -1   0  -3  -3   0   2  -1   0   2  -2  -1   1  -1  -1  -1    8  10   1   2   1   3   8   2   0   4  21   3   2  10   2   5  10   1   1   5  0.16 0.16
  106 D     1   4   0   0  -3   1  -1  -3   1  -3  -3   3  -3  -5  -3   1   0  -2  -4  -2   11  22   3   5   1   6   3   2   3   1   3  19   0   0   1   9   5   1   0   4  0.44 0.29
  107 L     3  -3  -3  -5  -2  -4  -4  -1  -3   0   2  -4  -2   4  -1  -3  -3   5   3   0   23   1   1   0   1   1   1   5   1   5  17   1   1  15   3   2   1   7   9   6  0.53 0.32
  108 G    -2  -1  -4  -4  -2  -3  -4   0  -5   1   5  -3  -1  -1   0  -3  -3  -2  -4  -1    4   3   1   1   1   1   1   8   0   8  53   2   1   2   5   2   2   0   1   4  0.74 0.39
  109 P     1   2  -1  -1  -3   0   0  -2  -1  -3   0   3  -3  -4   3   0  -1  -5  -4  -4   11  12   3   3   0   5   5   4   2   1  11  16   0   1  14   7   3   0   1   1  0.32 0.24
  110 A     3   3  -1  -2  -1   1  -1  -1  -1  -2  -1   0   0  -2   1   1  -1  -1  -2  -2   24  14   3   2   1   7   4   4   2   2   6   6   2   1   6   9   3   1   1   2  0.22 0.19
  111 H     0   2   0  -2  -2   0  -1   0   1  -1   1   1  -1  -1   1   0  -1  -2  -2  -2    7  13   4   2   1   4   4   7   3   2  17  10   1   3   8   7   2   1   1   2  0.12 0.13
  112 P     2   1  -1  -1  -1   1   0  -1  -2  -3  -3   2  -2  -4   3   1   1  -2  -4  -2   14   8   3   4   2   5   6   5   1   1   2  11   1   1  15  10   7   1   0   2  0.28 0.22
  113 V     1   0   0   1  -2   0   1   3   0  -2  -2   0  -1  -1   0  -1  -1  -3  -2  -2   12   5   4   7   1   3  10  24   2   2   4   6   1   2   4   5   4   0   1   2  0.22 0.17
  114 E     0   3  -1   0  -4   2   3   1   1  -4  -3   1  -1  -2  -2  -2  -1  -5  -3  -2    8  13   2   5   0   9  22  11   3   1   3   7   1   2   2   3   4   0   1   3  0.34 0.25
  115 P     1   2  -3  -4  -4   1  -2  -2   0  -5  -4   2  -5  -6   5   0   0  -7  -5  -3   10  11   1   1   0   6   2   4   2   1   2  13   0   0  32   7   5   0   0   2  0.77 0.44
  116 F    -1  -7  -7  -9   1  -7  -8  -8  -2  -3  -3  -7  -2   8  -6  -7  -3   1   4  -2    6   0   0   0   3   0   0   0   1   2   2   0   1  62   1   0   2   2  14   3  2.13 0.84
  117 S    -4  -6   0   8 -10  -3  -2  -2   1  -9  -9  -6  -9 -10  -7  -1  -2 -10  -9  -9    2   0   4  75   0   1   2   3   3   0   0   0   0   0   0   5   3   0   0   0  2.29 0.95
  118 L    -6  -7  -8  -8  -4  -7  -8  -6  -5   4   6  -7  -1   0  -8  -7  -5  -3  -2   2    0   0   0   0   0   0   0   1   0  20  59   0   1   4   0   0   0   0   2  11  1.51 0.64
  119 V    -1  -9  -9  -9  -4  -9  -9  -9  -9   6  -2  -9  -4  -6  -9  -8  -6  -4  -6   6    5   0   0   0   0   0   0   0   0  43   3   0   0   0   0   0   0   0   0  47  2.05 0.82
  120 F    -8 -10 -10 -11  -9 -10 -10  -9  -6  -3   1 -10  -3   9 -11  -8  -8  -2   2  -5    0   0   0   0   0   0   0   0   0   1  14   0   1  77   0   0   0   0   5   1  2.90 1.07
  121 L     3  -7  -8  -8   3  -7  -7  -7  -8   2   4  -7   5  -2  -7  -4  -5  -7  -6   1   19   0   0   0   6   0   0   0   0  12  39   0  11   2   0   1   0   0   0  10  1.10 0.53
  122 D    -5  -9  -6   9 -11  -8  -6  -5  -9 -11 -11  -8 -11 -11  -7  -7  -6 -12 -11 -11    1   0   0  97   0   0   0   1   0   0   0   0   0   0   0   0   0   0   0   0  3.45 1.30
  123 P    -4 -10 -10  -9 -11  -6  -9 -10 -10 -11 -11  -9 -10 -12   9  -7  -9 -12 -11 -10    2   0   0   0   0   0   0   0   0   0   0   0   0   0  97   0   0   0   0   0  3.74 1.45
  124 P    -9 -10 -10  -9 -11  -9  -9 -10 -10 -11 -11  -9 -10 -12   9  -9  -9 -12 -11 -10    0   0   0   0   0   0   0   0   0   0   0   0   0   0 100   0   0   0   0   0  3.92 1.50
  125 Y   -10  -9 -10 -11 -10  -4 -10 -11  -4  -9  -9 -10  -9   3 -11  -9  -9   0  10  -9    0   0   0   0   0   1   0   0   0   0   0   0   0   9   0   0   0   1  88   0  3.79 1.39
  126 G     2   2   1   2  -3   0   0   3   3  -6  -4   0  -4  -3  -4  -2  -4  -3   1  -5   15  13   7  10   1   4   6  20   6   0   2   5   0   1   1   3   1   0   4   0  0.44 0.30
  127 K    -1   1  -2   0  -3   2   0  -3  -1  -3  -1   4   1   0  -4   1   0  -2   0  -2    6   7   1   6   1  10   6   2   1   1   7  23   3   3   0  11   5   1   3   2  0.30 0.24
  128 G    -1  -1   2   3  -7   0   1   5  -1  -5  -6  -2  -6  -6  -1  -1  -2  -7  -7  -4    5   3  11  16   0   3   9  36   1   1   1   3   0   0   4   4   2   0   0   1  0.76 0.42
  129 F     0  -2  -4  -1  -3  -2  -1  -4  -1   0   5  -3   2   1  -3  -3  -3   1   0  -2    7   2   1   4   1   1   4   2   2   4  48   2   5   6   2   2   1   2   4   2  0.62 0.36
  130 A     3  -4  -4  -4  -1  -3  -2   0  -2   2   2  -4  -1  -2  -2  -1  -1   4   1   2   21   1   1   1   1   1   2   7   1  12  16   0   1   1   3   3   4   5   5  14  0.35 0.25
  131 E     1  -1  -1   1  -3   1   4  -1  -1  -2  -2  -1  -2  -4   2   0   0  -5  -3  -1   11   4   2   8   0   7  23   6   2   2   4   4   1   1   9   7   5   0   1   4  0.28 0.23
  132 K     0   3  -1   0  -4   1   2  -3  -2  -3  -3   3  -2  -6   3  -1   0  -3  -5  -1    8  13   3   5   0   6  14   2   1   1   2  15   1   0  14   5   5   0   0   4  0.38 0.28
  133 A     3  -5  -5  -5   2  -5  -4  -4  -6   2   2  -6  -2  -4  -5  -1   3  -3  -6   2   26   0   0   0   4   0   1   1   0  10  16   0   1   0   0   5  18   0   0  16  0.68 0.40
  134 L    -2  -5  -9  -8   1  -6  -5  -7  -8   2   6  -7   1  -1  -4  -6  -5  -5  -4   0    4   1   0   0   2   0   1   0   0  10  67   0   3   2   1   0   1   0   0   7  1.46 0.64
  135 A     1   1   0   1  -3   2   3  -1  -1  -2  -2   1  -2  -4  -1   0   0  -3  -4  -2   13   8   4   7   0   8  19   5   1   3   4   8   1   0   3   7   5   0   0   3  0.24 0.20
  136 S     3   1   0  -2  -2   1   0  -2   0  -1   2   0   0  -1  -4   0   0  -2  -2  -2   22   7   4   2   1   5   5   3   3   3  18   7   2   2   0   6   5   1   1   2  0.17 0.17
  137 L    -2  -6  -7  -5  -4  -6  -6  -7  -8   4   5  -7   0  -1  -5  -6  -4  -4  -5   1    4   0   0   1   0   0   1   0   0  22  56   0   2   2   1   0   1   0   0   8  1.38 0.60
  138 R     2   1  -1   1   0   0   1   0  -1  -1   0  -1  -1  -1  -3   0   0  -2  -2   0   21   7   3   7   2   4   9   6   2   4   9   4   1   2   1   8   4   1   1   7  0.09 0.11
  139 D     1   2  -1   1  -3   1   3  -2  -1  -3  -2   2  -3  -3  -3   1  -1  -4  -3  -3   13  10   3   8   0   7  18   4   1   1   4  11   0   1   1  10   4   0   1   2  0.31 0.24
  140 G     1   1   2  -2  -1   0  -1   2   2  -3  -1   0  -2  -3  -1   1  -1  -3   1  -3   13   7  11   1   2   4   3  14   6   1   7   7   1   1   3  12   3   0   5   1  0.19 0.17
  141 G    -2   0   3   2  -3  -1  -1   4   0  -6  -4  -1  -6  -6   2  -1  -3  -6  -5  -5    4   6  11  12   1   2   5  33   2   0   2   4   0   0  10   5   2   0   0   1  0.66 0.37
  142 W    -1  -3  -7  -7   0  -6  -7  -3  -3   3   4  -5   0  -1  -5  -5  -4   9  -1   0    5   2   0   0   2   0   0   2   1  13  31   1   2   3   1   1   1  26   2   7  1.29 0.56
  143 L    -4  -7  -8  -8  -2  -7  -7  -8  -8   2   6  -7   1  -2  -6  -6  -4  -3  -4   2    2   0   0   0   1   0   0   0   0  10  67   0   3   1   0   0   1   0   0  12  1.57 0.67
  144 T     4   0   1  -2  -2  -2  -1  -1   0  -5  -4   2  -3  -6  -4   2   1  -6  -5  -3   32   5   5   2   1   2   4   6   2   0   2  12   1   0   1  14   9   0   0   1  0.50 0.34
  145 P     0  -1  -1   2  -4  -1   2  -3  -1  -5  -5   0  -4  -5   5   0  -1  -7  -5  -3    8   4   3  12   0   3  15   2   1   1   1   6   1   0  30   8   4   0   0   2  0.70 0.42
  146 G    -2  -2   2   4  -5  -1   2   4   0  -6  -6  -1  -5  -5  -5  -2  -3  -7  -5  -6    4   2  10  23   0   3  13  31   2   0   1   4   0   1   0   3   2   0   0   0  0.83 0.44
  147 A     4  -7  -6  -7   0  -7  -6   5  -4  -7  -7  -7  -7  -8  -6   0   1  -8  -8  -4   34   0   0   0   2   0   0  45   0   0   0   0   0   0   0   7   9   0   0   1  1.45 0.69
  148 L    -5  -1  -7  -8  -2  -5  -6  -8  -6   4   4  -4   1  -1  -7  -5  -1   4  -2   3    1   5   0   0   1   0   0   0   0  20  38   1   3   2   0   1   4   6   2  17  0.98 0.47
  149 L    -1  -8  -8  -9   1  -8  -8  -7  -8   6   2  -8  -1   0  -8  -7  -5  -3  -5   5    4   0   0   0   3   0   0   0   0  34  17   0   2   4   0   0   0   0   0  35  1.40 0.60
  150 V    -2  -8  -8  -9   1  -8  -8  -9  -6   4  -2  -8  -2  -3  -8  -4  -3  -2   3   6    3   0   0   0   3   0   0   0   0  23   3   0   1   1   0   2   1   1   9  53  1.60 0.69
  151 V     2  -7  -7  -8   2  -7  -7  -5  -6   3   2  -7  -2   0  -7  -4  -3   0   0   5   14   0   0   0   4   0   0   1   0  15  21   0   1   4   0   1   2   1   3  33  0.92 0.46
  152 E    -7  -4  -6  -5 -11   1   8  -7  -2 -10 -10  -4  -7 -10  -8  -6  -8 -10  -9  -8    0   1   0   0   0   6  90   0   1   0   0   1   0   0   0   0   0   0   0   0  2.87 1.19
  153 E    -3   2  -5  -4   0  -1   0  -6   8  -3  -4  -4   0  -5  -7   1   3  -5  -1  -3    3  10   0   1   2   3   5   1  37   2   2   1   3   0   0  11  15   0   2   2  1.25 0.62
  154 A     2   0  -1   3  -5  -2   2   1   2  -6  -4  -3  -5  -2   1   3  -3  -4  -2  -5   18   6   2  13   0   1  11  11   5   0   1   1   0   2   6  20   1   0   1   0  0.47 0.35
  155 K     2   4  -2  -4  -2  -1  -2  -3   0  -2  -3   3  -3  -3   0   1   0  -2  -4  -1   17  19   2   1   1   2   2   2   2   3   2  20   0   1   5  11   5   1   1   4  0.46 0.32
  156 A    -1   4   0   3  -6   0   1   1   0  -6  -5   3  -4  -5  -4   0  -1  -6  -4  -4    5  21   5  14   0   4   8   9   2   0   1  16   0   1   1   8   5   0   0   1  0.53 0.33
  157 A     0  -1  -1   3  -4   0   5  -2   0  -3  -2  -1  -2  -2  -2  -1   0  -2  -2  -2    8   4   2  13   0   4  32   4   3   2   5   2   1   2   2   4   6   1   2   4  0.45 0.31
  158 Q     0  -1   0   1  -5   1   3  -2  -2  -2  -3   1  -3  -4   3   0   0  -5  -4  -1    9   3   5   9   0   5  21   3   1   2   2   7   1   1  16   7   6   0   0   4  0.38 0.28
  159 F    -1  -5  -5  -4  -3  -4  -2  -6  -4   3   3  -5   0   3   3  -4  -3   1   0   1    5   1   0   1   1   1   3   0   0  14  28   0   2  10  15   1   2   2   3  11  0.59 0.34
  160 A     1  -3  -1   2  -3   0   2  -2  -1  -2  -3  -1  -5  -5   5   0  -1  -5  -5  -1   12   1   4   9   0   4  11   3   1   3   3   3   0   0  28   7   4   0   0   4  0.54 0.36
  161 T     0  -3  -1   1  -2  -1   2  -2  -2   1   1  -3  -2  -1   1  -1   0   4  -2   0    8   1   3   7   1   3  16   3   1   7  17   1   1   3   6   5   6   6   1   5  0.19 0.17
  162 P    -1  -1  -2  -2  -1  -1  -1  -4  -1   0   0  -3  -3  -3   6  -1  -1  -7  -2   0    6   3   2   2   1   3   4   2   2   6   9   2   1   1  39   5   4   0   2   6  0.73 0.42
  163 E     1  -3  -1   2  -3  -1   3  -1  -1  -2  -3   0  -3  -2   2   1  -2  -4   0  -1   14   1   3  10   1   3  19   4   2   3   3   5   1   1  12   9   2   0   4   4  0.28 0.23
  164 G    -1   0   1  -1  -5  -3  -1   6   1  -6  -5  -2  -4  -3  -1   0  -2  -2  -3  -5    4   5   7   3   0   1   4  49   4   0   2   3   0   1   3   8   2   1   1   1  0.90 0.48
  165 F    -6  -6  -8  -8  -2  -6  -7  -6  -6  -2   5  -8  -1   6  -8  -7  -6   7   2  -4    1   0   0   0   1   0   0   1   0   2  43   0   1  25   0   0   1  15   7   1  1.71 0.73
  166 E    -1   2  -1   0  -1   1   4  -2   1  -1  -3   1  -2  -4  -4   1   1  -5  -2   1    6  10   2   4   1   7  23   3   3   3   3   7   1   1   1   8   9   0   1   9  0.30 0.24
  167 E    -2   1  -4  -4   2  -1  -1  -4  -1   2   3  -1   1  -2   0  -2  -1  -2  -4   2    4   7   0   1   4   3   4   1   1  11  31   4   3   1   4   2   4   1   0  13  0.37 0.25
  168 L    -1  -1  -4  -1  -1  -1  -1  -4   1   3   2  -2  -1   1  -4  -2   0   0   2   2    4   4   0   4   1   3   4   1   4  14  20   2   1   7   0   3   7   2   6  14  0.25 0.18
  169 E    -3   5  -3   5  -6  -1   0  -5  -4  -5  -4   4  -5  -3  -6  -3  -1  -1  -5  -4    2  30   1  25   0   2   6   1   0   1   2  19   0   1   0   2   3   1   0   1  1.05 0.55
  170 R    -3   3  -2   1  -1   4   4  -6   0  -3  -5  -1  -2  -7  -5   1   2  -6  -4  -3    2  13   1   8   1  15  25   0   2   1   1   4   1   0   1   9  13   0   1   2  0.68 0.44
  171 R    -4   7  -5  -7  -6  -3  -2  -6  -4  -8  -6   5  -6  -9  -8  -3  -4  -6  -1  -3    2  56   1   0   0   1   3   1   0   0   1  27   0   0   0   2   1   0   2   2  1.87 0.85
  172 A    -2   5  -2  -2  -3   0  -1  -5   0  -1  -5   3  -5  -4  -4  -1   2  -7  -5   0    4  32   2   3   1   4   5   1   2   4   1  17   0   1   1   5  10   0   0   7  0.69 0.42
  173 Y     0  -7  -9 -10  -4  -4  -9  -9   0  -3  -5  -9  -5   2 -10  -5  -5   1  10  -4    7   0   0   0   0   1   0   0   2   1   1   0   0   6   0   1   1   2  75   2  2.83 1.14
  174 D    -5  -6  -6  -7 -10  -9 -10   8 -10 -11 -11  -5 -10 -11 -10  -3  -9 -10 -11 -11    1   1   0   0   0   0   0  95   0   0   0   1   0   0   0   2   0   0   0   0  3.03 1.20
  175 D    -2   0   1   6  -8   2   2  -1  -3  -2  -5   1  -7  -7  -5  -1  -1  -8  -5  -6    4   6   5  35   0   8  13   4   1   3   1  10   0   0   0   5   4   0   0   0  0.80 0.46
  176 T     1  -7  -3  -8  -2  -6  -7  -5  -6  -1  -7  -5  -4  -8  -7   1   7  -9  -8   1   10   0   1   0   1   0   0   1   0   4   0   1   0   0   0   8  64   0   0   8  1.74 0.86
  177 E     2   3  -2  -4   1   0  -1  -1  -1  -1  -1   1   1  -2  -5   0   0  -3  -2   1   15  17   1   1   3   5   4   4   2   2   7  10   3   1   0   5   7   0   1  12  0.24 0.21
  178 F    -4  -8  -8  -9  -2  -8  -8  -7  -3   5   4  -8  -1   1  -8  -6  -5  -7   1   4    1   0   0   0   1   0   0   0   1  25  33   0   1   5   0   0   0   0   5  26  1.29 0.58
  179 V    -1   0  -2  -2   1  -2  -3  -4   3  -1  -1  -4  -2  -3  -6   4   4   4   0  -2    4   6   1   2   3   2   1   1   6   3   7   0   1   1   0  27  22   5   3   3  0.58 0.41
  180 F    -7  -6  -9 -10  -8  -9  -9 -10  -8   4   3  -9  -2   8  -9  -8  -6   1   1  -1    0   1   0   0   0   0   0   0   0  18  21   0   1  48   0   0   0   2   5   4  1.85 0.77
  181 L    -5  -8  -9  -9  -6  -8  -9  -8  -4   1   4  -8  -1   5  -9  -7  -6   3   7  -3    1   0   0   0   0   0   0   0   0   6  33   0   1  21   0   0   0   3  32   1  1.69 0.74
  182 K    -3   6  -5  -4  -4   3   3  -3   1  -3  -5   3  -3  -7  -6  -3  -1  -4  -4  -3    2  36   0   0   0  13  15   3   4   1   1  14   1   0   0   2   4   0   1   2  1.00 0.55
  183 R    -1   7  -4  -6  -3   0  -4  -6   3  -6  -4   5  -5  -7  -5  -5  -4  -4  -5  -7    4  47   1   0   1   4   0   0   7   0   2  31   0   0   0   0   1   0   0   0  1.58 0.70
  184 P    -4  -6  -5  -5  -6  -5  -4  -6  -6  -6  -6  -4  -6  -7   9  -4  -4  -7  -6  -6    0   0   0   0   0   0   0   0   0   0   0   0   0   0 100   0   0   0   0   0  3.19 0.71

                      K         Lambda
Standard Ungapped    0.1393     0.3201
Standard Gapped      0.0618     0.2670
PSI Ungapped         0.2018     0.3173
PSI Gapped           0.0618     0.2670
