
Last position-specific scoring matrix computed, weighted observed percentages rounded down, information per position, and relative weight of gapless real matches to pseudocounts
            A   R   N   D   C   Q   E   G   H   I   L   K   M   F   P   S   T   W   Y   V   A   R   N   D   C   Q   E   G   H   I   L   K   M   F   P   S   T   W   Y   V
    1 N    -7  -6   9  -4  -9  -6  -6  -6  -5  -9  -9  -6  -8  -9  -8  -5  -6 -10  -8  -9    0   0 100   0   0   0   0   0   0   0   0   0   0   0   0   0   0   0   0   0  3.53 1.21
    2 L    -2   3   2  -1  -2  -1   2  -5  -1  -3   4  -2  -2  -4  -5  -3  -3  -6  -5  -2    4  18  11   3   1   2  12   0   2   0  39   2   0   0   0   1   1   0   0   2  0.61 0.39
    3 S    -3  -6  -4  -6  -3  -6  -6  -6  -6  -8  -8  -6  -7  -8  -6   8  -3  -8  -7  -6    1   0   0   0   1   0   0   0   0   0   0   0   0   0   0  97   1   0   0   0  2.66 1.09
    4 G    -5  -8  -6  -7  -8  -7  -8   8  -8  -9  -9  -7  -8  -9  -8  -6  -7  -1  -9  -9    0   0   0   0   0   0   0  99   0   0   0   0   0   0   0   0   0   1   0   0  2.95 1.03
    5 K    -2   3  -1   1  -5   3   3  -1  -1  -1  -1   1  -2  -2  -2  -2  -2  -1  -2  -2    2  14   2   6   0  13  24   4   1   5   7   8   1   1   2   1   2   1   1   3  0.36 0.27
    6 S     5  -6  -5  -6   0  -4  -5  -3  -6  -4  -6  -5  -4  -6   2   4  -2  -7  -6  -2   53   0   0   0   2   0   0   1   0   1   0   0   0   0   9  29   2   0   0   2  1.32 0.67
    7 I    -2  -7  -8  -8  -6  -7  -7  -7  -8   2   0  -7  -3  -4  -7  -6  -4  -8  -6   7    3   0   0   0   0   0   0   0   0   9   6   0   0   0   0   0   1   0   0  79  2.02 0.79
    8 T     2   3  -2  -3  -4   2  -2   2   0  -2  -2   1  -2  -4  -2   0  -2  -2  -3  -1   22  18   1   1   0   9   1  14   2   2   4   9   0   0   1   8   1   1   0   5  0.33 0.26
    9 A     3  -1  -2   0  -2   1   3  -1  -1  -4  -3   1  -3  -4   3   0  -2  -4  -1  -4   26   3   1   5   1   5  17   4   1   0   2   8   1   0  13   8   1   0   2   0  0.42 0.30
   10 A     3  -5  -6  -6  -1  -5  -5  -5  -6   2   4  -5   1   2  -6  -4  -3   2  -1   2   21   0   0   0   1   0   0   0   0  11  40   0   2   7   0   0   1   2   2  11  0.77 0.41
   11 L     3  -3  -5  -5   1  -2  -4  -4  -3   0   2  -1   5  -2  -5  -1  -2  -3  -3   2   26   1   0   0   3   1   0   0   1   5  21   5  13   1   0   5   2   0   1  15  0.53 0.34
   12 R    -1   4   3   2  -6   1   0  -2   3  -5  -5   2  -4  -5  -5   1  -2  -6  -4  -4    6  27  11  13   0   7   4   3   6   0   0  11   0   0   0   8   2   0   0   1  0.63 0.36
   13 F    -3   1  -4  -5  -4  -3  -2  -4  -2  -4  -4  -1  -4   7  -6  -3  -4   4   6  -5    2   7   1   1   0   1   3   2   1   0   0   5   0  43   0   2   1   5  26   0  1.49 0.63
   14 W    -6  -4  -3  -7  -5  -5  -5  -8   2  -6  -1  -4  -4   5  -8  -5  -3   1   9  -5    0   1   1   0   0   0   1   0   5   0   6   1   0  22   0   1   2   2  58   1  2.09 0.80
   15 K    -4   3   1  -1  -4   1  -2   0   0  -6  -7   6  -5  -7  -3  -1  -5  -7  -5  -6    1  13   7   4   1   4   1   9   2   0   0  52   0   0   1   4   0   0   0   0  1.13 0.55
   16 I    -2  -5  -6  -6  -1  -5  -5  -4  -5   6   2  -5  -1  -1  -4  -4  -3  -3  -4   3    3   0   0   0   1   0   1   1   0  47  21   0   1   3   1   1   1   0   0  18  1.12 0.48
   17 E     0  -2   0   3  -5   0   2  -2  -2  -4  -4   0  -4  -5   5   1  -1  -6  -5  -4    9   2   3  15   0   3  16   3   1   1   1   5   0   0  24  11   4   0   0   1  0.59 0.34
   18 P     0  -2  -3  -5  -2  -3  -3  -3  -2   0   1  -3  -3  -4   6  -1  -1  -6  -4   0    9   2   1   0   1   1   1   2   1   5  15   1   0   0  44   5   4   0   1   8  0.93 0.45
   19 E     0  -1  -1   3  -5   2   5  -1  -2  -5  -5   0  -4  -5  -2   1  -2  -6  -5  -5    9   2   2  13   0   7  40   4   1   0   0   4   0   0   2  12   2   0   0   0  0.75 0.42
   20 H    -2   3   3   5  -5   3   2  -4   2  -6  -6   0  -5  -6  -5  -1  -4  -7  -5  -6    3  14  13  33   0  11  12   1   4   0   0   4   0   0   0   4   0   0   0   0  0.91 0.45
   21 L    -4  -6  -6  -6   0  -6  -6  -7  -5   5   4  -6   3  -1  -6  -5  -2  -4  -4   3    1   0   0   0   2   0   0   0   0  34  33   0   5   2   0   0   2   0   0  19  1.11 0.47
   22 L    -4  -6  -7  -7  -3  -6  -6  -6  -6   4   5  -6   1  -1  -6  -5  -3  -2  -3   2    1   0   0   0   1   0   0   0   0  24  55   0   2   2   0   0   1   1   1  11  1.24 0.52
   23 V    -3  -7  -7  -7  -5  -7  -7  -7  -7   3  -2  -7  -2  -5  -7  -6  -4  -7  -6   7    1   0   0   0   0   0   0   0   0  15   2   0   1   0   0   0   1   0   0  79  2.09 0.78
   24 A     0  -6  -7  -7  -2  -6  -6  -7  -7   6   0  -6  -1  -1  -6  -5  -4  -6  -4   5    6   0   0   0   1   0   0   0   0  40   6   0   1   3   0   0   0   0   0  41  1.36 0.56
   25 H    -4  -5  -4  -6   4  -2  -5  -7   9  -5  -3  -5  -3   0  -7  -2  -3  -5   6  -1    2   0   0   0   8   2   0   0  45   0   3   0   1   3   0   3   2   0  26   5  1.91 0.73
   26 D    -7  -7  -4   9  -9  -6  -3  -7  -6  -8  -9  -6  -8  -9  -7  -6  -6  -9  -8  -8    0   0   0  98   0   0   1   0   0   0   0   0   0   0   0   0   0   0   0   0  3.20 1.08
   27 E    -6  -6  -2   8  -8  -4   4  -6  -6  -8  -8  -5  -7  -8  -6  -4  -5  -8  -7  -8    0   0   1  72   0   0  25   0   0   0   0   0   0   0   0   1   0   0   0   0  2.36 0.88
   28 L    -3  -6  -7  -7  -4  -6  -6  -7  -5   4   5  -6   4  -1  -6  -6  -3  -5  -4   2    2   0   0   0   0   0   0   0   0  20  53   0  10   2   0   0   1   0   0  11  1.22 0.51
   29 D     0  -5   1   8  -8  -4  -1  -6   0  -8  -8  -5  -7  -8  -6  -1  -5  -6  -6  -8    8   0   6  76   0   0   3   0   2   0   0   0   0   0   0   4   0   0   0   0  2.11 0.81
   30 L    -6  -7  -8  -8  -6  -4  -7  -8  -5   2   6  -7   1   0  -7  -6  -3  -6  -5  -3    0   0   0   0   0   1   0   0   0  10  80   0   3   3   0   0   1   0   0   1  1.77 0.70
   31 A     0  -5  -2   1  -7  -3   2  -5  -6  -5  -5  -2  -4  -8   7  -1  -4  -8  -7  -4    9   0   2   8   0   1  11   1   0   1   1   2   1   0  57   4   1   0   0   2  1.57 0.69
   32 P    -1  -5  -5  -6  -1  -4  -4  -6  -6  -2   3  -5   0   5   4  -4  -2  -2  -1   2    4   0   0   0   1   1   1   0   0   2  25   0   2  24  22   1   3   0   1  12  0.83 0.43
   33 G    -1  -6  -4  -6  -8  -5  -4   8  -5  -9  -9  -7  -8  -6  -7  -3  -6  -8  -6  -8    4   0   1   0   0   0   1  90   0   0   0   0   0   0   0   2   0   0   0   0  2.46 0.91
   34 T    -1   4  -2  -2  -3   2  -1  -4  -1  -2  -4   4  -1  -4  -5   0   3  -6  -4   0    5  25   1   2   1   7   3   0   1   2   0  21   1   1   0   5  17   0   0   6  0.61 0.38
   35 A    -1  -6  -6  -7  -2  -5  -7  -7  -5   5   4  -6   2  -2  -7  -5  -3  -6  -4   3    4   0   0   0   1   0   0   0   0  35  33   0   5   1   0   1   1   0   0  18  1.16 0.51
   36 R    -5   8  -5  -6  -5  -1  -5  -6  -5  -8  -6   3  -4  -8  -7  -5  -6  -8  -7  -8    1  76   0   0   0   3   0   1   0   0   0  18   0   0   0   0   0   0   0   0  2.42 0.92
   37 L    -3  -6  -7  -7  -3  -6  -7  -7  -5   5   4  -6   1   3  -7  -6  -4  -3  -2   2    2   0   0   0   0   0   0   0   0  28  38   0   3  12   0   0   1   0   1  14  1.14 0.49
   38 K    -4   7  -4  -6  -8  -2  -4  -6  -4  -6  -5   6  -4  -8  -6  -4  -5  -8  -6  -3    1  50   0   0   0   1   0   0   0   0   1  41   0   0   0   1   0   0   0   2  1.92 0.78
   39 F     1   2  -2  -2  -3   1   0  -2  -1  -2   0   2  -1   1   2  -1   0   1  -2  -1   14  10   1   1   0   7   6   1   1   2   8  14   2   6  11   3   5   2   1   4  0.18 0.17
   40 D    -2   0   1   0  -6  -1  -1   5  -2  -6  -6   3  -4  -5  -5   1  -2  -1  -4  -5    3   6   6   4   0   2   3  40   1   0   0  20   0   0   0  11   1   1   1   0  0.80 0.41
   41 G    -5  -2  -5  -5  -7  -5  -7   8  -7  -8  -7  -5  -7  -7  -7  -4  -5  -1  -7  -7    0   2   0   0   0   0   0  92   0   0   1   0   0   0   0   1   1   1   0   0  2.55 0.90
   42 G    -4  -4  -3  -5  -6  -5  -5   6  -6  -7  -7  -4  -6  -7  -6   5  -4  -7  -7  -7    1   1   1   0   0   0   0  56   0   0   0   1   0   0   0  38   0   0   0   0  1.78 0.74
   43 H     4  -4  -1   2  -3  -3  -2  -3   6  -4  -2  -4  -5  -5   0   3   0  -6  -4  -4   29   0   2  10   0   0   2   1  21   1   4   0   0   0   5  19   4   0   0   1  0.80 0.45
   44 G     2  -6  -1  -6  -6  -6  -6   7  -3  -7  -7  -5  -6  -7  -6  -4  -6  -7  -7  -7   17   0   3   0   0   0   0  76   1   0   0   0   0   0   0   1   0   0   0   0  2.03 0.77
   45 G    -4  -7  -5  -6  -7  -6  -6   7  -7  -8  -8  -5  -7  -7  -7  -3   0  -7  -7  -7    1   0   0   0   0   0   0  89   0   0   0   0   0   0   0   2   6   0   0   0  2.44 0.88
   46 Q    -7  -6  -2  -6  -8   1  -5  -7  11  -8  -8  -6  -7  -7  -7  -5  -7  -7  -4  -8    0   0   2   0   0   6   0   0  89   0   0   0   0   0   0   1   0   0   0   0  3.81 1.22
   47 N    -6   1   8  -4  -7  -3  -5  -5  -1  -7  -6   2  -6  -7  -6  -4  -5  -8  -5  -7    0   7  74   0   0   1   0   1   2   0   1  14   0   0   0   0   0   0   0   0  2.29 0.88
   48 G    -5  -7  -5  -6  -7  -7  -7   8  -7  -8  -8  -6  -7  -8  -7  -5  -6  -1  -7  -8    0   0   0   0   0   0   0  96   0   0   0   0   0   0   0   0   0   1   0   0  2.81 0.97
   49 L    -5  -6  -7  -8  -4  -6  -7  -8  -5   4   5  -6   5  -3  -7  -6  -5  -3  -5   2    0   0   0   0   0   0   0   0   0  19  51   0  14   0   0   0   0   0   0  13  1.42 0.59
   50 R    -1   5  -2  -4  -7   1   0  -4  -4  -5  -4   5  -4  -7  -6  -2  -4  -7  -5  -5    6  33   2   1   0   5   7   1   0   1   1  39   0   0   0   2   0   0   0   1  1.24 0.58
   51 D    -4  -6   1   3  -7  -5  -5  -4  -2  -8  -8  -6  -7  -8  -6   7  -4  -8  -7  -7    0   0   5  16   0   0   0   1   1   0   0   0   0   0   0  77   0   0   0   0  2.06 0.91
   52 T    -4  -8  -8  -8  -4  -7  -8  -8  -8   8   1  -7   0  -5  -8  -7  -2  -7  -6   2    1   0   0   0   0   0   0   0   0  71  10   0   2   0   0   0   2   0   0  14  2.02 0.75
   53 I    -1  -3  -4  -1  -2  -1  -2  -5  -1   7  -1  -4   1  -1  -6  -1   0  -6  -4   0    5   1   1   3   1   3   3   1   2  56   3   1   3   2   0   4   5   0   0   5  1.00 0.48
   54 R     2   1   1   1  -3   3   3  -2  -1  -5  -4   0  -3  -4  -4   1  -1  -4   0  -4   21   6   6   8   0  15  17   3   1   0   1   5   0   0   0   9   2   0   4   0  0.44 0.31
   55 L     1   1  -1  -3   3   1   0  -4   7  -4  -2  -1   0  -4  -5   0  -1  -3  -1  -1   13   6   3   1   5   7   6   1  28   1   5   4   2   1   0   8   3   0   2   4  0.62 0.36
   56 L    -4  -7  -7  -8  -1  -6  -7  -7  -7   3   6  -7   1   0  -7  -5  -1  -4  -4  -1    1   0   0   0   2   0   0   0   0  15  68   0   2   4   0   1   4   0   0   3  1.43 0.60
   57 G    -2  -3   0  -2  -4   0  -3   7  -1  -8  -7  -1  -7  -7  -4  -2  -5  -7  -7  -7    3   1   4   2   0   4   2  74   1   0   0   4   0   0   1   3   0   0   0   0  1.72 0.69
   58 H    -2  -3   0  -1  -2  -3  -3  -1  -1  -4  -5  -2  -3  -4  -4   3   6  -4  -4  -4    3   1   5   3   1   1   1   5   1   1   1   2   1   1   0  24  48   0   0   1  1.04 0.53
   59 G    -1   1   2   3  -4   3   2   0  -1  -4  -5   2  -2  -5   1   0  -1  -6  -4  -5    5   7  10  14   0  14  11   6   1   1   1  12   1   0   8   6   3   0   0   0  0.41 0.27
   60 K    -1  -1   2   5  -5   0   4  -1  -3  -6  -6   0  -4  -7  -4   0  -2  -7  -5  -5    6   2  10  35   0   5  23   4   0   0   0   4   0   0   0   5   2   0   0   1  0.89 0.46
   61 F    -7  -8  -8  -9  -5  -8  -9  -9  -4  -1  -4  -8  -3   9  -9  -8  -7  -2   5  -3    0   0   0   0   0   0   0   0   0   4   0   0   1  77   0   0   0   1  15   2  2.79 0.96
   62 H     0  -2  -1  -4   0  -2  -4  -3   0   0  -1  -1  -1  -2   5  -1  -1   4   2   0   10   2   4   1   2   1   0   1   3   7   7   4   1   1  30   4   4   6   6   6  0.55 0.32
   63 R    -7   9  -6  -8 -10  -5  -6  -8  -2  -9  -8  -4  -7  -9  -8  -7  -7  -9  -8  -9    0  99   0   0   0   0   0   0   1   0   0   0   0   0   0   0   0   0   0   0  3.36 1.18
   64 L    -4  -7  -8  -8  -3  -7  -7  -8  -7   4   5  -7   0  -2  -7  -6  -5  -6  -4   3    1   0   0   0   0   0   0   0   0  20  54   0   1   1   0   0   0   0   0  21  1.42 0.59
   65 R    -5   8  -6  -7  -9  -4  -5  -8  -4  -9  -7   3  -7  -8  -7  -6  -7  -8  -5  -8    1  81   0   0   0   0   0   0   0   0   0  17   0   0   0   0   0   0   1   0  2.67 0.99
   66 V    -4  -7  -7  -8  -2  -7  -7  -8  -7   6   2  -7   2   1  -7  -6  -5  -6  -5   4    1   0   0   0   1   0   0   0   0  48  17   0   5   6   0   0   0   0   0  22  1.45 0.59
   67 G    -5  -8  -6  -7  -8  -7  -8   8  -8  -9  -9  -7  -8  -9  -8  -5  -5  -8  -9  -9    0   0   0   0   0   0   0  98   0   0   0   0   0   0   0   1   1   0   0   0  2.94 1.04
   68 I    -5  -8  -8  -8  -6  -8  -8  -6  -8   8  -3  -8  -3  -5  -8  -6  -5  -8  -6   4    1   0   0   0   0   0   0   1   0  73   1   0   0   0   0   0   0   0   0  24  2.30 0.84
   69 G    -3  -5  -3   0  -8  -4  -6   7  -5  -7  -8  -5  -8  -8  -7  -2  -7  -8  -8  -8    2   1   1   6   0   1   0  86   0   0   0   0   0   0   0   2   0   0   0   0  2.31 0.87
   70 H    -3   6  -2  -4  -7  -1  -2  -3   6  -6  -5   2  -4  -6   1  -2  -3  -7  -5  -6    3  48   2   1   0   2   3   2  17   0   1  10   0   0   7   2   1   0   0   0  1.34 0.60
   71 P    -2  -4  -4  -2  -5  -3  -4  -4  -4  -7  -6  -1  -7  -8   8  -3  -4  -8  -7  -3    4   1   1   3   0   1   1   2   0   0   1   5   0   0  77   2   1   0   0   2  2.30 0.88
   72 G     0   0  -2   0  -4   0   1   2   0  -4  -4  -1  -3  -3   5  -1  -2  -6  -4  -3    8   4   2   5   0   4   9  18   3   1   2   3   1   2  31   5   3   0   0   2  0.60 0.33
   73 H     0   0   1   1  -4  -1   1   2   4  -3  -3   0  -3  -2   2   0  -2  -5  -2  -2    9   5   7   9   0   3   9  16  10   1   3   4   0   1  11   5   2   0   1   3  0.26 0.19
   74 K    -2   3  -1  -1  -5   1  -1   4  -1  -4  -4   3  -2  -3   0  -1  -3  -4  -2  -4    2  15   3   2   0   5   4  29   1   1   1  21   1   1   5   5   1   0   1   1  0.55 0.32
   75 D     0   0   0   2  -3   1   2   0  -2  -1  -2   0   4  -2  -3   0  -1   4  -2  -1    6   5   4  12   0   8  12   7   1   4   2   4  12   1   1   7   2   5   1   5  0.20 0.18
   76 R    -1   0   0   5  -6   1   2  -3  -3  -4  -3  -1  -1  -6   1   0  -1  -6  -4  -4    6   5   5  38   0   6  12   2   0   1   3   4   1   0   7   6   3   0   1   1  0.67 0.37
   77 V     0  -4  -5  -5  -4  -1  -5  -2  -4   1   1  -4   2  -4   2  -3   0  -4  -5   5    8   1   0   0   0   3   0   3   0   7  13   0   4   0  10   1   6   0   0  42  0.69 0.39
   78 V     4  -2  -3  -2  -4  -3   0  -3  -1   2  -3  -1  -3  -4  -2   1   1  -6  -4   3   34   2   1   2   0   1   6   1   2  10   1   3   0   0   2  10   9   0   0  18  0.48 0.33
   79 P    -1  -1   3   6  -6  -2   0   1  -1  -6  -6  -1  -6  -7  -2   0  -3  -7  -5  -5    5   3  13  43   0   1   6  11   2   0   0   4   0   0   2   8   1   0   0   0  0.95 0.46
   80 W    -7  -5  -7  -8  -8  -5  -7  -8   6  -7  -6  -7  -6   5  -8  -7  -7   7   8  -7    0   0   0   0   0   0   0   0  16   0   0   0   0  19   0   0   0  12  52   0  2.59 0.94
   81 V    -4  -8  -9  -9  -6  -8  -8  -9  -9  -3  -3  -8  -5  -6  -8  -7  -6  -9  -7   8    1   0   0   0   0   0   0   0   0   0   1   0   0   0   0   0   0   0   0  98  2.85 1.04
   82 L    -7  -8  -9  -9  -7  -7  -8  -9  -8  -1   7  -8  -2  -5  -8  -8  -5  -7  -6  -3    0   0   0   0   0   0   0   0   0   2  96   0   0   0   0   0   1   0   0   1  2.39 0.90
   83 G     0  -1  -1  -2  -5   1  -1   4   1  -6  -6   0  -4  -6  -5   4  -1  -6  -6  -6    6   3   3   2   0   7   5  30   3   0   0   5   0   0   0  34   3   0   0   0  0.79 0.45
   84 R    -2   4   1   2  -4  -1  -1  -2  -1  -4  -5   3  -3  -6   4  -1  -1  -6  -5  -3    3  22   7  11   0   2   3   3   1   1   0  18   0   0  19   3   3   0   0   2  0.64 0.37
   85 A    -4  -8  -8  -8  -4  -8  -8  -6  -7  -2  -4  -8  -2   9   3  -6  -6   1  -1  -2    2   0   0   0   0   0   0   1   0   2   1   0   1  71  16   0   0   2   1   3  2.33 0.87
   86 G     0   1   1   1  -2  -2   0  -1  -2  -5  -3  -1  -3  -4   2   4   2  -5  -2  -4    6   7   5   6   1   1   5   5   1   0   2   4   1   1   9  30  14   0   2   0  0.41 0.31
   87 R     1   1  -2   0  -4   0   1   0  -3  -5  -4   4  -3  -5   4   0  -2  -6  -4  -3   12   6   1   6   0   4   9   6   0   0   1  24   0   0  17   7   2   0   0   1  0.48 0.31
   88 E     2  -2  -1   4  -5   1   5  -2  -1  -6  -5   0  -4  -5  -3   0  -2  -5  -5  -3   15   1   2  18   0   5  37   3   1   0   1   5   0   0   1   6   2   0   0   1  0.77 0.43
   89 D    -4  -5  -4   3  -8   2   7  -6  -3  -7  -6  -4  -6  -8  -6  -4  -6  -8  -5  -6    1   0   0  14   0   7  72   0   0   0   1   0   0   0   0   1   0   0   0   1  2.01 0.84
   90 D     0   4  -2  -2  -3   3   1  -4  -1  -2   0   2   1  -2  -4  -1  -1   0  -3  -2    7  24   2   2   1  14   9   1   1   2   9  14   3   1   0   3   3   1   1   2  0.43 0.29
   91 A     1  -1  -1   1  -1   1   3  -2  -2  -1  -3   2  -3  -4   3  -1  -1  -5  -4  -2   13   3   3   7   1   5  23   3   0   4   2  13   0   0  12   4   3   0   0   2  0.37 0.26
   92 A     0  -1  -1   0  -2   0   1  -3  -1   1   1   0   0  -2  -2  -1   0   3  -2   1    9   2   2   5   1   5  10   1   1  10  18   8   2   1   1   3   4   4   1  11  0.12 0.13
   93 I    -2  -5  -7  -7  -4  -5  -5  -6  -6   5   4  -5   4  -1  -6  -6  -4  -1  -3   3    3   1   0   0   0   0   0   0   0  26  39   0  10   3   0   0   1   1   1  15  1.08 0.48
   94 G     0  -1   1   4  -4   0   3  -1  -1  -4  -2   0  -3  -4   2  -1  -1  -4  -3  -3    8   3   7  21   0   3  24   4   1   1   5   4   0   1   9   4   3   0   1   2  0.43 0.29
   95 A     1   0   0   2  -4   2   3  -2   0  -2  -2   2  -2  -2   0  -1  -1  -5  -3  -2   12   5   4  11   0   8  20   3   3   2   3  11   1   2   5   4   3   0   1   3  0.25 0.20
   96 A     3  -2  -4  -4   1  -2  -2  -1  -3   1   1  -3   2  -1  -4   0   1  -1  -2   2   29   2   0   0   3   1   2   3   0   8  11   1   6   2   0   8   7   1   1  15  0.33 0.25
   97 V    -3  -4  -6  -7   0  -5  -4  -6  -6   5   3  -4   1   1  -6  -5  -2  -3  -2   3    2   1   0   0   2   0   1   0   0  34  25   1   2   7   0   0   2   0   1  21  0.93 0.43
   98 D     1   0   1   4  -5   1   4  -2  -1  -3  -4   0  -3  -5  -2   0  -1  -4  -4  -3   10   4   5  22   0   7  23   3   1   1   1   6   1   0   2   6   3   0   0   2  0.47 0.31
   99 A     0   4   0   1  -2   1   0  -3   1  -3  -1   2  -1  -3  -3  -2   0  -5  -2  -2    8  28   4   7   1   6   5   2   3   2   7  14   1   1   1   2   6   0   1   2  0.40 0.27
  100 A     6  -6  -6  -6   1  -5  -5   0  -5   0  -4  -5  -3  -5  -6   1  -1  -7  -5   0   64   0   0   0   3   0   0   7   0   5   1   0   1   0   0   9   3   0   0   7  1.25 0.62
  101 I     4  -3  -4  -3   2  -3  -2  -2  -2   1   0  -2  -1  -4  -2   0  -1  -5  -2   3   39   1   0   1   4   1   3   3   1   7   8   2   1   0   1   5   3   0   1  18  0.50 0.33
  102 D    -1  -1   0   5  -4   1   4  -3  -2  -5  -3   2  -4  -6  -4  -1  -2  -7  -5  -5    5   4   4  33   0   5  24   2   1   0   3  10   0   0   0   4   2   0   0   1  0.80 0.44
  103 V     6  -6  -3  -5   2  -2  -3   0  -2  -1  -3  -5  -2  -5  -5  -1  -2  -3  -2   0   64   0   1   0   4   1   1   6   1   4   3   0   1   0   0   3   2   0   1   5  1.14 0.59
  104 L     2  -6  -6  -7   2  -6  -6  -5  -6   4   2  -6   1  -1  -6  -4  -1  -2  -4   5   14   0   0   0   4   0   0   0   0  24  15   0   3   2   0   1   3   1   0  34  0.92 0.45
  105 P    -1   1  -2   0  -4   0   5  -3  -1  -1  -1   0  -2  -3   2  -2  -1  -4  -3  -2    5   7   2   5   0   4  38   1   1   3   8   5   1   1   9   3   3   0   1   3  0.49 0.34
  106 L     1  -1  -2   1   4  -2   0  -3  -1   0   1  -2   1  -1  -3   0   1  -3   0   0   11   3   1   9  10   1   7   1   1   4  17   2   4   3   1   7   9   0   3   6  0.17 0.17
  107 A    -1  -7  -7  -7   0  -6  -7  -7  -6   5   2  -7   1   3  -7  -4  -4   7   1   1    5   0   0   0   2   0   0   0   0  27  21   0   3  11   0   1   0  16   4   8  1.14 0.51
  108 M     0  -5  -5  -6   0  -4  -6  -6  -5   4   4  -5   1  -1  -6  -5  -3  -4  -4   3    9   0   0   0   2   1   0   0   0  21  38   1   3   2   0   0   1   0   0  18  0.89 0.43
  109 E     0   2   0   1  -2   1   3  -2  -1  -3  -2   2  -3  -3  -4   1   1  -5  -3  -2    8  11   4   6   1   5  20   3   1   1   4  11   0   1   0  11   9   0   0   2  0.32 0.25
  110 G    -2   0   2   2  -5   2   3   3   2  -4  -3   1  -2  -4  -5  -1  -2  -6  -3  -5    2   5   8  10   0   7  22  19   4   1   3   8   1   1   0   5   2   0   1   0  0.46 0.30
  111 N    -4  -4   0   3  -7  -2  -1   6  -5  -8  -8  -1  -7  -8  -2  -2  -3  -3  -7  -7    0   1   5  13   0   2   4  63   0   0   0   4   0   0   2   3   1   1   0   0  1.46 0.65
  112 F    -2  -5  -5  -3  -1  -5  -4  -6  -4   4   2  -4   2   2   1  -4  -2   2  -1   2    3   0   0   2   1   0   1   0   0  26  22   1   4  10   7   1   2   3   2  15  0.64 0.34
  113 N     0  -2   1   4  -5   2   4  -2  -3  -3  -3  -1  -4  -6  -1  -1   0  -6  -6  -3    9   1   6  21   0  10  28   3   0   1   2   3   0   0   3   5   5   0   0   2  0.61 0.38
  114 E     2   2  -2  -1  -4   1   1  -2  -1  -1  -2   3  -1  -3  -1   0   1  -4  -1  -1   16   9   1   3   0   5   9   2   1   3   3  21   1   1   2   7   8   0   2   4  0.25 0.22
  115 A     6  -7  -6  -7  -2  -6  -6  -3  -7  -4  -3  -6  -6   1  -6  -3   1  -5  -3   0   72   0   0   0   1   0   0   2   0   1   3   0   0   5   0   2   8   0   1   7  1.55 0.74
  116 M    -2  -5  -8  -9  -5   3  -7  -8  -7  -2  -3  -4  11  -6  -8  -5  -3  -8  -7  -4    3   1   0   0   0  10   0   0   0   2   2   1  77   0   0   1   2   0   0   1  3.04 1.16
  117 K    -4  -2   8  -3  -5   2  -3  -5  -1  -8  -4  -3  -2  -8  -6   1   1  -8  -6  -7    1   2  62   1   0   8   2   1   1   0   2   2   1   0   0   9   7   0   0   0  1.69 0.77
  118 R    -2   5  -1  -2  -4   2   1  -4   1  -1  -1   3  -1  -2  -5  -2  -1  -3  -3  -2    4  27   2   2   0  10   9   1   3   3   6  19   1   2   0   1   4   0   1   3  0.55 0.35
  119 L    -5  -6  -6  -8  -1  -7  -7  -8   0   1   2  -7  -2   7  -8  -7  -4   0   6   0    1   0   0   0   2   0   0   0   2   7  16   0   1  40   0   0   1   1  23   7  1.51 0.63
  120 H    -6  -6   9  -5  -9  -5  -6  -6   7  -9  -8  -6  -8  -9  -8  -5  -6  -9  -7  -9    0   0  77   0   0   0   0   0  21   0   0   0   0   0   0   0   0   0   0   0  2.98 1.12
  121 T     1   4   0  -4  -3   1  -3   1  -4  -4  -3   0  -4  -5  -2   2   2  -5  -4  -1   14  22   4   0   1   6   0   9   0   1   2   6   0   0   2  16  14   0   0   4  0.43 0.31
  122 S    -1   4   1  -2  -5   1  -2  -3  -3  -3  -2   4  -4  -1   0   0   0  -1  -4  -3    6  25   5   1   0   5   0   2   0   1   4  29   0   3   4   7   5   1   0   1  0.55 0.33
  123 R    -1   3  -1  -1  -5   2   2  -3  -3  -3  -3   4   0  -5   3  -1  -1  -5  -4  -3    4  15   2   2   0  10  12   1   0   1   2  24   2   0  16   4   2   0   0   1  0.54 0.30
  124 D    -1  -2   1   3  -5   2   3  -4  -1  -5  -5   2  -4  -5   3   0  -1  -5  -4  -4    3   0   7  20   0   8  18   0   1   0   0  16   0   0  15   8   2   0   0   1  0.63 0.30
  125 A     5  -3  -2  -3  -3  -3  -3  -2  -4  -4  -4  -3  -3  -4  -3   4   3  -5  -4  -3   50   0   0   0   0   0   0   0   0   0   0   0   0   0   0  31  19   0   0   0  0.92 0.36

                      K         Lambda
Standard Ungapped    0.1404     0.3209
Standard Gapped      0.0636     0.2670
PSI Ungapped         0.2077     0.3181
PSI Gapped           0.0636     0.2670
