
Last position-specific scoring matrix computed, weighted observed percentages rounded down, information per position, and relative weight of gapless real matches to pseudocounts
            A   R   N   D   C   Q   E   G   H   I   L   K   M   F   P   S   T   W   Y   V   A   R   N   D   C   Q   E   G   H   I   L   K   M   F   P   S   T   W   Y   V
    1 M    -6  -6  -7  -8  -6  -5  -7  -8  -7   1   2  -6  10  -4  -7  -6  -5  -6  -6   1    0   0   0   0   0   0   0   0   0   7  17   0  69   0   0   0   0   0   0   7  2.49 0.82
    2 N    -5   5  -1  -1  -6   1   2  -6   1  -4  -4   3  -5  -6  -4  -3   3  -6  -3  -5    0  33   3   4   0   5  14   0   3   1   1  18   0   0   0   1  16   0   1   0  0.92 0.47
    3 I    -6  -7  -8  -8  -4  -7  -7  -8  -7   5   5  -7  -1   1  -7  -7  -5  -2  -4   2    0   0   0   0   0   0   0   0   0  35  46   0   1   6   0   0   0   1   0  12  1.45 0.58
    4 F    -3  -6  -7  -7   2  -6  -5  -4  -3   3   1  -6  -2   2  -7  -5  -2   5   7   1    2   0   0   0   4   0   0   2   0  15  13   0   1   8   0   0   2   7  36   8  1.22 0.54
    5 V    -4  -7  -8  -8  -5  -7  -8  -8  -7   2   6  -7   0   2  -8  -6  -6  -1  -4   1    1   0   0   0   0   0   0   0   0  10  70   0   2   7   0   0   0   1   0   8  1.59 0.64
    6 I     0  -7  -7  -7  -3  -7  -7  -7  -7   5   0  -7   0  -2  -7  -6  -1   2  -5   6    7   0   0   0   0   0   0   0   0  28   8   0   2   1   0   0   4   3   0  47  1.33 0.57
    7 R    -8   9  -7  -8 -10  -5  -6  -9  -6  -9  -9  -4  -8  -9  -8  -7  -7  -9  -8  -9    0 100   0   0   0   0   0   0   0   0   0   0   0   0   0   0   0   0   0   0  3.48 1.21
    8 H    -8  -7  -6  -8 -10  -6  -7  -9  12 -10 -10  -7  -8  -8  -9  -8  -9  -9  -5 -10    0   0   0   0   0   0   0   0 100   0   0   0   0   0   0   0   0   0   0   0  4.66 1.45
    9 G    -3  -6  -6  -7  -5  -8  -8   8  -8 -10 -10  -7  -9  -9  -8  -6  -6  -9  -9  -9    2   0   0   0   0   0   0  97   0   0   0   0   0   0   0   0   0   0   0   0  2.92 1.06
   10 E    -3  -2  -4  -4  -6   6   7  -7  -3  -5  -6  -3  -5  -9  -7  -4  -4  -8  -6  -4    3   2   1   0   0  27  61   0   0   1   1   1   0   0   0   1   1   0   0   1  1.93 0.87
   11 T    -5  -7  -5  -7  -7  -7  -7  -8  -8  -7  -7  -7  -7  -8  -7  -2   8  -9  -8  -5    0   0   0   0   0   0   0   0   0   0   0   0   0   0   0   3  96   0   0   0  3.03 1.19
   12 E     0  -3  -2   6  -7   0   5  -4  -3  -2  -3  -2  -4  -6  -3  -2  -2  -7  -5  -2    9   1   1  36   0   4  32   1   0   2   2   2   0   0   1   2   2   0   0   4  1.02 0.53
   13 W    -5 -10  -8  -9  -6  -7 -10  -5  -3  -9  -4  -8  -4  -2 -11  -6  -9  13   0  -8    1   0   0   0   0   0   0   1   1   0   2   0   1   1   0   1   0  89   2   0  4.67 1.51
   14 S    -5  -6   9  -5  -8  -6  -6  -6  -4  -9  -9  -6  -8  -9  -8   2  -2 -10  -8  -7    1   0  82   0   0   0   0   0   0   0   0   0   0   0   0  13   2   0   0   0  2.79 1.08
   15 L     2   4  -2  -3  -4  -1  -1  -4  -1   0   1   2  -2  -4  -5  -1  -1  -5  -3   2   18  23   1   1   0   2   4   1   2   5  13  10   0   0   0   3   3   0   1  13  0.39 0.28
   16 S     2  -2  -2   1  -5   3   4  -3  -3  -3  -1   0  -2  -5  -5   1   0  -4  -4  -2   14   2   2   7   0  13  29   2   0   2   5   4   1   0   0   9   6   0   0   2  0.51 0.36
   17 G    -3   3  -1  -2  -5  -1  -2   6   2  -7  -4   1  -3  -3  -4  -2  -5  -3  -4  -7    1  16   3   2   0   3   3  50   4   0   2   9   1   1   1   2   0   0   0   0  1.02 0.50
   18 R    -5   8  -5  -7  -4   1  -5  -8  -5  -3  -2   2  -4  -6  -7  -5  -5  -4  -6  -3    1  71   0   0   1   5   0   0   0   2   4  12   0   0   0   0   0   0   0   2  2.04 0.84
   19 H    -3  -5  -5  -7  -2  -5  -6  -6   5   3   1  -6   3   4  -7  -5  -4   4   5   0    2   0   0   0   1   0   0   0  14  16  14   0   6  15   0   0   1   6  18   6  1.01 0.47
   20 T    -4  -1  -4  -6   2   8  -4  -5  -6  -6  -5  -4  -1  -9  -7  -4   2  -5  -5  -6    1   3   0   0   4  72   0   1   0   1   1   0   1   0   0   1  14   0   0   1  2.26 0.99
   21 A    -5  -8  -6  -7  -9  -8  -8   8  -8 -10 -10  -7  -9  -9  -8  -2  -7  -9  -9  -9    1   0   0   0   0   0   0  97   0   0   0   0   0   0   0   3   0   0   0   0  2.93 1.07
   22 T    -2   4  -3  -5  -4   4  -3  -5   6  -3  -3  -2  -3  -1  -6   1  -1   5  -3  -2    3  23   1   0   0  19   1   0  21   1   3   2   1   2   0   9   4   6   1   3  0.95 0.51
   23 T     0  -1  -3  -5  -2  -1  -1  -3  -3  -1   0   0   0  -5  -5   2   5  -3  -5  -2    8   3   0   0   1   3   3   2   1   3   9   5   2   0   0  16  40   0   0   3  0.67 0.44
   24 D    -6  -6   0   9 -10  -5  -3  -6  -7  -9 -10  -7  -9 -10  -5  -6  -7 -10  -9  -9    0   0   4  93   0   0   1   0   0   0   0   0   0   0   1   0   0   0   0   0  3.07 1.12
   25 L    -4  -5  -4  -6  -4  -4  -5  -7  -5   6   1  -6  -1  -4  -1   1   0  -7  -4   4    1   1   1   0   0   1   0   0   0  44   9   0   1   0   3  10   5   0   0  22  1.06 0.50
   26 P    -2  -5  -4  -1  -6  -5   1  -3  -4  -8  -7  -5  -6  -8   8  -2  -6  -9  -8  -7    4   1   1   3   0   0   9   2   0   0   0   0   0   0  74   3   0   0   0   0  2.31 0.95
   27 L    -7  -8  -9 -10  -7  -8  -9 -10  -9  -3   7  -8  -2  -5  -9  -8  -7  -7  -7  -4    0   0   0   0   0   0   0   0   0   1  98   0   1   0   0   0   0   0   0   0  2.58 0.98
   28 T    -4  -6   7   0  -4  -5  -5  -5  -4  -6  -5  -6  -7  -8  -7   2   4  -8  -7  -7    1   0  50   4   0   0   0   0   0   0   1   0   0   0   0  15  27   0   0   0  1.75 0.79
   29 D     2  -3  -2   3  -7   0   5  -3  -3  -6  -6  -1  -5  -7   1  -2  -3  -7  -6  -4   16   1   1  18   0   4  42   2   0   0   0   3   0   0   8   2   2   0   0   1  1.02 0.55
   30 N     0   3   1  -2  -1   0   1  -4   0  -1   0   1  -1  -3  -3  -2   3  -4  -3   0    7  16   8   2   1   3  11   0   3   4   8   8   1   1   0   2  19   0   1   6  0.27 0.23
   31 G    -5  -8  -6  -7  -9  -5  -8   8  -8 -10 -10  -8  -9  -9  -8  -5  -8  -9  -9  -9    0   0   0   0   0   0   0  99   0   0   0   0   0   0   0   1   0   0   0   0  3.03 1.09
   32 R    -3   6  -5  -5  -6  -1   2  -6   0   3   0   0  -1  -4  -6  -5  -4  -2  -2   0    2  41   0   0   0   3  13   0   2  14   9   5   2   1   0   0   0   1   1   6  0.90 0.48
   33 R     2   4  -2  -1  -3   3   3  -3   0  -3  -2   1  -1  -5  -5  -1  -2  -2  -3  -3   21  19   2   3   0  11  18   2   2   1   4   8   1   0   0   3   2   1   1   1  0.49 0.34
   34 Q    -3  -3  -4  -2  -9   9   0  -4  -3  -7  -4  -4  -4  -9  -7  -5  -5  -8  -6  -6    2   1   1   2   0  84   4   1   0   0   2   0   1   0   0   0   0   0   0   0  2.66 1.10
   35 A     7  -7  -7  -8  -4  -7  -6  -4  -7  -4  -6  -7  -5  -8  -7  -3  -5  -8  -8  -2   93   0   0   0   0   0   0   1   0   1   0   0   0   0   0   1   0   0   0   3  2.43 1.00
   36 E     1   5  -3  -2  -4   1   3  -2   0  -3  -2   2  -2  -4  -5  -2  -2  -5  -2  -2   13  28   1   2   0   7  20   2   2   1   3  10   1   1   0   2   2   0   1   2  0.61 0.37
   37 R     3   3  -3  -1  -1   1   1  -2  -2  -2   0   1  -1  -4  -4  -1  -2  -1  -3  -3   31  15   1   3   1   6  10   2   1   2   8   8   2   0   0   4   2   1   0   1  0.38 0.29
   38 M     3  -6  -5  -7   1  -4  -6  -6  -5   0   5  -6   0  -4  -6  -4   0  -3  -5   2   21   0   0   0   2   1   0   0   0   3  51   0   2   0   0   1   7   0   0  12  1.00 0.51
   39 R     6   1  -5  -6  -4  -3  -6   4  -2  -5  -5  -2  -4  -6  -5  -1  -4  -3  -6  -4   55   8   0   0   0   1   0  25   1   0   1   2   0   0   0   4   0   0   0   1  1.26 0.62
   40 P     1   3  -1   1  -1   2   4  -2  -1  -4  -2   1  -3  -4   1  -1  -2  -6  -5  -3   12  14   2   8   1   8  24   3   1   1   4   8   0   1   7   3   1   0   0   1  0.41 0.29
   41 V     2   6  -3  -5  -3  -1  -2  -2   0  -3   0   0  -2   0  -5  -2  -2   1   1  -1   15  38   1   0   0   3   2   4   3   2   9   5   1   4   0   3   2   2   5   4  0.61 0.37
   42 L    -4  -7  -8  -9  -4  -7  -8  -9  -4   0   6  -8   1   1  -8  -7  -6  -2  -4  -2    1   0   0   0   0   0   0   0   0   4  82   0   3   6   0   0   0   1   0   2  1.91 0.77
   43 A     4   3  -2  -3  -4   0   0  -2  -1  -3  -4   3  -2  -6  -3   1  -2  -6  -4  -2   35  15   1   1   0   4   5   2   2   2   1  15   1   0   1   9   2   0   0   3  0.57 0.37
   44 G     0   1   1   2  -3   0   0   4   1  -5  -5   0  -4  -5  -1   1  -1  -6  -4  -4    8   7   6  13   1   4   6  29   3   0   1   5   0   0   3   9   3   0   1   1  0.45 0.28
   45 R    -1   1  -3  -2  -2   0   3  -3   1   2   0  -1   0  -1  -3  -2   0   2   0   1    6   9   0   1   1   3  21   2   3  11  11   2   2   3   1   2   5   3   3  12  0.21 0.20
   46 T    -1   2   0   0  -4   1   0   0   2  -5  -5   1  -4  -5   4   0   0  -6  -4  -3    6  13   5   6   0   5   7   8   6   0   1   8   0   0  20   8   5   0   0   1  0.44 0.28
   47 F    -3  -6  -6  -6  -5  -7  -6  -6  -4   4   0  -6  -2   6   1  -6  -5   5  -1   1    2   0   0   0   0   0   0   1   0  25  10   0   0  35   9   0   0   7   1   9  1.24 0.55
   48 A     2  -2  -2   6  -5  -1   0  -2   2  -6  -6  -2  -4  -7  -3   1   1  -7  -6  -2   14   2   2  43   0   3   6   2   4   0   0   2   0   0   1   9   8   0   0   3  0.90 0.48
   49 L     4   2  -4  -5  -1  -2  -3  -3   2  -1   0   0  -2  -3  -4  -2  -1  -2  -2   1   42  11   1   0   1   1   1   2   5   3  10   5   1   1   0   2   4   1   1   9  0.54 0.36
   50 V    -1  -7  -8  -6   0  -7  -7  -8  -6   6   0  -7  -2  -2  -7  -5  -4  -7  -5   5    6   0   0   0   2   0   0   0   0  41   8   0   1   2   0   0   1   0   0  39  1.51 0.63
   51 L    -5  -5  -8  -8  -3  -6  -7  -8  -3   1   1  -7  -4   3  -8  -6  -5   4   8   2    1   1   0   0   1   0   0   0   1   8  11   0   0  10   0   0   0   5  49  14  1.71 0.71
   52 V     2  -5  -5  -6   3  -5  -5  -5  -5  -5  -6  -5  -6  -6  -6   6   3  -8  -5  -1   18   0   0   0   6   0   0   0   0   0   0   0   0   0   0  49  20   0   0   5  1.33 0.69
   53 S    -4  -7  -6  -6  -7  -6  -6  -5  -7  -9  -9  -6  -8  -9  -6   8  -4  -9  -8  -8    0   0   0   0   0   0   0   0   0   0   0   0   0   0   0  98   1   0   0   0  2.87 1.18
   54 P    -6  -6  -4   6  -9  -6  -5  -6  -4  -9  -9  -5  -8  -9   7  -3  -3 -10  -9  -8    0   0   1  37   0   0   0   1   1   0   0   1   0   0  56   2   2   0   0   0  2.33 0.95
   55 L    -5   0  -8  -9  -7  -4  -8  -9  -8  -3   7  -6   1  -5  -8  -2  -5  -7  -4  -4    1   5   0   0   0   1   0   0   0   0  86   0   3   0   0   3   1   0   0   0  1.97 0.81
   56 R    -1   2  -2  -2  -1   3  -1   0  -2  -1  -1   2   0  -5  -2   2  -1  -4  -4  -1    5  11   1   2   1  13   3   8   1   5   7  14   3   0   1  17   3   0   0   5  0.25 0.23
   57 R    -7   9  -6  -8  -9  -5  -5  -8  -6  -9  -8  -4  -7  -9  -8  -7  -7  -9  -8  -8    0  98   0   0   0   0   1   0   0   0   0   0   0   0   0   0   0   0   0   0  3.37 1.20
   58 A     7  -7  -7  -7  -1  -6  -6  -5  -7  -7  -7  -6  -6  -8  -5  -3   0  -8  -7  -4   88   0   0   0   1   0   0   0   0   0   0   0   0   0   0   2   7   0   0   1  2.26 0.94
   59 R     0   5  -3  -4  -4   1  -3  -5   1  -1   1   1   1   0  -5  -2  -2   1   2   1    8  29   0   0   0   5   1   0   3   3  12   8   4   3   0   3   2   2   8   8  0.46 0.31
   60 E    -1   2  -3   2  -6   4   5  -5   1  -4  -5   1  -3  -6  -5  -3  -2  -7  -5  -3    5  11   1   9   0  16  39   1   3   1   1   7   1   0   0   1   3   0   0   2  0.91 0.49
   61 T    -4  -7  -6  -7  -4  -7  -7  -7  -7  -7  -7  -7  -7  -6  -5  -3   8  -8  -7  -6    1   0   0   0   0   0   0   0   0   0   0   0   0   0   1   2  95   0   0   0  2.92 1.15
   62 C     7  -6  -7  -7   3  -6  -6  -2  -7  -6  -6  -6  -3  -5  -6  -2  -4  -8  -7  -4   86   0   0   0   5   0   0   2   0   0   1   0   1   0   0   2   0   0   0   1  2.15 0.90
   63 D     1   2  -2   0  -4   3   5  -2  -1  -5  -5   0  -3  -6  -5  -1  -3  -6  -4  -5   10  12   2   4   0  12  43   3   1   1   1   5   1   0   0   3   1   0   0   1  0.89 0.49
   64 L     1  -2  -6  -6  -2  -4  -3  -6  -4   6   3  -4  -1  -2  -1  -5  -2  -6  -2  -1   13   2   0   0   1   1   2   0   0  41  25   1   1   1   4   0   3   0   1   3  0.87 0.44
   65 M     2  -3  -7  -7  -3  -5  -6  -6  -7   6   2  -6   0  -5  -6  -5  -4  -6  -5   2   18   1   0   0   1   0   0   0   0  47  16   0   1   0   0   1   0   0   0  13  1.23 0.54
   66 V     5  -1  -3  -5   0  -4  -5   1  -2  -2   2  -3  -1   0  -5  -2  -1  -6  -3  -1   43   4   1   0   2   0   0  12   1   2  18   1   1   4   0   2   4   0   1   4  0.61 0.38
   67 G     1  -1   1   1  -3   0   0   5  -1  -5  -2   0  -4  -2  -4  -1  -4  -6  -3  -5   10   3   5   8   1   4   6  43   1   1   5   5   0   2   1   4   0   0   1   0  0.65 0.36
   68 P     1  -1  -3   0  -1  -1   0  -2   0   0   2   0  -1  -2   2  -1  -1  -4  -2   0   11   3   1   4   1   2   8   3   3   5  24   5   1   1  12   4   3   0   1   7  0.16 0.16
   69 E    -1   2  -1   1  -5   0   2  -2   4  -4  -2   0  -4  -5   4  -1  -2  -6  -5  -2    4  10   2   8   0   3  14   3  11   1   4   5   0   0  23   4   3   0   0   3  0.56 0.34
   70 T     0  -3  -3  -2  -2  -2  -4  -1  -2   3   1  -3  -1  -2   2  -3  -2  -4  -2   4    9   1   1   3   1   2   1   5   1  20  11   1   1   2  11   2   2   0   1  26  0.42 0.27
   71 I    -2   1  -3  -3  -2   2   2  -5  -1   4   0  -2   0  -3  -5  -3   0  -5  -2   2    3   8   1   1   1   8  13   0   2  25   8   2   2   1   0   1   7   0   1  15  0.41 0.28
   72 A     0  -1  -3  -3  -3  -2   1  -4  -3   2   0  -1  -2  -1   2  -2   3  -5  -3   3    7   3   1   1   0   2   8   1   1  11   9   4   1   2  12   2  17   0   1  19  0.33 0.25
   73 D    -4  -2  -2   6  -2  -3   2  -5   1  -3  -1  -3   1  -4  -5  -3   0   2  -3   0    1   2   1  48   1   0  11   0   3   2   7   1   3   1   0   2   6   2   1   7  0.98 0.50
   74 G     0  -2  -1   3  -6  -1   3  -2  -2  -4  -5  -1  -5  -6   5   0  -2  -7  -6  -3    8   2   2  17   0   2  20   3   1   1   1   4   0   0  30   6   2   0   0   2  0.82 0.45
   75 N     0   5   0   4  -5  -2   1   1  -3  -6  -3  -2  -4  -5  -5  -2  -3  -7  -5  -5   10  35   4  20   0   1  10  11   0   0   4   1   0   0   0   2   1   0   0   0  0.85 0.47
   76 L    -5  -8  -9  -9  -7  -8  -8  -9  -8  -1   7  -8  -1   2  -8  -8  -6   0  -6  -2    1   0   0   0   0   0   0   0   0   3  84   0   1   8   0   0   0   1   0   2  2.04 0.81
   77 M     0   6  -3  -5  -3  -1  -3  -5  -2   1  -3   1   2  -6  -6  -3  -1  -4  -4   0    7  49   1   0   1   2   1   1   1   9   2   8   5   0   0   1   3   0   1   7  1.02 0.52
   78 E    -7  -6  -6  -1 -10  -4   8  -8  -6 -10  -9  -5  -8 -10  -7  -5  -7  -9  -8  -9    0   0   0   3   0   0  97   0   0   0   0   0   0   0   0   1   0   0   0   0  3.04 1.18
   79 W    -3   4  -6  -7  -1  -1  -5  -6  -4   4   0  -3   4  -1  -7  -4  -2   7  -3   1    2  25   0   0   2   3   0   0   0  23   8   1  10   2   0   1   2  13   1   8  0.99 0.49
   80 N    -1  -2   4   5   2  -4  -2   1   5  -7  -7  -4  -4  -5  -6   2  -4  -4  -1  -7    4   2  21  30   4   0   1   9  11   0   0   1   0   1   0  13   1   0   2   0  0.98 0.51
   81 Y    -4  -6  -6  -8  -1  -3  -7  -5   1  -3   0  -6   1   7  -8  -6  -6   0   6  -1    2   0   0   0   1   1   0   1   3   1  10   0   3  45   0   0   0   1  27   4  1.69 0.69
   82 G    -5  -8  -6  -6  -9  -8  -8   8  -8 -10 -10  -8  -9  -9  -8  -5  -8  -9  -9  -9    0   0   0   0   0   0   0  99   0   0   0   0   0   0   0   0   0   0   0   0  3.04 1.10
   83 E     1   0  -2   3  -2   0   3  -3  -1   0  -1   0  -2  -3  -1   0  -2  -4  -4   0   11   5   1  17   1   4  21   2   1   7   6   4   1   1   3   7   2   0   0   6  0.27 0.22
   84 Y     0  -5  -7  -8  -3  -7  -7  -4  -5  -2   0  -8  -4   3  -9  -7  -6  11   5  -4    7   1   0   0   1   0   0   1   0   2   9   0   0  11   0   0   0  49  15   2  2.43 0.92
   85 E    -5  -6  -4  -2  -9   2   8  -7  -4  -9  -9  -5  -8  -9  -7  -2  -4  -9  -8  -7    1   0   1   2   0   9  82   0   0   0   0   0   0   0   0   4   1   0   0   0  2.37 0.99
   86 G    -5  -7  -5  -6  -9  -7  -7   8  -8 -10  -8  -7  -9  -9  -8  -4  -6  -9  -9  -9    0   0   0   0   0   0   0  97   0   0   0   0   0   0   0   1   0   0   0   0  2.90 1.05
   87 L    -4   2  -6  -7  -2  -1  -4  -6  -2   0   5   1   5  -3  -6  -5  -2  -5  -4  -1    1   9   0   0   1   3   1   0   1   4  53   9  12   1   0   0   2   0   0   3  1.01 0.50
   88 T    -3  -1  -2  -3  -3  -4  -4  -6  -2  -4  -1  -3  -4  -5  -3   1   7  -7  -5  -2    2   4   2   2   1   1   1   0   1   1   8   2   0   0   2   9  64   0   0   2  1.40 0.70
   89 P     0   2  -2  -2  -1  -1  -1  -2   1   0   0  -1  -1   1   1  -1   1   3   3   0    7  11   1   2   1   2   4   3   4   4   7   3   1   7   6   5  10   4  12   6  0.14 0.14
   90 Q     2  -1  -2   3  -4   2   4  -3  -1  -4  -4   0  -4  -5   0   0  -1  -5  -4  -3   19   3   1  15   0   8  23   1   2   1   1   6   0   0   5   8   4   0   0   2  0.50 0.34
   91 R    -5  -2  -5   2  -7   3   7  -5  -4  -6  -6  -3  -5  -7  -7  -5  -4  -8  -6  -7    1   2   0   9   0  11  72   1   0   1   1   1   0   0   0   0   1   0   0   0  1.96 0.87
   92 K     0   1  -5  -5  -3  -5  -2  -6  -5   6   0  -3   1  -3  -4  -4  -4  -5  -4   3    8   8   0   1   0   0   3   0   0  46   7   2   3   1   1   1   0   0   0  18  1.01 0.48
   93 R     0   5  -1  -2  -3   2   2  -2  -1  -3  -3   2   0  -5  -4  -2  -2  -3  -4  -3    8  32   3   2   1   8  15   3   1   1   2  14   2   0   0   2   2   0   1   2  0.66 0.39
   94 W     3   0  -2  -1  -6   1   4  -4  -2  -4  -3   0  -3  -1  -5  -2  -1   6   0  -2   23   5   2   2   0   5  28   1   1   1   2   6   0   2   0   3   4  10   3   2  0.62 0.39
   95 R    -1   6  -1  -3  -5   3   0  -4  -2  -5  -2   2  -2  -4   1  -2  -2  -3  -4  -4    4  38   3   1   0  11   7   1   1   0   5  13   1   1   7   2   2   0   0   1  0.80 0.45
   96 L    -3  -3  -3   2  -4  -2   0  -4   2  -1   0  -2  -3   5  -4  -4  -4   5   6  -2    2   2   1  11   0   2   5   1   4   3   8   2   1  20   1   1   1   8  25   3  0.85 0.43
   97 T    -1  -6  -4  -4  -7  -5   0  -1  -1  -6  -5  -3  -3  -1   8  -3  -3   1  -3  -6    5   0   1   1   0   0   7   6   2   0   1   1   1   3  64   2   2   2   1   0  1.74 0.77
   98 R    -3   2  -2   5  -4   0   2  -2   1  -4  -4   1  -3  -1  -2  -3  -4   4   1  -5    2  13   1  30   0   4  14   3   4   1   2   8   1   3   2   1   0   6   5   0  0.66 0.37
   99 R     0   3  -1   1  -6   2   4  -2   2  -4  -4   1  -4  -3   1  -2  -2   1  -4  -4    8  19   2   6   0   8  28   3   4   1   2   7   0   1   6   2   2   2   0   1  0.53 0.32
  100 S     2   0   1   1  -2   0   0  -1   1  -1   0  -1  -2   0  -3   0  -1   3   2  -1   18   4   8  10   0   5   6   3   4   2   9   3   0   3   0   4   4   4   8   3  0.13 0.13
  101 F    -3  -3  -5  -4  -6  -3  -2  -5  -1  -3  -2  -3  -5   5  -7  -5  -4  10   5  -3    3   2   0   1   0   1   3   1   2   2   3   2   0  23   0   1   1  36  18   2  1.86 0.66
  102 R    -1   6  -1  -3  -6   2  -1  -5   1  -4  -1   1  -2  -1   1  -3  -3  -1  -3  -4    6  48   3   1   0   9   4   0   3   1   5   6   1   4   7   1   0   1   0   0  0.86 0.42
  103 A     3  -3  -1  -3  -2  -4  -1  -1  -2  -3  -4  -2  -3  -2  -4   1   0   9   0  -1   30   1   4   1   1   0   5   5   1   1   0   2   0   2   0  11   5  26   3   4  0.90 0.41
  104 R    -5   7  -4  -5  -7   2  -3  -2  -1  -6  -4   2  -5  -4  -5  -3  -3   2  -5  -6    0  71   0   0   0   8   0   3   1   0   1  11   0   1   0   1   1   2   0   0  1.68 0.58
  105 T    -2  -3  -2  -3  -3  -2  -3  -3  -3  -3  -4  -2  -3  -4  -3   4   6  -5  -4  -2    0   0   0   0   0   0   0   0   0   0   0   0   0   0   0  29  71   0   0   0  1.24 0.36

                      K         Lambda
Standard Ungapped    0.1357     0.3225
Standard Gapped      0.0639     0.2670
PSI Ungapped         0.2088     0.3182
PSI Gapped           0.0639     0.2670
