
Last position-specific scoring matrix computed, weighted observed percentages rounded down, information per position, and relative weight of gapless real matches to pseudocounts
            A   R   N   D   C   Q   E   G   H   I   L   K   M   F   P   S   T   W   Y   V   A   R   N   D   C   Q   E   G   H   I   L   K   M   F   P   S   T   W   Y   V
    1 M    -5  -6  -7  -8  -6  -5  -7  -7  -6  -3   4  -6  10  -4  -7  -6  -5  -6  -5  -3    0   0   0   0   0   0   0   0   0   0  35   0  65   0   0   0   0   0   0   0  2.51 0.84
    2 G     1   2  -3  -3  -4  -3  -3   5  -4  -6  -6   0  -5  -7   2   0  -2  -6  -6  -5   11  12   0   1   0   1   1  50   0   0   0   4   0   0   9   6   2   0   0   0  1.02 0.50
    3 V    -4  -7  -7  -8  -4  -6  -7  -8  -5   7   1  -7  -1  -4  -5  -6  -3  -7  -5   5    1   0   0   0   0   0   0   0   0  51  13   0   1   0   1   0   1   0   0  32  1.63 0.65
    4 G    -2   1  -4  -3  -6   0  -1   6  -2  -7  -3   0  -5  -4  -6  -1  -4  -1  -4  -5    3   9   0   1   0   4   4  59   1   0   4   5   0   1   0   5   1   1   1   0  1.15 0.54
    5 L    -6  -7  -8  -8  -6  -7  -8  -8  -8   4   6  -7  -1  -1  -7  -7  -5  -6  -6   0    0   0   0   0   0   0   0   0   0  23  69   0   1   2   0   0   0   0   0   5  1.72 0.70
    6 I    -4  -6  -7  -7   3  -5  -7  -5  -4   4  -1  -5   4   2  -7  -6  -5  -4   7   1    1   0   0   0   6   0   0   1   0  26   5   0   9   8   0   0   0   0  33  11  1.35 0.60
    7 A     0   2  -2  -5  -2  -1  -4   5   3  -4   2  -4  -3  -3  -1  -3  -2  -3  -4  -3    7  11   2   0   1   3   0  40   8   1  18   0   1   1   3   1   2   0   0   1  0.70 0.41
    8 D    -8  -7  -4   9  -9  -6   0  -7  -7  -9 -10  -6  -9  -9  -7  -6  -7 -10  -9  -9    0   0   0  96   0   0   4   0   0   0   0   0   0   0   0   0   0   0   0   0  3.20 1.16
    9 L    -4  -6  -7  -8  -6  -3  -6  -8  -7   3   6  -7   4   0  -7  -6  -5  -6  -3   1    1   0   0   0   0   1   0   0   0  13  64   0   8   3   0   0   0   0   1   8  1.43 0.62
   10 A     5  -7  -7  -7  -7  -6  -6  -5  -7  -7  -7  -6  -7  -8   7  -2  -5  -8  -8  -6   49   0   0   0   0   0   0   1   0   0   0   0   0   0  48   2   0   0   0   0  2.15 0.93
   11 V    -2  -7  -7  -7  -5  -6  -4  -7  -7   5   1  -6   0   1  -3  -6  -4  -6  -5   5    3   0   0   0   0   0   1   0   0  31  12   0   2   7   1   0   0   0   0  43  1.28 0.57
   12 G    -2  -7  -5  -7  -5  -6  -7   6  -5  -7  -4  -6   0   4  -7  -2  -6  -5   5  -6    4   0   0   0   0   0   0  58   0   0   1   0   2  14   0   2   0   0  18   0  1.68 0.73
   13 V     1  -6  -5  -6   2  -6  -3  -5  -7   0  -2  -6  -1  -2   0  -1   0  -7  -5   6   10   0   0   0   4   0   2   0   0   4   3   0   2   2   4   5   6   0   0  57  1.09 0.56
   14 D     4  -2   1   4  -4  -3  -3  -2   6  -3  -6  -4  -4  -6  -3   2  -2  -7  -5  -3   32   2   5  21   0   0   1   3  17   1   0   0   0   0   1  13   1   0   0   2  0.87 0.50
   15 P     0   2  -3  -3   0  -2  -1   0   4  -5  -1  -2  -1  -2   5   0  -3  -3   2  -4    7  12   0   1   2   1   4   8  11   0   6   2   1   1  28   6   1   0   7   1  0.58 0.37
   16 A     0  -3   0   6  -2  -2   0   2   2  -6  -5  -4  -5  -4  -6  -1  -3  -4   1  -6    7   1   3  47   1   1   6  14   5   0   1   1   0   1   0   4   2   0   4   0  1.01 0.52
   17 G    -4  -7  -5  -6  -5  -6  -6   6  -7  -8  -8  -6  -7  -8  -7   5  -4  -8  -8  -8    1   0   0   0   0   0   0  57   0   0   0   0   0   0   0  41   1   0   0   0  2.00 0.88
   18 S     6  -6  -4  -6  -1  -5  -5  -3  -4  -4  -5  -5  -4   1  -4   3  -3  -4   2  -1   54   0   0   0   1   0   0   2   0   1   0   0   0   6   0  21   1   0   7   4  1.18 0.63
   19 Q    -2  -6  -4   7  -9  -1   4  -7   0  -8  -8  -5  -6  -7  -7  -4  -6  -9  -6  -7    3   0   0  64   0   2  27   0   2   0   0   0   0   0   0   1   0   0   0   0  2.08 0.88
   20 T     3  -5  -4  -6   0  -5  -5  -4  -3  -1  -3  -5  -3  -2  -4  -1   3  -7  -4   5   24   0   1   0   2   0   0   1   1   2   2   0   0   2   1   4  17   0   0  44  0.97 0.54
   21 W    -5  -4  -7  -9  -6  -3  -6  -8  -4  -8  -6  -6  -8  -4 -10  -5  -6  13  -4  -7    1   1   0   0   0   2   1   0   0   0   1   1   0   0   0   1   1  90   0   0  4.68 1.54
   22 A     4   2  -3  -4   0   0  -3  -1  -3  -3  -3  -3   0  -4  -5   3   0  -2  -2  -2   40   9   1   1   2   4   1   4   1   1   2   1   2   1   0  23   4   1   1   2  0.68 0.45
   23 Q    -1   2   4   1  -3   1   1  -3   6  -5  -2  -2  -2   0  -5  -2  -3   2   2  -5    4  12  20   9   1   6   8   1  17   0   5   1   1   3   0   2   1   3   6   0  0.63 0.38
   24 P    -2   4  -4  -5  -8   5  -3  -2  -3  -7  -6  -2  -6  -6   6  -3  -4  -8  -7  -7    4  24   1   0   0  25   1   3   0   0   0   2   0   0  37   2   1   0   0   0  1.47 0.72
   25 D    -1  -1  -1   5  -5   1   4   0   2  -6  -6  -1  -4  -5   0   0  -1  -3  -4  -5    6   4   2  27   0   7  24   8   6   0   0   3   0   0   4   5   3   0   0   0  0.67 0.40
   26 A     0  -2  -2  -2  -1  -1  -1  -5  -2   0   4  -4   0   0  -5  -1  -2  -1   0   1    9   2   2   3   1   4   4   0   1   4  46   0   1   3   0   4   1   1   4   9  0.47 0.31
   27 M    -6  -7  -7  -8  -5  -6  -7  -8   1  -1   1  -7   0   8  -8  -6  -4  -2   4  -2    0   0   0   0   0   0   0   0   3   3  11   0   3  61   0   0   1   0  14   3  2.00 0.78
   28 L     3  -1  -2  -1   3   1  -1  -3  -1  -1   1   0   0  -3  -4  -1  -2  -3  -2   1   31   3   1   3   7   6   3   0   2   2  15   6   2   1   0   4   1   0   1  11  0.32 0.27
   29 G    -1   2  -2  -2  -4   0  -1  -3   2  -1   3  -1   0  -1   0  -1   0  -3  -3  -1    4  10   1   2   0   5   3   2   6   2  37   2   2   2   6   6   6   0   0   4  0.29 0.25
   30 G    -2  -2   0   5  -6  -1   0   4  -1  -7  -7  -2  -6  -7  -5   0  -2  -7  -5  -5    2   2   4  35   0   2   6  35   2   0   0   2   0   0   0   7   3   0   0   1  1.06 0.52
   31 L     4  -2  -5  -4   0  -3  -1  -3  -4   0   0  -3   2   0  -3  -2  -2  -3  -2   3   36   2   0   1   2   0   4   1   0   5   8   1   5   4   1   2   2   0   1  24  0.54 0.36
   32 N    -1   2   0  -1  -2  -1  -1  -3   0  -3  -4  -3  -3  -5  -5   4   2  -6  -3   3    4  10   5   3   1   3   4   1   2   0   0   1   0   0   0  32  10   0   1  23  0.56 0.41
   33 V     4  -5  -6  -6  -2  -5  -5  -2  -6   3   1  -5  -1  -3  -5   0  -2  -6  -4   4   32   0   0   0   1   0   0   3   0  18  12   0   1   0   0   6   2   0   0  25  0.78 0.44
   34 G    -5  -8  -6  -7  -8  -7  -8   8  -8  -9  -9  -7  -8  -9  -8  -6  -7  -8  -9  -6    0   0   0   0   0   0   0  99   0   0   0   0   0   0   0   0   0   0   0   1  3.01 1.09
   35 A     6  -5  -5  -7   3  -6  -6  -5  -5  -1  -5  -6  -5  -5  -6  -2  -2  -7  -5   4   58   0   0   0   5   0   0   0   0   2   0   0   0   0   0   3   2   0   0  29  1.44 0.70
   36 A    -6  -8  -8  -7  -9  -7  -4  -8  -8  -9  -9  -6  -9 -10   9  -7  -6 -10  -9  -4    1   0   0   0   0   0   2   0   0   0   0   0   0   0  96   0   0   0   0   1  3.46 1.28
   37 P    -3  -8  -8  -8  -9  -7  -7  -5  -8  -9  -8  -7  -9 -10   9  -5  -7 -10  -9  -7    2   0   0   0   0   0   0   1   0   0   0   0   0   0  96   1   0   0   0   0  3.46 1.29
   38 D    -8  -7  -4   9  -9  -3  -3  -3  -7  -9 -10  -6  -9  -9  -7  -6  -6 -10  -9  -9    0   0   0  95   0   1   1   2   0   0   0   0   0   0   0   0   0   0   0   0  3.13 1.17
   39 L     2  -2  -3   1  -4  -1   1  -2  -1  -1  -1  -3   1  -1   3  -1  -2  -4   5  -2   18   2   1   7   0   3   9   3   1   3   5   0   4   2  13   4   2   0  22   2  0.43 0.33
   40 R    -5  -3  -7  -2  -7  -6  -7  -6  -4  -4   1  -7  -1   8  -8  -4  -2   1   2  -3    1   2   0   3   0   0   0   0   0   0  13   0   1  65   0   1   3   2   6   2  1.93 0.78
   41 H     1  -1   5  -4  -1  -3  -5  -1   0  -6  -6  -4  -1   2  -6   5  -1  -4  -4  -5    9   4  24   0   1   1   0   4   2   0   0   0   1  10   0  40   2   0   0   0  0.98 0.57
   42 P     2  -1  -4  -1  -5   1   2  -5  -4  -5  -2  -1  -3  -6   5  -1   0  -5  -6  -3   18   4   0   4   0   6  14   0   0   0   5   4   1   0  31   4   7   0   0   2  0.71 0.44
   43 G     0   0   0   2  -5   3   1  -1   0  -4   0   0  -1  -4  -4  -1   4  -5  -5  -3    6   5   4  10   0  14   8   4   2   0   9   6   1   0   0   4  25   0   0   1  0.39 0.32
   44 G    -5  -6  -6  -7  -8  -7  -8   8   0 -10  -9  -7  -8  -9  -8  -6  -7  -8  -9  -9    0   0   0   0   0   0   0  97   2   0   0   0   0   0   0   0   0   0   0   0  2.92 1.09
   45 Q    -7   0  -6  -2  -9   9  -4  -8  -6  -9  -8  -5  -7  -9  -7  -6  -7  -8  -8  -8    0   4   0   2   0  94   0   0   0   0   0   0   0   0   0   0   0   0   0   0  3.29 1.32
   46 D    -3   2   4   4  -1  -3  -3  -4  -1  -4   2  -1  -3  -5  -5  -1  -2  -4  -4  -2    2  11  21  27   1   0   1   1   1   1  21   3   0   0   0   4   2   0   0   3  0.71 0.44
   47 W    -9  -5 -10  -4  -9  -8  -5  -9  -9  -9  -8  -9  -8  -2 -10  -9  -4  13  -4  -9    0   1   0   1   0   0   1   0   0   0   0   0   0   2   0   0   1  93   0   0  4.96 1.64
   48 R    -3  -2   0  -4  -3  -4  -5   7  -2  -7  -7  -5  -4  -8  -4  -1  -3  -7  -7  -7    2   2   5   1   1   1   1  79   1   0   0   0   0   0   1   4   2   0   0   0  1.93 0.82
   49 L    -4  -5   5  -5  -3   0  -5  -5   0   0   4  -5   0   3  -3  -3  -2  -5  -3  -1    1   0  29   0   0   4   0   0   2   4  36   0   2  11   1   2   2   0   0   4  0.87 0.50
   50 T     2  -5  -6  -7  -5  -4  -6  -4  -2  -6  -5  -6  -4  -8   8  -3   0  -8  -6  -3   15   1   0   0   0   1   0   1   1   0   1   0   0   0  69   2   6   0   0   2  2.11 0.92
   51 A     0  -6  -6  -6  -3  -4  -6  -3   0  -1   2  -6  -3  -6   7  -4  -2  -7  -6   1    8   0   0   0   1   1   0   2   3   3  21   0   1   0  46   1   3   0   0  11  1.23 0.62
   52 C    -5  -6  -7  -7  -5  -4  -7  -7  -3  -2   2  -6   1   4   1  -6  -5   5   7  -2    0   0   0   0   0   1   0   0   0   2  17   0   4  17   8   0   0   7  39   3  1.48 0.68
   53 S    -3   3   4   4  -4  -1  -3  -5   4  -1  -3  -1  -5  -4  -6   1  -4  -7  -5  -4    2  17  22  23   0   2   1   0  11   5   3   2   0   1   0   9   1   0   0   1  0.85 0.49
   54 P    -7  -6  -9  -8  -9  -7  -8  -7  -6  -9  -7  -8  -6  -6   7  -6  -6  10  -6  -7    0   0   0   0   0   0   0   0   0   0   0   0   0   0  55   1   0  41   0   0  3.29 1.26
   55 A    -1   1  -1   4  -4   1   3  -3   2  -1  -2   0  -3  -3  -1  -1  -2   1  -2   0    6   8   2  21   0   5  20   2   5   3   4   5   0   1   3   3   2   2   1   6  0.34 0.26
   56 T     3   4  -2  -4  -4   0  -1  -1  -2  -3  -4   1  -2  -5  -4  -2  -1  -5   0   1   30  22   1   0   0   4   5   5   1   1   1   9   1   0   0   2   4   0   4  10  0.52 0.37
   57 L    -3  -6  -6  -6  -3  -5  -5  -5   5   1   5  -6   6  -4  -6  -4  -5  -5  -4  -2    2   0   0   0   0   0   1   1  13   6  53   0  19   0   0   2   0   0   0   1  1.41 0.66
   58 A     2   5  -4  -3  -5   2   1  -4  -2  -4  -4   3  -3  -6  -5  -3  -2  -4  -4  -3   20  33   0   1   0  10  10   1   1   1   1  15   1   0   0   1   2   0   0   2  0.85 0.50
   59 T     3   2  -1   1  -4   2   4  -4  -1  -6  -4   1  -4  -6  -4  -1  -3  -6  -5  -4   26  13   2   6   0   9  26   1   1   0   1   9   0   0   1   4   1   0   0   0  0.69 0.44
   60 Q     0   1   1   3  -4   2   1  -2   1  -5  -4  -2  -5  -5  -5   1   3  -6  -2  -4    9   7   6  19   0   9  10   3   3   0   1   1   0   0   0  11  19   0   1   1  0.50 0.36
   61 G     0   0   1   2  -2  -2  -3   6   1  -7  -7  -3  -4  -7  -6  -2  -5  -7  -7  -6    8   5   5  10   1   2   2  59   3   0   0   2   0   0   0   2   0   0   0   0  1.27 0.61
   62 Y    -7  -8  -6  -6  -4  -7  -8  -6   1  -6  -4  -8  -3   6  -7  -7  -7   0   9  -7    0   0   0   0   1   0   0   1   3   0   2   0   1  31   0   0   0   1  60   0  2.70 1.05
   63 A     3   4  -3   0  -5   2   1   0  -1  -4  -3   0  -3  -5  -5   0  -2  -6  -5  -3   27  20   1   6   0  10  11   6   2   1   2   4   1   0   0   7   2   0   0   1  0.52 0.38
   64 A    -1  -6  -7  -5  -7  -5  -6  -4   2  -6  -1  -6  -5  -2   5  -4  -4  10   3  -5    5   0   0   1   0   1   0   1   5   0   6   0   0   1  27   1   1  40   8   1  2.09 0.89
   65 Y    -7  -8  -9  -9  -5  -8  -8  -8  -5  -5   0  -8  -2   7  -7  -8  -6  10   2  -3    0   0   0   0   0   0   0   0   0   1  10   0   1  39   0   0   0  40   5   2  2.69 1.01
   66 I    -1   4  -5  -5  -3  -2  -5  -6  -4   6   0  -1  -1  -4  -6  -4  -1  -6  -5   2    6  24   0   0   1   2   0   0   0  40   7   4   2   0   0   1   3   0   0  11  0.95 0.50
   67 D     2   2  -1   3  -3   2   3  -3  -1  -6  -4   1  -3  -6  -5   0  -3  -4  -5  -5   20  12   2  16   0  10  21   1   1   0   2   7   0   0   0   5   1   0   0   0  0.61 0.41
   68 M    -2   6  -4  -4   2  -4  -4  -6  -5  -1   2  -3   5  -4  -6  -2   1  -6  -4  -1    4  41   0   1   4   0   1   0   0   2  17   0  14   0   0   3   7   0   1   4  1.00 0.56
   69 L    -3  -6  -6  -7  -2  -6  -7  -5  -7   4   5  -6   3   2  -7  -5  -4  -4  -2   2    2   0   0   0   1   0   0   1   0  20  50   0   6   7   0   0   0   0   1  11  1.17 0.55
   70 R     1   7  -3  -2  -5   0   0  -2  -1  -7  -6   1  -6  -6  -6  -1  -3  -5  -6  -6   10  59   1   3   0   4   5   3   1   0   1   6   0   0   0   4   2   0   0   0  1.40 0.68
   71 R     4   3   0  -4  -3  -1  -3  -2   5  -5  -4   0  -4  -1  -5   1   0   0  -1  -3   32  14   4   0   1   2   1   2  16   0   1   5   0   2   0  10   5   1   2   1  0.65 0.43
   72 A     2  -4   5  -3  -1   1  -3  -2   3  -2  -1  -4   1  -6  -5   0   1  -5  -5   0   18   0  31   0   2   7   1   3   7   2   5   0   3   0   0   7   7   0   0   6  0.64 0.43
   73 L    -1  -3  -7  -8   0  -4  -7  -4  -5  -2   4  -5   8   3  -7  -3  -3  -6  -4  -3    4   1   0   0   2   1   0   2   0   1  35   0  38  11   0   2   1   0   0   1  1.51 0.71
   74 A     1   6  -2  -1  -1   2   1  -2  -1  -5  -4   1  -4  -6  -3  -1  -2  -6  -4  -4   13  39   2   4   1   8  10   3   2   1   1   7   0   0   1   5   3   0   0   1  0.78 0.46
   75 S    -2   0  -2  -3  -3  -1  -2  -2   7  -2   2  -4   1   0  -4  -2  -3   1   3  -2    3   5   2   1   1   3   2   4  29   1  23   0   4   4   1   2   2   2   9   2  0.77 0.44
   76 A     4  -5  -5  -5   4  -5  -6   0  -4  -4  -4  -5  -3   4  -5  -1  -2  -4   4   1   37   0   0   1   7   0   0   7   0   0   1   0   0  18   0   3   3   0  14   8  0.93 0.53
   77 G    -3  -1  -3   6  -8  -4  -4   6   0  -8  -8  -4  -7  -8  -7  -2  -5  -8  -8  -8    2   4   1  38   0   1   0  48   2   0   0   1   0   0   0   3   0   0   0   0  1.65 0.75
   78 G     4  -3  -5  -5  -2  -4  -3   2  -4   2   1  -4   2  -3  -5  -3  -3  -1  -1   1   34   1   0   0   1   0   1  15   0  12  15   0   4   1   0   1   0   1   2  11  0.59 0.39
   79 V    -4  -7  -6  -8  -4  -6  -7  -8  -7   3   5  -7   0   0  -7  -6  -3  -6  -2   4    1   0   0   0   0   0   0   0   0  14  49   0   1   3   0   0   1   0   1  29  1.29 0.60
   80 R    -8   9  -6  -8  -2  -5  -6  -8  -1  -9  -5  -4  -7  -9  -8  -7  -7  -9  -8  -9    0  96   0   0   1   0   0   0   1   0   1   0   0   0   0   0   0   0   0   0  3.23 1.25
   81 I    -6  -8  -8  -8  -6  -8  -8  -9  -8   7   3  -8   0  -1  -8  -7  -6  -4  -6   1    0   0   0   0   0   0   0   0   0  65  23   0   2   2   0   0   0   0   0   9  1.94 0.79
   82 D    -8  -8  -5   9 -10  -6  -3  -4  -2  -9 -10  -7  -9  -9  -8  -6  -7 -10  -3  -9    0   0   0  96   0   0   1   1   1   0   0   0   0   0   0   0   0   0   1   0  3.18 1.22
   83 H    -8  -2  -6  -8 -10  -6  -7  -9  11 -10  -9  -7  -8  -8  -4  -4  -8  -9  -5 -10    0   2   0   0   0   0   0   0  95   0   0   0   0   0   1   1   0   0   0   0  4.29 1.48
   84 V     1  -7  -7  -8  -4  -7  -4  -7  -7   2  -2  -7  -3   6  -3  -6  -5  -5  -3   5   10   0   0   0   0   0   1   0   0   9   4   0   0  36   1   0   0   0   0  37  1.41 0.66
   85 L    -2   5  -6  -7  -7  -5  -6  -7  -6   0   1  -5   8  -3  -3  -6  -4  -7  -6   0    3  33   0   0   0   0   0   0   0   4  14   0  37   1   2   0   1   0   0   5  1.61 0.76
   86 G     1  -3  -5  -6  -4  -1  -7   7  -7  -8  -8  -6  -4  -8  -7  -1  -5  -1  -8  -8   12   2   0   0   0   3   0  77   0   0   0   0   1   0   0   4   0   1   0   0  2.00 0.85
   87 L    -6  -7  -8  -9  -7  -6  -8  -8  -7  -2   5  -8   1   7  -8  -7  -6  -1  -1  -3    0   0   0   0   0   0   0   0   0   2  55   0   3  36   0   0   0   1   2   1  1.85 0.78
   88 A     1  -1  -2  -1  -2   1   2  -4   4  -2  -1  -3   3   3  -5  -1  -2   1   2  -1   12   3   2   4   1   5  15   0  10   1   5   1  10  14   0   4   2   2   6   5  0.34 0.28
   89 R     2   7  -4  -4  -7  -1  -2  -3   1  -7  -7  -3  -6  -7  -6   0  -3  -7  -6  -6   17  62   1   1   0   3   2   2   3   0   0   1   0   0   0   7   1   0   0   0  1.64 0.77
   90 L    -1  -3  -5  -6   1   1  -4  -5  -3  -1   4  -5   0   1  -6  -3  -1  -3   5  -2    5   1   0   0   3   6   1   1   0   2  44   0   2   5   0   2   4   0  23   2  0.91 0.50
   91 W    -8  -8  -9 -10  -8  -8  -9  -9  -7  -7  -6  -9  -7   6  -9  -8  -8  11   5  -8    0   0   0   0   0   0   0   0   0   0   0   0   0  26   0   0   0  54  19   0  3.45 1.23
   92 V     1  -4  -7  -5   2  -3   2  -6  -1  -3  -1  -5  -2  -3  -7   0  -4  11  -2  -1   12   1   0   0   4   1  15   0   1   2   6   0   1   1   0   6   1  43   1   4  1.75 0.78
   93 I    -4  -3  -6  -8   2  -7  -7  -8  -7   7  -2  -6   0  -3  -7  -5  -4  -1  -6   5    1   2   0   0   3   0   0   0   0  50   3   0   2   1   0   1   0   1   0  35  1.65 0.70
   94 P    -2  -5  -6  -3  -8  -4  -5  -6  -6  -6  -5  -5  -7  -5   9  -5  -4  -9  -8  -5    4   1   0   1   0   1   1   0   0   0   1   0   0   1  86   1   1   0   0   1  2.83 1.13
   95 E     3   1  -2   2  -5   1   3  -1   0  -4  -4   0  -3  -3   0  -1  -2  -3   0  -3   22   8   1  13   0   6  19   4   2   0   2   5   0   1   5   4   2   0   4   1  0.38 0.30
   96 G    -1  -3   1   2  -4  -2   1   6   0  -7  -7  -4  -4  -6  -4  -1  -2  -5  -6  -5    4   1   5  11   0   2   8  55   2   0   0   1   0   0   1   5   3   0   0   1  1.13 0.56
   97 A     3   0  -1  -1  -2   0   2   1  -1  -4  -1   0   1   0  -1   0  -1  -5  -2  -3   25   5   2   2   1   3  16  12   1   0   5   7   4   4   3   5   4   0   1   1  0.23 0.23
   98 S     0  -1   0   2  -5  -1   0   0  -2  -4  -4   0  -4  -6   3   2   4  -6  -5  -3    6   4   4  11   0   2   7   6   1   0   1   7   0   0  13  15  23   0   0   1  0.47 0.35
   99 P     6  -4  -5  -3  -5  -3  -5  -1  -3  -6  -5  -3  -6  -6   5  -1  -1  -7  -6  -4   55   1   0   1   0   1   0   5   1   0   1   1   0   0  23   5   4   0   0   1  1.31 0.67
  100 D     2   2  -1   1  -1   0   0  -1  -1   0  -2   1   0  -3  -1   0   1  -3  -2   0   17  12   1   8   1   2   7   5   2   6   3   7   2   0   3   7   7   0   1   7  0.11 0.13
  101 Q    -1   1   3   3  -3   1   3  -1   2  -4  -4   0  -4  -1  -2  -1  -2  -5  -3  -2    6   7  15  18   0   6  20   4   4   1   1   4   0   3   2   3   2   0   1   2  0.44 0.30
  102 G    -4  -6  -6  -6  -6  -7  -6   8  -5  -6  -9  -7  -8  -3  -6  -5  -6  -8  -8  -7    1   1   0   0   0   0   1  94   0   1   0   0   0   1   0   0   0   0   0   0  2.69 1.05
  103 A     4   1  -3  -3   1   0  -1   1   1  -2  -3  -1  -4  -5  -3  -1   2  -3  -3   1   33   9   0   1   3   4   5   8   3   1   1   4   0   0   1   4  12   0   1  10  0.38 0.31
  104 Y    -7  -6  -6  -9  -8  -5  -6  -5  -3  -7  -7  -8  -7   1  -3  -8  -7  10   9  -7    0   0   0   0   0   0   1   1   1   0   0   0   0   4   2   0   0  33  56   0  3.09 1.17
  105 L    -3   0  -6  -4  -3  -1  -2  -6  -3   1   1  -2   0  -3  -6  -6  -3   0  -3   6    2   6   0   1   1   3   4   0   1   7  11   2   2   1   0   0   1   1   1  58  1.10 0.57
  106 A     0   4  -1   0  -5   0   0  -3   3  -5  -4   2  -3  -3   2   0  -1   1   2  -4    7  23   2   5   0   4   6   1   7   0   1  12   1   1  12   6   3   2   7   0  0.46 0.33
  107 F     0  -3  -3  -4  -2   0  -2   3  -2  -5  -5  -5   0   0  -3  -2  -2  -4   8  -2    9   1   1   1   1   4   2  20   1   0   0   0   3   4   2   3   2   0  43   3  1.16 0.61
  108 P    -4  -2  -2   1  -5  -5  -3  -5  -1  -8  -6  -3  -8  -6   8  -4  -6  -4  -3  -6    2   3   2   7   0   0   2   1   1   0   1   1   0   0  76   1   0   0   1   0  2.34 1.00
  109 V     2  -1  -3  -4  -5  -2  -3   4   1  -2   0  -3   0   3  -2  -1  -3  -2  -1   0   16   3   0   1   0   2   1  31   3   2  10   1   2  13   2   3   1   1   1   6  0.43 0.30
  110 E     0   2  -1   4  -5   2   4  -2   0  -2  -3   0   0  -5  -1  -2  -3  -4  -2  -4    9   9   3  20   0   7  27   2   2   2   2   4   3   0   3   3   1   0   2   1  0.53 0.36
  111 D     2  -1  -3   5  -6  -2   4  -2   0  -5  -5  -1  -5  -6  -3  -1  -2  -7  -4  -3   20   3   1  30   0   1  27   3   2   1   1   3   0   0   1   3   2   0   1   1  0.85 0.49
  112 L    -4  -5  -5  -7  -5  -3  -4  -6  -4  -2   5  -5   5   4  -6  -6  -5  -1  -2  -2    1   1   0   0   0   1   1   1   0   2  58   0  15  14   0   0   0   1   1   2  1.37 0.64
  113 L    -3  -5  -5  -7  -5  -4  -5  -5  -4   0   4  -6   2   6  -5  -5  -4  -1   2  -1    2   0   1   0   0   1   1   1   0   4  44   0   5  28   1   0   1   1   6   4  1.14 0.54
  114 R     3   3   0   1  -5   0   1   3  -1  -5  -4   0  -4  -2  -4  -1  -2  -5  -5  -4   29  14   4   8   0   3   8  19   1   0   2   4   0   2   0   3   1   0   0   0  0.51 0.35
  115 L     0  -1  -3  -2  -2  -1  -1  -3  -1   4   1  -2   0   0  -3  -2   0  -3  -2   2    8   4   1   2   1   3   4   1   2  28  14   2   1   3   1   3   5   0   1  16  0.33 0.20
  116 A    -1  -3  -3  -3  -2  -2  -2  -3  -3   2   4  -3   0  -2  -3  -2  -1  -3  -2   2    6   1   1   1   1   2   3   2   1  11  43   2   2   1   1   2   4   0   1  15  0.53 0.26
  117 A     5   0  -3  -4   2  -3  -3  -2  -4  -1  -2  -1   0  -3  -4   0   0  -5  -4  -1   55   5   1   1   4   1   1   2   0   3   5   3   2   1   1   5   5   0   0   4  0.79 0.43
  118 L    -1  -1  -4  -4  -3  -3  -1  -5  -4   3   5  -4   1  -3  -5  -4  -4  -3  -3   0    5   4   1   1   0   1   5   1   0  13  56   1   3   0   0   1   1   0   1   5  0.88 0.45
  119 E    -1   1  -3  -2  -4   1   7  -4  -1  -4  -4   0  -3  -2  -5  -3  -3  -6  -3  -3    6   7   1   1   0   4  60   2   2   1   2   5   1   2   0   2   1   0   1   2  1.22 0.64
  120 A     2   0  -2  -2  -3  -1   0  -3  -2  -2  -4   0  -4  -2  -4   5  -2  -6  -3  -3   19   5   2   2   0   2   5   2   1   2   2   5   0   2   0  46   2   0   1   2  0.75 0.48
  121 W     2   2  -1  -2  -1   3   0  -2   6  -4  -3  -1  -3  -2  -4  -1  -1   3  -1  -1   15  10   2   2   1  16   7   2  19   1   3   3   0   2   1   3   3   4   2   5  0.50 0.33
  122 R    -2   6  -3  -4  -3  -2  -1  -2  -2  -2   2  -2  -2   1  -5  -2  -4  -1  -4  -2    3  48   1   1   1   2   3   3   1   2  19   1   1   7   0   3   0   1   0   3  0.93 0.50
  123 H     2  -2   3  -3  -2   0  -2   3   5  -5  -3  -3  -3  -3   1  -1  -2  -3  -2  -4   17   2  13   1   1   5   2  23  16   0   2   1   1   1   7   3   2   0   1   1  0.60 0.37
  124 R    -3   4   2   1  -2   2   1   2   2  -6  -5   1  -4  -5   0  -1  -2  -5  -4  -5    2  20   8   9   1  11   8  18   4   0   1   8   0   0   4   4   1   0   0   0  0.50 0.33
  125 A     3  -4  -5  -5   8  -4  -5  -3  -5  -1   2  -4   0  -2  -4  -2   1  -6  -4   0   21   1   0   0  29   1   0   2   0   3  22   1   2   2   1   2   8   0   0   5  0.96 0.49
  126 V     0  -1  -2  -3  -2  -2  -2  -4  -4   1   2  -3   3  -3   4  -2  -2  -4  -3   2    7   4   3   1   1   2   2   1   0   7  16   1   8   1  24   2   2   0   1  16  0.49 0.31
  127 L    -4  -7  -7  -7  -5  -6  -7  -7  -7   5   2  -7   0   1  -4  -6  -5  -3  -5   6    1   0   0   0   0   0   0   0   0  27  14   0   2   6   1   0   0   0   0  47  1.41 0.63
  128 I    -4  -7  -8  -8  -6  -7  -7  -8  -8   7  -1  -7   1  -3  -7  -7  -5  -4  -6   5    1   0   0   0   0   0   0   0   0  57   3   0   3   1   0   0   0   0   0  33  1.93 0.78
  129 G     5  -7  -6  -6  -4  -6  -6   6  -7  -6  -7  -6  -6  -7  -5  -4  -6  -7  -7  -4   44   0   0   0   0   0   0  53   0   0   0   0   0   0   0   0   0   0   0   1  1.86 0.83
  130 E    -6  -3  -6   0  -9  -4   8  -8  -6  -9  -8  -5  -8  -9  -7  -6  -6  -8  -8  -8    0   1   0   4   0   0  93   0   0   0   0   0   0   0   0   0   0   0   0   0  2.82 1.16
  131 N    -5  -7   1   8  -5  -6  -2  -5  -6  -8  -9  -6  -8  -9  -7  -5  -6  -9  -8  -8    1   0   6  88   0   0   3   1   0   0   0   0   0   0   0   0   0   0   0   0  2.78 1.09
  132 L    -6  -3  -7  -8  -6  -4  -7  -8  -7  -2   7  -7  -1  -5  -7  -7  -3  -6  -6  -4    0   1   0   0   0   1   0   0   0   1  92   0   1   0   0   0   1   0   0   1  2.18 0.89
  133 G    -4  -8  -6  -7  -8  -7  -7   8  -1  -9  -9  -7  -8  -8  -7  -6  -7  -8  -8  -8    1   0   0   0   0   0   0  96   1   0   0   0   0   0   0   0   0   0   0   0  2.85 1.08
  134 T    -3  -5  -1  -1   0  -4  -1  -5  -2   2  -1  -5  -1   0  -2  -3   5  -6  -2   3    2   0   3   3   2   0   4   0   1   9   6   0   1   4   2   1  43   0   2  17  0.77 0.48
  135 V    -3  -5  -6  -7  -5  -6  -6  -7  -6   5   0  -5   0  -3  -6  -5  -4  -6  -4   6    2   1   0   0   0   0   0   0   0  29   9   1   2   1   0   1   0   0   0  52  1.46 0.63
  136 P    -2  -6  -5  -1  -7  -4   0  -5  -5  -7  -7  -5  -5  -5   7  -2   5  -8  -7  -5    3   0   0   3   0   1   7   1   0   0   0   0   0   0  48   3  33   0   0   0  1.70 0.83
  137 R    -1  -1  -2   4  -7  -1   3  -3  -1  -6  -7  -2  -5  -7   6  -3  -3  -4  -6  -4    6   4   1  21   0   2  17   2   1   0   0   2   0   0  39   1   1   0   0   1  1.19 0.62
  138 D     0  -2  -2   3  -4  -1   4   3   0  -5  -5  -3  -5  -1  -3  -1  -3   2   0  -4    7   2   1  15   0   2  28  23   2   0   1   1   0   3   1   4   1   3   3   1  0.66 0.42
  139 F    -3  -7  -6  -8  -3  -7  -7  -8  -7   2   0  -7   1   5  -7  -6  -1  -6  -4   6    2   0   0   0   1   0   0   0   0   8   7   0   3  19   0   0   3   0   0  57  1.54 0.70
  140 N    -3   6  -1  -1  -5   0   1  -4   0  -1  -3   0  -4  -3  -4  -3  -1  -4  -2   0    2  50   3   3   0   4   7   1   2   3   2   4   0   1   1   1   5   0   1   6  0.94 0.52
  141 A     2   1  -3   2  -6   2   4  -3   1  -5  -4   0  -5  -6  -2  -1  -2  -4  -5  -4   20   8   0  13   0   8  29   2   4   0   2   5   0   0   2   3   3   0   0   1  0.64 0.43
  142 R     2   1  -3  -3  -2   0  -1  -3  -1  -1   3  -1   0  -2  -4   0   0  -2   0   0   16   9   1   1   1   4   4   2   1   2  34   4   2   1   0   6   6   0   3   4  0.28 0.25
  143 L    -5   4  -7  -8  -7  -4  -7  -8  -7  -1   5  -3   6  -3  -7  -6  -5  -7  -6  -3    1  22   0   0   0   0   0   0   0   3  49   2  21   1   0   0   0   0   0   1  1.52 0.72
  144 R     3   2  -1   3  -4   2   2  -3   0  -4  -4   1  -1  -5  -3  -1  -1  -4  -3  -3   24  13   2  16   0   8  12   1   2   1   2   8   2   0   1   4   3   0   1   2  0.44 0.33
  145 A     2   4  -2   3  -5   2   3  -2   1  -6  -5   1  -4  -6  -3  -1  -3  -6  -3  -5   16  23   1  13   0   8  18   2   3   0   1   6   0   0   1   5   1   0   1   0  0.66 0.42
  146 H     1   2  -1  -4   0  -3  -3  -4   4  -2   0  -1  -2   4  -5   0   0   1   2  -3   13  12   3   0   2   1   1   1  12   2   9   3   1  18   0   8   5   2   7   1  0.42 0.31
  147 G    -1   0   2   0  -5   0  -2   6   0  -8  -8  -1  -7  -6  -6  -3  -5  -7  -6  -7    4   5   9   5   0   4   3  62   2   0   0   4   0   0   0   1   0   0   0   0  1.37 0.65
  148 V    -3  -6  -7  -7  -3  -6  -7  -7  -6   5   3  -6   3   3  -7  -5  -4  -1   1   3    2   0   0   0   0   0   0   0   0  28  29   0   6  12   0   0   0   1   4  17  1.08 0.51
  149 L    -3  -3  -5  -6  -2  -3  -6  -5  -1  -4   3  -5   1   1   6  -4  -5  -1   3  -4    3   1   1   0   1   1   0   1   2   0  32   0   3   7  38   1   0   1   8   0  1.20 0.62
  150 G    -2   0  -4  -5   0  -4  -5   6  -1  -8  -7  -5  -7  -8  -6   4  -4  -8  -7  -7    2   6   0   0   2   1   0  59   1   0   0   0   0   0   0  27   1   0   0   0  1.62 0.77
  151 M    -6  -6   0  -7   3  -2  -7  -8  -3  -2  -1  -6   9  -2  -7  -2   2  -1   6  -5    0   0   5   0   5   2   0   0   0   2   4   0  42   1   0   3  11   1  23   0  1.74 0.82
  152 D     0   6  -2  -2  -4  -1  -2  -4   0  -4  -5   4  -2  -2  -6   0  -3   1   1  -3    7  38   1   2   0   2   1   1   2   1   1  24   1   2   0   7   1   2   5   1  0.91 0.51
  153 V    -5  -7  -8  -8  -6  -3  -6  -8  -8   3   1  -7  -3  -2  -4  -5  -5  -7  -6   7    0   0   0   0   0   1   0   0   0  16  14   0   0   1   1   1   0   0   0  65  1.69 0.75
  154 L    -1  -6  -7  -8  -4  -5  -4  -4  -7  -2   6  -7   3   3  -7  -6  -4  -3  -4  -1    5   0   0   0   0   1   1   2   0   1  67   0   7  11   0   0   1   0   0   4  1.38 0.65
  155 W    -4   0  -6  -6  -4   6  -2  -6   0  -4  -1  -5   0   1  -1  -4  -5   7   5  -3    1   4   0   0   0  34   3   0   2   1   7   0   2   5   3   1   0  14  20   2  1.28 0.67
  156 L    -7  -3  -7  -6  -6  -8  -7  -6  -5  -5  -3  -8  -4   9  -4  -6  -4   4   2  -5    0   2   0   0   0   0   0   1   0   0   2   0   0  80   1   0   1   5   5   0  2.76 1.05
  157 Q     4  -4  -3  -3  -1   0   6   0  -3  -6  -6  -4  -3  -6  -5  -2  -3  -7  -6  -5   29   0   1   1   1   3  51   6   0   0   1   0   1   0   0   3   2   0   0   0  1.31 0.69
  158 R    -4   5  -3  -4  -3   0  -3  -4  -1  -3  -1   1  -2   6  -4  -4  -3  -2  -1  -4    1  31   1   1   1   5   1   1   1   2   7  10   1  32   1   1   1   1   2   1  1.01 0.51
  159 E    -1   0   0   5  -3   0   2   0   1  -4  -3  -2  -2  -3  -2   0   0  -1  -1  -3    6   4   4  34   0   3  12   7   4   1   3   2   1   1   2   5   6   1   2   2  0.50 0.27
  160 T     0  -1  -1   1  -2   0   1   2   1  -2  -2  -1  -2  -1   2   1  -1   4   0  -2    6   4   2   9   1   3  10  14   4   2   3   3   1   2  11   9   4   5   4   3  0.19 0.12
  161 G    -1   0   1   4  -2   0   1   1   0  -2  -2   0  -1  -2  -1   0  -1  -1  -2  -2    5   5   7  23   1   4   8  13   3   2   4   5   1   2   3   7   3   1   2   3  0.23 0.13
  162 P     0   0  -1   1  -1   0   1   1  -1  -1  -1   0  -1  -1   3   0   0  -1  -1  -1    8   5   3   8   1   5   9  11   2   3   6   4   2   3  14   6   4   1   2   4  0.13 0.06
  163 G     0   0   1   2  -1   0   1   2  -1  -1  -1   0  -1  -1   0   0   0  -1  -1  -1    8   6   5  11   1   3  12  15   1   3   5   4   1   2   4   7   4   1   2   4  0.11 0.06
  164 G     1   0   2   1  -1   0   0   2   0  -2  -1   0  -1  -1   0   0  -1  -2  -2  -1   10   4  10   8   1   4   5  19   2   2   6   4   1   3   5   6   3   1   1   3  0.13 0.07
  165 A     1  -1   0   1  -2   0   1   0   0  -2  -2   0  -1  -2   2   1  -1  -2  -2  -1   14   4   4   9   1   5  11   7   2   2   4   4   1   1  12  10   4   1   1   3  0.17 0.11
  166 G     0   0   0   2  -3  -1   0   4   2  -3  -2  -1  -2  -2   0   0  -1  -3  -2  -2    6   5   5  10   1   2   6  31   4   2   4   4   1   1   4   5   4   0   1   2  0.32 0.16
  167 R     0   2   3   0  -2   0   0   1   1  -2  -2  -1  -3  -3   1   1   0  -1  -2  -2    9  12  16   5   1   3   6   9   3   2   4   2   0   1   7  10   4   1   1   3  0.20 0.15
  168 F    -3  -2  -3  -3  -2  -3  -3  -3  -2  -1   0  -3   0   6   4  -3  -2  -1   3  -2    2   2   1   2   1   1   2   2   1   4   8   1   2  36  18   2   3   1   8   3  0.85 0.39
  169 R    -2   2  -2  -3  -3  -2  -3  -3   5   0   1   1  -1   1  -1  -2  -2  -2   4  -1    3  13   1   1   0   1   1   2  14   5  14  11   1   7   3   2   3   0  13   5  0.40 0.26
  170 P     1   1  -2   0  -5  -1  -2  -3   0  -3   2  -2  -2  -4   5  -1  -2  -4  -4  -3   14   7   2   5   0   2   2   2   3   1  23   2   1   0  27   5   2   0   0   2  0.56 0.36
  171 P    -1  -6  -6  -6  -5  -5  -5  -5  -2  -4  -3  -6  -7  -4   8  -4  -4  -5  -4  -6    5   1   0   0   0   0   1   1   1   1   3   0   0   1  79   1   1   0   1   1  2.50 1.05
  172 G     1   0   0   0  -4   2   2   0   7  -5  -5  -2  -5  -3  -3   1  -1  -2  -1  -4   13   4   3   6   0   7  15   7  23   1   1   2   0   1   1   8   3   1   2   1  0.61 0.38
  173 R     0   1   4   2  -4   1   2  -3   3  -5  -4  -1  -3  -2  -1  -1  -1  -2  -1  -4    9   9  22  13   0   6  12   1   7   0   2   3   1   2   2   4   4   1   2   1  0.49 0.33
  174 W    -4  -5  -6  -5  -2  -3  -5  -6   5  -1  -2  -5  -3   2  -3  -4  -4   7   8   0    1   1   0   1   1   1   1   0  11   4   4   0   0   7   2   1   1  13  44   6  1.66 0.73
  175 P    -2   2  -3   0  -4  -1   0  -3  -2  -3  -5  -1  -4  -6   6  -1   0  -7  -5  -1    4  11   1   5   0   3   6   3   1   2   1   4   0   0  44   4   6   0   0   5  1.00 0.55
  176 A     2   3  -2  -1  -3   0   2  -2   0  -4  -3   0  -2  -3   3  -1  -1  -4  -2  -2   15  18   1   3   0   4  16   3   3   1   2   6   1   1  14   5   3   0   1   3  0.40 0.30
  177 S    -1   1   5   2  -4   2   0  -1   2  -4   0  -1  -1  -3  -4  -2  -2  -2  -2  -4    4   9  26  12   0   9   6   5   5   1   9   3   2   1   0   2   2   0   1   1  0.47 0.33
  178 A     4  -4  -4  -4   6  -2  -5  -3  -5  -5  -5  -5  -4  -4  -6   4   2  -4  -3  -2   33   1   1   1  17   2   0   2   0   0   1   0   0   1   0  27  10   0   1   3  1.10 0.62
  179 V    -2  -7  -7  -8  -3  -5  -7  -8  -7   2   4  -7   3  -1  -7  -6  -4  -5  -5   5    4   0   0   0   1   0   0   0   0   8  33   0   7   2   0   0   1   0   0  43  1.33 0.64
  180 A     6  -7  -7  -7   1  -6  -6  -3  -7  -2  -2  -6   1  -3  -6  -2  -2  -4  -5   4   54   0   0   0   3   0   0   2   0   2   3   0   3   1   0   3   3   0   0  27  1.33 0.70
  181 M     0  -6  -5  -7   4  -5  -6  -4  -5  -4  -4  -6   4  -3  -7   2   3  -5   7  -1    9   0   0   0   8   0   0   1   0   1   1   0   8   1   0  17  16   0  33   4  1.23 0.68
  182 T    -1  -6  -5  -6  -3  -6  -6  -6  -4   1   1  -6  -3   0  -1  -1   5  -4  -5   3    4   0   0   0   1   0   0   0   0   8  15   0   0   4   3   4  37   0   0  21  0.91 0.54
  183 S     0  -5   3  -4  -4  -5  -5   5  -5  -7  -8  -6  -7  -3  -7   3   3  -8  -7  -7    6   0  13   1   0   0   0  43   0   0   0   0   0   1   0  18  17   0   0   0  1.24 0.67
  184 T    -4  -8   1  -4  -4  -7  -7  -8  -8  -7  -7  -7  -7  -9  -8  -2   8  -9  -8  -5    1   0   7   1   0   0   0   0   0   0   0   0   0   0   0   2  88   0   0   0  2.72 1.21
  185 H    -9  -4  -7  -8 -10  -5  -7  -9  12 -11 -10  -8  -9  -9  -2  -8  -9 -10  -5 -10    0   1   0   0   0   0   0   0  96   0   0   0   0   0   3   0   0   0   0   0  4.48 1.58
  186 D    -9  -8  -3   9 -10  -7  -5  -8  -8 -10 -11  -5 -10 -10  -8  -7  -8 -11 -10 -10    0   0   1  98   0   0   0   0   0   0   0   1   0   0   0   0   0   0   0   0  3.44 1.33
  187 L    -4  -3   6  -5  -5  -3  -6  -6   0  -3   4  -6   4  -4  -7  -3   2  -7  -5   0    1   1  31   0   0   1   0   0   2   1  34   0  11   1   0   1  11   0   0   5  1.11 0.61
  188 P     0  -6   2   4  -8  -2  -2  -7  -4  -7  -7  -6  -4  -6   7  -4  -5  -9  -6  -5    9   0   9  21   0   2   3   0   1   0   0   0   1   0  52   1   0   0   0   1  1.70 0.83
  189 T    -5  -6  -5  -7  -7  -6  -7  -8  -8  -7  -7  -7  -2  -8   4  -2   8  -9  -8  -5    0   0   0   0   0   0   0   0   0   0   0   0   1   0  19   3  75   0   0   0  2.39 1.10
  190 L    -1  -6  -6  -7  -4  -6  -6  -7  -6   1   4  -6  -1   4  -6  -3   3   1  -3   2    5   0   0   0   0   0   0   0   0   8  37   0   1  14   0   2  18   2   0  12  0.88 0.49
  191 R     4   3  -3  -4  -2   0  -3  -3  -3  -2   0   0   0  -4  -3  -1  -1  -4  -3   1   39  15   1   0   1   4   2   1   0   2   9   6   2   1   1   3   4   0   1   8  0.52 0.38
  192 G     1  -6  -5  -2  -5  -3  -5   7  -7  -7  -6  -6  -4  -8  -7  -1  -6  -8  -8  -5   11   0   0   3   0   1   1  75   0   0   1   0   1   0   0   4   0   0   0   1  1.94 0.85
  193 W    -7  -5 -10 -10  -9  -6  -9  -9  -3  -6  -4  -8  -5   5 -10  -7  -9  12   4  -5    0   1   0   0   0   0   0   0   1   0   2   0   0  19   0   0   0  61  13   1  3.50 1.29
  194 W    -5  -3  -9 -10  -3  -7  -7  -9  -6  -4   1  -7  -5   3  -9  -8  -7  12   3  -4    1   2   0   0   1   0   0   0   0   1  14   0   0  12   0   0   0  57  10   1  2.98 1.14
  195 Q     1   2   1   0  -4   3   3  -4   2  -4  -3   0  -3  -4  -4   1   1  -4  -4  -3   10  12   6   5   0  15  16   1   5   1   3   5   1   1   0   9   8   0   0   1  0.42 0.32
  196 A     1  -4  -2  -3   0  -2   1   6  -1  -6  -4  -2  -5  -4  -5   2  -2  -6  -3  -5   10   1   2   2   2   2   8  51   1   0   2   2   0   1   0  13   2   0   1   1  0.97 0.50
  197 R     0   3  -1   1  -2   0   1  -2   2  -1   1   0  -1  -2  -3   0   0  -2  -2  -1   10  16   2   8   1   4  11   3   6   2  14   3   1   1   1   8   6   0   1   4  0.15 0.15
  198 D    -5  -3  -3   8  -6  -2  -1  -5   3  -6  -6  -4  -6  -6  -2  -2  -3  -6  -5  -6    1   1   1  74   0   2   3   1   7   0   1   1   0   0   2   3   1   0   0   1  2.04 0.82
  199 L    -2  -3  -4  -3  -4  -4  -2  -3  -4   5   4  -3  -1  -2  -3  -4  -3  -4  -4   2    3   2   1   1   0   0   3   2   0  36  33   2   1   1   2   1   1   0   0  11  0.81 0.39
  200 D     1   1  -1   4  -3   1   4  -1   0  -4  -3   0  -3  -5  -2  -1  -1  -5  -3  -3   11   7   2  27   0   5  23   4   2   1   3   4   1   0   1   3   3   0   1   2  0.55 0.33
  201 W    -1  -1  -3   1  -3  -1   1  -3  -3  -1   3  -3  -1  -2  -3  -2  -1   6  -2   0    6   3   1   9   0   2  12   2   0   3  32   1   1   1   1   2   4  12   1   6  0.46 0.30
  202 C    -2   7  -3  -4  -2   1  -3  -1   0  -5  -1   1  -1  -1  -4  -2  -2   0  -1  -4    4  53   1   1   1   7   1   4   2   1   6   6   2   2   1   2   2   1   2   1  1.02 0.51
  203 V     1   2   0  -1  -2   1   1  -2   2   0   0   0  -1  -2  -1  -1  -1  -3  -1   0   13  13   4   3   1   6   9   2   5   6  12   5   1   2   2   4   3   0   2   7  0.09 0.11
  204 P     1   3  -1   2  -2   1   2  -1  -1  -4  -3   0  -3  -3   0   1   0  -3  -3  -3   10  16   2  10   1   7  14   4   1   0   2   6   0   1   5  11   6   0   1   1  0.29 0.23
  205 A     1  -2  -3  -2  -2  -2   0  -1  -2   0   4  -3  -1  -2   1  -2  -2  -4   0   0   14   2   1   2   1   2   6   4   1   5  41   1   1   1   7   3   2   0   3   4  0.34 0.26
  206 H    -2  -1  -1   1  -4   0   2   5   3  -5  -3  -2  -3  -3  -4  -2  -3  -5  -2  -4    3   4   3   8   0   4  13  45   6   0   3   3   0   1   1   2   1   0   1   1  0.76 0.42
  207 E    -1   1  -3   1  -4   2   2  -3  -1   0   2  -1   1  -2  -3  -1   0  -2  -2  -1    6   7   0   7   0  11  17   1   1   4  25   2   3   2   1   4   6   1   1   2  0.26 0.24
  208 A     1   0  -3  -3  -2  -2  -1  -3  -2   0   2  -2   0   1  -1  -1  -1   1   2   0   16   7   1   1   0   2   3   2   1   5  26   2   2   7   3   4   3   2   6   7  0.17 0.17
  209 D     0  -1  -1   5  -6   0   3  -1  -1  -4  -2  -2  -4  -5   1   0   0  -6  -4  -4    8   4   2  31   0   3  19   5   1   1   5   1   0   0   8   5   6   0   0   0  0.58 0.38
  210 A     3   1  -1   2  -3   1   2   0   0  -3  -2  -1  -3  -2  -1   0  -1  -5  -2  -3   24   7   2  12   0   7  15   5   2   1   3   2   0   2   2   7   4   0   1   2  0.29 0.25
  211 Q     3  -1  -3   2  -2   3   4  -3  -1  -4  -2  -2  -2  -4  -2   0  -1  -4  -3  -2   23   3   1   9   1  13  26   1   1   1   5   2   1   0   1   6   3   0   1   2  0.52 0.38
  212 R     1   4  -2  -1  -2   2   1  -4   1  -1   0  -1  -2  -2  -2  -1  -1  -1  -1  -2   12  27   1   3   1  11  11   1   3   3  10   3   0   1   2   3   4   1   2   2  0.36 0.29
  213 R     4   3  -2  -1  -4   1   1  -2  -1  -2  -1   0  -2  -4  -3  -1  -1  -4  -4  -1   34  14   1   4   0   6  11   2   1   2   6   6   1   0   1   2   3   0   0   5  0.39 0.31
  214 Q     1   1  -1   1  -4   3   3  -1   1  -3  -3   0  -2  -4  -2  -1  -1  -3   0  -2   13   9   3   8   0  14  23   4   3   1   2   4   1   0   1   4   3   0   4   3  0.35 0.28
  215 R    -1   8  -5  -3  -8   0  -1  -5  -1  -3  -3  -3  -4  -4  -6  -4  -3   2  -3  -5    5  70   0   2   0   4   4   1   1   1   4   0   0   1   0   1   1   2   1   1  1.73 0.79
  216 D     3   2  -2   2  -3   2   3  -3  -1  -3  -2  -1  -2  -5  -4  -1  -2   1  -4  -2   22  10   1  12   0   7  24   2   1   2   5   3   1   0   0   3   2   2   0   3  0.44 0.33
  217 Q     0   3   0  -2  -2   2   2  -1   3  -2  -2   1  -2  -1  -4  -1   0   1  -1  -3   10  21   3   2   1   9  12   4   7   2   4   7   1   3   0   4   5   2   2   1  0.28 0.23
  218 D     0  -3  -2   5  -3   1   4  -4   0  -1  -1  -3   0  -5  -4  -3  -2  -4  -5  -1    7   1   2  35   1   6  26   1   2   3   6   1   2   0   0   1   3   0   0   4  0.79 0.47
  219 R    -3   7  -2  -3   0   0  -2  -4  -1  -2  -4   3  -2  -3  -6  -4  -3  -7  -5  -2    2  56   1   1   2   3   2   2   2   3   2  16   1   1   0   0   1   0   0   4  1.30 0.63
  220 R     2   4  -1   0  -3   2   1  -2   1  -3  -2   0  -1  -4  -3  -1  -1   1  -3  -2   16  26   2   5   0   9  11   3   3   1   5   5   1   1   1   4   4   2   0   2  0.38 0.29
  221 A     4   3  -1  -1  -3   2   0  -1   0  -3  -1   0  -2  -4  -4  -1  -2  -4   1  -2   34  16   2   3   0   8   5   5   2   1   6   4   1   0   0   3   2   0   6   2  0.41 0.33
  222 L    -2  -2  -7  -6  -5  -5  -6  -6  -3   2   5  -5   4  -1  -7  -6  -3   0  -3   0    3   2   0   0   0   0   0   0   1  11  63   1   9   2   0   0   2   1   1   4  1.21 0.57
  223 W     0   0  -4  -3   0  -2  -3  -1  -4   1   4  -4   2  -3  -6  -4  -2   7  -3   1    8   5   1   1   2   2   1   5   0   7  37   0   4   0   0   0   2  15   0   8  0.68 0.39
  224 R     1   5  -1   1  -5   2   1  -3  -1  -4  -2   1  -3  -4  -4   0  -1  -4  -3  -3   12  30   3   7   0   8  10   2   1   0   4   9   0   0   0   7   4   0   1   2  0.49 0.33
  225 Q     4   0  -3  -3  -1   1   0  -2  -4  -3  -1  -1   0  -2  -4   0   0   3   0  -2   43   6   1   1   1   5   6   2   0   0   6   4   3   2   0   5   5   4   3   2  0.47 0.35
  226 A     1  -6  -5  -7  -3  -5  -5  -5  -6   0   5  -5   1   1  -6  -4  -4  -3  -3   1   12   0   0   0   0   0   0   1   0   4  63   0   3   5   0   1   0   0   1   9  1.09 0.52
  227 A     1   2  -1   0  -1   1   1   0   1  -1  -1   0  -1  -2  -1   0   0  -4   0   0   15  13   2   5   1   8  11   7   4   3   6   5   1   1   2   5   4   0   3   6  0.10 0.12
  228 P     1   4  -1   2  -4   2   2  -2   1  -3  -2  -1  -3  -4   0   0  -2  -3  -3  -2   12  25   1  11   0   8  12   2   3   1   5   2   0   0   6   6   1   0   1   3  0.37 0.27
  229 P     2   1   0   1  -5   2   4  -3   0  -5  -3  -1  -4  -4   0   0  -1  -5  -1  -3   16   7   5   8   0   8  33   1   2   0   2   2   0   0   4   5   3   0   2   2  0.49 0.32
  230 G    -2  -2  -1  -1  -6  -4   0   7  -2  -7  -7  -3  -6  -2  -5  -2  -5  -2  -6  -7    1   2   3   3   0   0   6  75   1   0   0   1   0   2   0   3   0   1   0   0  1.62 0.63
  231 L    -5  -6  -7  -7  -5  -6  -6  -7  -6   1   6  -6  -1   2  -6  -6  -5  -5  -4  -2    0   0   0   0   0   0   0   0   0   5  86   0   0   9   0   0   0   0   0   0  1.70 0.62

                      K         Lambda
Standard Ungapped    0.1379     0.3218
Standard Gapped      0.0456     0.2670
PSI Ungapped         0.1489     0.3173
PSI Gapped           0.0456     0.2670
