
Last position-specific scoring matrix computed, weighted observed percentages rounded down, information per position, and relative weight of gapless real matches to pseudocounts
            A   R   N   D   C   Q   E   G   H   I   L   K   M   F   P   S   T   W   Y   V   A   R   N   D   C   Q   E   G   H   I   L   K   M   F   P   S   T   W   Y   V
    1 M    -1  -2  -3  -3  -2  -1  -3  -3  -2   2   2  -2   6   0  -3  -2  -1  -2  -1   1    0   0   0   0   0   0   0   0   0  25   0   0  75   0   0   0   0   0   0   0  0.38 0.03
    2 P    -1  -1  -1  -1  -3   3   0  -2  -1  -3  -3   0  -2  -4   7  -1  -1  -3  -3  -3    0   0   0   0   0  29   0   0   0   0   0   0   0   0  71   0   0   0   0   0  1.37 0.02
    3 F    -2  -3  -3  -4  -2  -3  -3  -4  -2   2   1  -3   0   6  -4  -3  -2   0   2   0    0   0   0   0   0   0   0   0   0  21   0   0   0  79   0   0   0   0   0   0  0.61 0.02
    4 T     0  -2  -1  -2  -1  -1  -2   2  -2   1  -1  -1   0  -2  -2   0   3  -3  -2   2    0   0   0   0   0   0   0  21   0   0   0   0   0   0   0   0  46   0   0  33  0.23 0.01
    5 F    -2  -2  -2  -2  -2  -2  -2  -2  -1   0   0  -2   0   6  -2  -2  -2   1   3  -1    2   1   1   1   0   1   2   2   1   1   2   1   1  77   1   2   1   0   1   2  0.48 0.01
    6 Q    -1   0   3   0  -2   3   0  -1   5  -2  -2   0  -1  -2  -1   0  -1  -2   0  -2    2   1  21   1   0  24   2   2  34   1   2   1   1   1   1   2   1   0   1   2  0.33 0.01
    7 I    -1  -2  -2  -2  -1  -2  -2  -2  -2   3   2  -2   1   0  -2  -2  -1  -2  -1   2    2   1   1   1   0   1   2   2   1  58  22   1   1   1   1   2   1   0   1   2  0.19 0.01
    8 G     0  -1   2   0  -2  -1  -1   4  -1  -3  -2  -1  -2  -2  -1   0  -1  -2  -2  -2    2   1  21   1   0   1   2  58   1   1   2   1   1   1   1   2   1   0   1   2  0.49 0.01
    9 N    -2  -1   6   2  -3   0   0  -1   0  -4  -4   0  -2  -3  -2   0   0  -4  -2  -3    0   0  90  10   0   0   0   0   0   0   0   0   0   0   0   0   0   0   0   0  0.76 0.03
   10 H    -2  -1   0   3  -3   0   0  -2   6   0  -2  -1  -1  -2  -2  -1  -1  -3   1  -1    0   0   0  24   0   0   0   0  56  20   0   0   0   0   0   0   0   0   0   0  0.44 0.02
   11 S     0  -1   2   2  -1  -1   0  -1  -1   0  -2  -1  -1  -2  -1   3   1  -3  -2   1    0   0  10  20   0   0   0   0   0   0   0   0   0   0   0  47   0   0   0  24  0.22 0.01
   12 C    -1  -3  -3  -4   9  -3  -4  -3  -2  -1  -1  -3  -2   0  -3  -1  -1  -1   3  -1    0   0   0   0  80   0   0   0   0   0   0   0   0   0   0   0   0   0  20   0  1.03 0.03
   13 Q    -1   2   0  -1  -3   3   1  -2   5  -3  -3   2  -1  -2  -2  -1  -1  -3   0  -3    0  10   0   0   0  34   0   0  37   0   0  20   0   0   0   0   0   0   0   0  0.48 0.02
   14 I    -2  -3  -4  -3  -1  -3  -3  -4  -4   5   1  -3   1   0  -3  -3  -1  -3  -2   3    0   0   0   0   0   0   0   0   0 100   0   0   0   0   0   0   0   0   0   0  0.46 0.02
   15 S     1  -1   1   0  -1   0   0   0  -1  -3  -3   0  -2  -3  -1   4   1  -3  -2  -2    0   0   0   0   0   0   0   0   0   0   0   0   0   0   0 100   0   0   0   0  0.51 0.03
   16 E    -1   3   0   3  -4   1   4  -2   0  -3  -3   1  -2  -3  -2   0  -1  -3  -2  -3    0  24   0  20   0   0  56   0   0   0   0   0   0   0   0   0   0   0   0   0  0.56 0.02
   17 R     0   3   2   0  -3   1   2  -1   0  -3  -3   1  -2  -3  -2   2   0  -3  -2  -2    0  34  13   0   0   0  24   0   0   0   0   0   0   0   0  29   0   0   0   0  0.36 0.01
   18 Y    -2   2  -1  -2  -3   0  -1  -3   5  -1   1   0   0   1  -3  -1  -2   0   4  -1    0  24   0   0   0   0   0   0  29   0  20   0   0   0   0   0   0   0  28   0  0.33 0.01
   19 L    -1  -2  -3  -4  -1  -2  -3  -4  -3   1   4  -2   4   0  -3  -2  -1  -2  -1   1    0   0   0   0   0   0   0   0   0   0  76   0  24   0   0   0   0   0   0   0  0.43 0.02
   20 R    -1   6   0  -2  -3   1   0  -2  -1  -3  -3   2  -2  -3  -2   1  -1  -3  -2  -3    0  83   0   0   0   0   0   0   0   0   0   0   0   0   0  17   0   0   0   0  0.68 0.04
   21 D    -2  -2   2   5  -3   0   1  -2  -1  -2  -1  -1   3  -2  -2  -1  -1  -4  -3  -2    0   0  14  62   0   0   0   0   0   0   0   0  24   0   0   0   0   0   0   0  0.52 0.03
   22 I    -2  -3  -4  -4  -1  -3  -3  -4  -3   4   3  -3   1   0  -3  -3  -1  -3  -1   2    0   0   0   0   0   0   0   0   0  69  31   0   0   0   0   0   0   0   0   0  0.42 0.03
   23 I     1  -2  -3  -3  -1  -2  -2  -2  -3   3   2  -2   2  -1  -2  -1  -1  -2  -1   2   24   0   0   0   0   0   0   0   0  34  17   0  14   0   0   0   0   0   0  10  0.21 0.01
   24 D    -1  -1   1   5  -3   2   2   2  -1  -3  -4   0  -3  -4  -2   0  -1  -3  -3  -3    0   0   0  52   0  17   7  24   0   0   0   0   0   0   0   0   0   0   0   0  0.56 0.02
   25 N    -1  -1   5   3  -3   0   0   2   2  -4  -4  -1  -3  -3  -2   0  -1  -4  -2  -3    0   0  54  24   0   0   0  17   5   0   0   0   0   0   0   0   0   0   0   0  0.56 0.02
   26 K    -1   1   0   2  -3   3   2  -2  -1  -3  -3   4  -2  -3  -1   0  -1  -3  -2  -3    0   0   0  11   0  22  17   0   0   0   0  50   0   0   0   0   0   0   0   0  0.47 0.03
   27 R     2   3   0   1  -2   0   0  -1  -1  -3  -2   1  -2  -3  -1   2   0  -3  -2  -2   28  33   0  12   0   0   0   0   0   0   0   5   0   0   0  22   0   0   0   0  0.29 0.02
   28 E    -1  -1  -1   0  -3   1   4  -3   4   0  -1   0  -1  -2  -2  -1  -1  -3  -1   2    0   0   0   0   0   0  49   0  17   0   0   0   0   0   0   0   0   0   0  34  0.30 0.03
   29 H    -2  -2  -1  -3  -3  -1  -2  -3   5  -2  -1  -2  -1   4  -3  -2  -2   1   6  -2    0   0   0   0   0   0   0   0  29   0   0   0   0  17   0   0   0   0  54   0  0.73 0.04
   30 V    -1  -1  -1   1  -2   1  -1  -3   4   2   0  -1   0  -1  -2  -1  -1  -3  -1   2    0   0   0  11   0  12   0   0  22  15   0   0   0   0   0   0   0   0   0  40  0.17 0.02
   31 F    -3  -3  -3  -4  -3  -4  -4  -4  -2   0   0  -4   0   7  -4  -3  -3   1   3  -1    0   0   0   0   0   0   0   0   0   0   0   0   0 100   0   0   0   0   0   0  0.96 0.06
   32 S     1  -1   3   0  -1   0   0  -1  -1  -3  -3   0  -2  -3  -1   4   1  -3  -2  -2    0   0  22   0   0   0   0   0   0   0   0   0   0   0   0  78   0   0   0   0  0.49 0.04
   33 T     1   1  -1  -2  -1  -1  -1  -2  -2   1   0  -1   0  -2  -2   0   3  -3  -2   1   17  12   0   0   0   0   0   0   0  10  12   0   0   0   0   0  38   0   0  11  0.16 0.02
   34 C    -2   1  -3  -3   5  -2  -3  -3  -1  -2  -1  -1  -1   3  -3  -2  -2   7   3  -2    0  17   0   0  23   0   0   0   0   0   0   0   0  23   0   0   0  22  15   0  0.62 0.03
   35 E    -1   3  -1   1  -4   2   5  -2   0  -4  -3   1  -2  -3  -2  -1  -1  -3  -2  -3    0  22   0   0   0   0  78   0   0   0   0   0   0   0   0   0   0   0   0   0  0.69 0.04
   36 K    -1   3   0  -1  -3   1   0  -2  -1  -3  -3   5  -2  -3  -1  -1  -1  -3  -2  -3    0  20   0   0   0   0   0   0   0   0   0  80   0   0   0   0   0   0   0   0  0.61 0.04
   37 F    -1  -3  -2  -3  -2  -3  -3  -3  -1  -1   0  -3   0   6  -3   1  -1   0   2  -1    0   0   0   0   0   0   0   0   0   0   0   0   0  78   0  22   0   0   0   0  0.59 0.05
   38 I    -1  -3  -3  -3  -1  -3  -3  -4  -3   4   1  -3   2  -1  -3  -2  -1  -3  -1   3    0   0   0   0   0   0   0   0   0  61   0   0   6   0   0   0   0   0   0  33  0.41 0.03
   39 D    -2  -2   1   6  -4   0   3  -2  -1  -4  -4  -1  -3  -4  -2   0  -1  -4  -3  -3    0   0   0  83   0   0  17   0   0   0   0   0   0   0   0   0   0   0   0   0  0.93 0.05
   40 F    -2  -3  -3  -4  -3  -3  -3  -4  -1   0   1  -3   0   6  -4  -3  -2   1   4  -1    0   0   0   0   0   0   0   0   0   0  12   0   0  77   0   0   0   0  12   0  0.73 0.04
   41 F    -2  -3  -3  -4   4  -3  -4  -3  -2   2   0  -3   0   5  -4  -2  -2   0   2   0    0   0   0   0  17   0   0   0   0  22   0   0   0  61   0   0   0   0   0   0  0.53 0.04
   42 R    -1   5  -1  -2  -4   1   0   1  -1  -3  -3   2  -2  -3  -2  -1  -1  -3  -2  -3    0  72   0   0   0   0   0  17   0   0   0  11   0   0   0   0   0   0   0   0  0.62 0.04
   43 N    -2   2   3  -1  -3   0  -1  -2   3  -3  -2   0  -2   0  -2   0  -1   0   4  -2    0  17  32   0   0   0   0   0  12   0   0   0   0   0   0   6   0   0  33   0  0.38 0.03
   44 I    -1  -3  -4  -4  -1  -3  -3  -4  -3   4   2  -3   1   0  -3  -3  -1  -3  -2   3    0   0   0   0   0   0   0   0   0  72  11   0   0   0   0   0   0   0   0  17  0.43 0.03
   45 F    -2  -3  -3  -4  -2  -3  -4  -4  -2   0   2  -3   0   6  -4  -3  -2   0   2  -1    0   0   0   0   0   0   0   0   0   0  22   0   0  78   0   0   0   0   0   0  0.70 0.04
   46 T     0  -1   0  -1  -1  -1  -1  -2  -2  -1  -2  -1  -1  -3  -1   2   5  -3  -2  -1    0   0   0   0   0   0   0   0   0   0   0   0   0   0   0  17  83   0   0   0  0.53 0.05
   47 R     0   2   1  -1  -3  -1  -1   5  -1  -4  -3   0  -2  -3  -2   0  -1  -3  -3  -3    0  20   9   0   0   0   0  62   0   0   0   0   0   0   0   9   0   0   0   0  0.61 0.03
   48 R    -1   5   1  -1  -4   1   0  -2   0  -3  -3   3  -2  -3  -2  -1  -1  -3  -2  -3    0  60  11   0   0   0   0   0   0   0   0  29   0   0   0   0   0   0   0   0  0.60 0.04
   49 S     1  -1   0  -1  -1   0   0  -1  -1  -3  -3   0  -2  -3  -1   5   1  -3  -2  -2    0   0   0   0   0   0   0   0   0   0   0   0   0   0   0 100   0   0   0   0  0.58 0.05
   50 L     0   1  -2  -3  -2  -1  -2  -3  -2   1   3  -1   1  -1  -2  -1   1  -2  -1   0   14  16   0   0   0   0   0   0   0   0  59   0   0   0   0   0  11   0   0   0  0.19 0.02
   51 I    -1  -1  -2  -2  -2   2  -1  -3  -2   4   1  -1   3  -1  -3  -2  -1  -3  -2   2    0   0   0   0   0  25   0   0   0  60   0   0  15   0   0   0   0   0   0   0  0.25 0.03
   52 S     0  -1   0   2  -2   0   2  -1  -1  -3  -3   0  -2  -3  -1   3   1  -3  -2  -2    0   0   0  15   0   0  25   0   0   0   0   0   0   0   0  60   0   0   0   0  0.43 0.03
   53 D    -2  -2   1   6  -4   0   3  -2  -1  -4  -4  -1  -3  -4  -2   0  -1  -4  -3  -3    0   0   0  79   0   0  21   0   0   0   0   0   0   0   0   0   0   0   0   0  0.90 0.04
   54 Y    -2  -2  -3  -4  -3  -2  -2  -4   1  -2  -1  -2  -1   3  -3  -2  -2   2   8  -2    0   0   0   0   0   0   0   0   0   0   0   0   0   0   0   0   0   0 100   0  1.11 0.07
   55 R    -1   4  -1  -1  -3   1   2  -2   0  -3  -2   3  -2  -1  -2  -1  -1  -1   2  -2    0  34   0   0   0   0  25   0   0   0   0  26   0   0   0   0   0   0  16   0  0.41 0.03
   56 E     0  -1  -1   0  -2   2   4  -2  -1  -1  -1   0  -1  -3  -2   0  -1  -3  -2   1    9   0   0   0   0  16  51   0   0   0   0   0   0   0   0   0   0   0   0  25  0.33 0.03
   57 I    -2  -3  -4  -4  -1  -3  -3  -4  -3   4   2  -3   1   0  -3  -3  -1  -3  -2   2    0   0   0   0   0   0   0   0   0  75  25   0   0   0   0   0   0   0   0   0  0.44 0.04
   58 Y    -2  -2  -1  -3  -3  -1  -2  -3   5  -2  -1  -2  -1   4  -3  -2  -2   1   6  -2    0   0   0   0   0   0   0   0  31   0   0   0   0  25   0   0   0   0  45   0  0.68 0.04
   59 N    -2   0   4   1  -3   2   1  -1   4  -3  -3   1  -2  -3  -2   0  -1  -3  -1  -3    0   0  47   5   0  15   9   0  16   0   0   8   0   0   0   0   0   0   0   0  0.47 0.03
   60 L    -2  -3  -4  -4  -2  -3  -3  -4  -3   2   4  -3   2   2  -3  -3  -1  -2  -1   1    0   0   0   0   0   0   0   0   0  22  70   0   0   8   0   0   0   0   0   0  0.42 0.03
   61 L    -2  -3  -4  -4  -2  -3  -3  -4  -3   1   4  -3   2   3  -3  -3  -2  -1   0   0    0   0   0   0   0   0   0   0   0   0  81   0   0  19   0   0   0   0   0   0  0.49 0.05
   62 C    -1  -2  -2  -2   8  -2  -2  -2  -1  -1  -1  -2  -1   0  -2  -1  -1   0   4  -1    2   1   1   1  55   1   1   2   0   1   2   1   0   1   1   2   1   0  25   1  0.69 0.07
   63 Q    -1   0   1  -1  -3   4   0  -2   0  -2  -2   0  -1  -1   3  -1  -1  -1   3  -2    1   1  12   1   0  43   1   1   0   1   1   1   0   0  17   1   1   0  20   1  0.41 0.06
   64 K    -2   0   2   2  -3   0   0  -2   4  -1  -2   2  -2  -2  -2  -1  -1  -3  -1  -2    0   0  17  20   0   0   0   0  24  11   0  29   0   0   0   0   0   0   0   0  0.31 0.05
   65 K    -1   2   2  -1  -3   0   0  -2   3   0  -2   3  -1  -3  -2  -1  -1  -3  -1  -2    0  11  19   0   0   0   0   0  13  11   0  46   0   0   0   0   0   0   0   0  0.32 0.06
   66 E     0   0   4   1  -2   0   2  -1   0  -2  -2   0  -2  -2  -1   2   0  -2  -2  -2    2   1  34   1   0   1  25   1   0   1   2   1   0   1   1  25   1   0   1   1  0.33 0.04
   67 H    -1   3   0  -1  -2   0  -1  -2   5   0  -1   0  -1  -2  -2   0   1  -2   0  -1    2  31   1   1   0   1   1   1  27  12   2   1   0   1   1   1  14   0   1   1  0.24 0.04
   68 P    -1  -2  -2  -2  -2  -1  -1  -2  -2  -1  -2  -1  -2  -2   7  -1  -1  -3  -2   0    2   1   1   1   0   1   1   1   0   1   2   1   0   1  69   1   1   0   1  14  1.21 0.07
   69 D    -1   3   0   2  -2   1   2  -2  -1   0  -1   2  -1  -2  -1  -1  -1  -2  -2  -1    2  23   1  21   0   1  16   1   0  12   2  14   0   1   1   1   1   0   1   1  0.22 0.02
   70 I    -1  -2  -2  -2  -1  -2  -2  -3  -3   4   2  -2   1   0  -2  -2  -1  -2  -1   2    2   1   1   1   0   1   1   1   0  70  13   1   0   1   1   1   1   0   1   1  0.30 0.05
   71 K     0   0   0  -1  -1   0   0  -1  -1   0   0   2   0  -2  -1   2   1  -2  -1   0    2   1   1   1   0   1   1   1   0   1  13  28   0   1   1  25   9   0   1  12  0.11 0.02
   72 G     1   1   0   3  -2   0   0   3  -1  -2  -2   1  -2  -2  -1   0  -1  -2  -2  -2   12  12   1  25   0   1   1  28   0   1   2   9   0   1   1   1   1   0   1   1  0.26 0.02
   73 P    -1  -1  -2  -1  -2  -1  -1  -2  -2  -2   0   1  -1  -2   6  -1  -1  -2  -2  -2    2   1   1   1   0   1   1   1   0   1  13  12   0   1  59   1   1   0   1   1  0.97 0.06
   74 F    -1  -2  -2  -2  -1  -1  -2  -2  -1   1   1  -2   3   3  -2   0  -1  -1   0   0    2   1   1   1   0   1   1   1   0  12  15   1  23  24   1  12   1   0   1   1  0.14 0.03
   75 S     0  -1   0  -1  -1  -1  -1  -1  -1  -1   0  -1  -1  -2   3   3   0  -2  -2  -1    1   1   1   1   0   1   1   1   0   1  20   1   0   1  19  48   1   0   1   1  0.30 0.03
   76 P     0  -1  -2  -2  -2   2  -1  -2  -1   0   2  -1   1  -1   3  -1  -1  -2  -1   0   14   1   1   1   0  19   1   1   0   1  40   1   0   1  15   1   1   0   1   1  0.19 0.02
   77 G     1   3   0   2  -2   0   0   1  -1  -2  -2   1  -1  -2  -1   0  -1  -2  -1  -1   15  30   2  20   1   1   2   9   1   2   3   2   1   1   2   2   2   0   1   2  0.17 0.01
   78 P    -1  -1  -1  -1  -2   0   1  -1   4  -2  -2  -1  -2  -2   5   1  -1  -2  -1  -2    1   1   1   1   0   1  13   1  19   1   2   1   0   1  39  14   1   0   1   1  0.63 0.04
   79 F    -1  -2  -2  -3   4  -2  -2  -2  -2   1   0  -2   0   4  -2  -2  -1   6   1   0    1   1   1   1  17   1   1   1   0  13   2   1   0  40   1   1   1  13   1   1  0.41 0.04
   80 S     0   2   0  -1  -1   0  -1   1  -1  -2  -1   0   1  -2  -1   2   0  -2  -2  -1    1  19   1   1   0   1   1  14   0   1   2   1  13   1   1  39   1   0   1   1  0.18 0.03
   81 K     0   2  -1  -1  -2   0   0  -2  -1  -1   0   2   0  -2   2   1   1  -2  -2  -1    1  18   1   1   0   1   1   1   0   1  18  17   0   0  13  19   8   0   0   1  0.19 0.02
   82 R    -1   2  -1  -1  -3   2   2   1  -1  -3  -2   0  -1  -2  -2  -1  -1   6  -1  -2    1  22   1   1   0  19  19  14   0   1   1   1   0   0   1   1   1  17   0   1  0.40 0.03
   83 D    -1  -1   3   3  -2  -1   0   1  -1  -1  -1  -1   2   1  -2   0  -1  -2  -1  -1    1   1  23  22   0   1   1  13   0   1   1   1  18  14   1   1   1   0   0   1  0.18 0.03
   84 E    -1   0   0   0  -3   1   4  -2   0  -2  -2   2  -2  -1  -1   1  -1  -1   2  -2    1   1   1   1   0   1  45   1   0   1   1  19   0   0   1  13   1   0  14   1  0.32 0.04
   85 D    -1  -2   2   5  -3  -1   1  -2  -1  -2  -3  -1  -2  -3  -2   0   3  -4  -3  -2    0   0   7  57   0   0   0   0   0   0   0   0   0   0   0   0  37   0   0   0  0.58 0.05
   86 C    -1  -3  -3  -3   6  -3  -3  -3  -3   2   1  -3   0  -1   2  -2  -1  -3  -2   2    0   0   0   0  27   0   0   0   0  21   8   0   0   0  12   0   0   0   0  32  0.39 0.03
   87 T     0   0   0  -1  -2   0  -1  -2   4  -2  -2   1  -1  -2  -1   2   4  -3  -1  -1    0   0   0   0   0   0   0   0  21   0   0  14   0   0   0  15  49   0   0   0  0.35 0.04
   88 R     0   3   0   3  -3   2   2  -2   3  -3  -3   1  -2  -3  -2   0   0  -3  -1  -2    7  27   0  21   0  10  12   0  15   0   0   0   0   0   0   0   7   0   0   0  0.34 0.03
   89 W    -2  -3  -3  -4  -3  -2  -3   2  -3  -2   0  -3  -1   0  -4  -2  -2  10   1  -2    0   0   0   0   0   0   0  21   0   0  14   0   0   0   0   0   0  65   0   0  1.51 0.08
   90 R     1   6  -1  -2  -3   0  -1  -2  -1  -3  -2   2  -2  -3  -2  -1  -1  -3  -2  -2   21  79   0   0   0   0   0   0   0   0   0   0   0   0   0   0   0   0   0   0  0.64 0.06
   91 P    -1  -2  -2  -2  -3  -1  -1  -2   3  -3  -3  -1  -2  -3   7  -1   1  -4  -2  -2    0   0   0   0   0   0   0   0  14   0   0   0   0   0  74   0  12   0   0   0  1.45 0.06
   92 L    -1  -3  -3  -4  -2  -3  -3  -4  -3   2   3  -3   1   3  -3  -2  -1  -1   0   2    0   0   0   0   0   0   0   0   0  17  42   0   0  21   0   0   0   0   0  19  0.34 0.03
   93 L    -2  -3  -4  -4  -1  -3  -3  -4  -3   2   4  -3   2   0  -3  -3  -1  -2  -1   2    0   0   0   0   0   0   0   0   0  10  77   0   0   0   0   0   0   0   0  12  0.46 0.04
   94 G     0  -2   0   2  -3  -2  -1   5  -2  -4  -4  -2  -3  -4  -2  -1  -2  -3  -3  -4    0   0   0  21   0   0   0  79   0   0   0   0   0   0   0   0   0   0   0   0  0.89 0.05
   95 Y    -2  -3  -3  -4   2  -3  -3  -4  -1   2   1  -3   0   4  -3  -2  -2   0   4   0    0   0   0   0   7   0   0   0   0  21  15   0   0  37   0   0   0   0  20   0  0.40 0.03
   96 I    -1  -3  -3  -4  -1  -2  -3  -4  -3   3   2  -3   3   0  -3  -2  -1  -2  -1   3    0   0   0   0   0   0   0   0   0  27  21   0  15   0   0   0   0   0   0  36  0.34 0.03
   97 K    -1   3   3  -1  -3   1   0  -2   0  -3  -3   4  -2  -3  -2   0  -1  -3  -2  -3    0  26  21   0   0   0   0   0   0   0   0  52   0   0   0   0   0   0   0   0  0.51 0.04
   98 L    -2  -2  -3  -4  -2  -2  -3  -4  -3   1   4  -2   4   0  -3  -2  -1  -2  -1   1    0   0   0   0   0   0   0   0   0   0  69   0  31   0   0   0   0   0   0   0  0.46 0.04
   99 I    -2  -3  -3  -4  -1  -2  -3  -4  -3   4   2  -3   3   0  -3  -2  -1  -2  -1   2    0   0   0   0   0   0   0   0   0  64  19   0  17   0   0   0   0   0   0   0  0.39 0.04
  100 D    -1  -1   1   5  -3   0   2  -1  -1  -3  -3   0  -2  -3  -1   0  -1  -3  -2  -2    2   1   1  68   0   1  14   1   0   1   2   1   0   1   1   1   1   0   1   1  0.63 0.03
  101 A     1   0   3   0  -2   2   0  -1   3  -1  -2   0  -1  -2  -1   0   0  -2  -1   0   19   1  24   1   0  14   1   1  17   1   2   1   0   1   1   1   1   0   1  11  0.16 0.01
  102 S     1  -1   0  -1  -1   0  -1  -1  -1  -2  -1  -1   2  -2  -1   4   1  -3  -2  -1    0   0   0   0   0   0   0   0   0   0   0   0  19   0   0  81   0   0   0   0  0.38 0.05
  103 R    -1   3  -1  -1  -3   1   0  -2  -1  -3  -3   3  -2  -3   4  -1  -1  -3  -2  -3    0  28   0   0   0   0   0   0   0   0   0  43   0   0  29   0   0   0   0   0  0.68 0.04
  104 P    -1  -2  -2  -2  -2  -1  -1  -2  -2  -1  -2  -1  -2  -3   7   0  -1  -4  -3   0    0   0   0   0   0   0   0   0   0   0   0   0   0   0  70  13   0   0   0  17  1.28 0.05
  105 E    -1  -1   0   4  -4   1   5  -2  -1  -4  -3   0  -3  -4  -1   0  -1  -4  -3  -3    0   0   0  33   0   0  67   0   0   0   0   0   0   0   0   0   0   0   0   0  0.75 0.04
  106 T     1  -2  -2  -3  -1  -2  -2  -2  -1   1   2  -2   1   0  -2   0   2  -1   2   1   13   0   0   0   0   0   0   0   0   0  29   0   0   0   0   0  22   0  17  19  0.16 0.02
  107 I    -1   3  -1  -2  -2   0  -1  -3  -1   2   0   2   1  -2  -2  -1  -1  -3  -2   1    0  34   0   0   0   0   0   0   0  27   0  19   6   0   0   0   0   0   0  13  0.21 0.02
  108 D     0   0   0   3  -2   3   1  -1  -1  -3  -3   0  -2  -3  -1   2   0  -3  -2  -2    0   0   0  28   0  36   0   0   0   0   0   0   0   0   0  36   0   0   0   0  0.44 0.04
  109 K    -1   3   0  -1  -3   3   1  -2   4  -3  -3   3  -1  -3  -2  -1  -1  -3  -1  -3    0  21   0   0   0  23   0   0  18   0   0  38   0   0   0   0   0   0   0   0  0.49 0.04
  110 Y    -2  -2  -3  -4  -3  -2  -3  -4   1  -2  -1  -2  -1   4  -4  -2  -2   2   7  -2    0   0   0   0   0   0   0   0   0   0   0   0   0  12   0   0   0   0  88   0  1.10 0.09
  111 T     0   2   0  -1  -1   0  -1  -1  -1  -2  -2   0  -1  -3  -1   3   3  -3  -2  -1    0  18   0   0   0   0   0   0   0   0   0   0   0   0   0  52  30   0   0   0  0.39 0.05
  112 V    -1  -3  -4  -4  -1  -3  -3  -4  -3   4   2  -3   1   0  -3  -2  -1  -3  -1   3    0   0   0   0   0   0   0   0   0  47  23   0   0   0   0   0   0   0   0  30  0.40 0.04
  113 E     0  -1  -1   2  -3   2   4  -2  -1   0  -2   0  -1  -3  -2   0  -1  -3  -2   0    9   0   0   8   0  11  53   0   0   9   0   0   0   0   0   0   0   0   0  10  0.36 0.04
  114 V    -1  -2  -2  -2  -2  -2   0   2  -3   1  -1  -2  -1  -1  -3  -2  -1   6  -1   3    0   0   0   0   0   0  10  23   0   0   0   0   0   0   0   0   0  18   0  49  0.35 0.04
  115 L    -1   1   1  -1  -2   3   0  -2  -1   0   2   0   0  -1  -1  -1  -1  -2  -1  -1    2   9  11   1   0  30   1   2   1   1  32   1   1   1   1   2   1   0   1   1  0.14 0.02
  116 A     2   3  -1  -2  -2   2   0  -2  -1   1  -1   1  -1  -2  -2   0  -1  -3  -2   0   30  23   0   0   0  19   0   0   0  18   0  10   0   0   0   0   0   0   0   0  0.20 0.03
  117 H    -2   1   2  -1  -3   1  -1  -2   4  -2   0  -1  -1   3  -3  -1  -1  -1   2  -2    0  12  18   0   0   8   0   0  21   0  10   0   0  23   0   0   0   0   9   0  0.25 0.03
  118 Q    -1   3   0   2  -3   3   1   2   0  -3  -3   1  -2  -2  -2  -1  -1  -2   1  -3    0  23   0  21   0  30   0  18   0   0   0   0   0   0   0   0   0   0   8   0  0.35 0.04
  119 E    -1   0   3   3  -4   2   4  -2   0  -4  -3   0  -2  -4  -2   0  -1  -3  -2  -3    0   0  18  19   0  12  51   0   0   0   0   0   0   0   0   0   0   0   0   0  0.60 0.05
  120 N    -1  -2   3   3  -3  -1   1   4  -1  -4  -4  -1  -3  -4  -2   0  -1  -3  -3  -3    0   0  25  23   0   0  10  42   0   0   0   0   0   0   0   0   0   0   0   0  0.56 0.04
  121 M    -1   3  -1  -2  -2   0  -1  -2  -2   0   0   0   3  -2  -2   1   1  -3  -2   1    0  26   0   0   0   0   0   0   0   0   0   0  27   0   0  16  11   0   0  20  0.17 0.04
  122 L     1  -2  -1  -2  -1  -1  -2  -2  -1   2   1  -2   0   0  -2   2   0  -1   2   0   12   0   0   0   0   0   0   0   0  26  17   0   0   0   0  29   0   0  16   0  0.14 0.03
  123 L     1  -2  -2  -3  -1  -2  -2  -2  -2   1   2  -2   3  -1  -2   0   0  -2  -1   2   13   0   0   0   0   0   0   0   0   0  38   0  16   0   0  13   0   0   0  20  0.20 0.03
  124 L    -1  -3  -4  -4  -1  -3  -3  -4  -3   3   3  -3   1   0  -3  -2  -1  -2  -1   2    0   0   0   0   0   0   0   0   0  20  55   0   0   0   0   0   0   0   0  26  0.40 0.03
  125 Q    -1   3   0   2  -3   2   1  -2  -1  -3  -3   3  -2  -3  -2   0   1  -3  -2  -2    0  26   0  20   0  13   0   0   0   0   0  26   0   0   0   0  16   0   0   0  0.37 0.03
  126 M    -2  -2  -3  -4  -2  -2  -3  -4  -3   1   4  -2   5   0  -3  -2  -1  -2  -1   1    0   0   0   0   0   0   0   0   0   0  57   0  43   0   0   0   0   0   0   0  0.50 0.06
  127 F    -1   1  -1  -2  -2  -1  -1  -2  -1  -1   0   1   0   2  -2   1   0  -1   3  -1    0   7   0   0   0   0   0   0   0   0  16  20   0  17   0  26   0   0  15   0  0.15 0.03
  128 Y    -2  -2  -3  -4  -3  -2  -3  -4   1  -1  -1  -3  -1   5  -4  -2  -2   1   6   0    0   0   0   0   0   0   0   0   0   0   0   0   0  32   0   0   0   0  61   7  0.83 0.07
  129 D     1  -2   1   6  -3  -1   1  -1  -2  -3  -4  -1  -3  -4  -2   0  -1  -4  -3  -3   16   0   0  84   0   0   0   0   0   0   0   0   0   0   0   0   0   0   0   0  0.86 0.07
  130 G    -1  -2   0   4  -3  -1   0   5  -2  -4  -4  -1  -3  -4  -2  -1  -2  -4  -3  -4    0   0   0  42   0   0   0  58   0   0   0   0   0   0   0   0   0   0   0   0  0.78 0.05
  131 V    -1  -1  -2  -3  -2  -1  -2  -3  -3   3   1   1   1  -1  -2  -1   1  -3  -2   2    0   0   0   0   0   0   0   0   0  50   0  16   5   0   0   0  13   0   0  16  0.21 0.04
  132 L    -1  -3  -3  -3  -2  -2  -3  -3  -3   2   2  -2   1   0   3  -2  -1  -2  -1   3    0   0   0   0   0   0   0   0   0   0  34   0   0   4  16   0   0   0   0  45  0.34 0.04
  133 V    -1  -2  -3  -4  -1  -2  -3  -4  -3   3   3  -2   3   0  -3  -2  -1  -2  -1   2    0   0   0   0   0   0   0   0   0  29  37   0  21   0   0   0   0   0   0  13  0.36 0.03
  134 T     3   1  -1  -2  -1  -1  -1  -1  -2   0  -1   0  -1  -2  -1   1   2  -3  -2   0   43  13   0   0   0   0   0   0   0  13   0   0   0   0   0   9  21   0   0   0  0.20 0.03
  135 E    -1   2  -1   1  -4   3   5  -2   0  -4  -3   1  -2  -4  -2   0  -1  -3  -2  -3    0  14   0   0   0  19  67   0   0   0   0   0   0   0   0   0   0   0   0   0  0.67 0.05
  136 T     2  -2  -1  -2  -1  -1  -1  -1  -2   0  -1  -1  -1  -2  -2   1   3  -3  -2   2   29   0   0   0   0   0   0   0   0   0   0   0   0   0   0   0  44   0   0  27  0.28 0.04
  137 E    -1  -1   1   2  -2   0   3  -2  -1   1   0  -1   0  -2  -2   1  -1  -3  -2   0    0   0   8  11   0   0  34   0   0  20  13   0   0   0   0  13   0   0   0   0  0.18 0.02
  138 C    -1  -3  -3  -4   8  -3  -4  -3  -3   0   2  -3   0  -1  -3  -2  -1  -2  -2   0    0   0   0   0  60   0   0   0   0   0  40   0   0   0   0   0   0   0   0   0  0.84 0.07
  139 S     0  -1   2   0  -1   0  -1  -1  -1  -2  -3  -1  -2  -3  -1   4   3  -3  -2  -2    0   0  14   0   0   0   0   0   0   0   0   0   0   0   0  60  27   0   0   0  0.44 0.05
  140 E     1   0  -1   1  -3   3   4  -2  -1  -3  -3   1  -2  -3  -1   0  -1  -3  -2  -2   19   0   0   0   0  14  63   0   0   0   0   4   0   0   0   0   0   0   0   0  0.54 0.05
  141 R    -1   4   0   3  -4   2   3  -2   1  -3  -3   1  -2  -3  -2  -1  -1  -3  -2  -3    0  37   0  19   0  14  27   0   4   0   0   0   0   0   0   0   0   0   0   0  0.50 0.04
  142 C     2  -2   3  -1   6  -1   1  -1  -1  -2  -2  -1  -2  -3  -2   0  -1  -3  -2  -1   27   0  25   0  34   0  14   0   0   0   0   0   0   0   0   0   0   0   0   0  0.42 0.04
  143 V    -1  -2  -3  -3  -2  -2  -3  -3  -2   1   2  -2   1   3  -3  -2   1  -1   0   2    0   0   0   0   0   0   0   0   0   0  39   0   0  27   0   0  14   0   0  21  0.27 0.03
  144 D     0  -2   0   4  -3  -1   2   3  -2  -3  -2  -1  -2  -3  -2   0  -1  -3  -3  -3    8   0   0  35   0   0  15  36   0   0   6   0   0   0   0   0   0   0   0   0  0.44 0.03
  145 F    -2  -3  -3  -4  -2  -3  -3  -4  -2   0   2  -3   1   6  -4  -3  -2   0   2   0    0   0   0   0   0   0   0   0   0   0  30   0   0  70   0   0   0   0   0   0  0.63 0.04
  146 L    -2  -2  -4  -4  -2  -2  -3  -4  -3   1   4  -3   2   0  -3  -3  -1  -2  -1   1    0   0   0   0   0   0   0   0   0   0 100   0   0   0   0   0   0   0   0   0  0.56 0.04
  147 K    -1   1   3   0  -3   1   0  -1   0  -3  -3   4  -2  -3  -2   0  -1  -4  -2  -3    0   0  30   0   0   0   0   0   0   0   0  70   0   0   0   0   0   0   0   0  0.52 0.04
  148 E     0  -1   0   0  -2   1   3  -1  -1  -2  -2   0  -1  -2  -1   2   2  -2  -2  -1    1   1   1   1   0   1  42   1   0   1   1   1   0   1   1  26  20   0   0   1  0.32 0.02
  149 T     0   1  -1  -1   5  -1  -1  -2  -1  -1  -1  -1  -1  -1  -1   0   3  -2   1  -1    1  11   1   1  19   1   1   1   0   1   1   1   0   1   1   1  50   0   7   1  0.27 0.03
  150 M    -1  -2  -3  -4  -1  -2  -3  -3  -3   2   2  -2   4   0  -3  -2  -1  -2  -1   3    0   0   0   0   0   0   0   0   0   0  27   0  36   0   0   0   0   0   0  37  0.35 0.04
  151 F    -3  -3  -3  -4  -3  -4  -4  -4  -2  -1   0  -4   0   7  -4  -3  -3   1   3  -1    0   0   0   0   0   0   0   0   0   0   0   0   0 100   0   0   0   0   0   0  1.00 0.07
  152 N    -1  -1   6   1  -2   0  -1  -1   0  -3  -3  -1  -2  -3  -2   1   3  -4  -2  -2    0   0  72   0   0   0   0   0   0   0   0   0   0   0   0   0  28   0   0   0  0.63 0.06
  153 Y    -1  -2  -1   1  -2  -1   1  -2   0   0  -1  -1  -1   1  -2  -1  -1   0   4   1    1   1   0  10   0   0  16   1   0   1   1   1   0   0   1   1   1   0  36  29  0.22 0.03
  154 N    -2  -1   6   4  -3   0   0  -1   0  -4  -4  -1  -3  -4  -2   0  -1  -4  -3  -3    0   0  75  25   0   0   0   0   0   0   0   0   0   0   0   0   0   0   0   0  0.79 0.06
  155 N    -1   0   4   0  -3   0   1  -1   0  -3  -3   2  -2  -3  -2   1   1  -3  -2  -2    0   0  39   0   0   0  14   0   0   0   0  25   0   0   0   7  15   0   0   0  0.38 0.03
  156 G     0   3  -1  -2  -3  -1  -2   5  -2  -4  -3   0  -2  -3  -2   0  -1  -3  -3  -3    0  28   0   0   0   0   0  65   0   0   0   0   0   0   0   7   0   0   0   0  0.68 0.04
  157 E    -1  -1  -1   1  -4   1   4   3  -1  -4  -3   1  -2  -4  -2   0  -1  -3  -3  -3    0   0   0   0   0   0  66  28   0   0   0   5   0   0   0   0   0   0   0   0  0.58 0.05
  158 I     1  -3  -3  -3  -1  -3  -3  -3  -3   4   1  -3   1  -1  -3  -2  -1  -3  -2   3   15   0   0   0   0   0   0   0   0  65   7   0   0   0   0   0   0   0   0  14  0.32 0.04
  159 T    -1   2  -1  -2  -2   1  -1  -3  -1   1   0   0   3  -1  -2   0   2  -2  -2   0    0  16   0   0   0  11   0   0   0  16   0   0  28   0   0   0  29   0   0   0  0.18 0.03
  160 L    -1   0  -2  -3  -2  -2  -2  -3  -3   2   3  -1   1   0  -3  -1  -1  -2  -1   1    0  11   0   0   0   0   0   0   0  28  46   0   0   0   0  10   0   0   0   5  0.22 0.02
  161 A     2   1   1  -2   4  -1  -1  -1   0  -2  -2  -1  -1   0  -2   0  -1  -1   3  -1   31  12   9   1  17   0   1   1   0   0   1   1   0   0   0   1   1   0  24   1  0.24 0.05
  162 A     3  -2  -1   1  -1  -1  -1  -1  -2  -1  -2  -1  -1  -2  -1   1   3  -3  -2   1   42   0   0  12   0   0   0   0   0   0   0   0   0   0   0   5  29   0   0  12  0.26 0.05
  163 L     1  -1  -2  -1  -2   0   2  -2  -2   0   2   1   0  -1  -2  -1  -1  -2  -2   1   17   0   0   0   0   0  24   1   0   0  31  10   0   0   0   1   1   0   0  12  0.11 0.03
  164 G    -1   1  -1   2   3   0   2   1  -1  -3  -3   0  -3  -4   3  -1  -1  -3  -3  -3    0  12   0  20  12   0  23  17   0   0   0   0   0   0  17   0   0   0   0   0  0.40 0.05
  165 N     1  -1   3   0  -2   0   2  -1  -1  -2  -2   0   1  -3  -2   0   1  -3  -2  -1   23   0  30   0   0   0  26   0   0   0   0   0   9   0   0   0  11   0   0   0  0.28 0.06
  166 D    -1   1   0   4  -3   0   1   2  -1  -3  -3   1  -3  -4  -2   0   1  -4  -3  -3    0   9   0  44   0   0   5  23   0   0   0   8   0   0   0   0  12   0   0   0  0.45 0.05
  167 N    -1  -1   4   0   3  -1   1  -1  -1  -2  -2  -1  -2   1  -2   1   2  -3  -1  -2    0   0  46   0   9   0   9   0   0   0   0   0   0  11   0   8  17   0   0   0  0.35 0.06
  168 L    -1  -2  -1   2  -3   0   1   3  -2  -1   1  -1  -1   2  -2  -1  -2  -2  -1  -2    0   0   0  17   0   5  11  32   0   0  21   0   0  14   0   0   0   0   0   0  0.21 0.04
  169 P     0   1  -1  -2  -3   1  -1   1   3  -3  -3   0  -2  -3   6  -1   0  -3  -2  -3    4  12   0   0   0   9   0  11  12   0   0   0   0   0  44   0   8   0   0   0  0.74 0.06
  170 P     1   2  -1  -2  -2  -1  -1  -2  -2  -1   0   1  -1  -2   3   1  -1  -3  -2   0   23  17   0   0   0   0   0   0   0   0  13   9   0   0  17  11   0   0   0   9  0.23 0.03
  171 S     0  -1   0   0  -3   3   0   4  -1  -4  -3   0  -2  -3  -2   2  -1  -3  -3  -3    0   0   0   5   0  26   0  43   0   0   0   0   0   0   0  25   0   0   0   0  0.50 0.07
  172 E    -1  -1  -1   0  -3   1   4   2  -1  -2  -3   0  -2  -3  -2   0   0  -3  -3  -1    0   0   0   0   0   0  59  23   0   0   0   0   0   0   0   0   9   0   0   9  0.45 0.07
  173 A     3  -1  -2  -2  -2  -1  -1   1  -1  -1  -2   2  -1  -1  -2   0  -1  -1   3   0   42   0   0   0   0   0   0   9   0   0   0  23   0   0   0   0   0   0  17   9  0.20 0.05
  174 G    -1  -2   0  -2  -2  -2  -2   4  -1  -1   1  -2  -1   0  -2  -1  -1  -1   3  -1    1   1   6   1   0   0   1  44   0   1  24   1   0   0   1   1   1   0  17   1  0.31 0.04
  175 S     0  -1   0   0  -2   2   2   1  -1  -2  -2   0  -1  -3  -1   2   2  -2  -2  -2    1   1   0   1   0  10  24  14   0   1   1   1   0   0   1  27  17   0   0   1  0.27 0.04
  176 N     1   3   3   0  -2   0   0  -1   0  -2  -2   0  -1  -2  -1   0   0  -2  -2  -2   25  27  31   1   0   1   1   2   0   1   2   1   0   1   1   1   1   0   1   1  0.26 0.04
  177 G     1   2  -1  -1  -2   0  -1   3   3  -2  -2   0  -2  -2  -1   0  -1  -2  -1  -2   18  24   1   1   0   1   1  32  12   1   2   1   0   1   1   1   1   0   1   1  0.28 0.03
  178 I    -2   1  -2  -3  -2  -2  -2  -3  -2   2   1  -1   0   5  -3  -2  -2  -1   1   0    1  14   0   1   0   0   1   1   0  18  18   1   0  44   0   1   1   0   0   1  0.30 0.05
  179 Y    -2  -3  -3  -4  -3  -2  -3  -4   1   2  -1  -3  -1   2  -4  -2  -2   1   7   0    0   0   0   0   0   0   0   0   0  23   0   0   0   0   0   0   0   0  77   0  0.90 0.12
  180 E     2  -1   0   2  -2   0   3  -1  -1  -2  -1   0  -1  -3  -1   2   0  -3  -2  -2   22   0   0  10   0   0  30   0   0   0   8   0   0   0   0  29   0   0   0   0  0.29 0.06
  181 A     3   0  -1   0  -2   2   0  -1   2  -2  -2   2  -1  -3  -1   0  -1  -3  -2  -1   51   0   0   6   0  18   0   0   8   0   0  16   0   0   0   0   0   0   0   0  0.32 0.08
  182 F    -2  -3  -3  -4   5  -3  -4  -4  -1  -1  -1  -3  -1   6  -4  -3  -2   0   4  -1    0   0   0   0  18   0   0   0   0   0   0   0   0  63   0   0   0   0  18   0  0.88 0.12
  183 E    -2   2  -1   0  -4   2   4  -3  -1  -2   0   0  -1  -3  -2  -1  -1  -3  -2  -2    0  18   0   0   0   7  58   0   0   0  16   0   0   0   0   0   0   0   0   0  0.49 0.09
  184 Q    -1   2   0   1  -3   4   1  -2   2  -3  -3   2  -2  -3  -2   2  -1  -3  -2  -3    0  10   0   6   0  38   0   0   8   0   0  18   0   0   0  21   0   0   0   0  0.44 0.09
  185 R     0   4  -1  -2   1   0  -1   1  -2  -2  -1   0  -2  -2  -3  -1   0   5  -2  -2    8  47   0   0   4   0   0  16   0   0   6   0   0   0   0   0   8  10   0   0  0.39 0.09
  186 L    -1   2  -2  -3  -2  -1  -2  -3  -2   0   3  -1   3  -1  -3   1  -1  -2  -2   0    0  16   0   0   0   0   0   0   0   0  45   0  19   0   0  20   0   0   0   0  0.25 0.08
  187 I     1  -1  -2  -2  -2   1   0   0  -2   2   1   1   0  -1  -2  -1  -1  -3  -2   0   16   0   0   0   0   8   7   9   0  26  18  15   0   0   0   0   0   0   0   0  0.08 0.04
  188 D     0   0   3   3  -3   0   2  -1  -1  -3  -3   3  -2  -4  -2   1  -1  -4  -3  -3    6   0  17  22   0   0  13   0   0   0   0  34   0   0   0   7   0   0   0   0  0.41 0.07
  189 F     0  -1   2  -1  -3  -1  -1   1   4  -2  -2   0  -2   2  -2  -1  -1  -1   3  -2   13   0  17   0   0   0   0  14  20   0   0   8   0  14   0   0   0   0  13   0  0.27 0.07
  190 L     0   0  -2  -1  -2   0   2  -2  -2  -1   2   3   0  -2  -2  -1  -1  -3  -2  -1   11   0   0   0   0   0  17   0   0   0  37  35   0   0   0   0   0   0   0   0  0.22 0.08
  191 T     0  -1   3   0  -2   0  -1  -1  -1  -2  -3   1  -2  -3  -2   3   3  -3  -2  -2    0   0  24   0   0   0   0   0   0   0   0  11   0   0   0  37  29   0   0   0  0.42 0.10
  192 T     1  -1   2   0  -2   0   2  -1  -1  -2  -3  -1  -2  -3   3   2   2  -3  -2  -2   17   0  17   0   0   0  17   0   0   0   0   0   0   0  17  17  17   0   0   0  0.37 0.07
  193 P    -2  -3  -3  -3  -3  -2  -2  -3  -2  -2   0  -2  -1  -1   7  -2  -2   5   2  -2    0   0   0   0   0   0   0   0   0   0  13   0   0   0  62   0   0  10  14   0  1.21 0.09
  194 A     2  -2  -3  -3  -1  -2  -2  -2  -3   1   1  -2   0  -2   4  -1  -1  -3  -2   2   24   0   0   0   0   0   0   0   0   0  14   0   0   0  29   0   0   0   0  32  0.42 0.05
  195 T     0  -1   3   0  -2   0   2   2  -1  -3  -3  -1   0  -3  -2   1   1  -3  -2  -2   10   0  23   0   0   0  24  17   0   0   0   0   5   0   0  12  10   0   0   0  0.30 0.07
  196 A     2  -1  -1   2  -2  -1  -1   0  -2  -2  -1   1  -1  -3   3   0   1  -3  -3  -1   33   0   0  14   0   0   0   6   0   0   7  14   0   0  16   0  10   0   0   0  0.28 0.07
  197 S     1  -1  -1  -2   2   1  -1  -1  -2  -1   0   1  -1  -2  -2   2   2  -3  -2  -1   16   0   0   0   7   6   0   0   0   0  14  14   0   0   0  25  18   0   0   0  0.19 0.07
  198 G     1  -1  -1  -1  -2   2   1   3  -2  -3  -3  -1  -2  -3   1   1   1  -3  -3  -2   10   0   0   0   0  14   9  29   0   0   0   0   0   0   8  16  15   0   0   0  0.35 0.08
  199 Y    -1   0   0   3  -3   0   2  -2   4  -1  -2   1  -2  -2  -2   0  -1  -3   1   1    0   6   0  22   0   0  14   0  16   0   0   9   0   0   0   9   0   0   7  18  0.23 0.08
  200 E     1  -2  -1   2  -2  -1   2  -2  -2  -2  -2  -1  -2   2   4   1  -1  -2  -1  -2   20   0   0  14   0   0  16   0   0   0   0   0   0  16  20  13   0   0   0   0  0.34 0.06
  201 S     0   1   3  -1  -2  -1  -1  -1  -1   0  -2  -1  -2  -3   2   3   0  -4  -2  -1    0   9  25   0   0   0   0   0   0  12   0   0   0   0  13  41   0   0   0   0  0.35 0.09
  202 G     0  -2   0  -1  -2  -1  -1   3  -2  -3  -3  -1  -2  -3  -2   3   3  -3  -3  -2    0   0   0   0   0   0   0  30   0   0   0   0   0   0   0  42  28   0   0   0  0.49 0.10
  203 A     3   1  -1   2  -2   1  -1  -1  -2  -1  -2  -1  -2  -3   3   0  -1  -3  -2   0   39   9   0  16   0   7   0   0   0   0   0   0   0   0  19   0   0   0   0  11  0.34 0.08
  204 I    -1   0  -3  -3  -2  -2  -3  -4  -3   3   2  -2   1  -1  -3  -2   0  -3  -2   3    0   7   0   0   0   0   0   0   0  34  23   0   0   0   0   0   5   0   0  32  0.33 0.07
  205 D    -1  -1   0   4  -3   1   1  -1  -1  -3  -3   1  -2  -4  -2   3   0  -4  -3  -3    0   0   0  43   0   9   0   0   0   0   0  13   0   0   0  35   0   0   0   0  0.54 0.11
  206 Q     1   1   1  -1  -3   4   1  -2  -1  -2  -2   0  -1  -3   3   0  -1  -3  -2  -1   14  10  11   0   0  37   9   0   0   0   0   0   0   0  13   0   0   0   0   7  0.38 0.08
  207 T     1  -2  -1  -1  -2  -1   0   2  -2  -1  -2  -1  -1  -3   1   0   3  -3  -2   0   15   0   0   0   0   0   9  22   0   0   0   0   0   0   5   0  41   0   0   8  0.30 0.08
  208 D    -2  -1   3   5  -4  -1   0   0  -1  -3  -3   1  -3  -4  -2  -1  -1  -4  -3  -1    0   0  14  62   0   0   0   7   0   0   0   9   0   0   0   0   0   0   0   8  0.66 0.12
  209 A     1  -1   2   1  -1  -1  -1  -1  -1   0   0   0  -1  -2  -1   1   1  -2  -2   1   14   1  13   8   0   1   1   1   0   1  10   9   0   0   1  14   9   0   0  17  0.08 0.03
  210 S     0   1   2   0  -2   2   1  -1   2  -3  -2   1  -2  -3  -1   2   0  -3  -1  -2    1  10  16   1   0  14  10   1   6   1   1   8   0   0   1  28   1   0   0   1  0.28 0.05
  211 Q     1  -1  -1   1   2   3   0  -2   2  -2   0   0  -1  -2   1   0   0  -2  -1  -1   13   1   1  10   6  28   1   1   7   1  10   1   0   0   8   1   9   0   0   1  0.18 0.05
  212 P    -1  -2  -2  -2  -2  -2  -2  -2  -2   2  -1  -2  -1  -2   6   0  -1  -3  -2   0    1   1   1   1   0   1   1   1   0  23   1   1   0   0  53   8   1   0   0   6  0.89 0.10
  213 A     3   0  -1   0  -1   0   0  -1  -2  -1  -2   2  -1  -2   1   0  -1  -3  -2   0   47   1   1   7   0   1   1   1   0   1   1  25   0   0   5   1   1   0   0   8  0.23 0.06
  214 A     3  -2  -1   3  -2  -1   1  -1  -2  -3  -3  -1  -2  -3   2   1  -1  -4  -3  -2   37   0   0  26   0   0  11   0   0   0   0   0   0   0  13  13   0   0   0   0  0.42 0.09
  215 I    -2  -4  -4  -4  -2  -4  -4  -5  -4   6   2  -4   0  -1  -4  -3  -2  -3  -2   2    0   0   0   0   0   0   0   0   0  88  12   0   0   0   0   0   0   0   0   0  0.86 0.18
  216 E    -2  -2   0   6  -5   0   4  -3  -2  -4  -4  -1  -4  -4  -2  -1  -2  -5  -4  -4    0   0   0  61   0   0  39   0   0   0   0   0   0   0   0   0   0   0   0   0  1.07 0.18
  217 A     1   3  -1  -2  -2   0  -1   0  -2  -1   0   1  -1  -2  -2   1   1  -3  -2   0   22  24   0   0   0   5   0   5   0   0  12   6   0   0   0  10   9   0   0   7  0.16 0.06
  218 F    -3  -4  -4  -5  -3  -4  -4  -4  -3   2   0  -4  -1   7  -5  -3  -3   0   2  -1    0   0   0   0   0   0   0   0   0  18   0   0   0  82   0   0   0   0   0   0  1.16 0.20
  219 I     0  -3  -3  -3  -2  -3  -3  -3  -3   4   1  -3   0  -1  -3   0  -1  -3  -2   2   10   0   0   0   0   0   0   0   0  49  12   0   0   0   0  13   0   0   0  16  0.36 0.14
  220 N     1   1   4   1  -3   0   1  -2  -1  -2  -3   1  -2  -3   0   0   0  -4  -3   0   16   7  31   5   0   0  13   0   0   0   0  11   0   0   4   0   5   0   0   8  0.27 0.11
  221 S     1   2  -1  -1  -3   3   2  -2  -1  -3  -3   2  -2  -3  -2   2   1  -3  -2  -2   10  15   0   0   0  16  13   0   0   0   0  16   0   0   0  23   7   0   0   0  0.36 0.13
  222 P    -1  -2  -2   0  -2   1   1  -3  -2   2   1  -1   2  -2   2  -1  -1  -3  -2   1    0   0   0   6   0  11  15   0   0  23  10   0  12   0  12   5   0   0   0   8  0.20 0.10
  223 E     1   1  -1  -1  -2   2   2  -2   1  -1  -2   2  -1  -3  -2  -1  -1  -3  -2   1   16   6   0   0   0  11  21   1   4   0   1  22   0   0   0   1   0   0   0  16  0.23 0.10
  224 F     0  -1   2  -1   2   0  -1   2  -1  -1  -1  -1  -1   3  -2   0  -1  -1   1  -1    9   1  16   1   5   6   1  16   0   1   1   1   0  20   1   8   1   0   5   6  0.13 0.07
  225 Q    -1   0  -1   0  -2   2   2   0   0  -1  -2   2  -1  -1  -1  -1  -1  -1   2  -1    1   1   1   1   0  17  24   9   0   8   2  19   0   1   1   1   1   0  11   1  0.20 0.06
  226 K    -1   0  -1  -1  -2   0   1   1  -1  -2  -2   3  -2   1   2   1  -1  -2  -1  -2    1   0   0   0   0   0   9  14   0   0   1  36   0  10  10  16   1   0   0   1  0.23 0.07
  227 N    -1   0   2   0  -2   0   2  -1   3  -2  -2   1  -1  -2  -1   1   1  -2  -1  -2    1   1  15   1   0   1  15   1  15   1   1  15   0   1   1  15  15   0   0   1  0.24 0.06
  228 I    -1  -3  -3  -3  -2  -2  -1  -3  -2   4   1  -2   3  -1  -3   0  -1  -2   2   2    0   0   0   0   0   0   5   0   0  48   4   0  11   0   0  11   0   0   9   8  0.35 0.13
  229 R    -1   1   2   2   3  -1   1  -2   0  -3  -3  -1  -2   0  -2   1   2  -2   1  -2    0   9  12  15   9   0  13   0   2   0   0   0   0   5   0   9  17   0   8   0  0.26 0.10
  230 M    -2  -1  -1  -2  -3   2   1  -3  -2   2   2   0   4   0  -3  -2  -1  -3  -2   0    0   0   3   0   0  12  15   0   0  19  18   7  17   4   0   0   0   0   0   4  0.23 0.11
  231 R    -1   1  -1   2  -3   1   0  -3   2   2  -2   0  -1  -3   2   0   1  -4  -2  -1    0  10   0  16   0   7   4   0   8  21   0   4   0   0  10   8  11   0   0   0  0.20 0.09
  232 D     0  -1   2   2  -2   0  -1  -2   2   0  -2   0  -2  -3   2   1   1  -4  -2   0    4   0  11  15   0   5   0   0   8   9   0   7   0   0  11  13   8   0   0   8  0.20 0.08
  233 I    -2  -2   0  -2  -2   0  -2  -3  -1   3   2  -1   0   0  -3  -1   0  -2   3   0    1   0   7   0   0   5   0   1   0  36  18   6   0   0   0   6   4   0  15   0  0.22 0.11
  234 E     1   0   0   1  -3   2   2   1  -1  -2   0   1  -1  -3   1   0   0  -3  -2  -2   12   5   4   8   0  13  16   9   0   0  11  11   0   0   5   0   3   0   0   0  0.16 0.06
  235 K     0   2  -1  -2  -3   1  -1   2  -2  -3  -2   4  -2  -3  -2  -1  -2   5  -2  -3   11  12   0   0   0   5   0  17   0   0   4  39   0   0   0   0   0  12   0   0  0.43 0.10
  236 N    -1   2   3   0  -3   1   0   0   3  -2  -1   1  -1  -2  -2   0   1  -3  -2  -2    1  17  24   3   0   5   5   8   9   0   8   5   0   0   0   0  13   0   0   0  0.23 0.06
  237 K    -1   0   2   0   0   0   0  -2   1  -2  -2   3  -2   2  -2   0  -1  -1   2  -2    1   1  13   3   3   0   1   1   4   1   1  43   0  11   1   5   1   0  12   1  0.26 0.06
  238 I    -2  -3  -4  -4  -2  -3  -4  -4  -4   5   3  -3   1  -1  -3  -3  -1  -3  -2   2    0   0   0   0   0   0   0   0   0  58  32   0   0   0   0   0   0   0   0  11  0.57 0.10
  239 G    -1  -2  -1  -2  -3  -2  -2   6  -3  -4  -4   1  -3  -4  -3  -1  -2  -3  -4  -4    0   0   0   0   0   0   0  87   0   0   0  13   0   0   0   0   0   0   0   0  1.16 0.14
  240 S     0   0   2   1  -2   0   0   2   0  -2  -1   1  -1  -3  -2   1   0  -3  -2  -2    5   5  11   7   0   2   6  19   3   0   8  13   0   0   0  19   2   0   0   0  0.18 0.03
  241 G    -1  -3  -1  -2  -3  -2  -1   6  -3  -5  -5  -2  -4  -4  -3  -1  -2  -3  -4  -4    0   0   0   0   0   0   6  94   0   0   0   0   0   0   0   0   0   0   0   0  1.31 0.15
  242 S     0   0   0   0   2   0   1   2  -2  -2  -3  -1  -2  -3  -2   3   1  -3  -2  -1    0   7   0   3   5   3  10  16   0   0   0   0   0   0   0  46   4   0   0   5  0.29 0.07
  243 Y    -3  -3  -3  -3  -4  -2   0  -4   1  -3  -2  -3  -2   2  -4  -3  -3   1   8  -2    0   0   0   0   0   0   8   0   0   0   0   0   0   0   0   0   0   0  92   0  1.45 0.20
  244 G     1  -3   2  -2  -3  -2  -2   6  -2  -4  -4  -2  -3  -4  -3  -1  -2  -3  -4  -3   13   0  11   0   0   0   0  76   0   0   0   0   0   0   0   0   0   0   0   0  0.98 0.12
  245 T     0   2   0  -1  -2   2  -1  -2  -1   0  -1   0  -1  -2  -2   2   3  -3  -2   1    3  14   3   0   0  13   0   0   0   8   0   0   0   0   0  18  30   0   0  12  0.22 0.06
  246 V     3  -2  -2  -2   2  -1   1  -2  -2   1  -1  -2  -1  -2  -2   0  -1  -3  -2   2   46   0   0   0   6   0  13   0   0   7   0   0   0   0   0   0   0   0   0  28  0.27 0.08
  247 Y    -3  -3  -3  -4  -3  -3  -3  -4   0   2  -1  -3  -1   3  -4  -3  -2   5   7  -1    0   0   0   0   0   0   0   0   0  22   0   0   0   9   0   0   0  11  59   0  0.96 0.14
  248 R    -2   5  -1  -2  -3   0  -1  -3  -1  -2   0   3  -1  -3  -3  -1  -2  -3  -2  -1    0  54   0   0   0   0   0   0   0   0  11  27   0   0   0   0   0   0   0   7  0.59 0.10
  249 L    -2  -3  -3  -3   1  -2  -3  -3  -1   2   2  -3   1   3  -3  -2  -1  -1   3   2    0   0   0   0   4   0   0   0   0  21  23   0   4  13   0   0   0   0  18  13  0.31 0.07
  250 H    -1   0   3   0  -2   1   2  -1   3  -2  -2   0  -1  -1  -1   0  -1  -1   1  -2    3   2  24   2   1   9  15   3  14   2   4   2   1   2   2   3   2   1   5   3  0.21 0.04
  251 D    -1  -2   2   2  -2  -1  -1   5  -2  -3  -3  -1  -2  -3  -2   0   0  -2  -2  -3    1   1  10  15   0   1   1  54   0   1   2   1   0   1   1   1   6   0   1   1  0.55 0.08
  252 D     0  -1   2   3  -3   0   2  -1  -1  -3  -3   1  -2  -3   1   0   0  -3  -2  -2    7   1  13  24   0   0  21   1   0   1   1  11   0   0   8   5   6   0   0   1  0.35 0.06
  253 F    -2  -1  -3  -3  -3  -2  -3  -3  -1  -1  -1  -2  -1   6  -3  -2  -2   7   4  -2    1   5   0   1   0   0   1   1   0   1   1   1   0  50   1   1   1  17  18   1  0.89 0.14
  254 V     2  -2  -3  -3  -1  -2  -2  -2  -3   1   0  -2   0  -2  -2  -1  -1  -3  -2   4   24   1   0   1   0   0   1   1   0   1   1   1   0   0   1   1   1   0   0  67  0.41 0.12
  255 V    -1  -3  -3  -3  -2  -2  -3  -3  -3   3   2  -3   1   2  -3  -2  -1  -2  -1   3    1   1   0   1   0   0   1   1   0  35  18   1   0  10   1   1   1   0   0  28  0.34 0.07
  256 K    -1   1  -1  -1  -3   0   0  -2  -1  -3  -3   6  -2  -3  -2  -1  -1  -3  -2  -3    1   1   0   1   0   0   1   1   0   1   1  90   0   0   1   1   1   0   0   1  0.88 0.18
  257 I    -2  -3  -3  -3  -2  -2  -3  -3  -1   4   0  -3   0   2  -3  -2  -1  -1   4   2    1   1   0   1   0   0   1   1   0  50   1   1   0   9   1   1   1   0  21  12  0.41 0.10
  258 P     0  -2  -2  -2  -3  -1  -2  -2  -2  -2  -2  -1   2  -3   7   0  -1  -3  -3  -2    5   1   1   1   0   1   1   1   0   1   1   1  10   1  67   6   1   0   0   1  1.30 0.14
  259 V    -1   0   0  -2   0  -1  -1  -2   0   2   0   1   0   0  -2  -1  -1  -2  -1   2    2   5   6   1   3   1   1   2   3  29   6  16   0   4   1   2   1   0   1  17  0.07 0.04
  260 N    -1  -1   5   2  -3   0   1  -1   0  -3  -2  -1  -2  -2  -2   1   0  -3   0  -2    1   0  50  10   0   0  10   1   0   0   6   1   0   0   0  10   5   0   3   1  0.46 0.10
  261 E     0   0   0   0   1   0   2   0   3  -2  -2   2  -2  -3  -1   1   0  -3  -1  -2    6   3   1   4   4   0  19   6  12   1   1  20   0   0   1  19   1   0   0   3  0.21 0.06
  262 R    -1   3   0   2  -2   1   0  -2   1   0  -1   1  -1  -2  -1  -1   0   1   0  -1    2  26   1  19   1   7   2   2   4   9   2   6   1   1   1   2   7   2   3   2  0.17 0.04
  263 G     1  -1   0   1  -1   0   0   3   1  -2  -2   0  -1  -2  -1   1   0  -2  -1  -1   11   2   5   8   1   2   2  27   5   2   3   5   1   1   2  16   2   1   1   2  0.18 0.03
  264 I    -1  -1   1  -1  -1  -1  -1   0   1   1   0  -1   0   1  -1  -1   0   0   2   0    4   2  11   3   1   2   3   9   5  12   8   3   1   6   2   3   3   1  13   8  0.03 0.02
  265 K    -1   0   0   1  -2   0   1  -1   2  -1  -1   2   1  -1  -1   0  -1   2  -1  -1    3   2   2   6   1   2  12   3   7   2   7  28   7   2   2   6   2   4   1   3  0.12 0.04
  266 V     0   0  -1  -1  -1  -1  -1   0  -2   2   0  -1   0  -1   1  -1   1  -2  -1   2    3   8   2   2   1   2   2   8   1  20   3   2   1   1   6   3  10   0   1  24  0.07 0.04
  267 D    -2  -1   0   5  -2   1   0  -2  -1  -2  -1  -1  -2  -2  -1  -1  -1   3   0  -2    2   1   1  52   1   7   2   2   1   1  10   2   1   1   1   2   2   6   5   2  0.47 0.10
  268 V    -1   0   2  -1  -2   0  -1  -2  -1   1   0  -1   0   1  -2  -1   0   4   0   1    2   7  18   1   0   5   2   2   1   9  12   1   1  10   1   2   8   7   1  12  0.09 0.04
  269 N     0  -1   4   0  -2  -1  -1  -1   2   0  -2  -1  -1   0  -2   0   1   3  -1  -1    8   1  38   3   0   1   1   1   7   7   2   1   0   5   1   5  12   4   1   1  0.28 0.09
  270 S     1  -2  -1  -2  -2   0  -1  -2  -2  -2  -1  -1  -1   2   2   3   0  -2   1  -2    8   1   0   1   0   3   1   1   0   1   7   1   0  14  12  45   1   0   4   1  0.32 0.12
  271 P     0  -1  -1   1  -2   1   2  -2  -1  -2  -1   1  -1   0   4   0  -1  -2  -2  -1   10   1   1  11   0   4  15   1   0   1   4  14   0   5  20   4   1   0   0   7  0.27 0.06
  272 E    -1   1  -1   1  -2   1   3  -1  -1  -1  -1   0  -1  -1  -1   1  -1  -2   1  -2    4  11   1   6   0   5  33   4   0   5   5   1   0   1   1  11   1   0   9   1  0.22 0.07
  273 H    -1  -1   3   1  -2   0  -1   0   5  -2  -1  -1   0  -1  -2   0   0   2   1  -2    1   1  22   9   0   3   1   6  22   1   7   1   3   1   1   4   7   4   4   1  0.26 0.08
  274 R     0   2   0  -1  -1   1   1  -2  -1  -2  -2   1  -2   0   3   1  -1  -2  -1  -2   11  14   6   0   2   6   7   1   0   0   1  11   0   8  19  12   0   0   0   1  0.28 0.07
  275 N    -2  -1   5   0  -3  -1   0  -2   2  -2  -1  -1   1  -1  -2  -1   0  -2   2  -2    1   1  45   1   0   1   6   1   7   1   8   1   7   1   1   1   5   0  12   1  0.38 0.12
  276 C     3  -2   2  -2   5  -1  -2  -1  -2  -2  -3  -2  -2  -3  -2   3   0  -3  -3  -2   34   0  13   0  20   0   0   0   0   0   0   0   0   0   0  28   3   0   0   0  0.49 0.15
  277 H    -2   0   3   0   1   2   1  -2   5  -1  -3   0  -2  -2  -3   0   0  -3   1  -2    0   3  22   3   4  10   6   0  26   5   0   6   0   0   0   4   6   0   4   0  0.37 0.13
  278 P    -2  -3  -3  -3   1  -2  -2  -3  -2  -2  -1  -2   1  -2   7  -2  -2  -3   2  -1    1   0   0   0   4   0   0   1   0   0   5   0   6   0  64   1   0   0  11   4  1.30 0.21
  279 D     0  -1   1   3  -3   0   3  -1  -1  -1  -1   0  -2  -3  -2   1   0  -3  -2  -1    4   0   8  21   0   0  25   5   0   6   5   7   0   0   0  10   5   0   0   4  0.24 0.07
  280 R    -3   7  -2  -3  -5   0  -2  -4  -2  -5  -4   1  -3  -4  -4  -2  -3  -4  -3  -4    0 100   0   0   0   0   0   0   0   0   0   0   0   0   0   0   0   0   0   0  1.67 0.33
  281 V    -1  -3   0  -2   4  -2  -2  -3   1   1  -1  -2  -1  -2  -3   1   2  -3  -2   3    0   0   6   0  15   0   0   0   5   6   0   0   0   0   0  11  22   0   0  35  0.33 0.14
  282 S     3   0  -1  -2  -2   1  -1  -1  -2  -2  -3  -1  -2  -3  -2   4   0  -4  -3   0   35   4   0   0   0   8   0   0   0   0   0   0   0   0   0  46   0   0   0   7  0.47 0.17
  283 K    -2   5   0  -2  -4   0  -1  -3   2  -3  -2   3  -2  -2  -3  -1  -2  -2   3  -3    0  49   3   0   0   0   0   0   7   0   4  21   0   0   0   4   0   0  13   0  0.64 0.18
  284 Y    -2  -3  -3  -4  -3  -3  -3  -4  -1   3  -1  -1  -1   0  -4  -3  -2  -1   5   3    0   0   0   0   0   0   0   0   0  18   0   6   0   0   0   0   0   0  37  38  0.62 0.19
  285 L    -3  -3  -4  -5  -2  -3  -4  -5  -4   0   5  -4   1  -1  -4  -3  -1   6  -1  -1    0   0   0   0   0   0   0   0   0   0  83   0   0   0   0   0   4  13   0   0  0.92 0.23
  286 N    -3  -2   8   0  -4  -1  -2  -2  -1  -5  -5  -2  -4  -5  -4  -1  -2  -5  -4  -5    0   0 100   0   0   0   0   0   0   0   0   0   0   0   0   0   0   0   0   0  1.73 0.35
  287 M    -1   1   1   0  -3   2   4  -2   1  -1  -1   1   1  -3  -2   0  -1  -3  -2  -2    0   6   6   3   0   8  39   0   4   5   4   9   8   0   0   9   0   0   0   0  0.33 0.12
  288 A     2  -3  -3  -3  -2  -3  -3  -2  -3   3   1  -3   0   1  -3  -1  -1  -3  -1   2   33   0   0   0   0   0   0   0   0  33  15   0   0   8   0   0   0   0   0  10  0.33 0.13
  289 N    -3  -2   8   0  -4  -1  -2  -2  -1  -5  -5  -2  -4  -3  -4  -1  -2  -4   1  -4    0   0  94   0   0   0   0   0   0   0   0   0   0   0   0   0   0   0   6   0  1.53 0.33
  290 D    -1   1   2   2  -4   1   0   4   4  -4  -4   1  -3  -3  -3  -1  -2  -4  -2  -4    0   7   9  12   0   6   4  37  19   0   0   8   0   0   0   0   0   0   0   0  0.51 0.13
  291 D    -2  -2   2   6  -3   0   2  -2   1  -3  -3  -1  -3  -3  -2  -1  -1  -3  -3  -3    1   1  12  58   0   3  11   1   4   1   1   1   0   1   1   1   1   0   0   1  0.76 0.15
  292 K     0  -1   2  -1  -2  -1  -1   1  -2   1  -2   1  -1  -2   4   0   0  -3  -2   0    4   1  13   1   0   1   1  14   0  13   1  12   0   1  23   5   5   0   0   4  0.28 0.07
  293 N    -2  -1   4   4  -3  -1   0  -2   2  -3  -1   0  -2  -3  -2  -1  -1  -3  -2  -3    1   1  29  38   0   1   1   1   8   1   9   7   0   0   1   1   1   0   0   1  0.52 0.13
  294 F    -3  -3  -3  -4  -3  -3  -3  -4   1   1  -1  -3  -1   7  -4  -3  -3   0   4  -1    1   0   0   0   0   0   0   0   4   8   1   0   0  70   0   0   0   0  12   0  1.05 0.22
  295 S     3   0   1  -1  -2  -1  -1  -1  -2  -3  -3  -1  -2  -3  -2   4   0  -3  -2  -2   27   7   8   0   0   0   0   0   0   0   1   0   0   0   0  53   0   0   0   0  0.50 0.16
  296 R     0   6   1  -2  -3   0  -1  -3  -1  -3  -3   1  -2   0  -3   0  -2  -3  -2  -3    8  68   7   0   0   0   0   0   0   0   1   0   0   7   0   6   0   0   0   0  0.76 0.19
  297 S     2  -1  -1  -2  -2  -1   0   0   0  -1  -2   0  -1   0   1   1   0  -2   2   0   27   0   0   0   0   0   5   3   2   0   1   8   0   6   7  18   4   0  10   7  0.16 0.07
  298 A     3  -2  -2  -2  -1  -1  -2   1  -2   1  -1  -1   1  -2  -2   1   0  -2   0   1   38   0   0   0   0   0   0  10   0  10   1   0   6   0   0  12   6   0   4  10  0.19 0.09
  299 I    -1   0   0  -1  -2   1   1  -2  -2   0  -2   2  -1  -3  -2   1   3  -3  -2   0    0   0   4   0   0   6   8   0   0   9   0  24   0   0   0   8  30   0   0   9  0.24 0.11
  300 M     0  -2  -3  -3  -2  -2  -2   0  -2   2   3  -2   4   0  -2  -2  -1  -2   0   0   13   0   0   0   0   0   1   7   0  16  35   1  18   0   0   1   1   0   5   1  0.24 0.11
  301 N     0  -1   3   2  -2  -1  -1  -1  -1  -1   0   0  -1  -2   2   1   1  -3  -2  -1    4   1  20  13   0   0   1   1   0   1  13   8   0   0  13  13   7   0   0   5  0.21 0.08
  302 I     1   0  -1   0  -2  -1  -1  -1  -1   0   0   2   0   2  -1  -1  -1   3   0  -1   14   1   1   7   0   1   2   2   1  11   9  21   1  18   1   2   1   5   1   2  0.08 0.06
  303 N     0  -1   4   2  -2   1   0  -1   4  -3  -3  -1  -2  -3  -2   1   1  -3  -1  -2    6   1  31  15   0   7   1   1  17   1   1   1   0   0   1   6  11   0   0   1  0.39 0.13
  304 G    -1  -1   2  -1  -3  -1  -2   5  -2  -3  -3   1  -3  -3  -2   0  -1  -3  -3  -3    1   1  11   1   0   1   1  60   0   1   1  12   0   0   1   8   1   0   0   1  0.67 0.16
  305 K    -1   0   2   2  -3   1   2  -2  -1  -3  -2   4  -2  -3  -2   0  -1  -3  -2  -3    0   0  14  14   0   6  12   0   0   0   5  42   0   0   0   5   0   0   0   0  0.41 0.15
  306 D    -1   0   0   1   0   1   1   2   3  -2  -2   1  -1  -2   0   0  -1  -2  -1  -1    2   1   1  10   3   9   8  18  13   1   2  12   0   1   4   4   1   0   1   8  0.15 0.05
  307 V    -1  -1  -1   0  -1   1  -1  -2  -1   1   0   1   1  -1  -1  -1   0  -2  -1   3    3   2   2   5   1   7   2   3   1   5   3  14   5   1   2   3   2   0   1  38  0.09 0.05
  308 T     1   0   0   3  -2   0   1  -1  -1  -1  -1   0   1  -2  -1   0   1  -2  -2  -1   13   5   1  27   0   4  12   2   0   1   2   1   8   1   1   1  16   0   1   4  0.21 0.07
  309 V    -1  -3  -3  -4  -2  -3  -3   0   1   3   1  -3   0  -2  -3  -2  -1  -3  -2   4    0   0   0   0   0   0   0   9   6  19   7   0   0   0   0   0   0   0   0  59  0.46 0.17
  310 L    -2  -3  -4  -4  -2   0  -3  -4  -3   0   5  -3   1   1  -4  -3  -2   5  -1   0    0   0   0   0   0   7   0   0   0   0  80   0   0   4   0   0   0   9   0   0  0.73 0.21
  311 V    -1  -3  -3  -3  -2  -2  -1  -4  -4   3   1  -3   0  -2  -3  -2   0  -4  -2   5    0   0   0   0   0   0   6   0   0  12   7   0   0   0   0   0   6   0   0  68  0.54 0.18
  312 S     1  -2  -1  -2  -2  -1  -2  -2  -2  -2  -3  -1  -2  -3  -2   4   5  -4  -3  -2    9   0   0   0   0   0   0   0   0   0   0   0   0   0   0  37  54   0   0   0  0.70 0.22
  313 K    -2   2  -1   0  -4   1   0  -3  -2  -4  -3   5  -2  -4   3  -1   0  -4  -3  -3    0   9   0   6   0   4   0   0   0   0   0  61   0   0  15   0   5   0   0   0  0.69 0.19
  314 Y    -3  -3  -4  -5  -4  -3  -4  -4   0  -2  -1  -4  -2   6  -5  -3  -3   1   7  -2    0   0   0   0   0   0   0   0   0   0   0   0   0  45   0   0   0   0  55   0  1.41 0.29
  315 I    -2  -4  -4  -4  -2  -4  -4  -5  -4   6   0  -4   0  -1  -4  -3  -2  -4  -2   3    0   0   0   0   0   0   0   0   0  81   0   0   0   0   0   0   0   0   0  19  0.93 0.24
  316 Q     0  -1   2   4  -3   2   0   0  -1  -3  -3   1  -2  -4  -2   1  -1  -4  -3  -2    6   0  13  31   0  16   0   6   0   0   0  12   0   0   0  11   0   0   0   4  0.39 0.12
  317 G    -1  -3  -1   1  -3  -2  -2   6  -3  -4  -4  -2  -3  -4  -3  -1  -2  -3  -4  -4    1   0   0   9   0   0   0  84   0   0   1   0   0   0   0   1   0   0   0   0  1.20 0.22
  318 Q    -1   1  -1  -1  -3   2   1  -2   2  -2  -2   2  -1  -3   1   1   1  -3  -2  -1    0   9   0   0   0  14  10   0   7   0   2  19   0   0   8  10  12   0   0   7  0.24 0.08
  319 E    -1   1   2   2   2   0   3  -2  -1  -2  -3   0  -2  -3  -2   1   1  -3  -2  -1    0   9  14  11   6   0  25   0   0   0   0   0   0   0   0  17  10   0   0   5  0.28 0.10
  320 F     0  -3  -3  -3  -2  -2  -3  -3   2   3   1  -2   0   3  -3  -2  -1  -2   0   2   11   0   0   0   0   0   0   0   9  24  13   0   0  20   0   0   0   0   0  19  0.25 0.10
  321 D     1  -1   1   4  -2   1   2  -2  -1  -3  -3   0  -2  -3  -2   1   2  -3  -3  -2   12   0   3  33   0   4  14   0   0   0   0   3   0   0   0  10  19   0   0   0  0.39 0.11
  322 V     0  -1  -1  -1  -2  -1  -1   1  -1   1  -1   0  -1   0   2  -1   1  -2   1   0    7   0   0   3   0   0   4  14   0  14   4  11   0   4  11   1  14   0   7   5  0.08 0.04
  323 E    -1   0  -1   2  -3   1   3  -1  -1  -2   0   2  -1  -3  -2   0  -1  -3  -2  -1    4   0   0  15   0   6  24   5   0   0  11  24   0   0   0   3   0   0   0   7  0.24 0.09
  324 D    -2  -1   0   4  -4   3   4  -2  -1  -3  -3   1  -2  -4  -2  -1   0  -3  -3  -3    1   0   3  31   0  14  37   1   0   0   1   6   0   0   0   0   5   0   0   0  0.62 0.15
  325 E     0  -1   0   2  -2   0   3   0  -1   0  -1   0  -1  -2  -1   1   1  -2  -2   0    9   1   1  15   1   1  27   5   1   7   2   2   1   1   1   8   9   0   1   7  0.16 0.05
  326 D     0   1   0   3  -2   1   1  -1  -1  -1  -1   0  -1   0  -1   0  -1  -2  -1   0    7   8   1  30   1   7  11   2   1   1   2   2   1   7   1   5   2   0   1  10  0.18 0.05
  327 N     1  -1   3   1  -2   0   1  -1  -1   0  -1   0  -1  -2   2   0   0  -2  -2   0   14   1  27   7   1   1  11   2   1   8   2   5   1   1   9   2   2   0   1   6  0.18 0.05
  328 Y     0  -1   0  -1  -2   1   0  -1   3  -2  -1  -1  -1   2  -2  -1  -1   0   5  -1    8   1   5   1   0   6   9   5   9   1   5   1   1   7   1   2   1   0  33   2  0.27 0.08
  329 R    -1   2   3   1  -2   0   2  -1   0  -2  -2   2  -1   1  -1   0  -1  -2  -1  -2    2  18  19   5   0   1  19   2   1   1   2  14   1  10   1   2   1   0   1   2  0.23 0.07
  330 M    -1   2  -2  -2  -2  -1  -1  -2  -1   0   0   1   2   0  -2  -1  -1   4   2   1    2  14   1   1   0   1   1   1   0   1  11  15   8   1   1   1   1   6  12  20  0.14 0.07
  331 A     4  -2  -2  -2  -1   1  -1  -1  -2   1  -1  -1  -1  -2  -2   0  -1  -3  -2   2   58   1   1   1   0   7   1   1   0   9   1   1   0   0   1   1   1   0   0  17  0.33 0.13
  332 E    -2  -2  -1   2  -3   0   3  -3  -1  -1   1  -1  -1   2  -2   0  -1  -2   1  -1    0   0   0  14   0   0  34   0   0   0  20   0   0  13   0   6   0   0   6   4  0.25 0.11
  333 A     1  -1   1   3  -3   2   1  -1  -1   0   0   1   0  -2  -2  -1  -1  -3  -2  -1   17   0   8  21   0  17   5   2   0   9   9   7   4   0   0   0   0   0   0   0  0.18 0.09
  334 L    -2  -2  -2  -3  -2   0  -2  -3  -1   0   2  -2   0   5  -3  -1  -2  -1   2  -1    1   1   0   1   0   8   1   1   0   1  36   1   0  35   1   7   1   0   8   1  0.36 0.11
  335 L    -1  -3  -3  -4   3  -2  -3  -4  -3   2   3  -3   2   0   0  -2   0  -2   1   2    0   0   0   0   8   0   0   0   0   9  44   0   6   0   6   0   5   0   7  15  0.32 0.09
  336 K    -2   1   4   1  -4   0   2  -2  -1  -4  -4   3  -3  -3  -2  -1  -1  -4  -1  -3    0   5  33   6   0   0  18   0   0   0   0  35   0   0   0   0   0   0   3   0  0.54 0.14
  337 S     1  -1   0   1  -2   2   2  -2  -1  -3  -1  -1  -2  -3   0   3   0  -3  -2  -2    7   0   0  10   0  10  14   0   0   0   7   0   0   0   4  49   0   0   0   0  0.36 0.13
  338 R    -2   4  -1   0  -4   1  -1   0   2  -3  -3   2  -2  -2  -2  -1   0  -2   2  -3    0  42   0   6   0   5   0   9   5   0   0  16   0   0   0   0   7   0  10   0  0.42 0.12
  339 G    -1  -2  -1   0  -3   0  -2   5  -2  -3  -4  -2  -3  -3  -2  -1   1  -3  -3  -3    1   0   0   6   0   6   0  72   0   0   1   0   0   0   0   1  10   0   0   0  0.85 0.15
  340 V    -2   4  -2  -3  -3  -1  -2  -3   4  -1   1   0   1   2  -3  -2  -2   4   0   0    0  34   0   0   0   0   0   0  16   0  15   0   5  13   0   0   0   7   0  11  0.35 0.12
  341 Y    -2  -3  -3  -4   3  -3  -3  -4  -2   3   1  -3   1   2  -3  -1   0  -1   3   1    0   0   0   0  10   0   0   0   0  36  10   0   4   7   0   4   4   0  20   6  0.33 0.11
  342 M    -1  -3  -3  -4   5  -2  -3  -3  -3   2   2  -3   3  -1  -3  -2  -1  -2  -2   1    0   0   0   0  25   0   0   0   0  25  25   0  25   0   0   0   0   0   0   0  0.38 0.04
  343 H    -3  -2  -2  -3  -3  -2  -2  -4   7  -1   1  -2  -1   3  -4  -2  -2  -1   4   0    0   0   0   0   0   0   0   0  44   0  15   0   0  16   0   0   0   0  18   7  0.77 0.16
  344 D    -3  -3   0   7  -5  -2   0  -3  -2  -5  -5  -2  -5  -5  -3  -2  -2  -6  -5  -5    0   0   0 100   0   0   0   0   0   0   0   0   0   0   0   0   0   0   0   0  1.72 0.25
  345 I     1  -2  -3  -3   2  -2  -1  -3   1   2   0  -2   1   1   1  -1  -1  -1   3   0   21   0   0   0   7   0   5   0   4  21   7   0   4   3   9   0   0   0  18   0  0.19 0.08
  346 N     0  -1   3   2  -3   0   1   1   2  -3  -3  -1  -2  -2  -2   0   0  -2   2  -3   13   0  24  14   0   5   8  13   6   0   0   0   0   0   0   0   4   0  14   0  0.30 0.08
  347 I    -1  -1   0  -2  -2   0  -2  -3  -2   2  -1  -2  -1  -2  -2   2   1  -3  -2   3    0   4   4   0   0   5   0   0   0  17   0   0   0   0   0  27   6   0   0  37  0.24 0.10
  348 L    -1  -1   0   0  -3   0   2  -3   0  -1   0   0  -1   0   4  -1   0  -3  -2  -1    0   0   6   5   0   3  24   0   3   2  14   5   0   6  23   3   3   0   0   3  0.31 0.07
  349 G    -1  -4  -2  -3  -4  -3  -3   7  -3  -5  -5  -3  -4  -4  -3  -1  -3  -4  -4  -4    0   0   0   0   0   0   0 100   0   0   0   0   0   0   0   0   0   0   0   0  1.66 0.22
  350 N    -3  -2   8   0  -4  -1  -2  -2  -1  -5  -5  -2  -4  -5  -3  -1  -1  -5  -4  -4    0   0 100   0   0   0   0   0   0   0   0   0   0   0   0   0   0   0   0   0  1.66 0.27
  351 I     0  -3  -4  -4  -2  -3  -3  -4  -3   4   0  -3   2   2  -3  -2  -1  -3  -1   4    5   0   0   0   0   0   0   0   0  33   0   0   5  13   0   0   0   0   0  44  0.50 0.12
  352 L    -2   3  -2  -3  -3  -1  -1  -3  -2  -1   3   4   0  -2  -3  -2  -2  -3  -2  -1    0  17   0   0   0   0   0   0   0   0  47  37   0   0   0   0   0   0   0   0  0.45 0.13
  353 V    -1  -1  -2   1  -2  -1   0  -3  -2   2   0   2   0  -1  -2  -1   0  -3   0   2    0   0   0  10   0   0   4   0   0  17   7  26   0   0   0   0   6   0   5  25  0.16 0.08
  354 K    -1   3  -1   3  -3   0   0  -2  -2  -2  -3   4  -2  -3  -2   1   0  -4  -3   0    0  16   0  21   0   0   0   0   0   0   0  37   0   0   0   9   7   0   0   9  0.39 0.11
  355 E    -1  -1   3   2  -3   3   3   0   1  -4  -3   0  -2  -4  -2   0   0  -4  -2  -3    0   0  17  14   0  15  29   5   4   0   0   3   0   0   0   6   7   0   0   0  0.44 0.09
  356 G    -1  -2   2   2  -3  -2  -2   5  -2  -4  -4   0  -3  -4  -3  -1   0  -4  -4  -4    0   0  11  11   0   0   0  65   0   0   0   8   0   0   0   0   5   0   0   0  0.83 0.14
  357 V    -1   2   2   0  -3   2   2  -1  -1  -2  -3   3  -2  -3  -2  -1  -1  -3  -2   0    0   9  15   0   0  11  21   4   0   0   0  28   0   0   0   0   0   0   0  12  0.33 0.08
  358 L    -2  -2  -3  -3  -2  -2   0  -4  -2   2   3  -1   1   0  -3  -2  -2  -2   2   1    0   0   0   0   0   0   9   0   0  12  56   6   0   0   0   0   0   0  11   6  0.34 0.09
  359 F    -3  -3  -3  -4  -3  -3  -3  -4   1   0  -1  -3  -1   5  -4  -3  -2   4   6   1    0   0   0   0   0   0   0   0   3   6   0   0   0  31   0   0   0   5  44  10  0.86 0.15
  360 F     0  -3  -4  -4  -2  -3  -3  -3  -2   1   3  -3   0   4  -3  -2  -2  -1   2   1    9   0   0   0   0   0   0   0   0   8  35   0   0  31   0   0   0   0   6  12  0.41 0.09
  361 V    -2  -4  -4  -4  -2  -3  -4  -4  -4   5   1  -3   0  -1  -3  -3  -1  -3  -2   4    0   0   0   0   0   0   0   0   0  57   9   0   0   0   0   0   0   0   0  35  0.67 0.13
  362 D    -3  -3   0   7  -5  -1   0  -3  -2  -4  -5  -2  -4  -5   2  -1  -2  -5  -4  -4    0   0   0  91   0   0   0   0   0   0   0   0   0   0   9   0   0   0   0   0  1.44 0.21
  363 G     2  -2  -1  -2  -1  -1  -1   3  -2   0  -1  -1  -1  -2  -2   2   0  -3  -2   1   25   0   0   0   0   0   0  25   0   0   0   0   0   0   0  25   0   0   0  25  0.23 0.03
  364 D    -2  -2   0   7  -4  -1   1  -2  -2  -4  -4  -1  -4  -4  -2   1  -1  -5  -4  -4    0   0   0  86   0   0   0   0   0   0   0   0   0   0   0  14   0   0   0   0  1.19 0.20
  365 Q     0  -1  -1  -2  -2   3   0  -2  -1  -1   1  -1   2   1   1  -1   1  -2  -1  -1    5   1   1   1   0  30   1   1   0   1  18   1   9   9   7   1  14   0   0   1  0.17 0.07
  366 I     1  -2   0   0  -1  -1  -1  -2  -2   2   1  -2   1  -1  -2  -1  -1  -2  -1   2   15   1   7   9   0   1   1   1   0  17   8   1   7   1   1   1   1   0   0  30  0.11 0.05
  367 V    -1  -2  -2  -3  -2   0  -2  -3  -2   1   0  -2   0   3  -2   0   0  -2   0   3    0   0   0   0   0   8   0   0   0   5   5   0   0  19   0   8   4   0   0  47  0.22 0.08
  368 L     0  -2  -2  -3  -2   0  -2  -3   1   2   2  -2   3   1  -1  -2  -1  -2   1   1    6   0   0   0   0   6   0   1   4  11  32   0  15   4   3   0   0   0   5   9  0.20 0.08
  369 S     3   1   0  -1  -2  -1  -1  -1  -2  -2  -2  -1  -2  -3   1   3   1  -3  -2  -2   35   9   5   0   0   0   0   1   0   0   1   0   0   0   6  30  11   0   0   0  0.35 0.12
  370 Q    -1  -1  -1  -2  -3   5   0   0  -1  -1  -2   1  -2  -2   3  -1   0  -2   1  -2    1   0   0   0   0  41   0   8   0   6   1   8   0   0  19   0   7   0   6   0  0.48 0.16
  371 E     0   0   1   0  -3   1   3  -2   0  -2   0   0  -1  -3   4  -1   0  -3  -2  -2    7   6   9   0   0   4  30   1   3   0  13   0   0   0  21   0   4   0   0   0  0.36 0.10
  372 S     0   0   0  -1  -2   1   0  -1   1  -2  -2   2  -2  -1   1   1   1  -2   1  -2    7   3   3   0   0   8   4   4   5   0   1  19   0   3   7  16   9   0   9   0  0.18 0.07
  373 R    -2   6  -1   1  -4   1  -1  -1  -1  -4  -3   1  -2  -4  -3  -1  -2  -3  -3  -3    1  71   0   9   0   6   0   5   0   0   1   4   0   0   0   0   0   0   0   0  0.88 0.21
  374 Q    -2   3  -2  -2  -3   1  -1  -3   2  -1   2   2   0  -1  -2  -2  -1  -2  -2  -1    1  18   0   0   0   9   1   1   6   0  40  21   0   0   0   1   0   0   0   1  0.27 0.12
  375 Q    -1   0   3   0  -3   3   2   0   0  -3  -3   2  -2  -2  -2   0   0  -2   1  -3    3   0  21   0   0  20  16   8   0   0   0  16   0   0   0   0   6   0   9   0  0.33 0.12
  376 R    -1   6  -1  -1   1   0   1  -2  -1  -3  -2   1  -2  -2  -2  -1  -1  -2  -2  -2    2  61   1   1   3   1  10   2   1   1   2   6   1   1   1   2   1   0   1   2  0.61 0.13
  377 S     0   2  -1  -1  -1   0  -1  -1  -1  -1   0   0  -1  -1  -1   1   2  -1   1  -1    7  17   1   1   0   1   2   4   1   1  11   5   1   1   1  18  16   0   9   2  0.12 0.05
  378 V     1  -1   0  -2  -2   0  -1  -2  -2   0   1  -1   0  -1   3  -1  -1  -2  -2   1   13   1   8   1   0   7   1   2   0   1  19   1   0   1  20   1   1   0   1  20  0.22 0.07
  379 S     0  -2  -1  -2  -2  -1  -2  -2  -2  -4  -4  -2  -3  -4   0   6   0  -4  -3  -3    0   0   0   0   0   0   0   0   0   0   0   0   0   0   4  96   0   0   0   0  1.10 0.32
  380 L    -1  -3  -3  -2  -2  -3  -3  -3  -3   2   3  -3   0   3   1  -1  -2  -2   0   0    4   0   0   3   0   0   0   0   0  14  41   0   0  21   9   4   0   0   0   3  0.33 0.12
  381 A     4  -3  -2  -3  -2  -2  -1   2  -2   0  -2  -2  -2  -2  -2   0  -1  -3   1  -1   59   0   0   0   0   0   4  19   0   6   0   0   0   0   0   0   0   0   9   3  0.45 0.17
  382 T    -1  -2  -1  -2  -2  -2  -2  -2  -3  -2  -3  -2  -2  -3  -2   4   5  -4  -3  -2    0   0   0   0   0   0   0   0   0   0   0   0   0   0   0  42  58   0   0   0  0.85 0.26
  383 R    -1   0  -1   2  -2   0   2  -2  -1   0   1   0   1   0  -2   0   0  -3  -1   0    3   6   0  14   0   4  18   0   0   9  15   6   4   7   0   9   3   0   0   2  0.10 0.05
  384 Q    -1  -1   0   1  -4   4   4  -3  -1  -3  -3   0  -2  -3  -2  -1   0  -3   0  -2    3   0   4   6   0  32  37   0   0   0   0   3   0   0   0   0   7   0   4   3  0.56 0.17
  385 L    -2  -3  -4  -4  -2  -3  -3  -4  -3   3   3  -3   1   3  -4  -3   0  -2   2   0    0   0   0   0   0   0   0   0   0  23  47   0   0  14   0   0   9   0   7   0  0.46 0.14
  386 E     0   0  -1  -1  -4   0   4   0   4  -3  -3  -1  -2  -1  -3  -1  -2  -1   4  -3    7   5   0   0   0   0  43   9  13   0   0   0   0   0   0   0   0   0  23   0  0.51 0.17
  387 E    -1   0   2   1  -4   2   3  -2   1  -4  -3   3  -2  -4  -2   0  -1  -4  -2  -3    5   0  13   7   0   7  29   0   4   0   0  30   0   0   0   5   0   0   0   0  0.46 0.12
  388 Q     0   1   3   0   0   3   1  -2  -1   1  -2   0  -1  -3  -2  -1  -1  -3  -2   0    8   9  21   4   3  25   7   0   0  13   0   0   0   0   0   0   0   0   0   9  0.23 0.11
  389 I    -2  -3  -4  -4  -2  -3  -4  -4  -2   4   2  -3   2   3  -4  -3  -2  -1   4   1    0   0   0   0   0   0   0   0   0  38  21   0   5  16   0   0   0   0  19   0  0.51 0.14
  390 K    -1   2   0   0  -4   1   4  -2  -1  -4  -3   3  -2  -4   3   0  -1  -4  -3  -3    0  11   4   0   0   0  39   0   0   0   0  26   0   0  15   5   0   0   0   0  0.58 0.13
  391 A     1   0   3   1  -2   0   1  -1  -1   0  -2  -1  -1  -3  -2   1   2  -3  -2   0   16   5  21   8   0   0  12   0   0   9   0   0   0   0   0   7  19   0   0   4  0.19 0.06
  392 H    -1   2  -1  -2  -3   1  -1  -2   4   0  -1   0  -1   0  -2   1  -1  -1   3  -2    0  21   0   0   0  10   0   0  15   8   5   0   0   0   0  21   0   0  20   0  0.27 0.09
  393 H    -3  -2  -2  -3  -3  -2  -2  -4   6   0   0  -3  -1   4  -4  -2  -2   0   5  -2    0   0   0   0   0   0   0   0  30   6   6   0   0  29   0   0   0   0  29   0  0.73 0.14
  394 M    -1   0  -1   0  -2   2   0  -2  -1  -1   0   0   2  -1   1   1   1  -2   2  -1    0   6   0   7   0  20   4   0   0   0   8   0  12   0   7  13  10   0  13   0  0.17 0.06
  395 I     0  -3  -3  -4  -2  -3  -3  -3  -3   4   2  -3   1   0  -3  -2  -1  -2   1   3   10   0   0   0   0   0   0   0   0  52  13   0   0   0   0   0   0   0   7  19  0.39 0.09
  396 K    -2   3   1  -2  -3   0  -1  -2  -1  -2   0   4   3  -2  -2  -1  -1  -3  -2  -2    0  18  10   0   0   0   0   0   0   0  13  44  15   0   0   0   0   0   0   0  0.36 0.10
  397 L     0  -3  -3  -4  -2  -2  -3  -3  -3   1   4  -3   1  -1   2  -2   0  -3  -2   0   10   0   0   0   0   0   0   0   0   7  67   0   0   0  10   0   5   0   0   0  0.42 0.10
  398 K    -1   1  -1  -2  -3   0   0  -2   3  -2   0   4  -1  -2  -2   1  -1  -2   1  -2    0   0   0   0   0   0   0   0  10   0  13  56   0   0   0  13   0   0   8   0  0.34 0.10
  399 R     0   3   1  -1  -3   3   0   1  -1  -3  -1   3  -1  -3  -2   0  -1  -3  -2  -2   10  19   6   0   0  19   0  13   0   0   6  26   0   0   0   0   0   0   0   0  0.30 0.07
  400 A     5  -2  -2  -2  -1  -1  -1  -1  -2  -2  -2  -1  -2  -3  -1   1   2  -3  -2  -1   83   0   0   0   0   0   0   0   0   0   0   0   0   0   0   0  17   0   0   0  0.59 0.12
  401 E     0   0  -1   0  -2   1   2  -2   2  -1   1   1   1  -1  -1   0  -1  -2  -1  -1   10   1   1   1   0   7  26   1   8   1  19  10   8   1   1   1   1   0   1   1  0.13 0.03
  402 T    -1   2   0   1  -2   0   0  -2  -1  -2  -2   3  -1  -2  -1   0   2  -2  -2  -1    1  15   1  10   0   1   1   1   0   1   2  35   0   1   1   1  26   0   1   1  0.27 0.04
  403 E     0   4  -1   0  -2   1   3  -2  -1  -2  -2   1  -2  -2  -1   0  -1  -2  -2  -2   11  35   1   1   0   1  34   1   0   1   2   1   0   1   1   8   1   0   1   1  0.35 0.05
  404 G     0  -2   2  -1   2  -1  -2   5  -1  -3  -3  -1  -2  -3  -2   0  -1  -2  -2  -2    1   1  15   1   8   1   1  62   0   1   2   1   0   1   1   1   1   0   1   1  0.60 0.06
  405 N    -2   2   5   3  -3   0   0  -1   0  -4  -4   1  -3  -4  -2   0  -1  -4  -3  -3    0  17  57  18   0   0   0   0   0   0   0   9   0   0   0   0   0   0   0   0  0.64 0.09
  406 T     0   3   2  -1  -3   1   0  -2  -1  -2  -1   2  -1  -3  -2   0   2  -3  -2  -2    4  25  17   0   0   7   0   0   0   0   7  18   0   0   0   0  21   0   0   0  0.28 0.05
  407 E    -1  -1   1   3  -3   1   4  -2  -1  -2  -3   0  -2  -3  -2   0  -1  -3  -2  -1    1   0   9  18   0   0  57   1   0   0   1   0   0   0   0   1   0   0   0  10  0.51 0.07
  408 D    -2  -1   0   5  -4   0   2  -2  -2  -3  -3   2  -3  -4  -2  -1  -1  -4  -3  -1    0   0   0  66   0   0   9   0   0   0   0  17   0   0   0   0   0   0   0   7  0.70 0.09
  409 V    -1  -1   0  -1  -2  -1   0  -2  -2   3   0   0   0  -1   3  -1  -1  -3  -2   1    1   0   8   0   0   0   9   1   0  38   1  10   0   0  18   1   1   0   0  12  0.21 0.04
  410 E    -1  -1  -1   3  -3   1   4  -2  -1  -2  -2   0  -2   2  -2  -1  -1  -2  -1  -2    1   0   0  17   0   0  58   1   0   0   1   1   0  18   0   1   1   0   0   1  0.49 0.07
  411 Y    -2  -2  -2  -3  -3  -2  -2  -3   1  -2  -2  -2  -2   2  -3  -2  -2   2   8  -2    1   0   0   0   0   0   1   1   0   0   1   1   0   0   0   1   1   0  92   1  1.18 0.13
  412 Y    -2  -2  -3  -3  -3   1  -2  -4   1  -1   1  -2  -1   2  -3  -2  -2   1   7  -1    0   0   0   0   0   9   0   0   0   0  16   0   0   0   0   0   0   0  75   0  0.85 0.12
  413 K     0   3   0  -1  -3   2   1  -2  -1  -3  -3   2  -2  -3  -2   2   0  -3  -2  -2    0  25   0   0   0   9   9   0   0   0   0  21   0   0   0  36   0   0   0   0  0.40 0.06
  414 S     0   2   1   0  -2   0   2   2  -1  -3  -3   0  -2  -3  -2   2   1  -3  -2  -2    0  16   7   0   0   0  17  17   0   0   0   0   0   0   0  34   9   0   0   0  0.31 0.05
  415 L    -2   0  -3  -4  -2  -2  -3  -4  -3   3   4  -2   1   0  -3  -3  -1  -2  -2   1    0   9   0   0   0   0   0   0   0  25  66   0   0   0   0   0   0   0   0   0  0.43 0.07
  416 I    -1  -1  -2  -1  -2   1   1  -2  -2   2   2  -1   1  -1  -2  -1  -1  -2  -1   1    1   1   1   1   0  10  18   1   0  26  33   1   0   1   1   1   1   0   1   1  0.14 0.03
  417 T    -1  -1   0   4  -2   1   1  -1  -1  -2  -2   0  -2  -3  -1   2   2  -3  -2  -2    1   0   0  34   0  10   8   1   0   0   1   0   0   0   0  17  26   0   0   1  0.37 0.05
  418 D     1  -1  -1   3  -2   0   2  -2  -1  -1   0  -1  -1  -2  -2   0  -1  -3  -2   0   17   0   0  25   0   0  26   1   0   0  18   0   0   0   0   1   1   0   0   8  0.21 0.04
  419 L    -2  -2  -2  -3  -2  -2  -2  -3   3   1   3  -2   1   0  -3  -2  -1  -1   2   0    1   0   0   0   0   0   1   1  14   5  64   0   0   0   0   1   1   0  10   1  0.33 0.06
  420 D    -2   2   3   3  -3   0   0  -2  -1  -1  -2   0  -2  -3   3  -1  -1  -3  -2  -2    1  17  19  30   0   0   1   1   0  10   1   0   0   0  18   1   1   0   0   1  0.39 0.05
  421 A     2   1   1   1  -2   0   1  -1  -1  -1  -2   2  -1  -3  -1   1   0  -3  -2  -1   28   9   7   7   0   0  14   0   0   9   0  17   0   0   0   9   0   0   0   0  0.18 0.03
  422 L    -2  -3  -4  -4  -2  -2  -3  -4  -3   3   4  -3   3   0  -3  -3  -1  -2  -1   2    0   0   0   0   0   0   0   0   0  18  66   0   8   0   0   0   0   0   0   9  0.48 0.07
  423 I    -1   3  -2  -2  -2   1  -1  -3  -1   2   1   2   2  -1  -2  -1  -1  -3  -2   0    0  26   0   0   0   9   0   0   0  25   9  17  14   0   0   0   0   0   0   0  0.21 0.05
  424 G     0   1   2   1  -3  -1  -1   4  -1  -4  -4  -1  -3  -3  -2   1  -1  -3  -3  -3    3  11  17   8   0   0   0  51   0   0   0   0   0   0   0  10   0   0   0   0  0.54 0.06
  425 E     0   1   0   1  -3   1   3  -2  -1  -3  -3   2  -2  -3   2   0   1  -3  -2  -2   11  10   0  10   0   0  26   0   0   0   0  18   0   0  10   0  15   0   0   0  0.32 0.04
  426 E    -1  -1   2   0  -2   0   3  -2   3  -2  -3   1  -2  -3  -2   1   3  -3  -1  -2    0   0  12   0   0   0  28   0  11   0   0   6   0   0   0  13  31   0   0   0  0.33 0.04
  427 E     1  -1  -1  -1  -2   0   2  -2   3   0  -1  -1  -1  -2  -2   0   1  -3  -1   2   16   0   0   0   0   0  23   0  13   0   0   0   0   0   0   0  17   0   0  31  0.17 0.04
  428 Q    -1   3   2   0  -4   4   2  -2   0  -3  -3   2  -2  -3  -2   0  -1  -3  -2  -3    0  24  13   0   0  30  20   0   0   0   0  13   0   0   0   0   0   0   0   0  0.48 0.04
  429 T     0  -1   0  -1  -1  -1  -1  -2  -2  -1   0  -1  -1  -2  -1   3   4  -3  -2  -1    0   0   0   0   0   0   0   0   0   0  14   0   0   0   0  35  51   0   0   0  0.36 0.05
  430 P     0  -2  -1  -1  -3  -1  -1   2  -2  -3  -3  -1  -3  -4   6   1  -1  -4  -3  -3    0   0   0   0   0   0   0  22   0   0   0   0   0   0  60  18   0   0   0   0  1.13 0.03
  431 A     2  -2  -1  -2  -1  -1  -1  -1   4   1  -1  -1   0  -1  -2   0  -1  -3  -1   1   43   0   0   0   0   0   0   0  22  18   0   0   0   0   0   0   0   0   0  17  0.18 0.02
  432 P     0  -1   0  -1  -2   0  -1  -2   6  -3  -3  -1  -2  -2   4   2   0  -3   0  -3    0   0   0   0   0   0   0   0  40   0   0   0   0   0  24  36   0   0   0   0  0.59 0.03
  433 G     0   2   2  -1  -3  -1  -1   5  -1  -4  -4   0  -3  -3  -2   0  -1  -3  -3  -3    0  17  18   0   0   0   0  64   0   0   0   0   0   0   0   0   0   0   0   0  0.65 0.03
  434 R    -1   5   0   2  -4   0   0   2  -1  -3  -3   1  -2  -3  -2  -1  -1  -3  -2  -3    0  64   0  17   0   0   0  18   0   0   0   0   0   0   0   0   0   0   0   0  0.51 0.03
  435 R     0   5   0  -1  -2   0   0  -2   2  -3  -3   1  -2  -3  -2   2   0  -3  -1  -2    0  57   0   0   0   0   0   0   7   0   0   0   0   0   0  36   0   0   0   0  0.46 0.03
  436 F    -1  -3  -3  -4  -2  -3  -3  -3  -2   1   0  -3   0   5  -3  -2  -1   0   2   2    0   0   0   0   0   0   0   0   0   0   0   0   0  60   0   0   0   0   0  40  0.47 0.03
  437 K    -1   4   0  -1  -4   1   0  -2  -1  -3  -3   4  -2  -3  -2  -1  -1  -3  -2  -3    0  39   0   0   0   0   0   0   0   0   0  61   0   0   0   0   0   0   0   0  0.60 0.03
  438 L    -1  -2  -2  -2  -2  -1  -2  -2  -2   0   2  -2   3  -1   4   1  -1  -2  -2   0    0   0   0   0   0   0   0   0   0   0  43   0  17   0  22  18   0   0   0   0  0.33 0.02
  439 A     2  -2  -2  -3  -1  -2  -2  -1  -2   0   2  -2   0  -1   3   0  -1  -3  -2   0   43   0   0   0   0   0   0   0   0   0  40   0   0   0  17   0   0   0   0   0  0.29 0.02
  440 A     3  -1  -1  -2  -1  -1  -1  -1  -2  -1  -1  -1   3  -2  -1   2   0  -3  -2   0   52   0   0   0   0   0   0   0   0   0   0   0  22   0   0  26   0   0   0   0  0.26 0.03
  441 P    -1   2  -2  -2  -3  -1  -1  -2  -2  -3  -3   0  -2  -4   7  -1  -1  -4  -3  -3    0  22   0   0   0   0   0   0   0   0   0   0   0   0  78   0   0   0   0   0  1.52 0.02
  442 E    -1   0   0   2  -4   2   5  -2   0  -3  -3   1  -2  -3  -1   0  -1  -3  -2  -3    0   0   0   0   0   0 100   0   0   0   0   0   0   0   0   0   0   0   0   0  0.75 0.01
  443 E    -1  -1   0   4  -4   1   4  -2   0  -3  -3   0  -2  -3  -1   0  -1  -3  -2  -3    0   0   0  31   0   0  69   0   0   0   0   0   0   0   0   0   0   0   0   0  0.68 0.01
  444 G     0  -2   0  -1  -2  -1  -1   5  -2  -3  -3  -1  -2  -3  -2   2   0  -3  -3  -3    0   0   0   0   0   0   0  69   0   0   0   0   0   0   0  31   0   0   0   0  0.68 0.00
  445 T     1  -2  -1  -2  -1  -1  -2  -2  -2  -1  -1  -1  -1   3  -2   1   3  -1   1   0   14   0   0   0   0   0   0   0   0   0   0   0   0  31   0   0  55   0   0   0  0.25 0.00
  446 L    -1  -2  -3  -3  -2  -2  -3   1  -3   1   4  -2   2   0  -3  -2  -1  -2  -1   0    0   0   0   0   0   0   0  14   0   0  86   0   0   0   0   0   0   0   0   0  0.33 0.00
  447 V     0  -3  -3  -3  -1  -2  -3  -3  -3   3   1  -2   1  -1  -3  -2   0  -3  -1   4    0   0   0   0   0   0   0   0   0   0   0   0   0   0   0   0   0   0   0 100  0.36 0.01
  448 A     3   0  -1  -1  -1   0   0   0  -1  -2  -2   2  -1  -3  -1   1   0  -3  -2  -1   69   0   0   0   0   0   0   0   0   0   0  31   0   0   0   0   0   0   0   0  0.29 0.00
  449 K    -1   2   0  -1  -3   1   1  -2  -1  -3  -3   5  -1  -3  -1   0  -1  -3  -2  -2    0   0   0   0   0   0   0   0   0   0   0 100   0   0   0   0   0   0   0   0  0.54 0.01
  450 V     0  -2  -2  -2  -1  -2  -2  -3  -3   2   0  -2   0  -1  -2   0   2  -3  -1   3    0   0   0   0   0   0   0   0   0   0   0   0   0   0   0   0  31   0   0  69  0.26 0.00
  451 L    -2  -3  -4  -4  -1  -2  -3  -4  -3   3   4  -3   2   0  -3  -3  -1  -2  -1   2    0   0   0   0   0   0   0   0   0  31  69   0   0   0   0   0   0   0   0   0  0.39 0.00
  452 K    -1   2   0   0  -3   2   3  -2  -1  -3  -3   4  -2  -3  -1   0  -1  -3  -2  -2    0   0   0   0   0   0  31   0   0   0   0  69   0   0   0   0   0   0   0   0  0.48 0.01
  453 D    -2  -1   3   6  -4   0   1  -1  -1  -3  -4  -1  -3  -4  -2   0  -1  -4  -3  -3    0   0  16  84   0   0   0   0   0   0   0   0   0   0   0   0   0   0   0   0  0.80 0.00
  454 E    -1   0   0   2  -4   2   5  -2   0  -3  -3   1  -2  -3  -1   0  -1  -3  -2  -3    0   0   0   0   0   0 100   0   0   0   0   0   0   0   0   0   0   0   0   0  0.73 0.00
  455 L    -2  -2  -4  -4  -1  -2  -3  -4  -3   2   4  -3   2   0  -3  -3  -1  -2  -1   1    0   0   0   0   0   0   0   0   0   0 100   0   0   0   0   0   0   0   0   0  0.45 0.00
  456 K    -1   2   0  -1  -3   1   1  -2  -1  -3  -3   5  -1  -3  -1   0  -1  -3  -2  -2    0   0   0   0   0   0   0   0   0   0   0 100   0   0   0   0   0   0   0   0  0.51 0.00
  457 K    -1   2   0  -1  -3   1   1  -2  -1  -3  -3   5  -1  -3  -1   0  -1  -3  -2  -2    0   0   0   0   0   0   0   0   0   0   0 100   0   0   0   0   0   0   0   0  0.51 0.00

                      K         Lambda
Standard Ungapped    0.1358     0.3178
Standard Gapped      0.0396     0.2670
PSI Ungapped         0.1295     0.3182
PSI Gapped           0.0396     0.2670
