
Last position-specific scoring matrix computed, weighted observed percentages rounded down, information per position, and relative weight of gapless real matches to pseudocounts
            A   R   N   D   C   Q   E   G   H   I   L   K   M   F   P   S   T   W   Y   V   A   R   N   D   C   Q   E   G   H   I   L   K   M   F   P   S   T   W   Y   V
    1 M    -7  -7  -8  -9  -7  -6  -8  -9  -7  -4   2  -7  11  -5  -8  -7  -6  -7  -7  -5    0   0   0   0   0   0   0   0   0   0  17   0  83   0   0   0   0   0   0   0  3.37 1.32
    2 K    -5  -1   4  -2  -7  -3  -4  -6  -2  -7  -5   4  -6  -7  -6   3   4  -8  -6  -6    0   2  19   2   0   1   0   0   1   0   1  26   0   0   0  22  26   0   0   0  1.16 0.74
    3 L    -6  -5  -9  -9  -7  -8  -8  -9  -8   1   7  -8   0  -3  -5  -8  -7  -7  -3  -3    0   1   0   0   0   0   0   0   0   7  86   0   2   1   1   0   0   0   1   1  2.12 1.02
    4 Y    -5  -3  -4  -9  -8  -4  -5  -9   2  -4  -5  -5  -7   4  -9  -6  -8   2   9  -5    1   1   1   0   0   1   1   0   4   1   1   1   0  15   0   1   0   3  68   1  2.62 1.22
    5 E    -4  -3   0   3  -8   3   6  -4  -3  -7  -6  -1  -7  -8  -6  -2  -4  -8  -4  -6    1   2   5  15   0  10  56   2   1   0   1   3   0   0   0   2   1   0   1   1  1.47 0.87
    6 L    -2  -7  -8  -8  -1  -4  -5  -7  -8   6   5  -7   1  -3  -8  -6  -6  -7  -4  -2    4   0   0   0   1   1   1   0   0  39  47   0   3   1   0   0   0   0   1   2  1.55 0.80
    7 T     2  -1   2   1  -2   0  -1  -3  -2  -2  -3  -1  -1  -6  -3   2   4  -6  -6  -4   18   3   8   7   1   4   4   2   1   2   2   4   1   0   1  14  27   0   0   1  0.52 0.45
    8 D     1  -1   1   3  -6   3   3   1   0  -4  -5   0  -4  -5  -4   0  -1  -6  -3  -3   10   3   6  14   0  12  20  11   2   1   1   5   0   0   1   7   4   0   1   1  0.46 0.39
    9 N     1   0   2   3  -6   3   4  -3  -3  -2  -3   0  -1  -5  -5  -1  -2  -7  -6  -3   10   5   9  15   0  14  23   2   1   3   3   6   2   1   0   4   2   0   0   2  0.56 0.45
   10 S     0  -4  -6  -6  -4  -3  -3  -6  -1   3   3  -5   3   3  -7  -5  -5   1   6  -1    7   1   0   0   0   2   2   0   1  14  22   0   6  10   0   1   0   1  27   4  0.97 0.59
   11 L     1   3   1  -1  -1   2   1  -4  -2  -1   1   1   0  -3  -3  -1  -2  -3  -2  -1   10  15   6   4   1  10   9   1   1   4  16   9   2   1   1   5   1   0   1   3  0.22 0.24
   12 K     1   1   1   2  -6   4   3  -3   1  -4  -3   1  -2  -4  -4   0  -2  -4  -4  -4   13   6   8  10   0  16  21   1   3   1   2   7   1   1   1   6   3   0   0   1  0.50 0.43
   13 V     0  -4  -4  -5  -1  -3  -6  -7  -4   4   5  -6   0  -1  -6  -4  -3  -6  -4   2    7   1   1   1   2   1   0   0   1  20  48   0   2   2   0   1   2   0   0  10  0.98 0.58
   14 Q     0  -1  -1  -1  -4   2   1  -4  -3   1   2  -1   2   0  -4  -2  -2   0   1   0    8   4   3   4   0  10  11   1   0   7  24   4   5   4   0   2   2   1   4   5  0.22 0.24
   15 E     0  -1   2   4  -5   1   5  -4  -2  -4  -3  -3  -2  -5  -4  -1  -3  -4  -3  -4    8   3  10  24   0   6  31   1   1   1   3   1   1   0   1   5   1   0   1   1  0.81 0.58
   16 F     1   0  -1  -1  -2   1   1  -3  -1   0   2  -1   4  -1  -4  -1  -1  -5  -2  -1   11   5   3   4   1   8   9   1   1   6  22   3  13   2   0   4   3   0   1   4  0.25 0.26
   17 L     1  -3  -3  -1  -1  -2  -2  -3  -2   4   3  -3   3   0  -3  -2  -3  -3  -1   0   13   1   1   4   1   1   3   2   1  21  28   1   6   3   1   2   1   0   2   6  0.42 0.31
   18 E     0  -3   0   3  -3  -1   5  -3  -3  -1  -3  -3   0  -3  -2  -1   0  -6  -2  -2    9   1   5  17   1   3  35   2   0   3   2   1   2   1   3   3   6   0   2   3  0.62 0.47
   19 E    -2  -4   1   5  -4   1   5  -2  -2  -5  -5  -4  -3  -6  -4   0  -2  -2  -7  -4    4   1   6  31   0   5  32   4   1   1   1   0   1   0   1   7   3   1   0   1  1.01 0.67
   20 N     0  -2   1   2  -3   0   2   1  -1   0   0  -2   1  -2   0   0  -1   0  -2  -2    8   2   7  11   0   4  15  11   1   7   9   1   3   1   5   5   4   1   1   3  0.14 0.18
   21 N    -3  -5   1   6  -5  -1   3   0  -1  -4  -6  -3  -3  -5  -2  -2  -1  -8  -4  -6    3   0   5  45   0   3  20   7   1   1   1   1   1   1   2   3   5   0   1   0  1.11 0.70
   22 T     0  -2  -2   2  -2   0   3   1  -3  -1  -2  -3  -1  -2   3  -1   1  -4  -3  -1    6   2   1  12   1   3  20  10   0   3   5   1   2   2  13   4   9   0   1   4  0.31 0.31
   23 D    -2  -3  -2   5  -7   2   5  -1  -5  -5  -5  -2  -4  -8  -4  -2  -2  -8  -7  -3    4   1   1  28   0   7  40   5   0   1   1   2   0   0   1   2   3   0   0   2  1.14 0.73
   24 A     1  -3  -3   0  -2   0   3  -3  -4   0   1  -2   1  -1  -3  -2   2  -1  -3   1   13   1   1   5   1   4  20   2   0   6  15   2   3   3   1   2  12   1   1   8  0.26 0.29
   25 V    -1  -2  -2  -2  -4  -3  -2  -3  -2   3   3  -3   1   2  -4  -3   0   0  -1   2    4   3   2   2   0   1   2   2   1  18  29   2   3  10   1   1   5   1   2  12  0.43 0.31
   26 K     2   0   0   0  -3   1   2  -3   0   0   0   1   0  -1  -1  -1   0   0  -2  -1   17   5   4   5   0   6  16   1   2   5  10   9   2   3   2   3   5   1   1   3  0.15 0.20
   27 D    -1  -4  -1   6  -4   0   4  -3  -2  -4  -3  -2  -6  -7  -2  -2  -2  -7  -5  -3    5   1   2  47   0   4  22   2   1   1   3   2   0   0   2   2   3   0   0   2  1.15 0.71
   28 T     2  -1  -3  -2  -2   1  -1  -3  -2  -1  -1  -1   3  -3  -5   0   5   1  -1  -2   15   4   1   2   1   6   4   1   1   4   6   3   7   1   0   5  34   2   2   2  0.52 0.45
   29 L    -4  -5  -7  -5  -3  -3  -4  -6  -3   3   6  -3   2   0  -5  -5  -4  -3  -3   0    2   1   0   1   0   1   1   1   1  13  61   2   5   4   0   1   1   0   1   5  1.21 0.68
   30 D    -1  -3   0   4  -7   1   6  -3  -2  -6  -5  -1  -3  -5  -4  -2  -2  -2  -6  -4    6   1   5  24   0   6  42   2   1   0   1   3   1   1   1   2   2   1   0   2  1.06 0.70
   31 A     2  -3  -2  -1  -1   0   2   4  -3  -1  -3  -1  -1  -4  -5   2  -2  -6  -3  -2   16   1   1   3   1   4  13  27   1   5   3   3   1   0   0  14   2   0   1   3  0.43 0.38
   32 L    -2  -5  -2  -4  -3  -2   2  -5  -3   4   3  -3   1  -1  -4  -2  -1   0  -1   1    4   0   2   1   0   1  14   1   1  24  27   1   4   2   1   3   3   1   3   8  0.54 0.40
   33 T    -1  -1   1   1  -2   2   3  -2  -1  -3  -3   0  -2  -2  -4  -1   3  -2  -2  -2    4   3   5   9   1  10  22   3   1   1   3   6   1   2   1   4  20   1   1   3  0.41 0.38
   34 D     0  -2   0   4   0   0   2   2  -4  -2  -1  -1   1  -3  -3   0  -2  -1  -3  -3    8   1   4  22   3   4  15  15   0   2   6   3   4   1   1   6   2   1   1   2  0.34 0.30
   35 S     2  -2   1   2  -2   1   3  -2  -2  -3   0  -2  -1  -3  -2   0   0  -5  -2  -2   18   1   5  13   1   5  22   2   1   1   9   2   2   1   2   6   6   0   1   2  0.31 0.31
   36 F    -2   0  -4  -6  -2  -1  -3  -6  -1   3   3  -2   1   5  -4  -3  -2   2  -1  -1    3   5   1   0   1   3   1   0   2  18  29   3   4  20   1   2   2   3   2   2  0.64 0.43
   37 H    -1  -2   0   2  -3   1   5  -1   2  -3  -4   1  -1  -3  -2  -1  -1  -3  -4  -2    6   2   4  11   0   5  36   4   4   2   2   9   1   1   2   3   3   0   0   3  0.57 0.44
   38 D     0  -1   1   4  -2   1   3  -1  -2  -2  -2  -1  -1  -5  -3  -1   0  -5  -2   0    7   3   5  21   1   5  22   4   1   3   4   4   2   0   1   4   6   0   1   6  0.38 0.32
   39 K    -1  -1  -3  -4  -3  -2  -3  -4  -3  -1  -2   7  -1  -3  -5  -3  -3  -6  -3  -2    5   2   1   1   1   1   1   1   1   4   5  67   2   1   0   1   2   0   1   3  1.44 0.79
   40 S     3  -3  -3  -3   1  -4  -3  -2  -3   3   2  -4   1  -1  -5  -1  -2  -1  -2   2   23   1   1   2   3   0   1   3   1  14  21   1   3   3   0   3   1   1   1  17  0.42 0.33
   41 E    -1  -1   0   5  -2  -1   4  -3  -2  -1  -1  -1  -2  -3  -5  -1  -1  -2  -3  -1    4   4   4  29   1   3  23   2   1   4   6   3   1   1   0   5   3   1   1   5  0.55 0.41
   42 N     2   1   4  -1  -5   0  -1   2  -1  -3  -4  -1  -2  -5  -5   1  -2   0  -1  -3   20   8  22   3   0   4   4  13   1   1   2   3   1   0   0  10   2   1   2   1  0.46 0.38
   43 I    -2  -6  -6  -7   1  -3  -6  -4  -1   4   1  -6   2  -1  -6  -4  -1   1   5   2    4   0   0   0   3   1   0   1   2  26  13   0   4   1   0   1   4   2  22  15  0.88 0.53
   44 V     3  -1  -3  -2   3  -2  -2   0  -2   1   0  -2   1  -3  -3  -2  -2   0  -1   2   30   3   1   2   5   2   2   7   1   8  10   2   3   1   1   2   2   1   2  12  0.31 0.28
   45 K     1   2  -1  -1   1   0  -1   0   2  -2  -2   3   0   0  -3  -1  -2   3   1  -2   11   9   2   3   4   3   4   6   6   1   5  20   2   4   1   4   2   3   6   3  0.20 0.22
   46 I     0  -1  -4  -3  -4  -1  -1  -3  -1   2   1  -3   2   1  -5  -1  -2   4   3   3    9   3   0   1   0   3   3   2   1  10  13   1   5   7   0   4   1   5  11  20  0.32 0.28
   47 I     0  -1  -2  -3   0  -2  -3  -4   0   5   0  -2   2  -1  -5  -3  -2   0   1   1    8   4   2   2   2   2   2   1   2  40   9   2   4   2   0   2   3   1   5   9  0.54 0.39
   48 K    -1   3  -1   0   0   1   1  -2   0  -2  -1   3   0  -1  -4  -1  -1  -5  -1  -2    5  19   2   6   2   7   8   3   2   2   7  21   2   2   0   3   4   0   2   2  0.30 0.28
   49 S     0   0   3   1   0   1   1  -1   1  -1  -2   0   0  -1  -4   0   0   2   0  -1    7   4  17   6   3   5  11   3   4   4   3   5   3   3   0   7   5   3   4   3  0.17 0.19
   50 L    -1  -1  -1   0   2   0  -1  -4  -3   0   2  -1   2   1  -1  -1  -1   3   1   0    5   4   4   7   4   5   3   0   0   5  25   4   6   6   3   3   4   4   5   4  0.16 0.19
   51 A    -1   0   0   1  -5   2   4  -2   1   0  -2   1   1  -4  -4  -1  -1   2   0  -2    4   4   5   8   0   7  25   3   3   6   4  10   4   0   0   4   4   3   3   3  0.30 0.29
   52 A     0   0   0   0   2   0   0  -1   1   0  -1   0   1   0   0   0   0  -2   1   0    5   5   5   5   5   5   5   5   5   5   5   5   5   5   5   5   5   0   5   5  0.03 0.05
   53 D    -2   0   0   3  -4   2   2  -2   1  -1  -1  -1   1  -1  -3  -1  -1   1   0  -1    3   5   5  17   0  10  16   3   3   3   6   3   5   3   0   5   4   2   4   3  0.23 0.24
   54 A     2  -1   0  -3   0  -1   0  -2   0   2   0  -1   0  -1  -3   0   0  -4  -1   1   22   3   4   0   2   3   7   3   2  17   7   3   3   2   0   5   4   0   2  10  0.15 0.20
   55 E     0   0   0   0   2   1   0   0  -2   0   0   0   1   0   1   0   0  -3  -2   0    6   6   6   6   6   6   6   6   0   6   6   6   6   6   6   6   6   0   0   6  0.04 0.07
   56 M     2  -1   0  -1   1   0  -1   1   1  -1  -2  -1   1   0  -2   0   0   3   1  -1   19   3   4   3   3   5   4   9   3   4   4   4   4   3   3   6   6   4   4   5  0.14 0.13
   57 A    -1   0   0   0   2   0   0  -1   2   0  -1   0   1   0  -3   0   0   3   1   0    5   5   5   5   5   5   5   5   5   5   5   5   5   5   0   5   5   5   5   5  0.06 0.10
   58 G     0   1   0   1   1   1   1  -1   1  -4  -2   4   0  -1  -4   0  -1  -4   0  -2    7   6   3   7   3   5  10   4   3   0   3  26   3   3   0   6   4   0   3   3  0.27 0.26
   59 I     0   0   0   0   2   0   0   0   1   0  -1   0   1   0   1   0   0  -3  -1   0    6   6   5   6   5   5   6   6   5   6   6   6   5   5   6   6   6   0   0   6  0.03 0.07
   60 E    -1   1  -1   0   1   1   4  -4   1  -1  -2   1   0  -1  -4  -1  -1   2   0  -1    5   7   3   4   3   5  32   0   3   3   4   7   3   3   0   4   3   3   4   4  0.33 0.32
   61 A     0   1   1  -2  -2   1   0   0   2   0   0   0   1  -2  -2   0   0  -2   1   0    7   7   7   0   0   7   7   7   6   7   7   7   6   0   0   7   7   0   6   7  0.06 0.10
   62 K     0   0   1   2  -5   1   2  -2  -3  -2  -3   4  -1  -5  -4  -1  -1  -5  -4  -2    7   4   7  14   0   7  13   2   0   2   2  32   2   0   0   4   3   0   0   3  0.50 0.37
   63 R     0   5   0   0  -5   1   0  -3   2  -2  -3   1   0  -2  -2  -1   0  -5  -1  -2   10  30   3   6   0   6   7   2   4   2   2   9   2   2   2   4   6   0   2   3  0.38 0.31
   64 L    -2  -1  -2  -2   0  -2  -5  -6  -5   2   4  -5   4   3  -6  -5  -4   2   2  -1    3   3   2   2   2   2   0   0   0   9  40   0  12  11   0   0   0   2   7   4  0.73 0.45
   65 L     1   2   1   0  -1   3   1  -2   0  -2  -2   1   0  -2  -3   0   0  -4  -1  -2   14  11   6   5   2  15   7   2   2   2   3  10   2   1   0   7   7   0   2   3  0.20 0.21
   66 K     0   0   1   0  -2   1   0   0   2   0   0   0   1   0  -2   0   0  -3  -1   0    6   6   6   6   0   6   6   6   6   6   6   6   6   6   0   6   6   0   0   6  0.04 0.07
   67 R    -1   5  -1  -1  -4   0  -1  -2   1  -1   0   1   1  -1  -3  -1  -3   2   0  -1    4  32   3   3   0   4   4   3   3   5   9   9   4   3   0   4   0   3   3   3  0.32 0.28
   68 K     0   2   0  -2   1   1   0  -1   1  -1  -1   2   1  -1  -1   0  -2  -3   0   0   11  15   4   0   3   6   4   3   4   4   6  15   4   3   3   4   0   0   3   7  0.12 0.15
   69 Q     0   1   1   1  -3   1   0   0   2  -2  -1   0   1  -2  -2   0   0  -2   1   0    7   7   7   7   0   7   7   7   6   0   7   7   6   0   0   7   7   0   6   7  0.07 0.11
   70 A     2   3  -1  -2  -4   0  -1  -1   0  -1  -2   0  -1  -2  -2   2   1  -4  -1  -1   21  17   2   2   0   4   2   3   2   3   3   4   2   2   2  16   9   0   2   5  0.24 0.27
   71 L     0   1  -1   0   0  -1   0  -3   0   1   1   0   1   0  -3  -1  -1   2   1   0   10   9   3   5   2   2   5   0   3  12  18   5   4   5   0   3   3   3   5   5  0.06 0.11
   72 E     0   0   0   1   1   1   3  -1   1  -1  -1   1  -2  -3  -2   0   0  -3  -2  -1    7   4   4   6   3   7  21   4   3   4   9  10   0   0   0   5   6   0   0   4  0.15 0.15
   73 N     0   1   4   0  -3   0   0  -1   1  -1  -2   1  -2  -3  -3   0   0  -3   0  -1    6   8  26   4   0   4   5   4   4   4   4  11   0   0   0   6   5   0   3   4  0.24 0.21
   74 N     0   0   0   0  -3   1   0   0   2   0  -1   0   1   1  -3   0   0   3   1   0    6   6   5   6   0   5   6   6   5   6   6   6   5   5   0   6   6   5   5   6  0.06 0.10
   75 V     2   0  -1  -2   0   1  -1  -2  -1   3   0   0   0  -1  -4  -1  -1  -4  -1   1   23   4   3   2   2   6   4   2   1  18   6   6   2   3   0   4   2   0   2   9  0.20 0.23
   76 Q     0   0   0   3  -1   1   3  -1  -1  -2  -3   2  -1  -3  -4  -1  -1  -5  -2  -2   10   5   5  18   1   6  19   4   1   2   3  13   1   1   0   4   2   0   1   2  0.35 0.31
   77 N     0   4   1  -2   0   0   0  -1   0  -2  -3   1   0   0  -5   0  -1   4   1  -3    8  24   6   2   2   4   5   4   2   2   2   8   2   4   0   7   4   6   5   2  0.35 0.30
   78 L    -3  -2   0  -2   1  -1  -2  -3   0   2   4  -2   4   0  -2  -3  -2   2  -1  -1    3   3   4   3   3   3   3   3   3   9  33   3   9   4   3   3   3   3   3   4  0.46 0.28
   79 K     0   0   0   0   2   1   0   0   2   0  -1   0   1   0  -3   0   0  -3   1   0    6   6   6   6   6   6   6   6   6   6   6   6   6   6   0   6   6   0   6   6  0.04 0.08
   80 N    -1  -1   1   1   1   0   4  -2   1  -8  -2   1   1  -1  -2   0  -1   2  -1  -2    6   4   7   7   3   4  22   4   3   0   4   7   3   3   3   6   5   3   3   3  0.26 0.25
   81 Y     1   1   1  -4  -2  -3  -5  -4   0   0   0  -4   1  -1  -4  -2  -2   2   7  -3   10   7   5   1   1   2   1   2   3   6   9   2   4   3   1   3   3   2  34   2  0.91 0.52
   82 L    -1  -5  -6  -6   1  -5  -2  -2   0   3   4  -2   4   0  -6  -5  -1  -5   0   1    5   0   0   0   3   0   3   3   3  13  40   3   9   3   0   0   3   0   3   9  0.68 0.44
   83 Q     0   1   0  -1   0   2   0  -2   0   0   1   1   1   0  -3  -1   0  -3   0   0    9   6   3   3   2  10   6   3   2   4  16  11   4   3   0   3   5   0   3   5  0.09 0.13
   84 T    -1   0   0   0   2   0  -1  -1   2   0  -1   0   2   0   0  -1   0   3   1  -1    5   5   5   5   5   5   5   5   5   5   5   5   5   5   5   5   5   5   5   5  0.03 0.09
   85 E     3  -2   2  -2   2   0   0  -2   1   0  -1  -2   0   0  -4   1   0  -4   1   0   23   2   9   2   4   4   5   3   4   4   7   2   2   4   0   9   5   0   5   7  0.18 0.20
   86 M    -1  -1  -5  -5   1  -4  -1  -5   1   1   2  -1   7   1  -5  -2   0  -5   1   0    6   4   0   0   3   0   4   0   3   6  20   4  26   5   0   4   5   0   4   6  0.62 0.41
   87 E     0   0   0   0   2   0   0  -1   1   0  -1   0   1   0   0   0   0  -2   1   0    5   5   5   5   5   5   5   5   5   5   5   5   5   5   5   5   5   0   5   5  0.03 0.05
   88 R     1   0  -1  -1   0   1   1   0   0  -1   0   1   0  -1   0   0   0  -3   0  -1   15   5   3   3   2   6   9   6   2   3  10  10   3   3   3   5   5   0   3   5  0.05 0.08
   89 M     1   0   0  -1   1   0  -1   0   1   0   0  -1   2   0  -3   0   1  -3   0   0   14   5   4   4   3   3   3   9   4   3  10   3   7   4   0   5  10   0   3   6  0.05 0.10
   90 E    -1  -1   1   1  -5   0   1   4   0  -2  -3   0  -1  -4  -1  -1  -2  -5  -1  -2    3   2   8   8   0   4   8  38   2   2   3   5   2   0   3   4   2   0   2   3  0.46 0.35
   91 I    -1   1   0  -1   1   0   0  -2   0   2   0   1   1  -1  -1  -2   0   2   0   0    5   8   4   3   3   5   7   3   3  13   8   8   3   3   3   3   5   3   3   7  0.08 0.07
   92 R     0   0   0   0   2   0   0  -1   1   0  -1   0   1   0   0   0   0  -2   1   0    5   5   5   5   5   5   5   5   5   5   5   5   5   5   5   5   5   0   5   5  0.03 0.05
   93 K    -2   1   0  -1   0   0   1  -2   0  -5  -3   4  -4  -1   1   0   0   2  -1  -1    3   6   5   3   2   3  10   3   3   0   2  33   0   2   6   6   5   3   2   4  0.39 0.37
   94 I     0  -2  -4  -4   0  -1  -2  -4   0   3   1  -1   1   2  -1  -1  -1   1   1   2    7   2   0   0   2   2   3   0   2  17  16   5   3   8   3   4   2   2   5  16  0.22 0.21
   95 N    -1   0   0   2  -4   1   2  -2   1  -2  -2   3  -1  -2   0   0   0   0  -1  -2    3   5   5  10   0   6  14   3   4   2   3  19   2   2   4   7   6   2   2   3  0.21 0.22
   96 S     0  -1   0   1   0  -2  -2   2   0  -1  -1  -2  -1  -2  -4   1   4  -5  -1  -2    8   3   3   7   2   1   2  18   3   3   5   2   2   2   0  11  25   0   3   2  0.32 0.32
   97 T     1  -1  -1   1  -5  -1   1   2  -1  -3  -3   0  -2  -3   4  -1  -1  -5  -5  -2   10   3   3   8   0   2   9  17   1   1   2   5   1   2  24   5   3   0   0   4  0.43 0.36
   98 L    -1   1   0   0   1   0   0  -2   1   1   1  -1   0   0  -1  -1   1   2   0   0    4   7   5   5   3   4   6   3   4   7  13   4   3   4   3   5   9   3   3   7  0.05 0.05
   99 F     0  -1   1  -6   1  -1  -2   0   4  -1  -1  -2   1   4  -2  -2  -1   2   2   0    7   4   6   0   3   3   3   8   8   4   6   3   4  16   3   3   3   3   7   6  0.31 0.21
  100 T    -2   1   1  -1  -1   0  -1  -3   0   0  -3   2  -1  -3  -2   1   4  -5  -2  -1    3   7   6   3   1   5   3   2   2   5   2  13   2   1   2  10  25   0   2   5  0.30 0.32
  101 I     0  -2  -2  -3   2  -2  -2   0   2   0   0   0   1   1   1   0   0   4   1   0    7   0   0   0   6   0   0   7   6   7   7   7   6   6   7   7   7   6   6   7  0.12 0.15
  102 Q    -1   0   0   0  -3   0   0  -1   2   0  -1   0   1   0   0   0   0   3   1   0    5   5   5   5   0   5   5   5   5   5   5   5   5   5   5   5   5   5   5   5  0.06 0.08
  103 I     0   0   0  -2   2   1   0  -3   2   0  -1   0   1   1   0   0   0   3   1   0    6   6   5   0   5   5   6   0   5   6   6   6   5   5   6   6   6   5   5   6  0.10 0.14
  104 Q    -1   4  -3  -3   1   3  -1  -2   1  -1  -2   1   1  -1  -1   0   0  -4   0   0    4  23   0   0   3  14   3   3   4   3   4   8   3   3   3   5   5   0   4   7  0.27 0.28
  105 K     0   1   2   0   0   0   1  -2   0  -2  -2   4  -1  -2   0  -1   0  -4  -1  -2    8   8   9   5   3   3   7   3   2   3   2  25   2   2   6   4   5   0   2   3  0.23 0.24
  106 N    -1   0   5  -2   0  -2  -2   2   1  -3  -3   0  -1  -2   0   1   1  -5   0  -1    3   5  25   2   2   1   2  13   4   1   2   4   1   2   4  12   7   0   3   4  0.35 0.33
  107 P     0   2  -1  -2  -1   0  -2   0  -1  -2  -3   1  -1  -2   4   2   0  -1  -2  -2    7  11   2   2   1   4   2   6   1   3   2   8   1   2  21  15   5   1   1   2  0.36 0.32
  108 P    -1   0   0   0   2   0   0  -1   2   0  -1   0   1  -2   0   0   0   3   1   0    5   5   5   5   5   5   5   5   5   5   5   5   5   0   5   5   5   5   5   5  0.07 0.11
  109 S     0   0  -2  -2  -1  -1  -2  -2  -1  -1  -2   3  -1  -5  -1   3   0   1  -4   2    9   4   2   1   1   3   2   2   2   4   3  16   1   0   3  25   6   2   0  14  0.34 0.34
  110 V    -1  -2  -2  -1   2  -2  -1  -6  -6   1   1  -2   0  -5  -2  -2  -1   0  -5   5    6   2   2   5   4   2   4   0   0   7  14   3   2   0   2   3   3   1   0  40  0.58 0.42
  111 E    -2  -1  -1   1   2  -1   1  -2   0   1   0  -1   0  -1   0  -1  -1   2  -1   3    3   3   3   9   4   3   8   3   3   8   8   4   2   3   4   4   3   2   3  18  0.14 0.12
  112 I    -1   0   0   0  -3   0   0  -1   2   0  -1   0   1   0   0   0   0   3   1   0    5   5   5   5   0   5   5   5   5   5   5   5   5   5   5   5   5   5   5   5  0.06 0.08
  113 V    -1   0   0   0   2   0   0  -1   2   0  -1   0   2   1   0  -1   0   4   1  -1    5   5   5   5   5   5   5   5   5   5   5   5   5   5   5   5   5   5   5   5  0.09 0.08
  114 E    -1  -1   3   5   1  -1   1  -2   1  -1  -3  -1  -7  -8   0  -1  -1  -8  -7  -2    6   3  11  30   3   3   8   3   3   4   4   4   0   0   6   5   4   0   0   4  0.59 0.38
  115 E    -1  -2  -1   1   0  -1   4  -1   0  -1  -2  -1   0  -2   2  -2  -1  -6  -2  -1    5   2   3   9   2   2  31   5   2   4   5   2   2   2  10   3   3   0   2   5  0.38 0.34
  116 A     1   0   1   3  -1   0   2  -2  -1  -3  -3   0  -1  -2  -1   1   0  -5  -1  -3   12   5   5  18   1   4  15   3   2   1   2   6   1   2   2  10   6   0   2   2  0.28 0.27
  117 L     1  -1   0   1  -1   0   1  -2   1   1   1   1   0  -2  -4  -1  -1   1  -1   0   12   2   5   8   1   5   8   2   3   7  17  10   2   1   0   3   2   2   2   6  0.09 0.14
  118 L    -4  -3  -4  -3  -2  -6  -3  -4  -2   5   3  -4  -1   0   1  -4  -3  -1  -3   2    1   2   1   2   1   0   2   1   1  28  32   1   1   3   8   1   2   1   1  11  0.72 0.47
  119 K    -4  -4  -3   0  -2  -3  -1  -4   1  -3  -4  -1  -2  -4   7  -4  -2  -9  -2  -3    1   1   2   6   1   1   4   1   4   2   2   5   1   1  61   1   2   0   2   2  1.61 0.94
  120 P     1   0  -1   4  -6   0   3  -3  -1  -3  -3   1   0  -3   2  -1  -1  -6  -2  -3   12   5   2  20   0   3  17   2   1   1   3  10   2   1  10   5   3   0   1   2  0.39 0.35
  121 F    -1  -1  -2   2   1   1   4  -3  -1  -3  -2   1  -1   2  -3  -2  -2   0   3  -4    4   3   2  12   3   7  26   2   2   1   3   7   2   8   1   2   2   1  10   1  0.44 0.38
  122 F    -4  -3  -4  -5  -2  -4  -4  -5  -5  -2   2  -3  -2   6  -8  -4  -3   3   7  -3    1   1   1   1   1   1   1   1   0   2  18   2   1  27   0   1   2   3  32   2  1.37 0.76
  123 L    -3   1  -5  -4   2   0  -3  -5  -3   3   0   2   2   1  -4  -4  -1   3   1   3    2   7   0   1   4   4   1   1   1  14  10  14   5   7   1   1   3   3   4  19  0.40 0.33
  124 L    -3   2  -2  -1  -3   0   1  -4  -1   0  -3   4  -2  -2   2  -2   1  -2  -1   1    1  13   1   3   1   4   8   1   2   4   2  22   1   1  10   3   9   0   2  12  0.36 0.34
  125 Q    -1  -2  -3  -2  -5   4   1  -5   0   2  -2   1  -2  -2  -1  -2   2  -2   0   2    4   2   1   2   0  16   8   1   2  11   3   9   1   2   4   3  14   1   4  15  0.34 0.34
  126 E    -2  -1  -2   0  -6   0   4  -6  -2  -3  -4   4  -2  -3   3  -2   2  -7  -3  -1    3   3   2   5   0   3  23   0   1   2   1  21   1   1  12   3  14   0   1   5  0.60 0.50
  127 P    -3   1  -5  -2  -3  -4  -2  -6  -3   1  -3   0  -2  -1   5  -2   2   0   2   2    1   9   0   2   1   0   3   0   1   7   2   6   1   2  26   3  12   1   7  14  0.61 0.48
  128 K     0   1   1   1  -3   1   0   0   2   0  -2   0   1  -3   1   0   0  -3  -2   0    7   7   7   7   0   7   7   7   6   7   1   7   6   0   7   7   7   0   0   7  0.09 0.11
  129 I     0  -3  -1  -3  -3  -2  -1  -3  -3   2   1  -1   1   1   3  -2   0   2   0   1    7   0   4   0   0   0   4   0   0  15  12   5   4   5  18   0   4   4   4  13  0.26 0.20
  130 D    -2  -1   3   5   0   0  -1  -4  -3  -2  -2   0   0  -2  -4   0  -1  -5  -1  -2    2   3  14  44   2   3   2   0   0   2   4   5   2   2   0   6   3   0   2   2  0.64 0.41
  131 K    -2   2   1  -2  -6  -2  -2  -3  -1  -2  -2   6  -1  -6  -1  -2   0  -1  -5  -2    2   8   6   2   0   1   2   2   1   2   4  55   2   0   2   2   5   1   0   2  0.92 0.57
  132 K     1   1   1   0  -4   1   0  -2  -1  -2  -3   3  -1  -3  -2   0   2  -5  -4  -1   14   8   7   5   0   5   4   1   1   2   2  22   1   1   1   5  16   0   0   3  0.30 0.28
  133 R     3  -1  -1   1  -1   0   2   0  -3  -3  -1   2  -1  -3  -1   0  -1   0  -2  -2   29   3   2   7   1   3  13   5   0   1   6  14   2   1   2   4   3   1   1   1  0.27 0.28
  134 I    -3  -6  -6  -6  -5  -5  -6  -7  -6   6   3  -1   1  -1  -6  -5  -2  -6  -4   2    2   0   0   0   0   0   0   0   0  53  23   4   3   2   0   0   2   0   0  10  1.22 0.58
  135 A     0   2  -2  -4  -5   0  -1  -2  -3  -1   1   5  -1  -3  -4  -1  -1  -5   0  -3    7  11   1   0   0   3   2   2   0   3  14  43   1   1   0   4   3   0   3   1  0.60 0.41
  136 E     1   0   1   2  -4   1   3  -2  -1  -2  -3   3  -1  -3  -3  -1  -2  -5  -3  -3   14   3   5  11   0   7  19   2   1   3   1  24   1   1   0   3   2   0   1   1  0.42 0.32
  137 I     5  -1  -3   2   0   0   0  -3   0  -3   0  -2   0  -1  -4  -1  -2   0   0  -2   46   4   1  11   2   3   5   1   2   1   8   2   2   2   0   3   1   2   4   2  0.50 0.40
  138 L    -2  -3  -3  -6  -2  -5  -3  -6   0   3   5  -5   1  -1  -6  -4  -3   1  -2   0    3   1   2   0   1   0   2   0   2  19  55   0   3   2   0   1   1   2   1   4  0.89 0.50
  139 K    -2   0  -1   0  -6   1   3  -5  -2  -4  -2   6  -2  -6  -4  -1  -2  -6  -5  -3    3   4   3   5   0   6  15   0   1   1   4  50   1   0   0   3   2   0   0   2  0.92 0.55
  140 S     2   0   2   2  -4   0   2  -1  -1  -3  -2   1  -2  -3  -3   1   0  -5  -4  -3   23   4  10  10   0   4  12   4   1   1   3   8   1   1   0  12   5   0   0   1  0.29 0.27
  141 G    -3  -4   0  -2  -6  -1  -2   7   0  -4  -7  -3  -6  -6  -4  -3  -3  -6  -4  -6    1   1   5   2   0   4   3  75   2   2   0   2   0   0   1   1   2   0   1   0  1.60 0.74
  142 E     0   0  -1   0  -4   1   4   0  -1   0  -2   2  -1  -2  -3  -1   0  -2  -3  -1    6   5   3   4   0   6  30   7   1   6   4  12   1   1   1   2   4   0   1   5  0.29 0.26
  143 E     0  -2   0   2  -2   0   4  -2   0  -1  -3   1  -2  -3  -1   0   0  -5  -3   0    7   1   3  14   1   3  29   2   2   3   2   8   1   1   3   5   6   0   1   9  0.34 0.30
  144 V    -3  -4  -4  -6  -1  -6  -5  -5  -6   5   0  -6  -1   0  -4  -4  -2  -2  -3   5    1   1   1   0   1   0   1   1   0  33   8   0   1   3   1   1   1   1   1  45  1.17 0.61
  145 K    -1  -2  -1   2  -6  -1   2  -4  -2  -3  -5   0  -4  -6   6   0  -2  -7  -3  -4    5   2   2  13   0   3  12   1   1   1   1   5   0   0  43   5   2   0   1   1  1.02 0.58
  146 G    -3  -5  -2  -4  -4  -5  -5   7  -3  -6  -5  -4  -6   1  -6  -4  -3   1   1  -5    1   0   2   1   0   0   1  76   1   0   1   1   0   6   0   0   2   2   4   1  1.74 0.80
  147 A     6  -6  -6  -6   3  -5  -5  -3  -6   0  -3  -5  -2  -6  -5  -3  -1   0  -3   3   60   0   0   0   6   0   0   2   0   4   1   0   1   0   0   0   4   1   1  20  1.24 0.71
  148 R    -2   2  -1  -1  -4   1   4  -4   5  -3  -4   1  -2  -3  -4   0   1  -2  -1  -2    3  12   2   2   0   5  27   1  13   2   1   8   1   1   0   8   9   1   2   2  0.52 0.39
  149 L    -4  -6  -7  -7  -5  -5  -6  -7  -6   3   5  -6   1   1  -5  -5  -3  -2  -1   1    1   0   0   0   0   0   0   0   0  15  62   0   3   5   0   1   1   1   2   9  1.23 0.61
  150 V    -2  -1  -1  -1  -4   0   4  -2  -1   1  -2   1  -2  -4  -2   0   0  -5  -3   3    2   3   2   2   0   4  26   2   1   7   2   9   1   0   1   7   5   0   0  24  0.37 0.34
  151 E    -2   3   2   0  -5   4   2  -4   0  -3  -4   1  -4  -4   0  -1   1  -5  -1  -1    3  17   8   3   0  20  15   1   2   1   1   6   0   1   5   3   8   0   2   4  0.47 0.37
  152 S    -2   0   2  -1  -3  -3  -1   4  -2  -4  -6   2  -5  -6  -3   1   2  -6  -4  -4    2   5  11   2   0   0   3  37   1   1   0  13   0   0   1  10  12   0   0   1  0.68 0.44
  153 E    -3   1   0   0  -5   2   3  -4  -1  -2  -3   3   0  -1   0  -1   1  -1   1  -2    1   8   5   4   0  10  22   0   1   2   2  16   2   2   4   3  10   1   5   3  0.37 0.32
  154 S    -3   1   2  -4  -2  -2  -4   0   5  -5  -5   0  -2  -5  -4   4   2  -6   0  -4    0   9  11   0   1   1   0   6  15   0   0   4   1   0   0  37  10   0   3   1  0.78 0.54
  155 I    -4  -6  -7  -7  -2  -6  -7  -6  -3   3   5  -6   0  -2  -3  -6  -2  -1  -5   2    1   0   0   0   1   0   0   0   1  16  61   0   2   1   1   0   2   1   0  14  1.24 0.62
  156 R    -2   5  -1  -3  -5   3  -1  -3  -3  -1  -2   0  -1  -4  -5   1   1  -5  -2   0    3  35   2   1   0  12   3   2   0   4   3   3   1   1   0  12  10   0   1   8  0.57 0.42
  157 I    -5  -7  -8  -8  -5  -7  -7  -8  -7   8  -1  -7  -1   1  -7  -7  -4  -1  -3   3    0   0   0   0   0   0   0   0   0  72   4   0   1   5   0   0   1   1   1  16  1.94 0.82
  158 R    -6   7  -5  -6  -9  -4  -5  -7  -6  -8  -8   6  -7  -8  -7  -6  -6  -8  -7  -8    0  54   0   0   0   0   0   0   0   0   0  46   0   0   0   0   0   0   0   0  2.37 1.04

                      K         Lambda
Standard Ungapped    0.1302     0.3124
Standard Gapped      0.0547     0.2670
PSI Ungapped         0.1788     0.3181
PSI Gapped           0.0547     0.2670
