
Last position-specific scoring matrix computed, weighted observed percentages rounded down, information per position, and relative weight of gapless real matches to pseudocounts
            A   R   N   D   C   Q   E   G   H   I   L   K   M   F   P   S   T   W   Y   V   A   R   N   D   C   Q   E   G   H   I   L   K   M   F   P   S   T   W   Y   V
    1 M    -1  -2  -3  -3  -2  -1  -2  -3  -2   1   2  -2   7   0  -3  -2  -1  -2  -1   0    0   0   0   0   0   0   0   0   0   0   0   0 100   0   0   0   0   0   0   0  0.58 0.07
    2 N    -2   0   6   1  -3   0   0  -1   0  -3  -4   2  -2  -3  -2   0   0  -4  -2  -3    0   0  80   0   0   0   0   0   0   0   0  20   0   0   0   0   0   0   0   0  0.67 0.04
    3 P    -1  -1  -2  -2  -3   2   0  -2  -2  -2   0  -1  -1  -3   6  -1  -1  -3  -2  -2    0   0   0   0   0  25   0   0   0   0  17   0   0   0  58   0   0   0   0   0  1.00 0.03
    4 I    -1  -3  -4  -4  -1  -3  -3  -4  -4   5   1  -3   1  -1  -3  -3  -1  -3  -2   3    0   0   0   0   0   0   0   0   0  74   0   0   0   0   0   0   0   0   0  26  0.49 0.06
    5 T     1  -1   3   2  -2   2   0  -1  -1  -2  -2   0  -2  -3  -1   1   2  -3  -2  -2   19   0  26  12   0  14   0   0   0   0   0   0   0   0   0  13  16   0   0   0  0.29 0.03
    6 L     0  -1   2  -1  -1  -1  -1  -1  -1  -2   0  -1  -1  -2  -2   4   1  -3  -2  -1    0   0  13   0   0   0   0   0   0   0  16   0   0   0   0  71   0   0   0   0  0.34 0.06
    7 E    -1  -1   0   4  -3   2   4  -2  -1  -1  -2   0  -2  -3  -2  -1  -1  -3  -2   0    0   0   0  33   0  10  41   0   0   0   0   0   0   0   0   0   0   0   0  16  0.47 0.06
    8 R    -1   3  -1   2  -3  -1  -1   1  -2   1  -1   0  -1  -2  -2  -1  -1  -3  -2   1    0  34   0  17   0   0   0  16   0  21   0   0   0   0   0   0   0   0   0  12  0.17 0.04
    9 A     3  -1  -1  -1  -1   2   0  -1  -1  -2  -2   0  -1  -3  -1   3   1  -3  -2  -1   39   0   0   0   0  16   0   0   0   0   0   0   0   0   0  34  11   0   0   0  0.35 0.06
   10 G     0  -2   1  -1  -2  -1  -1   1  -1  -1  -2  -1  -1  -1   3   1   1  -2   2   1    0   0   9   0   0   0   0  12   0   0   0   0   0   0  15  16  10   0  16  21  0.20 0.04
   11 L     0  -2  -3  -3  -2  -2  -2  -3  -2   1   2  -2   4   2  -3   0  -1  -2   0   1    9   0   0   0   0   0   0   0   0   0  33   0  24  13   0   8   0   0   0  14  0.24 0.06
   12 P     2   1  -1  -2  -2  -1  -1  -2  -2  -2  -2   0  -2  -3   5   1   2  -3  -2  -1   22  14   0   0   0   0   0   0   0   0   0   0   0   0  33   8  22   0   0   0  0.59 0.08
   13 Y     0  -2  -2  -2  -2  -1  -2  -2  -1   0   1  -1   2   1   2   1  -1  -1   2   0   10   0   0   0   0   0   1   1   0   0  23   0  14   7  13  17   0   0  11   1  0.17 0.04
   14 G     1  -3  -1   1  -3  -2  -2   5  -2  -4  -4  -2  -3  -4  -2   0  -2  -3  -3  -3   14   0   0   9   0   0   0  77   0   0   0   0   0   0   0   0   0   0   0   0  0.91 0.11
   15 V     3  -2  -2  -2  -1  -2  -2  -1  -2   2   0  -2   0  -2  -2   0   0  -3  -2   3   42   0   0   0   0   0   1   1   0   9   1   0   0   0   0   1   0   0   0  42  0.26 0.07
   16 A     2  -1   2  -1  -1  -1  -1   1  -1  -1  -2  -1  -1  -2  -1   2   0  -3  -2   0   24   0  17   0   0   0   1  10   0   0   1   0   0   0   0  28   0   0   0  15  0.20 0.05
   17 D     1  -1   1   3  -2   1   0  -2  -1   0   1  -1   0  -2  -2   1  -1  -3  -2  -1   14   0   8  24   0   9   0   0   0   8  23   0   0   0   0  13   0   0   0   0  0.14 0.04
   18 A     3  -2  -1   1  -1  -1  -1  -1  -2  -1   1  -1  -1  -2  -2   1   1  -3  -2  -1   52   0   0  12   0   0   0   0   0   0  20   0   0   0   0   8   7   0   0   0  0.24 0.08
   19 G     1  -1   0   1  -2   1   1   3  -1  -2  -3  -1  -2  -3  -1   1   1  -3  -2  -2   11   0   0   9   0  12   9  29   0   0   1   0   0   0   0  12  13   0   0   0  0.29 0.05
   20 D     2   1  -1   2  -2  -1   1  -1  -2  -1  -2   0  -1  -2   2   0  -1  -3  -2   1   26  13   0  21   0   0   8   1   0   0   1   0   0   0  12   1   0   0   0  17  0.21 0.05
   21 I    -1  -2  -2  -2  -1  -2  -2   0  -3   2   2  -2   0  -1  -2   0   2  -2  -2   2    0   0   0   0   0   0   0  10   0  14  28   0   0   0   0   8  19   0   0  17  0.16 0.05
   22 P     0   0  -2  -2  -3  -2  -2   0  -2  -3  -3  -1  -3  -4   6   1   0  -4  -3  -3    9   6   0   0   0   0   0   6   0   0   0   0   0   0  57  17   5   0   0   0  1.11 0.16
   23 A     2  -1  -1   1  -2  -1  -1   3  -2  -2  -1   0  -2  -2  -2   1  -1  -2   0  -1   23   0   0  10   0   0   0  31   0   0   5   9   0   0   0   9   0   0   6   6  0.24 0.07
   24 L     1  -2  -2  -2  -2   1  -1  -2  -2   2   1  -1   1  -1  -2  -1   1  -3  -2   2   19   0   0   0   0  15   0   0   0  16  13   0   6   0   0   0  16   0   0  16  0.16 0.07
   25 G     1  -1   1   1  -2   1   2   2  -1  -3  -3   0  -2  -3   2   0  -1  -3  -2  -2   19   1  11   7   0   6  18  18   0   1   1   1   0   0  10   6   1   0   0   1  0.27 0.06
   26 R     0   1  -1  -1  -2   1   1  -1  -1  -2  -1   0  -1  -1   1   1   2  -1   1  -1    6   8   1   1   0  11  11   1   0   1   8   1   0   1   7  17  17   0   9   1  0.15 0.05
   27 P    -2   1  -2  -2  -3   1  -1  -3  -2  -3  -3  -1  -3  -4   7  -1  -2  -4  -3  -3    1  10   0   1   0   7   1   1   0   1   1   1   0   0  75   1   1   0   0   1  1.59 0.19
   28 V     0  -2   0  -2  -2  -1   0  -2  -2   1   3  -2   1  -1  -2  -1   1  -2  -2   1    6   0   6   1   0   0  10   1   0   5  45   1   0   0   0   1  10   0   0  12  0.17 0.07
   29 A     2  -1  -1   1  -2   1   1  -1  -2  -1  -1  -1  -1  -2   1   1   0  -3  -2   1   33   0   0   9   0   6  10   1   0   0   1   1   0   0   6   9   1   0   0  21  0.18 0.08
   30 R     2   1  -1  -1  -2   2   2  -1  -1  -2  -2   1  -1  -3  -1   1   2  -3  -2  -1   21   7   0   1   0  15  18   1   0   0   1   6   0   0   0   8  19   0   0   1  0.26 0.08
   31 D    -1  -2  -1   3  -2  -1  -1   1  -2   0  -2  -1  -2  -3   4   1  -1  -3  -3  -1    1   0   0  26   0   0   1  10   0  13   1   1   0   0  29  16   1   0   0   1  0.49 0.11
   32 V     1   0  -1  -1  -1   0   0  -2  -2   0   0   1   0  -2  -1   0   1  -2  -2   1   16   5   0   1   0   0   8   1   0   0  14  14   0   0   0   6  16   0   0  16  0.09 0.05
   33 E     1  -1   0   2  -2   1   1  -2   2  -1  -1   0  -1  -2  -1   1   1  -3  -2  -1   13   0   0  16   0   5  13   1   8   0   9   5   0   0   0  11  12   0   0   6  0.15 0.06
   34 S     1  -2  -1   2  -2  -1   0   0  -2  -1  -2  -1  -2  -2   2   2   0  -3   1   0   15   0   0  15   0   0   4   5   0   0   0   0   0   0  12  26   5   0   7  12  0.23 0.10
   35 L     0  -2  -2  -2  -2   1   0  -3  -2   0   2  -1   2  -1  -2   0   1  -3  -2   1    7   0   0   0   0  11   7   0   0   0  28   0   7   0   0   9  13   0   0  18  0.16 0.09
   36 R     1   1   1   1  -2   2   0  -2  -1  -1  -2   2  -2  -3   2   1   0  -3  -2  -2   13   8   6   7   0  12   0   0   0   5   0  17   0   0  12  14   6   0   0   0  0.26 0.09
   37 V    -1  -2  -1  -2  -2   0  -2   0  -2   1   1  -2   0  -2   1   2   2  -3  -2   2    0   0   0   0   0   4   0   7   0   4  18   0   0   0   7  24  16   0   0  20  0.18 0.11
   38 E     3   0   0   1  -2   1   1  -1  -2  -2  -2  -1  -2  -3  -2   0   0   3  -2   0   42   7   6   9   0   7  11   0   0   0   0   0   0   0   0   0   6   4   0   8  0.26 0.13
   39 R     2   0  -1  -1  -2   1   1   0  -1  -1  -2   2  -1  -3   1   1   1  -3  -2  -1   21   4   0   0   0  10   7   4   0   6   0  17   0   0   7  12  12   0   0   0  0.20 0.09
   40 L     0  -1   1  -1  -2   0   1  -2   2  -2   0   1  -1   0   3   1   0  -3  -1  -2    9   0   7   0   0   4   8   0   8   0  10  10   0   7  15  18   5   0   0   0  0.20 0.09
   41 A     1   0   0  -2  -2  -1  -2   1  -2   0   0   0  -1  -2  -2   0   2  -3  -2   2   10   5   6   0   0   0   0  11   0   0   9   6   0   0   0   4  25   0   0  21  0.13 0.09
   42 A     3  -2  -1  -2  -2   0   0  -1  -2  -2  -2   0  -2  -3  -2   1   2  -3  -2   0   43   0   0   0   0   4   7   0   0   0   1   4   0   0   0  11  21   0   0   7  0.34 0.15
   43 P     0   0  -2   0  -3  -1   1  -3  -3  -3  -2  -1  -2  -4   6  -1   0  -4  -3  -1    7   6   0   4   0   0  12   0   0   0   4   0   0   0  54   0   6   0   0   5  1.00 0.22
   44 A     1  -1   1   0  -2   1  -1   2  -2  -2  -1   0  -1  -3  -2   2  -1  -3  -2  -1   11   0   8   5   0   9   0  18   0   0  10   3   0   0   0  29   0   0   0   5  0.21 0.12
   45 A     0   1   1   0  -2   0   1   1  -1  -1  -2   1  -1  -3   1   0   1  -3  -2   0   10   9  10   3   0   3  11  11   0   4   0  10   0   0   8   3   9   0   0   9  0.14 0.06
   46 A     1  -2   0  -2  -2  -2  -2   2  -2   0   1  -2   2  -2  -2   0   1  -3  -2   0   19   0   4   0   0   0   0  19   0   3  20   0   8   0   0   6  15   0   0   3  0.18 0.11
   47 S     1  -2  -1   2  -2   0   0   0  -2  -2   0  -1  -1  -2   3   2   0   3  -2  -2   10   0   0  14   0   3   3   6   0   0  14   0   0   0  16  20   4   6   0   0  0.27 0.12
   48 A     1   0   1   1  -2   0   0  -2  -2   0  -1   0  -1  -2   0   1   0  -3  -2   2   20   5   8   7   0   5   4   0   0   0   5   3   0   0   4   8   6   0   0  24  0.11 0.09
   49 S     1   0  -1  -1  -2   1   0   1   0  -1  -1   0   0  -2   2   2  -1   2  -2  -1   13   5   0   0   0   6   6  11   3   4   3   3   4   0   9  24   0   4   0   4  0.17 0.10
   50 G     0   1   1   0  -3  -1  -1   3  -1  -3  -2   1  -2   0   0   1  -1  -2   0  -2    5   7   9   4   0   0   0  27   0   0   5  10   0   5   5  18   0   0   5   0  0.23 0.12
   51 T     1   0   1   0  -2   1  -1   0   1  -2  -1   0  -1  -2   1   1   1   3   0  -1   13   4   9   5   0  10   0   4   4   0   6   3   0   0   6  12  12   4   5   4  0.12 0.08
   52 G     2   1   0   1  -2  -1  -1   3   1   0  -2  -1  -2  -3  -2   0  -1  -3  -2  -1   27  10   3  12   0   0   0  24   5   8   1   0   0   0   0   4   0   0   0   4  0.24 0.13
   53 V     0  -2  -1  -1  -2  -2  -2  -2  -2   2   1  -2   0  -2   1   1   0  -3  -2   3    4   1   4   4   0   0   1   1   0  17  12   1   0   0   7  15   4   0   0  28  0.19 0.12
   54 A     2   0  -1   0  -2   3   2  -1  -1  -2  -2   0  -2  -3   0   1  -1  -3  -2   0   22   4   0   4   0  16  21   4   0   0   1   4   0   0   3  12   0   0   0   8  0.27 0.16
   55 L     0   0  -1  -4  -3  -3  -3  -4  -3   0   4  -3   2   0  -4  -1   1   3  -2  -1    9   6   3   0   0   0   0   0   0   3  52   0   7   3   0   4   9   4   0   0  0.42 0.24
   56 T    -1  -1   1   1  -4   0   0   0   1  -3  -2  -2  -3  -4   6   0   1  -4  -3  -3    3   3   6   8   0   4   4   7   4   0   5   0   0   0  40   4  11   0   0   0  0.69 0.25
   57 P     2   1   0  -2  -3   0  -2  -2  -3  -1  -2  -1  -2  -4   5   2   0  -4  -3  -1   21   7   4   0   0   5   0   0   0   4   2   3   0   0  29  18   5   0   0   2  0.53 0.23
   58 P    -1  -3  -1  -1  -4   0  -1  -4  -4  -1  -3   0  -3  -5   7  -1  -3  -5  -4  -1    5   0   2   3   0   3   4   0   0   4   3   6   0   0  63   3   0   0   0   4  1.37 0.42
   59 S     1   0   1  -2  -2   1   0  -2   1  -1   1   0   0   0   0   1  -1  -3  -2  -1   14   6   9   0   0   6   7   0   4   2  21   3   2   6   5  13   2   0   0   0  0.10 0.12
   60 A     4  -2  -2   0  -3  -1   1   0  -3  -3  -3  -1  -3  -4   3   1   0  -4  -3  -1   41   0   0   4   0   2   9   5   0   0   0   3   0   0  15  12   3   0   0   5  0.46 0.25
   61 A     3  -2  -1   0  -2   1   0   2  -2  -1  -2  -2  -2  -3   0   1  -1  -4  -3   0   36   0   2   5   0   7   4  17   0   4   3   0   0   0   3  11   0   0   0   9  0.29 0.20
   62 S     2  -1   0  -2  -2  -2  -2   0   0  -1   0  -1  -1  -3   2   2   1  -4  -3   2   18   3   5   0   0   0   0   6   2   2   8   3   0   0   9  20   7   0   0  18  0.19 0.16
   63 Q     1   0   4   1  -3   2   0   0  -1  -3  -1   0  -2  -3  -3   0   1  -4  -3  -2   12   6  27   6   0  14   2   5   0   0   8   3   0   0   0   5   8   0   0   2  0.29 0.20
   64 Q    -1  -1   1   1  -3   2   1   2  -2   0  -2   0  -2  -1  -3   0   0  -3  -2   0    2   2   7   7   0  14   8  21   0   8   2   3   0   3   0   7   6   0   0   9  0.17 0.14
   65 R     0   1   1  -1  -2   1   1   0  -2  -1  -1   1   0  -3  -2   1   1  -3  -2   1    9  11   7   2   0  10   7   5   0   3   3   8   3   0   0  11   8   0   0  13  0.12 0.11
   66 L     2  -3  -3  -3  -2  -1  -1  -1  -3   1   2  -2   0  -2   1   0   0   1  -2   1   21   0   0   0   0   3   3   3   0   9  27   0   1   0   7   6   4   2   0  12  0.20 0.16
   67 E     0   0   0   0  -2   1   0   1  -2   0  -1   0   1  -1   0   1   1  -3  -2   0    8   3   2   3   0   7   6  10   0   6   4   7   5   2   4  11  11   0   0   9  0.07 0.06
   68 V     2   0  -2   0  -3   1   2   0  -2  -1  -3  -1  -2  -3   3   0   1  -3  -3  -1   19   4   0   3   0   7  16   7   0   5   1   0   0   0  16   7  10   0   0   4  0.29 0.18
   69 A     1  -1   0   0  -3   2   3   2  -2  -3  -3   0  -2  -3   1  -1   0  -3  -1  -2   13   3   5   3   0  13  23  16   0   0   2   6   0   0   6   0   5   0   2   2  0.29 0.18
   70 N     1   0   3   1  -3   2   1  -1  -2   0   0   1  -2  -3  -1   0   0  -4  -3  -1   15   4  19   6   0  10   7   2   0   7   8   9   0   0   2   4   6   0   0   2  0.17 0.14
   71 R     0   1   0   0  -2   2   0   0  -2  -1   1   0   0  -1  -1   0   1   1  -2  -1    7  11   4   5   0  12   6   6   0   2  19   4   1   2   2   5  10   3   0   3  0.08 0.09
   72 A     2  -1   1  -1  -3   3   0   1  -2  -3  -2   1  -2   0   0   0   0  -3  -2  -2   19   0  10   2   0  20   5   8   0   0   3   9   0   5   5   7   5   0   0   2  0.23 0.19
   73 E     1  -1   0   1  -3   1   2  -1  -2  -1  -1   1  -2  -3   0   1   1  -4  -3  -1   14   0   5  10   0   7  19   3   0   3   6   9   0   0   3  10   9   0   0   4  0.20 0.15
   74 I     0  -2  -3   0  -2   0  -2  -3  -3   3   2  -1   1  -1   0  -1  -2  -3  -2   1   10   0   0   6   0   4   0   0   0  22  26   5   2   2   5   5   0   0   0  12  0.22 0.17
   75 A     3   0  -1   0  -2   1   0  -1  -2  -1  -3  -1  -2  -3  -2   2   3  -4  -3   0   26   5   2   5   0   8   5   2   0   4   0   0   0   0   0  14  22   0   0   5  0.31 0.23
   76 S     1   1  -1  -2  -3   0   0   0  -2  -3  -2   2  -2  -3  -2   3   1  -4  -3  -1   12   7   0   0   0   3   7   7   0   0   4  12   0   0   0  34  10   0   0   3  0.33 0.23
   77 L     0  -1  -3  -3  -3  -1   1  -2  -3   1   3  -2   1  -1  -3  -1  -1  -3   0   1    9   4   0   0   0   2  10   2   0   9  43   0   1   1   0   5   2   0   3   8  0.27 0.20
   78 V     0   0  -2  -2  -2   1   0  -2  -2   0   2  -1   1   1   0  -1   0   1   1   0    7   4   0   2   0  10   6   2   0   6  26   2   5   5   3   5   5   2   5   6  0.09 0.10
   79 Q     0   1   0  -1  -4   4   3   0  -2  -4  -3   0  -3  -4  -1   0   0  -4  -1  -3   10   8   5   2   0  24  22   9   0   0   2   4   0   0   3   4   5   0   2   0  0.40 0.25
   80 A     3   1   1   0  -2   1   0   0  -2  -2  -1  -1  -2  -3  -2   1   2  -3  -3  -2   30   7   6   4   0   5   5   8   0   2   5   2   0   0   0  11  14   0   0   0  0.25 0.19
   81 V     1   0   0   0  -2  -1  -1  -1   0   1   1  -1   0  -2   0   0   0  -3  -1   1   16   5   5   4   0   0   2   5   2   7  16   2   1   0   4   5   7   0   3  15  0.05 0.08
   82 G     0   0   1  -1  -3   2   0   2   0  -3  -2   0   0  -2   0   1   2  -3  -2  -2    8   4   7   2   0  14   4  18   2   0   3   6   2   2   4   8  15   0   0   1  0.21 0.16
   83 E     2   1   1  -1  -3   2   1   0   0  -3  -2   0  -2  -3   1  -1   0  -3  -1  -1   23   6   7   0   0  14  11   6   2   0   4   6   0   0   7   2   5   0   2   3  0.22 0.17
   84 D     0  -1   1   0  -2   0  -1   0  -2   0   1   0   2  -2   0  -1   0  -3  -1   0    8   1   7   4   0   6   3  10   0   2  22   5   8   0   5   0   8   0   2   8  0.08 0.11
   85 V     2  -1  -2  -2  -2   1   1   0   0  -2  -1   0  -2   0   1   0   1  -1  -2   0   21   3   0   0   0   7   8   6   2   0   6   6   0   4   6   7  13   1   0   9  0.13 0.14
   86 G     1   1   0   1  -3   0   0   2   1  -3  -2  -1  -3  -2   3   1  -2  -4  -3  -3   14   9   4   9   0   5   5  16   3   0   5   1   0   2  14  12   0   0   0   0  0.28 0.19
   87 L     0  -1  -1  -2  -2   0  -2  -1  -3   2   2  -1  -1  -2   1   0   1  -3  -1   1    6   2   3   1   0   5   0   6   0  15  20   2   0   0   7   5  13   0   2  13  0.14 0.14
   88 A     1  -1  -1   0  -2   1  -1   1  -2   0   0  -1   0  -1   0   1   0  -3   0   0   18   3   1   4   0   8   2  12   0   5  13   0   2   1   3  12   7   0   3   6  0.09 0.11
   89 R     0   0   2   1  -3   1   1  -2  -2  -3  -2   1  -3  -2   0   3   1  -4  -3  -2    6   5  13   9   0   5   7   0   0   0   3   9   0   2   4  24  11   0   0   1  0.30 0.22
   90 Q     1   0   1   0  -3   2   0   0  -1  -1  -1   1  -1  -3   1   0   1  -3  -3  -1   17   3   6   6   0  12   3   5   1   3   4  10   2   0   6   6  11   0   0   4  0.14 0.13
   91 V     0  -2   0   0  -2   0   1  -1  -2   0   1  -1   1   0   0   0   0  -3  -2   1    8   0   6   4   0   3  11   4   0   5  13   3   6   4   3   9   5   0   0  13  0.05 0.08
   92 V     1   0  -1  -1   1   0  -1   0  -1   1   0   1  -1  -1   1   0   1  -3  -2   1   12   4   2   3   3   3   3   5   2   9   9  10   0   2   8   2   9   0   0  13  0.05 0.07
   93 L     1  -1   1   0  -2   0  -1   1  -2  -1   1  -1   0   0  -1   1   0  -3  -1   0   13   3   7   4   0   5   2  10   0   2  20   2   2   3   2  10   3   0   2   8  0.05 0.09
   94 A     0  -1   1   0  -1   0   0  -1  -2   0   0   0   0   0   2   1   0  -3  -2   0    8   3   8   4   1   6   4   4   0   6  11   7   2   4  13  10   6   0   0   4  0.10 0.08
   95 G     0  -1   1  -1  -2   0   1   3   1  -2  -1   0  -1  -1  -1   1  -1  -3   0  -2    8   2   7   2   1   2  11  23   4   1   8   7   2   3   2   9   2   0   4   2  0.15 0.12
   96 A     2   0   0  -2  -2   1  -2   1  -1  -1  -1   1  -2  -3   0   1   1  -3  -1  -1   22   4   3   0   0   7   0  11   2   3   4   9   0   0   5  14  10   0   2   5  0.18 0.17
   97 S     1  -1  -1   0  -3   0  -1   1  -2  -1   0  -1  -2  -2   1   3   0  -3  -1   0   10   3   1   5   0   5   2   9   0   2  11   2   0   1   7  29   4   0   3   6  0.17 0.18
   98 T     0  -1   1  -1  -3  -1   0  -2  -2   0   0   0  -1  -2   3   1   1  -3   0   0    6   3   7   3   0   1   4   2   0   4  11   5   0   1  16  14  11   0   3   8  0.18 0.15
   99 L     0  -1   1   0  -3  -2  -2  -3   0   1   3  -1   0   0   0  -1  -1  -3  -1   0   10   2   8   5   0   0   2   0   2   6  38   3   0   4   5   4   1   0   1   7  0.19 0.19
  100 L     0  -2  -1   0  -2  -1  -1  -1  -1   0   2   0   2  -1   1   1   0  -3  -2   0    9   0   3   4   0   1   2   4   1   4  27   6   7   1   7  12   6   0   0   6  0.11 0.13
  101 S     0   0   2   2  -3   1   0  -1  -1  -3  -2   1  -1  -1   0   2   1  -4  -3  -2    7   3  11  14   0   8   2   3   1   0   4   8   1   3   5  21   7   0   0   2  0.22 0.18
  102 A     1  -2  -2  -1  -2  -1  -1  -1  -3   1   1   0   2   0   1   0   0  -3  -2   1   14   0   0   3   0   1   2   4   0   6  17   5   8   6   6   9   7   0   0  11  0.11 0.13
  103 G     1  -1   0   1  -3   0   0   1  -2   0   0   0  -1  -2   2   0  -1  -3  -2  -1   11   1   6   8   0   4   7  10   0   9  10   8   1   1  12   5   3   0   1   1  0.12 0.10
  104 L    -1   1   1   2  -3  -1  -1  -2   0  -1   1   0   2  -2   0   0   0   2  -2   0    5   9   8  16   0   1   1   1   3   3  14   6   7   1   3   6   5   3   0   6  0.10 0.12
  105 M     0   0  -2  -3  -3  -1  -3  -2  -3   2   1   0   4  -1  -2   0   0   0  -2   1    8   5   2   1   0   1   0   2   0  15  14   6  19   2   1   8   7   1   0   9  0.22 0.21
  106 S    -1  -1   1   2  -4  -1  -2  -2  -3  -4  -3  -2   0  -1  -1   5   0  -5  -4  -1    4   2   5  13   0   2   0   1   0   0   2   1   3   3   3  52   5   0   0   4  0.63 0.42
  107 P     2  -3   0   0  -3  -1  -1   0  -3   0  -1  -2   3  -1   3   0   0  -4  -3   1   17   0   4   6   0   2   4   6   0   5   2   1  12   2  16   5   6   0   0  11  0.25 0.21
  108 Q     0  -1   0   4  -4   2   3  -1  -2  -2  -2   0   0  -2  -3   0   0  -4  -3  -2    7   2   2  30   0   8  20   3   0   2   4   5   3   2   0   6   5   0   0   2  0.42 0.27
  109 A     1  -1   0   4  -4   0   2  -2   0  -3  -2  -2   0  -4  -2   1   0  -5  -4  -1   16   2   3  32   0   4  12   2   2   0   4   1   3   0   1  11   5   0   0   4  0.42 0.29
  110 F     1  -3  -3  -4  -3  -1  -3  -3  -3   0   2  -2   4   3  -4  -1  -1  -2   2   0   11   0   1   0   0   2   0   1   0   3  26   2  17  15   0   4   4   0   8   6  0.42 0.29
  111 E     1  -2   0   1  -3   1   3  -2  -2  -1  -1  -1   4   0  -3   1  -1  -3  -1   0   13   0   4   7   0   5  21   1   0   3   5   2  14   4   0  10   3   0   1   7  0.22 0.23
  112 I     0  -1  -1  -1  -2  -2  -2  -2  -3   2   2   0   2  -1  -3  -1   0  -3  -1   2    9   2   3   3   0   1   0   1   0  15  23   8   6   1   0   4   7   0   2  15  0.18 0.17
  113 E     2   0  -3  -3  -3   0   2  -2  -3   0   2   0   3  -2  -3   0  -1  -4  -2  -1   18   5   0   0   0   3  15   3   0   3  24   5  11   1   0   7   3   0   1   2  0.24 0.24
  114 L    -1  -4  -5  -6  -4  -4  -5  -5  -1   1   5  -5   4   1  -5  -2  -1  -4  -3   1    5   0   0   0   0   0   0   0   1   7  59   0  10   4   0   3   3   0   0   7  0.88 0.45
  115 A     2   0  -1  -2  -3   2  -1   0  -1  -2   0  -1   1  -1  -3   1   2  -4  -2   0   23   5   1   2   0  11   1   7   1   1   7   3   4   2   0  10  15   0   1   7  0.18 0.21
  116 K     1   0  -1  -1  -3   1   2  -1  -2  -1   0   2   0  -1  -3   1   0  -4  -3  -1   12   3   2   2   0   8  20   3   0   2  10  13   3   2   0  11   4   0   0   5  0.18 0.19
  117 I     0  -4  -4  -3  -3  -4  -3  -5  -4   3   4  -4   3  -1  -4  -2  -1  -4  -3   2    8   0   0   2   0   0   1   0   0  18  39   0   7   2   0   2   4   0   0  16  0.59 0.34
  118 T     0   0  -1  -3  -2   4  -1  -1  -3   0   1   0   3  -2  -3   1   2  -4  -3   0    7   6   2   0   1  22   1   3   0   6  13   5   8   1   0   9  13   0   0   5  0.24 0.25
  119 G     0  -2   1  -1   0   0   1   1  -2  -1   0   0   0  -3  -3   2   1  -4  -2  -1    6   0   7   2   2   4  10  13   0   3   9   5   3   0   0  18  12   0   1   4  0.16 0.17
  120 E    -2   1   0   2  -5   1   2  -2  -1  -4  -2   5  -1  -4  -3   1  -1  -5  -4  -4    2   4   4  13   0   6  13   2   2   0   3  38   2   1   0   9   2   0   0   0  0.58 0.37
  121 V     0  -3  -1  -4  -1  -2  -3  -1  -4   1   2  -3   4   1  -4   0   1  -3  -2   1    5   0   3   0   1   1   0   5   0   8  24   0  14   6   0   9  10   0   0  12  0.32 0.26
  122 E     1   1   0   0  -3   3   1   0  -2  -2  -1   1   0   0  -3   1   0  -3  -2  -2   11   8   4   5   0  15   7   8   0   2   5  10   2   6   0  11   5   0   1   1  0.16 0.17
  123 N     0  -1   2   3  -4   1   2   1  -2  -3  -2   0  -2  -3  -2   0   1  -4  -3  -2    6   3  10  21   0   6  17   9   0   0   5   6   1   1   1   4   8   0   0   2  0.32 0.23
  124 Q     2   0   1   1  -3   1   2  -1  -2   0   0   0  -1  -3  -3   1   1  -4  -3  -1   19   4   6   6   0   6  15   3   0   5  10   3   1   0   0   8  10   0   0   3  0.16 0.17
  125 Q    -1   3   0  -3  -2   5   0  -3   0  -1  -2   1   2  -4  -4  -1   0  -4  -4  -1    5  15   3   0   1  34   5   1   1   3   4   7   7   0   0   5   4   0   0   4  0.54 0.37
  126 K     1  -2   0   0  -1   0   0   0  -2   0   1   0   1  -1  -3   1   0  -3  -2   0   15   0   4   5   1   3   5   6   0   7  18   6   5   2   0  11   5   0   0   7  0.08 0.12
  127 K     1   1   0   0  -4   1   2  -2  -2  -2  -3   4  -3  -3  -3   0  -1  -5  -3  -2   11   5   4   6   0   7  11   2   1   1   2  35   0   1   0   7   3   0   0   3  0.42 0.30
  128 L     1  -3   0  -1  -1   0  -2  -2  -2   0   1  -2   1   0  -3   2   2  -3   0   0   11   0   5   3   1   4   1   2   1   6  13   1   5   5   0  21  14   0   2   6  0.16 0.19
  129 K     2   0  -1   1  -3   1   0   0  -1  -1  -1   2   1  -2  -2   1   0  -4  -3  -1   18   4   2   8   0   8   5   7   1   3   5  15   5   2   0   8   6   0   0   2  0.14 0.15
  130 L     0   1  -1  -2   0   3   1  -2  -2  -1  -1   3   1  -4  -3   0   0  -4  -3  -1    7   7   3   1   2  15  11   2   0   4   6  24   3   0   0   5   6   0   0   3  0.29 0.24
  131 T     0   0   2   1  -4   2   3  -1  -2  -1  -2   1  -3  -3  -2   1   0  -4  -3  -2    8   3  11   6   0   8  27   4   0   4   2   8   0   1   1  11   4   0   0   1  0.33 0.25
  132 E     0   1   0   3  -4   2   2   0  -1  -2  -2   2  -1  -4  -3   1   0  -4  -3  -3    6   6   3  17   0   8  13   6   1   2   4  17   1   0   0   9   5   0   0   1  0.29 0.21
  133 I    -2  -3  -3  -5  -1  -4  -5  -5  -5   6   2  -4   3  -3  -5  -2  -2  -5  -2   2    3   1   1   0   1   0   0   1   0  49  19   0   6   0   0   3   2   0   1  12  0.87 0.43
  134 E    -2   2   1   2  -5   3   3  -3  -1  -3  -2   3   0  -4  -3  -1  -2  -5  -2  -3    1  11   6  11   0  12  24   1   1   1   3  19   2   0   0   4   1   0   1   1  0.50 0.31
  135 Q     0   0   3  -1  -3   1   0  -1   0   1   0   0  -1  -2  -3   0   1   0  -2  -1    9   5  17   2   0  10   4   3   3   9   9   6   1   1   0   5  12   2   0   4  0.13 0.16
  136 A     0   0   2   2  -3   1   0  -2  -1  -1   0  -1   1  -1  -3   0   0  -1   0  -1   11   4  11  16   0   9   4   1   1   4  11   3   4   2   0   4   8   1   4   2  0.13 0.15
  137 R    -1   4   0  -1  -4   3   0  -1   0  -2  -1   2   1  -4  -3  -1   1  -4  -3  -3    3  25   3   3   0  19   3   5   2   3   5  13   4   0   0   3   9   0   0   1  0.42 0.30
  138 K     1   0  -1   2  -4   2   3  -3  -2  -1  -1   2  -1  -3  -3  -1   0  -4  -3  -1   11   3   2  11   0   9  28   1   0   4   5  11   1   1   0   3   5   0   0   5  0.33 0.25
  139 Q     1  -1   0  -1  -3   3   2  -2  -2  -1  -1   2  -1  -3  -3   1   0   0  -2  -1   12   2   3   3   0  16  16   1   0   3   8  15   1   0   0   8   4   2   1   5  0.23 0.22
  140 N    -2   3   2  -3  -4   3  -1  -3  -1  -1  -1   2   3  -4  -3  -1   0   0  -2  -2    3  21   9   0   0  19   2   1   1   3   5  16  10   0   0   4   4   1   1   1  0.44 0.31
  141 L     0   2  -1   1  -4   2   2  -3  -1  -1  -1   2  -1  -4  -3   0   0  -4  -3  -2    7  11   2   9   0  11  18   0   1   3   7  17   1   0   0   5   5   0   0   2  0.29 0.22
  142 Q     1  -1   0   0  -3   3   2  -2  -1  -1  -1   2  -2  -2  -3   0   0  -1  -2  -2   15   2   4   4   0  19  13   2   1   3   8  15   0   1   0   4   4   1   1   1  0.25 0.22
  143 K     2   1   1  -1  -3   3   1  -3   1  -1  -1   2  -1  -4  -3   0  -1  -4  -3  -2   18   6   7   1   0  20  10   0   3   3   8  13   2   0   0   6   1   0   0   1  0.29 0.24
  144 M    -1  -1   1  -2  -2   1  -2  -3   3   2   2  -2   3   0  -3   0   0  -3   0   0    2   2  10   1   1   9   1   0  10  12  19   0   9   5   0   5   7   0   2   5  0.20 0.20
  145 E     1  -1   0   2  -4   2   4  -2  -2  -3  -1   3  -3  -4  -3  -1  -1  -4  -4  -1   11   1   4  10   0   9  30   3   0   0   6  19   0   0   0   1   2   0   0   4  0.44 0.30
  146 D    -1   0   1   2  -5   2   4  -3  -1  -4  -1   3  -1  -3  -3  -2  -1  -5  -4  -3    4   3   5  13   0   7  35   1   1   0   6  19   1   1   0   0   4   0   0   0  0.57 0.34
  147 N    -1   2   2  -2  -2   3   0  -3  -2   0   0   2   1  -1  -3  -1  -1  -3   1  -1    3  15  13   1   1  16   3   0   0   6   9  13   3   2   0   3   2   0   6   4  0.24 0.21
  148 Q     0   1  -1  -1  -2   3   0  -2   0   0   0   1   3  -3  -3   0  -1  -3  -2   0    9   9   2   2   1  18   6   1   2   7  11   9  11   0   0   4   2   0   0   4  0.18 0.18
  149 Q     1   0  -1   1  -4   2   4  -2  -2  -3  -3   2  -3  -4  -3   0  -1  -4  -3  -3   11   4   1   9   0  10  34   1   0   1   1  17   0   0   0   5   3   0   0   1  0.51 0.30
  150 K    -1   0   0  -1  -4   3   1  -3   1  -4  -3   5  -1  -5  -3  -1   0  -4  -3  -4    3   2   3   2   0  15   9   0   3   0   2  51   2   0   0   3   4   0   0   0  0.78 0.41
  151 I    -2  -1  -3  -2  -3  -2  -1  -5  -4   5   2  -2   4  -1  -4  -3  -2  -3  -1   1    2   3   1   2   0   1   4   0   0  40  23   2  12   2   0   0   1   0   2   4  0.57 0.32
  152 R     1   1  -1   2  -4   2   3  -2  -2  -3  -3   3  -1  -4  -3  -2  -2  -4  -3  -3   11   6   2  14   0  10  24   1   0   1   2  24   2   0   0   0   1   0   0   1  0.49 0.29
  153 E    -1  -1  -2   3  -5   1   5  -4  -2  -5  -4   3  -4  -5  -3  -1  -2  -5  -4  -3    3   2   0  15   0   4  51   0   0   0   1  17   0   0   0   2   1   0   0   2  0.93 0.44
  154 S     4  -2  -1  -2  -3   2  -1  -2  -1  -2  -2  -2   0  -1  -3   1  -1   3   0  -2   47   1   3   1   0  11   4   1   1   2   4   1   3   2   0  10   1   5   3   1  0.45 0.32
  155 E     0  -1  -2  -2  -3   2   1  -3   0   3   0   0  -1  -1  -3  -2  -1  -1  -2   1   11   3   1   0   0  15  13   0   2  28   6   4   1   2   0   1   2   1   1   9  0.26 0.23
  156 E     0   0  -1   2  -5   1   4  -2  -2  -5  -4   4  -4  -5  -3  -2  -2  -5  -4  -4    9   4   1  14   0   6  34   2   0   0   0  27   0   0   0   1   1   0   0   0  0.73 0.38
  157 A     2   1   0  -1  -4   2   0  -3  -1  -2  -3   5   0  -4  -3  -1  -2  -4  -3  -2   18   7   3   3   0   9   3   0   2   2   0  43   3   0   0   3   0   0   0   2  0.58 0.35
  158 A     2  -1  -1  -2   2   3   0  -1  -1   0   0  -1   3  -1  -3   0  -1  -3  -2  -1   26   1   2   1   4  16   7   5   2   6   8   1  10   2   0   4   1   0   0   2  0.20 0.21
  159 K     0   2  -1   2  -4   2   3  -2   1  -2  -4   3  -3  -4  -3  -1  -2  -4  -3  -3    8  10   2  14   0   8  22   2   3   2   0  25   0   0   0   1   0   0   0   1  0.52 0.29
  160 E    -1   0  -1   2  -5   1   4  -3  -2  -4  -4   4  -1  -5  -3   0  -1  -5  -4  -4    5   2   1  10   0   6  36   0   0   0   0  29   2   0   0   5   3   0   0   0  0.73 0.38
  161 A     5  -2  -3  -3  -3   1   0  -2  -3  -1  -3  -1  -1  -4  -3   1  -2  -5  -4  -2   62   1   0   0   0   8   5   1   0   3   2   3   1   0   0  10   1   0   0   2  0.78 0.45
  162 Q    -1   2  -1   0  -5   2   2   0  -1  -3  -3   4  -3  -5  -3  -1  -2  -5  -4  -3    4  12   2   4   0  12  17   8   1   2   1  34   0   0   0   3   0   0   0   1  0.54 0.31
  163 K     0   1  -1   0  -4   0   1  -3  -3  -1  -4   5  -3  -5  -3  -1  -1   1  -4  -1    8   5   3   4   0   2   7   1   0   4   0  53   0   0   0   3   4   2   0   5  0.67 0.39
  164 S     3  -1  -1  -3  -3  -1  -2   0  -3  -4  -2   3   0  -4  -3   3  -1   6  -3  -3   25   2   2   0   0   1   0   8   0   0   3  22   2   0   0  23   1  12   0   0  0.59 0.37
  165 G     1   0   1  -1  -4   0   0   5   0  -5  -4   0  -1  -5  -3   1  -2  -4  -4  -4   10   5   7   3   0   3   6  45   2   0   0   4   2   0   0  13   0   0   0   0  0.64 0.32
  166 L    -1   0  -1  -1   1  -1   1  -2  -1   2   0   1   0   1  -3  -2  -1   2  -1   1    2   3   3   2   3   1  10   3   1  19  10  14   3   8   0   1   2   3   0  12  0.10 0.14
  167 A     1  -2  -2  -4  -2  -3  -3  -2  -3   1   1  -1   0   4  -4  -1  -1   6  -1   0   14   2   2   0   1   0   0   2   0   9  14   3   2  24   0   6   2  11   0   7  0.41 0.26
  168 A     1  -2   0  -1  -3   1  -1   4  -3  -3  -1   0   1  -4  -3   2  -1  -4  -3  -2   15   0   3   2   0   6   3  33   0   0   6   6   5   0   0  18   3   0   0   1  0.41 0.26
  169 K     1   1  -1  -1  -4   1  -1   0  -3  -3  -4   5   0  -4  -3   1   0  -5  -4  -1   11   6   2   3   0   5   2   6   0   0   0  43   3   0   0  10   4   0   0   5  0.49 0.32
  170 I     0  -5  -5  -5  -3  -4  -5  -5  -5   6   1  -4  -1   1  -4  -4  -3   0  -3   3    7   0   0   0   0   0   0   0   0  53   7   0   0   6   0   0   0   1   0  23  0.98 0.43
  171 F    -3  -5  -5  -6  -2  -5  -6  -3  -4  -1   0  -5   0   8  -6  -2  -4   4   0   0    2   0   0   0   1   0   0   2   0   3   6   0   2  70   0   3   0   5   0   6  1.61 0.60
  172 G    -1  -2   0   3  -4   1  -1   4  -3  -5  -5   0  -4  -5  -3   2  -2  -5  -4  -5    2   1   3  17   0   7   2  40   0   0   0   6   0   0   0  20   0   0   0   0  0.74 0.37
  173 W    -3  -5  -6  -7  -5  -5  -5  -4  -1   0  -2   0   0   0  -6  -3  -4  11   1  -5    2   0   0   0   0   0   0   1   1   5   3   7   2   4   0   1   1  67   4   0  2.68 0.83
  174 I    -1  -4  -5  -5  -3  -4  -5  -5  -5   5   3  -4   0   0  -4  -4  -3  -4  -3   3    6   0   0   0   0   0   0   0   0  46  24   0   1   4   0   0   0   0   0  19  0.86 0.37
  175 S     2  -3  -2  -3  -3  -2  -3   3  -3   0  -1  -1  -1  -2  -3   1   0  -4  -3   0   18   0   1   0   0   1   0  31   0   7   5   4   2   2   0  14   7   0   0   8  0.34 0.22
  176 A     3  -1  -1  -2  -2  -1  -2   1  -3  -1  -1   1  -1  -2   0   1   1  -4  -3   0   36   1   2   0   0   2   0  10   0   2   5   9   2   1   3  11   8   0   0   7  0.25 0.20
  177 I     3  -4  -4  -4  -2  -3  -3  -1  -4   3   0  -3  -1  -1  -3  -1  -1  -4  -3   2   39   0   0   0   0   0   0   4   0  24   9   0   0   3   0   3   1   0   0  16  0.48 0.30
  178 A     2  -3  -3  -4  -2  -3  -3  -3  -4   2   2  -3  -1   2  -3  -1   0  -3  -2   3   24   0   0   0   0   0   0   1   0  14  19   0   0   9   0   5   3   0   0  24  0.37 0.24
  179 S     3  -2  -2  -1  -3   1   1   0  -1  -2  -2  -1   2  -3  -2   2   2  -4  -3  -2   27   0   0   3   0   7  12   8   1   2   2   1   7   0   0  17  13   0   0   1  0.30 0.23
  180 I     2  -3  -3  -4  -2  -3  -3  -3  -3   3   1  -3   0   1  -3  -2   1   0  -1   3   27   0   0   0   0   0   0   0   0  17  13   0   1   6   0   0   8   1   2  24  0.37 0.24
  181 I     1  -4  -4  -4  -3  -4  -4  -1  -4   4   1  -4  -1  -1  -2  -3  -2  -4  -3   4   11   0   0   0   0   0   0   5   0  31   9   0   0   2   2   0   1   0   0  38  0.62 0.31
  182 V     2  -3  -3  -3  -2  -2  -3   0  -3   1   0  -3   2   1  -3   0   0  -1   0   3   27   0   0   0   0   0   0   7   0   9   5   0   7   6   0   6   4   1   2  24  0.26 0.20
  183 G     2  -3  -1  -3  -3  -3  -3   5  -3  -2  -2  -3  -1  -4  -3   1  -2  -4  -4  -1   21   0   2   0   0   0   0  50   0   3   3   0   2   0   0  12   1   0   0   5  0.75 0.33
  184 A     4  -3  -3  -3   0  -3  -3   0  -3   2  -1  -3  -2   0  -1  -1   0  -4  -3   2   44   0   0   0   1   0   0   7   0  13   4   0   0   3   2   1   4   0   0  19  0.43 0.28
  185 I     2  -3  -3  -3   0  -3  -3  -2  -3   2   1  -3   0   1  -1   0  -1  -3  -2   3   25   0   0   0   2   0   0   3   0  15  11   0   2   7   3   5   2   0   0  24  0.29 0.20
  186 M     1  -2  -2  -3   0  -2  -2  -2  -3   0   2   1   3   0  -3  -1   1  -3  -2   1   13   1   1   0   2   0   1   2   0   1  27  14  13   4   0   3   9   0   0   9  0.23 0.21
  187 V     2  -3  -1  -3   1  -3  -3  -2  -3   3   1  -3   2   0  -3  -1   0  -3  -2   2   18   0   3   0   3   0   0   3   0  21  12   0   7   3   0   3   6   0   0  20  0.28 0.19
  188 A     4  -3  -3  -4  -1  -2  -3  -1  -3   0   0  -3  -1  -1  -1  -1  -1  -1  -3   3   45   0   0   0   1   1   0   4   0   4  11   0   0   2   3   2   2   1   0  23  0.44 0.30
  189 T     1  -3  -2  -3  -2  -2   0  -2  -3   2  -1  -2  -2  -2  -2   1   4  -4  -3   1   12   0   1   0   0   0   5   2   0  11   4   0   0   1   1   7  42   0   0  12  0.45 0.30
  190 G     1  -3  -1  -3  -1  -3  -3   5  -3  -2  -3  -3   1  -2   0   0   0  -4  -3   0   13   0   2   0   1   0   0  52   0   1   1   0   4   2   5   4   5   0   0   8  0.68 0.32
  191 V     1  -3  -1  -2   0  -2  -3   1  -3   1   0  -2   1  -1  -3  -1  -1  -3  -2   3   17   0   2   2   2   0   1  15   0   7   8   1   3   2   1   3   2   0   0  35  0.26 0.20
  192 G     2  -3  -1  -1  -2  -2  -2   5  -3  -2  -2  -2   0  -1  -3  -1   0  -3  -3  -1   19   0   2   3   1   1   2  47   0   2   3   0   2   3   0   2   8   0   0   4  0.57 0.28
  193 A     4  -3  -1  -2   0   1  -1   0  -3   0   0  -2   1  -3  -1   0  -1  -4  -3   1   43   0   3   1   2   6   2   5   0   4   9   0   3   0   3   6   1   0   0  12  0.30 0.25
  194 A     2  -3  -3  -3  -2  -2  -2   1  -3   1   0  -2   1  -1   2  -1   1  -4  -2   2   28   0   0   0   0   0   1  12   0   6   8   0   6   2  10   3   8   0   1  17  0.26 0.21
  195 A     4  -3  -3  -2   0  -2  -3   1  -1   0  -1  -2   0   0  -2   0   0  -1  -2   1   45   0   0   1   2   1   0  11   2   3   6   0   2   4   1   6   4   1   0  12  0.34 0.26
  196 G     1  -3   1  -3  -4  -3  -3   5  -3  -3  -4  -2  -2  -3  -2  -1  -1  -4  -4  -2   14   0   8   0   0   0   0  60   0   1   1   2   1   1   1   2   4   0   0   2  0.93 0.39
  197 A     3  -3  -1  -3  -2  -2  -3   2  -3   0  -1  -2  -1  -3   2   0   1  -1  -3   1   36   0   3   0   0   0   0  16   0   4   3   2   1   0  10   3   8   1   0  12  0.35 0.25
  198 L     1  -3  -3  -3   0  -2  -3  -1  -3   1   3  -3   4   0   1  -2  -2  -3  -2   1   17   0   0   1   2   1   0   3   0   5  34   0  16   2   6   1   1   0   0   9  0.37 0.25
  199 M     0  -3  -2   0  -3  -2  -1  -2  -3   0   3  -2   5  -1  -3  -2  -2  -1   0   0   10   0   1   7   0   0   4   2   0   2  34   2  24   1   0   0   0   1   4   6  0.41 0.28
  200 I     0  -4  -4  -3  -1  -3  -3  -3  -4   4   2  -3   2   1  -2  -3  -1   2  -2   2    8   0   0   1   1   0   2   2   0  38  18   0   6   5   1   0   2   3   0  12  0.45 0.26
  201 A     5  -3  -3  -4  -3  -2  -3  -1  -4  -1  -2  -3   0  -4  -1   0   0  -4  -2   1   66   0   0   0   0   1   0   3   0   2   2   0   3   0   2   3   5   0   1  11  0.79 0.44
  202 G     4  -3  -3  -3  -1  -3  -2   3  -3  -1  -1  -3  -1  -2  -3   0   1  -4  -3   1   39   0   0   0   1   0   1  24   0   2   6   0   1   1   0   7   7   0   0   9  0.49 0.31
  203 G     2  -4  -3  -2  -3  -3  -3   5  -4  -3  -2  -3  -3  -3  -2   0   0  -4  -4   0   22   0   0   2   0   0   0  50   0   0   3   0   0   1   1   7   5   0   0   7  0.78 0.38
  204 V     2  -4  -4  -4   2  -3  -4  -2  -4   2   1  -3   0  -2  -3  -2   1  -4  -3   4   17   0   0   0   4   0   0   3   0  12  14   0   2   1   0   2   8   0   0  36  0.46 0.29
  205 M     1  -3  -2  -1   0  -2  -2  -2  -3   2   1  -2   3   0  -1   0   0  -3  -2   1   18   0   1   5   2   1   0   1   0  16  16   0  10   5   2   5   6   0   0  11  0.19 0.17
  206 G     0  -2  -1   0  -2   0  -1   4  -3  -2  -1   0   3  -3  -3   2   1  -4  -3  -2    8   0   1   6   1   3   2  34   0   1   4   6   9   0   0  15   8   0   0   1  0.39 0.26
  207 V     1  -3  -4  -4  -3  -3  -4  -3  -4   3   3  -3   4   0  -4  -3   0  -3  -2   2   13   0   0   0   0   0   0   1   0  19  27   1  11   4   0   0   5   0   0  17  0.47 0.28
  208 V     2  -4  -3  -3  -1  -3  -3   0  -4   2   0  -3  -1  -2  -3  -1   2  -4  -2   3   23   0   0   1   1   0   0   9   0  11   9   0   0   1   0   3  12   0   1  29  0.36 0.27
  209 S     0  -1   3   1   0  -1   0   0  -2  -2  -1   2   3  -3  -3   1   0  -4  -3  -2    9   1  15  10   2   1   4   6   0   1   5  15  12   0   0  13   4   0   0   2  0.22 0.21
  210 Q     3  -2  -1  -2  -1   2   1   0  -2   0  -1  -1   3  -2  -3   0  -1  -4  -2  -1   27   0   2   1   1  14  10   6   0   6   5   3  11   1   0   7   3   0   1   3  0.23 0.23
  211 S     2  -4  -3  -4  -1  -3  -2  -1  -4   4   0  -3   2  -1  -1  -1   0  -4  -3   2   22   0   0   0   1   0   3   4   0  30   3   0   5   2   2   4   7   0   0  16  0.36 0.27
  212 V     2  -2  -1  -1   1  -1  -2  -1  -3   0   1  -2   3  -1  -3   1   1  -3  -2   1   18   1   3   4   3   1   1   3   0   4  15   1  14   2   0   9   7   0   0  13  0.17 0.18
  213 Q     1   0   1  -1  -3   3   2   0  -1  -2  -3   2   0  -4  -3   1  -1  -4  -3  -1   10   2   5   2   0  17  18   7   1   2   0  16   2   0   0  10   3   0   0   5  0.31 0.23
  214 Q     0  -2  -1   0  -2   1   2  -2  -1  -1  -1   1   2  -3  -3   1   3   0  -2  -1    9   0   1   5   1   7  17   1   1   3   3   7   6   0   0   9  24   1   1   4  0.25 0.23
  215 A     3  -3  -3  -3   1  -2  -1  -1  -3  -1   0  -1   2  -1  -2   0   2  -3  -1   1   36   0   0   1   4   1   3   2   0   1   9   2   6   2   1   6  15   0   2   9  0.29 0.25
  216 A     2  -3  -1  -3  -3  -1  -1   3  -3  -1  -1  -1   1  -3  -3   0   1  -4  -3   0   24   0   2   0   0   2   4  28   0   3   6   2   5   1   0   7  11   0   0   6  0.33 0.24
  217 A     0  -1  -2  -2  -3  -1  -1   3  -1   0   1   0   0  -2  -3  -1   0  -3  -2   1    9   2   1   2   0   2   3  28   2   5  14   6   2   1   0   3   5   0   1  15  0.18 0.16
  218 D     1  -2  -2   2   0  -1   0   0  -2   0   0  -1   1   0   1  -1  -1   4  -2   0   13   0   1  15   3   2   4   6   0   6   8   4   6   5   8   4   3   7   0   4  0.13 0.14
  219 G    -1  -2   1   3  -1  -1   1   3   0  -3  -2   0  -2  -2  -2   0  -2   1  -3  -2    3   1   7  20   1   1  10  31   3   0   5   5   1   2   1   4   1   2   0   3  0.38 0.23
  220 L     1  -1  -2   0  -2  -1  -1   0  -2   1   0   0   2   0   2   0   0  -3  -1   0   11   1   0   6   0   1   2   8   1  12  10   6   9   5  10   7   4   0   1   4  0.09 0.11
  221 I     0  -2  -1   1  -1  -1   0  -2  -2   3   0  -1   2  -2  -2   0   0  -3  -2   1   10   1   2  10   1   1   5   3   1  23   9   3   8   0   1   9   5   0   1   9  0.13 0.15
  222 S     1   0   1   1  -3  -1   0   1   0  -1  -1   0  -1  -3   0   1   0  -4  -2   0   13   4   9   6   0   1   5  14   3   3   5   5   2   0   4  15   4   0   1   6  0.13 0.12
  223 K     1   0   0   1  -1   0   3   0   0  -2  -3   2  -1  -2   0   1   0   0  -3  -2   14   4   5   6   1   3  21   7   2   2   1  15   2   1   4   8   4   1   0   1  0.22 0.19
  224 E     1  -2  -1   2  -3   1   3   0  -1  -2  -2   1   0  -2  -1   0  -1  -4  -3  -2   17   0   2  10   0   5  24   8   1   2   2  11   3   1   2   7   2   0   0   3  0.28 0.22
  225 V     1  -2   0   0   2   0  -1   0  -1   0   0   1   1  -2  -1   0   0  -1  -2   1   16   0   3   4   5   3   3   8   1   7   7  13   6   1   2   4   5   1   1  12  0.07 0.12
  226 M     0  -1  -3  -2  -2   1   0   0   0  -1   1   1   4   0  -2  -1  -1   1   2  -1    8   2   0   2   0   7   6   9   2   1  14  10  17   4   1   3   2   2   7   3  0.17 0.20
  227 E     0   0   0   1  -4   1   3   0  -1  -1  -2   3   0  -4  -1  -1   0  -4  -2  -2    8   4   3   8   0   7  20   6   1   3   4  21   3   0   2   2   5   0   1   2  0.26 0.21
  228 K     2  -1  -1   0  -3   0   1   0  -2  -1  -2   2  -2  -2   1   0   0   2  -1   0   21   1   2   4   0   3   9   6   0   4   3  19   1   1   6   4   4   4   2   5  0.16 0.17
  229 L     1  -2  -3  -2  -1  -1  -1  -1  -2   3   2  -1   2   1  -2  -2  -1  -1  -1   1   14   0   0   2   1   3   3   4   1  19  18   5   6   6   1   1   2   1   1  11  0.15 0.15
  230 G     2  -2  -1   1  -3   0  -1   3  -3   0  -2   0   2  -3  -1   0   0  -4  -2  -1   24   2   3   9   0   4   2  22   0   7   2   5   7   0   2   3   4   0   1   2  0.24 0.21
  231 P     0  -1   0   1  -1   1   0   0  -2  -3  -2   3  -1  -3   1  -1   0   1  -1   0    9   1   4   8   2   6   6   8   0   0   3  25   1   0   8   2   7   2   2   7  0.19 0.18
  232 A     2  -1  -1  -1  -1  -1  -1   0  -2   1   0   0   0  -1  -2  -1   1  -2  -2   2   25   1   2   4   1   3   3   6   1   9   6   7   1   2   1   3   8   1   0  16  0.12 0.14
  233 L     1  -2  -2   0  -1  -2  -2  -1  -3   1   2  -3   4   1  -3  -2  -1   1  -2   2   12   1   1   6   1   1   2   5   0   7  21   1  13   7   0   1   3   2   0  14  0.21 0.19
  234 M     1  -3  -3  -2  -3   0   0   3  -3   0   0  -2   5  -1  -2  -1   1  -4  -2  -1   10   0   0   2   0   4   5  22   0   5   7   2  24   3   1   3   9   0   1   2  0.38 0.30
  235 G     1  -3  -2  -2  -1  -1  -1   3  -1  -1  -2   1  -3  -1  -3  -1  -2   4   1   0   15   0   1   1   1   1   5  30   1   3   3  10   0   2   1   3   1   7   6   9  0.34 0.25
  236 I     1  -3  -2  -2   0  -3  -1  -1  -3   3   1  -2   1   1  -2  -1  -1  -3  -2   2   13   0   2   2   2   0   4   4   0  21  14   1   4   8   2   3   3   0   0  18  0.23 0.19
  237 E     0   0  -1   1  -2   4   1   1  -2  -1  -2   0  -1  -4  -1   1   0  -2  -3  -1    9   3   1   6   1  25  11  10   0   4   4   3   2   0   2   9   7   1   0   3  0.28 0.25
  238 I     0  -3  -3  -1  -1  -1  -2  -2  -2   3   2  -1   4  -1  -2  -2   0  -3  -1   1    9   0   0   3   1   2   2   2   1  24  18   4  13   2   1   2   4   0   2  10  0.28 0.22
  239 A     3  -3  -3  -2  -3  -2  -2   2  -4   1  -2  -2  -1   0  -1   0   1  -1  -3   0   35   0   0   1   0   1   2  17   0   8   2   2   2   5   3   4  10   1   0   5  0.37 0.30
  240 V     1  -3  -3  -4   0  -2  -3  -2  -4   2   2  -2   2   2  -4  -2   0   1  -2   2   16   1   1   0   2   1   1   3   0  16  18   2   6  11   0   1   4   2   0  16  0.29 0.22
  241 A     2  -2   0  -1  -3   0   2   2  -3  -2  -1  -1  -1  -2  -3   1   0  -4  -3  -1   23   0   4   2   0   3  14  16   0   2   6   4   1   2   0  13   6   0   0   3  0.25 0.23
  242 L     0  -4  -3  -3  -1  -4  -2  -4  -4   4   2  -2   2  -2  -2  -3  -1  -4  -3   3    8   0   1   2   1   0   2   1   0  31  20   2   6   1   2   0   3   0   1  20  0.53 0.32
  243 L     2  -3  -3  -1  -3  -2  -2   0  -4   1   2  -2   1  -1  -2  -1   0  -4  -3   2   24   1   0   3   0   1   1   6   0   8  19   1   3   2   2   3   6   0   0  19  0.25 0.23
  244 A     2  -2  -1  -2   0  -2  -2   3  -3   0   0  -1  -1  -2  -2   2   1  -4  -3   0   19   1   2   2   2   1   1  22   0   5  11   3   1   1   1  16   8   0   0   5  0.25 0.22
  245 A     3  -4  -4  -1  -2  -3  -1  -2  -4   1   2  -2   5  -1  -3  -1  -1  -4  -3   0   30   0   0   4   1   0   4   2   0   9  17   2  16   2   1   3   3   0   0   6  0.40 0.32
  246 V     3  -3  -3  -2  -2  -2  -2   0  -4   1   0  -2  -1   0  -1  -1  -1  -2  -3   3   30   0   0   2   1   2   2   6   0   9   6   2   1   4   3   4   2   1   0  27  0.34 0.28
  247 V     1  -1  -2  -2   0  -2  -2  -1  -3   2   1  -2   1   0  -2  -1  -1  -3  -2   3   16   3   2   2   2   1   2   5   0  13  16   2   4   5   2   2   1   0   0  22  0.19 0.18
  248 S     0  -1   0   1  -3   0  -1   3  -3  -2  -1  -1  -2  -3  -3   2   2  -4  -3  -1    9   2   3  10   0   3   2  22   0   2   6   3   1   1   0  17  17   0   0   3  0.29 0.23
  249 F     0  -3  -3  -3   0  -1  -2   1  -3   3   1  -2   2   2  -1  -2  -1  -3  -1   1    6   1   0   0   2   3   2  12   0  20  16   2   7  13   3   2   2   0   1   8  0.22 0.19
  250 G     1  -3  -1  -1  -3  -2  -1   4  -3   0  -1  -2   0  -1  -3  -1   0  -3  -1   2   12   1   2   3   0   0   4  32   0   5   6   2   3   3   1   3   6   0   1  15  0.29 0.24
  251 G     2   0  -1  -1  -1   0  -1   3  -3  -2  -1  -1  -1  -3  -2   1   0  -4  -3  -1   18   5   1   3   1   5   3  30   0   2   5   3   2   1   2  10   4   0   0   4  0.29 0.24
  252 S     2  -1  -1  -1  -2  -1   0   0  -2  -1  -1   1   2  -1  -1   2   1  -3  -3   0   21   2   2   2   0   1   6   7   0   4   5   8   8   3   2  15   7   0   0   8  0.14 0.19
  253 A     3  -2  -3  -2  -3  -1  -1   0  -3   1   0  -2   0  -2  -1  -1  -1  -4  -3   2   35   1   0   2   0   3   3   6   0   7  11   2   2   2   3   3   3   0   0  17  0.30 0.29
  254 V     2   1  -2  -2  -2  -1  -1   1  -3   0   0  -1   2   0  -1   0   0   1  -2   0   27   9   0   2   0   2   4   9   0   5   8   2   6   4   2   5   5   2   0   8  0.14 0.19
  255 G     2  -1   0  -2  -3  -1  -1   3  -1  -2  -2   1  -1  -2  -3   1   0   0  -3  -1   21   3   5   1   0   2   4  25   1   2   3   8   1   1   0   9   6   2   0   4  0.26 0.23
  256 G     1  -1  -1  -2  -1  -1   0   2  -2   0  -1   0   0   0  -3   0  -1   0  -2   1   15   3   2   1   1   1   5  21   0   6   6   8   3   4   0   7   3   2   0  10  0.12 0.15
  257 L     2  -2  -1  -2   0  -2  -1   0  -3   2   1  -1   2   1  -2  -1  -1  -3   0   1   19   2   4   1   1   0   3   6   0  15  13   2   6   7   1   3   1   0   3  10  0.12 0.16
  258 A     3  -2  -1  -1  -1  -1  -1   0  -3   0  -2   0  -1  -2  -1   1   0  -4  -2   1   36   1   2   2   1   2   4   7   0   4   2   5   2   1   2   8   7   0   1  11  0.25 0.25
  259 R     1   1   0   0  -1   3   1   0  -2  -2  -1   2   0  -3  -2   0   0  -3  -1  -1   12   6   3   5   1  16   9   8   0   0   7  12   3   0   0   6   5   0   2   4  0.16 0.18
  260 L     2  -1  -2  -1  -2  -1  -1   0   0   1   1  -1   2  -1  -3   0   0  -3  -2   1   18   3   1   3   0   1   3   8   2   8  15   3   7   1   0   6   4   0   0  14  0.11 0.15
  261 G     3  -2  -1  -2  -3  -1  -1   2  -3   1  -1   0   0  -3  -3   1   0  -4  -3   1   26   0   2   1   0   2   4  19   0   8   3   7   3   0   0  10   5   0   0   9  0.26 0.25
  262 A     3  -1  -1  -1  -3   0   0   2  -3   0  -1   0   1  -3   0   0   1   0  -3   0   28   2   3   2   0   3   5  14   0   4   3   5   6   0   4   4   8   1   0   7  0.18 0.21
  263 K     2  -1   0  -2  -3   0   0   0  -1  -1  -1   3   1  -3  -3   0   0  -4  -2  -1   25   1   5   1   0   3   6   8   1   3   4  22   4   0   0   6   4   0   1   5  0.24 0.25
  264 I     2  -1  -1  -1  -2  -2  -1  -2  -3   3   0  -1   2  -1  -2   0  -1  -4  -3   2   17   2   3   4   0   0   3   3   0  19   8   3   6   2   1   6   3   0   0  19  0.21 0.22
  265 G     3  -2  -1  -3  -3   0  -1   1  -3  -1  -1  -1   1  -2   0   0   1  -4  -3   0   28   0   3   0   0   4   3  13   0   3   5   4   5   1   5   5  12   0   0   8  0.23 0.24
  266 G     1  -1   0  -1  -3   1   0   2  -2  -1  -1   1   0  -1  -2   0   1  -3  -3  -1   15   1   3   3   0   6   5  21   0   5   4   8   4   3   0   7  10   0   0   5  0.16 0.18
  267 K     1  -1   0  -1  -2   0  -1   0  -2   1  -1   1   0  -2  -2   1   1   0  -2   0   17   1   3   3   0   4   4   8   0   8   6  13   3   1   1   8  13   1   0   7  0.10 0.15
  268 A     2  -3  -2  -2   1  -1  -1   0  -3   1  -1  -1   1  -1  -3   0   1  -4  -3   2   25   0   1   2   3   2   3   8   0   7   3   3   5   3   0   5  12   0   0  19  0.22 0.24
  269 A     3  -2  -2  -2   0  -1  -1   0  -3   0  -1  -1   2  -1  -1   0   1  -4  -2   1   31   1   1   1   2   2   4   8   0   6   5   2   8   2   3   4   8   0   1   9  0.20 0.23
  270 E     2   0   0  -1  -3   0   1   0  -2  -1  -2   1   0  -2  -2   1   1  -3  -3  -1   22   5   3   3   0   2  12   7   0   4   3   8   2   2   0  12  10   0   0   4  0.17 0.19
  271 M     1  -2  -1  -1  -2  -1   0  -1  -3   0   0   0   2   0  -3   0   1  -3  -2   2   17   0   3   3   0   1   6   5   0   2  11   5   7   4   0   6  11   0   1  18  0.13 0.18
  272 T     2  -2  -2  -3  -2  -1  -1   2  -3   1   0  -1   1   0  -2   0   1  -3  -2   1   21   2   0   0   0   2   4  18   0   8  10   3   4   4   1   5  10   0   0   9  0.17 0.19
  273 A     3  -1  -1  -3  -3  -1   0   0  -3   0   0  -1   0  -2  -3   0   1  -4  -3  -1   35   3   2   0   0   2   5   8   0   6   9   3   3   2   0   7  10   0   0   3  0.26 0.26
  274 S     2  -2   0  -1   0  -1   0   1  -2  -2  -2   2   0  -2  -2   1   1   0  -1   0   18   0   5   2   2   2   5  11   0   0   3  16   2   1   1  10  12   1   2   7  0.17 0.20
  275 L     1  -1  -1  -2  -2   0   0   0  -1   1   1  -1   0  -1  -1   0   0  -3  -2   1   17   2   3   1   0   4   6   8   2  11  20   3   1   1   2   5   3   0   0  12  0.09 0.14
  276 A     3  -3  -1  -2  -1  -2  -1   2  -3   0  -2  -1  -1  -2  -2   1   0  -1  -2   1   36   0   2   1   1   1   3  17   0   6   2   4   1   2   1   8   4   1   1   9  0.33 0.29
  277 S     2  -2  -2  -1  -3   0   0   1  -3  -1   0   1   0  -2  -1   2   0  -3  -3   0   21   0   0   4   0   5   4  11   0   3   9   9   2   1   2  17   3   0   0   6  0.16 0.20
  278 K     1   0   0  -1   0   0   0   0  -2  -1  -1   3   1  -3  -3   1   1  -4  -3   0   15   3   3   3   2   2   4   5   1   2   4  22   5   0   0   9  10   0   0   9  0.18 0.22
  279 V     3  -2  -3  -3  -1  -1  -2  -1  -3   2   1  -2   2  -1  -3  -1   1  -4  -3   2   25   1   0   1   1   2   1   4   0  11  14   2   5   2   0   2   8   0   0  18  0.27 0.26
  280 A     4  -3  -2  -2  -1  -1  -1   1  -3  -1  -1  -1  -1  -2  -1   1   0  -4  -3   0   37   0   1   1   1   3   3  12   0   3   7   4   2   1   2  12   6   0   0   5  0.32 0.29
  281 D     1  -1   0   0  -2   1   1   0  -2   0  -1   1   0  -3  -1   1   1   1  -2   0   14   1   5   4   0   6   9   7   0   5   4   9   3   0   2  10  12   2   0   6  0.11 0.14
  282 L     1  -1   0  -1  -2  -1   0   0   0   1   1   0   1  -1  -2   0   0  -3  -1   1   11   1   4   2   0   2   5   6   2   8  14   7   5   3   0   6   7   0   1  14  0.05 0.09
  283 G     3  -2  -1  -1  -2  -1  -2   1  -3   0   0  -1   1   0  -2   0   0  -3  -2   1   31   0   3   2   0   2   2  10   0   4   8   4   5   3   1   6   5   0   0  12  0.20 0.22
  284 G     2  -2   0  -1  -3  -1   0   3  -2   0  -1  -1  -1  -1  -2   0   1  -3  -1   0   18   0   4   2   0   1   5  23   0   5   7   3   2   3   1   8  10   0   2   5  0.18 0.18
  285 K     0   0   1  -1  -3   0   0   0  -1  -1  -1   3  -1  -3  -2   1   1  -3  -3  -1    9   3   6   3   0   4   6   7   1   5   4  22   1   0   1  14   8   0   0   5  0.18 0.19
  286 F     1  -1   0  -1  -1   0   0   0  -2   0   0   0   0   1  -2   0   1  -2  -1   1   14   1   4   2   1   6   5   8   0   7   8   5   3   9   0   8   8   0   0  10  0.05 0.09
  287 G     3  -2  -1  -2  -3  -1  -1   3  -3  -1  -1  -1   0  -1  -3   0   0  -3  -3   1   27   1   3   2   0   3   3  22   0   3   7   3   3   3   0   4   6   0   0  10  0.26 0.24
  288 S     2   0   1   0   0   0   0  -1  -2  -1  -2   1   1  -2  -2   1   1  -4  -3  -1   25   3   7   4   2   4   5   4   0   3   2  11   5   1   1  11   7   0   0   5  0.17 0.20
  289 L     1   0   0   0  -2   0   0   0  -1   0   0   0   0  -1  -2   1   1   0  -1   0   14   3   3   4   0   3   7   8   1   9   9   8   3   2   0   9   9   1   1   5  0.04 0.08
  290 A     3  -2  -3  -2   0  -1   0  -2  -3   0   0   0  -2  -2  -3   1   2  -4  -1   0   32   0   0   1   2   3   6   2   0   6   7   7   0   1   0   9  14   0   2   7  0.26 0.28
  291 G     3  -1  -1  -2  -2   0   0   1  -2   0   0  -1   0  -1  -1   0   1  -3  -2   0   29   3   2   1   0   4   5  10   1   7   7   2   3   3   2   7   7   0   0   6  0.14 0.18
  292 Q     1   1   0   1  -3   2   0   1  -2  -1  -2   1  -1  -3  -1   1   0  -3  -2  -1   11   8   4   7   0  12   4  10   0   5   4  12   1   0   2  11   5   0   1   3  0.15 0.17
  293 S     1  -1   0  -1  -2   0   0  -1  -2  -1   0   1   0  -1   0   1   1  -3  -1   0   17   2   3   3   0   5   6   4   0   4   8   9   3   2   4  12  10   0   2   6  0.09 0.13
  294 L     2  -1  -2  -2  -2   0  -1  -1  -2   1   0   0   1   1  -3   0   1  -3  -1   1   24   4   1   1   0   4   3   4   1   7   6   4   5   6   0   4  11   0   1  13  0.13 0.18
  295 S     2  -2  -1  -1  -3   1  -1   1  -3   0  -1  -1   2  -2  -2   1   1  -1  -3  -1   23   1   1   3   0   7   3  12   0   6   5   3   6   2   1  13  10   1   0   3  0.18 0.22
  296 H     1   0   1   0  -3   2   0   0   1  -1  -2   2  -1  -3  -1   0   1  -3  -1   0   11   4   7   3   0  10   5   6   4   3   3  14   2   0   2   6   9   0   2  10  0.11 0.14
  297 S     1  -1   1  -1  -2  -1   0   1  -2   1  -1   0   1  -1  -2   0   1   1  -2   0   16   3   7   1   0   2   5  10   0   9   3   5   6   2   0   8   9   2   0   9  0.08 0.13
  298 L     2  -1  -2  -3  -2   0  -2  -1  -3   1   1  -1   2  -1  -3   0   1  -3  -2   2   18   2   1   0   0   3   2   4   0   9  14   4   5   2   0   5   9   0   1  19  0.16 0.19
  299 K     0   1   0  -1  -4   4   1  -1  -2  -2  -2   3   0  -3  -1   1  -2  -4  -2  -1    6   7   4   3   0  19   6   5   0   3   2  23   2   1   2   9   0   0   1   5  0.32 0.28
  300 L     1   0  -1  -1  -1  -1  -2  -1  -1   1   0   0   0   0  -2   1   1  -3  -1   1   15   4   3   2   1   1   1   5   1   8   9   5   2   5   0  10   9   0   1  15  0.07 0.12
  301 G     2  -1  -1  -1  -1   1   0   1  -1   0  -1   0  -1  -1  -1   0   0  -1  -1   1   19   3   3   2   1   6   7  11   2   8   5   3   1   3   1   8   6   1   1  10  0.06 0.10
  302 V     1  -2   0  -1  -2   0   0  -1  -2   0   1   0   1  -1  -1   1   2  -3  -1   0   16   0   4   3   0   5   6   4   0   4  13   6   3   2   1  10  13   0   1   7  0.09 0.14
  303 Q     0  -1   0  -1  -4   5   1  -1  -1   0  -1  -1  -2  -2  -3   0   1  -4  -1  -1   10   3   4   3   0  30   8   5   1   7   4   2   0   2   0   7   8   0   2   3  0.32 0.32
  304 V     1  -1  -3  -3   1  -1  -3   0  -3   2   0  -2   2   0  -1  -1   0   0  -1   3   12   4   0   0   3   2   0   9   0  14   6   2   5   3   2   4   7   1   2  23  0.19 0.21
  305 S     2  -1  -1  -3  -2   0  -1   0  -3   0  -1   0   0   0  -2   1   1  -3  -2   1   26   3   2   0   0   4   2   8   0   6   5   6   3   4   1   9   8   0   0  13  0.16 0.20
  306 D    -1  -1   1   2  -3   2   1   1   0  -3  -2  -1   0  -4  -3   2   0  -4  -3  -2    5   3   8  13   0  11  11  13   2   0   3   3   3   0   0  16   6   0   0   2  0.27 0.24
  307 L     1  -1   0  -1  -2   0  -1   1   0   1   0  -1   0   0  -2   0   0  -2  -1   1   13   3   5   2   0   5   2  12   2  13  12   3   2   4   0   5   6   0   2   9  0.04 0.08
  308 T     2  -1   0  -1   1  -2  -2   1  -3   1   0  -2   0  -1  -1   0   1  -3  -2   1   22   2   5   3   3   0   0  11   0   7  10   0   2   3   2   6  10   0   0  13  0.14 0.17
  309 L     1  -1   0  -1  -2   0  -1   0  -2   1   0   0   1  -1  -1   1   1  -3  -2   0   14   3   5   2   0   3   3   7   0   9  10   5   5   3   2  10  10   0   0   8  0.06 0.10
  310 D     0   0   2   1  -3   3   1   0   1  -2  -3   0   2  -3  -3   1   0  -3  -1  -2    8   4  13   9   0  16   7   5   3   2   1   4   7   0   0  10   7   0   2   2  0.23 0.23
  311 V     0  -3  -3  -4  -2  -1  -3  -1  -3   3   1  -3   3  -1  -3  -1   0  -3   0   4    7   0   0   0   0   3   0   4   0  17   9   0  10   2   0   4   5   0   3  33  0.39 0.28
  312 A     2  -3  -1  -3  -1  -2  -1   3  -3  -1   0  -1   0  -3  -3  -1   1  -3   1   0   22   0   2   0   1   0   3  30   0   3  10   3   2   0   0   3   8   0   5   7  0.31 0.26
  313 N     0   0   2   0  -3   3   1   1   0  -3  -3   1  -2  -4  -1   2   1  -4  -3  -2    6   3   9   5   0  16   9  10   2   0   1   9   1   0   3  17   8   0   0   2  0.29 0.23
  314 G     1  -1  -1  -3  -3  -1  -1   4  -3   0  -2   0   0  -2  -3   1   0  -4  -1  -1    9   3   2   0   0   3   3  37   0   5   4   7   3   1   0   9   6   0   2   5  0.34 0.25
  315 A     2  -3  -3  -3  -1   0  -1   1  -3   1   0  -2   2  -3  -3   0   1  -4  -3   2   26   0   0   0   1   3   3   9   0  10   6   2   6   0   0   5  10   0   0  18  0.26 0.25
  316 A     2  -2   0  -2  -1  -1  -1   0  -3   1  -1  -1   1  -3  -2   1   1  -4  -2   1   24   0   5   1   1   2   4   7   0  12   3   4   3   0   1  14  10   0   1   8  0.18 0.21
  317 Q    -1   0   2   2  -4   4   1   1  -2  -4  -3   2  -1  -5  -3   1  -1  -5  -4  -4    5   3   9  10   0  26   9  13   0   0   2  11   1   0   0   9   3   0   0   0  0.47 0.34
  318 A     0  -2  -1  -2  -3  -1   0   0  -3   3   1  -1   3  -1  -3  -1   0  -3  -1   1    8   1   4   2   0   2   9   7   0  21  12   2  10   1   0   3   6   0   2   9  0.15 0.18
  319 T     2  -1  -1  -1  -2  -1   0   0  -3   1   0  -1   0  -1  -3   0   2  -3  -1   2   22   2   2   3   0   2   6   6   0   7   6   3   2   2   0   6  13   0   1  16  0.14 0.18
  320 H     2  -2   1  -1  -3   1  -1  -1   0  -2  -1   0  -1  -1  -3   3   1  -4  -2   0   21   1   8   1   0   7   3   3   2   2   5   6   1   2   0  24   6   0   1   6  0.22 0.24
  321 S     3  -2  -1  -3  -3  -1  -1   1  -3  -2  -3   0  -1  -1  -3   2   1  -4   1  -3   31   2   3   0   0   3   4  11   0   2   0   5   2   3   0  19  11   0   5   0  0.38 0.33
  322 G     1  -1  -1   0  -2   0   0   1  -1   1  -1   0  -1  -1  -3   0   0  -3  -1   1   17   2   2   4   0   4   7  14   2   9   4   4   1   2   0   4   5   0   1  16  0.10 0.14
  323 F     0  -1   1   0  -3  -1  -2  -2   0   1   1   0   1   1  -3  -1   1  -2   3   1    8   2   7   7   0   2   0   1   2   8  14   5   4   7   0   3   8   0  13   9  0.11 0.15
  324 Q    -1   1   1   0  -4   4   1   0  -1  -2  -2   1   2  -2  -1   0   0  -4  -1  -2    3   6   6   4   0  22  10   8   1   1   2  11   7   1   2   6   5   0   2   2  0.28 0.25
  325 A     2  -1   1  -1  -3  -1   0   0   1  -1  -1   1  -1   0  -3   1  -1  -3   2  -1   21   2   7   2   0   2   4   7   4   2   8  13   1   3   0   9   2   0  10   2  0.14 0.18
  326 K     0  -1   1   2  -4   2   2  -1   0  -1  -1   1   0  -2  -1   0  -1  -4  -3  -1    8   1   5  16   0  11  17   3   2   3   5  11   3   2   2   6   2   0   0   4  0.24 0.21
  327 A     4  -4  -4  -4  -3  -1  -3  -1  -4   0   0  -3   1  -2  -4   0   1   2  -2   1   46   0   0   0   0   3   0   4   0   6   9   0   4   2   0   6   7   2   1   8  0.52 0.40
  328 A     3   0  -1   1  -1   1   0  -1  -2  -2  -1   0  -1  -1  -3   0   2  -4  -2  -1   27   5   3   9   1   6   4   3   0   0   8   5   1   2   0   7  13   0   1   5  0.18 0.21
  329 N     0   0   2   1  -3   2   2   0  -1  -2  -1   2   0  -2  -3   0  -1  -1  -2  -3    7   4  14   8   0   9  13   5   1   2   7  13   3   1   0   7   3   1   1   0  0.20 0.19
  330 R     2   2   0  -1  -3  -1  -1  -3   0   1   0   1  -1  -1  -3   0   0  -3  -1  -1   24  11   5   3   0   1   2   0   3  10  12  11   1   2   0   6   5   0   2   2  0.15 0.19
  331 Q    -2   2   1  -1  -5   5   2  -2  -2  -1   0   1  -1  -1  -3  -1  -1  -4  -2  -2    2  11   6   2   0  31  14   2   0   4   9   6   1   3   1   4   3   0   1   2  0.44 0.36
  332 A     5  -2  -1  -4  -4  -1   0  -1   0  -2  -3  -1  -3  -3  -4  -1  -1  -5   0   0   60   2   3   0   0   2   6   3   3   2   1   3   0   1   0   1   3   0   3   6  0.77 0.53
  333 D    -2  -1   0   5  -5   3   2  -1  -3  -2  -1   0  -4  -5  -4  -1  -2  -5  -4  -4    3   2   3  40   0  14  14   4   0   2   6   5   0   0   0   4   2   0   0   0  0.76 0.46
  334 V     2  -1  -2  -3  -3   0   0  -1  -2   1   1   1  -1  -3  -3   0   0  -3  -2   1   23   3   1   0   0   4   7   5   1  11  15   9   0   0   0   7   5   0   1   9  0.15 0.19
  335 Q     1  -1   0  -1  -4   3   1  -2  -1  -1   0   3   1  -2  -3  -1  -1  -1  -3  -1   12   0   4   3   0  15   9   3   1   5   9  25   4   1   0   3   3   1   0   3  0.27 0.27
  336 E    -1   1   0   2  -4   1   3  -2   1  -3   0   1   2  -1  -1  -1  -1  -4  -3  -2    3   6   4  14   0   6  20   2   3   0  11  10   8   2   2   3   3   0   0   2  0.23 0.22
  337 S     0  -1   0  -1  -2   0   0  -2   0   1   2   0   1   0  -3   0   0   0  -1   0   10   3   5   2   0   3   5   1   3   9  26   5   3   5   0   5   4   2   1   7  0.09 0.13
  338 R    -1   3   0   0  -4   3   2  -2  -1  -2  -1   3  -3  -3  -3   0  -2  -4  -3  -3    4  16   4   6   0  12  14   3   1   3   6  22   0   1   0   5   2   0   1   1  0.39 0.30
  339 A     4   0  -2  -3  -3  -1   0   0  -3  -2  -1   1  -2   0  -3   0  -2  -4  -3  -2   47   6   1   0   0   2   5   8   0   1   5  10   1   5   0   7   0   0   0   2  0.51 0.40
  340 D     1  -1   0   2  -2   1   2  -1  -2  -1   0  -1   1   1  -3  -1  -2   2  -1  -1   11   2   3  13   1   8  18   4   0   4  11   1   4   7   0   3   1   3   1   5  0.15 0.18
  341 L     0  -2  -2  -2   1  -1  -3  -3  -4   2   3  -1   5  -1  -4   0  -1   1  -3   0    7   1   1   3   3   3   0   1   0  12  30   4  18   1   0   6   3   2   0   5  0.39 0.31
  342 T     1   0   0   2  -3   2   1  -2   0  -2   0   1   2  -3  -2   0   1  -4  -2  -1   11   3   3  13   0  11  11   1   2   1   8   8   7   0   1   6  11   0   1   2  0.18 0.20
  343 T     1   1  -2   0  -3   1   1  -3  -3  -1   1   3   1  -1  -3  -1   0  -4  -3  -1   14   7   0   4   0   6   9   0   0   3  17  22   4   2   0   3   5   0   0   4  0.21 0.23
  344 L     0  -4  -1  -2  -3  -3  -1  -3  -4   3   4  -3   2  -1  -4  -2  -1  -1  -2   0   10   0   3   3   0   0   5   2   0  19  41   0   4   2   0   2   3   1   1   5  0.43 0.32
  345 Q     0   2  -1   1  -5   6   1  -4   0  -5  -2   0   0  -5  -4  -2  -2  -5  -4  -3    7   9   3   6   0  48   9   0   2   0   3   4   2   0   0   2   2   0   0   1  0.92 0.56
  346 G     2  -1   0   1  -3   2   2   0  -1  -4  -3   1  -2  -2  -3   1  -1  -4  -3  -2   25   2   4   9   0  12  13   6   1   0   1  10   1   2   0  11   2   0   0   1  0.32 0.27
  347 V     0   0  -3  -2  -3   0  -1  -2  -2   2   2  -2   2   1  -3  -1   0  -3   0   1    8   4   0   1   0   5   4   2   1  15  27   1   5   7   0   3   5   0   2  10  0.19 0.18
  348 I    -2  -3  -4  -4  -4  -1  -4  -5  -4   4   3  -4   6  -1  -5  -2  -1  -1  -3   1    1   1   0   1   0   3   0   0   0  25  24   0  25   2   0   3   3   1   0   9  0.78 0.45
  349 E    -1   1   0   4  -5   1   5  -1  -3  -5  -5   1  -2  -5  -3   0  -2  -5  -4  -4    5   8   3  23   0   4  38   4   0   0   0   6   1   0   0   6   2   0   0   0  0.76 0.45
  350 R    -3   2   0   2  -5   4   3  -2  -2  -2  -4   3   2  -5  -3   0  -2  -5  -4  -3    1  11   4  12   0  20  16   2   0   2   0  17   5   0   0   6   2   0   0   1  0.55 0.38
  351 L     1  -3  -1  -1  -1  -1   1  -2  -3   1   3  -3   0  -1  -2  -1  -2  -3  -2   0   12   0   2   4   1   3  11   3   0  10  37   0   2   2   1   4   1   0   1   5  0.24 0.24
  352 K     0   1   0   0  -3   1   0  -3  -2   1   0   2   3   0  -3   0   0  -3  -2   1    6   7   4   4   0   8   4   1   0   9   6  14  12   6   0   5   5   0   0  10  0.13 0.18
  353 E    -1  -3  -2   4  -5   1   5  -4  -3  -5  -5   1  -5  -6  -4   0  -1  -6  -5  -5    5   0   1  28   0   6  39   0   0   0   0  10   0   0   0   6   4   0   0   0  0.99 0.54
  354 E     1   2   0   1  -3   1   2  -1   1  -1  -1   1   1  -1  -3  -1  -1  -3   0  -1   12  14   3   8   0   5  14   5   3   5   7   7   6   2   0   3   2   0   3   2  0.12 0.14
  355 L    -2  -3  -4  -3  -3  -4  -4  -4  -4   4   3  -2   3   1  -4  -3   0  -4  -2   2    2   1   0   1   0   0   0   1   0  29  29   3   9   5   0   1   6   0   1  12  0.60 0.36
  356 S     1   1   1   1  -3   2   0  -1  -2  -2  -2   1  -1  -3  -2   2   1  -3  -3  -1   15   6   7   7   0  10   6   3   0   2   2  10   1   0   0  16   7   0   0   5  0.20 0.18
  357 R    -2   2   0  -1  -4   3   1  -2   0  -2  -2   4  -2  -3  -2  -1  -1  -3  -3  -2    2  10   3   3   0  18  10   3   2   2   3  31   0   1   2   4   2   0   0   3  0.47 0.29
  358 M     1   0  -1   0  -2   1   0  -1  -1   0   0   2   2  -2  -1   0   0  -2  -2  -1   16   5   1   4   1   7   6   2   1   6   8  15   8   1   2   8   4   0   1   3  0.10 0.09
  359 C     2  -1   0   0  -1   0  -1   0  -1   0   0  -1   0   0  -1   1   1  -2   0   0   25   3   6   4   1   3   3   5   1   4   9   3   1   4   2   8   8   0   3   7  0.07 0.08
  360 M     0  -1  -2  -1  -2   0  -2  -1  -3   3   1  -2   3  -2  -1  -1  -1  -3  -1   3   10   3   1   4   0   4   1   4   0  17  10   1  12   1   2   4   2   0   2  23  0.23 0.19
  361 L    -1  -2  -1  -2  -2   0   0   0  -1   2   2   0   3  -1  -2  -1  -1  -2  -2   1    5   1   2   1   0   4   6   7   2  16  21   5  11   2   1   5   2   0   1   9  0.14 0.14
  362 E    -1  -1   0   3  -5   3   5  -1  -2  -5  -5   2  -4  -5  -3   0  -3  -5  -4  -4    4   1   5  15   0  16  38   4   0   0   0  11   0   0   0   5   0   0   0   0  0.77 0.43
  363 A     1   2   1   1  -3   2   1   1  -2  -2  -1   1  -2  -1  -2   0  -1  -3  -2  -1   15  11   6  11   0  11   8   9   0   1   6   8   0   4   1   5   2   0   0   4  0.15 0.15
  364 F    -1  -2  -1  -2  -3  -1  -3  -2  -1   1   1  -2   3   4  -4  -1  -2   0   1   0    6   2   4   3   0   3   0   2   2   9  13   1  12  24   0   5   1   1   5   7  0.31 0.24
  365 Q     0   0   3   2  -5   5   2  -2  -2  -3  -5   1  -2  -5  -4   0  -3  -5  -4  -4    7   5  15  10   0  37  10   2   0   1   0   7   1   0   0   5   0   0   0   0  0.76 0.46
  366 E     0   0   0   2  -5   3   5  -2   1  -5  -5   1  -4  -5  -4  -1  -3  -5  -2  -3    9   3   4  12   0  16  37   2   3   0   0   9   0   0   0   2   0   0   1   1  0.71 0.43
  367 I     1  -2  -2  -3  -2  -2  -1   1  -3   2   0  -3   4  -3  -3   1   0   0  -3   1   13   1   1   1   1   1   5  13   0  13   9   0  14   0   0  11   6   1   0  11  0.22 0.23
  368 M     0  -2  -1  -4  -3  -3  -4  -3  -1   1   2  -2   6   1  -4  -1   1  -1   0   1    7   2   4   0   0   0   0   1   1   8  24   1  24   4   0   3   8   1   3  10  0.45 0.32
  369 E    -1   0  -1   3  -5   2   4  -2  -1  -3  -4   2  -4  -2  -3   1   0  -5  -4  -4    4   4   1  21   0   8  28   2   1   1   1  11   0   2   0  10   6   0   0   0  0.54 0.35
  370 R     1   1  -1   0  -3   2   0  -1  -1   0  -1   0   2  -2  -3   1   1  -4  -3   0   13   9   1   4   0  14   5   3   1   6   4   5   9   2   0   9  10   0   0   4  0.14 0.18
  371 I     1  -4  -4  -5  -1  -1  -4  -4  -4   4   2  -4   2  -2  -4  -2  -1  -4  -3   3   14   0   0   0   1   3   0   0   0  26  20   0   6   1   0   2   3   0   0  24  0.57 0.34
  372 F     0  -3   0  -2  -3  -1  -2  -1  -3   0  -1  -1   3   1  -3   2   3  -3  -2   0    9   0   5   2   0   2   2   5   0   5   5   3  11   8   0  15  24   0   0   5  0.24 0.25
  373 A     0   1   0   2  -5   4   3   0  -2  -5  -3   2  -3  -5  -3   0  -2  -5  -4  -4    6   7   3   9   0  27  16   7   0   0   2  14   0   0   0   8   1   0   0   0  0.54 0.35
  374 M     1  -4  -1  -4  -3  -2  -2  -3  -2   2   1  -3   7   0  -4   0   0  -4  -3  -1   10   0   4   0   0   2   2   2   1  13  11   0  38   3   0   7   5   0   0   2  0.68 0.43
  375 L    -2  -2  -2  -4  -1  -1  -4  -3  -1   4   2  -3   5  -1  -4  -2  -1  -4  -3   1    1   2   2   0   1   2   0   2   2  31  21   1  19   2   0   2   4   0   0   7  0.55 0.34
  376 Q     0   1   3   0  -4   4   0   0   0  -4  -4   3  -2  -4  -3   1   0  -4  -3  -4    9   6  16   3   0  21   5   5   2   0   0  18   1   0   0   8   6   0   0   0  0.45 0.30
  377 A     1  -2   1   4  -4   1   2   0  -2  -3  -2   0  -3  -4  -3   0  -1  -5  -4  -2   13   1   4  34   0   7  14   7   0   1   5   4   0   0   0   6   1   0   0   2  0.46 0.28
  378 K     0   2   2   0  -1   1  -1   0   0  -2  -2   2  -1  -3  -3   1   1  -4  -2  -1    7  17  11   5   1   8   1   6   1   2   3  13   1   0   0  10  10   0   1   4  0.20 0.17
  379 G     2  -2   0  -1  -3   0  -3   4   0  -4  -4  -2  -1   0  -3   1   0  -4  -1  -2   20   1   4   2   0   4   0  38   3   0   0   1   2   4   0  12   5   0   2   1  0.50 0.30
  380 E     0   0   0   4  -5   3   3  -2  -2  -5  -4   1  -1  -5  -3   0  -1  -5  -4  -4    8   3   4  29   0  15  22   1   0   0   0  10   1   0   0   4   3   0   0   0  0.65 0.35
  381 T     0  -2  -1  -3   0  -2  -3  -2  -3  -1  -1  -3   3  -2  -3   3   4  -4  -3   1    6   2   2   0   2   1   0   1   0   2   4   0  11   1   0  25  31   0   0  12  0.51 0.37
  382 L    -1   0  -2  -2  -1   1  -2  -2   0  -1   2   1   5  -2  -4   0   1  -3  -1  -1    2   6   1   2   1   6   2   2   2   1  25   8  21   0   0   5  13   0   2   1  0.31 0.27
  383 H     2   1   2  -1  -3   1   0  -1   1  -2  -2   0   1  -4  -3   2   0  -4  -3  -2   19   7  10   2   0   5   5   2   4   1   2   6   6   0   0  23   6   0   0   2  0.27 0.23
  384 N    -1   3   3   0  -4   3   1  -2   1  -4  -2   1  -3  -1  -3  -1   0  -4  -1  -3    5  21  14   6   0  18   7   1   2   0   3   7   0   2   0   3   6   0   3   0  0.39 0.26
  385 L    -3  -4  -5  -2  -3  -4  -4  -3  -5   5   2  -4   1  -1  -5  -2  -1  -4  -3   3    0   0   0   2   0   0   0   2   0  44  17   0   3   2   0   2   2   0   0  25  0.81 0.38
  386 S     3  -2   0  -3  -2  -1  -2  -1  -3   1   0   0   1   0  -3   1   2  -3  -2   0   33   0   4   0   0   1   0   2   0   9   9   5   5   4   0   8  13   0   0   6  0.23 0.21
  387 S     1   1   1  -1   0   2  -1   0   0  -3  -2   0  -1   2  -3   2  -1  -3  -2  -2   14   9   8   1   2  13   0   6   2   0   2   3   1  11   0  25   2   0   0   2  0.24 0.22
  388 R    -3   5   5  -2  -5   1  -2  -3  -2  -4  -2   1  -3  -5  -4  -2  -1  -5  -4  -4    0  44  39   0   0   6   0   0   0   0   5   4   0   0   0   0   2   0   0   0  1.07 0.42
  389 P    -2  -3   1   0  -3  -2  -2  -3  -2  -2   0  -2   4  -3   6   0   0  -4  -3  -2    0   0  10   6   0   0   0   0   0   0   6   0  25   0  42   6   5   0   0   0  0.81 0.21
  390 A     3   1   1  -1  -2   1  -1  -1   1  -3  -3   2  -2  -3  -2   1   0  -3  -2  -2   37   7   6   0   0   7   0   0   3   0   0  23   0   0   0  13   3   0   0   0  0.32 0.13
  391 A     3  -2  -2  -2  -1  -1  -1  -1  -2  -1  -2  -2  -1  -3  -2   1   2  -3  -2   2   43   0   0   0   0   0   3   0   0   0   0   0   0   0   0  11  22   0   0  21  0.36 0.15
  392 I    -2  -3  -4  -4  -2  -3  -4  -4  -4   5   1  -3   3  -1  -3  -3  -1  -3  -2   3    0   0   0   0   0   0   0   0   0  73   0   0  10   0   0   0   0   0   0  17  0.67 0.15

                      K         Lambda
Standard Ungapped    0.1274     0.3132
Standard Gapped      0.0336     0.2670
PSI Ungapped         0.1099     0.3176
PSI Gapped           0.0336     0.2670
