
Last position-specific scoring matrix computed, weighted observed percentages rounded down, information per position, and relative weight of gapless real matches to pseudocounts
            A   R   N   D   C   Q   E   G   H   I   L   K   M   F   P   S   T   W   Y   V   A   R   N   D   C   Q   E   G   H   I   L   K   M   F   P   S   T   W   Y   V
    1 M    -1  -1  -2  -3  -2   0  -2  -3  -2   1   2  -1   6   0  -3  -2  -1  -2  -1   1    0   0   0   0   0   0   0   0   0   0   0   0 100   0   0   0   0   0   0   0  0.34 0.00
    2 A     4  -2  -2  -2  -1  -1  -1   0  -2  -2  -2  -1  -1  -2  -1   1   0  -3  -2   0  100   0   0   0   0   0   0   0   0   0   0   0   0   0   0   0   0   0   0   0  0.45 0.02
    3 S     0  -1   0  -1  -2   3   0   3  -1  -3  -3   0  -2  -3  -1   3   0  -3  -2  -2    0   0   0   0   0  27   0  28   0   0   0   0   0   0   0  45   0   0   0   0  0.38 0.01
    4 I    -1  -3  -3  -3  -1  -3  -3  -4  -3   4   1  -3   1  -1  -3  -2   0  -3  -1   4    0   0   0   0   0   0   0   0   0  45   0   0   0   0   0   0   0   0   0  55  0.37 0.01
    5 C     2  -2  -1  -2   7  -1  -2  -1  -2  -2  -2  -2  -1  -3  -2   2   0  -3  -2  -1   27   0   0   0  45   0   0   0   0   0   0   0   0   0   0  28   0   0   0   0  0.52 0.02
    6 G     0  -2  -1  -2  -3  -2  -2   5  -2  -4  -4  -2  -3  -4   4  -1  -2  -3  -3  -3    0   0   0   0   0   0   0  73   0   0   0   0   0   0  27   0   0   0   0   0  0.95 0.02
    7 R    -1   5   0  -1  -3   1   0  -2  -1  -3  -2   2  -2  -3  -2   2   0  -3  -2  -3    0  73   0   0   0   0   0   0   0   0   0   0   0   0   0  27   0   0   0   0  0.55 0.02
    8 L     1  -2  -3  -3  -1  -2  -2  -2  -3   2   3  -2   1   0  -2  -1  -1  -2  -1   1   27   0   0   0   0   0   0   0   0  28  45   0   0   0   0   0   0   0   0   0  0.22 0.01
    9 G     2  -2   0  -1  -1  -1  -1   4  -2  -3  -3  -1  -2  -3  -1   2   0  -3  -2  -2   28   0   0   0   0   0   0  45   0   0   0   0   0   0   0  27   0   0   0   0  0.47 0.01
   10 S     0  -1   0  -1  -1  -1  -1  -1  -1   0  -1  -1   0  -2  -1   3   1  -2  -1   2    1   1   1   1   0   1   1   1   0   1   2   1   0   1   1  49   1   0   1  35  0.16 0.02
   11 G     1  -1   0   0  -1   0   0   2  -1  -2  -2   0  -2  -2  -1   4   1  -2  -2  -2    1   1   1   1   0   1   1  16   0   1   2   1   0   1   1  68   1   0   1   1  0.34 0.03
   12 T     0   0   0  -1  -1   0   0  -1  -1  -1  -2   2  -1  -2  -1   2   3  -2  -1  -1    1   1   1   1   0   1   1   1   0   1   2  20   0   1   1  17  48   0   1   1  0.26 0.02
   13 G     0  -2  -1  -2   4  -2  -2   5  -2  -3  -3  -2  -2  -3  -2   1   1  -3  -3  -2    0   0   0   0  14   0   0  56   0   0   0   0   0   0   0  13  17   0   0   0  0.56 0.03
   14 N    -1  -1   6   0   4  -1  -1   2   0  -3  -3  -1  -3  -3  -3   0  -1  -4  -3  -3    0   0  73   0  13   0   0  14   0   0   0   0   0   0   0   0   0   0   0   0  0.64 0.05
   15 A     2  -3  -3  -4   9  -3  -3  -2  -3  -2  -2  -3  -2  -3  -3  -1  -1  -3  -3  -1   24   0   0   0  76   0   0   0   0   0   0   0   0   0   0   0   0   0   0   0  1.14 0.08
   16 L    -2  -3  -4  -4  -2  -3  -4  -4  -3   3   3  -3   1   4  -4  -3  -2  -1   1   1    0   0   0   0   0   0   0   0   0  29  32   0   0  30   0   0   0   0   0   8  0.42 0.06
   17 K     0   3   1  -1  -3   2   0  -2  -1  -3  -3   4  -2  -3  -2   1  -1  -3  -2  -2    9  21   9   0   0   9   0   0   0   0   0  45   0   0   0   8   0   0   0   0  0.42 0.06
   18 A     2   1  -1  -1  -2   4   0   1  -1  -3  -3   0  -1  -3  -2   1  -1  -3  -2  -2   25   9   0   0   0  41   0  12   0   0   0   0   0   0   0  13   0   0   0   0  0.37 0.07
   19 F    -3  -3  -4  -4  -3  -4  -4  -4  -2   0   1  -4   0   7  -4  -3  -2   0   2   0    0   0   0   0   0   0   0   0   0   0   8   0   0  83   0   0   0   0   0   9  0.91 0.12
   20 F    -2  -3  -4  -4  -2  -3  -4  -4  -2   0   2  -3   0   6  -4  -3  -2   0   2   0    0   0   0   0   0   0   0   0   0   0  29   0   0  63   0   0   0   0   0   8  0.68 0.09
   21 T    -1  -2  -1  -2   3  -2  -2  -3  -2  -1   0  -2  -1   1  -2   0   5  -3  -1  -1    0   0   0   0   9   0   0   0   0   0   9   0   0   8   0   0  74   0   0   0  0.50 0.10
   22 Q    -2  -1   6   2  -3   2   0  -1   3  -4  -4   0  -2  -4  -2   0  -1  -4  -2  -4    0   0  67   9   0  15   0   0   8   0   0   0   0   0   0   0   0   0   0   0  0.75 0.11
   23 P    -1   1  -1  -1  -3   0   1   1  -2  -2  -1   1  -2  -3   5   0  -1  -3  -3  -2    0  12   0   0   0   0  13  16   0   0   9   8   0   0  33   9   0   0   0   0  0.50 0.05
   24 N    -1  -1   5   0  -3   1   1   3  -1  -4  -4  -1  -3  -4  -2   0  -1  -4  -3  -3    0   0  44   0   0   9  13  34   0   0   0   0   0   0   0   0   0   0   0   0  0.58 0.08
   25 N    -2  -1   7   1  -4  -1  -1  -1   0  -4  -4  -1  -3  -4  -3   0  -1  -5  -3  -4    0   0 100   0   0   0   0   0   0   0   0   0   0   0   0   0   0   0   0   0  1.20 0.15
   26 K    -2   1  -1  -1  -4   0   0  -2   5  -4  -3   5  -2  -3   2  -1  -1  -4  -1  -3    0   0   0   0   0   0   0   0  25   0   0  66   0   0   9   0   0   0   0   0  0.64 0.11
   27 M    -1  -3  -4  -4  -2  -2  -3  -4  -3   2   3  -3   4   0  -3  -2  -1  -2  -2   3    0   0   0   0   0   0   0   0   0   0  50   0  19   0   0   0   0   0   0  30  0.44 0.07
   28 A     4  -2  -1  -2  -1  -1  -1   0  -2  -2  -2  -1  -2  -3  -1   3   0  -3  -2  -1   74   0   0   0   0   0   0   0   0   0   0   0   0   0   0  26   0   0   0   0  0.53 0.10
   29 R    -1   5  -1  -2  -3   0   0  -2  -1  -3  -3   3  -2  -3  -2   2  -1  -3  -2  -3    0  57   0   0   0   0   0   0   0   0   0  22   0   0   0  21   0   0   0   0  0.62 0.09
   30 V    -2  -3  -4  -4  -3  -4  -4  -4  -2   2   0  -4   0   6  -4  -3  -2   0   2   1    0   0   0   0   0   0   0   0   0  13   0   0   0  72   0   0   0   0   0  15  0.75 0.10
   31 V    -1  -3  -4  -4  -1  -3  -3  -4  -4   3   2  -3   1  -1  -3  -2  -1  -3  -2   5    0   0   0   0   0   0   0   0   0   9  13   0   0   0   0   0   0   0   0  78  0.52 0.09
   32 N    -1   2   3  -1  -3   0  -1   3  -1  -3  -3   2  -2  -3  -2   0   0  -3  -3  -3    0  12  25   0   0   0   0  32   0   0   0  22   0   0   0   0   9   0   0   0  0.40 0.06
   33 K     1  -1   0  -1  -2  -1  -1   3  -2  -2  -1   1  -1  -3  -2   2   1  -3  -2  -2    9   0   0   0   0   0   0  28   0   0   9  17   0   0   0  29   9   0   0   0  0.26 0.05
   34 T     2  -2  -1  -2  -1  -1  -1  -1  -2  -1  -2  -1  -1  -2  -2   2   4  -3  -2   1   21   0   0   0   0   0   0   0   0   0   0   0   0   0   0  18  49   0   0  12  0.36 0.07
   35 K     1   1   0  -1  -3   1   2  -2  -1  -3  -3   4  -2  -3  -1   2   0  -3  -2  -2    9   0   0   0   0   0  13   0   0   0   0  57   0   0   0  21   0   0   0   0  0.44 0.08
   36 G     1  -2   3  -1  -3  -1  -2   5  -2  -4  -4  -1  -3  -4  -2   1  -1  -3  -3  -3    9   0  24   0   0   0   0  59   0   0   0   0   0   0   0   9   0   0   0   0  0.69 0.08
   37 M    -1  -2  -2  -3  -2   1  -2  -3  -2   2   2  -2   2  -1  -3   0   0  -3  -2   3    0   0   0   0   0  13   0   0   0   8  17   0   7   0   0   9   0   0   0  45  0.22 0.06
   38 D    -3  -2   1   7  -4  -1   1  -2  -2  -4  -5  -1  -4  -4  -2  -1  -2  -5  -4  -4    0   0   0 100   0   0   0   0   0   0   0   0   0   0   0   0   0   0   0   0  1.33 0.14
   39 K    -1   2  -1  -1  -4   1   0  -2  -1  -4  -3   6  -2  -4  -2  -1  -1  -4  -3  -3    0   0   0   0   0   0   0   0   0   0   0 100   0   0   0   0   0   0   0   0  0.89 0.14
   40 T     1  -2  -1  -2   3  -2  -2  -2  -2   0   0  -2   0  -2  -2   2   2  -3  -2   2   16   0   0   0   9   0   0   0   0   0   8   0   0   0   0  21  16   0   0  30  0.19 0.05
   41 I     1  -3  -3  -4  -2  -3  -3  -3  -3   3   3  -3   1   3  -3  -2  -1  -2   0   1   17   0   0   0   0   0   0   0   0  29  38   0   0  16   0   0   0   0   0   0  0.29 0.05
   42 K    -1   2  -1  -1  -4   1   0  -2  -1  -4  -3   6  -2  -4  -2  -1  -1  -4  -3  -3    0   0   0   0   0   0   0   0   0   0   0 100   0   0   0   0   0   0   0   0  0.89 0.14
   43 V    -1  -3  -3  -3   3  -2  -3  -3  -3   1   2  -3   1   3  -3  -1   2  -2   0   1    0   0   0   0   9   0   0   0   0   0  33   0   0  21   0   0  20   0   0  17  0.26 0.05
   44 A     3  -2  -1  -2  -1  -1  -1   1  -2   0  -1  -1  -1  -2  -2   2   2  -3  -2   0   43   0   0   0   0   0   0   9   0  13   0   0   0   0   0  18  17   0   0   0  0.26 0.06
   45 K    -1   2  -1  -2  -3   0   0   1  -2   0   0   4  -1  -2  -2  -1  -1  -3  -2  -1    0   9   0   0   0   0   0  13   0   9  12  56   0   0   0   0   0   0   0   0  0.30 0.07
   46 S     3  -1  -1  -1  -1   0   1  -1  -2  -2  -3  -1  -2  -3  -1   3   0  -3  -2  -1   48   0   0   0   0   0  13   0   0   0   0   0   0   0   0  39   0   0   0   0  0.42 0.08
   47 A     3  -2  -2  -3  -1  -2  -2  -2  -3   2   0  -2   0  -2  -2   0   0  -3  -2   3   38   0   0   0   0   0   0   0   0   9   0   0   0   0   0   8   0   0   0  45  0.28 0.07
   48 A     4  -2  -1  -2   4  -1  -1  -1  -2  -2  -2  -1  -2  -3  -1   2   0  -3  -2  -1   64   0   0   0  12   0   0   0   0   0   0   0   0   0   0  24   0   0   0   0  0.48 0.09
   49 E    -2  -1  -1   2  -4   1   5  -3  -1  -3  -3   0  -2   2  -2  -1  -2  -3  -1  -3    0   0   0   9   0   0  78   0   0   0   0   0   0  13   0   0   0   0   0   0  0.73 0.11
   50 L    -1  -3  -3  -4   5  -2  -3  -4  -3   1   3  -3   2   1   2  -2  -1  -2  -1   1    0   0   0   0  18   0   0   0   0   0  45   0   9   8  13   0   0   0   0   8  0.38 0.06
   51 T     1  -2  -1  -2  -1  -1  -2   2  -2  -1  -2  -1  -1  -3  -2   1   3  -3  -2   1   13   0   0   0   0   0   0  20   0   0   0   0   0   0   0   8  43   0   0  16  0.29 0.06
   52 A     2   0  -1  -1   2   2   0  -1  -1  -2  -2   2  -1  -3  -1   1   0  -3  -2   0   28   0   0   0   8  17   0   0   0   0   0  21   0   0   0  17   0   0   0   9  0.23 0.05
   53 N     0  -2   1  -1  -2  -1   1   4   2   0  -2  -1  -2  -3  -2   0  -1  -3  -2  -1    8   0   7   0   0   0  12  44   8  13   0   0   0   0   0   8   0   0   0   0  0.33 0.05
   54 I    -1  -2  -2  -1  -2  -1   1  -2  -2   4   0  -1   0  -1  -2   1   0  -3  -2   2    1   1   1   1   0   1  14   1   0  51   1   1   0   0   1  17   1   0   0   8  0.18 0.05
   55 L    -2  -3  -4  -4  -2  -3  -4  -4  -4   3   4  -3   1   0  -3  -3  -2  -2  -2   1    0   0   0   0   0   0   0   0   0  30  70   0   0   0   0   0   0   0   0   0  0.55 0.08
   56 E     1  -1  -1   1  -3   3   4  -2  -1  -2  -1   0  -1  -3  -2   0   1  -3  -2  -2   13   0   0   8   0  18  39   0   0   0   9   0   0   0   0   0  12   0   0   0  0.34 0.06
   57 Q    -1   0   0   0  -3   2   3  -2   2   0  -2   1  -1  -3  -2   1   0  -3  -2   0    0   0   0   0   0  17  27   0   8   8   0  12   0   0   0  21   0   0   0   8  0.25 0.05
   58 A     1  -1   0  -1  -1   1  -1  -1  -2  -2  -2  -1  -1  -3  -1   2   4  -3  -2  -1   16   0   0   0   0   9   0   0   0   0   0   0   0   0   0  20  55   0   0   0  0.43 0.08
   59 G     1  -2   2  -1  -3   1  -1   5  -2  -4  -4  -1  -3  -4  -2   0  -1  -3  -3  -3   13   0  12   0   0   9   0  66   0   0   0   0   0   0   0   0   0   0   0   0  0.72 0.08
   60 G    -1  -3  -1   2   5  -2  -2   4   2  -2  -3  -2  -2  -3  -3  -1  -2  -3  -2   0    0   0   0  16  18   0   0  47   8   0   0   0   0   0   0   0   0   0   0  12  0.46 0.07
   61 A     2  -1   0   1  -1  -1   0  -1   2  -2  -2  -1  -1  -2  -1   1   2  -3  -1  -1   37   0   0  13   0   0   1   1   9   0   1   1   0   0   0  10  25   0   0   1  0.24 0.05
   62 G     0  -2  -1   1  -2  -2  -1   5  -2  -2  -1  -2  -2  -2  -2   1  -1  -3  -3  -2    1   0   0   9   0   0   1  58   0   0  13   0   0   0   0  14   0   0   0   1  0.50 0.06
   63 S    -1  -1  -1   2  -3   1   4  -2  -1  -1  -2   0  -2  -3   1   1   1  -3  -2  -2    0   0   0   9   0   0  52   0   0   8   0   0   0   0   8  16   8   0   0   0  0.43 0.07
   64 S     3  -2  -1   1  -1  -1  -1   1  -2  -2  -3  -1  -2  -3  -1   3   0  -3  -2  -1   51   0   0   8   0   0   0   8   0   0   0   0   0   0   0  32   0   0   0   0  0.39 0.07
   65 A     1  -1  -1  -1  -1  -1  -1  -1  -1   0   0  -1   0  -1  -1   2   2  -2  -1   1    9   1   1   1   0   1   2   2   1   1  10   1   1   1   1  31  15   0   1  19  0.12 0.03
   66 H    -1  -1  -1  -2  -2   1  -1  -3   5   0   2   0   0   1  -3   0  -1  -2   0  -1    0   0   0   0   0   8   0   0  27   0  40   9   0   8   0   8   0   0   0   0  0.24 0.06
   67 I     1  -1   1  -1  -1  -1  -1  -1  -1   2  -1   1   0  -2  -2   1   1  -3  -2   1   18   0  13   0   0   0   1   1   0  25   1  14   0   0   0   9   9   0   0   9  0.09 0.03
   68 T     0  -2  -1  -2  -2  -1  -2   3  -2  -1  -2  -1  -1  -3  -2   2   4  -3  -2   0    0   0   0   0   0   0   0  25   0   0   0   0   0   0   0  16  49   0   0   9  0.39 0.08
   69 A     3  -2  -2  -2  -1  -2  -2  -1  -2  -1   1  -2   0   2  -2   0  -1  -2  -1   0   60   0   0   0   0   0   0   1   0   0  22   0   0  12   0   1   0   0   0   0  0.25 0.06
   70 S     0   2   2  -1  -2   0   0   1  -1  -3  -3   3  -2  -3  -2   3   0  -3  -2  -3    0   9   9   0   0   0   0  13   0   0   0  33   0   0   0  37   0   0   0   0  0.35 0.06
   71 Q    -2   0   6   0  -3   1  -1  -1   0   0  -2   2  -2  -3  -2   0  -1  -4  -2  -2    0   0  62   0   0   7   0   0   0  13   0  17   0   0   0   0   0   0   0   0  0.53 0.10
   72 V     1  -3  -2  -3  -1  -2  -2   1  -3   3   0  -2   0  -2  -2  -1   1  -3  -2   3   21   0   0   0   0   0   0  13   0  26   0   0   0   0   0   0   8   0   0  32  0.21 0.05
   73 S     2   1  -1  -2  -1   1  -1  -2  -2   0   0   0   2  -2  -2   1   0  -3  -2   1   24  13   0   0   0   9   0   0   0   0   9   0  12   0   0  16   0   0   0  17  0.12 0.04
   74 K    -1   0   0   1  -3   0   2   2  -1  -3  -3   3  -2  -3  -2   1   1  -3  -3  -3    0   0   0   9   0   0  13  24   0   0   0  37   0   0   0   8   9   0   0   0  0.34 0.05
   75 G     2  -2  -1  -2   3  -1  -2   2  -2  -1  -1  -2   3  -2  -2   0   2  -3  -2  -1   20   0   0   0   9   0   0  23   0   0   0   0  22   0   0   0  26   0   0   0  0.27 0.07
   76 L    -1  -3  -3  -4  -2  -3  -3  -4  -3   1   4  -3   1   1  -3  -2   0  -2  -1   2    0   0   0   0   0   0   0   0   0   0  62   0   0   8   0   0   9   0   0  21  0.38 0.07
   77 G     0   0  -1  -1  -2   0  -1   2  -2  -2  -2   3  -2  -3  -2   2   0  -3  -2   0    0   0   0   0   0   0   0  23   0   0   0  36   0   0   0  28   0   0   0  13  0.28 0.06
   78 D    -1  -2   0   3  -2  -1  -1   1  -2   0  -2  -1  -1  -3  -2   0   4  -3  -2   0    0   0   0  25   0   0   0  12   0   9   0   0   0   0   0   0  45   0   0   9  0.29 0.07
   79 A     4  -2  -1  -2  -1  -1  -1  -1  -2  -2  -2  -1  -1  -3  -1   1   3  -3  -2  -1   61   0   0   0   0   0   0   0   0   0   0   0   0   0   0   0  39   0   0   0  0.48 0.10
   80 R    -2   7  -1  -2  -4   0  -1  -3  -1  -4  -3   2  -2  -4  -3  -1  -2  -4  -2  -3    0 100   0   0   0   0   0   0   0   0   0   0   0   0   0   0   0   0   0   0  1.17 0.15
   81 T     1  -1   1   1  -2   0   2  -1  -1  -3  -3   0  -2  -3  -1   3   2  -3  -2  -2    8   0   8   9   0   0  18   0   0   0   0   0   0   0   0  38  19   0   0   0  0.35 0.06
   82 V    -1  -3  -4  -4  -2  -3  -3  -4  -3   2   0  -3   0   3  -3  -2  -1  -2  -1   5    0   0   0   0   0   0   0   0   0   0   0   0   0  16   0   0   0   0   0  84  0.53 0.11
   83 V    -1  -3  -3  -3  -1  -2  -3  -4  -3   3   2  -2   2  -1  -3  -2   1  -3  -2   3    0   0   0   0   0   0   0   0   0  24  12   0   9   0   0   0  13   0   0  42  0.33 0.06
   84 A     3  -2  -1  -2  -2  -2  -2   4  -2  -3  -3  -1  -2  -3  -2   1  -1  -3  -3  -2   49   0   0   0   0   0   0  43   0   0   0   0   0   0   0   8   0   0   0   0  0.58 0.08
   85 L    -2  -3  -4  -4  -2  -3  -4  -4  -4   1   5  -3   2   0  -4  -3  -2  -2  -2   0    0   0   0   0   0   0   0   0   0   0 100   0   0   0   0   0   0   0   0   0  0.72 0.11
   86 G     0  -2  -1  -2  -2  -2  -2   2  -2  -2  -1  -2  -1   4   2   0   1  -1   0  -2    9   0   0   0   0   0   0  24   0   0   0   0   0  33   9   8  17   0   0   0  0.29 0.06
   87 N    -2  -1   7   1  -4  -1  -1  -1   0  -4  -4  -1  -3  -4  -3   0  -1  -5  -3  -4    0   0 100   0   0   0   0   0   0   0   0   0   0   0   0   0   0   0   0   0  1.20 0.15
   88 A     3  -3  -3  -3  -1  -2  -2  -2  -3   1   0  -2   0  -2  -2  -1   0  -3  -2   4   43   0   0   0   0   0   0   0   0   0   0   0   0   0   0   0   0   0   0  57  0.37 0.09
   89 F    -2  -3  -4  -4  -3  -3  -4  -4  -2   0   2  -3   0   6  -4  -3  -2   0   3   0    0   0   0   0   0   0   0   0   0   0  18   0   0  65   0   0   0   0   8   9  0.70 0.09
   90 N    -1   2   6   0  -3   0  -1  -1   0  -3  -3   0  -2  -3  -2   2   1  -4  -3  -3    0  13  61   0   0   0   0   0   0   0   0   0   0   0   0  18   8   0   0   0  0.61 0.09
   91 G     1  -3  -1  -2  -3  -2  -3   6  -3  -4  -4  -2  -3  -4  -3  -1  -2  -3  -4  -3   13   0   0   0   0   0   0  87   0   0   0   0   0   0   0   0   0   0   0   0  1.09 0.11
   92 A     4  -2  -2  -2   3  -1  -1  -1  -2  -1  -2  -1  -1  -3  -2   2   0  -3  -2   0   61   0   0   0   9   0   0   0   0   0   0   0   0   0   0  21   0   0   0   9  0.39 0.08
   93 L    -2  -3  -4  -4  -2  -3  -4  -4  -4   4   3  -3   1   0  -3  -3  -1  -3  -2   2    0   0   0   0   0   0   0   0   0  59  32   0   0   0   0   0   0   0   0   9  0.50 0.08
   94 P    -2  -3  -3  -2  -4  -2  -2  -3  -3  -4  -4  -2  -3  -5   8  -2  -2  -5  -4  -3    0   0   0   0   0   0   0   0   0   0   0   0   0   0 100   0   0   0   0   0  2.35 0.16
   95 G     1  -2   0  -1  -2   1  -1   5  -2  -3  -3  -1  -2  -3  -2   2  -1  -3  -3  -3    8   0   0   0   0  13   0  52   0   0   0   0   0   0   0  27   0   0   0   0  0.58 0.07
   96 T     1  -2  -2  -2   6  -2  -2  -2  -2   1  -1  -2  -1   1  -2   1   3  -2  -1   0    9   0   0   0  25   0   0   0   0  17   0   0   0   8   0  12  28   0   0   0  0.31 0.06
   97 V    -1  -3  -4  -4  -1  -3  -3  -4  -4   3   1  -3   0  -1  -3  -2  -1  -3  -2   5    0   0   0   0   0   0   0   0   0  25   0   0   0   0   0   0   0   0   0  75  0.57 0.10
   98 Q     0   1   1  -1  -2   2  -1   0   3  -1   1   0   0  -2  -2   0  -1  -3  -1  -1    9   8   9   0   0  15   0   9  13   0  29   0   0   0   0   8   0   0   0   0  0.11 0.04
   99 S     2  -1   2   2  -2  -1   0  -1  -1  -3  -3  -1  -2  -3  -1   4   1  -4  -2  -2   17   0   9  12   0   0   0   0   0   0   0   0   0   0   0  62   0   0   0   0  0.45 0.08
  100 A     2  -2  -1  -2  -1  -1  -1  -1  -2  -1  -2  -1  -1  -3   3   2   3  -3  -2   0   33   0   0   0   0   0   0   0   0   0   0   0   0   0  13  20  26   0   0   8  0.35 0.06
  101 Q    -1   4  -1  -1  -4   4   2  -2  -1  -3  -3   3  -2  -4  -2  -1  -1  -3  -2  -3    0  26   0   0   0  29  12   0   0   0   0  33   0   0   0   0   0   0   0   0  0.58 0.08
  102 S    -1   1   4   0  -3   0   1  -1  -1  -3  -3   2  -2  -3  -2   2   0  -4  -2  -3    0   9  30   0   0   0   8   0   0   0   0  21   0   0   0  33   0   0   0   0  0.40 0.07
  103 F    -1  -4  -4  -4   9  -4  -4  -4  -3   1  -1  -4  -1   3  -4  -2  -2  -2  -1  -1    0   0   0   0  68   0   0   0   0  12   0   0   0  20   0   0   0   0   0   0  1.13 0.13
  104 F    -2  -3  -2  -3   3  -2  -3  -3   0  -2  -1  -2  -1   4  -3   0  -2   1   6  -2    0   0   0   0   9   0   0   0   0   0   0   0   0  23   0  13   0   0  55   0  0.72 0.10
  105 S     0   0   1  -1  -2   4   0  -2   0  -3  -3   1  -1  -2  -2   2   0  -2   2  -2    8   0   8   0   0  39   0   0   0   0   0   8   0   0   0  24   0   0  13   0  0.35 0.07
  106 H    -2  -1   2  -2  -3  -1  -1  -3   8  -2  -1  -1  -1  -1  -3  -1   1  -2   2  -2    0   0   9   0   0   0   0   0  60   0   9   0   0   0   0   0  13   0   9   0  0.69 0.11
  107 M     0  -2   1   1  -2  -1  -1  -2  -2   1   1  -2   2   1  -2  -1   0  -2  -1   1    9   0  12  13   0   0   0   0   0   8   8   0  16   9   0   0   9   0   0  16  0.09 0.03
  108 K    -2   5  -1  -2  -4   2   0  -2  -1  -3  -3   4  -2  -4  -2  -1  -1  -3  -2  -3    0  49   0   0   0   8   0   0   0   0   0  43   0   0   0   0   0   0   0   0  0.72 0.09
  109 A     1   0   2  -1  -2   4   1  -2   0  -1  -2   1  -1  -2  -2   0  -1  -2   1   0   15   0  13   0   0  33   9   0   0   0   0   8   0   0   0   0   0   0   9  12  0.24 0.06
  110 A     3  -2  -2  -2   6  -2  -2   1  -2  -1  -2  -2  -1  -3  -2   1  -1  -3  -2   0   45   0   0   0  24   0   0  13   0   0   0   0   0   0   0   9   0   0   0   9  0.40 0.07
  111 S    -2  -3  -2   1  -2  -2  -2   0  -1   0   1  -2   0   5  -3  -1  -2   0   3   0    0   0   0  13   0   0   0   8   0   0  12   0   0  42   0   7   0   0   9   8  0.28 0.06
  112 Q     2   0  -1  -1  -2   2   0   2  -1  -3  -3   2  -2  -3  -2   2   0  -3  -2  -2   26   0   0   0   0  20   0  20   0   0   0  17   0   0   0  17   0   0   0   0  0.31 0.05
  113 K     0   0  -1  -1  -3   2   0   1  -2  -3  -3   2  -2  -3   5   0   1  -3  -3  -2    9   0   0   0   0  13   0   9   0   0   0  19   0   0  32   0  18   0   0   0  0.54 0.06
  114 T    -1   2   1   0  -3   2   3  -2   0  -3  -3   2  -2  -3  -1   1   1  -3  -2  -2    1   9  10   0   0  13  26   1   0   0   1  21   0   0   0   8   8   0   0   1  0.33 0.04
  115 Q     0   0  -1   0  -2   2   3  -2  -1   0  -2   1  -1  -2   2   0   0  -3  -2  -1   10   0   0   0   0   8  37   1   0  13   1  10   0   0  10   1   8   0   0   1  0.26 0.04
  116 E    -1   2   0   0  -4   4   3  -2   0  -3  -3   2  -2  -4  -2   0  -1  -3  -2  -3    0   9   0   0   0  34  32   0   0   0   0  17   0   0   0   8   0   0   0   0  0.54 0.07
  117 G    -1  -1   2  -2   2  -1  -2   3  -1  -3  -2   1  -2   2  -3  -1  -2  -1   2  -2    0   0  13   0   8   0   0  37   0   0   0  16   0  18   0   0   0   0   8   0  0.31 0.06
  118 D     0   0   1   4  -2  -1   0  -2  -2  -2   0  -1  -1  -3  -2   0   2  -3  -2  -1   13   8   8  33   0   0   0   0   0   0  12   0   0   0   0   0  26   0   0   0  0.26 0.05
  119 E     1   1  -1  -1   2   0   2  -2  -2  -3  -3   0  -2  -3   5   1  -1  -3  -3  -2   12  13   0   0   8   0  17   0   0   0   0   0   0   0  35  16   0   0   0   0  0.59 0.06
  120 G     1   1   0   1  -2  -1  -1   3  -2  -2  -3   1  -2  -3  -2   2   0  -3  -2  -1   12   9   0   9   0   0   0  32   0   0   0   8   0   0   0  22   0   0   0   8  0.27 0.04
  121 L     0  -1   2  -1  -2  -1   1  -2  -1   0   1  -1   0  -1  -2   0  -1  -2   1   1    8   0  18   0   0   0  17   0   0   0  27   0   0   0   0   8   0   0   9  13  0.10 0.04
  122 T    -1  -2  -1  -2  -2  -1  -2  -2  -1  -1  -1  -1   1   2   2   2   3  -1   4  -1    0   0   0   0   0   0   0   0   0   0   0   0   8   9   9  21  28   0  24   0  0.30 0.07
  123 A     1   1   3  -1  -2   0  -1   1   3  -3  -3   1  -2  -3   2   1  -1  -3  -2  -2   19   8  24   0   0   0   0   9  13   0   0   8   0   0   9   9   0   0   0   0  0.28 0.04
  124 D     0   0   0   2  -3   0   1   1  -1  -3  -3   3  -2  -3  -2   0   2  -3  -2  -2    9   0   0  15   0   0   8  12   0   0   0  33   0   0   0   0  22   0   0   0  0.27 0.05
  125 L    -1  -2  -2  -3  -2  -1  -2  -3  -3   2   2   0   3  -1  -3  -1   1  -3  -2   2    0   0   0   0   0   0   0   0   0  16  24   9  21   0   0   0  13   0   0  17  0.22 0.05
  126 C    -1  -2  -2  -3   6  -2  -2  -3   0  -1   0  -2  -1   1   2  -2  -1   0   5  -1    1   1   1   1  24   1   1   1   0   1  10   1   0   0  14   1   1   0  43   1  0.55 0.08
  127 V    -1  -2  -3  -3  -1  -2  -2  -3  -3   1   4  -2   1   0  -2  -2   0  -2  -1   2    1   1   1   1   0   1   1   1   0   1  65   1   0   0   1   1  10   0   0  16  0.32 0.05
  128 S     0   0   1  -1  -2   1   0  -1  -1  -2  -2   2  -1  -2  -1   1   3  -2  -2  -1    9   1   8   1   0  10   1   1   0   1   1  23   0   0   1   8  34   0   0   1  0.24 0.04
  129 H    -1   3   0  -1  -3   2   0  -2   5  -3  -2   3  -1  -2  -2   0  -1  -2   0  -2    1  18   1   1   0  10   1   1  29   1   1  24   0   0   1  10   1   0   0   1  0.39 0.06
  130 K    -1   1   2   1  -3   0  -1   4  -1  -3  -3   1  -2  -3  -2   0  -1  -3  -2  -3    1   9  14  10   0   1   1  44   0   1   1  16   0   0   1   1   1   0   0   1  0.40 0.04
  131 R    -2   3   0   4  -3   0   2  -2  -1  -3  -2   0  -2   1  -2  -1  -1  -2  -1  -3    1  29   1  42   0   1  10   1   0   1   1   1   0   9   1   1   1   0   0   1  0.42 0.06
  132 R    -1   3  -1  -2  -3   0  -1  -2   5  -1  -1   0  -1   0  -2  -1  -1   0   4   0    1  25   1   1   0   1   1   1  24   1   1   1   0   0   1   1   1   0  27  14  0.36 0.06
  133 A     3  -2  -2  -2  -1  -1  -2  -1  -2   1   2  -1   0  -1  -2   0  -1  -2  -2   1   47   1   1   1   0   1   1   1   0   9  28   1   0   0   1   1   1   0   0   8  0.19 0.04
  134 A     3  -2  -1   1  -1  -1  -1  -1  -2   0   2  -1   0  -1  -1   0  -1  -2  -2   0   44   1   1  14   0   1   1   1   0   1  33   1   0   0   1   1   1   0   0   1  0.17 0.05
  135 A     4  -1  -1  -2  -1  -1  -1   3  -2  -2  -2   1  -1  -3  -1   0  -1  -2  -2  -1   59   1   1   1   0   1   1  22   0   1   1  10   0   0   1   1   1   0   0   1  0.35 0.06
  136 A     3  -2  -1   2  -1  -1  -1  -1  -2  -2  -2  -1  -2  -3   3   0  -1  -3  -2  -1   59   1   1  18   0   1   1   1   0   1   1   1   0   0  14   1   1   0   0   1  0.38 0.06
  137 V     2  -2  -2  -2  -1  -1  -2  -1  -2   2   0  -1   0  -1  -2   1   0  -2  -2   2   27   1   1   1   0   1   1   1   0  26   1   1   0   0   1  14   1   0   0  25  0.16 0.04
  138 C    -1  -3  -2  -3   9  -2  -3   0  -3  -1  -1  -3   2  -2  -3  -1  -1  -2  -2  -1    1   1   1   1  67   1   1   9   0   1   1   1  13   0   1   1   1   0   0   1  0.99 0.11
  139 S     0   1   0   2  -2   0   0  -1  -1  -2  -2   1  -2   1  -2   2   1  -3  -1  -2    8  12   0  18   0   0   0   0   0   0   0  13   0   9   0  31   9   0   0   0  0.22 0.05
  140 I     3  -2  -2  -3  -1  -2  -2  -1  -2   1   0  -2   0   3  -2   1  -1  -2   0   1   41   0   0   0   0   0   0   0   0   7   9   0   0  22   0  12   0   0   0   8  0.20 0.05
  141 I    -1  -3  -4  -4  -1  -3  -3  -4  -4   3   2  -3   1  -1  -3  -2  -1  -3  -2   4    0   0   0   0   0   0   0   0   0  29  21   0   0   0   0   0   0   0   0  49  0.45 0.07
  142 G     1  -2  -1  -2  -2  -2  -2   5  -2  -4  -4  -2  -3  -3  -2   2  -1  -3  -3  -3   12   0   0   0   0   0   0  70   0   0   0   0   0   0   0  18   0   0   0   0  0.81 0.09
  143 G     4  -2  -1  -2  -1  -1  -1   3  -2  -2  -3  -1  -2  -3  -2   2   0  -3  -3  -1   59   0   0   0   0   0   0  24   0   0   0   0   0   0   0  17   0   0   0   0  0.47 0.08
  144 I     1  -2  -1  -2  -1  -1  -2   2  -2   0   0  -1  -1  -2  -2   2   3  -3  -2  -1   16   0   0   0   0   0   0  21   0   7   9   0   0   0   0  17  30   0   0   0  0.23 0.05
  145 T    -1  -2  -1  -2  -2  -1  -1  -2  -2  -1  -2  -1  -1  -3  -2   2   6  -3  -2  -1    0   0   0   0   0   0   0   0   0   0   0   0   0   0   0   8  92   0   0   0  0.77 0.13
  146 Y    -3  -3  -3  -4  -3  -3  -3  -4   0  -1  -1  -3  -1   5  -4  -3  -3   1   7  -2    0   0   0   0   0   0   0   0   0   0   0   0   0  38   0   0   0   0  62   0  1.08 0.13
  147 L     1  -2  -2  -3  -1  -2  -2  -2  -3   2   2  -2   0  -1  -2   1   0  -3  -2   2   18   0   0   0   0   0   0   0   0  13  23   0   0   0   0  18   0   0   0  28  0.18 0.04
  148 A     3  -2  -2  -3  -1  -2  -2  -2  -3   0   1  -2   0  -2  -2   0   2  -3  -2   2   39   0   0   0   0   0   0   0   0   0  21   0   0   0   0   0  21   0   0  18  0.22 0.06
  149 T     1  -2  -1  -2  -1  -1  -1  -2  -2  -2  -2  -1  -1  -3  -2   2   5  -3  -2  -1   13   0   0   0   0   0   0   0   0   0   0   0   0   0   0  12  75   0   0   0  0.58 0.11
  150 F    -3  -4  -4  -4  -3  -4  -4  -4  -2  -1   0  -4  -1   8  -5  -3  -3   0   2  -2    0   0   0   0   0   0   0   0   0   0   0   0   0 100   0   0   0   0   0   0  1.27 0.15
  151 G     1  -3  -1  -2  -3  -2  -3   6  -3  -4  -4  -2  -3  -4  -3  -1  -2  -3  -4  -3   12   0   0   0   0   0   0  88   0   0   0   0   0   0   0   0   0   0   0   0  1.11 0.11
  152 A     3  -2  -2  -3  -1  -2  -2   1  -3   1  -1  -2  -1  -2  -2   1   0  -3  -2   3   36   0   0   0   0   0   0   9   0   0   0   0   0   0   0   9   0   0   0  46  0.25 0.07
  153 I    -1  -3  -3  -3  -2  -3  -3  -3  -3   2   3  -3   1   2  -3  -1  -1  -2  -1   2    0   0   0   0   0   0   0   0   0  15  36   0   0  12   0   8   0   0   0  29  0.29 0.05
  154 R     0   6  -1  -2  -3   0  -1  -2  -1  -3  -3   2  -2  -3  -2  -1  -1  -3  -2  -3   13  78   0   0   0   0   0   0   0   0   0   9   0   0   0   0   0   0   0   0  0.80 0.11
  155 P    -1  -3  -2  -2  -3  -2  -2  -3  -3  -4  -4  -2  -3  -4   8   1  -1  -4  -4  -3    0   0   0   0   0   0   0   0   0   0   0   0   0   0  88  12   0   0   0   0  1.95 0.14
  156 I    -1  -3  -3  -4   6  -3  -3  -3  -3   2   1  -3   0  -1  -3  -2   1  -3  -2   3    0   0   0   0  25   0   0   0   0  16  17   0   0   0   0   0   9   0   0  33  0.40 0.06
  157 L    -2   1  -3  -3  -2  -2  -3   1  -2   1   3  -1   3  -1  -3  -2  -2  -2  -2   0    0  13   0   0   0   0   0  12   0   0  57   0  18   0   0   0   0   0   0   0  0.30 0.07
  158 F    -2  -3  -4  -4  -2  -3  -4  -4  -3   0   3  -3   1   5  -4  -3  -2   5   1   0    0   0   0   0   0   0   0   0   0   0  50   0   0  38   0   0   0  12   0   0  0.63 0.08
  159 V     3  -2  -3  -3  -1  -2  -2  -2  -3   2   1  -2   0  -1  -2  -1  -1  -3  -2   3   42   0   0   0   0   0   0   0   0   9  13   0   0   0   0   0   0   0   0  37  0.27 0.06
  160 N    -2  -1   7   2  -4  -1  -1  -1   0  -4  -4  -1  -3  -4  -3   0  -1  -5  -3  -4    0   0  91   9   0   0   0   0   0   0   0   0   0   0   0   0   0   0   0   0  1.07 0.14
  161 K    -1   1   1  -1  -3   1   0  -2  -1  -3  -3   5  -2  -4  -2   1  -1  -4  -2  -3    0   0   9   0   0   0   0   0   0   0   0  78   0   0   0  13   0   0   0   0  0.61 0.11
  162 M    -2  -3  -4  -4  -2  -2  -3  -4  -3   1   4  -3   4   0  -3  -3  -1  -2  -2   1    0   0   0   0   0   0   0   0   0   0  72   0  19   0   0   0   0   0   0   9  0.54 0.08
  163 L     1  -2   2  -1  -1  -1  -1  -2  -2   0   0  -1   0  -2  -2   1   3  -3  -2   0   17   0  13   0   0   0   0   0   0   0  15   0   0   0   0   8  39   0   0   8  0.22 0.05
  164 A     2  -1  -1  -2  -2  -1  -1   2   5  -1  -2  -1  -1  -2  -2   0   1  -2  -1   0   25   1   1   1   0   1   1  18  25   1   1   1   0   0   1   1  14   0   0  10  0.22 0.05
  165 K    -1   0   1  -1  -3   0   1   1  -1  -2  -2   3  -1   1  -1   0   0  -2  -1  -2    1   1   9   1   0   1  10  10   0   1   1  40   0  14   1   1   9   0   0   1  0.19 0.04
  166 P    -1  -2  -2  -2  -3   1  -2   2  -2  -4  -4  -1  -3  -4   7  -1  -2  -4  -4  -3    0   0   0   0   0   8   0  22   0   0   0   0   0   0  70   0   0   0   0   0  1.46 0.11
  167 F    -3  -2  -3  -4  -3  -3  -3  -4  -2  -1   1   0   0   7  -4  -3  -2   0   2  -1    0   0   0   0   0   0   0   0   0   0   9  13   0  78   0   0   0   0   0   0  0.77 0.11
  168 L    -2  -2   1  -3  -2  -2  -3  -4  -3   1   4  -3   1   0  -3  -2  -1  -2  -2   1    0   0  13   0   0   0   0   0   0   0  78   0   0   0   0   0   0   0   0   9  0.43 0.08
  169 S     0  -2   0   3   3  -1   0   1  -2  -3  -3  -1  -2  -3   2   3   0  -4  -3  -3    0   0   0  22   8   0   0  12   0   0   0   0   0   0   9  49   0   0   0   0  0.41 0.07
  170 S     0   1   0  -1  -2   0  -1  -1   3  -3  -3   1  -2  -3   2   4   0  -3  -2  -3    0   9   0   0   0   0   0   0  12   0   0   9   0   0   9  61   0   0   0   0  0.43 0.08
  171 Q     0  -1   0   2  -3   2   3   0   4  -3  -3   0  -2  -3  -2   0  -1  -3  -1  -3    9   0   0  16   0  15  31   8  21   0   0   0   0   0   0   0   0   0   0   0  0.44 0.06
  172 T     3  -2  -2  -2  -1  -1  -2  -1  -2   0  -1  -1  -1  -2  -2   0   3  -3  -2   2   37   0   0   0   0   0   0   0   0   0   0   0   0   0   0   0  38   0   0  25  0.32 0.07
  173 K    -1   1  -1  -1  -3   0   0  -2  -1  -2  -2   5  -1  -3   3  -1  -1  -3  -2   0    1   1   1   1   0   1   1   1   0   1   1  67   0   0  14   1   1   0   0   9  0.46 0.08
  174 A     2  -1   1  -1  -2   1  -1   1  -1  -1   0   1  -1  -2  -2   0   1  -3  -2  -1   33   0   8   0   0   8   0   9   0   0  12  13   0   0   0   0  17   0   0   0  0.15 0.04
  175 N     1  -1   4   0  -2   1  -1   2  -1  -3  -3  -1  -2  -3  -2   1   1  -3  -2  -2   16   0  34   0   0   8   0  20   0   0   0   0   0   0   0   9  13   0   0   0  0.36 0.06
  176 M    -2  -3  -3  -4  -2  -2  -3  -4  -2   1   3  -3   4   4  -4  -3  -2  -1   0   0    0   0   0   0   0   0   0   0   0   0  46   0  29  25   0   0   0   0   0   0  0.49 0.08
  177 G     1  -2   1  -2   2  -2  -2   4  -2  -1  -2  -2  -2  -3  -2   0   0  -3  -3  -1   13   0   8   0   8   0   0  53   0   9   0   0   0   0   0   0   9   0   0   0  0.47 0.06
  178 S     1  -2   2  -1  -2  -1  -1   1  -1  -1   0  -1  -1   1  -2   1   2  -2  -1  -1    9   0  16   0   0   0   0  13   0   0  12   0   0   8   0  15  27   0   0   0  0.17 0.04
  179 S     3  -2   0  -1  -1  -1  -1   1  -2  -2  -3  -1  -2  -3  -1   4   2  -3  -2  -1   30   0   0   0   0   0   0   9   0   0   0   0   0   0   0  52   9   0   0   0  0.42 0.08
  180 V     1  -3  -3  -4   3  -2  -3  -3  -3   2   0  -3   3  -1  -3  -2  -1  -3  -2   4   12   0   0   0   9   0   0   0   0   0   0   0  13   0   0   0   0   0   0  66  0.38 0.09
  181 S     1  -2   2   2  -2  -1   0  -1  -1  -2  -2  -1  -2  -3   3   2   2  -4  -2   0    9   0  12  17   0   0   0   0   0   0   0   0   0   0  13  24  16   0   0   9  0.30 0.04
  182 Y    -1  -2  -2  -2   3   1  -2   2   0   0  -2  -2  -1   1  -3  -1   1   0   5  -1    0   0   0   0   8  13   0  18   0   9   0   0   0   0   0   0  12   0  40   0  0.32 0.07
  183 I    -2  -3  -4  -4  -2  -2  -3  -4  -3   3   3  -3   4   0  -3  -3  -1  -2  -2   1    0   0   0   0   0   0   0   0   0  37  39   0  24   0   0   0   0   0   0   0  0.47 0.08
  184 M    -2  -2  -3  -4  -2  -1  -3  -4  -2   0   1  -2   8  -1  -3  -2  -2  -2  -2   0    0   0   0   0   0   0   0   0   0   0   0   0 100   0   0   0   0   0   0   0  1.09 0.19
  185 A     0  -2  -1  -2  -1  -2  -2  -2  -2   0  -1  -2  -1   2  -2   0   4  -2  -1   2    7   0   0   0   0   0   0   0   0   0   0   0   0  13   0   0  58   0   0  21  0.35 0.08
  186 A     4  -2  -3  -3  -1  -2  -2  -1  -3   2   0  -2   0  -2  -2   0  -1  -3  -2   2   57   0   0   0   0   0   0   0   0  18   0   0   0   0   0   0   0   0   0  25  0.32 0.07
  187 N    -2  -1   7   1  -4  -1  -1  -1   0  -4  -4  -1  -3  -4  -3   0  -1  -5  -3  -4    0   0 100   0   0   0   0   0   0   0   0   0   0   0   0   0   0   0   0   0  1.20 0.15
  188 H    -3  -1   0  -2  -4   0  -1  -3   9  -4  -4  -2  -2  -2  -3  -2  -3  -3   1  -4    0   0   0   0   0   0   0   0 100   0   0   0   0   0   0   0   0   0   0   0  1.62 0.18
  189 A     4  -2  -2  -3  -1  -1  -2  -1  -2  -1   1  -1   2  -2  -2   0  -1  -3  -2   0   78   0   0   0   0   0   0   0   0   0  13   0   9   0   0   0   0   0   0   0  0.43 0.09
  190 A     4  -2  -2  -2  -1  -1  -1   0  -2  -2  -2  -1  -1  -3  -1   2   1  -3  -2  -1   78   0   0   0   0   0   0   0   0   0   0   0   0   0   0  13   9   0   0   0  0.51 0.09
  191 S     0  -2  -1  -2  -2  -1  -2   4  -2  -1  -2   0  -2  -3  -2   2  -1  -3  -3   1    0   0   0   0   0   0   0  47   0   0   0   8   0   0   0  23   0   0   0  21  0.40 0.06
  192 V    -1  -3  -4  -4  -1  -3  -3  -4  -4   3   2  -3   1  -1  -3  -2  -1  -3  -2   4    0   0   0   0   0   0   0   0   0  22  12   0   0   0   0   0   0   0   0  66  0.49 0.08
  193 V     0  -3  -3  -3  -1  -2  -3  -3  -3   3   2  -2   1  -1  -3  -1   1  -3  -2   3    9   0   0   0   0   0   0   0   0  24  17   0   0   0   0   0  12   0   0  38  0.28 0.05
  194 G     0  -3  -1  -1  -3  -2   1   6  -2  -4  -4  -2  -3  -4  -3  -1  -2  -3  -4  -4    0   0   0   0   0   0  13  87   0   0   0   0   0   0   0   0   0   0   0   0  1.07 0.11
  195 A     1  -1   3  -1  -2  -1  -1   3  -1  -3  -3  -1  -2  -3  -2   2   1  -3  -2  -2   16   0  22   0   0   0   0  26   0   0   0   0   0   0   0  24  12   0   0   0  0.37 0.05
  196 G     2  -2  -1  -2  -1  -1  -1   2  -2  -1  -2  -1  -1  -2  -2   2   1  -3  -2   1   32   0   0   0   0   0   0  16   0   0   0   0   0   0   0  22  12   0   0  18  0.25 0.05
  197 L     2  -2  -3  -3  -1  -2  -2   0  -3   1   2  -2   2  -1  -2  -1  -1  -2  -2   1   28   0   0   0   0   0   0   9   0   9  37   0   9   0   0   0   0   0   0   8  0.20 0.04
  198 A     2   1  -1  -1  -2   0   1   3  -2  -3  -3   0  -2  -3  -2   1  -1  -3  -3  -2   23  13   0   0   0   0  12  35   0   0   0   0   0   0   0  17   0   0   0   0  0.37 0.05
  199 I    -2  -3  -4  -4  -2  -3  -4  -4  -4   4   4  -3   1   0  -3  -3  -1  -3  -2   1    0   0   0   0   0   0   0   0   0  41  59   0   0   0   0   0   0   0   0   0  0.53 0.08
  200 S     2  -2  -2  -2  -1  -2  -2   2  -2   2   0  -2   0  -2  -2   1   0  -3  -2   1   24   0   0   0   0   0   0  22   0  21   8   0   0   0   0  15   0   0   0   9  0.18 0.04
  201 A     1   1  -2  -3  -2  -1  -2  -2  -1  -1   1   0   0   1  -2  -1  -1   0   4  -1   23  12   0   0   0   0   0   0   0   0  27   9   0   0   0   0   0   0  29   0  0.21 0.06
  202 E    -2  -1  -1   1  -5   1   6  -3  -1  -4  -4   0  -3  -4  -2  -1  -2  -4  -3  -3    0   0   0   0   0   0 100   0   0   0   0   0   0   0   0   0   0   0   0   0  1.09 0.14
  203 R    -1   4   2  -1  -3   0   1  -2  -1  -2  -2   2   1  -3  -2  -1  -1  -3  -2  -1    0  41  17   0   0   0  13   0   0   0   0  12   9   0   0   0   0   0   0   8  0.36 0.06
  204 A     2   3  -1  -2  -2   0  -1  -1  -1   1  -1   0  -1  -2  -2   1  -1  -2  -2   0   25  35   1   1   0   1   1   1   0  22   1   1   0   0   1  10   1   0   0   1  0.19 0.05
  205 D     3   0  -1   2  -2   1   0  -1  -2  -2  -2   2  -1  -3  -1   0  -1  -3  -2   0   47   0   0  15   0   9   0   0   0   0   0  21   0   0   0   0   0   0   0   8  0.26 0.06
  206 C    -2  -3  -3  -3   6  -2   0  -4   0  -2  -2  -2  -2   3  -3  -2  -2   1   6  -2    0   0   0   0  27   0   9   0   0   0   0   0   0   9   0   0   0   0  55   0  0.81 0.11
  207 E    -1   0   1   1  -3   2   3  -2   0  -3  -3   3  -2  -2  -2   0  -1  -2   2  -3    0   0   9   8   0   9  23   0   0   0   0  30   0   0   0   9   0   0  12   0  0.34 0.05
  208 A     0   5  -1  -2  -3   0   1  -3  -1  -2  -1   1  -1  -3  -2  -1   1  -3  -2  -2    7  64   0   0   0   0   8   0   0   0   9   0   0   0   0   0  12   0   0   0  0.51 0.09
  209 R     3   3  -2  -2   3  -1  -1  -1  -1  -2  -2   0  -2  -2  -2   0  -1  -2   1  -1   55  27   0   0   9   0   0   0   0   0   0   0   0   0   0   0   0   0   9   0  0.35 0.08
  210 C    -1  -2   2  -2   4  -2  -2  -3  -2   2   2  -2   0  -1  -3   0  -1  -3  -2   1    0   0  17   0  15   0   0   0   0  17  31   0   0   0   0   8   0   0   0  12  0.21 0.05
  211 A     1   1   1   0  -2   1   2  -1  -1  -2  -2   1  -2  -3  -1   1   0  -3  -2  -2   17   9   9   1   0   1  26   1   0   1   1  13   0   1   1  18   1   0   0   1  0.24 0.03
  212 R     0   3   0  -1  -2   0  -1   3  -1  -3  -3   0  -2  -3  -2   2   0  -2  -2  -2    1  33   1   1   0   1   1  29   0   1   1   1   0   1   1  27   1   0   0   1  0.36 0.05
  213 I    -1  -2  -3  -3   3  -2  -3  -3  -3   3   3  -2   1   0  -2  -2  -1  -2  -1   1    1   1   1   1   9   1   1   1   0  25  55   1   0   1   1   1   1   0   0   1  0.33 0.05
  214 A     1  -1   3   0  -1  -1  -1   1  -1  -1   0  -1   0  -1  -1   0   0  -2  -1  -1   18   2  29   2   1   1   2  10   1   2  19   2   1   1   2   2   2   0   1   2  0.11 0.02
  215 R     1   1   0  -1   3   1   0  -1   2  -1   0   0  -1  -1  -1   1   0  -1  -1  -1   10   9   1   2   9  10   2   2   9   2  12   2   1   1   2  21   2   0   1   2  0.08 0.02
  216 E     0   0   0   1  -2   2   2   1   0  -2  -2   1  -1  -1  -1   1   0  -1   1  -2    2   1   1   9   0  10  17  10   1   1   2  10   1   1   1  17   1   0  10   2  0.16 0.02
  217 E     1   0   1   0  -2   2   2  -1   0  -2  -2   1  -1  -2  -1   1   1  -2  -1  -1   11   1  10   1   0   9  26   2   1   1   2   9   1   1   1  10  11   0   1   2  0.20 0.02
  218 S     1  -1   0  -1  -1   1   1   2  -1  -2  -1   0   1  -2  -1   1   0  -2  -2  -1   18   1   1   1   0  10   9  20   1   1   2   1   8   1   1  18   1   0   1   2  0.16 0.02
  219 L     0   1   0   1  -1   1   0  -1   0  -1   0   0   1   0  -1   0   0  -1   1  -1   11  11   2  10   1  10   2   3   1   2  10   2   9   1   2   2  10   0  10   2  0.05 0.01
  220 L     0  -1  -1   0   3   0   1  -1  -1   0   0  -1   0  -1  -1   1   0  -1   1   0    3   2   2   2  10   1  18   3   1   2  10   2   1   1   2  19   2   0   9  11  0.07 0.02
  221 E     1  -1   0   1  -1   1   1   1  -1   0  -1   0  -1  -2  -1   1   0  -2  -1   1   12   2   2  10   1  10   9  10   1   2   3   2   1   1   2  10   2   0   1  20  0.07 0.01
  222 V     0  -2  -2  -2  -1  -1  -2  -2  -2   1   2  -2   1   0  -2   0  -1   4  -1   1   10   1   1   1   0   1   1   2   0  13  35   1   0   1   1  11   1   8   1   9  0.14 0.02
  223 P     1  -1   1   2  -2  -1   0   2  -1  -2  -1  -1  -1  -2   1   1   0  -2  -2  -1   10   1  10  13   0   1   1  18   0   1  11   1   0   1   8  18   1   0   1   1  0.17 0.02
  224 G     1  -1  -1   1  -1   1  -1   2  -1   1   0  -1   1  -1  -1   0  -1  -2  -1   0   14   1   1  10   0  10   1  17   0   9  10   1  10   1   1   1   1   0   1   9  0.06 0.02
  225 E    -1  -1   2   5  -3   0   2  -1  -1  -3  -3   0  -2  -3   2   0  -1  -3  -2  -2    2   1   9  47   0   1  17   2   0   1   2   1   0   1  10   1   1   0   1   1  0.51 0.05
  226 E    -1   2   2   0  -3   3   3  -2   0  -2  -3   1  -2  -3  -2   0  -1  -3  -2  -1    0  13  16   0   0  21  33   0   0   0   0   0   0   0   0   8   0   0   0   9  0.38 0.06
  227 N    -1  -1   4   0  -3   0   2  -2  -1   0  -1  -1  -1  -3  -2   1   1  -3  -2  -1    0   0  40   0   0   0  25   0   0   9   9   0   0   0   0   9   8   0   0   0  0.31 0.06
  228 A     1   0  -2  -2  -2   1  -1   2  -2   0   1  -1   3  -1  -2  -1  -1  -2  -2   0   15   8   0   0   0   9   0  22   0   0  18   0  20   0   0   0   0   0   0   8  0.14 0.04
  229 C     0  -2  -1  -2   6  -2  -2   1  -1  -1   0  -2  -1  -1  -2   2  -1  -1   3  -1    0   0   0   0  25   0   0  13   0   0  17   0   0   0   0  30   0   0  16   0  0.30 0.07
  230 E     1  -1   0   4  -3   1   2  -1  -1  -2  -2   0   1  -3  -2   1  -1  -3  -3  -2   17   0   0  38   0   9  15   0   0   0   0   0   8   0   0  12   0   0   0   0  0.38 0.06
  231 K     1   0  -1  -1  -2   5   2  -2   0  -2  -2   1  -1  -3  -1   0  -1  -2  -2   0   13   0   0   0   0  55   9   1   0   0   1   8   0   0   0   1   1   0   0   8  0.43 0.08
  232 K     1   2   0   3  -2   0   2  -2  -1  -1  -1   1   1  -2  -1   0  -1  -3  -2   0   18  13   0  22   0   0  17   1   0   0   1   8   8   0   0   1   0   0   0   8  0.19 0.03
  233 V     0  -1  -1  -1  -1   1  -1  -2   3   2   0  -1   0  -1  -2   1   0  -2  -1   2    1   1   1   1   0  14   1   1  12  19   1   1   0   1   1  17   1   0   1  25  0.11 0.04
  234 A     2   2  -1   1  -2   1   1  -2  -1  -1  -1   1  -1  -3  -2   0  -1  -3  -2   1   27  18   0   8   0   9   9   0   0   0   0   8   0   0   0   0   0   0   0  21  0.16 0.04
  235 G     2  -2  -1  -1  -2  -1   1   3  -2  -2  -2  -1  -2   1  -2   1  -1  -2  -1  -2   35   0   0   0   0   0  12  23   0   0   0   0   0  13   0  17   0   0   0   0  0.27 0.05
  236 E    -1  -1  -2  -2  -2   1   1  -3  -2   1   3  -1   2  -1  -3  -2  -1  -2  -2   1    0   0   0   0   0  13  15   0   0   0  51   0   9   0   0   0   0   0   0  12  0.25 0.06
  237 K     0   4  -1   2  -3   1   0  -2  -1  -3  -3   4  -2  -4  -2  -1  -1  -4  -2  -3   12  27   0  13   0   0   0   0   0   0   0  48   0   0   0   0   0   0   0   0  0.47 0.07
  238 A     0   3   0  -1  -2   1   2  -2  -1  -2  -2   1  -1   0  -1   1   1  -2  -1  -2    8  22   1   1   0   8  17   1   0   1   1   9   0   9   1  10  10   0   0   1  0.19 0.03
  239 K     1   1   0   0  -2   0   2   1  -1  -2  -2   1  -2  -3  -1   2   0  -2  -2  -2   10   9   1   1   0   1  19  13   0   1   1   8   0   1   1  33   1   0   0   1  0.24 0.04
  240 T    -2  -2  -1  -2  -3  -1  -2  -3   7   0  -2  -2  -1   0  -3  -1   1  -1   5  -1    0   0   0   0   0   0   0   0  43  12   0   0   0   0   0   0  15   0  30   0  0.60 0.10
  241 F    -2  -2  -3  -3  -2  -2  -2  -3  -1   1   1   0   0   3  -3  -2  -1   0   4   2    0   0   0   0   0   0   0   0   0   8   8   9   0  19   0   0   0   0  29  27  0.33 0.06
  242 T     1   0  -1  -1  -2   2   0  -1  -1  -2  -2   2  -1  -3  -1   1   3  -3  -2  -1   18   0   0   0   0  16   0   0   0   0   0  22   0   0   0   8  37   0   0   0  0.31 0.06
  243 R     2   3  -1  -2  -2   0   0  -2  -1   0  -1   1  -1  -2  -2   0   1  -3  -2   1   25  24   0   0   0   0   8   0   0   9   0  13   0   0   0   0   9   0   0  12  0.17 0.04
  244 I    -1  -3  -3  -4   3  -3  -3  -4  -3   3   2  -3   2  -1  -3  -2  -1  -3  -2   3    0   0   0   0   8   0   0   0   0  25  17   0   9   0   0   0   0   0   0  41  0.37 0.06
  245 K    -1   2  -1  -2  -3   1   0  -2  -1  -2  -2   5  -2  -3  -2  -1  -1  -4  -2   0    0   9   0   0   0   0   0   0   0   0   0  79   0   0   0   0   0   0   0  12  0.59 0.11
  246 Y    -2   3   3   0  -4   1   2  -2   0  -3  -3   3  -2  -1  -2  -1  -1  -2   2  -3    0  17  21   0   0   0  13   0   0   0   0  34   0   0   0   0   0   0  15   0  0.38 0.06
  247 A     2  -2   1  -1  -2  -1  -1   1   3   1  -1  -1  -1  -2  -2   1   1  -3  -1   0   28   0   9   0   0   0   0   9  12  17   0   0   0   0   0  17   8   0   0   0  0.16 0.04
  248 L    -1  -3  -3  -3  -1  -3  -3  -4  -3   4   1  -3   1  -1  -3  -2   1  -3  -2   3    0   0   0   0   0   0   0   0   0  51   7   0   0   0   0   0  13   0   0  29  0.40 0.07
  249 L    -2  -3  -4  -4   3  -3  -4  -4  -3   2   4  -3   1   0  -3  -3  -2  -2  -2   1    0   0   0   0   9   0   0   0   0  13  78   0   0   0   0   0   0   0   0   0  0.54 0.08
  250 T     0  -2   0  -1  -2  -1  -2   3  -2  -2  -3  -1  -2  -3  -2   2   4  -3  -3  -1    0   0   0   0   0   0   0  30   0   0   0   0   0   0   0  17  53   0   0   0  0.50 0.09
  251 M    -2  -3  -4  -4  -2  -2  -3  -4  -3   3   3  -3   3   0  -3  -3  -1  -2  -2   2    0   0   0   0   0   0   0   0   0  34  42   0  15   0   0   0   0   0   0   9  0.43 0.06
  252 L    -1  -3  -4  -4  -1  -3  -3  -4  -4   3   3  -3   1   0  -3  -3  -1  -3  -2   3    0   0   0   0   0   0   0   0   0  30  39   0   0   0   0   0   0   0   0  31  0.43 0.06
  253 E    -2  -1  -1   1  -5   1   6  -3  -1  -4  -4   0  -3  -4  -2  -1  -2  -4  -3  -3    0   0   0   0   0   0 100   0   0   0   0   0   0   0   0   0   0   0   0   0  1.09 0.14
  254 K    -1   2  -1  -1  -4   1   0  -2  -1  -4  -3   6  -2  -4  -2  -1  -1  -4  -3  -3    0   0   0   0   0   0   0   0   0   0   0 100   0   0   0   0   0   0   0   0  0.89 0.14
  255 F     3  -2  -2  -3  -1  -2  -2   2  -2   1   1  -2   0   2  -2   0  -1  -2  -1   0   42   0   0   0   0   0   0  17   0  12  13   0   0  15   0   0   0   0   0   0  0.20 0.05
  256 L    -2  -3  -4  -4  -2  -3  -4  -4  -3   1   4  -3   1   3  -4  -3  -2  -2   0   0    0   0   0   0   0   0   0   0   0   0  84   0   0  16   0   0   0   0   0   0  0.60 0.09
  257 E    -2  -1  -1   1  -5   1   6  -3  -1  -4  -4   0  -3  -4  -2  -1  -2  -4  -3  -3    0   0   0   0   0   0 100   0   0   0   0   0   0   0   0   0   0   0   0   0  1.09 0.14
  258 C    -2  -3  -4  -4   4  -3  -4  -4  -3   2   4  -3   1   2  -3  -3  -2  -2  -1   0    0   0   0   0  15   0   0   0   0  13  60   0   0  12   0   0   0   0   0   0  0.45 0.07
  259 V    -1  -3  -4  -4  -2  -3  -3  -4  -3   3   2  -3   1   3  -3  -3  -1  -2   0   3    0   0   0   0   0   0   0   0   0  25  21   0   0  21   0   0   0   0   0  33  0.37 0.06
  260 A     3  -1  -2  -3   3  -1  -2  -1  -2   0   1   1   0  -2  -2   0  -1  -3  -2   1   48   0   0   0   9   0   0   0   0   0  21  13   0   0   0   0   0   0   0   9  0.21 0.06
  261 D    -3  -2   1   7  -4  -1   1  -2  -2  -4  -5  -1  -4  -4  -2  -1  -2  -5  -4  -4    0   0   0 100   0   0   0   0   0   0   0   0   0   0   0   0   0   0   0   0  1.33 0.14
  262 V     0  -3  -3  -3  -2  -3  -3   1  -3   2   0  -3   0   3  -3  -2  -1  -2   0   2    9   0   0   0   0   0   0  18   0  24   0   0   0  21   0   0   0   0   0  28  0.21 0.05
  263 F    -1  -3  -4  -4  -2  -3  -3  -4  -3   1   3  -3   1   3  -3  -3  -1  -2   0   3    0   0   0   0   0   0   0   0   0   0  40   0   0  23   0   0   0   0   0  37  0.39 0.07
  264 K    -1   1   0   1  -3   1   0  -2  -1  -3  -3   5  -2  -4  -2   1  -1  -4  -3  -3    0   0   0   8   0   0   0   0   0   0   0  79   0   0   0  13   0   0   0   0  0.62 0.11
  265 L    -2  -3  -3  -4  -2  -3  -3   0  -3   1   4  -3   1   3  -3  -3  -2  -2   0   0    0   0   0   0   0   0   0  12   0   0  72   0   0  16   0   0   0   0   0   0  0.42 0.08
  266 V    -1  -3  -4  -4  -2  -3  -4  -4  -4   5   2  -3   1  -1  -3  -3  -1  -3  -2   3    0   0   0   0   0   0   0   0   0  64  13   0   0   0   0   0   0   0   0  23  0.52 0.08
  267 P     0  -2  -2  -2  -2  -1  -1  -2  -2  -3  -3  -1  -2  -3   7  -1   1  -3  -3  -2    9   1   1   1   0   1   1   1   0   1   1   1   0   0  72   1  10   0   0   1  1.39 0.09
  268 L    -1  -3  -3  -4  -2  -2  -3  -3  -3   2   2  -3   3   2  -3  -2   0   4   0   1    0   0   0   0   0   0   0   0   0  13  32   0  17   9   0   0   8   9   0  12  0.32 0.05
  269 P    -1  -3  -2  -2  -4  -1   1   0  -3  -4  -4  -1  -3  -4   7  -1  -2  -4  -4  -3    0   0   0   0   0   0  12   8   0   0   0   0   0   0  80   0   0   0   0   0  1.70 0.13
  270 I    -2  -3  -3  -4  -2  -2  -3  -4   2   3   2  -3   4   2  -3  -2  -1  -2   0   1    0   0   0   0   0   0   0   0   8  41  17   0  22  12   0   0   0   0   0   0  0.34 0.07
  271 T     0  -2  -1  -2  -2  -1  -1   1  -2  -2  -2  -1  -2  -2   3   2   4  -2   1  -1    0   0   0   0   0   0   0  12   0   0   0   0   0   0  13  17  50   0   8   0  0.40 0.07
  272 M     3  -1  -1  -2  -1   2  -1  -1  -1  -1  -1  -1   3  -2  -2   2   0  -3  -2   0   37   0   0   0   0  17   0   0   0   0   0   0  20   0   0  17   0   0   0   9  0.23 0.07
  273 G     2  -2  -1  -2   4  -1  -2   2  -2  -3  -3  -2  -2  -2   2   2   0   5  -1  -2   25   0   0   0  12   0   0  16   0   0   0   0   0   0   9  24   0  13   0   0  0.41 0.06
  274 I    -1  -3  -3  -4   6  -3  -3   0  -3   1   1  -3   0   2  -3  -2  -1  -2  -1   3    0   0   0   0  27   0   0   8   0   7   8   0   0  13   0   0   0   0   0  37  0.36 0.06
  275 R    -1   4   2  -1  -3   1   0  -2  -1  -3  -3   1  -2  -3   2   1   1  -3  -2  -3    0  44  18   0   0   8   0   0   0   0   0   0   0   0  12   9   9   0   0   0  0.47 0.07
  276 A     1  -2  -3  -3  -1  -2  -3  -3  -3   2   3  -2   2   2  -3  -1  -1  -2  -1   1   24   0   0   0   0   0   0   0   0  13  46   0   8   9   0   0   0   0   0   0  0.26 0.05
  277 I     3  -2  -2  -2  -1  -1   1  -1  -2   3   0  -1   0  -2  -2   0  -1  -3  -2   1   49   0   0   0   0   0  14   0   0  38   0   0   0   0   0   0   0   0   0   0  0.23 0.06
  278 V     1  -3  -3  -3   3  -3  -3  -3  -3   3   0  -3   0  -1  -3  -1  -1  -3  -2   3   14   0   0   0  10   0   0   0   0  29   0   0   0   0   0   0   0   0   0  47  0.34 0.05
  279 A     1   3  -1  -2  -2   0  -1  -2  -2   0  -1   1  -1  -2  -2   1   2  -3  -2   1   18  24   0   0   0   0   0   0   0   9   0   9   0   0   0  10  20   0   0  10  0.17 0.03
  280 A     3  -2  -1  -2  -2  -1  -2   4  -2  -3  -3  -1  -2  -3  -2   2   0  -3  -3  -2   40   0   0   0   0   0   0  41   0   0   0   0   0   0   0  18   0   0   0   0  0.52 0.06
  281 G     2  -2  -1  -2   3  -2  -2   4  -2  -3  -3  -2  -2  -3  -2   1  -1  -3  -3  -2   31   0   0   0  11   0   0  50   0   0   0   0   0   0   0   9   0   0   0   0  0.56 0.06
  282 C    -1  -3  -4  -4   5  -3  -3  -4  -3   2   3  -3   1   2  -3  -2  -1  -2  -1   1    0   0   0   0  18   0   0   0   0  10  52   0   0   9   0   0   0   0   0  11  0.39 0.05
  283 T     0  -2  -1  -2  -1  -1  -2   1  -2   1  -1  -1  -1  -2  -2   1   4  -3  -2   1    0   0   0   0   0   0   0  11   0  11   0   0   0   0   0  14  47   0   0  18  0.26 0.05
  284 F     2  -2  -2  -2  -1  -2  -2  -2  -2   2   1  -2   0   1  -2   0   2  -2  -1   1   31   0   0   0   0   0   0   0   0  24   9   0   0   9   0   0  27   0   0   0  0.17 0.04
  285 T     2  -2  -2  -3  -1  -2  -2  -2  -2   1   0  -2   0   2  -2   0   2  -2  -1   2   31   0   0   0   0   0   0   0   0   9   0   0   0  14   0   0  18   0   0  29  0.18 0.04
  286 S     1  -2  -1  -1  -1  -1  -1  -1  -2   2  -1  -1  -1  -2  -2   4   1  -3  -2   0    9   0   0   0   0   0   0   0   0  24   0   0   0   0   0  66   0   0   0   0  0.33 0.08
  287 A     2  -2   0  -1  -1  -1  -1   3  -2  -3  -3  -1  -2  -3  -1   3   0  -3  -2  -2   27   0   0   0   0   0   0  24   0   0   0   0   0   0   0  48   0   0   0   0  0.44 0.06
  288 I     1  -2  -2  -2   3  -2  -2   3  -2   1   0  -2   0  -2  -2   1  -1  -3  -2   0   20   0   0   0   9   0   0  29   0  18  14   0   0   0   0  10   0   0   0   0  0.20 0.03
  289 I    -1  -3  -4  -4  -2  -3  -3  -4  -3   4   2  -3   1   2  -3  -3  -1  -2  -1   3    0   0   0   0   0   0   0   0   0  50  21   0   0   9   0   0   0   0   0  20  0.40 0.05
  290 G     1  -3  -1  -2  -3  -2  -3   6  -3  -4  -4  -2  -3  -4  -3  -1  -2  -3  -4  -3   10   0   0   0   0   0   0  90   0   0   0   0   0   0   0   0   0   0   0   0  1.10 0.09
  291 L    -1  -3  -3  -4   3  -2  -3  -4  -3   2   3  -3   3   0  -3  -2   1  -2  -2   1    0   0   0   0   9   0   0   0   0  14  56   0  11   0   0   0  11   0   0   0  0.35 0.05
  292 C    -2  -3  -3  -4   5  -2  -3  -4   1  -2  -2  -3  -2   2  -4  -2  -2   6   7  -2    0   0   0   0  18   0   0   0   0   0   0   0   0   0   0   0   0  10  72   0  1.05 0.11
  293 T     1   0   0  -1   3   0   0  -1  -1  -2  -2   3  -2  -3  -1   2   2  -3  -2  -2    9   0   0   0   9   0   0   0   0   0   0  35   0   0   0  29  18   0   0   0  0.30 0.05
  294 F     0  -3  -3  -4  -1  -3  -3  -3  -3   3   1  -3   1   3  -3  -2  -1  -2   0   3    9   0   0   0   0   0   0   0   0  20   9   0   0  18   0   0   0   0   0  44  0.29 0.04
  295 C    -3  -4  -5  -5   3  -3  -4  -3  -3  -3  -2  -4  -2   0  -5  -3  -3  12   1  -4    0   0   0   0   9   0   0   0   0   0   0   0   0   0   0   0   0  91   0   0  2.68 0.17
  296 A     2  -1   0  -1  -2   3   0  -1  -1  -2  -2   0  -1  -3  -1   2   1  -3  -2   0   18   0   0   0   0  34   0   0   0   0   0   0   0   0   0  29  11   0   0   9  0.30 0.06
  297 R    -1   3   2   0  -3   1   0  -1  -1  -3  -3   4  -2  -3  -1   1   0  -3  -2  -3    0  16  16   0   0   0   0   0   0   0   0  52   0   0   0  17   0   0   0   0  0.40 0.02
  298 A     3  -1   0  -1  -1  -1  -1   0  -1  -2  -2  -1  -1  -3  -1   3   2  -3  -2  -1   32   0   0   0   0   0   0   0   0   0   0   0   0   0   0  49  19   0   0   0  0.36 0.03

                      K         Lambda
Standard Ungapped    0.1297     0.3190
Standard Gapped      0.0386     0.2670
PSI Ungapped         0.1262     0.3176
PSI Gapped           0.0386     0.2670
