
Last position-specific scoring matrix computed, weighted observed percentages rounded down, information per position, and relative weight of gapless real matches to pseudocounts
            A   R   N   D   C   Q   E   G   H   I   L   K   M   F   P   S   T   W   Y   V   A   R   N   D   C   Q   E   G   H   I   L   K   M   F   P   S   T   W   Y   V
    1 M    -1  -2  -3  -4  -2  -1  -3  -3  -2   1   2  -2   7   0  -3  -2  -1  -2  -1   0    0   0   0   0   0   0   0   0   0   0   0   0 100   0   0   0   0   0   0   0  0.65 0.07
    2 K    -1   2   3   0  -2   0   0   0  -1  -2  -2   2  -1  -3  -2   2   0  -3  -2  -2    0   9  25   0   0   0   4   4   0   3   4  26   0   0   0  25   0   0   0   0  0.26 0.02
    3 K    -1   5  -1  -1  -4   1   0  -2  -1  -3  -3   4  -2  -3  -2  -1  -1  -3  -2  -3    0  49   0   0   0   0   0   0   0   0   0  51   0   0   0   0   0   0   0   0  0.68 0.05
    4 V     0  -3  -2  -3  -1  -2  -2   0  -3   3   1  -2   0  -1  -2   0   0  -3  -2   3    5   0   0   0   0   0   0   8   0  20   4   0   0   0   0   9   0   0   0  54  0.22 0.03
    5 K    -1   2   1  -1  -4   1   0  -2  -1  -3  -3   5  -2  -4  -2   0  -1  -4  -2  -3    0   0   9   0   0   0   0   0   0   0   0  91   0   0   0   0   0   0   0   0  0.64 0.06
    6 R    -1   5  -1  -1  -4   1   0  -2  -1  -3  -3   5  -2  -3  -2  -1  -1  -3  -2  -3    0  40   0   0   0   0   0   0   0   0   0  60   0   0   0   0   0   0   0   0  0.66 0.05
    7 P     1  -1   0  -1  -1  -1  -1  -1  -1  -2  -3  -1  -2  -3   1   4   2  -3  -2  -2   10   0   0   0   0   0   0   0   0   0   0   0   0   0   4  70  15   0   0   0  0.45 0.05
    8 F    -3  -3  -3  -4  -3  -3  -3  -4  -1  -1   0  -3   0   7  -4  -3  -2   1   4  -1    0   0   0   0   0   0   0   0   0   0   4   0   0  77   0   0   0   0  18   0  0.85 0.06
    9 D    -2  -2   1   6  -4   0   2  -2  -1  -1  -3  -1  -3  -3  -2  -1  -1  -4  -3  -2    0   0   4  76   0   0  10   0   0   9   0   0   0   0   0   0   0   0   0   0  0.76 0.05
   10 D    -2  -2   1   7  -4  -1   1  -2  -2  -4  -4  -1  -4  -4  -2  -1  -2  -5  -4  -4    0   0   0 100   0   0   0   0   0   0   0   0   0   0   0   0   0   0   0   0  1.16 0.07
   11 Y    -2  -2  -3  -4  -3  -2  -3  -4   1  -2  -2  -2  -2   3  -4  -2  -2   2   8  -2    0   0   0   0   0   0   0   0   0   0   0   0   0   0   0   0   0   0 100   0  1.23 0.09
   12 V     1  -3  -3  -3  -1  -2  -3  -3  -3   3   1  -2   2  -1  -3  -2  -1  -3  -2   3   14   0   0   0   0   0   0   0   0  39   0   0   7   0   0   0   0   0   0  40  0.30 0.03
   13 V     1  -2  -3  -3  -1  -2  -2  -2  -3   2   0  -2   2  -1   2  -1   0  -3  -2   3   21   0   0   0   0   0   0   0   0   4   0   0  10   0   9   0   0   0   0  55  0.26 0.03
   14 Y    -2  -2  -3  -4  -3  -2  -3  -4   1  -2  -2  -2  -2   3  -4  -2  -2   2   8  -2    0   0   0   0   0   0   0   0   0   0   0   0   0   0   0   0   0   0 100   0  1.23 0.09
   15 F    -3  -3  -4  -4  -3  -4  -4  -4  -2  -1   0  -4   0   7  -4  -3  -3   1   3  -1    0   0   0   0   0   0   0   0   0   0   0   0   0 100   0   0   0   0   0   0  1.05 0.08
   16 R    -1   4   3   0  -3   1   1  -2   0  -3  -3   3  -2  -3  -2   0  -1  -3  -2  -3    0  40  21   0   0   0  10   0   0   0   0  21   0   0   0   8   0   0   0   0  0.45 0.03
   17 E    -1   0  -1   1  -4   2   6  -3   0  -4  -3   1  -2  -4  -2   0  -1  -3  -2  -3    0   0   0   0   0   5  89   0   0   0   0   6   0   0   0   0   0   0   0   0  0.83 0.06
   18 G     0  -3  -1   0  -3  -2  -1   6  -2  -4  -4  -2  -3  -4  -2  -1  -2  -3  -4  -4    0   0   0   6   0   0   4  89   0   0   0   0   0   0   0   0   0   0   0   0  1.01 0.05
   19 S    -1   4   0  -1  -3   1   0  -2  -1  -2  -1   3  -1  -3  -2   1   0  -3  -2  -2    0  39   0   0   0   0   0   0   0   0   8  31   0   0   0  22   0   0   0   0  0.39 0.03
   20 L    -2  -3  -4  -4  -2  -3  -3  -4  -3   1   5  -3   2   1  -3  -3  -2  -2  -1   1    0   0   0   0   0   0   0   0   0   0  95   0   0   5   0   0   0   0   0   0  0.57 0.05
   21 N    -1   0   5   1  -2   0   0  -1   0  -3  -3   1  -2  -3  -2   2   0  -4  -2  -3    0   0  56   4   0   0   0   0   0   0   0   9   0   0   0  30   0   0   0   0  0.53 0.05
   22 D    -2  -2   2   6  -4  -1   1  -2  -1  -4  -4  -1  -3  -3  -2  -1  -1  -4   0  -4    0   0   8  86   0   0   0   0   0   0   0   0   0   0   0   0   0   0   6   0  0.92 0.06
   23 R     3   1  -1  -2  -1  -1  -1  -1  -2  -1  -1   1  -1  -2  -1   1   2  -3  -2   1   42   9   0   0   0   0   0   0   0   0   0   8   0   0   0   8  16   0   0  16  0.19 0.02
   24 E    -1   1   0   1  -4   4   5  -2   0  -4  -3   1  -2  -4  -2   0  -1  -3  -2  -3    0   4   0   0   0  27  65   0   0   0   0   0   0   0   0   4   0   0   0   0  0.68 0.05
   25 I    -2  -4  -4  -4  -2  -3  -4  -4  -4   5   1  -3   1  -1  -3  -3  -1  -3  -2   2    0   0   0   0   0   0   0   0   0 100   0   0   0   0   0   0   0   0   0   0  0.60 0.06
   26 A     4  -2  -1  -2  -1  -1  -1   0  -2  -2  -2  -1  -1  -3  -1   2   0  -3  -2  -1   79   0   0   0   0   0   0   0   0   0   0   0   0   0   0  21   0   0   0   0  0.46 0.05
   27 D     1   1   0   1  -3   0   0  -2  -1  -1  -2   4  -1  -3  -1   0  -1  -3  -2  -1   13   0   0  12   0   0   0   0   0   9   0  61   0   0   0   5   0   0   0   0  0.30 0.04
   28 K    -1   2  -1   1  -4   1   4  -2  -1  -3  -1   2  -1  -3  -2  -1  -1  -3  -2  -2    0   9   0   0   0   0  61   0   0   0   9  21   0   0   0   0   0   0   0   0  0.49 0.04
   29 L    -1  -2  -3  -3  -1  -1  -2  -3  -2   1   3  -2   4   0  -3  -2   1  -2  -1   1    0   0   0   0   0   0   0   0   0   0  52   0  36   0   0   0  12   0   0   0  0.33 0.03
   30 G     0   0  -1  -2   3  -1  -2   5  -2  -3  -3  -1  -2  -3  -2   1  -1  -3  -3  -3    0  10   0   0  11   0   0  69   0   0   0   0   0   0   0  10   0   0   0   0  0.65 0.03
   31 V     1  -3  -3  -3  -1  -2  -3  -3  -3   3   1  -2   1  -1  -2  -1   0  -3  -1   4   12   0   0   0   0   0   0   0   0  13   0   0   0   0   0   0   0   0   0  75  0.32 0.03
   32 S     1  -1   2   0  -1   0   0   0  -1  -3  -3   0  -2  -3  -1   4   1  -3  -2  -2    0   0  15   0   0   0   0   0   0   0   0   0   0   0   0  85   0   0   0   0  0.47 0.04
   33 K    -2   5   0  -2  -4   1   0  -2   3  -3  -3   3  -2  -3  -2  -1  -1  -3  -1  -3    0  71   0   0   0   0   0   0  13   0   0  16   0   0   0   0   0   0   0   0  0.62 0.02
   34 V     2  -2  -3  -3  -1  -2  -2  -2  -3   2   0  -2   0  -1  -2  -1   0  -3  -2   3   34   0   0   0   0   0   0   0   0   0   0   0   0   0   0   0   0   0   0  66  0.25 0.02
   35 N    -2  -1   6   1  -3   0   0  -1   0  -4  -4   0  -2  -3  -2   0   0  -4  -2  -3    0   0 100   0   0   0   0   0   0   0   0   0   0   0   0   0   0   0   0   0  0.83 0.04
   36 V     0  -3  -3  -3  -1  -2  -3  -3  -3   2   1  -2   1  -1  -3  -2   0  -3  -1   4    5   0   0   0   0   0   0   0   0   0   9   0   0   0   0   0   0   0   0  85  0.34 0.02
   37 W    -1  -3  -2  -3   6  -2  -3   3  -3  -2  -2  -3  -2   1  -3  -1  -2   8   0  -2    0   0   0   0  28   0   0  31   0   0   0   0   0   6   0   0   0  36   0   0  0.90 0.03
   38 R    -1   4   0  -1  -3   1   0   0  -1  -3  -3   4  -2  -3  -2   0  -1  -3  -2  -3    0  24   0   0   0   0   0   5   0   0   0  70   0   0   0   0   0   0   0   0  0.51 0.02
   39 M    -1  -2  -3  -3  -1  -1  -3  -3  -2   3   2  -2   4   0  -3  -2  -1  -2  -1   2    0   0   0   0   0   0   0   0   0  50   0   0  50   0   0   0   0   0   0   0  0.30 0.01
   40 R    -2   6  -1  -2  -4   1   0  -3   0  -3  -2   2  -2  -3  -2  -1  -1  -3  -2  -3    0 100   0   0   0   0   0   0   0   0   0   0   0   0   0   0   0   0   0   0  0.79 0.02
   41 Q    -1   5   0  -1  -4   4   1  -2   0  -3  -2   2  -1  -3  -2  -1  -1  -3  -2  -3    0  64   0   0   0  36   0   0   0   0   0   0   0   0   0   0   0   0   0   0  0.61 0.01
   42 K    -1   4   0  -1  -3   1   1  -2  -1  -3  -3   5  -2  -3  -1   0  -1  -3  -2  -3    0  23   0   0   0   0   0   0   0   0   0  77   0   0   0   0   0   0   0   0  0.53 0.01
   43 W    -3   0  -3  -4  -3  -2  -3  -3  -2  -3  -2  -2  -2   1  -4  -3  -3  11   2  -3    0  11   0   0   0   0   0   0   0   0   0   0   0   0   0   0   0  89   0   0  2.05 0.03
   44 E     0   0   0   1  -3   2   5  -2   0  -3  -3   1  -2  -3  -1   0   0  -3  -2  -2    7   0   0   0   0   0  77   0   0   0   0   9   0   0   0   0   7   0   0   0  0.54 0.01
   45 S     0  -1   0  -1  -2   1   2  -1  -1   0  -2   0  -2  -3  -2   4   0  -3  -2  -1    0   0   0   0   0   7  15   0   0   9   0   0   0   0   0  69   0   0   0   0  0.41 0.08
   46 G    -1   1   2   3  -3   0   0   3  -1  -4  -4   0  -3  -4   2   0  -1  -4  -3  -3    0  13  14  19   0   0   5  26   0   0   0   5   0   0  10   7   0   0   0   0  0.37 0.04
   47 E    -1  -1  -1   0  -4   0   4  -1   4  -4  -3   0  -3  -3   5   0  -1  -4  -2  -3    0   0   0   0   0   0  45   5  17   0   0   0   0   0  29   5   0   0   0   0  0.70 0.07
   48 S    -1  -1   3   0  -3   0   2  -2   0   0  -2   1  -1  -1  -2   1   0  -2   1  -1    0   0  26   0   0   0  22   0   0  15   0   9   0   0   0  14   4   0  10   0  0.20 0.04
   49 V    -1  -2   2  -1  -3  -1   0  -2   0  -2  -2  -1  -2   2  -3   1  -1   0   6  -1    0   0  19   0   0   0   9   0   0   0   0   0   0   8   0  14   0   0  46   4  0.44 0.07
   50 V    -1  -3  -3  -3  -1  -3  -3  -3  -3   3   2  -3   1   1  -3  -1  -1  -2  -1   3    0   0   0   0   0   0   0   0   0  22  19   0   0   9   0   7   0   0   0  42  0.30 0.05
   51 N    -1   0   4   2  -3   0   2  -1  -1  -3  -3   1  -2  -3  -2   1   2  -4  -2  -2    0   0  30   9   0   0  19   0   0   0   0  11   0   0   0  11  19   0   0   0  0.38 0.05
   52 Q     0  -1   2   0  -3   1   4   0  -1  -3  -3   1  -2  -3  -2   2   0  -3  -2  -3    0   0  10   0   0   4  46   4   0   0   0   6   0   0   0  30   0   0   0   0  0.46 0.07
   53 D     1  -1   0   4  -2   1   0  -1   3  -2  -3  -1  -2  -3  -2   1   2  -3  -2  -2   11   0   0  35   0   6   0   0  11   0   0   0   0   0   0  13  24   0   0   0  0.36 0.05
   54 S     1  -2   1  -1  -2  -1  -1   2  -1  -3  -3  -1  -2   0   2   3   0  -3  -2  -2   15   0   9   0   0   0   0  13   0   0   0   0   0   6  11  48   0   0   0   0  0.35 0.06
   55 R    -1   4  -1  -2  -3   1   0  -2  -1  -2  -2   4  -1  -3  -2  -1   0  -3  -2   0    0  24   0   0   0   0   0   0   0   0   0  58   0   0   0   0   5   0   0  13  0.47 0.07
   56 V    -1  -3  -3  -3  -1  -2  -3  -3  -3   2   2  -2   1   1  -3   0  -1  -2  -1   3    0   0   0   0   0   0   0   0   0   9  33   0   0   4   0  13   0   0   0  41  0.27 0.05
   57 T     0   0  -1  -2  -2  -1  -1  -2  -2  -2  -2  -1  -1  -3  -2   2   5  -3  -2  -1    0   5   0   0   0   0   0   0   0   0   0   0   0   0   0  13  82   0   0   0  0.65 0.11
   58 I    -1  -3  -3  -3  -2  -3  -3  -4  -4   5   1  -3   0  -1  -3   0  -1  -3  -2   2    0   0   0   0   0   0   0   0   0  87   0   0   0   0   0  13   0   0   0   0  0.54 0.10
   59 S     0   1   1  -1   4   1  -1  -1  -1  -3  -3   0  -2  -3  -2   4   0  -3  -2  -2    0  11   8   0  14   6   0   0   0   0   0   0   0   0   0  62   0   0   0   0  0.42 0.08
   60 K    -1   0  -1   1  -4   1   5  -3  -1  -3  -3   2  -2  -4  -2   0   0  -3  -3  -3    0   0   0   0   0   0  73   0   0   0   0  19   0   0   0   0   8   0   0   0  0.69 0.08
   61 D    -2  -2   2   5  -4   0   2   0  -1  -3  -4  -1  -3  -4  -2   0   0  -4  -3  -3    0   0   8  63   0   0  12   8   0   0   0   0   0   0   0   0   9   0   0   0  0.70 0.07
   62 T    -1  -2  -1  -1  -2  -1   1  -2  -2   0  -2  -1  -1  -3  -2   1   5  -3  -2  -1    0   0   0   0   0   0  13   0   0   5   0   0   0   0   0   8  74   0   0   0  0.50 0.08
   63 F    -3  -3  -4  -4  -3  -3  -4  -4  -2   0   2  -3   0   6  -4  -3  -2   0   2  -1    0   0   0   0   0   0   0   0   0   0  33   0   0  67   0   0   0   0   0   0  0.73 0.08
   64 E     0  -1   5   1  -3   0   3  -1   0  -3  -3   0  -2  -3  -2   0   0  -4  -2  -3   13   0  52   0   0   0  29   0   0   0   0   0   0   0   0   0   7   0   0   0  0.52 0.07
   65 H    -1  -1   4   0  -3   1   0  -1   5  -3  -3  -1  -2  -3  -2   2   1  -3  -1  -3    0   0  39   0   0   4   0   0  26   0   0   0   0   0   0  23   8   0   0   0  0.51 0.07
   66 L    -2  -3  -4  -4  -2  -2  -3  -4  -3   3   3  -3   4   0  -3  -3  -1  -2  -1   2    0   0   0   0   0   0   0   0   0  22  51   0  19   0   0   0   0   0   0   7  0.44 0.06
   67 L    -2  -3   0  -3  -2  -2  -3  -4  -3   2   4  -3   1   0  -3  -2  -1  -2  -2   1    0   0   8   0   0   0   0   0   0  13  71   0   0   0   0   0   0   0   0   8  0.41 0.06
   68 S     3  -2  -1   1  -1  -1  -1  -1  -2   0   0  -1  -1   0  -2   1   1  -3  -1   0   50   0   0  10   0   0   0   0   0   7   7   0   0   6   0  13   8   0   0   0  0.19 0.04
   69 Q    -1   3  -1  -2   4   3   0  -3   3  -2  -2   2  -1  -3  -2  -1  -1  -3  -1  -1    0  23   0   0  13  30   0   0  13   0   0  13   0   0   0   0   0   0   0   8  0.37 0.06
   70 T     2  -1   2  -1  -1  -1  -1  -1  -2  -1   0  -1  -1  -2  -2   2   3  -3  -2   0   20   0  13   0   0   0   0   0   0   0   8   0   0   0   0  19  30   0   0  10  0.22 0.04
   71 F    -1  -3  -2  -3  -2  -2  -3  -3  -2   2   2  -2   0   4  -3   1  -1  -1   1   0    0   0   0   0   0   0   0   0   0  21  20   0   0  37   0  22   0   0   0   0  0.28 0.05
   72 R    -1   4  -1  -1  -4   3   3  -2  -1  -3  -3   3  -2  -4  -2  -1  -1  -3  -2  -3    0  32   0   0   0  14  23   0   0   0   0  32   0   0   0   0   0   0   0   0  0.56 0.06
   73 S     2  -1  -1  -1  -1  -1  -1  -1   2   0  -1  -1  -1  -2  -1   3   2  -3  -1  -1   26   0   0   0   0   0   0   0   8   9   6   0   0   0   0  36  15   0   0   0  0.22 0.05
   74 E    -1   1   2   1  -3   1   5  -2  -1  -3  -3   0  -2  -4  -2   1   1  -3  -2  -3    0   6  18   0   0   0  60   0   0   0   0   0   0   0   0   8   8   0   0   0  0.55 0.07
   75 V     2  -2  -1   0  -1  -1   1  -1  -2   0  -1  -1  -1  -2  -2   0   1  -3  -2   2   34   0   0   7   0   0  10   0   0   0   0   0   0   0   0   0  16   0   0  32  0.17 0.04
   76 N    -1   1   2   0  -3   4   2  -2   4  -3  -3   2  -2  -3  -2   0  -1  -3  -1  -3    0   0  15   0   0  34  14   0  16   0   0  21   0   0   0   0   0   0   0   0  0.47 0.05
   77 A     4  -2  -1  -2  -1  -1  -1   0  -2  -2  -2  -1  -1  -3  -1   2   0  -3  -2  -1   81   0   0   0   0   0   0   0   0   0   0   0   0   0   0  19   0   0   0   0  0.51 0.07

                      K         Lambda
Standard Ungapped    0.1304     0.3163
Standard Gapped      0.0423     0.2670
PSI Ungapped         0.1381     0.3169
PSI Gapped           0.0423     0.2670
