
Last position-specific scoring matrix computed, weighted observed percentages rounded down, information per position, and relative weight of gapless real matches to pseudocounts
            A   R   N   D   C   Q   E   G   H   I   L   K   M   F   P   S   T   W   Y   V   A   R   N   D   C   Q   E   G   H   I   L   K   M   F   P   S   T   W   Y   V
    1 M    -1  -1  -2  -3  -1   0  -2  -3  -1   1   2  -1   5   0  -2  -1  -1  -1  -1   1    0   0   0   0   0   0   0   0   0   0   0   0   0   0   0   0   0   0   0   0  0.00     0.00
    2 I    -1  -3  -3  -3  -1  -3  -3  -4  -3   4   1  -3   1   0  -3  -2  -1  -2  -1   2    0   0   0   0   0   0   0   0   0   0   0   0   0   0   0   0   0   0   0   0  0.00     0.00
    3 N    -1   0   5   1  -3   0   0   0   1  -3  -3   0  -2  -3  -2   1   0  -4  -2  -3    0   0   0   0   0   0   0   0   0   0   0   0   0   0   0   0   0   0   0   0  0.00     0.00
    4 G     0  -2   0  -1  -2  -2  -2   5  -2  -4  -3  -1  -3  -3  -2   0  -2  -2  -3  -3    0   0   0   0   0   0   0   0   0   0   0   0   0   0   0   0   0   0   0   0  0.00     0.00
    5 I    -1  -3  -3  -3  -1  -3  -3  -4  -3   4   1  -3   1   0  -3  -2  -1  -2  -1   2    0   0   0   0   0   0   0   0   0   0   0   0   0   0   0   0   0   0   0   0  0.00     0.00
    6 S     1  -1   1   0  -1   0   0   0  -1  -2  -2   0  -1  -2  -1   4   1  -3  -2  -2    0   0   0   0   0   0   0   0   0   0   0   0   0   0   0   0   0   0   0   0  0.00     0.00
    7 Q    -1   1   0   0  -3   5   2  -2   0  -3  -2   1   0  -3  -1   0  -1  -2  -1  -2    0   0   0   0   0   0   0   0   0   0   0   0   0   0   0   0   0   0   0   0  0.00     0.00
    8 L    -1  -2  -3  -3  -1  -2  -3  -3  -3   1   4  -2   2   0  -3  -2  -1  -2  -1   1    0   0   0   0   0   0   0   0   0   0   0   0   0   0   0   0   0   0   0   0  0.00     0.00
    9 R    -1   5   0  -2  -3   1   0  -2   0  -3  -2   2  -1  -3  -2  -1  -1  -3  -2  -2    0   0   0   0   0   0   0   0   0   0   0   0   0   0   0   0   0   0   0   0  0.00     0.00
   10 S     1  -1   1   0  -1   0   0   0  -1  -3  -3   0  -2  -3  -1   4   1  -3  -2  -2    0   0   0   0   0   0   0   0   0   0   0   0   0   0   0 100   0   0   0   0  0.49 0.02
   11 I    -2  -2   3  -1  -2  -1  -2  -2  -1   2   2  -2   1  -1  -3  -1  -1  -3  -2   1    0   0  37   0   0   0   0   0   0  32  31   0   0   0   0   0   0   0   0   0  0.19 0.01
   12 Q    -1  -1  -2  -2  -2   3   0  -3  -1   2   1  -1   4  -1  -2  -1  -1  -2  -1   1    0   0   0   0   0  31   0   0   0  31   0   0  38   0   0   0   0   0   0   0  0.21 0.02
   13 S     0  -2  -1  -2  -1  -1  -2  -2  -2   2   0  -1   0  -1  -2   2   2  -3  -2   2    0   0   0   0   0   0   0   0   0  28   0   0   0   0   0  25  26   0   0  22  0.19 0.01
   14 N    -2  -1   6   1  -3   0   0  -1   0  -4  -4   0  -2  -3  -2   0   0  -4  -2  -3    0   0 100   0   0   0   0   0   0   0   0   0   0   0   0   0   0   0   0   0  0.85 0.05
   15 S     0  -1   0  -1  -2  -1  -1   3   4  -3  -3  -1  -2  -2  -2   2   2  -3  -1  -2    0   0   0   0   0   0   0  28  26   0   0   0   0   0   0  25  22   0   0   0  0.34 0.02
   16 A     1  -1  -1  -1  -1   0   2  -2  -2   0   1  -1   0  -1  -2   0   2  -2  -2   0   25   0   0   0   0   0  26   0   0   0  28   0   0   0   0   0  22   0   0   0  0.15 0.01
   17 Q    -1   3   4   0  -3   3   0  -1   0  -3  -3   1  -2  -3  -2   0  -1  -3  -2  -3    0  26  50   0   0  25   0   0   0   0   0   0   0   0   0   0   0   0   0   0  0.50 0.03
   18 S    -1  -1   6   1  -2   0   0  -1   0  -3  -3   0  -2  -3  -2   2   0  -4  -2  -3    0   0  75   0   0   0   0   0   0   0   0   0   0   0   0  25   0   0   0   0  0.63 0.03
   19 N    -2  -2   3   5  -3  -1   0  -2  -1  -1   0  -1  -1  -2  -2   0  -1  -4  -2  -2    0   0  25  53   0   0   0   0   0   0  22   0   0   0   0   0   0   0   0   0  0.45 0.02
   20 S     1  -1   0  -1  -1   0   0  -1  -1  -2  -2   0  -1  -3  -1   4   3  -3  -2  -1    0   0   0   0   0   0   0   0   0   0   0   0   0   0   0  78  22   0   0   0  0.45 0.03
   21 A     3  -2  -1  -1  -1  -1  -1   0  -2  -2  -2  -1  -2  -3   4   2   0  -3  -2  -1   53   0   0   0   0   0   0   0   0   0   0   0   0   0  22  26   0   0   0   0  0.48 0.02
   22 L    -1  -1  -1  -2  -2   2  -1  -2  -1  -1   1  -1   0  -1  -2   1   0   7   0  -1    0   0   0   0   0  22   0   0   0   0  25   0   0   0   0  28   0  26   0   0  0.42 0.02
   23 F    -1  -2  -2  -3  -2  -2  -2  -3  -2   1   2  -2   3   3  -3  -1   1  -1   0   0    0   0   0   0   0   0   0   0   0   0  28   0  26  25   0   0  22   0   0   0  0.24 0.02
   24 A     2  -2  -1  -2  -1  -1  -2  -1  -2   2   0  -1   0  -1  -2   1   0  -3  -2   2   25   0   0   0   0   0   0   0   0  22   0   0   0   0   0  26   0   0   0  28  0.16 0.01
   25 L    -1  -2  -2  -2  -1  -1  -2  -2  -2   1   4  -2   2   0  -2  -2  -1  -1  -1   1    2   1   1   1   0   1   2   2   1   1  77   1   1   1   1   2   1   0   1   2  0.26 0.01
   26 E    -1  -1   1   5  -2   0   3  -1  -1  -2  -2   0  -2  -2  -1   0  -1  -2  -2  -2    2   1   1  51   0   1  26   2   1   1   2   1   1   1   1   2   1   0   1   2  0.48 0.01
   27 S     3  -1  -1  -1  -1   0   0   0  -1  -1  -1   0  -1  -2   0   2   0  -2  -1  -1   52   1   1   1   0   1   2   2   1   1   2   1   1   1   1  26   1   0   1   2  0.23 0.01
   28 V     3  -1  -1  -1  -1  -1  -1   0  -2   0   0  -1   0  -1  -1   0   0  -2  -1   2   52   1   1   1   0   1   2   2   1   1   2   1   1   1   1   2   1   0   1  26  0.15 0.01
   29 L    -1  -1  -2  -2  -1  -1  -2  -2  -2   1   3  -1   3   0  -2  -1   1  -1  -1   0    2   1   1   1   0   1   1   2   0   1  40   1  24   1   1   1  19   0   1   1  0.17 0.02
   30 D    -1   0   0   2  -2   0   2  -2  -1   0  -1   2  -1  -2  -2   0   2  -3  -2   0    0   0   0  19   0   0  19   0   0  18   0  23   0   0   0   0  21   0   0   0  0.20 0.02
   31 V    -1  -2  -2  -3  -1  -2  -2  -3  -3   2   2  -2   1  -1  -2  -1   2  -3  -1   3    0   0   0   0   0   0   0   0   0   0  19   0   0   0   0   0  18   0   0  63  0.29 0.03
   32 S     0   0   3   0  -2   0   0  -1  -1   0  -1   2  -1  -2  -2   2   0  -3  -2  -1    0   0  23   0   0   0   0   0   0  19   0  21   0   0   0  37   0   0   0   0  0.20 0.02
   33 S     1  -1   0  -1  -1  -1  -1  -1  -1  -1   0  -1  -1  -2  -1   4   1  -3  -2  -1    0   0   0   0   0   0   0   0   0   0  19   0   0   0   0  81   0   0   0   0  0.34 0.04
   34 Y    -1  -2   2  -1  -2  -1  -2   2  -1   1  -1  -1  -1   0  -2   0   1  -1   3   0    0   0  18   0   0   0   0  23   0  19   0   0   0   0   0   0  21   0  19   0  0.17 0.02
   35 L    -1  -2  -2  -3  -2  -2  -2   1  -2   0   2  -2   1   3  -3  -1   1  -1   0   0    0   0   0   0   0   0   0  18   0   0  38   0   0  23   0   0  21   0   0   0  0.19 0.02
   36 E    -1   1   0   1  -4   1   4  -2  -1  -3  -3   3  -2  -3  -1   0  -1  -3  -2  -3    0   0   0   0   0   0  55   0   0   0   0  45   0   0   0   0   0   0   0   0  0.58 0.04
   37 N     1   0   2  -1  -2   0   0  -1  -1  -1  -2   2  -1  -2  -1   1   0  -3  -2   1   19   0  18   0   0   0   0   0   0   0   0  31   0   0   0  14   0   0   0  18  0.17 0.02
   38 N     0  -1   3   0  -1   0   0  -1  -1  -2  -3   0  -2  -3  -1   3   2  -3  -2  -2    0   0  26   0   0   0   0   0   0   0   0   0   0   0   0  55  19   0   0   0  0.42 0.04
   39 W    -2  -3  -3  -4  -3  -2  -3   1  -3  -3  -2  -3  -2   0  -4  -3  -3  11   1  -3    0   0   0   0   0   0   0  14   0   0   0   0   0   0   0   0   0  86   0   0  2.18 0.09
   40 S    -1  -1   3   4  -2   0   0  -1  -1  -2  -2  -1   1  -3  -2   2   0  -3  -2  -2    0   0  18  37   0   0   0   0   0   0   0   0  14   0   0  31   0   0   0   0  0.37 0.03
   41 D    -1   0   2   3  -3   1   3  -2  -1   0  -2   2  -1  -3  -2   0  -1  -3  -2  -1    0   0  13  18   0   0  37   0   0  14   0  18   0   0   0   0   0   0   0   0  0.32 0.02
   42 K    -1   0  -2  -3   4   0  -1  -3  -2   0   2   2   4  -1  -2  -1  -1  -2  -2   0    0   0   0   0  14   0   0   0   0   0  18  26  42   0   0   0   0   0   0   0  0.24 0.04
   43 P     1  -1   0  -1  -1  -1  -1  -1  -1  -2  -3  -1  -2  -3   3   4   2  -3  -2  -2    0   0   0   0   0   0   0   0   0   0   0   0   0   0  18  69  13   0   0   0  0.52 0.04
   44 W    -2  -3  -3  -4   6  -3  -4  -3  -2   0   1  -3   0   4  -4  -2  -2   6   1  -1    0   0   0   0  32   0   0   0   0   0  19   0   0  31   0   0   0  18   0   0  0.65 0.04
   45 A     3  -2  -2  -2   5  -1  -2   2  -2  -2  -2  -1  -2  -3  -2   0  -1  -3  -2  -1   63   0   0   0  18   0   0  19   0   0   0   0   0   0   0   0   0   0   0   0  0.42 0.04
   46 E    -1  -1   0   3  -4   1   5  -2  -1  -4  -3   0  -2  -4  -1   0  -1  -3  -3  -3    0   0   0  18   0   0  82   0   0   0   0   0   0   0   0   0   0   0   0   0  0.78 0.05
   47 R    -1   3  -1  -1  -3   1   0  -2  -1   1  -1   4  -1  -3  -2  -1  -1  -3  -2  -1    0  18   0   0   0   0   0   0   0  18   0  64   0   0   0   0   0   0   0   0  0.37 0.04
   48 I     0  -2  -3  -3  -1  -2  -3  -3  -3   2   3  -3   1   3  -3  -2  -1  -1   0   1   13   0   0   0   0   0   0   0   0  18  50   0   0  19   0   0   0   0   0   0  0.28 0.02
   49 L    -2  -2  -4  -4  -2  -3  -3  -4  -3   1   4  -3   2   2  -3  -3  -2  -1  -1   1    0   0   0   0   0   0   0   0   0   0  90   0   0  10   0   0   0   0   0   0  0.50 0.04
   50 S     0   1   0  -1   4   2   0  -2  -1  -3  -2   3  -1  -3  -1   1   0  -3  -2  -2    0   0   0   0  19  13   0   0   0   0   0  50   0   0   0  18   0   0   0   0  0.37 0.04
   51 Y    -1  -3  -3  -3  -2  -3  -3  -4  -2   4   1  -3   1   0  -3  -2  -1  -1   3   3    0   0   0   0   0   0   0   0   0  61   0   0   0   0   0   0   0   0  17  23  0.37 0.04
   52 L    -2  -3  -4  -4  -1  -3  -3  -4  -3   3   3  -3   2   0  -3  -3  -1  -2  -1   2    0   0   0   0   0   0   0   0   0  43  57   0   0   0   0   0   0   0   0   0  0.44 0.04
   53 G     0  -1   0  -1  -1  -1  -1   2  -2  -2  -2  -1  -1  -3  -1   3   3  -3  -2  -1    0   0   0   0   0   0   0  17   0   0   0   0   0   0   0  40  43   0   0   0  0.40 0.04
   54 L    -2  -3  -3  -4  -2  -2  -3  -3  -2   0   2  -3   3   5  -4  -2  -2   0   2   0    0   0   0   0   0   0   0   0   0   0  17   0  23  60   0   0   0   0   0   0  0.55 0.05
   55 S     0  -2   0  -1  -2  -2  -2   6  -2  -4  -4  -2  -3  -3  -2   1  -1  -3  -3  -3    0   0   0   0   0   0   0  83   0   0   0   0   0   0   0  17   0   0   0   0  0.92 0.05
   56 H    -1  -2  -2  -3  -2  -2  -2  -3   3   2   3  -2   1   0  -3  -1   1  -2  -1   1    0   0   0   0   0   0   0   0  17  20  46   0   0   0   0   0  17   0   0   0  0.23 0.03
   57 C    -2  -3  -4  -4   4  -2  -3  -3  -1  -2  -2  -3  -2   1  -4  -3  -2  10   4  -2    0   0   0   0  17   0   0   0   0   0   0   0   0   0   0   0   0  63  20   0  1.68 0.08
   58 R    -1   2   3  -1  -3   0   0  -1  -1  -2  -2   2  -1   2  -2   1   0  -2   0  -2    0  17  23   0   0   0   0   0   0   0   0  23   0  17   0  20   0   0   0   0  0.24 0.03
   59 S    -1  -2  -2  -2  -3  -1  -1  -2  -2  -3  -3  -1  -3  -4   7   1  -1  -4  -3  -3    0   0   0   0   0   0   0   0   0   0   0   0   0   0  83  17   0   0   0   0  1.71 0.07
   60 E    -1   0  -1  -1  -2   0   2  -2   4  -1  -1   1   3  -2  -2   0   2  -3  -1  -1    0   0   0   0   0   0  17   0  20   0   0  17  23   0   0   0  23   0   0   0  0.21 0.04
   61 Y    -1  -2  -2  -2  -2  -1   1  -3   1   0  -1  -1  -1   2  -3  -2  -1   1   6   1    0   0   0   0   0   0  20   0   0   0   0   0   0   0   0   0   0   0  57  23  0.46 0.05
   62 K     0   1   0  -1  -2   0   0  -1  -1  -2  -2   3  -1  -3  -1   2   3  -3  -2  -1    0   0   0   0   0   0   0   0   0   0   0  40   0   0   0  28  32   0   0   0  0.34 0.04
   63 G    -1   2   3  -1  -3   2   0   1  -1  -2   0   0  -1  -2  -2  -1  -1  -3  -2  -2    0  23  23   0   0  17   0  17   0   0  20   0   0   0   0   0   0   0   0   0  0.21 0.03
   64 D     1  -1   0   3  -2   1   3  -1  -1  -3  -3   0  -2  -3  -1   2   0  -3  -2  -2   20   0   0  17   0   0  40   0   0   0   0   0   0   0   0  23   0   0   0   0  0.40 0.03
   65 D    -1  -1   0   2  -3   2   4  -2   0  -3  -3   0  -2  -1  -2  -1  -1  -1   3  -2    0   0   0  17   0  17  43   0   0   0   0   0   0   0   0   0   0   0  23   0  0.47 0.04
   66 R    -1   4  -1  -2  -3   2   0  -3  -1  -1   1   2   0  -2  -2  -1  -1  -3  -2  -1    0  39   0   0   0  17   0   0   0   0  23  20   0   0   0   0   0   0   0   0  0.34 0.03
   67 L     1  -1   3   0  -2   2   0  -1  -1  -1   0   0   0  -2  -2   2   0  -3  -2  -1   17   0  23   0   0  23   0   0   0   0  17   0   0   0   0  20   0   0   0   0  0.20 0.03
   68 L    -2  -1   2   0  -3   2   2  -2   0  -1   0   0   0   3  -2  -1  -1  -2   0  -1    0   0  23   0   0  17  20   0   0   0  17   0   0  23   0   0   0   0   0   0  0.20 0.03
   69 L     1   0  -1  -2  -2   2   0  -2  -1  -1   1   2   0   3  -2  -1  -1  -1   0  -1   17   0   0   0   0  23   0   0   0   0  17  20   0  23   0   0   0   0   0   0  0.15 0.03
   70 D    -1   3   0   4  -4   1   3  -2  -1  -3  -3   2  -2  -3  -2   0  -1  -4  -2  -3    0  23   0  34   0   0  23   0   0   0   0  20   0   0   0   0   0   0   0   0  0.51 0.03
   71 V    -1  -3  -4  -4  -1  -3  -3  -4  -3   2   4  -3   2   0  -3  -3  -1  -2  -1   2    0   0   0   0   0   0   0   0   0  17  66   0   0   0   0   0   0   0   0  17  0.42 0.03
   72 L    -1  -2  -2  -2  -1  -1  -2  -2  -2   2   3  -2   3   0  -2  -2  -1  -1  -1   1    2   1   1   1   0   1   1   2   1  18  42   1  21   1   1   2   1   0   1   2  0.20 0.02
   73 S     0  -1   0   2  -1   0   0  -1  -1  -2  -2   0  -1  -2  -1   2   2  -2  -2  -1    2   1   1  21   0   1   1   2   1   1   2   1   1   1   1  36  24   0   1   2  0.26 0.02
   74 I     0   0  -1  -1  -2   2   0  -2  -1   1  -1   1   0  -2  -2   1   0  -3  -2   1    0   0   0   0   0  23   0   0   0  17   0  17   0   0   0  20   0   0   0  23  0.14 0.03
   75 L    -2  -2  -3  -4  -2  -2  -3  -4  -2   1   4  -3   3   3  -3  -3  -1  -1   0   0    0   0   0   0   0   0   0   0   0   0  63   0  17  20   0   0   0   0   0   0  0.42 0.04
   76 K     0   3   0   0  -2   1   2  -2  -1  -3  -2   2  -2  -3  -1   2   2  -3  -2  -2    0  23   0   0   0   0  23   0   0   0   0  17   0   0   0  20  17   0   0   0  0.33 0.03
   77 P    -1  -3  -2  -2  -3  -2  -2  -3  -3  -3  -3  -1  -3  -4   8  -1  -2  -4  -3  -3    0   0   0   0   0   0   0   0   0   0   0   0   0   0 100   0   0   0   0   0  2.20 0.08
   78 I     0  -2  -1  -2  -1  -2  -2   2  -2   1   0  -2   2  -2  -2   1   0  -3  -2   2    0   0   0   0   0   0   0  23   0  10   0   0  12   0   0  22   0   0   0  33  0.17 0.03
   79 L    -1   1  -2  -2  -2   1  -1  -3  -1   0   3  -1   1   0  -3   0  -1  -1   1   0    0  12   0   0   0  14   0   0   0   0  55   0   0   0   0  10   0   0   9   0  0.19 0.04
   80 P    -1  -2  -2  -2  -3  -1  -1  -2  -2  -3  -3  -1  -3  -4   7   1  -1  -4  -3  -3    0   0   0   0   0   0   0   0   0   0   0   0   0   0  78  22   0   0   0   0  1.62 0.09
   81 S     0   3  -1  -1  -2   3   1  -2  -1  -1   0   1   2  -2  -2   0  -1  -2  -2  -1   10  23   0   0   0  22  12   0   0   0   9   0  14   0   0  10   0   0   0   0  0.21 0.03
   82 S     1  -1   0   3  -3   0   2  -2  -1  -3  -3  -1  -2  -2   3   1  -1  -2   2  -2   14   0   0  22   0   0  23   0   0   0   0   0   0   0  19  10   0   0  12   0  0.40 0.03
   83 N    -1   0   3   0  -3  -1  -1   3  -1  -4  -4   2  -2  -3   2   0  -1  -3  -3  -3    0   0  29   0   0   0   0  37   0   0   0  22   0   0  12   0   0   0   0   0  0.49 0.04
   84 E    -1  -1  -1   1  -3   1   5  -3  -1  -2  -1   0   3  -3  -2  -1  -1  -3  -2  -2    0   0   0   0   0   0  78   0   0   0   0   0  22   0   0   0   0   0   0   0  0.64 0.08
   85 A     0   0   0   2  -2   0   0  -2  -1  -1   0   3  -1  -2  -2   1  -1  -3  -2  -1   10   0   0  22   0   0   0   0   0   0  19  37   0   0   0  12   0   0   0   0  0.19 0.03
   86 G     1  -3  -1  -2  -2  -2  -2   5  -3  -1  -2  -2  -2  -3  -2  -1  -1  -3  -3   1   14   0   0   0   0   0   0  63   0   0   0   0   0   0   0   0   0   0   0  23  0.56 0.05
   87 K    -1   5  -1  -1  -4   1   2  -2  -1  -3  -3   3  -2  -3  -2  -1  -1  -3  -2  -3    0  56   0   0   0   0  22   0   0   0   0  22   0   0   0   0   0   0   0   0  0.64 0.06
   88 V    -2  -3  -3  -4  -2  -3  -3  -4  -2   2   1  -3   2   5  -3  -2  -1   0   2   2    0   0   0   0   0   0   0   0   0   9   0   0   7  54   0   0   0   0   0  29  0.46 0.05
   89 Q     1  -1   1   0  -2   2   1   2  -1  -3  -3   0  -2  -2  -2   1  -1  -2   1  -2   20   0   9   0   0  14  14  25   0   0   0   0   0   0   0   8   0   0   9   0  0.25 0.02
   90 A     4  -1  -1  -2  -1  -1  -1   0   4  -2  -2  -1  -1  -2  -1   1  -1  -3  -1  -1   80   0   0   0   0   0   0   0  20   0   0   0   0   0   0   0   0   0   0   0  0.46 0.06
   91 S     2   0   1   3  -2   0   0  -1  -1  -2  -2   0  -2  -3  -1   1   1  -3  -2  -1   30   8   9  25   0   0   0   0   0   0   0   0   0   0   0  14  14   0   0   0  0.27 0.03
   92 F    -2  -2   2  -2  -3  -2  -3  -3  -1  -1   1  -3   0   6  -4  -2  -2   0   2  -1    0   0  20   0   0   0   0   0   0   0   9   0   0  70   0   0   0   0   0   0  0.57 0.06
   93 S     1  -1  -1  -1  -2   0   1  -1  -1   1  -1  -1  -1   1  -2   3   0  -2  -1   0    9   0   0   0   0   0  14   0   0  20   0   0   0   9   0  47   0   0   0   0  0.17 0.04
   94 D    -2  -2   1   7  -4  -1   1  -2  -2  -4  -4  -1  -4  -4  -2  -1  -1  -5  -4  -4    0   0   0 100   0   0   0   0   0   0   0   0   0   0   0   0   0   0   0   0  1.17 0.09
   95 G     0  -2   0   3  -3  -2  -1   5  -2  -2  -3  -2  -2  -3  -2  -1  -1  -3  -3   0    0   0   0  25   0   0   0  61   0   0   0   0   0   0   0   0   0   0   0  14  0.59 0.05
   96 S     0  -1   0  -1  -1  -1  -1  -1  -2   1  -1  -1  -1  -2  -1   4   2  -3  -2   0    0   0   0   0   0   0   0   0   0  20   0   0   0   0   0  66  14   0   0   0  0.32 0.05
   97 R     0   3   0  -1  -2   0   0   1  -1  -3  -3   2  -2  -3  -2   2   0  -3  -2  -2    0  27   0   0   0   0   0  13   0   0   0  23   0   0   0  38   0   0   0   0  0.35 0.04
   98 L    -1  -3  -4  -4  -1  -3  -3  -4  -3   3   3  -3   1   0  -3  -2  -1  -2  -1   2    0   0   0   0   0   0   0   0   0  20  55   0   0   0   0   0   0   0   0  25  0.40 0.04
   99 T     0   3  -1  -2  -2   0  -1  -2  -1   0  -1   0  -1  -2  -2   1   2  -3  -2   1    0  38   0   0   0   0   0   0   0   0   0   0   0   0   0  14  24   0   0  25  0.25 0.04
  100 I    -2  -3  -4  -4  -2  -3  -4  -4  -4   5   2  -3   1   0  -3  -3  -1  -3  -2   2    0   0   0   0   0   0   0   0   0  80  20   0   0   0   0   0   0   0   0   0  0.50 0.06
  101 S     2  -2  -1  -1   5  -1  -1  -1  -2  -2  -2  -1  -2  -3  -1   3   0  -3  -2  -1   25   0   0   0  20   0   0   0   0   0   0   0   0   0   0  55   0   0   0   0  0.44 0.05
  102 V    -1  -3  -3  -4  -1  -3  -3  -4  -3   3   3  -3   1   0  -3  -2  -1  -3  -1   3    0   0   0   0   0   0   0   0   0  34  34   0   0   0   0   0   0   0   0  32  0.39 0.04
  103 T    -1  -1   3  -1  -2  -1  -1  -2  -1  -1  -1  -1   3  -2  -2   1   3  -3  -2  -1    0   0  20   0   0   0   0   0   0   0   0   0  25   0   0  14  41   0   0   0  0.29 0.05
  104 K    -1   1   2   3  -3   0   0  -2  -1  -3  -3   3  -2  -4   3   0  -1  -4  -3  -3    0   0  17  25   0   0   0   0   0   0   0  44   0   0  14   0   0   0   0   0  0.48 0.04
  105 S     0  -2   3   0  -2  -1  -1   4  -1  -3  -4  -1  -2  -3  -2   2   0  -3  -3  -3    0   0  25   0   0   0   0  44   0   0   0   0   0   0   0  32   0   0   0   0  0.54 0.04
  106 E    -1  -1   0   1  -3   1   4   2  -1  -3  -2   0  -2  -3  -1   0  -1  -2  -2  -2    2   1   1   1   0   1  56  26   0   1   2   1   0   1   1   1   1   0   1   1  0.42 0.03
  107 L    -1  -2   0   4  -2  -1   0  -2  -2   0   2  -1   0  -1  -2  -1  -1  -2  -2  -1    2   1   1  40   0   1   1   1   0   1  43   1   0   1   1   1   1   0   1   1  0.24 0.03
  108 I    -1  -2  -2  -2  -1  -2  -2  -2  -2   3   1  -2   1  -1  -2  -2   0  -2  -1   3    2   1   1   1   0   1   1   1   0  29   2   1   0   1   1   1   1   0   1  53  0.25 0.03
  109 E    -1   1  -1   2  -3   1   3  -2  -1   1  -1   0  -1  -2  -2   0   1  -3  -2   0    0  12   0  13   0   0  41   0   0  20   0   0   0   0   0   0  14   0   0   0  0.27 0.04
  110 I     3  -2  -3  -3   5  -2  -2  -1  -3   1   0  -2   0  -2  -2   0   0  -3  -2   2   43   0   0   0  20   0   0   0   0  14   0   0   0   0   0   0   0   0   0  22  0.30 0.04
  111 A     2  -1   2   0  -2   0   2  -1  -1  -2  -2   0   1  -2  -1   2   0  -3  -2  -1   27   0  12   0   0   0  17   0   0   0   0   0   9   0   0  34   0   0   0   0  0.25 0.03
  112 V    -1  -3   1  -2  -1  -2  -3  -3  -3   4   1  -2   0  -1  -3  -2  -1  -3  -2   3    0   0  13   0   0   0   0   0   0  43   0   0   0   0   0   0   0   0   0  44  0.32 0.04
  113 T    -1   3  -2  -2  -2  -1  -2  -3  -2   2   0   0   0   3  -2  -1   2  -2   0   0    0  29   0   0   0   0   0   0   0  27   0   0   0  20   0   0  24   0   0   0  0.19 0.04
  114 T    -1  -1  -1  -2  -2   1  -1   1   0  -2  -2  -1  -1   0  -2   0   3   0   4  -1    0   0   0   0   0  12   0  13   0   0   0   0   0   0   0   0  41   0  34   0  0.33 0.05
  115 P     1  -1  -1  -1  -2   2   0  -2  -1  -1   1   0   0  -2   4   1  -1  -3  -2  -1   18   0   0   0   0  25   0   0   0   0  20   0   0   0  23  14   0   0   0   0  0.34 0.03
  116 E    -1  -1   2   3  -3   2   3   1  -1  -3  -3   0  -2  -3  -2   1  -1  -3  -3  -3    0   0   8  29   0  13  24  12   0   0   0   0   0   0   0  14   0   0   0   0  0.43 0.03
  117 G    -1  -2   2   2  -3  -1  -1   5  -2  -4  -4  -1  -3  -4  -2   0  -1  -3  -3  -3    0   0  17  12   0   0   0  71   0   0   0   0   0   0   0   0   0   0   0   0  0.80 0.05
  118 D    -1  -1   0   5   3   0   2  -2  -1  -3  -3   1  -3  -4  -2   0  -1  -4  -3  -3    0   0   0  50  12   0  20   0   0   0   0  18   0   0   0   0   0   0   0   0  0.54 0.04
  119 E    -1   1   0   1  -4   1   4  -2  -1  -3  -3   3  -2  -4  -1   0  -1  -3  -2  -3    0   0   0   0   0   0  61   0   0   0   0  39   0   0   0   0   0   0   0   0  0.62 0.05
  120 V    -1  -2  -3  -2  -2  -1   1  -4  -2   3   2  -2   1  -1  -3  -2  -1  -3  -2   2    0   0   0   0   0   0  18   0   0  39  25   0   0   0   0   0   0   0   0  18  0.23 0.03
  121 S     0  -1   0  -1  -1  -1  -1  -2  -2   0   0  -1   0  -2  -2   2   3  -3  -2   1    0   0   0   0   0   0   0   0   0   0  10   0   0   0   0  37  35   0   0  18  0.25 0.03
  122 I    -1  -2  -1  -2  -2  -1  -2  -3   4   1   0  -2   1   1  -2  -1   1  -1   4   1    0   0   0   0   0   0   0   0  18  18   0   0  10   0   0   0  19   0  25  10  0.22 0.03
  123 F    -2   3  -1  -2  -3   2   0  -3   4  -1   1   0   0   2  -3  -1  -1  -1   0  -1    0  25   0   0   0  19   0   0  18   0  20   0   0  18   0   0   0   0   0   0  0.23 0.03
  124 P    -2  -3  -3  -3  -2  -3  -3  -3  -2   0   2  -3   1   4   3  -2  -2  -1   1   0    0   0   0   0   0   0   0   0   0   0  39   0   0  43  18   0   0   0   0   0  0.47 0.04
  125 E    -1  -1   0   3  -3   1   4  -2  -1  -3  -3   0  -2  -3  -1   1  -1  -3  -2  -3    0   0   0  18   0   0  63   0   0   0   0   0   0   0   0  19   0   0   0   0  0.60 0.05
  126 R     0   2   0  -1  -2  -1  -1   4  -1  -3  -3   0  -2  -3  -2   2   0  -3  -2  -3    0  18   0   0   0   0   0  43   0   0   0   0   0   0   0  39   0   0   0   0  0.46 0.04
  127 N    -1   1   4   0  -3   1   2  -1   0  -3  -3   3  -2  -3  -2   0  -1  -4  -2  -3    0   0  38   0   0   0  18   0   0   0   0  44   0   0   0   0   0   0   0   0  0.48 0.04
  128 K    -1   1   0   1  -4   2   5  -2  -1  -3  -3   3  -2  -4  -1   0  -1  -3  -2  -3    0   0   0   0   0   0  64   0   0   0   0  36   0   0   0   0   0   0   0   0  0.63 0.05
  129 Q     2   0  -1  -1  -2   4   0  -1   0  -2  -2   0  -1  -1  -2   1   0  -1   3  -2   25   0   0   0   0  38   0   0   0   0   0   0   0   0   0  18   0   0  19   0  0.30 0.04
  130 D    -2   3   4   3  -3   0   2  -1   0  -3  -3   1  -2  -3  -2   0  -1  -4  -2  -3    0  25  39  18   0   0  18   0   0   0   0   0   0   0   0   0   0   0   0   0  0.50 0.04
  131 C     1   2   2  -1   4  -1  -1  -1  -1   1  -1   0  -1  -2  -2   0  -1  -3  -2   0   25  20  19   0  18   0   0   0   0  18   0   0   0   0   0   0   0   0   0   0  0.18 0.03
  132 L    -1  -3  -4  -4  -1  -3  -3  -4  -3   3   3  -3   2   0  -3  -2  -1  -2  -1   2    0   0   0   0   0   0   0   0   0  18  57   0   0   0   0   0   0   0   0  25  0.39 0.03
  133 L    -2  -1  -3  -3  -2  -1  -2  -3  -3   1   4   1   1   0  -3  -2  -1  -2  -1   0    0   0   0   0   0   0   0   0   0   0  82  18   0   0   0   0   0   0   0   0  0.37 0.04
  134 K    -1   0   0   3  -3   3   1  -2   4  -3  -3   2  -2  -3  -2   1  -1  -3  -1  -3    0   0   0  25   0  20   0   0  18   0   0  18   0   0   0  19   0   0   0   0  0.36 0.03
  135 S     0  -1   2  -1  -1  -1  -1  -1  -1  -1   1  -1   0  -2  -2   3   1  -3  -2  -1    0   0  18   0   0   0   0   0   0   0  25   0   0   0   0  57   0   0   0   0  0.25 0.04
  136 L    -2  -2  -4  -4  -2  -2  -3  -4  -3   1   4  -3   2   0  -3  -3  -1  -2  -1   1    0   0   0   0   0   0   0   0   0   0 100   0   0   0   0   0   0   0   0   0  0.58 0.05
  137 P    -1  -3  -2  -2  -3  -2  -2  -3  -3  -3  -3  -1  -3  -4   8  -1  -1  -4  -3  -3    0   0   0   0   0   0   0   0   0   0   0   0   0   0 100   0   0   0   0   0  2.20 0.08
  138 V    -1  -3  -3  -4  -2  -3  -3  -4  -3   3   1  -3   0   4  -3  -2  -1  -1   1   3    0   0   0   0   0   0   0   0   0  20   0   0   0  37   0   0   0   0   0  43  0.38 0.04
  139 A     1  -1   3   1  -2  -1  -1  -1   0  -2  -2  -1  -2   0  -2   1   0  -1   3  -2   18   0  29  10   0   0   0   0   0   0   0   0   0   0   0  18   0   0  25   0  0.28 0.03
  140 L    -1   0  -3  -3  -1  -2  -3  -4  -3   2   3  -2   1   0  -3  -2  -1  -2  -1   3    0  10   0   0   0   0   0   0   0   0  47   0   0   0   0   0   0   0   0  43  0.29 0.03
  141 H    -1  -1   0  -1  -3   0  -1   2   7  -3  -3  -1  -2  -2  -2   0   2  -3   0  -2    0   0   0   0   0   0   0  19  56   0   0   0   0   0   0   0  25   0   0   0  0.56 0.06
  142 M    -1   0  -1  -1  -3   1   2  -2  -1  -1   0   3   4  -2  -2  -1  -1  -3  -2  -1    0   0   0   0   0   0  25   0   0   0   0  37  38   0   0   0   0   0   0   0  0.29 0.05
  143 P    -1  -3  -3  -2  -3  -2  -2  -3  -3  -1  -2  -2  -2  -3   7  -1  -1  -4  -3   1    0   0   0   0   0   0   0   0   0   0   0   0   0   0  81   0   0   0   0  19  1.58 0.07
  144 Y    -2  -2  -2  -3  -3  -1  -2  -3   4  -2  -1  -2  -1   4  -3  -2  -2   1   6  -2    0   0   0   0   0   0   0   0  20   0   0   0   0  20   0   0   0   0  60   0  0.77 0.05
  145 I    -1  -2  -2  -2  -1  -2  -2  -3  -3   3   2  -2   1  -1  -2   0   3  -3  -2   1    0   0   0   0   0   0   0   0   0  41  19   0   0   0   0   0  40   0   0   0  0.26 0.03
  146 K    -1   0  -2  -2  -2   2   0  -3  -1   1   0   1   3   2  -2  -1  -1  -1   0   0    0   0   0   0   0  21   0   0   0  20   0  20  19  20   0   0   0   0   0   0  0.15 0.03
  147 K    -1   0  -1  -1  -2   0   2  -2  -1   0  -1   3  -1  -2  -2   0   2  -3  -2   1    0   0   0   0   0   0  20   0   0   0   0  34   0   0   0   0  22   0   0  24  0.21 0.03
  148 H    -1  -1   0   2  -2   0   0  -2   7  -2  -2  -1  -2  -2  -1  -1  -1  -2   1  -2    2   1   1  21   0   1   1   2  59   1   2   1   0   1   1   2   1   0   1   1  0.55 0.04
  149 H    -1   3   0  -1  -2   0  -1  -2   5  -2  -1   0  -1   3  -2  -1  -1  -1   1  -2    2  25   1   1   0   1   1   2  35   1   2   1   0  21   1   2   1   0   1   1  0.30 0.03
  150 S     4  -1  -1  -1  -1  -1  -1   0  -2  -2  -2  -1  -1  -3  -1   3   0  -3  -2  -1   63   0   0   0   0   0   0   0   0   0   0   0   0   0   0  37   0   0   0   0  0.42 0.04
  151 L    -1  -2  -3  -2  -2  -2  -2  -3  -3   0   2  -2   0  -2   6  -2  -1  -3  -2  -1    0   0   0   0   0   0   0   0   0   0  41   0   0   0  59   0   0   0   0   0  1.05 0.05
  152 P     0  -1  -1  -1  -2   0   2  -2   3  -1  -2  -1  -1  -2   3   1   0  -3  -1   1    0   0   0   0   0   0  20   0  17   0   0   0   0   0  17  24   0   0   0  22  0.27 0.03
  153 E    -1   0   0   3  -3   3   3  -2  -1  -3  -3   1  -2  -3  -1   1   0  -3  -2  -3    0   0   0  17   0  20  29   0   0   0   0  12   0   0   0  22   0   0   0   0  0.42 0.03
  154 I    -1  -2  -2  -3  -2  -2  -3   2  -2   3   1  -2   4  -1  -3  -2  -1  -2  -2   1    0   0   0   0   0   0   0  22   0  37   0   0  41   0   0   0   0   0   0   0  0.27 0.05
  155 E    -1  -1   3   3  -4   1   4  -2   0  -4  -3   0  -3  -4  -2   0  -1  -4  -3  -3    0   0  22  24   0   0  55   0   0   0   0   0   0   0   0   0   0   0   0   0  0.63 0.04
  156 V    -1  -2  -2  -3  -2   2  -1  -3  -2   2   2  -1   1   3  -3  -2  -1  -1   0   2    0   0   0   0   0  20   0   0   0  17  24   0   0  22   0   0   0   0   0  17  0.19 0.02
  157 N    -1   0   2  -1  -2   0  -1  -2  -1  -1   1   2   0  -2  -2   0   3  -3  -2  -1    0   0  17   0   0   0   0   0   0   0  20  22   0   0   0   0  41   0   0   0  0.20 0.03
  158 G     0  -1   2   3  -2  -1   0   2  -1  -3  -3  -1  -2  -3  -2   2   2  -3  -2  -2    0   0  17  24   0   0   0  17   0   0   0   0   0   0   0  20  22   0   0   0  0.35 0.02
  159 A     1  -1  -1  -2  -2  -1  -1  -2   5  -3  -3  -1  -2  -3   5   0   1  -3  -1  -2   17   0   0   0   0   0   0   0  34   0   0   0   0   0  38   0  12   0   0   0  0.72 0.04
  160 D    -1   0   2   2  -3   1   2  -2  -1  -3  -3   3  -2  -3  -1   0   1  -3  -2  -2    0   0  17  17   0   0  20   0   0   0   0  34   0   0   0   0  12   0   0   0  0.37 0.03
  161 G     0  -2  -1  -1  -2  -1  -1   2  -2  -1   0  -1  -1  -2   4   2   0  -3  -2  -1    0   0   0   0   0   0   0  17   0   0  20   0   0   0  22  41   0   0   0   0  0.35 0.03
  162 M     1  -2  -3  -3  -1  -1  -2  -2  -2   1   2  -2   5   0  -2  -1  -1  -2  -1   0   22   0   0   0   0   0   0   0   0   0  20   0  58   0   0   0   0   0   0   0  0.33 0.05
  163 R    -1   4  -1  -2  -3   0  -1   2   3  -3  -3   1  -2  -3   4  -1  -1  -3  -2  -3    0  46   0   0   0   0   0  20  12   0   0   0   0   0  22   0   0   0   0   0  0.54 0.04
  164 F    -2  -1   5   1  -3   0   2  -1   0  -3  -3   0  -2   2  -2   0  -1  -2  -1  -3    0   0  61   0   0   0  22   0   0   0   0   0   0  17   0   0   0   0   0   0  0.48 0.05
  165 L    -1  -3  -4  -4  -1  -3  -3  -4  -3   3   3  -3   2   0  -3  -2  -1  -2  -1   2    0   0   0   0   0   0   0   0   0  20  58   0   0   0   0   0   0   0   0  22  0.39 0.03
  166 C    -1  -2   2  -2   4  -2  -2  -3  -2   2   2  -2   1  -1  -3  -1  -1  -3  -2   1    0   0  20   0  17   0   0   0   0  22  41   0   0   0   0   0   0   0   0   0  0.24 0.03
  167 N    -1   0   2   0  -3   0   2   1  -1  -2  -1   1   2  -2  -2   1   0  -3  -2  -2    0   0  17   0   0   0  22  12   0   0   0  17  20   0   0  12   0   0   0   0  0.19 0.03
  168 F    -2  -3  -2  -3  -2  -3  -3  -3  -2   1   0  -3   0   5  -3  -1   1   0   2   0    0   0   0   0   0   0   0   0   0  17   0   0   0  61   0   0  22   0   0   0  0.44 0.05
  169 A     3  -2  -1  -2  -1  -1  -1  -1  -2  -1  -2  -1  -1  -2  -1   1   3  -3  -2   0   56   0   0   0   0   0   0   0   0   0   0   0   0   0   0   0  44   0   0   0  0.38 0.05
  170 A     1  -2  -1  -2   5  -1  -2  -1  -2   1  -1  -1  -1  -2  -2   2   2  -3  -2   0   17   0   0   0  20   0   0   0   0  22   0   0   0   0   0  24  17   0   0   0  0.24 0.03
  171 K    -1   1   3   0  -3   3   1  -2   0  -3  -3   4  -2  -3  -2   0  -1  -3  -2  -3    0   0  22   0   0  17   0   0   0   0   0  61   0   0   0   0   0   0   0   0  0.49 0.04
  172 L    -1  -2  -1  -2   5  -1  -2  -2   3   0   2  -2   1  -1  -2  -1  -1  -2   0   0    2   1   1   1  22   1   1   1  18   1  42   1   0   1   1   1   1   0   1   1  0.23 0.02
  173 S     0   0   0  -1   5   0  -1  -1  -1  -2  -2   2  -2  -3  -1   3   0  -3  -2  -2    0   0   0   0  22   0   0   0   0   0   0  20   0   0   0  58   0   0   0   0  0.40 0.05
  174 T     2  -1  -1  -2  -1  -1  -1  -1  -2  -1  -2  -1  -1  -2  -1   1   4  -3  -2   0   32   0   0   0   0   0   0   0   0   0   0   0   0   0   0   0  68   0   0   0  0.43 0.05
  175 A     2  -1   0  -1  -1  -1  -1  -1  -2  -2  -2  -1  -2  -3   4   3   2  -3  -2  -1   17   0   0   0   0   0   0   0   0   0   0   0   0   0  20  39  24   0   0   0  0.46 0.03
  176 I    -2  -3  -4  -4  -2  -3  -3  -4  -3   4   2  -3   1   3  -3  -3  -1  -1   0   2    0   0   0   0   0   0   0   0   0  56  24   0   0  20   0   0   0   0   0   0  0.38 0.04
  177 V    -1  -3  -3  -3  -2  -2  -3  -3  -3   3   1  -2   0  -1   3  -2  -1  -3  -2   3    0   0   0   0   0   0   0   0   0  45   0   0   0   0  20   0   0   0   0  34  0.43 0.04
  178 P    -1  -3  -2  -2  -3  -2  -2  -3  -3  -3  -3  -1  -3  -4   8  -1  -1  -4  -3  -3    0   0   0   0   0   0   0   0   0   0   0   0   0   0 100   0   0   0   0   0  2.19 0.08
  179 Y    -2  -1   0  -2  -3   0  -1  -3   8  -3  -3  -1  -2   0  -3  -1  -2  -1   4  -3    0   0   0   0   0   0   0   0  83   0   0   0   0   0   0   0   0   0  17   0  1.02 0.08
  180 S     0  -1   3   0  -1  -1  -1  -1  -1  -1  -2  -1  -1  -2  -2   3   1  -3  -2   1    0   0  24   0   0   0   0   0   0   0   0   0   0   0   0  55   0   0   0  22  0.28 0.04
  181 E     1   0  -1  -1  -2   0   2  -2  -1  -1   0   2   0  -2  -1   1   1  -3  -2  -1   12   0   0   0   0   0  17   0   0   0  20  22   0   0   0  17  12   0   0   0  0.14 0.02
  182 K    -1   1   0   3  -3   4   3  -2   0  -3  -3   2  -1  -4  -1   0  -1  -3  -2  -3    0   0   0  22   0  44  17   0   0   0   0  17   0   0   0   0   0   0   0   0  0.53 0.04
  183 T    -1   2   0   2  -2   0   0  -2  -2  -2  -2   0  -1  -3  -2   1   4  -3  -2  -1    0  17   0  20   0   0   0   0   0   0   0   0   0   0   0   0  62   0   0   0  0.39 0.05
  184 N    -2  -1   4   5  -4   0   1  -1  -1  -4  -4  -1  -3  -4  -2   0  -1  -4  -3  -3    0   0  37  63   0   0   0   0   0   0   0   0   0   0   0   0   0   0   0   0  0.81 0.05
  185 P    -1  -2  -2  -1  -2  -1  -1  -2  -2  -2  -2  -1  -2  -3   7  -1  -1  -3  -2  -2    2   1   1   1   0   1   1   2   0   1   2   1   0   1  79   2   1   0   1   1  1.51 0.05
  186 L    -1  -1  -2  -2  -1  -1  -1  -2  -1   1   3  -1   1   0  -1  -1  -1  -1  -1   0    3   2   2   2   1   2   3   3   1   2  62   2   1   2   2   3   2   1   1   3  0.15 0.01
  187 S     2  -1   3   0  -1   0   0   0  -1  -2  -2   0  -1  -2  -1   3   1  -2  -1  -1   19   1  21   1   0   1   1   2   0   1   2   1   0   1   1  42   1   0   1   1  0.25 0.02
  188 G     0  -2   0  -1  -2  -1  -2   5  -2  -3  -3  -1  -2  -2  -2   0  -1  -2  -2  -2    2   1   1   1   0   1   1  80   0   1   2   1   0   1   1   2   1   0   1   1  0.76 0.03
  189 V    -1  -2  -1  -2  -1  -1  -1  -2  -2   0  -1  -1  -1   2   4   0   1  -1   0   1    2   1   1   1   0   1   1   2   0   1   2   1   0  21  25   2  19   0   1  18  0.29 0.02
  190 S     0  -1   0  -1   5  -1  -1  -1  -1  -1  -1  -1  -1  -2  -1   2   2  -2  -2  -1    2   1   1   1  21   1   1   2   0   1   2   1   0   1   1  36  25   0   1   1  0.28 0.02
  191 P    -1  -1   2  -1  -2  -1  -1  -1  -1  -2  -2  -1  -2  -3   6   0  -1  -3  -2  -2    2   1  21   1   0   1   1   2   0   1   2   1   0   1  59   2   1   0   1   1  1.02 0.03
  192 L    -2  -3  -3  -4  -2  -3  -3  -3  -2   0   2  -3   3   6  -4  -2  -2   0   2   0    0   0   0   0   0   0   0   0   0   0  17   0  20  63   0   0   0   0   0   0  0.56 0.05
  193 N    -1  -1   5   0  -2   0  -1  -1   0  -3  -3   0  -2  -3  -2   2   2  -4  -2  -2    0   0  56   0   0   0   0   0   0   0   0   0   0   0   0  24  20   0   0   0  0.51 0.05
  194 S     1  -1   0  -1  -1   0   0  -1  -1  -3  -3  -1  -2  -3  -1   5   1  -3  -2  -2    0   0   0   0   0   0   0   0   0   0   0   0   0   0   0 100   0   0   0   0  0.60 0.07
  195 I    -1  -3  -3  -3  -1  -2  -3  -4  -3   4   1  -3   2  -1  -3  -2  -1  -3  -1   3    0   0   0   0   0   0   0   0   0  49   0   0  12   0   0   0   0   0   0  39  0.39 0.04
  196 Y    -2  -3  -3  -4  -2  -3  -3  -3  -1   0   1  -3   0   5  -4  -3  -2   7   4  -1    0   0   0   0   0   0   0   0   0   0  20   0   0  41   0   0   0  22  17   0  0.74 0.04
  197 A     1  -2  -1  -2  -2  -1  -2   2   4   1   0  -2   3  -1  -2  -1  -1  -2  -1   0   17   0   0   0   0   0   0  20  22  17   0   0  24   0   0   0   0   0   0   0  0.17 0.03
  198 D    -2  -2   1   6  -4   0   3  -2  -1  -4  -4  -1  -3  -4  -2   0  -1  -4  -3  -3    0   0   0  80   0   0  20   0   0   0   0   0   0   0   0   0   0   0   0   0  0.92 0.06
  199 T     1  -2  -1  -2  -1  -2  -2  -2  -2   2   1  -2   0  -1  -2   0   3  -3  -2   1   17   0   0   0   0   0   0   0   0  22  20   0   0   0   0   0  41   0   0   0  0.20 0.03
  200 F    -2  -1  -1  -2   3  -1  -1  -3   4  -2  -1   1  -1   4  -3  -1  -2   0   4  -2    0   0   0   0  12   0   0   0  17   0   0  20   0  29   0   0   0   0  22   0  0.35 0.03
  201 R    -2   6  -1  -2  -4   1   0  -3  -1  -3  -3   2  -2  -3  -3  -1  -1  -3  -2  -3    0 100   0   0   0   0   0   0   0   0   0   0   0   0   0   0   0   0   0   0  0.95 0.07
  202 G     1  -2  -1   2  -2  -1  -1   4  -2  -1  -2  -1  -2  -3  -2   0  -1  -3  -3   1   17   0   0  22   0   0   0  41   0   0   0   0   0   0   0   0   0   0   0  20  0.33 0.03
  203 L    -2  -3  -3  -4  -2  -3  -3  -4  -2   2   3  -3   1   4  -3  -3  -2  -1   1   1    0   0   0   0   0   0   0   0   0  22  41   0   0  38   0   0   0   0   0   0  0.41 0.03
  204 G     0  -1   3  -1  -3  -1  -1   5  -1  -4  -4   1  -3  -3  -2   0  -1  -3  -3  -3    0   0  22   0   0   0   0  58   0   0   0  20   0   0   0   0   0   0   0   0  0.60 0.04
  205 N    -1  -1   5   3  -3   0   0  -1   0  -3  -4  -1  -2  -3  -2   2   0  -4  -2  -3    0   0  58  20   0   0   0   0   0   0   0   0   0   0   0  22   0   0   0   0  0.59 0.05
  206 S     2  -2  -1  -2  -1  -1  -1  -1  -2   0  -1  -1  -1  -2  -1   2   3  -3  -2   1   24   0   0   0   0   0   0   0   0   0   0   0   0   0   0  17  42   0   0  17  0.27 0.03
  207 D    -1   1   0   2  -3   0   0  -2  -1  -3  -3   3  -2  -3   4   1   0  -4  -2  -3    0   0   0  17   0   0   0   0   0   0   0  45   0   0  20  17   0   0   0   0  0.47 0.03
  208 V    -1  -3  -4  -4  -1  -3  -3  -4  -3   3   3  -3   1   0  -3  -2  -1  -2  -1   2    0   0   0   0   0   0   0   0   0  39  44   0   0   0   0   0   0   0   0  17  0.39 0.03
  209 S     0   2   0  -1  -2   0  -1  -2   4  -3  -2   0  -2   0  -2   2   0  -1   3  -2    0  20   0   0   0   0   0   0  17   0   0   0   0   0   0  41   0   0  22   0  0.32 0.04
  210 I    -1  -3  -3  -4  -2  -2  -3  -4  -3   3   2  -3   3   3  -3  -2  -1  -1   0   2    0   0   0   0   0   0   0   0   0  30  20   0  15  19   0   0   0   0   0  15  0.31 0.03
  211 N    -2  -1   6   3  -3   0   0  -1   0  -4  -4  -1  -3  -4  -2   0  -1  -4  -3  -3    0   0  85  15   0   0   0   0   0   0   0   0   0   0   0   0   0   0   0   0  0.87 0.09
  212 G    -1  -2   3   2  -3  -1  -1   5  -1  -4  -4  -1  -3  -4  -2   0  -1  -3  -3  -3    0   0  19  15   0   0   0  65   0   0   0   0   0   0   0   0   0   0   0   0  0.75 0.06
  213 V    -1  -3  -3  -3  -1  -2  -3  -3  -2   3   1  -2   3   0  -3  -2  -1  -1   3   3    0   0   0   0   0   0   0   0   0  19   0   0  15   0   0   0   0   0  18  47  0.32 0.05
  214 S     1   0   2   3  -2   0   2  -1  -1  -3  -3   2  -2  -3  -1   1   0  -3  -2  -2   15   0  15  20   0   0  19   0   0   0   0  18   0   0   0  12   0   0   0   0  0.33 0.03
  215 L    -2  -3  -4  -4  -2  -3  -3  -4  -3   3   3  -3   1   3  -3  -3  -1  -1   0   1    0   0   0   0   0   0   0   0   0  39  43   0   0  18   0   0   0   0   0   0  0.39 0.04
  216 S     0  -2  -1  -1  -3  -1  -1  -2  -2  -3  -3  -1  -3  -4   7   2   0  -4  -3  -3    0   0   0   0   0   0   0   0   0   0   0   0   0   0  70  30   0   0   0   0  1.41 0.08
  217 R     0   3  -1  -2  -2   2   0  -2  -1   0   1   0   0  -2  -2   0   1  -3  -2   0   10  28   0   0   0  18   0   0   0   0  19   0   0   0   0   0  15   0   0  10  0.17 0.03
  218 E    -1   0   2   2  -4   1   4  -2   0  -3  -3   2  -2  -4  -2   0  -1  -3  -2  -3    0   0  10  10   0   0  61   0   0   0   0  19   0   0   0   0   0   0   0   0  0.59 0.06
  219 A     3  -1  -2  -1  -2   0   3  -1  -1  -1   1  -1  -1  -2  -1   0  -1  -3  -2  -1   47   0   0   0   0   0  33   0   0   0  19   0   0   0   0   0   0   0   0   0  0.25 0.05
  220 Q    -1   0  -1  -1  -3   5   1  -3  -1   1   1   0   0  -2  -2  -1  -1  -2  -2   0    0   0   0   0   0  63   0   0   0  19  18   0   0   0   0   0   0   0   0   0  0.38 0.07
  221 Q     1   1  -1   0  -3   3   2  -2  -1  -3  -3   3  -1  -3  -1   0  -1  -3  -2  -2   19   0   0   0   0  28  18   0   0   0   0  35   0   0   0   0   0   0   0   0  0.40 0.05
  222 L    -1  -2  -1   2  -2  -1   1  -2  -2  -1   1  -1   0  -2   3  -1   1  -3  -2  -1    0   0   0  19   0   0  15   0   0   0  32   0   0   0  15   0  18   0   0   0  0.25 0.03
  223 L    -2  -3  -3  -3  -2  -2  -3  -4  -3   2   3  -3   1   0   3  -2  -1  -2  -2   1    0   0   0   0   0   0   0   0   0  18  67   0   0   0  15   0   0   0   0   0  0.44 0.05
  224 C    -1   2  -1   2   6  -1  -1  -2  -2   1  -1  -1  -1  -2  -2   1  -1  -3  -2   0    0  20   0  18  28   0   0   0   0  19   0   0   0   0   0  15   0   0   0   0  0.27 0.04
  225 H    -2  -1   3   3  -3   2   2  -2   3  -3  -3   0  -2  -2  -2  -1  -1   6  -1  -3    0   0  19  20   0  15  18   0  12   0   0   0   0   0   0   0   0  15   0   0  0.50 0.04
  226 F     1  -1  -2  -1  -2   0   1  -2  -2   1   1   1   0   1  -2  -1  -1  -2  -1   0   20   0   0   0   0   0  19   0   0  15  15  18   0  12   0   0   0   0   0   0  0.08 0.02
  227 I     0  -2  -3  -4  -1  -2  -3  -3  -3   2   4  -2   1   0  -3  -2  -1  -2  -1   1   15   0   0   0   0   0   0   0   0  12  72   0   0   0   0   0   0   0   0   0  0.37 0.05
  228 G     0   0  -1  -1  -3  -1  -1   5  -2  -4  -4   3  -3  -4  -2  -1  -2  -3  -3  -3    0   0   0   0   0   0   0  67   0   0   0  33   0   0   0   0   0   0   0   0  0.71 0.06
  229 L    -1  -2  -3  -3  -1  -2  -3  -3  -3   2   3  -2   1   0  -3  -2   1  -2  -1   1    0   0   0   0   0   0   0   0   0  19  63   0   0   0   0   0  18   0   0   0  0.35 0.05
  230 K    -1   0   2   2  -3   0   0  -2  -1  -3  -3   3  -2  -4   5   0  -1  -4  -3  -3    0   0  19  15   0   0   0   0   0   0   0  32   0   0  33   0   0   0   0   0  0.66 0.05
  231 D    -1  -1   2   4  -2   0   2  -1  -1  -1   0   0  -1  -2  -1   0  -1  -3  -2  -2    1   1  19  33   0   1  20   1   0   1  17   1   0   1   1   1   1   0   0   1  0.30 0.03
  232 T    -1  -2   0   2  -2  -1  -1  -2  -1  -1  -1  -1  -1   2   3   0   2  -1   0  -1    1   1   1  19   0   1   1   1   0   1   1   1   0  20  16   1  33   0   0   1  0.27 0.03
  233 G    -1  -2  -1  -2  -2  -1  -2   1   4   2   1  -2   0  -1  -2  -1  -1  -2   0   1    1   1   1   1   0   1   1  13  20  36  19   1   0   1   1   1   1   0   0   1  0.13 0.03
  234 S     0  -1   0   2  -2   0   0  -1   0  -1  -1  -1   2   0  -1   2   0  -1   2  -1    1   1   1  20   0   1   1   1   0   1   1   1  18   1   1  33   1   0  16   1  0.17 0.03
  235 S     1  -1   0  -1  -1  -1  -1  -1  -1  -3  -3  -1  -2  -3   3   4   1  -3  -2  -2    0   0   0   0   0   0   0   0   0   0   0   0   0   0  15  85   0   0   0   0  0.61 0.08
  236 P    -1   0  -1  -1  -2   0  -1  -2  -1  -1   0   2  -1   2   4  -1  -1  -1   0  -1    1   1   1   1   0   1   1   1   0   1  11  36   0  18  23   1   1   0   0   1  0.31 0.03
  237 P     0   0  -1  -1  -2   0   0  -1  -1  -1   1   2   0  -2   2   0   1  -2  -2  -1   11   1   1   1   0   1   1   1   0   1  19  36   0   1  13   1  11   0   0   1  0.18 0.02
  238 S     0   4   0   0  -2   1   2  -1  -1  -2  -2   1  -1  -2  -1   2   0  -2  -2  -2    1  39   1   1   0   1  20   1   0   1   1   1   0   1   1  29   1   0   0   1  0.33 0.04
  239 N    -1  -1   6   1  -2   0   0  -1   0  -3  -3   0  -2  -3  -2   0   0  -3  -2  -2    2   1  82   1   0   1   1   1   0   1   2   1   0   1   1   1   1   0   1   1  0.67 0.06
  240 I    -1  -1  -1   2  -2   0   2  -2  -2   2   0  -1   0  -1  -1  -1  -1  -2  -1   2    2   1   1  16   0   1  19   1   0  29   2   1   0   1   1   1   1   0   1  21  0.12 0.02
  241 I    -1  -2  -2  -2  -1  -2  -2  -3  -3   5   1  -2   1   0  -2  -2  -1  -2  -1   2    2   1   1   1   0   1   1   1   0  82   2   1   0   1   1   1   1   0   1   1  0.34 0.05
  242 N    -1  -1   4   1  -2  -1  -1  -2  -1   0   1  -1   0  -2  -2   0   1  -3  -2   1    0   0  40  10   0   0   0   0   0   0  19   0   0   0   0   0  15   0   0  15  0.22 0.04
  243 N     0   0   3   0  -2   2   0  -1   3  -3  -3   0  -1  -3  -2   2   2  -3  -1  -2    0   0  22   0   0  19   0   0  10   0   0   0   0   0   0  31  18   0   0   0  0.34 0.04
  244 G     1  -2  -1  -2  -2  -2  -2   4  -2   0  -1  -2   2  -2  -2  -1  -1  -3  -2   1   15   0   0   0   0   0   0  47   0   0   0   0  19   0   0   0   0   0   0  18  0.36 0.04
  245 I    -2  -3  -4  -4  -2  -3  -3  -4  -3   4   3  -3   1   0  -3  -3  -1  -2  -1   2    0   0   0   0   0   0   0   0   0  47  53   0   0   0   0   0   0   0   0   0  0.46 0.05
  246 D     0  -1   0   3  -2  -1   0  -1  -1  -2  -3  -1  -2  -3  -1   3   3  -3  -2  -2    0   0   0  28   0   0   0   0   0   0   0   0   0   0   0  39  33   0   0   0  0.42 0.05
  247 Y    -1   2  -2  -2  -3  -1  -2  -3   0  -2  -2  -1  -1   1   3  -1   1   0   5  -2    0  20   0   0   0   0   0   0   0   0   0   0   0   0  15   0  18   0  47   0  0.48 0.06
  248 D    -2  -1   5   2  -3   0   0  -1   6  -4  -4  -1  -2  -3  -2   0  -1  -4   0  -3    0   0  50  12   0   0   0   0  38   0   0   0   0   0   0   0   0   0   0   0  0.70 0.07
  249 Q    -1   0   0   2  -4   4   3  -2   3  -3  -3   1  -2  -3  -2   0  -1  -3  -2  -3    0   0   0  10   0  47  33   0  10   0   0   0   0   0   0   0   0   0   0   0  0.60 0.06
  250 A     3  -2  -2  -3  -1  -2  -2  -1  -2   2   0  -2   0  -2  -2   0   0  -3  -2   2   63   0   0   0   0   0   0   0   0  18   0   0   0   0   0   0   0   0   0  19  0.29 0.05
  251 V    -1  -1   2   0  -3   0   3  -2  -1  -1  -1   0   2  -2   3  -1  -1  -3  -2   0    0   0  19   0   0   0  35   0   0   0   0   0  15   0  18   0   0   0   0  12  0.33 0.04
  252 I    -1   2  -1  -1  -2   2   0   1  -1   0  -2   2  -1  -3  -2   0   1  -3  -2  -1    0  15   0   0   0  20   0  15   0  12   0  19   0   0   0   0  18   0   0   0  0.20 0.03
  253 L    -1  -1  -3  -3  -2  -2  -2  -3  -3   3   1   0   1  -1  -3  -2  -1  -3  -2   3    0   0   0   0   0   0   0   0   0  39  12  15   0   0   0   0   0   0   0  33  0.26 0.04
  254 V     1  -2  -2  -2  -1  -2  -2  -2  -3   3   0  -2   0  -1  -2   1   0  -3  -2   2   20   0   0   0   0   0   0   0   0  35   0   0   0   0   0  18   0   0   0  27  0.20 0.04
  255 S     1   2   4   0  -2   0  -1  -1  -1  -3  -3   0  -2  -3   3   1   0  -3  -2  -2   15  20  35   0   0   0   0   0   0   0   0   0   0   0  18  12   0   0   0   0  0.42 0.04
  256 K    -1   0  -1   0  -3   1   3  -2  -1  -2   0   2  -1  -2  -1   1   0  -3  -2  -2    0   0   0   0   0   0  38   0   0   0  15  28   0   0   0  19   0   0   0   0  0.29 0.04
  257 S     0  -2   2  -1   6  -1  -1  -1  -1  -2  -2  -1  -2  -3  -2   2   2  -3  -2  -2    0   0  19   0  33   0   0   0   0   0   0   0   0   0   0  32  15   0   0   0  0.48 0.06
  258 H    -1  -1   2   2  -2  -1   0  -1   3  -2  -2  -1  -2   2  -2   2   0  -2   0  -2    0   0  18  20   0   0   0   0  14   0   0   0   0  21   0  27   0   0   0   0  0.26 0.03
  259 V     0  -2  -1  -2  -2  -2  -2   4  -2  -1  -2  -2  -2  -3   4   0   1  -3  -3   0    0   0   0   0   0   0   0  46   0   0   0   0   0   0  21   0  18   0   0  14  0.51 0.03
  260 G     0  -1   0  -1  -2   2   0   1  -1   1  -1   0  -1  -2  -2   2   2  -3  -2   0    0   0   0   0   0  21   0  14   0  18   0   0   0   0   0  27  20   0   0   0  0.18 0.03
  261 E    -1  -1   0   4  -4   3   3  -2  -1  -3  -3   0  -2  -4  -2   0  -1  -3  -3  -3    0   0   0  46   0  21  32   0   0   0   0   0   0   0   0   0   0   0   0   0  0.66 0.04
  262 E    -1   1   0   3  -4   3   3  -2   0  -3  -3   2  -2  -4  -1   0  -1  -3  -2  -3    0   0   0  21   0  20  32   0   0   0   0  27   0   0   0   0   0   0   0   0  0.50 0.03
  263 Q    -1   1   0   0  -3   6   3  -2   0  -3  -3   1  -1  -4  -2   0  -1  -2  -2  -3    0   0   0   0   0  79  21   0   0   0   0   0   0   0   0   0   0   0   0   0  0.75 0.07
  264 K     1   2  -1  -1  -3   1   0  -1  -1  -3  -3   5  -2  -3  -1   0  -1  -3  -2  -2   20   0   0   0   0   0   0   0   0   0   0  80   0   0   0   0   0   0   0   0  0.48 0.05
  265 A     2  -1   2   0  -2   0   1  -1  -1  -1   1  -1   0  -2  -2   0  -1  -3  -2  -1   41   0  20   0   0   0  18   0   0   0  21   0   0   0   0   0   0   0   0   0  0.16 0.03
  266 L    -2  -1   2   0  -2   0   2  -3  -1   0   3  -1   1  -1  -2  -1  -1  -2  -2   0    0   0  20   0   0   0  27   0   0   0  54   0   0   0   0   0   0   0   0   0  0.21 0.03
  267 L    -1  -3  -3  -3  -2  -2  -3  -3  -3   1   2  -2   1   3   3  -2  -1  -1   0   2    0   0   0   0   0   0   0   0   0   0  34   0   0  21  18   0   0   0   0  27  0.33 0.03
  268 T     1  -2  -1  -2  -1  -1  -2  -2  -1   0  -1  -1   0   0  -2   0   3  -1   3   2   18   0   0   0   0   0   0   0   0   0   0   0   0   0   0   0  36   0  20  27  0.21 0.03
  269 A     1  -1  -1   0  -2   1   3  -2  -1  -3  -3   0  -2  -2  -2   1   0   6  -1  -2   14   0   0   0   0   0  46   0   0   0   0   0   0   0   0  21   0  18   0   0  0.49 0.04
  270 V    -1  -3  -3  -4  -2  -3  -3  -4  -3   2   3  -3   1   3  -3  -2  -1  -1   1   2    0   0   0   0   0   0   0   0   0   0  41   0   0  27   0   0   0   0   0  32  0.34 0.03
  271 L    -2  -3  -4  -4  -2  -3  -3  -4  -2   1   3  -3   1   4  -3  -3  -2  -1   1   0    0   0   0   0   0   0   0   0   0   0  64   0   0  36   0   0   0   0   0   0  0.48 0.04
  272 C    -1  -1  -1  -2   7   2  -1  -2  -2  -1  -1  -1   2  -2  -2   0   2  -2  -2  -1    0   0   0   0  44  21   0   0   0   0   0   0  15   0   0   0  20   0   0   0  0.50 0.05
  273 Q    -1  -1   0   2   5   2   0  -2   5  -3  -3  -1  -2  -3   3  -1  -1  -3  -1  -3    0   0   0  21  20  14   0   0  30   0   0   0   0   0  15   0   0   0   0   0  0.46 0.04
  274 P     1  -2  -1  -2  -2  -1  -1  -1  -2  -3  -3  -1  -2  -3   6   1   0  -4  -3  -2   18   0   0   0   0   0   0   0   0   0   0   0   0   0  62  20   0   0   0   0  1.17 0.05
  275 E     1   1   0   0  -2   0   2   2  -1  -3  -3   0  -2  -3  -1   1   0  -3  -2  -2   21  15   0   0   0   0  26  18   0   0   0   0   0   0   0  20   0   0   0   0  0.28 0.02
  276 F     1  -2  -1  -2  -2  -2  -2   2  -1  -2  -1  -2  -1   4  -2   2   0  -1   1  -2   12   0   0   0   0   0   0  20   0   0   0   0   0  36   0  33   0   0   0   0  0.26 0.03
  277 V     1  -3  -2  -3   4  -2  -3   1  -3   3   0  -2   0  -1  -3  -1  -1  -3  -2   2   12   0   0   0  18   0   0  15   0  41   0   0   0   0   0   0   0   0   0  14  0.23 0.03
  278 A     1  -1   2  -1  -1  -1  -1  -1  -1  -2  -2  -1  -1  -3  -1   3   3  -3  -2  -1   14   0  15   0   0   0   0   0   0   0   0   0   0   0   0  39  32   0   0   0  0.35 0.03
  279 A     4  -2  -1  -2  -1  -1  -1   0  -2  -2  -2  -1  -1  -3  -1   2   0  -3  -2  -1   85   0   0   0   0   0   0   0   0   0   0   0   0   0   0  15   0   0   0   0  0.46 0.05
  280 I    -2  -2  -3  -3  -2  -2  -3  -4   3   3   3  -2   1   0  -3  -2  -1  -2  -1   1    0   0   0   0   0   0   0   0  15  44  41   0   0   0   0   0   0   0   0   0  0.31 0.03
  281 C    -1  -2  -2  -3   7  -2  -3  -3  -1  -1  -1  -2   2   0  -3  -1   2  -1   3  -1    0   0   0   0  46   0   0   0   0   0   0   0  15   0   0   0  21   0  18   0  0.54 0.05
  282 S     0  -1   0  -1  -1  -1  -1  -1  -1  -1   0  -1  -1  -2  -1   4   2  -3  -2  -1    0   0   0   0   0   0   0   0   0   0  15   0   0   0   0  66  20   0   0   0  0.33 0.04
  283 S     3  -2  -1  -1  -1  -1  -1   2  -2  -2  -2  -1  -2  -3  -1   2   0  -3  -2  -1   53   0   0   0   0   0   0  15   0   0   0   0   0   0   0  32   0   0   0   0  0.38 0.03
  284 F    -3  -3  -3  -4  -3  -4  -4  -4  -2   0   0  -4   0   7  -4  -3  -3   1   3  -1    0   0   0   0   0   0   0   0   0   0   0   0   0 100   0   0   0   0   0   0  0.98 0.07
  285 Y    -2  -3  -3  -4   4  -2  -3  -3  -1  -1   1  -3   0   3  -3  -2  -2   7   4  -1    0   0   0   0  18   0   0   0   0   0  15   0   0  20   0   0   0  21  26   0  0.67 0.04
  286 Q    -1   0  -1  -1  -3   5   1  -2   0  -2   0   0   0  -2  -2   1  -1  -2  -2  -2    0   0   0   0   0  67   0   0   0   0  18   0   0   0   0  15   0   0   0   0  0.42 0.05
  287 S     0  -2  -1  -2  -1  -1  -1  -2  -2   1   2  -1   1  -1  -2   2   0  -3  -2   0    0   0   0   0   0   0   0   0   0  15  38   0   0   0   0  48   0   0   0   0  0.19 0.03
  288 F    -2  -3  -3  -4  -2  -3  -3  -4  -1   0   2  -3   0   5  -4  -3  -2   1   4  -1    0   0   0   0   0   0   0   0   0   0  21   0   0  59   0   0   0   0  20   0  0.62 0.04
  289 T    -1  -1   2  -1  -2   0  -1  -2   4  -2  -2  -1  -2  -2   4   0   3  -3  -1  -2    0   0  18   0   0   0   0   0  24   0   0   0   0   0  22   0  37   0   0   0  0.47 0.03
  290 V    -1  -3  -3  -3  -1  -3  -3  -4  -3   3   2  -3   1   0  -3  -2  -1  -3  -1   3    0   0   0   0   0   0   0   0   0  24  22   0   0   0   0   0   0   0   0  54  0.36 0.03
  291 P    -1  -2  -2  -2  -3  -1  -1  -2  -2  -2  -3  -1  -2  -4   7   0   2  -4  -3  -2    0   0   0   0   0   0   0   0   0   0   0   0   0   0  76   0  24   0   0   0  1.49 0.05
  292 A     2  -2  -1  -2  -1  -1  -1  -1  -2   1  -1  -1   0  -2  -2   2   0  -3  -2   2   34   0   0   0   0   0   0   0   0   0   0   0   0   0   0  24   0   0   0  41  0.20 0.02
  293 F     0  -2  -1  -2  -1  -1  -2  -2  -2   0   2  -1   0   2  -2   2   0  -2   0   0    0   0   0   0   0   0   0   0   0   0  39   0   0  17   0  44   0   0   0   0  0.18 0.03
  294 L     0  -2  -1  -2  -1  -1  -2  -2  -2   1   2  -2   1  -1  -2   1   2  -2  -1   1    0   0   0   0   0   0   0   0   0   0  37   0   0   0   0  24  18   0   0  22  0.17 0.02
  295 L    -1  -3  -3  -4  -2  -3  -3  -4  -3   2   3  -3   1   3  -3  -2  -1  -1   0   2    0   0   0   0   0   0   0   0   0   0  56   0   0  20   0   0   0   0   0  24  0.35 0.02
  296 M    -1  -1   2   0  -2   0   2  -2  -1   1   0  -1   2  -2  -2   0   1  -3  -2   0    0   0  22   0   0   0  24   0   0  20   0   0  17   0   0   0  18   0   0   0  0.15 0.02
  297 H    -2   0   0  -1  -3   4   1  -2   7  -3  -3   0  -1  -2  -2  -1  -2  -3   1  -3    0   0   0   0   0  41   0   0  59   0   0   0   0   0   0   0   0   0   0   0  0.74 0.06
  298 E    -1  -1  -1   0  -3   0   4  -3  -1   1  -1   0  -1   2  -2  -1  -1  -2   0   0    0   0   0   0   0   0  56   0   0  24   0   0   0  20   0   0   0   0   0   0  0.29 0.03
  299 R    -2   4  -1  -2  -3   3   0  -3   0  -3  -2   1  -1   0  -2  -1  -1  -1   3  -2    0  54   0   0   0  22   0   0   0   0   0   0   0   0   0   0   0   0  24   0  0.50 0.04
  300 I     2  -3  -3  -3  -1  -2  -2  -2  -3   3   1  -2   0  -1  -2  -1   0  -3  -2   3   29   0   0   0   0   0   0   0   0  46   0   0   0   0   0   0   0   0   0  25  0.23 0.02
  301 F    -1   0   3   0  -2   3   0  -1   0  -2  -2   0  -1   3  -2   1   0  -1   0  -2    0   0  25   0   0  29   0   0   0   0   0   0   0  24   0  22   0   0   0   0  0.25 0.02
  302 L    -1   0  -2  -2  -2   0  -1  -3  -2   2   1   3   0  -1  -2  -1  -1  -3  -2   1    0   0   0   0   0   0   0   0   0  29  24  47   0   0   0   0   0   0   0   0  0.17 0.02
  303 A     4  -2  -2  -2  -1  -1  -1  -1  -2  -1   0  -1   3  -2  -1   0   0  -2  -2   0   71   0   0   0   0   0   0   0   0   0   0   0  29   0   0   0   0   0   0   0  0.29 0.03
  304 R     0   2   0  -1  -2   0  -1  -1  -1  -1   1   0   0  -2  -2   3   0  -3  -2  -1    0  24   0   0   0   0   0   0   0   0  25   0   0   0   0  51   0   0   0   0  0.20 0.02
  305 Q    -1   0  -1   0  -3   3   4  -2   0  -2  -1   0   3  -2  -2  -1  -1  -2  -2  -1    0   0   0   0   0  24  51   0   0   0   0   0  25   0   0   0   0   0   0   0  0.41 0.02
  306 H    -2  -1   3  -1  -3   0  -1  -2   6  -3  -3  -1  -2   0  -2  -1  -1  -1   4  -3    0   0  29   0   0   0   0   0  49   0   0   0   0   0   0   0   0   0  22   0  0.58 0.03
  307 F    -1  -2   2  -1  -2  -1  -2  -2  -1   2   0  -1   0   3  -2   1   0  -2   0   0    0   0  22   0   0   0   0   0   0  29   0   0   0  24   0  25   0   0   0   0  0.13 0.01
  308 S     3  -1  -1   0  -1   0   2  -1  -1  -2  -2   0  -1  -3  -1   2   0  -3  -2  -1   47   0   0   0   0   0  29   0   0   0   0   0   0   0   0  24   0   0   0   0  0.32 0.02
  309 E    -1   0   3   1  -4   1   5  -2   0  -3  -3   0  -2  -3  -2   0  -1  -3  -2  -3    0   0  29   0   0   0  71   0   0   0   0   0   0   0   0   0   0   0   0   0  0.62 0.03
  310 K    -1   4   0  -1  -3   1   0  -2   4  -3  -3   3  -2  -3  -2  -1  -1  -3  -1  -3    0  51   0   0   0   0   0   0  25   0   0  24   0   0   0   0   0   0   0   0  0.54 0.02
  311 S     0  -2   0  -1  -1  -1  -1   2  -2  -1   1  -1   0  -2  -2   2   0  -3  -2  -1    0   0   0   0   0   0   0  25   0   0  29   0   0   0   0  46   0   0   0   0  0.22 0.02
  312 L    -1  -2   3  -1  -2  -1  -2  -2  -1   1   3  -2   3   0  -3  -1  -1  -2  -1   0    0   0  29   0   0   0   0   0   0   0  46   0  25   0   0   0   0   0   0   0  0.23 0.02
  313 V    -1  -2   3   2  -2  -1  -1  -2  -1   0  -1  -2  -1   3  -3  -1  -1  -2   0   1    0   0  25  22   0   0   0   0   0   0   0   0   0  29   0   0   0   0   0  24  0.20 0.02
  314 L    -1  -2  -2  -3  -1  -1  -2  -3  -2   1   3  -2   4   0  -2  -1   2  -2  -1   1    0   0   0   0   0   0   0   0   0   0  49   0  29   0   0   0  22   0   0   0  0.28 0.02
  315 P    -1  -2  -2  -2  -3  -2  -1  -2  -2  -3  -3  -1  -3  -4   8  -1  -1  -4  -3  -3    0   0   0   0   0   0   0   0   0   0   0   0   0   0 100   0   0   0   0   0  2.12 0.04
  316 N    -2  -1   6   1  -3   0   0  -1   0  -4  -4   0  -2  -3  -2   0   0  -4  -2  -3    0   0 100   0   0   0   0   0   0   0   0   0   0   0   0   0   0   0   0   0  0.84 0.04
  317 A     3  -1   3   0  -1   0  -1   0  -1  -2  -2  -1  -2  -3  -1   2   0  -3  -2  -1   46   0  29   0   0   0   0   0   0   0   0   0   0   0   0  25   0   0   0   0  0.33 0.02
  318 H    -1  -3  -2  -3   8  -2  -3  -3   4  -2  -2  -3  -2  -2  -3  -1  -1  -3  -1  -1    0   0   0   0  76   0   0   0  24   0   0   0   0   0   0   0   0   0   0   0  1.01 0.04
  319 F    -2  -3  -3  -3  -2  -3  -3  -4  -3   4   1  -3   1   3  -3  -3  -1  -1   0   2    0   0   0   0   0   0   0   0   0  76   0   0   0  24   0   0   0   0   0   0  0.38 0.03
  320 S     0   0   3   0  -2   0   0  -1  -1  -3  -3   2  -2  -3  -1   3   1  -3  -2  -2    0   0  22   0   0   0   0   0   0   0   0  29   0   0   0  49   0   0   0   0  0.35 0.02
  321 I    -1  -3  -3  -3  -1  -3  -3  -4  -3   4   1  -3   1   0  -3  -2  -1  -3  -1   3    0   0   0   0   0   0   0   0   0  75   0   0   0   0   0   0   0   0   0  25  0.42 0.02
  322 N    -1  -1   6   1  -2   0   0  -1   0  -3  -3   0  -2  -3  -2   2   0  -4  -2  -3    0   0  78   0   0   0   0   0   0   0   0   0   0   0   0  22   0   0   0   0  0.64 0.03
  323 I    -2  -3  -4  -3  -1  -3  -3  -4  -4   5   1  -3   1   0  -3  -3  -1  -3  -2   3    0   0   0   0   0   0   0   0   0 100   0   0   0   0   0   0   0   0   0   0  0.48 0.03
  324 S     1  -1   0   0  -1   0   0   0  -1  -3  -3   0  -2  -3  -1   4   1  -3  -2  -2    0   0   0   0   0   0   0   0   0   0   0   0   0   0   0 100   0   0   0   0  0.53 0.04
  325 N     2  -1   3   0  -2   2   0  -1  -1  -2  -2   0  -1  -3  -1   1   2  -3  -2  -1   29   0  24   0   0  22   0   0   0   0   0   0   0   0   0   0  25   0   0   0  0.27 0.02
  326 S     1  -1   0  -1  -1   0   0  -1  -1  -2  -2   0  -1  -3  -1   4   3  -3  -2  -1    0   0   0   0   0   0   0   0   0   0   0   0   0   0   0  75  25   0   0   0  0.44 0.03
  327 S     1  -1   0  -1  -1  -1  -1   3  -1  -3  -3  -1  -2  -3  -1   4   1  -3  -2  -2    0   0   0   0   0   0   0  29   0   0   0   0   0   0   0  71   0   0   0   0  0.47 0.03
  328 N    -1  -2   3   4  -3  -1   0   3  -1  -4  -4  -1  -3  -3  -2   0  -1  -4  -3  -3    0   0  24  47   0   0   0  29   0   0   0   0   0   0   0   0   0   0   0   0  0.59 0.02
  329 G     0   3  -1  -2  -3  -1  -2   5  -2  -4  -3   0  -2  -3  -2  -1  -2  -3  -3  -3    0  29   0   0   0   0   0  71   0   0   0   0   0   0   0   0   0   0   0   0  0.72 0.02
  330 G     2  -1   3   0  -1  -1  -1   3  -1  -3  -3  -1  -2  -3  -1   2   0  -3  -2  -2   29   0  22   0   0   0   0  24   0   0   0   0   0   0   0  25   0   0   0   0  0.34 0.01
  331 L    -2  -2  -3  -4  -2  -2  -3  -4  -1   2   2  -3   1   4  -3  -2  -2   0   4   1    0   0   0   0   0   0   0   0   0  22  24   0   0  25   0   0   0   0  29   0  0.38 0.02
  332 Y    -2  -1  -2  -1  -3   0   2  -3   0  -1   1  -1   0   1  -2  -1  -1   1   5  -1    0   0   0   0   0   0  29   0   0   0  25   0   0   0   0   0   0   0  46   0  0.34 0.02
  333 V     0  -3  -3  -3  -1  -2  -3  -3  -3   3   1  -3   1  -1  -3  -2   0  -3  -1   4    0   0   0   0   0   0   0   0   0   0   0   0   0   0   0   0   0   0   0 100  0.42 0.03
  334 F     0  -1   0  -1  -1  -1  -1  -2  -1  -1  -1  -1  -1   3  -2   2   3  -1   0  -1    0   0   0   0   0   0   0   0   0   0   0   0   0  24   0  29  47   0   0   0  0.28 0.02
  335 N     0  -1   4   0  -2   0   0   0   0  -3  -3   0  -2  -3  -2   3   1  -3  -2  -2    0   0  49   0   0   0   0   0   0   0   0   0   0   0   0  51   0   0   0   0  0.49 0.03
  336 N    -1  -1   4   0  -2   0   0  -1   4  -3  -3   0  -2  -3  -2   2   0  -3  -1  -3    0   0  49   0   0   0   0   0  22   0   0   0   0   0   0  29   0   0   0   0  0.47 0.02
  337 V     0  -1  -1  -1  -1  -1  -1  -1  -1   1   0  -1   0  -1  -1   1   3  -2  -1   2    2   1   1   2   1   1   2   2   1   1   3   2   1   1   2   2  49   0   1  26  0.17 0.01
  338 G     0  -2   0  -1  -2  -1  -1   5  -1  -2  -2  -1  -2  -2  -1   0  -1  -2  -2  -2    2   1   1   2   1   1   2  73   1   1   3   2   1   1   2   2   2   0   1   2  0.62 0.01
  339 T     0  -1  -1  -2  -1  -1  -1  -2  -2   1   2  -1   1  -1  -1   0   2  -1  -1   2    2   1   1   2   1   1   2   2   1   1  28   2   1   1   2   2  26   0   1  24  0.10 0.01
  340 F    -1  -2  -2  -2  -2  -1  -1  -2  -1   0   1  -1   0   3   4  -1  -1  -1   0  -1    2   1   1   2   1   1   2   2   1   1  25   2   1  25  27   2   2   0   1   2  0.32 0.01
  341 I    -1  -3  -2  -3  -1  -2  -3  -3  -3   4   1  -2   1  -1  -2  -1   2  -3  -2   2    0   0   0   0   0   0   0   0   0  75   0   0   0   0   0   0  25   0   0   0  0.31 0.03
  342 M    -1  -2  -3  -4  -2  -1  -2  -3  -2   1   3  -2   6   0  -3  -2  -1  -2  -1   1    0   0   0   0   0   0   0   0   0   0  29   0  71   0   0   0   0   0   0   0  0.43 0.04
  343 A     3  -2  -1  -1  -1  -1  -1  -1  -2  -2  -2  -1  -2  -3   4   2   0  -3  -2  -1   46   0   0   0   0   0   0   0   0   0   0   0   0   0  29  25   0   0   0   0  0.56 0.02
  344 P     0  -2  -1  -1  -2  -1  -1  -2  -2  -3  -3  -1  -2  -3   7   2   0  -4  -3  -2    0   0   0   0   0   0   0   0   0   0   0   0   0   0  71  29   0   0   0   0  1.37 0.03
  345 G    -1  -1   3   0  -3   0   2   2   5  -4  -3   0  -2  -3  -2   0  -1  -3  -1  -3    0   0  25   0   0   0  22  24  29   0   0   0   0   0   0   0   0   0   0   0  0.42 0.02
  346 E    -1  -1   0   3  -2   0   2  -2  -1   1   0   0   0  -1  -1  -1  -1  -2  -1   0    2   1   1  24   0   1  25   2   1  30   2   1   1   1   1   2   1   0   1   2  0.15 0.01
  347 R    -1   4   0  -1  -3   0   0  -2   4  -2  -2   1  -1  -2  -2   0   2  -3  -1  -2    0  46   0   0   0   0   0   0  25   0   0   0   0   0   0   0  29   0   0   0  0.41 0.02
  348 G    -1  -3  -2  -2   6  -2  -2   2  -3  -3  -3  -2  -2  -3   6  -1  -1  -3  -3  -2    0   0   0   0  29   0   0  24   0   0   0   0   0   0  47   0   0   0   0   0  0.97 0.03
  349 D    -2  -1   6   3  -3   0   0  -1   0  -3  -4   0  -3  -3  -2   0   0  -4  -3  -3    0   0  76  24   0   0   0   0   0   0   0   0   0   0   0   0   0   0   0   0  0.72 0.03
  350 V     0   0  -1  -1  -2   0   2   3  -1  -1  -2   2  -1  -3  -2  -1  -1  -3  -2   1    0   0   0   0   0   0  22  29   0   0   0  25   0   0   0   0   0   0   0  24  0.20 0.01
  351 V    -1  -2  -3  -3  -1  -2  -3  -3  -3   2   2  -2   3   0  -3  -2  -1  -2  -1   3    0   0   0   0   0   0   0   0   0   0  25   0  22   0   0   0   0   0   0  53  0.31 0.02
  352 G     0  -3  -1  -2  -3  -2  -2   6  -2  -4  -4  -2  -3  -3  -2   0  -2  -3  -3  -3    0   0   0   0   0   0   0 100   0   0   0   0   0   0   0   0   0   0   0   0  1.12 0.03
  353 V    -1  -2  -3  -3  -1  -2  -3  -4  -3   3   2  -2   3   0  -3  -2  -1  -2  -1   2    0   0   0   0   0   0   0   0   0  29  25   0  22   0   0   0   0   0   0  24  0.31 0.01
  354 F    -2  -2   3  -1  -2  -2  -2  -2  -1   0   2  -2   1   3  -3  -1  -1  -1   0   0    0   0  29   0   0   0   0   0   0   0  47   0   0  24   0   0   0   0   0   0  0.23 0.02
  355 T    -1   0  -1  -1  -2   0  -1  -2  -2   1  -1   2   0  -2  -2   0   3  -3  -2   0    0   0   0   0   0   0   0   0   0  25   0  29   0   0   0   0  46   0   0   0  0.20 0.02
  356 M    -1  -2   2  -2   5  -1  -2  -2  -2   2   0  -2   3  -1  -3  -1  -1  -3  -2   1    0   0  22   0  25   0   0   0   0  29   0   0  24   0   0   0   0   0   0   0  0.25 0.02
  357 R    -1   5  -1   0  -4   1   3  -2   0  -3  -3   2  -2  -3  -2  -1  -1  -3  -2  -3    0  71   0   0   0   0  29   0   0   0   0   0   0   0   0   0   0   0   0   0  0.64 0.03
  358 T     0  -1   0  -1  -1  -1  -1  -2  -2  -1  -1  -1  -1  -2  -1   1   5  -3  -2   0    0   0   0   0   0   0   0   0   0   0   0   0   0   0   0   0 100   0   0   0  0.57 0.04
  359 S     1  -1   0   0  -2   0   2  -1  -1  -3  -3   0  -2  -3  -1   4   1  -3  -2  -2    0   0   0   0   0   0  25   0   0   0   0   0   0   0   0  75   0   0   0   0  0.44 0.03
  360 Y    -2  -2  -2  -3  -3  -2  -2  -3   2  -2  -1  -2  -1   3  -3  -2  -2   2   7  -1    0   0   0   0   0   0   0   0   0   0   0   0   0   0   0   0   0   0 100   0  1.02 0.05
  361 E    -1  -1  -1   0  -2   0   3  -2  -1  -1   1   0   0  -2  -2   0   2  -3  -2  -1    0   0   0   0   0   0  46   0   0   0  29   0   0   0   0   0  25   0   0   0  0.25 0.02
  362 I    -1  -3  -3  -3  -1  -3  -3  -4  -3   4   1  -3   1  -1  -3  -2   0  -3  -1   4    0   0   0   0   0   0   0   0   0  49   0   0   0   0   0   0   0   0   0  51  0.39 0.02
  363 P    -1  -2  -1  -2  -3  -1  -1  -2   5  -3  -3  -1  -2  -3   7  -1  -1  -4  -1  -3    0   0   0   0   0   0   0   0  29   0   0   0   0   0  71   0   0   0   0   0  1.43 0.04
  364 L     1  -1   3  -1  -2   2   0  -1  -1  -1   1   0   0  -2  -2   0  -1  -3  -2  -1   29   0  25   0   0  22   0   0   0   0  24   0   0   0   0   0   0   0   0   0  0.15 0.01
  365 G     0  -2   3  -1  -3  -1  -2   5  -1  -4  -4  -1  -3  -3  -2   0  -1  -3  -3  -3    0   0  25   0   0   0   0  75   0   0   0   0   0   0   0   0   0   0   0   0  0.81 0.02
  366 T     0  -2  -1  -2  -1  -1  -2  -2  -2   1   0  -1   3  -1  -2   0   3  -2  -2   2    0   0   0   0   0   0   0   0   0   0   0   0  25   0   0   0  53   0   0  22  0.26 0.02
  367 R    -1   3  -2  -2  -2   0  -1  -3  -2   0   3   2   1  -1  -2  -2  -1  -2  -1   0    0  24   0   0   0   0   0   0   0   0  54  22   0   0   0   0   0   0   0   0  0.23 0.02
  368 C    -1  -3  -3  -3   8  -3  -3  -3  -3  -2  -2  -3  -2  -3   4  -1  -1  -3  -3  -1    0   0   0   0  71   0   0   0   0   0   0   0   0   0  29   0   0   0   0   0  1.15 0.04
  369 E     0  -1   0   3  -2   0   2  -1  -1  -2  -3   0  -2  -3  -1   2   2  -3  -2  -2    0   0   0  25   0   0  24   0   0   0   0   0   0   0   0  29  22   0   0   0  0.38 0.01
  370 I    -1  -2  -2  -2  -1  -2  -2  -2  -3   4   1  -2   0  -1  -2   1   0  -3  -2   2    0   0   0   0   0   0   0   0   0  71   0   0   0   0   0  29   0   0   0   0  0.23 0.02
  371 P     0  -1   0   3  -3   0   3  -2  -1  -3  -3   0  -2  -3   4   2   0  -3  -3  -3    0   0   0  22   0   0  29   0   0   0   0   0   0   0  24  25   0   0   0   0  0.56 0.02
  372 E     0  -1   0   0  -3   1   3   3  -1  -3  -3   0  -2  -3  -1   2   0  -3  -2  -3    0   0   0   0   0   0  46  29   0   0   0   0   0   0   0  25   0   0   0   0  0.43 0.02
  373 L    -1  -2  -3  -4  -2  -1  -3  -3  -2   1   3  -2   5   0  -3  -2  -1  -2  -1   1    0   0   0   0   0   0   0   0   0   0  53   0  47   0   0   0   0   0   0   0  0.41 0.03
  374 V    -1   3  -1  -2  -2   3   0  -3  -1   1  -1   0   0  -2  -2  -1  -1  -3  -2   2    0  29   0   0   0  25   0   0   0   0   0   0   0   0   0   0   0   0   0  46  0.22 0.02
  375 R     2   2   3   0  -2   0   0  -1   0  -3  -2   0  -2  -3  -2   2   0  -3  -2  -2   25  24  29   0   0   0   0   0   0   0   0   0   0   0   0  22   0   0   0   0  0.30 0.01
  376 V     3  -2  -2  -3   5  -2  -2  -1  -2   0  -1  -2  -1  -2  -2   0   0  -3  -2   1   51   0   0   0  25   0   0   0   0   0   0   0   0   0   0   0   0   0   0  24  0.33 0.02
  377 I    -2  -3  -4  -3  -1  -3  -3  -4  -3   4   2  -3   1   0  -3  -3  -1  -3  -1   2    0   0   0   0   0   0   0   0   0  78  22   0   0   0   0   0   0   0   0   0  0.41 0.02
  378 K    -1   0   0  -1  -3   3   0  -2   4  -3  -3   2  -2  -3   4  -1  -1  -3  -1  -3    0   0   0   0   0  22   0   0  25   0   0  24   0   0  29   0   0   0   0   0  0.60 0.02
  379 P    -1  -2  -2  -2  -3  -2  -1  -2  -2  -3  -3  -1  -3  -4   8  -1  -1  -4  -3  -3    0   0   0   0   0   0   0   0   0   0   0   0   0   0 100   0   0   0   0   0  2.12 0.04
  380 I    -1   2  -1   0  -3   1   4  -3  -1   1  -1   1  -1  -2  -2  -1  -1  -3  -2   0    0  22   0   0   0   0  54   0   0  24   0   0   0   0   0   0   0   0   0   0  0.32 0.02
  381 Y    -2  -2  -2  -3  -3  -2  -2  -3   2  -1  -1  -2  -1   3  -3  -2  -2   2   7  -1    0   0   0   0   0   0   0   0   0   0   0   0   0   0   0   0   0   0 100   0  0.93 0.02
  382 S     2  -1   0  -1  -1   0   0   0  -1  -2  -2   0  -1  -2  -1   4   1  -3  -2  -1   32   0   0   0   0   0   0   0   0   0   0   0   0   0   0  68   0   0   0   0  0.38 0.01
  383 A     3  -2  -1  -2  -1  -1  -1   3  -2  -2  -2  -1  -2  -3  -1   1  -1  -3  -2  -1   65   0   0   0   0   0   0  35   0   0   0   0   0   0   0   0   0   0   0   0  0.45 0.01
  384 S     1  -1   1   0  -1   0   0   0  -1  -3  -3   0  -2  -3  -1   4   1  -3  -2  -2    0   0   0   0   0   0   0   0   0   0   0   0   0   0   0 100   0   0   0   0  0.48 0.02
  385 E    -1  -1   0   1  -2   1   4  -2  -1  -2  -2   0  -2  -3  -1   0   2  -3  -2  -1    0   0   0   0   0   0  65   0   0   0   0   0   0   0   0   0  35   0   0   0  0.47 0.01
  386 A     2  -2  -1  -2  -1  -1  -2  -1  -2   2   0  -1   0  -1  -2   0   2  -3  -2   1   33   0   0   0   0   0   0   0   0  35   0   0   0   0   0   0  32   0   0   0  0.18 0.01
  387 Y    -2  -2  -3  -3  -3  -2  -3  -3   1  -1  -1  -2  -1   5  -3  -2  -2   2   6  -1    0   0   0   0   0   0   0   0   0   0   0   0   0  35   0   0   0   0  65   0  0.76 0.01
  388 S     0  -1  -1  -1  -1  -1  -1  -2  -2   0   1  -1   0  -1  -2   2   3  -2  -2   0    0   0   0   0   0   0   0   0   0   0  32   0   0   0   0  33  35   0   0   0  0.21 0.01
  389 R    -1   4   0  -1  -3   4   1  -2   0  -3  -2   2  -1  -3  -2   0  -1  -2  -2  -2    0  50   0   0   0  50   0   0   0   0   0   0   0   0   0   0   0   0   0   0  0.57 0.00
  390 N    -2   0   6   1  -3   0   0   0   1  -3  -4   0  -2  -3  -2   1   0  -4  -2  -3    0   0 100   0   0   0   0   0   0   0   0   0   0   0   0   0   0   0   0   0  0.73 0.00

                      K         Lambda
Standard Ungapped    0.1331     0.3171
Standard Gapped      0.0390     0.2670
PSI Ungapped         0.1275     0.3175
PSI Gapped           0.0390     0.2670
