
Last position-specific scoring matrix computed, weighted observed percentages rounded down, information per position, and relative weight of gapless real matches to pseudocounts
            A   R   N   D   C   Q   E   G   H   I   L   K   M   F   P   S   T   W   Y   V   A   R   N   D   C   Q   E   G   H   I   L   K   M   F   P   S   T   W   Y   V
    1 G    -3  -5  -3  -4  -6  -5  -5   7  -5  -7  -7  -5  -6  -6  -5  -3  -5  -6  -6  -6    0   0   0   0   0   0   0 100   0   0   0   0   0   0   0   0   0   0   0   0  2.36 0.66
    2 T    -1   1   0   5  -5  -1  -1  -2  -4  -4  -4  -2  -2  -4  -4   2   2  -6  -2   0    4   9   3  40   0   2   2   2   0   1   0   1   1   1   0  15  13   0   1   6  0.68 0.41
    3 D    -1  -1   4   6  -6  -4  -3  -3   2  -6  -7  -3  -6  -7  -4   3  -1  -7  -5  -6    4   3  16  43   0   0   0   1   4   0   0   0   0   0   0  24   4   0   0   0  1.19 0.62
    4 Y     0  -2  -1   0  -4   2   0  -1   1  -1  -2  -2  -1  -1  -1   1   3  -2   2   0    9   1   3   5   0  12   4   5   3   4   2   1   2   2   3  11  19   1   7   8  0.19 0.22
    5 S    -2  -1   5   3  -3  -1  -1  -1   1  -4  -3  -2  -5  -3  -3   3   1  -6  -4  -4    2   2  28  18   0   3   3   5   3   1   2   2   0   1   1  20   9   0   0   0  0.65 0.42
    6 V     2  -4  -1  -4  -3   1  -3   1  -4  -2  -3  -3  -2  -5  -4   5   0  -4  -2  -1   17   0   2   0   0   7   1  10   0   2   3   0   1   0   0  43   6   0   1   4  0.70 0.49
    7 G    -1  -4  -3  -5  -4  -4  -5   1  -4   0   4  -4   0   0  -4  -4   0   4  -2   3    5   0   1   0   0   0   0  12   0   3  40   0   2   4   0   0   6   6   1  19  0.58 0.37
    8 Q    -1   3  -4  -4  -4   3  -2  -4  -2   0   1  -2  -1  -3  -4  -1   4  -5  -1   0    4  20   0   0   0  13   1   0   1   6  15   1   1   1   0   5  24   0   2   5  0.48 0.38
    9 V     2  -5  -5  -4  -6  -6  -6   6  -4  -5  -2  -5  -6  -7  -6  -2  -1  -2  -6  -1   18   0   0   1   0   0   0  65   0   0   4   0   0   0   0   2   5   1   0   4  1.49 0.71
   10 R    -6   8  -6  -5  -9  -3  -2  -3  -6  -8  -8  -1  -7  -8  -8  -6  -5  -8  -7  -6    0  89   0   0   0   1   3   3   0   0   0   3   0   0   0   0   1   0   0   0  2.71 1.13
   11 G     2  -5  -6  -6  -4  -5  -5  -2  -6   3   4  -5   0   0  -6  -4  -2  -3  -4   3   15   0   0   0   0   0   0   4   0  16  36   0   2   3   0   1   2   0   0  21  0.77 0.45
   12 G    -3  -4  -6  -5  -8  -5  -7   8  -7  -9  -7  -7  -8  -8  -7  -3  -5  -8  -8  -8    1   1   0   0   0   0   0  94   0   0   0   0   0   0   0   2   0   0   0   0  2.68 1.09
   13 L     3  -5  -5  -5  -3  -5  -5  -1  -5   0   2  -5   1   3  -5  -2  -2  -5  -3   4   24   0   0   0   0   0   0   5   0   3  23   0   3  12   0   2   2   0   1  25  0.65 0.43
   14 R    -3   8  -1  -5  -8  -2  -3  -3  -2  -7  -3   0  -2  -6  -7  -4  -2  -7  -6  -3    2  75   3   0   0   1   1   2   1   0   3   4   1   0   0   1   2   0   0   2  1.95 0.91
   15 L     0  -5  -6  -7  -5  -4  -5  -3  -3   2   5  -6   0   2  -6  -5  -3   0  -2   2    7   0   0   0   0   0   0   3   1  10  52   0   2   8   0   0   1   1   1  13  0.89 0.49
   16 F     2  -2  -2  -1  -4   2   0   3  -1  -3  -3  -1  -2   2  -3   1   0  -2   0  -2   15   2   1   3   0   9   6  26   1   1   2   2   1   8   1   8   6   0   4   2  0.32 0.27
   17 S    -1   4  -1  -2  -6  -1  -4   2   3  -4  -4   2  -1  -2  -4  -1  -2   2   4  -4    4  27   3   2   0   2   0  14   6   1   1  14   2   1   0   4   3   3  14   0  0.62 0.42
   18 D    -1  -1   3   4  -5   1   1  -2  -1  -4  -4  -1  -4  -3  -1   0   2  -3  -1  -4    6   3  16  26   0   6   9   3   2   1   1   3   0   1   3   5  13   0   2   1  0.53 0.37
   19 A     0  -1  -1   0  -3   0  -1  -1  -1   0   0  -1   0   1  -2   0   0   6   1  -1    9   3   2   7   0   4   4   5   1   5  11   3   2   5   2   8   7  11   6   5  0.16 0.15
   20 S     1  -2   0   1  -3   0   1   2  -1  -2  -2  -1  -2  -3   1   1   2  -4  -2  -1   12   2   4   9   0   5   8  14   1   2   4   3   1   1   7  10  14   0   1   4  0.19 0.18
   21 E     0   0   3   2  -3   0   2   1   0  -3  -4   1  -3  -3  -2   1   0  -2  -2  -3   10   5  15  13   0   4  12   8   2   1   1   8   0   1   2   9   5   0   1   2  0.27 0.22
   22 K     0  -1   2   0  -4   0   0   4  -1  -4  -3   0  -1  -4   0   0   0  -5  -3  -3    7   3   8   5   0   4   5  35   1   1   3   5   1   1   5   6   7   0   1   1  0.42 0.29
   23 R     0   3   0  -1  -4   1   0   2  -1  -3  -2   1   1  -4   0   1   0  -3  -3  -2    6  20   4   4   0   7   5  17   1   1   3   7   4   0   4   9   6   0   1   2  0.27 0.23
   24 D     0   1   1   0  -3   1  -1  -1   0  -1  -1   0  -1  -2   1   0   2  -3  -2   0   10   7   6   6   0   7   3   5   2   2   6   4   1   2   7   7  16   0   1   8  0.10 0.13
   25 I     0  -3  -1  -4  -3  -3  -4  -3  -3   2   2  -3   0   3  -2  -2  -1   6   0   2    7   1   3   1   0   1   1   2   0  13  18   1   2  11   2   2   3  12   3  15  0.44 0.28
   26 K    -2   1   0  -2  -5   5   0  -4  -1  -4  -3   2  -1  -5  -3   1   4  -5  -4  -3    3   6   4   2   0  27   5   1   1   1   2  10   2   0   1   9  25   0   0   1  0.68 0.45
   27 P     0  -4  -5  -5  -5  -5  -5  -2  -4  -2  -2  -5  -3   1   7  -3  -2  -1   0   0    7   1   0   0   0   0   0   4   0   3   4   0   0   5  59   1   2   1   4   7  1.47 0.68
   28 Y    -6  -7  -6  -7  -8  -6  -6  -6  -2  -7  -6  -7  -6   2  -8  -4  -6   7   9  -5    0   0   0   0   0   0   0   1   1   0   0   0   0   7   0   1   0  15  72   1  2.91 1.15
   29 L     2  -5  -6  -6  -4  -5  -5   0  -6   1   3  -5   1   2  -5  -4  -3  -5  -4   3   16   0   0   0   0   0   0   8   0   8  32   0   3  10   0   1   1   0   0  23  0.67 0.42
   30 T    -3   5  -2  -2  -4   0   0  -2  -1   0  -2   4  -3  -5  -5  -1   2  -6  -5  -2    2  33   1   1   0   3   4   3   2   6   3  23   0   0   0   3  12   0   0   3  0.73 0.46
   31 T     5  -4  -5  -6  -4  -4  -5  -1  -6  -1   2  -5  -1   0  -2  -3  -1  -6  -5   2   46   1   0   0   0   0   0   5   0   3  17   0   1   4   2   1   4   0   0  16  0.77 0.50
   32 D     1  -4   7   3  -7  -5  -4  -1  -2  -7  -8  -5  -7  -7  -6   2  -4  -8  -5  -7   12   0  52  17   0   0   0   4   1   0   0   0   0   0   0  13   0   0   0   0  1.55 0.79
   33 V    -1  -5  -6  -7  -5  -5  -6  -5  -5   2   4  -6   0  -1  -6  -4  -3   4   2   4    6   0   0   0   0   0   0   1   0  11  33   0   2   2   0   1   1   6   8  30  0.91 0.50
   34 L    -1  -4  -3  -7  -6  -4  -4  -5  -4   1   3  -7  -2  -2  -7  -2  -3  10   1   1    6   1   1   0   0   1   1   1   0   7  23   0   1   1   0   3   1  40   4   9  1.64 0.76
   35 H    -5   3   0  -4  -8   2  -4  -3  10  -6  -7  -2  -6  -6  -7  -2  -3  -3   1  -8    0  14   4   1   0   9   1   2  56   0   0   2   0   0   0   2   1   0   4   0  2.08 0.93
   36 Q    -1  -3   2   4  -3   0   5   0  -4  -6  -6  -3  -5  -6  -5  -1   1  -7  -3  -5    4   1   8  22   1   4  36   8   0   0   0   0   0   0   0   4   8   0   1   1  0.86 0.54
   37 L    -4  -5  -5  -4  -6  -7  -6  -5  -4  -2   0  -5  -1   8  -5  -3  -3   5  -1  -4    2   1   1   1   0   0   0   1   0   2   7   1   2  69   1   3   2   7   1   1  2.05 0.87
   38 G     1  -2   0   0  -2  -1  -2   3  -2  -1   0   0   0  -3  -3   2   0  -5  -3  -1   10   1   4   5   0   2   1  26   1   4  10   5   2   1   1  15   4   0   1   5  0.25 0.23
   39 R     0  -1   2   2  -3  -2  -2   5   0  -6  -6   1  -5  -6  -2   0  -2  -6  -4  -5    9   3   9  11   1   2   2  43   2   0   0   7   0   0   2   7   2   0   0   0  0.77 0.46
   40 N     0   0   3   3  -5   0   1   1   0  -4  -4   0  -3  -4   1   1   1  -4  -4  -3    6   5  16  17   0   4   7   9   2   0   0   5   1   1   6  11  10   0   0   1  0.37 0.29
   41 P     0   0   3   3  -4   0  -2   0  -2  -4  -4  -1  -3  -3   2   1   1  -3  -1  -4    9   4  16  18   0   5   1   7   1   0   1   3   0   1  12   9   7   0   3   1  0.39 0.31
   42 Q     0   1   0   2  -4   1   0  -1  -1  -3  -3   2  -2  -5  -3   1   3  -2  -3  -1    6   8   4  10   0   6   5   4   1   1   1  15   1   0   1  11  19   0   1   5  0.29 0.27
   43 V     0  -6  -4  -5  -5  -5  -6  -5  -6   2  -1  -5   1  -3  -5  -2   4  -6  -3   5    7   0   1   0   0   0   0   1   0   9   5   0   3   1   0   2  27   0   1  43  1.05 0.60
   44 T    -1   2   1   0  -4   1   0  -3   0  -2  -2   1  -1  -2  -4   1   4  -2  -1  -1    4  12   6   4   0   6   6   1   2   2   3   8   1   1   0  10  26   1   3   4  0.32 0.30
   45 V    -1  -5  -4  -6  -5  -5  -6  -5  -6   4   1  -6   3   6  -6  -5  -3  -4   0   3    4   0   1   0   0   0   0   1   0  19   9   0   6  34   0   0   2   0   3  21  1.07 0.55
   46 A     1  -3   4   2  -6  -3  -2   4  -3  -5  -6  -4  -4  -5  -4   2  -3  -3  -5  -4   11   1  23  10   0   1   2  32   0   0   0   0   0   0   0  16   1   0   0   1  0.89 0.53
   47 T    -1   0   2   3  -5  -1  -1   4  -3  -4  -5  -2  -5  -3  -2   2   1  -4  -3  -4    3   5   8  15   0   3   3  27   0   1   0   2   0   1   2  16  11   0   1   1  0.51 0.37
   48 V     0  -2   0   2  -4  -1   0  -4  -2   1  -1  -1  -2  -2  -3   0   3  -5  -2   2    7   2   5  15   0   3   6   0   1   7   5   3   1   1   1   5  22   0   2  17  0.28 0.27
   49 D     0   1   0   2  -4   0  -1  -1  -2  -3  -4   1  -1  -5   3   2   2  -4  -3  -2    8   9   4  12   0   3   3   4   1   1   0   8   1   0  16  14  13   0   1   3  0.37 0.29
   50 I    -4  -5  -6  -5  -5  -3  -5  -5  -3   4   2  -4   0   6  -6  -4  -2   0   1   2    1   0   0   0   0   1   1   1   1  20  17   1   2  34   0   1   3   1   3  14  0.97 0.49
   51 R     0   2   2   1  -4   0   0  -1   1  -2  -3   1  -3  -3  -1   2   1  -3  -2  -1    7  12   9   9   0   4   5   5   3   2   1   8   0   1   2  16   9   0   1   5  0.21 0.20
   52 P     1  -2   3   0  -3   1   1  -2  -1  -3  -2  -2  -2  -4   0   2   3  -5  -1  -2   10   1  15   5   0   7   9   2   1   1   3   1   1   0   5  16  19   0   2   3  0.34 0.30
   53 D    -1   0   1   5  -6   0   1   0  -1  -5  -4   0  -4  -5  -3   1  -1  -4  -5  -5    4   5   7  39   0   4   9   8   1   0   2   5   0   0   1   9   4   0   0   0  0.69 0.42
   54 F    -2  -1  -1  -3  -4  -1  -3  -2   1   1   2  -1   2   3  -1  -2   0  -1   3   0    3   4   4   1   0   3   1   3   3   7  22   3   5  13   4   2   5   1  10   5  0.20 0.19
   55 T     1   0   0   0  -4   0   0   3   0  -4  -3   0  -1  -3   0   2   0  -5  -1  -3   10   6   5   5   0   4   5  24   2   0   1   5   2   1   5  17   4   0   2   1  0.29 0.24
   56 K     0   1  -1   1  -5   0  -1   5  -2  -6  -5   0  -5  -4  -4   1  -2  -6  -2  -5    7   8   2   9   0   4   3  42   1   0   0   7   0   1   0  12   2   0   1   1  0.71 0.42
   57 T    -1  -3   0   0  -3  -2  -3  -1  -3  -5  -3  -4  -4  -5  -4   2   6  -3  -5  -4    4   1   5   5   0   1   1   5   1   0   2   0   0   0   1  15  58   0   0   1  1.19 0.68
   58 F     1   3  -4  -6  -3  -2  -5  -4  -4  -4  -4  -3  -1   0  -7   1   0  10  -1  -2   11  15   1   0   0   2   0   1   0   1   2   2   2   3   0  10   7  39   2   3  1.54 0.72
   59 W     1  -5  -5  -6  -3  -4  -5   4  -4   0   1  -5   2   2  -5  -3  -3   5   3   0   12   0   0   0   0   0   0  28   0   4  15   0   5   8   0   0   2   9   9   7  0.65 0.40
   60 Q    -4  -1  -3   2  -7   3   6  -3  -2  -5  -5   0  -3  -7  -5  -2  -3  -7  -5  -4    0   3   1  10   0  14  56   2   1   1   1   5   1   0   0   3   2   0   0   1  1.28 0.68
   61 G     1  -5  -4  -5  -3  -3  -5  -3  -5   3   3  -5   0   3  -5  -3  -2  -4   2   3   11   0   0   0   0   1   0   2   0  14  24   0   1  10   0   1   2   0   8  24  0.58 0.36
   62 G    -1  -3   0  -2  -6  -2  -2   6  -4  -6  -6   0  -2  -7  -6   0  -3  -7  -7  -5    5   1   4   2   0   2   3  68   0   0   0   5   1   0   0   6   2   0   0   1  1.43 0.67
   63 A     3  -5  -5  -5  -4  -4  -5   2  -5   2   3  -5   0  -1  -4  -3  -1  -3  -4   2   26   0   0   0   0   0   0  14   0  11  25   0   1   3   0   0   3   0   0  15  0.57 0.38
   64 G    -4  -7  -6  -5  -8  -5  -4   8  -7  -9  -9  -7  -8  -8  -7  -4  -7  -2  -8  -8    1   0   0   1   0   1   1  96   0   0   0   0   0   0   0   1   0   1   0   0  2.73 1.08
   65 V     1  -5  -5  -6  -4  -4  -5   0  -5   3   2  -5   2   2  -5  -3  -2  -5  -2   4   11   0   0   0   0   1   0   9   0  13  17   0   5   9   0   1   2   0   1  30  0.61 0.38
   66 T     1  -3   3   1  -5   2  -1  -4  -3  -2  -4  -3  -3  -5  -4   3   4  -2  -3   0   10   1  12   6   0  11   3   0   0   2   0   1   0   0   0  18  27   1   1   7  0.57 0.43
   67 A     4  -3  -4  -5  -3  -3  -4   1  -1   0   0  -3   0   0  -4  -1  -1   3   1   1   35   1   0   0   0   0   0  12   2   6  10   1   2   4   0   3   4   4   5  10  0.42 0.33
   68 K     0   2   1   0  -5   5   0  -2  -1  -4  -4   2  -1  -4   1   0   1  -4  -4  -2    7   9   5   4   0  26   4   2   1   0   1  14   2   0   6   8   7   0   0   2  0.48 0.37
   69 V    -1  -5  -5  -6  -4  -3  -5  -5  -6   3   4  -5   1   2  -5  -4  -2   2  -3   3    4   0   1   0   0   1   0   0   0  16  37   0   3   9   0   1   2   3   0  20  0.76 0.42
   70 N     0  -2   3   0  -5  -2  -3   2  -3  -4  -3  -1  -3  -5  -2   3   3  -4  -4  -4    8   2  13   4   0   1   0  16   0   0   2   4   0   0   1  24  21   0   0   0  0.56 0.41
   71 S    -1   2   2   2  -5   1   2  -2   0  -5  -5   3  -4  -6   2   0  -1  -6  -5  -4    5  10   8  13   0   7  12   3   2   0   1  22   0   0   9   5   3   0   0   0  0.49 0.34
   72 Q    -1   2   5   1  -5   0  -2   0   2  -5  -5   0  -3  -4  -5   1   1  -6  -4  -4    6  13  30   8   0   5   1   7   5   0   1   6   0   1   0   8   8   0   0   1  0.61 0.40
   73 V     1  -3  -3  -5  -3  -3  -4  -2   0   0   2  -3   1   0  -3   0   2   4  -3   3   10   1   1   0   0   0   0   3   2   4  20   1   3   4   1   9  16   6   0  19  0.35 0.29
   74 D     0  -1   1  -2  -5   2  -2  -1   1  -5  -4  -2  -2  -1  -3   5   0  -2   2  -3    6   3   6   2   0   8   2   4   3   0   1   1   1   3   1  44   5   1   8   1  0.64 0.47
   75 L     0  -5  -6  -6  -4  -5  -5  -2  -6   2   4  -5   1   2  -6  -4  -3  -2  -3   3    8   0   0   0   0   0   0   3   0  10  43   0   3  10   0   0   1   0   0  20  0.82 0.45
   76 Y    -6  -6  -3  -6  -7  -4  -7  -8   4  -5  -4  -6  -6   4  -8  -4  -4   4   9  -6    0   0   1   0   0   1   0   0   8   0   1   0   0  15   0   1   1   5  64   0  2.39 0.98
   77 A     4  -5  -5  -5  -3  -5  -5   4  -6  -2  -1  -5  -2  -1  -5  -2  -1  -1  -5   0   41   0   0   0   1   0   0  33   0   2   6   0   1   3   0   2   4   1   0   6  0.92 0.54
   78 D    -2  -1   3   5  -6   1   3  -2   0  -5  -5  -2  -5  -6  -5   1   0  -6  -2  -3    3   4  11  29   0   6  20   3   2   1   1   1   0   0   0  12   6   0   1   1  0.71 0.44
   79 A     3  -5  -5  -5  -4  -5  -5   1  -5   2   0  -5  -1   1  -5  -3  -1  -5  -1   4   28   0   0   0   0   0   0  10   0  11  10   0   1   5   0   1   3   0   2  29  0.63 0.41
   80 K    -1   2   2   3  -4  -1   0   2  -1  -4  -4   0  -4  -4  -3   2  -1  -5  -3  -3    4  10   9  20   0   3   7  17   1   1   1   5   0   1   0  17   3   0   1   1  0.44 0.30
   81 Y    -5  -2  -5  -5  -6  -3  -5  -3   1  -3  -4  -4  -4   1  -6  -3  -3   2   9  -2    1   3   1   1   0   2   0   3   3   1   2   1   0   4   0   2   2   3  70   2  2.16 0.89
   82 Q     0   2   0   0  -5   4   2  -2  -2  -3  -1  -2   0  -4  -4   1   1  -1  -3  -2    9   9   4   3   0  23  16   3   0   1   5   1   2   0   0  11   8   1   1   2  0.40 0.34
   83 K    -2   3   0  -2  -4   1  -2  -2   4  -2  -3   3  -2   2  -4  -1   2   2  -1  -2    3  15   4   1   0   7   1   3  11   2   1  18   1  10   0   4  12   2   1   2  0.39 0.31
   84 S     1  -1   3   1  -4  -2  -1   4  -1  -4  -5  -1  -4  -4  -3   3   0  -5  -2  -4   11   3  13   7   0   2   3  27   2   1   1   2   0   0   1  22   4   0   1   0  0.53 0.36
   85 F    -1  -2  -2  -3  -3  -3  -3  -3  -2   2   3  -2   1   5  -3  -2  -2  -2  -1   1    4   2   2   1   0   1   1   2   1  10  28   2   2  26   1   3   3   0   1   9  0.49 0.27
   86 D    -2  -3   2   4  -6  -1   0   5  -2  -6  -7  -2  -6  -6  -4   1  -2  -6  -5  -5    2   1  11  27   0   2   5  37   1   0   0   2   0   0   0   8   2   0   0   0  0.96 0.53
   87 G    -2  -2   3   1  -5  -1  -3   5  -1  -2  -4   1  -4  -2  -4   1  -2  -6  -4  -4    3   2  12   7   0   2   1  44   1   2   1   7   0   2   0  11   1   0   0   1  0.77 0.46
   88 K    -1   1   1   4  -5   0   1   2   1  -1  -3   1  -2  -4  -2   0  -1  -5  -2  -2    3   7   6  25   0   3   9  15   3   4   1   9   1   1   2   6   2   0   1   3  0.35 0.27
   89 L     0   3   0  -2  -3   1   1  -1   1   0  -1   0   1   0  -3   1   0  -2   1  -1    7  19   4   2   0   5   9   5   3   5   6   4   4   4   0  10   4   0   5   5  0.13 0.16
   90 D    -3   4   0   2  -5   3   3  -4   3  -5  -5   1  -2  -3  -4   1  -1  -2   0  -4    1  20   4  10   0  12  16   0   7   0   0   8   1   1   0  10   3   1   3   0  0.57 0.39
   91 G     1  -1   0   0  -5  -1  -2   4  -3  -4  -4  -1  -4  -6   3   2  -1  -4  -5  -4   12   3   4   5   0   2   2  34   0   1   1   3   0   0  14  15   4   0   0   0  0.62 0.40
   92 Y    -2  -5  -6  -7  -5  -4  -5  -5  -3   2   0  -5  -2   1  -4  -3  -1   9   5   3    3   0   0   0   0   0   0   1   0   9   7   0   1   6   1   2   3  26  18  20  1.28 0.62
   93 L     0   1   1   0  -4   3   0   2  -1  -3  -3   0  -1  -2  -4   2   1   1  -2  -2    8   7   5   4   0  15   6  16   1   1   2   4   2   2   0  15   7   2   1   2  0.26 0.24
   94 G     2  -6  -5  -5  -4  -5  -5   6  -6  -2  -1  -5  -3   1  -6  -3  -3   2  -1   0   16   0   0   0   0   0   0  56   0   3   5   0   0   6   0   1   1   3   2   7  1.14 0.60
   95 N    -3   0   6   0  -6   2  -2  -3   0  -4  -5   1  -1  -5  -5   2   2  -6  -4  -3    1   5  40   4   0   7   1   2   2   1   1   7   2   0   0  12  12   0   0   2  0.85 0.53
   96 L     2  -5  -6  -6  -4  -5  -6  -1  -6   3   3  -5   0   0  -5  -4  -3  -5  -4   4   18   0   0   0   0   0   0   6   0  17  26   0   2   3   0   0   1   0   0  28  0.77 0.46
   97 G    -4  -6  -4  -6  -8  -7  -6   8  -7  -9  -9  -7  -8  -8  -7  -4  -7  -8  -8  -8    1   0   1   0   0   0   1  97   0   0   0   0   0   0   0   1   0   0   0   0  2.78 1.11
   98 V    -1  -5  -6  -6  -2  -5  -6  -5  -5   2   3  -5   3   3  -6  -4  -3  -2   2   4    6   0   0   0   1   0   0   0   0  12  26   0   6  10   0   0   0   1   7  30  0.82 0.45
   99 K    -4   7   0  -6  -8   0  -3  -6  -1  -7  -7   4  -3  -5  -6  -2  -2  -4  -6  -7    1  62   4   0   0   3   1   0   1   0   0  21   1   0   0   3   2   0   0   0  1.77 0.82
  100 V    -2  -5  -6  -7  -6  -6  -6  -5  -1   2  -1  -4   1   2  -7  -5  -4   7   7   3    3   0   0   0   0   0   0   1   1  10   5   1   4   7   0   0   0  14  36  18  1.34 0.65
  101 S     0   2   3  -1  -3   1  -1  -2   0  -2  -2   1  -2  -3  -4   2   2  -5  -3  -2    8  12  15   3   0   5   2   1   3   2   4   7   1   1   0  18  14   0   0   3  0.33 0.29
  102 F    -8  -8  -9 -10  -8  -8  -9  -8  -7  -7  -6  -9  -6   7  -9  -8  -8  12  -1  -8    0   0   0   0   0   0   0   0   0   0   0   0   0  40   0   0   0  59   1   0  3.77 1.32

                      K         Lambda
Standard Ungapped    0.1370     0.3170
Standard Gapped      0.0483     0.2670
PSI Ungapped         0.1579     0.3181
PSI Gapped           0.0483     0.2670
