
Last position-specific scoring matrix computed, weighted observed percentages rounded down, information per position, and relative weight of gapless real matches to pseudocounts
            A   R   N   D   C   Q   E   G   H   I   L   K   M   F   P   S   T   W   Y   V   A   R   N   D   C   Q   E   G   H   I   L   K   M   F   P   S   T   W   Y   V
    1 M    -6  -6  -7  -8  -5  -6  -7  -8  -7   1   6  -7   4   3  -7  -6  -5  -5  -4  -3    0   0   0   0   0   0   0   0   0   8  73   0   9  11   0   0   0   0   0   0  1.66 0.68
    2 E    -2  -2  -1   2  -7   1   6  -5  -2  -7  -7   3  -6  -7  -5  -3  -4  -7  -6  -6    3   2   2  10   0   5  58   0   1   0   0  18   0   0   0   1   1   0   0   0  1.45 0.68
    3 A     7  -4  -2  -6   0  -5  -5  -4  -5  -5  -5  -4  -4  -6  -5   1  -2  -7  -6  -2   79   0   2   0   2   0   0   0   0   0   1   0   0   0   0   9   2   0   0   3  1.68 0.78
    4 G    -4  -4  -4  -6  -5  -6  -6   8  -7  -9  -8  -3  -7  -8  -7  -2  -6  -7  -8  -8    1   1   1   0   0   0   0  93   0   0   0   1   0   0   0   2   0   0   0   0  2.55 0.96
    5 A     2  -6  -6  -7   2  -6  -6  -5  -7   0   0  -6   0  -4  -6  -3  -2  -6  -5   6   19   0   0   0   3   0   0   1   0   4   8   0   2   0   0   1   2   0   0  60  1.27 0.62
    6 H    -6  -6  -4  -7  -9   0  -6  -7  11  -7  -5  -6  -6  -2  -8  -5  -7  -8   0  -7    0   0   0   0   0   4   0   0  88   0   1   0   0   2   0   0   0   0   2   0  3.64 1.25
    7 F    -6  -6  -6  -8  -7  -8  -8  -8  -6  -1   0  -8  -3   9  -8  -7  -6  -3   3  -4    1   0   0   0   0   0   0   0   0   3   8   0   0  78   0   0   0   0   9   1  2.55 0.94
    8 G    -4  -7  -5  -6  -8  -7  -7   8  -7  -9  -9  -7  -8  -8  -7  -4  -7  -8  -8  -8    1   0   0   0   0   0   0  99   0   0   0   0   0   0   0   1   0   0   0   0  2.88 1.06
    9 H    -7  -2  -4  -6  -3  -3  -6  -7  11  -8  -5  -5  -5  -3  -8  -5  -6  -5   2  -7    0   2   1   0   1   1   0   0  86   0   1   0   0   1   0   1   0   0   5   0  3.49 1.22
   10 Q    -3   2  -2  -3  -6   6  -2  -3   0  -4  -2   3  -3  -4  -1   0  -2  -4  -5  -3    2  12   1   1   0  41   1   1   2   1   4  19   0   1   3   8   2   0   0   2  0.97 0.56
   11 T     0   1  -4  -5  -4  -3  -3  -5  -4  -2  -4   3  -3  -6  -2   0   6  -6  -5   0    9   9   0   0   0   0   1   0   0   2   1  17   0   0   2   6  45   0   0   8  0.89 0.54
   12 R    -1   5   1  -2  -2   0  -1  -3   0  -5  -5   3  -3  -5  -4   3   0  -2  -3  -4    4  30   5   2   1   4   2   1   2   0   0  15   0   0   0  26   5   1   1   0  0.75 0.46
   13 R    -4   7  -2  -5  -7   0  -3  -5  -1  -5  -4   4  -4   0  -6  -3  -4  -5   0  -4    1  58   2   0   0   3   1   0   1   0   2  21   0   3   0   1   0   0   3   1  1.52 0.70
   14 W    -6   2  -6  -9  -3  -4  -8  -5  -5  -7  -4  -4  -5  -3  -9  -4  -1  12  -3  -3    1   9   0   0   1   1   0   1   0   0   2   1   0   1   0   2   4  75   0   2  3.54 1.23
   15 N    -6  -5   8  -1  -4  -3  -4  -6   7  -8  -8  -5  -7  -6  -7  -3  -4  -8  -3  -8    0   0  69   3   1   1   0   0  23   0   0   0   0   0   0   1   0   0   1   0  2.47 0.98
   16 P    -4  -6  -7  -7  -8  -7  -7  -8  -6  -8  -8  -5  -8  -9   9  -5  -6  -9  -8  -8    1   0   0   0   0   0   0   0   0   0   0   0   0   0  97   0   0   0   0   0  3.46 1.26
   17 K    -3   2   0  -5  -7  -2  -4  -4  -3  -6  -5   7  -5  -7  -6   0  -4  -7  -6  -7    2  11   3   0   0   1   0   1   1   0   1  73   0   0   0   6   1   0   0   0  1.82 0.81
   18 M    -1  -7  -7  -8  -7  -6  -7  -8  -7  -2  -3  -7  11  -3  -8  -3  -2  -7  -5  -2    6   0   0   0   0   0   0   0   0   2   0   0  84   1   0   2   3   0   0   2  3.17 1.20
   19 K     2   2  -2  -1  -5   0   1  -2  -3  -5  -3   5  -3  -2  -4   0  -2  -6  -5  -4   18  11   1   2   0   3   8   2   0   0   2  42   0   2   0   5   2   0   0   1  0.77 0.46
   20 L    -3   2  -2  -1  -6   0   0  -4  -2  -6  -6   2  -6  -7   7  -2  -3  -5  -5  -5    1  12   2   4   0   5   6   1   1   0   0  13   0   0  49   3   1   0   0   0  1.32 0.63
   21 Y    -6  -6  -5  -8  -5  -7  -7  -8  -2  -6  -5  -7  -6   6  -8  -7  -7  -2   9  -5    0   0   1   0   0   0   0   0   1   0   0   0   0  29   0   0   0   0  68   0  2.89 1.07
   22 I    -6  -7  -8  -8  -6  -7  -8  -8  -8   8   0  -7  -3  -4  -8  -7  -4  -7  -6   1    0   0   0   0   0   0   0   0   0  86   6   0   0   0   0   0   0   0   0   7  2.43 0.92
   23 F    -4  -5  -7  -6  -7  -6  -7  -6   2  -3  -1  -7  -5   8  -8  -3  -6   2   6  -4    1   1   0   0   0   0   0   0   5   1   5   0   0  52   0   2   0   2  29   1  2.01 0.80
   24 E     0  -3  -3  -1  -1  -2  -2   5  -4  -4  -5  -2   2  -5  -3   0   3  -6  -6  -4    8   1   0   3   1   2   2  46   0   1   0   3   5   0   1   6  19   0   0   0  0.88 0.49
   25 E     1  -1  -1  -1  -3   1   4  -4   0  -2  -3   3  -2  -3  -3   0   1  -5  -3   0   12   2   2   2   0   4  29   0   2   2   2  16   1   1   1   7   8   0   1   8  0.40 0.31
   26 K    -4   7  -4  -6  -6  -1  -3  -7  -1  -6  -5   4  -6  -5  -6  -4  -4  -7  -3  -5    1  65   0   0   0   2   1   0   1   0   1  24   0   0   0   1   1   0   1   1  1.93 0.83
   27 N    -3  -2   7   1  -5   0  -1   1  -1  -6  -7   1  -3  -6  -5   0  -3  -7  -6  -7    1   2  55   7   0   5   4   9   2   0   0   8   1   0   0   6   1   0   0   0  1.32 0.65
   28 G    -3  -1   3  -2  -7  -2  -4   6  -4  -7  -5   1  -4  -7  -6  -3  -2  -7  -7  -7    1   4  13   2   0   2   1  63   0   0   1   8   1   0   0   1   2   0   0   0  1.41 0.65
   29 L    -4  -5  -3  -7  -5  -4  -7  -6  -7   7  -1  -4   0  -1  -7  -4  -1  -6  -3   3    1   1   1   0   0   1   0   0   0  63   3   1   2   2   0   1   3   0   1  21  1.55 0.67
   30 Y    -4  -5  -3  -1  -3  -2   0  -6  10  -8  -7  -6  -6  -4  -7  -2  -5  -3   5  -7    2   0   1   3   1   2   6   0  63   0   0   0   0   0   0   3   1   0  17   0  2.47 0.96
   31 I    -5  -8  -8  -8  -6  -5  -8  -7  -8   8   0  -7  -3  -3  -8  -7  -5  -7  -5   2    0   0   0   0   0   0   0   0   0  83   5   0   0   1   0   0   0   0   0  10  2.33 0.89
   32 I    -6  -7  -8  -8  -6  -7  -8  -8  -8   8   0  -7  -1   3  -7  -7  -4  -6  -5   0    0   0   0   0   0   0   0   0   0  76   8   0   1  10   0   0   1   0   0   4  2.10 0.83
   33 N    -7  -6   4   8  -8  -5  -3  -6  -2  -8  -9  -6  -8  -9  -7  -5  -6  -9  -8  -8    0   0  20  78   0   0   0   0   1   0   0   0   0   0   0   0   0   0   0   0  2.60 1.02
   34 L    -5  -7  -8  -8  -6  -7  -7  -8  -7   1   7  -7  -2  -3  -5  -6  -5  -6  -6   0    0   0   0   0   0   0   0   0   0   6  87   0   0   0   0   0   0   0   0   5  1.94 0.81
   35 A    -1   1   0   0  -5   4   4  -3  -1  -1  -2   0  -3  -3  -3   0   0  -5  -2   0    5   8   4   4   0  20  25   2   1   3   3   5   0   1   0   5   6   0   2   6  0.39 0.31
   36 K    -4   0  -4  -4  -7   5   0  -6  -2  -3  -4   6  -4  -7  -5  -3  -4  -7  -4  -5    1   4   0   0   0  27   6   0   1   2   2  54   0   0   0   1   1   0   0   1  1.55 0.76
   37 T    -4  -6  -5  -6  -4  -6  -6  -7  -7  -5  -6  -6  -3  -7  -6   0   8  -8  -7  -3    1   0   0   0   0   0   0   0   0   0   0   0   1   0   0   7  89   0   0   2  2.51 1.09
   38 L     1  -1  -3  -3  -3   1  -1  -4   0   1   2   0   2  -2  -4  -2  -2  -2   0   2   13   3   1   0   0   7   3   0   2   8  21   7   7   1   0   3   1   0   3  18  0.26 0.23
   39 Y     0   2  -2   0  -4   2   3  -2   0  -2  -3   2  -2  -2   1  -1  -1  -2  -2   0    7  12   1   5   0   8  19   2   2   2   2  14   0   1   8   4   4   1   1   6  0.27 0.23
   40 Q     1   0  -2  -3   3   2  -1   0  -1  -2   2   2   2   0  -4  -1  -2  -4   1  -3   10   4   1   1   7   9   2   8   2   0  22  15   6   3   0   3   1   0   6   0  0.25 0.25
   41 L    -3  -6  -7  -7  -4  -6  -6  -7  -6   2   6  -6   2   2  -6  -6  -4  -2  -2  -1    2   0   0   0   0   0   0   0   0  10  71   0   4   8   0   0   1   0   1   2  1.44 0.64
   42 R    -1   1   2   2  -5   2   4  -3   0  -2  -2   2  -3  -4  -4   0  -1  -5  -2  -2    5   5   9  10   0   7  26   1   2   2   4  15   0   1   0   5   2   0   1   3  0.42 0.30
   43 N    -1   2   0   1  -5   1   4  -4  -2  -3  -3   3  -3  -4  -3  -1  -1  -4  -2  -2    5  10   3   7   0   6  33   0   1   2   2  18   0   0   0   4   4   0   2   3  0.56 0.37
   44 A     7  -6  -6  -6  -4  -5  -5  -4  -6  -4  -5  -5  -5  -6  -5  -2  -1  -7  -5  -1   86   0   0   0   0   0   0   1   0   1   1   0   0   0   0   2   3   0   0   4  1.95 0.88
   45 L     1  -1  -3  -5   5   0  -2  -2  -1  -1   2   0   1  -2  -4  -1  -1  -3   4  -1   12   3   1   0  14   4   2   3   1   3  23   7   3   1   0   3   3   0  15   3  0.41 0.30
   46 P     0   0   3   3  -5   1   3  -3  -1  -4  -3   2  -3  -4  -3   0   0  -5  -2  -3   10   4  14  14   0   6  19   1   1   1   2  12   0   0   1   5   6   0   2   2  0.39 0.29
   47 H     1  -4  -6  -6  -3  -4  -3  -6  -3  -1   0  -2  -2   8  -6  -4  -3  -2   4  -1   10   1   0   0   0   1   2   0   0   2   7   2   1  55   0   1   1   0  11   3  1.42 0.63
   48 V     1  -5  -6  -6  -3  -5  -6  -6  -6   4   3  -5   1  -2  -6  -4  -3  -5  -4   4   10   0   0   0   0   0   0   0   0  20  32   0   3   1   0   0   1   0   0  32  0.96 0.48
   49 C    -1   3  -1  -3  -3   1   1  -2  -1  -4  -3   4  -2   0  -4   0   0  -4   1  -2    5  19   3   0   0   5  10   2   2   0   1  26   1   5   0   7   5   0   5   2  0.44 0.32
   50 K    -1   0   2   3  -4   2   3  -1  -2  -4  -4   3  -4  -5  -4   0  -1  -6  -3  -4    4   4  11  17   0   7  22   4   1   1   1  18   0   0   0   6   3   0   1   0  0.57 0.36
   51 V     1  -3  -3  -5  -1  -1  -3  -4  -3   3   3  -2   1  -2  -4  -2   2  -3  -3   2   11   0   1   0   1   2   1   0   1  15  28   3   3   1   0   2  12   0   1  17  0.42 0.29
   52 I     4  -3  -4  -5  -2  -3  -4   0  -5   0  -3  -2  -3  -4  -4   1   0  -6  -3   3   41   1   0   0   1   1   0   7   0   5   1   3   0   0   0   9   6   0   1  25  0.73 0.46
   53 K     3   0  -2  -2  -3   1   1  -1  -3  -3  -3   2  -1  -4  -3   3  -1  -5  -4  -3   29   6   1   2   0   5  10   4   0   1   3  13   1   1   0  20   2   0   0   1  0.44 0.34
   54 E     0   2   3   0  -4   2   3  -1  -1  -4  -4   3  -3  -5  -3   1  -1  -5  -4  -4    7  12  13   4   0   8  20   3   1   1   1  15   0   0   0  10   3   0   0   0  0.48 0.32
   55 N    -4  -1   3  -3  -7  -3  -3   7  -3  -7  -7  -1  -6  -7  -5  -2  -5  -7  -5  -7    0   4  12   1   0   1   1  72   0   0   0   4   0   0   0   2   0   0   0   0  1.70 0.72
   56 K    -2   0  -1  -3  -6   0  -1   5  -3  -5  -6   5  -5  -6  -5  -2  -4  -6  -5  -5    3   5   2   1   0   4   4  42   0   0   0  35   0   0   0   2   0   0   0   1  1.14 0.57
   57 P    -2   1   1   0  -4   1   0  -3  -2  -1  -2   3  -1  -4  -2   0   3  -5  -3   0    2   7   7   4   0   8   5   2   1   4   4  20   2   0   1   7  21   0   0   7  0.32 0.27
   58 I    -4  -6  -7  -7  -1  -6  -6  -6  -7   6   0  -6  -1   2  -5  -6  -4  -6  -4   5    1   0   0   0   1   0   0   1   0  41   6   0   1   9   1   0   0   0   0  39  1.42 0.62
   59 L    -5  -6  -7  -8  -4  -6  -7  -8  -7   1   6  -7   2  -3  -6  -6  -5  -4  -5  -1    0   0   0   0   0   0   0   0   0   6  84   0   3   0   0   0   0   0   0   4  1.83 0.77
   60 F    -6  -7  -8  -8  -4  -7  -8  -8  -6   1   0  -7   0   9  -8  -7  -6   2  -1  -2    0   0   0   0   0   0   0   0   0   7   7   0   2  76   0   0   0   3   1   2  2.41 0.90
   61 V    -3  -7  -7  -8  -4  -7  -7  -8  -8   1  -1  -7  -4  -5  -7  -5  -5  -7  -6   8    1   0   0   0   0   0   0   0   0   6   4   0   0   0   0   0   0   0   0  87  2.23 0.91
   62 G     0  -7  -4  -5   0  -6  -5   7  -6  -8  -8  -6  -7  -7  -6  -1  -4  -7  -5  -7    7   0   0   0   2   0   0  83   0   0   0   0   0   0   0   5   1   0   0   0  2.15 0.86
   63 T    -4  -6  -3  -6  -3  -6  -5  -3  -7  -6  -6  -6  -6  -7  -5  -1   8  -7  -7  -4    1   0   1   0   1   0   0   2   0   0   0   0   0   0   0   3  92   0   0   0  2.55 1.09
   64 K    -5   0  -2  -6  -8  -2  -4  -7  -6  -8  -7   8  -6  -7  -6  -4  -3  -8  -7  -6    0   4   1   0   0   1   0   0   0   0   0  90   0   0   0   1   1   0   0   0  2.52 1.04
   65 K    -4   5   0  -4  -7   0  -2  -4  -3  -4  -4   6  -2  -4   2  -2  -3  -4  -4  -5    1  27   4   0   0   3   1   1   1   1   1  43   1   1  11   2   1   0   1   1  1.17 0.62
   66 Q    -1  -3  -3  -3  -7   8   0  -4   0  -5  -5  -2  -4  -6  -2  -2  -4  -7  -3  -4    5   0   1   1   0  72   5   1   2   1   1   2   0   0   2   3   0   0   1   1  1.90 0.92
   67 A     6  -5  -6  -6  -2  -5  -5  -3  -5   1  -3  -5  -3  -4  -5  -1  -2  -7  -5   0   75   0   0   0   1   0   0   1   0   7   2   0   1   1   0   4   2   0   0   5  1.50 0.75
   68 K     1   4  -3  -4  -3   5  -2  -3  -1  -4  -5   3  -3  -6  -4   1  -2  -6  -5  -3   11  19   0   0   1  31   1   2   1   1   0  20   0   0   0   9   1   0   0   2  0.90 0.54
   69 C    -1  -1   0   5  -4   1   4   0  -2  -3  -4   1  -3  -5   0   0  -2  -4  -4  -4    4   2   4  28   0   5  26   6   1   1   1   7   0   0   4   7   1   0   0   1  0.63 0.39
   70 V     2  -4  -4  -4   0  -3  -3  -4  -4   4   1  -2  -1  -2  -1   0   0  -5  -3   2   18   0   0   0   2   0   1   1   0  30  12   2   1   1   3   9   7   0   1  12  0.46 0.32
   71 I    -3  -7  -7  -7  -5  -7  -7  -7  -7   6  -1  -7   0  -4  -7  -6  -3  -7  -5   5    1   0   0   0   0   0   0   0   0  49   4   0   2   0   0   0   1   0   0  41  1.70 0.72
   72 K     2   3  -3  -3  -4   2   3  -4  -3  -3  -3   4  -1  -3  -4  -1  -1  -6  -3  -2   15  13   0   0   0   9  20   0   0   2   2  28   1   1   0   3   3   0   1   2  0.63 0.42
   73 E    -1   0   0   2  -6   2   5  -4  -2  -5  -4   2  -4  -5  -5   0  -1  -4  -3  -4    5   4   3   8   0   7  45   0   1   0   1  11   0   0   0   6   4   0   1   0  0.83 0.49
   74 A     3  -3  -2  -3  -2   2   4  -3   0   0  -2  -2  -1  -1  -4  -1   0  -1   1  -1   24   0   1   0   1   9  29   1   2   5   4   2   1   2   0   2   6   1   5   5  0.42 0.35
   75 A     7  -6  -5  -6  -1  -5  -6  -1  -4  -5  -6  -5  -6  -7  -6  -2  -4  -7  -7  -3   90   0   0   0   1   0   0   3   0   0   0   0   0   0   0   2   0   0   0   1  2.10 0.94
   76 I    -1   0   0   0  -4   2   3  -2  -2   0  -1   3  -1  -3  -3  -1   1  -4  -4  -2    4   3   4   3   0   8  23   2   1   8   7  19   1   1   1   4   9   0   0   2  0.32 0.26
   77 E     0   6  -1   0  -5  -1   1  -4  -2  -4  -4   2  -3  -4  -4   0  -2  -4  -2  -4    9  43   3   5   0   2   9   1   1   1   1  14   0   1   0   7   2   0   1   1  0.83 0.45
   78 A     2  -5  -4  -5   8  -5  -4  -3  -2  -1   0  -5  -3  -2  -4   1   1  -4  -3   1   18   0   1   0  37   0   1   1   1   4   8   0   0   2   0   9   8   0   1   8  1.08 0.51
   79 G    -2  -1   3   0  -5   0   0   5  -2  -5  -5   0  -5  -5  -4  -1  -4  -5  -5  -5    3   4  16   5   0   4   5  51   1   0   1   5   0   0   0   3   0   0   0   0  0.99 0.48
   80 E     0  -4  -3  -5   3   3  -3  -4  -1  -1  -1  -4   8  -2  -5   1  -3  -5  -3  -1    9   0   1   0   5  15   2   1   1   3   4   0  41   1   0  10   1   0   1   4  1.09 0.58
   81 Y    -4  -5  -3  -5  -3  -4  -5  -5   4  -5  -3  -5   0   4   7  -4  -5   1   4  -4    1   0   1   0   1   0   0   1   8   0   2   0   2  16  49   1   0   2  13   1  1.56 0.68
   82 F    -5  -6  -5  -7  -3  -6  -6  -7   1  -4  -5  -6  -4   4  -6  -5  -6   1   9  -4    1   0   0   0   1   0   0   0   3   1   0   0   0  16   0   1   0   1  72   1  2.60 0.96
   83 V    -3  -6  -6  -6   1  -4  -6  -6  -6   4  -1  -6   1  -3  -6  -5  -4  -6  -5   7    2   0   0   0   2   1   0   0   0  18   3   0   3   1   0   1   0   0   0  67  1.56 0.67
   84 A     0  -4   6   0  -1  -3  -3  -4  -2   0  -4  -3  -4  -5  -4   1   4  -6  -4   1    6   0  36   5   1   1   1   0   1   5   1   1   0   0   0   9  23   0   0   9  0.83 0.48
   85 E    -3  -1   3   0  -4   3   4  -2   4  -4  -4   1  -4  -2  -4   0  -1  -5   0  -4    1   3  13   4   0  12  29   3  11   1   1   8   0   1   0   5   4   0   3   1  0.60 0.38
   86 R    -5   8  -5  -4  -7  -3  -4  -5  -1  -7  -6   2  -5  -6  -6  -5  -5  -6  -4  -6    0  84   0   1   0   0   0   1   1   0   0   9   0   0   0   0   0   0   1   0  2.44 0.94
   87 W    -7  -6  -8  -8  -7  -7  -7  -6  -7  -7  -6  -7  -6  -3  -8  -7  -7  13  -2  -7    0   1   0   0   0   0   0   1   0   0   0   0   0   1   0   0   0  94   1   0  4.87 1.50
   88 L    -4  -4  -6  -6  -4  -4  -5  -6  -5   3   5  -5   1  -1   0  -4  -3  -3  -3   0    1   1   0   0   0   1   0   0   0  14  64   0   3   1   6   1   1   0   1   6  1.14 0.53
   89 G    -3  -4  -5  -5  -6  -6  -6   7  -6  -7  -7  -5  -6  -7  -3  -3  -5  -6  -7  -7    1   1   0   1   0   0   0  91   0   0   0   0   0   0   2   2   0   0   0   0  2.38 0.90
   90 G    -4  -6  -5  -5  -6  -6  -6   8  -6  -7  -7  -6  -6  -7  -6  -5  -6  -6  -7  -7    0   0   0   0   0   0   0  96   0   0   0   0   0   0   0   0   0   0   0   0  2.66 0.97
   91 M    -3  -5  -4  -5  -3  -4  -5  -5  -5  -1   2  -5   7   1  -5  -2   5  -5  -4  -3    1   0   0   0   1   0   0   1   0   3  18   0  25   5   0   1  41   0   0   1  1.25 0.63
   92 L    -5  -6  -6  -7  -5  -6  -6  -7  -6   0   6  -6   1   2  -6  -6  -5  -5  -4  -2    0   0   0   0   0   0   0   0   0   5  81   0   3   7   0   0   0   0   0   1  1.70 0.71
   93 T    -5  -5  -5  -5  -5  -5  -5  -6  -6  -5  -6  -5  -5  -6  -5  -2   8  -6  -6  -5    0   0   0   0   0   0   0   0   0   0   0   0   0   0   0   2  94   0   0   0  2.62 1.07
   94 N    -6  -5   9  -3  -7  -5  -5  -5  -4  -7  -7  -5  -6  -7  -6  -4  -5  -7  -6  -7    0   0  96   0   0   0   0   0   0   0   0   0   0   0   0   0   0   0   0   0  3.12 1.14
   95 M    -4  -6  -2  -7  -6  -5  -6  -6  -1  -4  -2  -6  -2   8  -5  -5  -6   8   3  -5    1   0   2   0   0   1   0   1   1   1   3   0   1  57   1   1   0  22   7   0  2.23 0.83
   96 A     0   1   0   0  -4   2   2  -2  -1  -3  -3   3  -2  -3   0   2   0  -4  -3  -1    8   6   4   6   0  10  11   2   1   1   1  18   0   1   4  15   5   0   1   5  0.28 0.23
   97 T    -3  -4  -1  -4  -5   1   1  -5  -4  -1  -5  -4  -2  -5  -5  -1   7  -6  -5   0    1   0   2   0   0   5  10   1   0   4   0   0   1   0   0   3  65   0   0   6  1.36 0.69
   98 I    -4  -6  -5  -6  -4  -5  -6  -6  -6   7   0  -5   2  -2  -6  -5   0  -6  -5   3    1   0   0   0   0   0   0   0   0  61   6   1   5   1   0   1   5   0   0  19  1.49 0.63
   99 R    -2   4  -1  -3  -4   2  -1  -3   0  -3  -2   4  -3  -3  -4   2  -1  -5  -3  -3    2  26   2   0   0   7   4   2   2   1   3  30   1   1   0  14   3   0   1   2  0.70 0.41
  100 N    -2   2   1  -2  -6   2  -1  -1  -2  -4  -3   6  -3  -6  -3   1   0  -6  -5  -4    3   9   6   1   0   8   2   4   1   1   2  45   0   0   1  10   6   0   0   1  0.76 0.46
  101 S    -2   6   1  -5  -1  -1  -4  -3  -4  -5  -2  -2  -2  -6  -5   4  -1  -7  -6  -5    3  42   6   0   1   2   0   1   0   0   4   1   1   0   0  35   3   0   0   0  1.16 0.64
  102 I    -4  -5  -7  -7  -5  -6  -7  -7  -7   6   2  -4   0  -3  -5  -5  -3  -4  -5   3    1   1   0   0   0   0   0   0   0  53  20   1   2   1   0   0   1   0   0  20  1.41 0.62
  103 K     0   2   1   2  -5   2   2  -2  -1  -4  -4   4  -3  -3  -4  -1  -1  -4  -3  -3    8  12   7  12   0   7  12   2   2   1   1  28   0   1   0   3   3   0   0   1  0.50 0.34
  104 T    -4   6  -3  -5  -7  -1  -2  -5   1  -6  -4   5  -3  -3  -6  -4  -1  -3   3  -5    1  42   1   0   0   2   1   0   4   0   1  31   0   1   0   1   3   0  11   0  1.29 0.64
  105 L    -5  -5  -7  -7  -5  -6  -6  -7  -4  -1   6  -4   5   2  -7  -6  -5  -1   2  -3    0   0   0   0   0   0   0   0   0   2  67   1  13   9   0   0   0   1   6   0  1.49 0.68
  106 D    -2   3   2   0  -5   1   2  -4   1  -1  -1   4  -2  -4  -4  -2  -2  -4  -4  -2    3  16  11   4   0   4  11   0   3   3   6  28   0   0   0   2   2   0   0   4  0.49 0.34
  107 K    -3   0   0   4  -6   1   4  -3   0  -4  -2   2  -1  -3  -4  -1  -1  -3  -1  -4    1   5   5  22   0   6  26   1   2   1   3  14   2   1   0   3   4   0   2   1  0.57 0.37
  108 I    -4  -4  -5  -6  -4  -3  -4  -6  -3   3   5  -3   2   0  -5  -4  -3  -2   0  -2    1   1   0   0   0   2   1   0   0  13  65   2   4   3   0   1   1   0   4   1  1.13 0.53
  109 E    -3   2  -1   2  -6   1   6  -3  -3  -3  -4   2  -3  -6  -4  -2  -2  -5  -4  -4    1   9   2   8   0   6  50   1   0   1   2  11   1   0   0   3   2   0   0   1  0.97 0.51
  110 K     0   2   0   0  -4   1   3  -3  -2  -2  -3   4   0  -4  -3  -1   0  -2  -3  -3    9  10   3   5   0   6  21   2   1   2   2  24   2   0   0   3   5   1   1   2  0.42 0.29
  111 D    -2   0  -1   1  -3   3   2  -2  -2   0   0   2   5  -3  -4  -2  -2  -2  -2  -2    3   4   2   8   0  13  13   2   0   5   9  12  19   1   0   2   2   1   1   2  0.38 0.30
  112 L    -1   2  -1  -1  -4   1   3  -1  -2   0   0   2   0   0  -3  -1  -2  -4  -2  -2    6  10   2   3   0   5  22   4   1   6  12  17   2   4   0   2   2   0   1   2  0.25 0.22
  113 T     2  -1   0   0  -5   0   4  -3  -1  -4  -4   1  -3  -4  -4   2   2  -5  -3  -3   16   2   5   5   0   3  31   1   1   0   1   7   1   0   0  14  12   0   1   1  0.54 0.38
  114 Q    -1  -2   1   3  -5   0   2   4  -2  -5  -4   1  -4  -5  -3   1  -2  -6  -4  -4    3   1   7  19   0   3  12  30   1   0   1   8   0   0   1  10   2   0   0   1  0.57 0.35
  115 N    -2  -2   0   1  -6   1   3   5  -3  -4  -5   0  -3  -4  -2  -2  -2  -6  -3  -5    3   2   5   7   0   6  20  42   0   1   1   6   0   1   2   1   2   0   1   0  0.76 0.43
  116 S    -2  -2  -1  -2  -4  -1   1  -3  -1   0   2  -2   1   5  -4  -1   0   4   2  -2    2   2   2   2   0   3   9   2   1   4  18   2   3  24   0   5   5   7   7   1  0.40 0.28
  117 S     0  -1   2   3  -5   1   3   0   0  -3  -3   1  -2  -3  -3   1  -1  -3  -3  -3    9   2   8  15   0   5  23   8   2   2   3   8   1   1   1   9   2   0   1   1  0.34 0.26
  118 C    -1   1   1  -1  -4   0   0   0   0  -2   0   4  -1  -4  -3   0  -1  -5  -2  -1    5   7   6   2   0   4   4   8   3   1  12  31   1   0   0   5   4   0   1   4  0.29 0.25
  119 L    -4  -1  -5  -6  -5  -3  -5  -6  -2  -1   4  -4   3   2  -6  -5  -4  -3   6  -3    1   4   0   0   0   1   1   0   1   3  44   1   6   7   0   0   0   0  30   1  1.19 0.58
  120 T    -3  -3  -1  -4  -5  -4  -4  -4  -3  -2  -4  -2  -5  -6   5   2   6  -6  -5  -3    1   1   3   0   0   0   0   1   1   2   1   3   0   0  24  16  45   0   0   2  1.18 0.64
  121 K    -4  -2  -4  -4  -8  -3  -4  -4  -5  -6  -7   8  -4  -8   0  -4  -2  -8  -7  -6    1   1   1   0   0   0   0   1   0   0   0  87   0   0   5   1   2   0   0   0  2.27 0.97
  122 K    -5   2  -4  -5  -7  -1  -4  -5   1  -5  -4   8  -4  -4  -5  -4  -5  -5  -4  -6    0  10   0   0   0   2   0   1   3   0   2  78   0   1   0   0   0   0   1   0  1.97 0.87
  123 E    -4  -4  -5   0  -8  -2   8  -6  -5  -6  -7  -2  -1  -8  -6  -5  -5  -8  -5  -6    1   0   0   4   0   1  88   0   0   0   0   2   2   0   0   0   0   0   0   0  2.32 1.00
  124 I     1   4  -3  -4  -5   3  -2  -2  -2   1  -1   0  -2  -4  -4  -2  -2  -1  -3   1   15  27   1   0   0  16   2   3   1   8   7   5   1   0   0   2   2   1   0  11  0.48 0.36
  125 A     2  -3  -1  -5  -4  -1  -4  -2  -3   2   3  -3   1  -2  -4   1  -1  -5  -3   1   16   1   3   0   0   3   0   2   0  11  35   1   4   1   0  12   2   0   0   8  0.42 0.32
  126 L     1   2   0  -1  -3   1  -1  -1  -1   0   1   2   3  -2  -3  -1  -1  -3  -2   0   11  12   4   2   0   7   3   4   1   5  12  16   9   1   0   3   3   0   1   5  0.17 0.18
  127 L    -2  -1  -5  -6  -3  -4  -5  -6  -3   4   4  -1   4   3  -6  -4  -3   0  -1  -1    3   3   0   0   0   0   0   0   1  20  39   4  12  11   0   0   1   1   2   2  0.83 0.44
  128 A    -1   2   1   2  -5   2   3  -2  -2  -3  -3   2   0  -4  -4   0   1  -5  -4  -4    3  12   7  11   0   8  21   2   0   1   3  12   3   0   0   7   8   0   0   0  0.42 0.30
  129 K     0   7  -1  -2  -7  -2   0  -5  -1  -5  -5   5  -5  -7  -6  -4  -3  -7  -6  -5    7  50   2   2   0   1   5   1   1   0   0  29   0   0   0   0   1   0   0   0  1.44 0.69
  130 R    -4  -2  -2   0  -7   3   6  -5  -2  -4  -3   2  -3  -6  -5  -3  -3  -7  -4  -5    1   1   2   4   0  10  59   0   1   1   3  14   0   0   0   1   1   0   0   1  1.34 0.68
  131 H    -3   2  -4  -5  -4  -1  -3  -5   0   3   3   1   2  -1  -5  -4  -3  -1   1   0    1  14   0   0   0   3   0   0   2  19  30  10   6   2   0   0   1   1   6   4  0.51 0.35
  132 Q     1   1   1   2  -5   1   4  -2  -2  -2  -3   1  -3  -4  -4  -1   0  -6  -4  -2   12   6   6  12   0   4  34   2   1   3   2   7   0   1   0   3   5   0   0   2  0.51 0.35
  133 K    -5   5  -3  -3  -7  -2  -3  -4   0  -7  -6   7  -6  -6  -6  -4  -3  -7  -5  -6    0  24   1   2   0   1   1   1   3   0   0  64   0   0   0   1   1   0   0   0  1.76 0.80
  134 L    -5  -6  -5  -7  -6  -5  -7  -7  -7   0   6  -4   4  -2  -7  -7  -4  -6  -3  -3    0   0   0   0   0   0   0   0   0   4  83   1   8   1   0   0   0   0   1   1  1.80 0.78
  135 L    -2   1   2   2  -6   2   4  -3   1  -4  -2   1  -2  -4  -4  -1  -1  -1  -2  -3    2   6   9  10   0   9  34   1   3   1   5   8   1   0   0   4   3   1   2   1  0.55 0.36
  136 K     0   5  -1  -1  -6  -1  -1  -3  -2  -2  -2   5  -3  -3  -4  -1  -2  -6  -3  -3    9  29   2   2   0   2   4   1   1   2   3  33   0   1   0   4   2   0   1   2  0.72 0.44
  137 N    -1  -1   5  -2  -3  -2  -2  -3   0  -1  -1   0   0   2  -4   1  -1  -4   3  -1    4   3  29   1   0   1   1   1   2   3   7   6   2   8   0  10   4   0  12   6  0.43 0.33
  138 L    -5  -6  -7  -7  -5  -6  -6  -7  -1   1   5  -6   0   5  -7  -6  -5  -1   2   0    0   0   0   0   0   0   0   0   1   5  52   0   2  24   0   0   0   1   7   6  1.27 0.58
  139 E    -1  -2   0   0  -5  -3   1   6  -2  -5  -5  -3  -4  -4  -5   0  -2  -4  -4  -5    4   2   4   5   0   1   8  59   1   1   1   1   0   1   0   8   2   0   0   1  1.07 0.53
  140 G    -4  -6  -4  -6  -7  -6  -7   8  -7  -8  -8  -6  -7  -8  -7  -2  -5  -7  -8  -8    0   0   0   0   0   0   0  95   0   0   0   0   0   0   0   3   1   0   0   0  2.66 1.00
  141 I    -4  -6  -7  -7  -5  -6  -7  -7  -7   7   2  -6   0  -3  -6  -6  -4  -6  -5   3    0   0   0   0   0   0   0   0   0  58  17   0   2   0   0   0   1   0   0  20  1.61 0.67
  142 R     1   4  -3  -3  -4   0   0  -4  -3  -3  -2   4  -1  -4  -4  -1  -1  -4  -4  -1   12  27   0   0   0   4   5   1   0   1   4  31   1   0   0   4   3   0   0   5  0.69 0.43
  143 Y    -2  -2   4   4  -5  -1   2  -1   0  -4  -4   0  -2  -3  -3   0   1  -5   0  -4    2   2  20  27   0   2  13   5   2   1   2   6   1   1   1   6   7   0   3   0  0.57 0.36
  144 L    -6  -6  -7  -8  -6  -4  -7  -8  -7  -1   3  -6  10  -3  -7  -7  -4  -6  -5  -3    0   0   0   0   0   0   0   0   0   3  27   0  66   1   0   0   1   0   0   1  2.59 1.02
  145 R    -2   2   2   1  -5   0   1   0  -1  -3  -4   3  -1  -3  -1   0   2  -5  -2  -3    2  12   9   7   0   4  11   6   1   2   0  20   1   1   2   6  14   0   1   0  0.35 0.27
  146 K    -2   4   0  -2  -6   0   1   1  -1  -6  -5   4  -4  -4  -4   1  -1   0  -3  -5    3  23   4   2   0   3   7  12   1   0   0  30   0   1   0   9   3   1   1   0  0.68 0.41
  147 I    -3  -2  -4  -5  -4   0  -4  -6  -4   2   5  -1   2  -3   0  -4  -1  -5  -3   0    1   2   1   0   0   4   0   0   0  12  54   4   4   0   6   1   3   0   1   5  0.77 0.44
  148 P    -6  -7  -7  -7  -8  -7  -6  -7  -7  -5  -7  -6  -8  -5   9  -5  -6  -9  -8  -5    0   0   0   0   0   0   0   0   0   1   0   0   0   1  96   0   0   0   0   1  3.37 1.25
  149 G    -1  -3   0   6  -5   1   0   2  -1  -6  -7  -2  -6  -7  -5   0  -3  -7  -6  -6    6   1   3  50   0   5   6  17   1   0   0   2   0   0   0   7   1   0   0   0  1.12 0.56
  150 L     6  -5  -5  -6   1  -5  -5  -4  -5   2   0  -5   1  -3  -5  -3  -3  -6  -4   2   59   0   0   0   3   0   0   1   0  10   8   0   3   1   0   0   1   0   0  13  1.06 0.58
  151 V    -2  -6  -6  -7  -5  -5  -6  -7  -6   4   4  -6   5  -3  -6  -5  -4  -5  -5   4    3   0   0   0   0   0   0   0   0  21  38   0  14   0   0   0   0   0   0  24  1.17 0.54
  152 I    -5  -6  -7  -7  -4  -6  -7  -7  -5   3   0  -7  -2   8  -7  -6  -5   1   2   2    0   0   0   0   0   0   0   0   0  15   8   0   1  54   0   0   0   1   5  14  1.63 0.67
  153 V    -3  -6  -7  -7  -2  -6  -6  -7  -7   5   0  -6  -1  -3  -6  -6  -4  -6  -5   6    1   0   0   0   1   0   0   0   0  36   5   0   1   1   0   0   0   0   0  55  1.65 0.69
  154 V    -1  -6  -6  -5  -2  -6  -5  -6  -6   5  -1  -6  -2  -1  -5  -3  -1  -4  -4   5    4   0   0   0   1   0   0   0   0  37   4   0   0   2   0   2   3   0   0  44  1.26 0.57
  155 D    -5  -6  -1   8  -8  -5  -3  -1  -6  -7  -8  -5  -7  -8  -6  -2  -5  -8  -7  -7    0   0   2  87   0   0   0   6   0   0   0   0   0   0   0   3   0   0   0   0  2.54 0.98
  156 P     0  -4  -3  -4  -1   2  -3  -4  -4   2   0  -3  -1  -3   4   0   2  -4  -3   2    9   0   0   0   1   9   0   1   0  13   9   0   1   0  18   6  14   0   0  16  0.45 0.32
  157 S    -2   3   2  -2  -2   1  -1   0   2  -2  -3   4  -2  -4  -2  -1  -1  -5  -3   0    2  16  11   1   1   5   3   6   6   3   2  29   1   0   1   4   2   0   0   6  0.41 0.30
  158 Y    -3   3   0  -1  -4  -1   1  -3   2  -4  -2   5  -2  -2  -4  -2  -1  -4   1  -2    1  17   5   3   0   1   9   1   6   1   3  37   1   2   0   2   4   0   4   2  0.63 0.39
  159 E    -5  -5  -1   2  -8  -2   7  -6   1  -7  -6  -4  -6  -7  -6  -4  -5  -7  -6  -7    0   0   3  10   0   0  79   0   3   0   1   0   0   0   0   1   0   0   0   0  2.07 0.90
  160 K     0   1   0   0  -4   2   1  -2   4  -1  -2   3   0  -3  -3   0  -1  -4   0  -2    7   6   3   5   0   7   9   2  11   3   3  22   3   0   0   8   2   0   4   2  0.31 0.24
  161 I    -2  -4   3  -5  -4  -4  -5  -4  -3   6   1  -3  -1  -4  -5  -2   3  -4  -4  -1    2   0  13   0   0   0   0   1   0  41  13   1   1   0   0   2  21   0   0   3  0.87 0.49
  162 A     7  -6  -6  -6  -1  -5  -5  -3  -6  -5  -5  -5  -5  -6  -3  -2  -3  -7  -6  -2   89   0   0   0   1   0   0   1   0   0   1   0   0   0   1   2   1   0   0   2  2.01 0.88
  163 V    -3  -5  -6  -6  -3  -6  -5  -6  -5   4   1  -5  -2  -2  -6  -5  -3  -4  -4   6    2   0   0   0   1   0   1   0   0  24  12   0   0   1   0   1   1   0   0  56  1.34 0.60
  164 A     2   4   0  -2  -4   1  -1  -3   1  -4  -1   4  -2  -4  -4  -1  -1  -5  -3  -3   17  24   4   2   0   6   3   1   3   0   5  23   1   0   0   5   4   0   1   1  0.51 0.34
  165 E    -5  -5  -5  -3  -8  -3   8  -7  -5  -7  -7  -3  -6  -7  -6  -5  -5  -7  -6  -7    0   0   0   0   0   0  97   0   0   0   0   1   0   0   0   0   0   0   0   0  2.75 1.08
  166 A     7  -6  -6  -6   5  -4  -5  -3  -6  -5  -5  -5  -5  -6  -5  -2  -4  -6  -6  -4   83   0   0   0  10   0   0   1   0   0   0   0   0   0   0   1   1   0   0   1  1.96 0.85
  167 K    -2   5   3  -3  -5   1  -2  -3   1   0  -2   4  -2  -4  -4  -1  -2  -4  -4  -2    3  28  15   1   0   7   1   1   3   5   4  23   1   0   0   3   2   0   0   3  0.63 0.39
  168 K    -2   5  -1  -3  -3   0  -2  -4  -2  -1  -3   5  -1  -5  -5  -2  -1  -6  -5  -2    3  29   3   1   1   3   1   1   1   5   2  41   2   0   0   3   4   0   0   3  0.94 0.50
  169 L    -2  -2  -4  -5  -2  -3  -4  -6  -5  -1   5   1   4  -3  -5  -3  -2  -5  -4  -1    3   2   1   0   1   1   1   0   0   2  58   9  12   0   0   1   2   0   0   4  0.94 0.50
  170 G    -3   0   4  -1  -4  -3  -2   6   0  -6  -6   2  -3  -5  -5  -2  -4  -6  -5  -6    1   4  17   3   0   1   2  51   2   0   1  13   1   0   0   2   0   0   0   0  1.12 0.54
  171 I    -4  -6  -7  -7  -5  -6  -6  -7  -7   8   0  -6  -1  -4  -6  -6  -3  -6  -5   3    1   0   0   0   0   0   0   0   0  73   7   0   1   0   0   0   1   0   0  14  1.90 0.75
  172 P    -3  -3  -5  -5  -7  -4  -3  -6  -5  -5  -6   1  -6  -7   8  -3  -2  -7  -5  -5    1   1   1   1   0   1   1   0   0   0   1   8   0   0  79   1   3   0   0   1  2.42 0.94
  173 V    -4  -5  -3  -6  -1  -5  -5  -6  -6   5  -1  -5  -1  -4  -5  -3   2  -6  -3   5    1   0   1   0   1   0   0   0   0  32   3   0   1   0   0   2  12   0   1  45  1.21 0.56
  174 L    -3  -6  -6  -6  -3  -6  -6  -6  -6   6  -2  -6  -1   1  -6  -5  -4  -6  -3   5    1   0   0   0   0   0   0   0   0  48   2   0   1   6   0   0   0   0   1  39  1.50 0.63
  175 A     6  -5  -5  -5   2  -5  -5   3  -5  -5  -5  -5  -5  -6  -5   1  -1  -6  -6  -4   61   0   0   0   4   0   0  22   0   0   1   0   0   0   0   8   4   0   0   0  1.33 0.66
  176 L    -5  -6  -7  -7  -5  -5  -6  -7  -7   6   4  -6   3  -2  -4  -5  -4  -6  -5   3    0   0   0   0   0   0   0   0   0  45  32   0   6   1   1   0   0   0   0  15  1.33 0.58
  177 V     0  -6  -5  -6   4  -5  -6  -5  -6   2   1  -5   0  -4  -6  -2   0  -6  -5   5    7   0   0   0   8   0   0   0   0  10  15   0   2   0   0   3   5   0   0  50  0.99 0.50
  178 D    -6  -6   2   8  -8  -5  -3  -4  -6  -8  -8  -5  -8  -8  -6  -3  -6  -9  -8  -8    0   0   7  89   0   0   0   1   0   0   0   0   0   0   0   2   0   0   0   0  2.70 1.01
  179 T    -4  -6  -4  -6  -5  -5  -5  -6  -6  -6  -5  -5  -5  -7  -6   3   8  -7  -6  -3    0   0   0   0   0   0   0   0   0   0   0   0   0   0   0  18  80   0   0   1  2.20 0.96
  180 N    -6  -5   8   4  -5  -5  -4  -5  -4  -7  -8  -5  -7  -8  -7  -4  -5  -9  -7  -8    0   0  79  20   0   0   0   0   0   0   0   0   0   0   0   0   0   0   0   0  2.59 0.99
  181 C     1  -5  -1  -4   9  -5  -5  -1  -3  -2  -5  -5  -5  -5  -6   2   1  -6  -5   0   13   0   3   1  43   0   0   5   1   2   0   0   0   0   0  18   7   0   0   7  1.41 0.62
  182 D    -5  -5   5   8  -8  -5  -3  -6  -5  -7  -7  -4  -7  -8  -6  -2  -4  -9  -7  -8    0   0  22  73   0   0   0   0   0   0   0   1   0   0   0   3   0   0   0   0  2.27 0.88
  183 P    -5  -6  -7  -6  -8  -6  -6  -7  -7  -2  -4  -6  -5  -6   9  -5  -6  -9  -8  -4    0   0   0   0   0   0   0   0   0   3   2   0   0   0  93   0   0   0   0   1  3.11 1.12
  184 T    -3  -1   0   6  -4  -1   2  -3  -2  -5  -5   0  -5  -5  -4   1   2  -6  -4  -4    2   4   4  42   0   1  13   2   1   0   1   4   0   0   0  10  13   0   1   1  0.87 0.47
  185 P    -2  -2   0   0  -2   0   1   1  -2  -1   2   0   1  -1   1  -1  -1  -3  -2   0    2   1   5   5   1   5  10  13   1   2  27   7   3   2   6   3   2   0   1   5  0.13 0.16
  186 I     1  -6  -5  -7  -3  -6  -6  -6  -6   6  -1  -6  -2  -3  -5  -4  -2  -6  -3   5   10   0   0   0   0   0   0   0   0  39   3   0   1   1   0   0   2   0   1  43  1.31 0.58
  187 D    -2  -4   1   7  -4  -1   0  -4  -4  -7  -7  -2  -6  -6  -5  -1   1  -8  -7  -6    4   0   5  66   0   3   5   1   0   0   0   2   0   0   0   4   9   0   0   0  1.58 0.68
  188 Y    -5  -6  -5  -6  -3  -6  -6  -7   2   1  -1  -5  -3   4  -7  -6  -5   1   9  -3    1   0   1   0   1   0   0   0   5   9   5   0   0  15   0   0   0   1  61   2  2.02 0.79
  189 V    -1  -5  -6  -6  -3  -4  -5  -4  -6   1  -2  -4  -2   0   7  -2  -4  -7  -5   3    5   0   0   0   1   0   0   2   0   8   3   1   1   4  50   2   0   0   0  24  1.38 0.62
  190 V    -6  -8  -8  -8  -6  -7  -8  -8  -8   8  -2  -7  -2  -4  -7  -7  -5  -7  -6   2    0   0   0   0   0   0   0   0   0  87   1   0   0   0   0   0   0   0   0  11  2.46 0.89
  191 P    -3  -7  -7  -7  -6  -6  -6  -7  -7  -4  -7  -6  -5  -5   9  -5  -6  -9  -8  -2    2   0   0   0   0   0   0   0   0   1   0   0   0   1  91   0   0   0   0   3  3.05 1.09
  192 C     5  -6  -5  -5   0  -5  -5   5  -6  -5  -6  -5  -2  -6  -5   0  -3  -6  -6  -4   42   0   0   0   2   0   0  47   0   0   0   0   1   0   0   6   1   0   0   1  1.39 0.63
  193 N    -7  -5   9  -4  -8  -5  -5  -5  -4  -8  -9  -4  -7  -8  -7  -3  -5  -9  -7  -8    0   0  99   0   0   0   0   0   0   0   0   0   0   0   0   1   0   0   0   0  3.24 1.13
  194 D    -6  -6  -1   9  -8  -5  -3  -6  -6  -8  -9  -5  -8  -8  -6  -4  -5  -9  -8  -7    0   0   2  97   0   0   0   0   0   0   0   0   0   0   0   0   0   0   0   0  2.97 1.04
  195 D    -3  -4   0   8  -8  -5  -2  -5  -3  -8  -8  -4  -7  -8  -6  -1  -3  -9  -6  -7    3   1   3  86   0   0   1   0   0   0   0   0   0   0   0   4   1   0   0   0  2.40 0.89
  196 S     6  -5  -2  -4  -4  -4  -5  -2  -5  -5  -5  -4  -5  -6  -5   4  -2  -7  -6  -4   64   0   1   0   0   0   0   3   0   0   1   0   0   0   0  29   2   0   0   0  1.46 0.69
  197 L    -1   1  -4  -5  -3  -3  -3  -4  -3   5   1  -1   2  -2  -1  -1   0  -4  -2   2    4   7   0   0   0   1   1   1   1  38  10   3   4   1   3   4   5   0   1  16  0.55 0.32
  198 K     0   6  -2  -3  -4  -1  -2  -2  -2  -4  -5   4  -3  -6  -4   1  -2  -6  -5  -4    7  42   1   1   0   2   2   4   1   1   1  25   0   0   1  11   1   0   0   1  1.01 0.50
  199 S     3  -5  -3  -5  -3  -4  -4  -2  -5  -6  -6  -4  -5  -6  -4   6   0  -7  -6  -4   26   0   0   0   0   0   0   2   0   0   0   0   0   0   0  66   4   0   0   1  1.55 0.74
  200 I    -4  -7  -6  -7   2  -6  -7  -7  -7   7   0  -6  -2  -4  -7  -5  -4  -6  -5   4    1   0   0   0   4   0   0   0   0  64   7   0   0   0   0   0   0   0   0  22  1.71 0.66
  201 R     0   3   1   0  -5   2   2  -1  -1  -5  -5   3  -3  -4  -3   1   0  -5  -3  -4    6  17   5   6   0   8  13   5   1   0   0  23   0   0   0   8   6   0   1   0  0.47 0.30
  202 L    -4  -5  -6  -7  -3  -5  -6  -7  -4   1   5  -4   1   3  -6  -5  -4   1   3   0    0   0   0   0   0   0   0   0   0   7  57   1   3  12   0   0   1   2  12   4  1.12 0.50
  203 I    -4  -6  -6  -7  -3  -6  -6  -7  -5   6   1  -6   2   3  -6  -5  -4  -4   3   2    0   0   0   0   0   0   0   0   0  46  12   0   4  14   0   0   0   0   8  14  1.19 0.51
  204 I     0  -5  -4  -5   4  -4  -5  -5  -5   1   3  -4   1  -2  -4  -1   3  -5  -3   3    8   0   0   0   8   0   0   0   0   7  31   0   3   1   0   3  20   0   0  18  0.64 0.37
  205 S    -1   2   3   2  -3   0   1   1   0  -5  -4   1  -3  -5  -4   2   0  -4  -3  -4    5  10  15  13   0   4  11  10   2   0   0   9   0   0   0  16   5   0   0   0  0.40 0.27
  206 A     0   1  -2  -2  -2   0   1  -3   0   0   1   2  -1  -1  -3  -1   0  -3   1   1    9   6   1   1   1   4   8   1   2   6  15  19   1   3   0   2   7   0   6   9  0.13 0.15
  207 I    -2  -6  -6  -6  -1  -5  -6  -6  -6   5   3  -6   3   1  -6  -5  -3  -5  -4   3    3   0   0   0   1   0   0   0   0  37  29   0   8   6   0   0   0   0   0  17  1.05 0.46
  208 K     5  -2  -3  -4   0  -2  -2   0  -4  -2  -3   0  -2  -3  -4   1   1  -5  -4   1   47   1   0   0   2   1   3   8   0   1   2   6   1   1   0   8   7   0   0  10  0.58 0.38
  209 D    -1  -2   1   5  -6   0   4  -3  -3  -5  -4   1  -3  -3  -3   0  -1  -6  -4  -4    5   2   6  34   0   4  26   2   0   0   1   7   0   1   1   6   3   0   0   1  0.78 0.41
  210 N     6  -4  -2  -5  -4  -4  -3  -2  -5  -5  -5  -3  -3  -5  -5   0   0  -6  -4  -2   76   0   2   0   0   0   1   2   0   0   1   1   0   0   0   6   7   0   0   3  1.44 0.68
  211 I    -1  -6  -6  -6   3  -5  -6  -6  -4   6  -1  -6   0  -1  -6  -4  -4  -1   3   4    4   0   0   0   5   0   0   0   0  45   4   0   2   1   0   0   0   1  10  26  1.15 0.51
  212 I     0  -1   0  -3   1   0   1  -2  -3   2   2   2   0  -2  -3  -1  -1  -4  -3   0    8   3   4   0   4   5  10   2   0  15  22  15   2   0   0   3   2   0   0   5  0.18 0.18
  213 N     1  -1   0   2  -6   0   6  -4  -3  -4  -4   1  -3  -5  -4  -1  -2  -6  -4  -4   11   3   3   8   0   3  53   1   0   1   1   7   1   0   0   4   1   0   0   1  0.94 0.49
  214 T     2  -5  -2  -5  -6  -5  -4   7  -6  -3  -6  -4  -6  -7  -6  -1  -4  -6  -6  -5   14   0   2   0   0   0   1  76   0   2   0   0   0   0   0   3   1   0   0   1  1.76 0.68
  215 K    -1   4  -1  -3  -4   2  -2  -3  -1  -2  -1   5  -1  -3  -3  -2  -2  -4  -1  -3    5  25   3   0   0   9   1   2   1   2   6  35   1   1   1   2   2   0   2   1  0.67 0.37
  216 K     2   0   1  -1  -3   3   2   0   0  -3  -3   3  -2  -4  -3   0  -1  -4  -3  -2   17   4   6   3   0  15  13   8   2   1   2  19   1   0   0   5   2   0   0   3  0.33 0.24
  217 K     0   1   1   0  -3   2   2   0  -2  -1  -1   2   0  -3  -2   1  -1  -4  -3  -2    6   7   5   4   0  10  17   5   0   3   6  17   2   0   1   9   3   0   0   3  0.22 0.17
  218 L     1   2  -1  -2  -2   0   0  -2   0   0   0   1   0   1  -2  -1  -1  -1   2   0   16  14   2   1   0   2   5   2   2   7   8   8   3   7   2   3   2   1   8   9  0.09 0.10
  219 G     1   0  -1   0  -3   1   1   1  -1  -2  -2   2  -1  -3   2   0   0  -3  -3  -1   12   4   2   3   0   8  11  11   1   2   3  14   1   1   8   7   7   0   0   4  0.18 0.13
  220 V     2   0  -1  -1  -3   1   1  -2  -2   0  -1   2  -1  -1   1   0   0  -3  -2   1   18   3   2   3   0   7  12   2   0   5   5  14   1   2   5   6   4   0   1  11  0.14 0.13
  221 E     0   1  -1   1  -4   2   3  -2  -1  -2  -3   2  -2  -2   0   0   0  -3  -2  -2    8   7   3   6   0   8  22   2   1   2   2  17   1   2   3   7   4   0   1   3  0.28 0.19
  222 I     1   0  -1   0  -2   0   1  -1  -2   0   0   2   0  -1   0   0   0  -3  -1   1   14   3   3   6   0   4   8   5   1   5   8  16   2   2   4   4   5   0   1  10  0.06 0.08
  223 V     1  -1  -1  -1  -3   0   1  -1  -2   0  -1   0   0   0   1   0   0  -3  -1   1   16   3   2   2   0   4  13   4   0   4   6   7   2   4   6   5   4   0   2  16  0.08 0.10
  224 S     2   0  -1   0  -3   1   3  -1  -1  -2  -3   2  -2  -3  -1   1   0  -4  -3  -1   22   3   2   5   0   4  19   4   1   2   1  13   1   1   3  10   5   0   0   3  0.27 0.20
  225 P     1  -1   0   1  -4   1   3   0  -2  -3  -2   0  -2  -4   4   0  -1  -4  -3  -1   11   3   3   7   0   6  19   6   0   1   3   5   0   0  20   6   3   0   0   4  0.37 0.22
  226 I     1   0  -1   1  -3   0   2  -1  -2  -1  -1   2  -1  -2   0   0  -1  -4  -2   0   16   4   1   6   0   4  17   5   0   4   4  12   1   1   5   6   2   0   1  10  0.15 0.14
  227 K     0   0  -1   0  -4   1   4  -2  -2  -3  -3   3  -2  -3   1   0  -1  -5  -4  -1    8   3   1   4   0   7  27   3   0   1   1  21   1   1   8   6   2   0   0   5  0.42 0.28
  228 T     2  -1  -1   0  -3   1   3  -1  -2  -2  -1   1  -2  -2   0   0   1  -2  -2  -1   17   3   2   5   0   6  21   4   0   2   5  10   1   1   5   6   8   0   1   4  0.20 0.17
  229 L     1  -1  -1   0  -3   1   2  -1  -2  -1  -1   1  -1  -1   1   0   0  -3  -2   0   17   2   2   4   0   6  15   3   0   3   7  10   2   2   6   5   6   0   1   9  0.11 0.12
  230 S     2  -1   0   1  -3   0   2  -1  -2  -2  -2   1  -1  -2   0   0   0  -4  -2   0   23   3   4   8   0   2  14   4   0   2   3  10   2   2   4   7   6   0   1   6  0.17 0.15
  231 T     1   0  -1   1  -3   0   1  -1  -1  -1  -2   1  -1  -3   0   0   2  -4  -2   0   16   5   2   7   0   3  10   5   1   2   3  12   1   1   4   5  17   0   1   6  0.16 0.15
  232 E     0   0  -1   1  -4   2   4  -2  -3  -2  -3   2  -3  -4  -2   1  -1  -4  -2  -1    8   5   1   6   0   8  32   3   0   2   1  14   0   0   2  10   2   0   1   5  0.42 0.27
  233 D     0  -1   0   2  -4   1   4  -2  -2  -3  -3   2  -2  -5   1   1   1  -4  -3  -2    8   2   3  11   0   4  26   2   0   2   1  12   1   0   8  10   7   0   0   2  0.38 0.24
  234 G     2   0   0   1  -3   0   1   1  -1  -2  -2   2  -1  -3  -1   1   0  -4  -3  -1   17   4   3   8   0   4  11  10   1   1   2  14   2   1   3   9   5   0   0   5  0.16 0.13
  235 S     2  -1  -1   2  -3   0   1  -1  -2  -1  -1   1  -2  -2   1   1   0  -4  -2   0   20   1   3  11   0   3   9   4   0   2   4   9   1   2   8   8   7   0   1   8  0.15 0.14
  236 E     0   0  -1   2  -5   1   5  -3  -2  -4  -4   2  -3  -5   0   0  -1  -4  -4  -1    9   3   1  11   0   6  39   1   0   0   0  10   1   0   4   5   3   0   0   5  0.60 0.33
  237 E     0   0   2   1  -4   1   4  -2  -1  -3  -3   2  -3  -3   0   0  -1  -5  -3  -1    8   4   9   5   0   4  32   2   1   1   2  14   0   1   3   5   4   0   0   4  0.39 0.24
  238 I     1   0  -1   0  -2   0   1  -1  -2   1   0   0   1  -1   0   0   0  -2  -1   1   15   4   1   4   0   3   9   4   0   9   5   6   5   2   4   7   7   1   1  13  0.06 0.08
  239 D     1   0   0   3  -4   0   3  -1  -2  -2  -3   1  -2  -3   0   1   0  -4  -3  -2   13   3   4  16   0   3  23   3   1   2   1  10   1   1   4   9   5   0   1   3  0.32 0.21
  240 I     1  -1  -1  -1  -2   0   1  -1  -1   1   0   1   0  -1   0   0   0  -3  -2   1   12   2   2   2   0   3  13   4   1   8  11  10   3   3   4   6   7   0   1  11  0.06 0.08
  241 A     2   0  -1   0  -3   0   2   0  -3  -1  -1   1  -2  -3   2   0   0  -4  -2   0   23   4   3   4   0   2  13   7   0   3   5  10   0   0   9   6   4   0   1   6  0.19 0.15
  242 A     3   0  -1  -1  -3   1   1  -1  -2  -2  -2   0  -1  -3   0   2   1  -4  -3  -1   28   4   2   2   0   7  12   3   0   2   2   6   1   1   4  14   8   0   0   5  0.26 0.20
  243 G     2  -1   0   1  -3   1   1   1  -1  -1  -1   1  -1  -3   0   0   0  -4  -3  -1   19   3   5   7   0   6   9  12   1   3   5   8   1   1   4   6   7   0   0   4  0.13 0.10
  244 D    -1   0  -1   2  -4   1   4  -2  -2  -3  -3   2  -2  -4   1   1   0  -5  -2  -3    4   4   2  12   0   5  29   3   0   1   1  14   1   0   6   9   5   0   1   1  0.44 0.25
  245 D     0   0   1   2  -4   1   4  -1  -2  -2  -3   2  -3  -4  -1   0   0  -5  -3  -1    6   4   6  13   0   7  28   3   0   2   1  11   0   0   2   6   4   0   1   5  0.36 0.22
  246 N     1   0   1   1  -3   0   2   0  -2  -2  -3   1  -1  -3   1   1   0  -4  -3   0   11   3   8   9   0   3  19   5   0   1   1  10   1   1   7   9   4   0   1   7  0.21 0.15
  247 R     0   2   0   1  -3   1   2  -1  -1  -2  -2   2  -1  -2   1   0  -1  -4  -3  -1   10  12   3   7   0   7  13   3   1   1   4  15   1   1   8   4   4   0   0   5  0.20 0.14
  248 K    -1   1  -1  -1  -5   1   3  -1  -3  -3  -3   4  -2  -5  -1  -1  -1  -5  -4  -2    4   5   3   2   0   4  25   5   0   2   3  33   0   0   3   4   4   0   0   2  0.52 0.29
  249 E    -1   1   0   1  -5   0   4  -2  -3  -3  -3   2  -2  -4   0   0  -1  -5  -4  -1    5   8   3   5   0   3  34   2   0   1   2  16   1   0   5   7   2   0   0   6  0.44 0.26
  250 D     0   0   0   4  -4   0   3   0  -3  -1  -4   2  -3  -4   0   0  -1  -5  -3  -2    7   4   3  22   0   2  22   7   0   4   0  11   0   0   4   6   3   0   0   2  0.38 0.21
  251 L     1  -1  -1  -1  -3   0   1  -1  -2   0   1   1   0  -1   0   0   0  -3  -2   1   14   2   1   3   0   2  13   4   0   5  14  13   1   2   5   4   7   0   0  11  0.09 0.10
  252 L     0   0   1  -1  -3   0   1  -1   0   0  -1   1   0  -3   3   0   1  -4  -2   0    7   6   6   1   0   3   9   3   2   5   6  11   2   0  16   7   8   0   0   8  0.18 0.12
  253 A     3  -1  -1   1  -3   0   1  -1  -2  -2  -3   2  -3  -4  -1   1   0  -4  -1   0   31   2   2   7   0   4   8   3   0   2   1  14   0   0   2  12   4   0   2   6  0.27 0.20
  254 K     0   1  -1  -1  -5   1   4  -2  -3  -2  -4   4  -2  -5  -1  -1  -1  -5  -3  -2    6   8   2   2   0   5  27   2   0   2   1  33   1   0   2   3   2   0   1   3  0.59 0.30
  255 K     1   0   0   0  -4   1   2  -2  -2  -3  -3   4  -2  -4   2   0  -1  -5  -4  -1   16   4   3   5   0   5  14   2   0   1   2  27   1   0   9   7   2   0   0   4  0.35 0.21
  256 Y     1  -1   0  -1  -3   0   1  -1  -2  -1  -2   2  -2  -1   1   0   0  -3   1   0   15   1   6   3   0   4  13   4   0   3   2  18   0   3   5   7   5   0   5   8  0.14 0.13
  257 D     0  -1   1   3  -4   0   3  -2   0  -3  -4   1  -2  -4   0   1   2  -5  -4  -1    7   1   6  20   0   3  19   2   2   1   0   7   1   0   5   8  15   0   0   4  0.36 0.20
  258 S     1   0  -1   0  -3   1   2   0  -2  -2  -3   2  -1  -4   0   1   1  -4  -3  -1   11   3   1   4   0   7  15   7   0   1   1  16   1   0   4  12  11   0   0   4  0.24 0.16
  259 N     0  -1   1   2  -4   0   2  -2  -2  -2  -3   2  -3  -4   1   2   0  -5  -4  -1    7   2   6  14   0   2  17   1   0   3   1  15   0   0   6  19   4   0   0   4  0.33 0.19
  260 E    -1   2   0   1  -5   0   5  -3  -2  -5  -4   3  -4  -5   0   0  -1  -5  -1  -3    3   9   3   5   0   1  43   1   0   0   1  18   0   0   4   6   2   0   2   1  0.67 0.30
  261 A     3  -1  -1   0  -4   1   4  -3  -3  -4  -3   3  -2  -5  -3   0  -1  -5  -4  -3   34   1   3   3   0   5  27   0   0   0   1  19   1   0   0   3   2   0   0   0  0.59 0.28
  262 N    -3  -3   5   5  -5  -1   3  -3  -2  -5  -5  -2  -4  -5  -3   2  -2  -6  -4  -5    0   0  34  35   0   0  17   0   0   0   0   0   0   0   0  14   0   0   0   0  1.03 0.31

                      K         Lambda
Standard Ungapped    0.1350     0.3166
Standard Gapped      0.0617     0.2670
PSI Ungapped         0.2015     0.3177
PSI Gapped           0.0617     0.2670
