
Last position-specific scoring matrix computed, weighted observed percentages rounded down, information per position, and relative weight of gapless real matches to pseudocounts
            A   R   N   D   C   Q   E   G   H   I   L   K   M   F   P   S   T   W   Y   V   A   R   N   D   C   Q   E   G   H   I   L   K   M   F   P   S   T   W   Y   V
    1 M    -6  -7  -8  -9  -7  -6  -8  -8  -7   2   2  -7  10  -5  -8  -7  -6  -7  -6   0    0   0   0   0   0   0   0   0   0  10  16   0  70   0   0   0   0   0   0   5  2.76 1.13
    2 T    -2  -1   2  -2  -4   0  -2  -4  -2  -3  -1   0  -1  -4  -5   2   5  -1  -3  -3    2   4  11   2   0   4   3   1   1   1   6   7   1   0   0  17  37   1   1   1  0.67 0.50
    3 F    -6  -7  -5  -5  -4  -7  -7  -8  -4   5   4  -6  -1   4  -4  -5  -4   4  -1   2    0   0   0   1   0   0   0   0   0  30  31   1   1  15   1   1   1   5   2  10  1.16 0.60
    4 E    -3   0   1   4  -5   2   4  -4  -3  -1  -4   2  -6  -7  -2   0  -1  -7  -4  -5    1   5   6  22   0  10  24   1   0   4   2  10   0   0   2   6   4   0   1   1  0.68 0.48
    5 E    -1   0   1   4  -5   2   5  -6  -1  -6  -4   0  -3  -1  -5   0  -4  -3  -4  -7    6   6   5  19   0   9  34   0   2   0   1   6   1   3   0   6   1   0   1   0  0.82 0.55
    6 L     1  -5  -6  -8  -3  -5  -7  -6  -5  -1   4  -5   0   7  -8  -3  -4  -5   2  -3   10   1   0   0   1   1   0   1   0   4  32   1   2  39   0   2   1   0   5   2  1.31 0.69
    7 L    -3  -6  -6  -8  -1  -5  -7  -8  -3   4   4  -4   1   4  -7  -5  -2  -6  -1   0    3   0   0   0   2   0   0   0   1  21  42   1   3  16   0   1   3   0   2   5  1.10 0.59
    8 E    -2   0   2   4  -5   2   4  -5  -1  -3  -6   2  -5  -4  -5  -1   0  -8  -6  -5    4   4  10  18   0   9  27   1   2   1   1  10   0   1   0   4   6   0   0   1  0.74 0.51
    9 E    -2   1   0   1  -7   1   3  -5   2  -2  -1   1   0  -2  -6  -1  -3  -1   6  -3    3   7   4   8   0   5  18   1   5   2   6   7   2   2   0   5   2   1  24   2  0.58 0.43
   10 Y    -6  -6  -8  -5   1  -6  -6  -8  -1   0   3  -5  -1   5  -8  -5  -6   2   7  -4    1   0   0   1   3   0   0   0   1   4  25   1   1  23   0   1   0   2  33   1  1.56 0.78
   11 F    -3   2  -4  -5   2   0  -1  -5  -4   2   4  -1   2   1  -6  -2  -1  -1  -1  -1    2  10   0   0   4   5   4   1   0  10  36   5   4   7   0   3   3   1   2   3  0.52 0.36
   12 F     0   1  -1  -2  -4   0   0  -3   0   1   1   0  -1   3  -5  -1  -1  -3   3   1    7   6   2   2   0   4   7   1   2   6  14   7   1  11   0   5   4   0  10   9  0.17 0.17
   13 A     0  -3  -2   0  -5   0   6  -4   1  -2  -3  -4  -3  -2  -7  -1  -1  -5   0  -1    9   2   2   5   0   4  48   1   3   3   3   1   1   2   0   5   4   0   4   5  0.90 0.61
   14 R    -5   6   0  -4  -2   0  -2  -8   2  -7  -5   6  -2  -9  -8  -4  -5  -6  -8  -6    1  37   4   1   1   4   3   0   4   0   1  40   1   0   0   1   1   0   0   1  1.64 0.88
   15 L    -4   2   5   0  -4   0  -2   4   0  -3  -3  -1  -4  -5  -6  -1  -4  -2  -3  -4    1  11  27   6   0   4   3  29   2   2   3   4   0   1   0   4   1   1   1   1  0.84 0.54
   16 L    -1  -1  -3  -7   1  -5  -7  -7  -1  -2   5  -2  -1   2  -5  -4  -6  -2   5  -1    6   3   1   0   2   1   0   0   2   2  47   3   1   7   1   2   0   0  19   4  1.03 0.60
   17 R     0   2  -3  -4  -4  -4  -4  -6  -6  -9  -9  -2  -6  -9  -6   7  -1 -10  -8  -8    8  10   1   1   0   1   1   0   0   0   0   3   0   0   0  69   4   0   0   0  1.81 1.04
   18 P    -1  -2  -1   1  -7   0   3  -5  -2  -2  -3   1  -5  -6   5   0  -3  -4  -5  -3    5   2   3   7   0   4  19   1   1   2   3  10   0   0  31   8   1   0   0   2  0.75 0.54
   19 D     0   2   5   0  -4  -1  -1  -4   6  -5  -3   2  -4  -3  -5  -2  -4  -5  -1  -4    7  10  27   5   0   2   4   1  18   1   3  12   0   1   1   3   1   0   3   1  0.88 0.54
   20 T    -6  -8  -7  -8  -8  -6  -8  -9  -9  -7  -9  -8  -4  -9  -8   1   8 -10  -6  -6    0   0   0   0   0   0   0   0   0   0   0   0   0   0   0   8  89   0   0   0  2.97 1.45
   21 Q    -2  -2  -6  -8  -2  -1  -2  -7  -5   6   3  -2  -1  -4  -7  -5  -3  -4  -4   4    3   2   0   0   1   3   3   0   0  36  22   2   1   1   0   1   1   0   0  22  1.04 0.57
   22 S    -2   3   0   1  -5   1   2  -4  -1  -1  -3   4  -3  -6  -6   1   0  -1  -3  -3    4  17   4   6   0   6  10   1   1   4   3  24   0   0   0   9   6   1   1   2  0.50 0.39
   23 C     4  -3   2  -1  -3  -2  -3   0  -3  -3  -5  -3  -3  -4  -6   4  -1   1   0  -4   35   2   9   3   1   2   2   7   1   2   1   1   1   1   0  24   4   2   3   1  0.75 0.55
   24 Y    -8  -5 -10 -11 -11  -7  -8  -9  -2  -4  -6  -7  -6  -3 -11 -10 -10  -6  10  -6    0   1   0   0   0   0   0   0   1   1   1   0   0   1   0   0   0   0  93   1  3.93 1.71
   25 R    -1   5  -3  -2  -1   2   1  -1   0  -1  -1   2  -1  -3  -6  -1  -1  -2  -3  -3    4  27   1   2   1   8   9   5   2   4   8  13   2   1   0   5   5   1   1   2  0.46 0.36
   26 T     0   3   2  -1  -2   0   0  -2   1   0  -2   2  -2  -3  -5   1   1  -4   0  -2    6  16  10   3   1   4   5   3   3   6   4  10   1   1   0  12   8   0   4   2  0.26 0.25
   27 A    -1  -6  -1   7  -2  -5  -2  -6   1  -1  -7  -4  -2  -6  -7  -2  -1  -5  -3   0    6   0   3  61   1   0   3   0   3   4   1   1   1   0   0   3   3   0   1   8  1.56 0.85
   28 V    -4  -8  -7  -9  -3  -7  -9  -9  -5   3   6  -8  -1   1  -7  -7  -2  -3  -2   2    2   0   0   0   1   0   0   0   0  17  58   0   1   4   0   0   3   0   1  11  1.45 0.74
   29 N    -1   4   3  -1  -4   0   1  -1   0  -2  -2   3  -2  -4  -5   0   0  -4  -1  -3    5  19  12   3   0   4  10   4   2   2   4  16   1   1   0   8   5   0   2   2  0.39 0.32
   30 Q    -1   0  -1   1  -2   5   0  -2   1  -2  -1   1  -1  -2  -4   0  -1  -3   1  -3    6   6   2   7   1  28   6   3   3   3   7   7   1   2   1   7   3   0   6   2  0.42 0.37
   31 F    -6 -10 -10 -11  -6 -10 -10 -11  -5  -6   1  -8  -1   9 -11 -10  -9   1   2  -6    1   0   0   0   0   0   0   0   0   0  14   0   1  74   0   0   0   2   6   1  2.83 1.24
   32 T     1   0  -2  -3  -1   0   0  -3  -1   2   2   0   0   2  -4  -1  -1  -3   0   1   10   5   2   1   2   4   6   2   2  11  18   6   2   8   0   5   4   0   3   8  0.14 0.15
   33 H     0   3   2   1  -3   1   3  -2   2  -3  -2   3  -4  -4  -5   0  -2  -2  -4  -4    8  13   9   8   1   5  17   3   4   1   4  14   0   1   0   6   3   1   0   1  0.41 0.33
   34 W    -6  -3  -6  -2  -6  -5  -6  -6   1  -4  -3  -6  -4   8  -7  -5  -5   7   6  -6    1   2   1   3   0   1   1   1   3   1   2   0   1  46   0   1   1  14  21   0  2.08 1.00
   35 R    -1  -1  -2  -3   3   0   0  -2  -1   1   3   0   0   0  -3  -1   0  -5  -2  -1    4   3   2   1   7   4   7   4   1   6  33   5   2   3   1   5   5   0   1   4  0.28 0.24
   36 D    -2  -2   2   4  -7   0   3   2  -1  -3  -6   1  -4  -6  -2   0  -2  -7  -5  -4    3   2  11  19   0   5  19  14   2   2   1   9   0   0   3   7   3   0   0   1  0.55 0.40
   37 V    -1   0  -1  -1   0   0   0  -4  -2   2   0   2  -1   0  -3   0   1  -3  -2   1    4   5   3   3   2   4   6   1   1  15  10  14   1   4   1   6   9   0   1  11  0.15 0.16
   38 L    -1   0   2   2  -4   0   1  -2   0  -2   0   1  -1  -2   0   1   1  -4   0  -3    4   5  10  11   0   3   9   3   2   2   9   9   1   1   4  13   7   0   3   1  0.17 0.19
   39 P    -1  -4   0  -2  -3  -3  -3  -1  -2   2   1  -2  -3   0   5  -1  -2   2  -2   0    5   1   5   2   1   1   2   6   1  12  13   3   0   4  25   5   2   3   1   7  0.42 0.32
   40 A     0  -1   1   2  -1   0   3  -1  -1   0   0   1  -2  -3  -2   1  -1  -2  -3  -1    8   3   6  10   2   3  18   4   1   7  10   7   1   1   2   9   3   1   1   4  0.14 0.16
   41 E    -2  -2   1   4  -8   2   5  -4  -2  -5  -6   1  -3  -4  -4   0  -1  -4  -3  -4    4   2   6  22   0   8  31   1   1   1   1   9   1   1   1   6   4   0   1   1  0.80 0.54
   42 V    -2  -5  -5  -3  -1  -5  -3  -5  -5   5   2  -5  -1  -1  -4  -5  -3  -1  -4   5    3   1   1   2   1   1   2   1   0  33  15   1   1   3   1   1   2   1   1  31  1.02 0.55
   43 T    -3  -2   1   3  -3  -2  -1  -4  -4   0  -3   0  -3  -7  -5   1   5  -2  -7  -2    2   2   7  16   0   2   5   1   0   5   3   5   1   0   0   9  37   1   0   2  0.76 0.54
   44 S     0   3   0   0  -3   0   1  -4   3  -3  -2   2  -3  -2   1   1   1  -3  -1  -2    7  15   4   4   0   5   7   1   6   1   4  11   1   2   8   9  10   0   2   3  0.26 0.25
   45 H    -1   1   0   2  -3   1   2  -3   0   0   0   1  -1  -1  -1   0  -1  -4  -1  -1    4   9   5  12   0   6  12   2   3   5   9   9   1   3   3   7   3   0   3   3  0.13 0.14
   46 M    -2  -3   0   5  -3   0  -1  -4   4   0  -1  -1   1  -3  -5  -2   1  -2  -3   0    4   1   3  31   0   4   4   1   9   5   7   4   3   1   0   3   9   1   1   6  0.52 0.38
   47 V    -2  -3  -5  -5  -1  -5  -5  -6  -4   5   2  -3   1  -1  -6  -4  -2  -7  -2   4    3   2   0   1   1   0   1   1   0  34  18   2   2   2   0   1   2   0   1  27  1.01 0.54
   48 L    -2   5  -1  -2  -3   1   0  -5  -1   1   1   1   0  -2  -4  -1  -2  -3  -2  -2    4  30   3   2   1   5   7   1   1   9  14   7   2   2   1   4   3   0   2   3  0.45 0.34
   49 E     1   2   2   3  -4   1   2   0   0  -3  -2   0  -4  -3  -4   0  -2  -6  -3  -3   10  10   9  16   0   6  16   6   3   1   4   5   0   1   0   8   2   0   1   1  0.35 0.30
   50 W    -4  -4  -5  -4  -5  -6  -5  -6  -2  -3  -2  -4  -3   5  -9  -4  -5   8   7  -3    2   1   1   1   0   0   1   1   1   2   4   1   1  24   0   1   1  21  35   2  1.98 0.94
   51 R    -3   4  -5  -5  -4  -1  -4  -5  -2   3   3  -1   1   2  -6  -4  -4  -3   1   0    2  21   0   1   0   3   1   1   1  15  28   4   3   8   0   1   1   0   5   5  0.66 0.42
   52 H     0   1   1   0  -2   1   0  -1   1   0   0   0   0  -2  -2   0   0  -1   0   0    9  11   7   5   1   6   4   5   5   5   9   5   2   1   1   9   5   1   3   8  0.05 0.07
   53 Y     0  -2  -1  -2  -2   0   1  -4   5  -1  -2   1  -1   2  -5  -1  -3   3   6  -3    7   2   3   2   1   3   8   1  11   3   5   7   2   8   0   6   1   4  23   2  0.55 0.38
   54 L    -2  -1  -2  -2   1   0  -1  -1   1   0   3  -2   3   0  -2  -1  -1  -2   0   0    3   4   1   2   4   5   5   5   3   5  29   2   7   4   2   4   3   1   3   7  0.18 0.16
   55 L    -2   1  -4  -4  -3  -1  -3  -4  -2   0   5   0   2  -1  -6  -2  -3  -5   0  -1    3   8   1   1   1   4   1   1   1   5  49   7   5   2   0   3   1   0   3   4  0.68 0.42
   56 N    -1   1   2   1  -3   2   1  -2   3  -2  -3   2  -2  -2  -4   1   0  -2   0  -2    4   6  12   8   1   7  10   3   7   3   2  14   1   1   0  10   5   1   3   3  0.26 0.22
   57 V    -1   1   0   2  -3   1   3  -2   0  -1  -1   1  -2  -3  -2   0   0  -4  -1  -1    4   8   4   9   1   5  24   3   2   3   5  10   1   1   1   6   5   0   2   5  0.25 0.22
   58 R    -2   4   1  -2  -3   3   0  -2   1  -4  -2   4  -2  -4  -3  -1  -3  -2  -3  -4    3  24   5   2   1  11   5   3   3   1   4  26   1   1   1   5   1   1   1   1  0.65 0.40
   59 C    -2   1   2  -1  -3   0   0   4   1  -4  -3   2  -3  -5  -2  -1  -2  -5  -2  -4    2   6  11   3   1   4   5  36   4   1   2  13   0   0   2   3   2   0   1   1  0.58 0.36
   60 I    -1  -1   1  -3   1  -1  -3  -4  -2   1   3  -2   1   0  -4  -3  -3   3   4   0    5   4   8   1   3   3   1   1   1   9  30   3   3   3   0   1   1   3  15   6  0.39 0.29
   61 K     1  -1   0  -3  -3  -1  -2  -3  -1  -5  -5   5  -3  -7  -5   4   0  -7  -5  -4   10   3   3   1   1   3   2   2   1   0   1  30   0   0   0  35   5   0   0   1  0.87 0.58
   62 P     2   1   0  -2  -3  -2  -1  -3  -2  -2  -5   2  -5  -4   6   0  -1  -7  -6  -1   17   7   5   3   0   1   4   2   1   2   1  10   0   1  33   6   4   0   0   4  0.70 0.46
   63 V     2   3   0  -4  -3  -1  -2  -1   0  -2  -3   1  -2  -4  -3   3   2  -3  -3   0   14  16   4   0   0   2   1   4   2   3   1   8   1   0   1  22  12   0   1   8  0.38 0.34
   64 S    -3  -6  -2  -6  -6  -6  -6  -4  -7  -7  -5  -6  -6  -8  -6   5   7  -8  -3  -6    2   0   1   0   0   0   0   1   0   0   1   0   0   0   0  39  54   0   1   0  1.91 1.00
   65 W    -3  -2  -5  -7  -1   0  -6  -6  -3   6   0  -4   1   0  -7  -4  -3   6  -1   3    2   3   1   0   1   4   0   0   1  39   6   1   2   3   0   1   1  10   2  21  1.03 0.54
   66 N     2   1   6  -3  -3  -1  -3  -3   1  -3  -5   1  -3  -4  -6   1  -3  -3  -3  -3   19   6  42   1   1   2   1   1   4   2   1   7   1   1   0   8   1   0   1   1  0.96 0.58
   67 H    -4   7   2  -4  -3  -2  -4  -3   1  -4  -4  -2  -3  -5  -7  -1   2  -7  -3  -3    1  56   9   1   1   1   0   2   3   1   2   1   1   0   0   5  12   0   1   2  1.33 0.72
   68 Y    -3   3  -2  -5  -3  -2  -3  -6   3  -1  -4   5   0  -3  -6  -3  -3  -3   5  -4    2  15   2   0   1   2   1   0   7   3   2  38   2   1   0   1   1   0  20   1  1.08 0.62
   69 M    -1   0  -3  -6  -2  -4  -5  -5  -1   4   4  -4   2  -1  -6  -2  -3  -1   1   1    5   5   1   0   1   1   0   1   2  24  37   0   4   2   0   3   1   1   4   8  0.68 0.41
   70 R     3   3   0  -3  -3  -1  -3  -3  -1  -2  -4   0  -1  -4  -5   4   0  -3  -3  -1   21  18   4   1   1   2   1   1   1   2   0   4   1   0   0  31   5   0   1   4  0.60 0.46
   71 H     3  -3  -1  -4   2  -2  -4  -1   5  -2  -5  -2  -4  -5  -4   3   2  -6  -1  -1   28   1   2   0   4   1   0   4  13   2   0   2   0   0   1  22  12   0   2   4  0.64 0.47
   72 M    -3  -7  -5  -8   0  -6  -7  -8  -3   4   5  -7   2   0  -7  -6  -3   0  -3   1    2   0   1   0   2   0   0   0   1  21  56   0   5   3   0   0   1   1   1   7  1.27 0.62
   73 R    -4   7  -2  -6  -3  -2  -3  -4  -1  -5  -6   5  -3  -8  -7  -2  -4  -8  -7  -5    1  52   2   0   1   1   1   1   1   1   1  32   1   0   0   3   1   0   0   1  1.67 0.82
   74 A     3  -2  -1  -3  -1  -1  -3   0  -2  -2  -2  -2  -1  -3  -3   4   2  -2  -3  -1   22   2   3   1   1   3   1   7   1   3   3   2   2   1   1  31  13   1   1   3  0.49 0.41
   75 L    -4  -7  -8  -8  -2  -7  -8  -8  -6   0   1  -7   1   8  -8  -7  -7   1   3  -2    1   0   0   0   1   0   0   0   0   4  13   0   3  62   0   0   0   2  10   3  2.06 0.89
   76 Y    -4  -7  -4  -7   2  -7  -7  -4   1  -2   0  -7   0   7  -7  -4  -4   2   6  -3    1   0   1   0   4   0   0   2   3   2   8   0   2  43   0   1   1   2  26   2  1.63 0.76
   77 N    -1   4   4  -1  -6   1  -1  -1   1  -4  -4   4  -5  -1  -5   0  -1  -2  -2  -4    5  19  18   3   0   5   3   4   4   1   1  23   0   3   0   6   3   1   1   1  0.59 0.41
   78 F    -5  -5  -8  -5  -2  -4  -7  -8   0  -4  -4  -5  -6   7  -8  -7  -4   7   7  -3    1   1   0   1   1   1   0   0   3   1   1   1   0  43   0   0   1  15  29   2  2.16 0.95
   79 A     2  -2  -6  -7   4  -4  -6  -1  -3  -2   5  -6   2  -2  -6  -3  -3   0  -3  -3   18   3   0   0   7   1   0   5   1   1  52   0   5   1   0   2   1   1   1   1  0.95 0.56
   80 I    -1   0   0  -1   0   0   1  -2   1   2   1   0   2   0  -4  -1  -1   0   0   2    3   4   4   2   2   4  10   2   4  13  13   5   5   4   0   3   3   1   4  13  0.11 0.13
   81 E    -1   3   0   1  -1   1   2  -2   1  -1  -2   2   0  -1  -4   0  -1  -4   0  -2    5  16   4   7   2   5  15   2   3   3   5  14   2   2   0   5   4   0   3   2  0.24 0.23
   82 Q    -2   1   2   0   0   1   4  -3   2  -3  -4   1   0  -2  -2  -1  -1   0   0  -3    3   7  11   4   2   6  29   2   4   2   2   9   2   2   2   4   4   1   3   2  0.45 0.38
   83 G     0   0   0   0   2   1   0   0   2   0  -1   0   1   1  -3   0   0   3   1  -2    6   6   5   6   5   5   6   6   5   6   6   6   5   5   0   6   6   5   5   0  0.08 0.13
   84 L    -4  -2  -4  -4  -3  -3  -4  -4   2   3   3  -1  -1   1  -6  -5  -4   3   5   1    2   3   1   1   1   2   2   2   4  16  25   4   2   5   1   1   1   3  17   8  0.74 0.41
   85 L    -3  -4  -4  -5   0  -5  -6  -5  -4   6   3  -4   1  -2  -8  -5  -2  -3  -2   2    2   2   1   1   2   1   1   1   1  40  22   1   3   2   0   1   3   1   2  14  1.17 0.58
   86 E    -1  -2   0   3  -4   1   3  -3   0  -4  -3   3  -6  -4   1   1   0  -3  -7  -4    6   3   5  14   1   6  17   3   2   2   3  14   0   1   7  10   7   0   0   1  0.44 0.35
   87 Q    -1   1   1   1  -2   1   3  -2   2  -1  -2   2  -2  -2  -3   1   1  -3  -2  -1    6   6   5   6   1   6  15   3   5   4   4  10   1   2   1   9   8   1   2   4  0.19 0.17
   88 F    -3  -1   5   4  -2  -2  -1  -1  -2  -2  -2   0  -2  -1  -1   1   0  -4  -2  -1    3   3  22  19   1   2   4   4   1   3   4   5   1   2   4   9   5   0   2   4  0.48 0.27
   89 I    -2  -2  -1   0  -1  -2   0  -3  -2   2  -1  -1  -1  -1   5  -1  -1  -1  -1   1    3   3   3   5   1   2   5   2   1   9   6   4   2   3  30   5   4   1   3   8  0.50 0.29
   90 N     0  -6   7  -2  -3  -6  -4  -4  -1  -2  -2  -4   2   0  -3   1   1  -6  -4  -2    9   1  40   2   1   0   1   2   2   3   5   2   5   4   2   9   8   0   1   3  1.00 0.57
   91 P    -1  -1  -2  -1  -7  -1   1  -5  -1  -1  -2  -1  -4  -3   7  -1  -1  -7  -3  -3    5   4   2   4   0   3   8   1   2   3   4   5   1   1  44   6   4   0   1   3  1.00 0.65
   92 F     1   0   0  -2   1  -3  -2  -1  -2  -1   1   0   2   5  -3  -2   0  -1  -1  -1   10   5   5   2   3   1   3   6   1   3  12   5   4  22   1   3   6   1   2   4  0.34 0.22
   93 Q    -1   0   0  -1  -4   0   0  -5   0   3   1   1   0   0  -2  -1  -1  -3  -3   1    5   5   5   3   0   4   6   1   2  18  13   9   2   4   2   5   3   0   1  10  0.22 0.15
   94 K    -2   1   1   1  -3  -1   2   0   1  -1  -2   4  -2  -4   0   0  -2  -7  -2  -2    4   7   6   7   1   3  11   8   3   3   5  22   1   1   4   6   2   0   2   3  0.32 0.25
   95 T    -2  -2  -2  -4  -1  -3  -3  -4  -1   4   2  -1   0  -1  -2   0   2  -2  -2   3    4   2   3   1   2   1   2   2   2  18  16   4   2   2   2   6  11   1   1  17  0.40 0.24
   96 S    -2   1  -1  -3  -7   1   0  -2  -1  -3  -1   2  -2  -3   4   2  -1  -2  -4   0    3   7   3   2   0   5   5   4   2   2   6  13   1   1  19  14   4   1   1   7  0.36 0.32
   97 L    -1   1  -1  -2  -6  -2  -3  -3  -2   1   1   3   0   0   2  -1   0  -6   0   1    5   6   3   2   0   2   2   2   1   7  14  14   2   4  11   5   6   0   3  11  0.23 0.19
   98 R    -1   3  -2  -3  -2  -1  -2  -4  -2   1   0   4  -1  -2   4  -2  -3  -1  -3   0    5  13   2   2   1   3   3   2   1   7   8  19   1   2  19   3   2   1   1   6  0.49 0.36
   99 E    -2   1  -2  -1  -2   1   3  -3  -2  -1  -3   4  -2  -4   3  -2  -1  -7  -3  -1    4   6   2   4   1   6  14   2   1   3   3  23   1   1  14   3   4   0   1   4  0.49 0.38
  100 S    -1   0  -1   0  -2   1   1  -1   0   0  -1   1   0  -1   2  -1   0   1  -1   0    5   6   3   6   1   6   9   6   2   5   6   8   2   2  11   5   5   2   2   6  0.08 0.09
  101 R    -4   3  -1   0  -8   1   0  -3  -1  -1  -3   5  -2  -3   1  -3  -2  -8  -2  -2    2  16   3   6   0   6   5   3   2   4   3  28   1   1   7   3   3   0   2   4  0.59 0.42
  102 K    -3   3  -1  -2  -2  -1   0  -4   1  -1   0   5  -2  -4   0  -2   0  -2  -1  -1    2  12   3   2   1   3   5   2   3   4  10  29   1   1   5   3   5   1   2   5  0.49 0.35
  103 K    -1   1  -2  -3  -2  -1   0  -4  -2   0   2   2  -2  -2   4  -1  -2  -1  -3  -2    5   9   2   2   1   3   6   2   1   6  19  12   1   2  19   4   3   1   1   3  0.38 0.30
  104 K    -1   0   0   0   2   0   0  -1   2   0  -1   0   2   1   0  -1   0   4   1  -1    5   5   5   5   5   5   5   5   5   5   5   5   5   5   5   5   5   5   5   5  0.09 0.08
  105 K    -2   1   0   0  -1  -1   0  -4   1  -2  -2   3  -2   0   4  -1  -2  -1  -1  -1    4   8   4   4   2   3   6   2   4   3   5  15   1   4  18   5   3   1   3   6  0.30 0.25
  106 T    -1  -1  -2  -2  -2  -1  -2  -3  -1   0   1  -1   0   2   0  -1   3   1   0   1    5   4   2   2   1   3   3   3   2   5  15   5   2   7   5   5  16   2   4  11  0.17 0.15
  107 L    -3  -3  -3  -1  -2  -4  -2  -4  -1   1   3  -1  -1   3   1   0   0   0   1   0    3   2   2   3   1   1   3   1   2   8  28   4   2  10   7   6   6   2   4   6  0.35 0.24
  108 T    -1  -1   0   0   0   0   1  -2   0   0  -1   0   0  -1   1   1   2  -4   0  -1    4   3   4   5   2   3   8   3   2   6   7   6   2   2   8  14  12   0   3   5  0.09 0.13
  109 R    -1   1   0   1  -1   0   1  -2   0   0  -1   1   1  -1   0   0   0   1   0   0    4   7   5   8   2   4  10   3   3   5   5   8   4   2   5   8   5   2   4   6  0.06 0.08
  110 E    -2  -1  -1   2  -5   1   4  -2   1  -1  -1   0  -1   0   0  -1  -1   1   0  -2    4   3   3  10   0   5  25   3   3   4   8   6   2   4   5   5   3   2   3   3  0.23 0.24
  111 Q     0  -1  -1   1  -5   3   3  -4   0   0  -1   0   0  -1  -2  -1  -1  -3  -2   0    7   3   3   9   0  12  21   1   2   5   7   5   2   3   3   5   4   0   1   6  0.27 0.25
  112 I    -1  -1  -1   0  -2   1   0  -4  -2   3   1  -1   1  -1  -2  -1   0  -4   0   2    5   3   3   4   1   5   7   1   1  18  12   3   4   3   2   5   5   0   3  13  0.19 0.16
  113 L     0   1   0   0  -3   1   2  -2   0   1   0   1   1  -1  -2  -1   0  -1  -2   0    6   7   4   6   1   5  14   3   2   8  10   9   4   2   1   4   5   1   1   7  0.09 0.11
  114 A     0   3  -2   0  -3   2   2  -3  -1  -2   1   2  -2  -3  -3   0  -1  -5  -2  -2    9  14   2   5   1   9  12   2   1   3  14  11   1   1   1   6   4   0   2   2  0.26 0.24
  115 S     0  -3  -2  -2  -2  -2   1  -4  -5   3   3  -1   2  -1  -3  -1  -1  -5  -2   1    8   2   2   2   1   2   8   1   0  14  30   3   5   2   2   4   5   0   1   7  0.37 0.27
  116 R    -2   1  -1   0  -1  -1  -1  -4  -2   2   3  -1   2   1  -2  -3  -3  -3   0  -1    3   9   3   5   1   2   5   1   1  11  32   3   4   6   2   2   1   0   3   4  0.35 0.25
  117 K     0   1   0   2  -1   1   2  -3  -1  -2   0   2  -1   0   0   0  -2  -2  -1  -2    8   9   5  10   1   5  13   2   2   3  12  11   2   3   4   6   2   0   2   2  0.15 0.16
  118 V     1  -1   1   0  -1   0   0  -2   1   0   0   0   0   0  -1   0   0   3   1   1   11   3   6   5   1   5   6   2   4   5   8   6   2   4   4   6   6   4   4   9  0.06 0.06
  119 L     0  -2  -2  -2   1  -2  -1  -4  -1   2   3  -3   3   0   1  -2  -1  -1   0   0    7   2   2   3   3   2   4   2   1   9  27   2   6   4   7   3   4   1   3   7  0.30 0.20
  120 N    -1   0   1   2   0   0   1  -2   0  -1   0   0   0   0   1   0   0  -3   0  -1    4   6   8  12   2   4   8   3   2   4  10   6   2   4   6   8   4   0   4   3  0.07 0.09
  121 Q     0   2   1   1  -1   2   1  -1   1  -1  -1   1   0  -1  -1   0   1   0   0  -2    6  12   5   7   1   8   9   3   3   3   6   8   3   3   3   7   8   1   3   2  0.10 0.12
  122 Y    -1  -1   0   0   0   0   0  -1   0   0   0  -1   0   2   1   0  -1  -2   2   0    5   3   4   5   3   4   6   4   2   6  11   3   3  10   7   7   4   0   9   5  0.06 0.08
  123 I     0   0   0   1   1   0   0  -1   0   0   0   1   0   0   0   0   0  -3   0   0    6   4   4   7   3   4   6   5   3   7   9   9   3   4   5   5   4   0   3   7  0.02 0.02
  124 E    -1   0   0   1   1   1   2  -1   1  -1  -2   0   0   0   0   0  -1   3   0  -2    6   6   4   9   3   5  14   4   3   4   4   6   3   4   6   6   4   3   4   4  0.11 0.12
  125 R     0   3   0   0  -2   1   1  -1   0  -1  -1   1   0  -1  -1  -1   0  -2  -1   0    7  15   5   5   1   6   9   4   2   4   7  10   3   2   2   5   5   1   3   6  0.11 0.08
  126 E    -1  -1  -1   2  -1   0   4  -1   0  -2  -2   0  -1   0   0   0  -1   0   0  -3    6   4   3   9   1   4  25   5   2   3   5   6   1   5   5   6   4   1   3   2  0.23 0.17
  127 K    -1   1   1   1  -2   0   3  -2   0  -2  -2   2   0  -2  -1   0  -1  -1   0  -2    5   7   6   9   1   5  18   3   2   2   5  14   2   2   3   6   3   1   3   3  0.21 0.15
  128 M     0   0   0   0   0   0   0  -1   0   0   0   0   1   0   0   0   1  -1   0   0    6   6   4   5   2   6   4   4   3   7  12   4   4   4   3   6   8   1   3   7  0.01 0.02
  129 Q     0   0   0   0   0   1   1  -1  -1  -1   0   1  -1   0   0   0   0  -1   0  -1    7   4   4   6   2   6  10   5   1   4  13   8   1   5   4   6   5   1   3   4  0.03 0.04
  130 R     0   2   0   0  -2   0   1  -2   1  -2  -1   2  -1  -1  -1   0   1  -1   0  -2    8  13   5   5   1   3   9   3   3   3   7  12   1   3   3   6   7   1   4   2  0.12 0.10
  131 G     1   0   0   1  -1  -1  -2   2   0  -1   0  -1  -1  -2   0   1   0  -2  -2  -1   14   4   5   7   1   3   2  18   2   4  11   4   1   2   4   9   4   1   1   4  0.11 0.09
  132 Y     0   0  -1  -1  -1  -1   0  -1  -1   1   1   0   0   1   0  -1  -1   0   1   0    6   6   2   4   1   2   6   4   2   9  16   7   2   7   5   4   3   1   6   4  0.04 0.05
  133 R    -2   5   0   0  -2  -1  -1  -1  -2  -2  -2   1  -2  -1   1  -1  -1  -4  -1  -2    4  31   5   6   1   3   4   6   1   2   4   8   1   3   7   5   4   0   2   4  0.42 0.25
  134 S     0   0   2   3   2   0   0   0   0  -1  -2   0  -2  -2  -1   1   1  -3  -1  -2    7   5  12  15   5   3   4   6   2   3   5   5   1   2   2  11   7   0   3   3  0.15 0.12
  135 P     1   1   1   0   1   0   0  -1   0  -1  -2   1  -1  -1   2   1   0   0  -1  -2   15   7   6   5   3   3   6   4   2   3   4   7   1   2   9  10   7   1   2   3  0.11 0.09
  136 L     0  -1  -1   0   0  -1  -1  -1  -1   1   1   0   0   0  -1   0   1   0   0   0    7   3   3   6   2   2   4   4   2   9  17   5   2   4   3   7  12   1   4   5  0.04 0.05
  137 Y    -1   1  -1  -2  -2   0  -1  -2   1  -1   0   0  -1   3   1  -1   1   0   3  -2    5   8   2   3   1   5   4   3   3   4   8   5   1  13   7   4   8   1  13   3  0.18 0.13
  138 P    -1  -1  -1   1  -2   0   0  -2  -1  -1  -1  -1  -2  -1   5  -1   0  -1   0  -1    6   3   3   7   1   4   6   4   2   4   8   4   1   3  26   5   5   1   3   5  0.31 0.18
  139 A     2   0   0   0  -1  -1   0   2   0  -1  -2   0  -2  -2  -1   0   1  -1  -1  -1   16   4   4   6   2   3   7  17   2   4   4   6   1   2   2   6   8   1   2   5  0.12 0.09
  140 W    -1   0  -3  -2  -1  -2  -3  -2  -1   2   1  -1   1   0  -2  -2  -2   8   2   0    5   6   1   2   1   2   2   4   2  10  14   3   4   4   3   3   3  19   6   6  0.49 0.24
  141 F    -2   6  -2  -3  -4  -2  -2  -4  -3  -2  -1  -2  -1   4  -3  -3  -1  -3   1  -3    3  43   2   2   0   2   2   2   1   2   5   2   2  17   1   2   3   0   4   2  0.97 0.43
  142 W    -2  -3   3   5  -2  -2  -2  -3  -1   0  -2  -3  -1  -2  -3  -3   0   8   0  -3    3   2  14  29   1   2   3   2   1   5   4   1   2   2   1   2   5  17   3   2  0.88 0.40
  143 L    -1   3  -1  -1  -1   1  -1  -2   0   0   1   1   1   0  -2  -1  -1   1   2  -1    5  22   2   3   1   5   2   2   1   5  13   7   4   3   1   4   4   2   7   3  0.13 0.14
  144 T     4  -2  -3  -3   4  -3  -3  -2  -4   0   0  -3   0  -2  -3   0   2  -4  -3   1   34   2   0   2   9   0   1   2   0   5  10   1   2   1   0   5  16   0   0  10  0.45 0.31
  145 V    -1  -4  -4  -5   0  -4  -4  -3  -4   4   2  -4   5   0  -4  -3  -1   1  -3   3    5   0   0   0   2   0   0   2   0  27  15   0  17   3   0   1   2   2   0  21  0.67 0.35
  146 V    -2  -4  -2  -4   0  -4  -4  -4  -4   4   3  -4   3   2  -4  -2  -1   0   0   2    2   0   2   0   2   0   0   1   0  23  25   0   7   9   0   2   2   2   3  16  0.47 0.30
  147 E    -1   0   1   1  -1   1   4  -3   0   0  -1  -1   0  -2  -4  -1  -1   0   0  -2    4   6   5   6   2   6  33   2   2   5   6   3   3   2   0   3   3   1   4   3  0.36 0.27
  148 T    -2  -5  -5  -5   1  -5  -5  -5  -5   1   4  -5   3   1  -5  -2   3  -5   0   2    3   0   0   0   3   0   0   0   0   7  36   0   6   5   0   3  21   0   3  11  0.71 0.39
  149 F    -2  -5  -6  -6  -5  -2  -5  -3  -5   0   4  -5   4   5  -6  -3  -2  -4   0  -2    3   0   0   0   0   2   0   3   0   5  44   0  10  19   0   2   2   0   3   2  0.93 0.47
  150 N    -2   1  -3  -3  -1  -2  -3  -4   0   0   2  -3   0   1  -6  -3  -3   1   7  -1    4   7   2   2   1   2   2   2   2   5  20   2   2   5   0   2   2   2  36   3  0.83 0.44
  151 Y     1  -2  -1   2   1  -1  -1   0   0  -2  -2  -2  -1   2  -3   1  -1  -1   3  -2   13   1   2  16   3   2   4   8   2   2   3   1   2   9   0  12   3   1  13   1  0.20 0.20
  152 T     0  -5  -4  -5   4  -4  -3  -2  -5  -3  -3  -4  -1  -5  -5   2   7  -6  -5  -2    7   0   0   0   7   0   2   3   0   1   2   0   2   0   0  12  62   0   0   1  1.32 0.67
  153 A    -1  -6  -5  -6  -6  -6  -6   7  -6  -7  -3  -6   0   0  -6  -2  -5   1  -6  -7    5   0   0   0   0   0   0  82   0   0   3   0   3   4   0   2   0   2   0   0  1.96 0.79
  154 I    -1  -4  -2  -5   1  -2  -5  -3  -5   3   3  -4   6  -1  -2  -2  -2  -4  -3   0    6   0   2   0   3   2   0   2   0  21  29   0  22   2   2   2   2   0   0   5  0.64 0.34
  155 R    -5   8  -4  -5  -7   1  -4  -6   2  -7  -6   1  -5  -7  -6  -5  -5  -7  -5  -6    0  80   0   0   0   5   0   0   5   0   0   5   0   0   0   0   0   0   0   0  2.10 0.78
  156 L    -1   2  -2  -4   0  -1  -2  -2  -4   2   1   0   0  -1  -2  -2  -2  -4  -3   4    4  13   2   0   2   2   2   3   0  12  13   4   2   2   2   2   0   0   0  35  0.34 0.25
  157 N     0  -1   2  -1   0   1   0   0  -1  -4  -3  -1  -1  -2  -3   4   2  -4  -1  -2    4   3  11   2   2   7   4   6   2   0   2   3   2   2   0  33  14   0   2   2  0.36 0.27
  158 Q    -3  -6  -6  -3  -9   3   8  -6  -6  -9  -9  -5  -8  -9  -7  -3  -4  -9  -8  -8    2   0   0   1   0  11  83   1   0   0   0   0   0   0   0   1   1   0   0   0  2.47 1.11
  159 L    -1  -7  -8  -8   1  -7  -7  -8  -7   1   6  -7   0  -3  -5  -5  -3  -7  -6   2    5   0   0   0   3   0   0   0   0   7  66   0   2   1   1   1   2   0   0  12  1.36 0.67
  160 I     0  -4  -4  -6   5  -4  -4  -6  -3   3   2  -4  -1  -3  -5  -2   0  -3  -5   4    8   1   1   0  11   1   1   0   1  16  17   1   1   0   0   3   5   0   0  30  0.71 0.42
  161 H     0  -2   5   0   0  -1  -1   2   4  -5  -5  -1  -3  -4  -4   2  -1  -3  -3  -5    7   2  29   4   2   3   3  16  10   0   1   3   1   1   1  14   3   0   1   0  0.69 0.43
  162 L    -4  -7  -8  -9  -3  -7  -8  -9  -8   4   6  -7   2  -5  -8  -5  -4  -7  -6   0    1   0   0   0   1   0   0   0   0  19  70   0   4   0   0   1   1   0   0   4  1.72 0.76
  163 R    -4   4   2   1  -3   1   1  -5  -1  -5  -4   4  -2  -5  -3  -2   1  -7  -6  -4    1  19  10   9   1   4   7   0   1   1   2  28   1   0   1   2   9   0   0   1  0.70 0.46
  164 V    -3  -2  -3  -3  -2  -3  -2  -5  -1   3   3  -2   2  -1  -3  -3  -1   4  -1   2    2   2   1   2   1   1   3   1   2  17  29   3   5   2   2   2   3   6   2  14  0.52 0.35
  165 R    -1   0   1   2   0   0   3   0   0  -4  -4   1  -2  -3  -3   2   0  -6  -2  -4    5   5   8  10   2   4  16   8   2   1   1   9   1   1   1  17   5   0   1   1  0.30 0.30
  166 D    -4  -4   2   8  -3   0  -3  -5   1  -9  -7  -5  -3  -5  -7  -1  -4  -9  -4  -6    1   1  10  68   1   4   1   1   3   0   1   1   1   1   0   4   1   0   1   1  1.95 1.00
  167 I    -4  -8  -8  -8  -1  -8  -8  -8  -8   6   2  -8  -1   0  -8  -7  -4  -7  -1   5    1   0   0   0   1   0   0   0   0  41  15   0   1   4   0   0   1   0   3  30  1.44 0.75
  168 D    -7  -2   4   7  -2  -2  -2  -4   2  -3  -5  -3  -3  -2  -7  -1  -4  -8  -2  -3    0   2  18  52   1   2   3   1   5   2   2   2   1   2   0   4   1   0   2   2  1.40 0.77
  169 L    -3  -3  -4  -3  -1  -4  -4  -5  -3   1   4  -3   1   5  -2  -4  -3   4   0  -2    2   1   1   2   1   1   1   1   1   7  40   2   3  19   2   2   2   5   2   3  0.77 0.48
  170 V    -1   0   2   2  -3   1   3  -1   0  -3  -3   2  -4  -3  -2   0   0  -2  -1  -2    5   4  11  13   1   6  17   5   2   2   2  11   0   1   2   8   5   1   2   3  0.30 0.27
  171 H    -1   1   3   1  -3   1   3  -1   0  -3  -3   0   0  -3  -3   0  -1  -6  -1  -3    4   9  16   6   1   6  22   6   2   1   3   5   2   1   1   7   4   0   2   1  0.38 0.33
  172 D    -2   4   2  -1  -1   1  -1   4   0  -5  -3   2  -1  -4  -3   0  -3  -6  -2  -6    3  21   8   3   1   6   4  27   2   1   3  10   2   1   1   6   1   0   1   0  0.59 0.42
  173 T    -2   0  -2  -2  -2   1   0  -3  -2   1   0   0   1   1  -3   0   2   2   2   1    2   5   1   1   1   6   5   2   1   8  10   5   4   7   1   7  15   3   7   8  0.15 0.18
  174 L    -2  -4  -7  -7  -2  -7  -5  -1  -7   6   2  -5   0  -2  -5  -4  -5  -2  -6   3    3   1   0   0   1   0   1   6   0  43  20   1   2   2   1   1   0   1   0  16  1.10 0.61
  175 F    -3   5  -2  -3   0  -1  -2  -5   0   0   0   2   0   1  -4  -2   1  -1  -1   0    1  28   2   1   2   2   2   1   2   6   9  14   3   5   1   3   8   1   2   6  0.44 0.33
  176 I    -3  -5  -5  -7   2  -4  -6  -6  -7   5   2  -6  -1  -1  -5  -4  -2  -6  -3   5    2   1   1   0   5   1   0   1   0  28  15   0   1   3   0   1   2   0   1  39  1.17 0.60
  177 Q    -1   4  -1  -2   0  -1  -1  -3   1  -1   0   1   2   0  -1  -1   1  -1   0  -1    5  23   2   3   2   3   3   2   3   4   8   7   5   4   3   5  10   1   3   4  0.20 0.18
  178 S     1  -2  -3  -3  -2  -2  -2   5  -1   0  -3  -2  -2  -3  -2   1  -3  -2  -2   1   10   2   1   1   1   2   2  41   1   5   3   3   1   1   3   9   1   1   1  10  0.58 0.33
  179 E    -1   1  -1  -1  -3  -1   2  -2  -1  -1  -2   4  -2  -2  -1  -1  -1   0  -2   0    5   8   3   3   1   2  15   3   1   3   4  29   1   2   3   4   4   1   2   7  0.36 0.22
  180 G    -2  -1   0  -1  -3  -1  -1   5   0   1  -1   0  -3   0  -4  -1   0  -4  -1  -2    2   3   5   3   1   2   4  38   3   7   6   6   1   4   1   3   6   0   2   3  0.43 0.28
  181 S     0  -3   1  -1  -2  -4  -1   5  -4  -4  -5  -2  -3  -5  -3   3   0  -5  -4  -4    7   1   7   3   1   1   3  36   0   1   1   2   1   1   1  25   5   0   0   1  0.76 0.45
  182 K    -7  -3  -7  -7  -9  -3  -6  -4  -7  -8  -8   8  -8  -5  -7  -7  -7  -9  -4  -5    0   1   0   0   0   1   0   2   0   0   0  93   0   1   0   0   0   0   1   1  2.94 1.36
  183 S    -2   1   3  -3  -4  -3   0   5  -3  -4  -4  -2  -1  -3  -3  -1   2  -4  -3  -4    2   7  13   1   0   1   5  40   1   1   2   2   1   1   2   4  12   0   1   1  0.73 0.42
  184 H    -2   4   4  -1  -2   0  -2   0   5  -4  -3   1  -2  -2  -3  -1  -2  -3  -1  -4    2  24  16   4   1   4   2   8  11   1   3   9   1   2   1   4   2   0   2   1  0.57 0.34
  185 D    -3   4  -1  -1  -2  -1  -2  -4  -1  -2  -3   6  -2  -2  -4  -2  -1  -2   0  -2    2  18   3   4   1   2   2   1   1   3   3  42   1   2   1   3   3   1   3   4  0.81 0.44
  186 E    -2  -2  -4   1  -5   2   6  -3  -3  -1  -4  -2  -3  -2  -2  -2  -4  -3   0  -2    3   2   0   7   0   9  51   2   1   4   2   2   1   2   2   3   1   0   4   4  0.99 0.63
  187 H    -5   8  -4  -6  -8  -2  -4  -6   3  -8  -6  -4  -7   0  -3  -4  -5   3   1  -5    1  70   1   0   0   2   1   0   7   0   1   0   0   4   2   1   1   4   4   1  2.07 1.03
  188 I    -3  -1  -3  -3  -3  -1   0  -5  -3   4   1  -3   2   1  -4  -1   1  -1   1   2    1   4   1   1   0   3   6   0   1  26  14   1   4   5   1   5   7   1   5  13  0.39 0.30
  189 V    -3  -7  -5  -6  -1  -3  -6  -4  -7   5   0  -5  -2  -2  -7  -3  -4  -7  -4   6    2   0   1   0   1   1   0   2   0  25   8   1   1   2   0   2   1   0   1  51  1.33 0.70
  190 P    -5  -5  -4  -5  -8  -4  -4  -6  -5  -5  -2  -4  -4   0   8  -3  -5  -8   0  -6    1   1   1   1   0   1   1   1   0   1   5   1   0   3  76   2   1   0   3   1  2.37 1.17
  191 I    -3  -5  -7  -7   0  -6  -5  -7  -6   5   4  -4   2   3  -6  -6  -4  -1   0   1    2   1   0   0   2   0   1   0   0  30  31   1   5  12   0   0   1   1   3  10  1.02 0.55
  192 A    -1  -3   3  -2   0  -3  -4   4   3  -2  -2  -3  -2  -5   1   2   1  -7  -2  -1    5   1  11   2   2   1   0  26   7   2   4   1   1   0   6  15   9   0   2   4  0.48 0.39
  193 S    -1   1   1   2  -6   0   2  -3  -1  -3  -3   2  -2  -3   1   2  -1  -6  -4  -2    6   7   7  13   0   5  14   2   1   1   3  13   1   1   6  14   4   0   0   3  0.32 0.30
  194 R    -1   1   0   1  -3   1   2  -2   0  -1  -2   2  -2  -2   0   0   1  -1   1  -2    6   8   4   6   0   5  12   3   2   3   3  15   1   2   5   6   7   1   6   3  0.15 0.17
  195 L     4  -5  -5  -3   2  -3  -4  -4  -7  -1   3  -5   1  -3  -5  -2   2  -7  -4   1   33   0   0   1   3   1   1   1   0   4  28   0   3   1   0   3  10   0   1   8  0.74 0.51
  196 R     0   3  -3  -3   1   0  -1  -3  -1   1   1   1   1  -2  -5  -1  -1  -3   1   1    9  15   1   1   3   3   3   2   1   9  16  10   3   2   0   4   4   0   5   8  0.20 0.19
  197 P    -1   2   1   0  -4   0   3  -3  -1  -2  -2   2  -1  -2   2  -1  -1  -4  -2  -2    6   9   6   5   0   4  16   2   1   3   5  14   1   2  12   5   3   0   1   3  0.28 0.26
  198 W     3   0  -1  -1  -3   0   0  -3   2   0   0  -1  -1  -2  -4   0  -1   4   2  -1   22   5   3   3   1   4   6   1   5   7  10   3   1   1   0   6   3   6   8   4  0.24 0.24
  199 L    -5  -8  -9  -9  -5  -5  -8  -9  -8   4   6  -5   1  -1  -9  -6  -4  -7  -1  -1    1   0   0   0   0   1   0   0   0  18  65   1   3   3   0   0   1   0   2   5  1.65 0.84
  200 E    -1   2   0   0  -4   2   2  -4  -1  -2  -1   3   0  -3  -5   0  -2   0  -1  -2    5  12   5   5   0   9  15   1   1   2   6  19   2   1   0   6   3   1   3   3  0.35 0.30
  201 H     0   3   1   0  -3   1   3  -4   2  -1  -2   2   0  -4  -3   0   0  -6  -1  -3    7  16   6   6   1   6  16   1   5   3   4  11   2   1   1   5   5   0   2   2  0.30 0.27
  202 L    -4  -4  -5  -7  -4  -4  -5  -6  -2  -2   2  -5  -5   0  -9  -5  -4   5   9  -2    1   1   1   0   0   1   1   1   1   2  17   1   0   4   0   1   1   6  57   3  2.00 1.01
  203 L    -4  -1  -4  -7  -1  -2  -5  -6  -3   3   5  -1   3  -1  -6  -5  -3  -1   1  -1    2   4   1   0   1   2   1   1   1  17  47   4   7   3   0   1   1   1   4   4  0.93 0.54
  204 E     0   1   0   2  -2   2   3  -3  -1  -1  -2   2  -1  -2  -3   0  -1  -3  -1  -2    7   7   5  10   1   8  20   2   1   4   3  12   1   1   1   6   3   0   2   3  0.28 0.25
  205 E    -1   1   0   0  -2   1   4  -3   1  -2  -2   1  -2  -1  -4  -1   0   1   2   0    5   8   4   4   1   6  23   2   4   3   5   8   1   3   1   3   5   2   7   6  0.26 0.24
  206 A     2   4  -2  -2   1  -2  -1  -1  -1   0  -1   0   0  -2  -3   0  -1  -2   0   0   18  22   1   2   2   2   3   5   2   5   7   4   2   2   1   7   4   0   4   6  0.24 0.21
  207 K    -3   5   0  -1  -4   0   1  -3   0  -3  -1   3  -2  -2  -1  -1  -2  -4  -2  -3    2  34   4   3   0   4   9   2   2   1   7  16   1   2   3   4   2   0   2   2  0.64 0.41
  208 T     0   1   0  -1  -3   0   1  -2  -1  -1  -1   2  -1  -2   3   0  -1  -3  -3  -1    7   7   4   3   0   4  10   4   1   3   7  14   2   2  15   7   3   0   1   4  0.19 0.18
  209 R     0   4   0  -1  -3   0   0  -3   1  -1   0   2  -1  -1  -3  -1  -1  -2  -1  -1    7  21   5   3   1   4   7   2   3   3  10  13   2   3   1   5   3   1   2   4  0.24 0.20
  210 G    -1  -1   0  -2  -2  -3  -1   3   1  -1   1   0  -1   1   0  -1  -2   0  -1  -2    5   4   5   2   1   1   4  23   3   3  17   6   1   7   6   4   1   1   2   2  0.21 0.18
  211 M     0  -1   0   0   0   0   0  -1   0   0   0   0   0   0   0   0   0  -2   0   0    9   2   4   6   2   3   4   5   2   8  11   7   3   6   4   8   5   0   3   7  0.01 0.02
  212 R    -1   1   1   1  -3   1   0   0   0  -2  -2   3  -2  -2   1   0  -1  -3  -1  -1    6   8   5   7   1   5   7   6   2   3   5  20   1   2   6   7   4   0   2   4  0.17 0.17
  213 T     0   0   1   1   0   0   1  -1   1  -2  -1   2  -2  -2   2   1   0  -4   0  -2    6   6   7   8   2   3   8   5   3   2   6  12   1   2  10   9   6   0   3   2  0.13 0.14
  214 D    -1  -1   2   3   1  -1   1  -1   2  -2  -4   0  -4  -5  -1   2   2  -5  -4  -3    4   3   9  17   3   2  10   5   4   2   2   6   0   0   4  15  10   0   1   2  0.33 0.28
  215 D    -1   0   1   3   0   0   2  -1   1  -2  -3   0  -1  -1   1   0  -1   0   0  -3    5   5   7  17   2   4  12   5   4   3   2   5   1   3   7   8   4   1   3   2  0.22 0.20
  216 Q     0  -1  -1  -1  -3   4   1  -3   0  -2   0   0  -2  -1   0   0  -2   1   4  -2    8   4   3   3   1  16  10   2   2   2  10   6   1   3   5   6   3   2  12   3  0.26 0.25
  217 L     0  -4  -3  -2  -1  -4  -3  -2  -1   0   4  -3  -1   3  -3  -3  -3  -1   1   2    8   1   1   2   1   1   2   4   2   4  34   2   1  13   2   2   1   1   4  14  0.49 0.31
  218 F    -4  -4  -2  -3  -6  -3  -4  -4  -6   0   1  -5  -1   8  -3  -4  -4   0  -1   0    1   1   3   2   0   1   2   2   0   5  13   1   1  53   2   2   1   1   2   6  1.44 0.69
  219 N    -3  -2   4  -1   1  -3  -2  -3  -2  -1   1  -1  -2   4  -2  -1  -1  -1  -2   1    2   2  18   4   2   1   3   2   1   4  16   3   1  15   2   5   3   1   1  11  0.35 0.24
  220 I    -1  -1   0  -1  -2  -2  -2   0  -2   2   1  -1  -1   1  -1   0   0  -2  -1   2    4   3   6   3   1   2   2   7   1  10  13   4   1   7   3   8   7   1   2  16  0.10 0.09
  221 N    -2  -2   5   0  -1   0   0  -1   1  -2  -1  -1  -3  -2   0   0   0  -2   1  -2    4   2  29   5   2   3   6   5   3   3   5   4   1   2   5   8   6   1   4   4  0.39 0.24
  222 R    -1   4   0  -1  -1   0   0  -2   1  -1   1   1  -1   0  -1   0  -1   1  -1  -1    4  22   4   3   1   4   6   3   4   3  12   8   1   4   3   6   4   2   2   5  0.20 0.12
  223 F    -1   0  -1   0  -2  -1  -1   1   0  -1   0  -1  -1   4  -1  -1  -1   1   2  -1    5   4   3   5   1   2   3  11   3   4  10   5   1  20   3   5   3   2   5   3  0.19 0.10
  224 S     0  -1   1   0  -1  -1   0   0   0  -1  -1   0  -1   1   0   1   0  -1   1  -1    8   4   7   5   1   2   5   8   2   3   6   6   1   6   5  14   7   1   5   5  0.05 0.04
  225 R     0   1   0   0  -1   0   0   0   0   0   0   0   0   0   0   0   0  -1  -1   0    6   9   5   4   1   4   6   7   2   4  12   7   2   6   5   6   5   1   2   7  0.02 0.01
  226 R    -1   2   0  -1  -1  -1  -1  -1   1   0   0   1  -1   3  -1   0   0  -1   0   0    6  12   5   4   1   3   4   5   4   5   8   8   2  12   3   6   5   1   3   5  0.08 0.05
  227 T     0   0   0  -1  -1  -1  -1  -1   0   1   1   0  -1  -1   0   0   1  -1   2   0    6   4   4   2   2   2   3   5   2   9  13   5   1   2   5   9   9   1   9   6  0.06 0.06
  228 L    -1   0   4   0  -1  -1  -1   0  -1  -2  -1   0  -1  -1  -1   2   1  -1  -1  -1    5   6  18   4   1   2   3   6   1   3   6   7   2   3   3  13  10   1   2   5  0.19 0.13
  229 R    -1   5   1  -1  -3   1  -1  -2   1  -2  -3   3  -2  -3  -2  -1  -1  -3  -1  -2    5  29   7   4   1   6   4   3   3   2   3  14   1   1   3   5   3   0   3   4  0.50 0.28
  230 Q    -2   4   1   1  -3   2  -1  -1   2  -2  -2   2  -2  -1  -3   0   0  -2   2  -3    2  19   5   7   1   7   4   4   4   2   4  14   1   2   2   6   6   1   6   2  0.30 0.21
  231 G    -3  -4   0   0  -4  -3  -2   6  -2  -2  -4  -3  -1  -4  -2  -2  -3  -5  -1  -3    2   1   5   5   1   1   3  57   1   3   3   2   1   1   2   3   2   0   3   2  1.14 0.59
  232 K    -2   2   1   0  -3   1   1   0   0  -4  -3   4  -2  -3  -2  -2   0  -4  -1  -3    3   9   7   4   1   7  10   8   2   1   3  26   1   1   2   3   5   0   2   2  0.43 0.30
  233 P    -1   4   0  -3  -4   1   0  -2  -2  -4  -4   2  -3  -5   5  -4  -1  -4  -4  -2    6  20   4   2   1   5   5   4   1   1   2  12   1   1  26   1   4   0   1   3  0.70 0.46
  234 M    -4  -3  -8  -5  -6  -7  -8  -8  -8   3   5  -5   7   0  -7  -6  -5  -4  -4  -2    2   2   0   1   0   0   0   0   0  14  48   1  23   4   0   1   1   0   1   2  1.61 0.81
  235 T    -3  -3   1  -1  -3  -2  -4  -1  -2  -2  -5  -4  -4  -6  -5   4   5  -8   0  -1    2   1   6   3   1   2   1   4   1   3   1   1   0   0   1  28  36   0   3   5  0.99 0.67
  236 E     0   4  -2   1  -4  -1   1  -3  -1  -1  -3  -1  -4  -3   2   0   1  -4   0   0    7  22   2   7   0   3  10   2   1   4   3   3   0   1   9   6   9   0   4   6  0.32 0.29
  237 N    -3   5   2   1  -5   5   0  -2   1  -4  -6   0   0  -5  -5  -1  -3   1  -1  -3    3  24  10   8   0  21   5   3   3   1   1   5   2   1   1   5   2   2   2   3  0.73 0.51
  238 Q     1   0  -1  -3  -3   3  -3   3   0  -2  -4  -3  -1  -3  -1   3   1  -2  -1  -3   11   6   3   2   1  12   1  21   2   3   2   1   2   1   3  18   7   1   2   2  0.39 0.35
  239 V    -4  -6  -9  -9  -3  -7  -9  -9  -9   5   2  -9  -1   2  -9  -8  -6  -5  -7   5    2   0   0   0   1   0   0   0   0  30  16   0   1   8   0   0   0   0   0  40  1.62 0.80
  240 S    -3   4  -1  -3  -5   3   1  -4   1  -3  -5   1  -4  -1  -6   0  -2   7   2  -5    3  21   3   2   0  10  10   2   3   2   1   8   0   3   0   6   3  14   7   1  0.80 0.53
  241 Y    -1   4   1  -1  -3   1  -2  -2   3  -2  -2   3  -1  -2  -6   0  -1  -4   2  -4    5  18   7   3   1   6   3   3   7   2   5  16   2   2   0   7   4   0   8   1  0.41 0.32
  242 F    -3   0  -3  -6  -2  -5  -6  -7  -4   5   1  -3   5   3  -8  -4  -3   2   0   0    2   5   2   1   1   1   1   0   1  33  13   2  12  12   0   1   1   2   3   7  0.98 0.53
  243 F    -6  -8  -8  -8  -1  -8  -8  -7  -8   4   3  -6   0   5  -8  -6  -5  -4   2   3    1   0   0   0   1   0   0   0   0  20  24   1   2  22   0   1   1   0   6  20  1.28 0.65
  244 A    -1   4   1   0  -6   1   0  -2   0  -5  -5   5  -5  -6  -6  -2  -1  -4  -4  -3    6  19   5   5   0   5   7   3   2   1   1  33   0   0   0   3   4   0   1   2  0.81 0.52
  245 K    -3   5   0  -1  -6   1   0  -3  -1  -5  -5   6  -4  -5  -6  -2  -3  -4  -3  -4    2  25   4   3   0   5   7   2   2   1   2  37   0   1   0   3   2   0   1   1  1.10 0.65
  246 L    -3  -2  -6  -8  -4  -4  -6  -8   0   2   4  -3  -1  -2  -8  -7  -4   1   7   0    3   3   0   0   1   1   1   0   2  12  31   2   1   2   0   0   1   2  33   6  1.28 0.70
  247 S     3   0  -3  -5   0  -2  -4   1  -6  -1  -2   1  -2  -6  -5   3   1  -7  -5  -1   26   5   1   1   2   2   1  10   0   3   5   9   1   0   0  22   7   0   0   4  0.52 0.42
  248 D     1   3   0   0  -4   1   1  -2  -2  -3  -4   4  -4  -4  -6   0  -1  -5  -6  -3   13  13   5   6   0   7   9   4   1   2   2  25   0   1   0   6   3   0   0   2  0.53 0.40
  249 A     0   1  -1  -2  -4   0   2   0  -2   1   0   4   1  -4  -5  -1  -3  -5  -4  -2    9   8   3   2   0   4  13   7   1   7   9  22   4   1   0   4   2   0   1   3  0.33 0.28
  250 C     3  -5  -5  -5   4  -5  -4  -5  -4   3   1  -4   0  -4  -5   1   2  -7  -4   0   24   1   0   1   8   1   1   1   1  14  15   1   2   1   1  10  13   0   1   5  0.64 0.43
  251 H    -4  -2   3   0  -8  -3  -2   6   1  -6  -6   1  -5  -8  -4  -1  -3  -6  -6  -7    2   2  13   5   0   1   3  53   3   1   1   7   0   0   1   4   2   0   0   0  1.25 0.71
  252 S    -3  -1  -3  -4  -3  -3  -1  -4  -5   5  -1   3  -1   3  -5  -2  -1  -5  -2   2    2   3   1   1   1   1   4   2   0  29   5  16   2  10   1   4   3   0   2  14  0.67 0.41
  253 R    -4   5   2   0  -5  -2  -1  -5   3  -6  -7   5  -5  -6   0  -1  -1  -8  -2  -6    2  24   8   6   0   2   4   1   7   0   1  29   0   0   6   4   4   0   2   1  0.95 0.59
  254 F    -3  -2  -7  -8   1  -7  -8  -5  -6   5   1  -2   1   1  -7  -5  -3  -4  -3   5    2   3   0   0   3   0   0   1   0  29  13   3   3   6   0   1   2   0   1  32  1.11 0.58
  255 S    -5  -6  -3  -8  -5  -8  -8  -3   5 -10  -9  -6  -7  -7  -9   6   5  -6  -1  -8    1   0   1   0   0   0   0   3  11   0   0   0   0   0   0  49  31   0   3   0  1.88 1.10
  256 S     0 -11 -11 -10   1 -10 -10 -11 -11  -4  -6 -10 -11 -12   9  -3  -6 -12 -12  -4    8   0   0   0   3   0   0   0   0   1   1   0   0   0  83   3   1   0   0   1  2.99 1.52
  257 H   -11  -7  -7 -11 -13  -7 -10 -12  12 -13 -10 -10 -11 -11 -12 -11 -11 -12  -4 -13    0   0   0   0   0   0   0   0  98   0   0   0   0   0   0   0   0   0   1   0  4.95 2.05
  258 R    -2   3  -5  -6  -4  -2  -7  -5  -4   0  -2   0   5  -7  -7  -1   5  -6  -5   2    4  16   1   1   0   2   0   1   0   6   4   6  13   0   0   5  30   0   0  12  0.90 0.60
  259 Y    -7 -10 -11 -11  -3 -10 -11  -8 -10   0   5 -10   0   7 -11 -10  -9  -2  -3  -5    1   0   0   0   1   0   0   0   0   4  55   0   3  35   0   0   0   1   1   1  2.12 1.02
  260 R   -10   9  -9 -11 -12  -8  -9  -7  -9 -12 -11  -7 -10 -12 -11 -10 -10  -3 -11 -12    0  99   0   0   0   0   0   1   0   0   0   0   0   0   0   0   0   0   0   0  3.81 1.69
  261 H    -9  -5  -9 -11 -13  -9  -9 -11  12 -13 -12 -10 -11  -7 -12 -10 -11 -12  -4 -13    0   1   0   0   0   0   0   0  98   0   0   0   0   0   0   0   0   0   0   0  4.92 1.99
  262 T    -3  -7  -5  -9  -4  -8  -8  -8  -7  -6  -8  -8  -6  -7  -9   5   7 -10  -2  -7    2   0   0   0   0   0   0   0   0   1   0   0   0   0   0  32  61   0   2   0  2.27 1.22
  263 V    -4  -9 -11 -11   0 -11 -11  -6  -9  -1   0 -11   1   9 -11  -7  -5  -7  -1  -3    2   0   0   0   2   0   0   1   0   3   8   0   3  75   0   1   1   0   2   2  2.70 1.20
  264 A     8 -10 -10 -10  -9  -9  -9  -4 -10  -7  -8  -9  -9  -8  -9  -6  -6 -11 -10  -8   97   0   0   0   0   0   0   2   0   0   0   0   0   0   0   0   0   0   0   0  2.98 1.42
  265 T    -8  -6  -8  -9  -5  -9  -9  -9 -10  -6  -9  -9  -9 -10  -9   1   8 -11 -10  -5    0   1   0   0   0   0   0   0   0   1   0   0   0   0   0   9  89   0   0   1  3.01 1.43
  266 E    -5  -3  -4   3  -7   5   5  -6  -4  -7  -7   3  -5  -7  -5  -4  -5  -7  -6  -6    0   0   0  18   0  26  36   0   0   0   0  20   0   0   0   0   0   0   0   0  1.42 0.68

                      K         Lambda
Standard Ungapped    0.1352     0.3251
Standard Gapped      0.0377     0.2670
PSI Ungapped         0.1232     0.3185
PSI Gapped           0.0377     0.2670
