
Last position-specific scoring matrix computed, weighted observed percentages rounded down, information per position, and relative weight of gapless real matches to pseudocounts
           A  R  N  D  C  Q  E  G  H  I  L  K  M  F  P  S  T  W  Y  V   A   R   N   D   C   Q   E   G   H   I   L   K   M   F   P   S   T   W   Y   V
    1 M   -1 -1 -2 -3 -1  0 -2 -3 -2  1  2 -1  5  0 -3 -1 -1 -1 -1  1    0   0   0   0   0   0   0   0   0   0   0   0 100   0   0   0   0   0   0   0  0.33 0.00
    2 S    1 -1  1  0 -1  0  0  0 -1 -2 -2  0 -1 -2 -1  4  1 -3 -2 -2    0   0   0   0   0   0   0   0   0   0   0   0   0   0   0 100   0   0   0   0  0.45 0.00
    3 I   -1 -3 -3 -3 -1 -3 -3 -4 -3  4  2 -3  1  0 -3 -2 -1 -3 -1  3    0   0   0   0   0   0   0   0   0 100   0   0   0   0   0   0   0   0   0   0  0.38 0.00
    4 G    0 -2  0 -1 -3 -2 -2  6 -2 -4 -4 -2 -3 -3 -2  0 -2 -3 -3 -3    0   0   0   0   0   0   0 100   0   0   0   0   0   0   0   0   0   0   0   0  1.04 0.00
    5 V   -1 -2 -3 -3 -1 -2 -3 -3 -3  2  3 -2  1  0 -3 -2 -1 -2 -1  3    0   0   0   0   0   0   0   0   0   0  48   0   0   0   0   0   0   0   0  52  0.32 0.00
    6 Q   -1  1  0  0 -3  5  2 -2  0 -3 -2  1  0 -3 -1  0 -1 -2 -1 -2    0   0   0   0   0 100   0   0   0   0   0   0   0   0   0   0   0   0   0   0  0.66 0.01
    7 S    3 -1  0 -1 -1  0  0  0 -1 -2 -2  0 -1 -2 -1  3  1 -3 -2 -1   48   0   0   0   0   0   0   0   0   0   0   0   0   0   0  52   0   0   0   0  0.35 0.00
    8 S    0 -2 -1 -1 -2 -1 -1 -1 -1 -1 -1 -1 -1  4 -2  2  0  0  1 -1    0   0   0   0   0   0   0   0   0   0   0   0   0  48   0  52   0   0   0   0  0.28 0.00
    9 G    1 -1  0 -1 -2 -1 -1  4 -1 -3 -3 -1 -2 -3 -1  2  0 -3 -2 -2    0   0   0   0   0   0   0  52   0   0   0   0   0   0   0  48   0   0   0   0  0.54 0.00
   10 I   -1 -3 -3 -3 -1 -3 -3 -4 -3  4  2 -3  1  0 -3 -2 -1 -3 -1  3    0   0   0   0   0   0   0   0   0 100   0   0   0   0   0   0   0   0   0   0  0.40 0.01
   11 N   -1 -1  4  0 -3 -1 -1  4  0 -4 -4 -1 -2 -3 -2  0 -1 -3 -3 -3    0   0  52   0   0   0   0  48   0   0   0   0   0   0   0   0   0   0   0   0  0.61 0.00
   12 I   -1 -3 -3 -3 -1 -3 -3 -4 -3  4  1 -3  1  0 -3 -2 -1 -3 -1  2    0   0   0   0   0   0   0   0   0 100   0   0   0   0   0   0   0   0   0   0  0.44 0.02
   13 S    0 -2 -1 -1 -2 -1 -2  4 -2 -1  1 -1 -1 -2 -2  1  0 -2 -2 -1    0   0   0   0   0   0   0  48   0   0  26   0   0   0   0  26   0   0   0   0  0.35 0.02
   14 H   -1 -1 -1 -2 -2 -1 -1 -2  5 -2 -2 -1 -1  1 -2  1 -1  0  5 -2    0   0   0   0   0   0   0   0  26   0   0   0   0   0   0  26   0   0  48   0  0.49 0.04
   15 A    1 -2 -2 -2 -2 -2 -2  2 -2  1 -1 -1 -1 -2  4  0 -1 -3 -2  0   26   0   0   0   0   0   0  26   0  25   0   0   0   0  23   0   0   0   0   0  0.36 0.02
   16 E    0 -1  0 -1 -2  0  1  3  4 -3 -3 -1 -2 -2 -2  2 -1 -3 -1 -3    0   0   0   0   0   0  13  36  25   0   0   0   0   0   0  26   0   0   0   0  0.40 0.02
   17 L   -1  0 -2 -3 -2 -1 -1 -3 -2  1  3  1  1 -1 -2 -2 -1 -2 -1  2    0   0   0   0   0   0   0   0   0   0  52  25   0   0   0   0   0   0   0  23  0.20 0.02
   18 S    3 -1  0 -1 -1 -1 -1  0 -1 -2 -2 -1 -1 -2 -1  3  1 -3 -2 -1   49   0   0   0   0   0   0   0   0   0   0   0   0   0   0  51   0   0   0   0  0.39 0.03
   19 R   -1  4  0  0 -4  1  4 -2  0 -3 -3  1 -2 -3 -2 -1 -1 -3 -2 -3    0  49   0   0   0   0  51   0   0   0   0   0   0   0   0   0   0   0   0   0  0.60 0.03
   20 L   -1  3 -1 -2 -2  0 -1 -2 -2 -1  0  0 -1 -2  4  0  2 -3 -2 -1    0  32   0   0   0   0   0   0   0   0  18   0   0   0  25   0  24   0   0   0  0.40 0.03
   21 V   -1 -3 -3 -3 -1 -3 -3 -4 -3  4  1 -3  1 -1 -3 -2  0 -3 -1  4    0   0   0   0   0   0   0   0   0  45   0   0   0   0   0   0   0   0   0  55  0.41 0.03
   22 D   -1 -2  3  5 -3 -1  0  2 -1 -3 -4 -1 -3 -3 -2  0 -1 -4 -3 -3    0   0  25  54   0   0   0  21   0   0   0   0   0   0   0   0   0   0   0   0  0.63 0.03
   23 A    2 -2 -1 -2 -1 -1 -1  2 -2 -2 -2 -1 -2 -3  3  0  2 -3 -2 -1   29   0   0   0   0   0   0  25   0   0   0   0   0   0  21   0  24   0   0   0  0.44 0.02
   24 G    0  2  0 -1 -2 -1 -1  4 -1 -3 -3  0 -2 -3 -2  2 -1 -3 -2 -3    0  24   0   0   0   0   0  50   0   0   0   0   0   0   0  25   0   0   0   0  0.50 0.03
   25 K    0  0  0 -1 -1  0  0 -1 -1  0 -1  2 -1 -2 -1  2  2 -3 -2  1    0   0   0   0   0   0   0   0   0   0   0  24   0   0   0  38  16   0   0  22  0.20 0.04
   26 S    0 -1  0 -1 -1 -1 -1 -1 -2 -2 -2 -1 -1 -3  3  3  3 -3 -2 -1    0   0   0   0   0   0   0   0   0   0   0   0   0   0  17  46  37   0   0   0  0.49 0.05
   27 E   -1 -1  0  4 -3  0  3 -2 -1 -3 -3  0 -3 -3  4  1 -1 -4 -3 -3    0   0   0  38   0   0  24   0   0   0   0   0   0   0  22  16   0   0   0   0  0.62 0.04
   28 Q    1  0  0  0 -2  4  2 -1  0 -3 -2  1 -1 -3 -1  1  0 -3 -2 -2   17   0   0   0   0  46  21   0   0   0   0   0   0   0   0  16   0   0   0   0  0.43 0.05
   29 G    2  3  0 -1 -2  0 -1  2 -1 -3 -2  0 -2 -3 -1  2  0 -3 -2 -2   22  30   0   0   0   0   0  15   0   0   0   0   0   0   0  33   0   0   0   0  0.31 0.04
   30 D    2 -1  0  2 -2  0  0  2 -1 -2 -3  1 -2 -3 -1  2  0 -3 -2 -2   31   0   0  15   0   0   0  17   0   0   0  16   0   0   0  21   0   0   0   0  0.27 0.03
   31 K    1  0  0  1 -2  0  0 -1  4 -2 -2  1 -2 -2  3  0  1 -3 -1 -2   22   0   0   9   0   0   0   0  21   0   0  15   0   0  16   0  17   0   0   0  0.30 0.03
   32 A    3 -2 -1 -2 -1 -1 -1 -1 -2  0 -1 -1 -1 -2 -1  2  0 -3 -2  1   58   0   0   0   0   0   0   0   0   0   0   0   0   0   0  21   0   0   0  22  0.28 0.04
   33 V   -1 -1 -2 -2 -2 -1 -2 -3 -3  1  0  1  0 -2  3 -1  1 -3 -2  3    0   0   0   0   0   0   0   0   0   0   0  14   0   0  19   0  14   0   0  53  0.31 0.06
   34 R   -1  4  0 -1 -3  4  0 -2  0 -3 -2  1 -1 -3 -2  1  1 -3 -2 -2    0  34   0   0   0  37   0   0   0   0   0   0   0   0   0  15  14   0   0   0  0.45 0.07
   35 D    2 -2 -1  1 -2 -1  1  4 -2 -3 -3 -1 -2 -3 -2  0 -1 -3 -3 -2   33   0   0  12   0   0  14  41   0   0   0   0   0   0   0   0   0   0   0   0  0.43 0.05
   36 D   -1  1  3  4 -3  0  2  1 -1 -3 -3  0 -3 -3 -2  0 -1 -4 -3 -3    0  14  19  35   0   0  18  14   0   0   0   0   0   0   0   0   0   0   0   0  0.47 0.05
   37 G    1 -2 -1 -1 -2 -1  1  5 -2 -3 -3 -1 -2 -3 -2  0 -1 -3 -3 -3   15   0   0   0   0   0  18  67   0   0   0   0   0   0   0   0   0   0   0   0  0.70 0.06
   38 R    2  2 -1 -1 -1  0 -1  2 -1 -2 -2  0 -1 -3 -1  2  2 -3 -2 -1   28  20   0   0   0   0   0  15   0   0   0   0   0   0   0  19  18   0   0   0  0.27 0.04
   39 A    2 -2 -2 -3 -1 -2 -2  1 -2  1  1 -2  0 -1 -2  0 -1 -3 -2  2   35   0   0   0   0   0   0  14   0   0  18   0   0   0   0   0   0   0   0  33  0.19 0.04
   40 L    1 -1 -1 -2 -1 -1 -1 -1 -2  0  1  1  0 -2 -2  2  0 -3 -2  1   14   0   0   0   0   0   0   0   0   0  20  18   0   0   0  33   0   0   0  15  0.13 0.04
   41 A    3 -2 -1 -2 -2 -1 -1  2  3 -2 -2 -1 -2 -3  3  0 -1 -3 -1 -1   49   0   0   0   0   0   0  18  14   0   0   0   0   0  19   0   0   0   0   0  0.44 0.06
   42 R   -1  2  0  3 -3  2  0  1 -1 -3 -2  0 -2  2 -2 -1 -1 -2 -1 -3    0  20   0  30   0  19   0  14   0   0   0   0   0  18   0   0   0   0   0   0  0.28 0.05
   43 A    2 -2 -1 -2 -1 -1 -1 -1 -2  0 -1 -1 -1 -2 -1  1  3 -3 -2  2   29   0   0   0   0   0   0   0   0   0   0   0   0   0   0  14  30   0   0  27  0.25 0.06
   44 D    1 -1  0  3 -2  1  0 -1 -2  0 -1 -1 -1 -2 -2  1  0 -3 -2  1   17   0   0  29   0  11   0   0   0   0   0   0   0   0   0  16   0   0   0  27  0.21 0.05
   45 A    3 -1 -2 -2 -1  1 -1 -1 -2 -1  0 -1 -1 -2  2  0 -1 -3 -2 -1   60   0   0   0   0  13   0   0   0   0  16   0   0   0  11   0   0   0   0   0  0.31 0.07
   46 A    4 -2 -2  1 -1 -1 -1 -1 -2 -1 -2 -1 -1 -3 -2  0 -1 -3 -2  1   73   0   0  12   0   0   0   0   0   0   0   0   0   0   0   0   0   0   0  15  0.41 0.11
   47 L   -1 -2 -3 -3 -2 -2 -2 -3 -3  1  3 -2  1  2  3 -1  1 -2 -1  1    0   0   0   0   0   0   0   0   0   0  45   0   0  14  15   0  14   0   0  12  0.32 0.07
   48 A    4 -1 -2 -2 -1  2 -1  2 -2 -2  0 -1 -1 -2 -2  0 -1 -3 -2 -1   62   0   0   0   0  15   0  14   0   0   9   0   0   0   0   0   0   0   0   0  0.35 0.10
   49 A    3 -1 -1 -2 -1  2 -1 -1 -2 -2 -2 -1 -2 -3  3  2  0 -3 -2 -1   53   0   0   0   0  14   0   0   0   0   0   0   0   0  14  19   0   0   0   0  0.45 0.10
   50 V   -1 -2  2  2 -2  0  2 -2 -1  0  0 -1 -1 -2 -2 -1 -1 -3 -2  2    0   0  15  14   0   0  23   0   0   0   9   0   0   0   0   0   0   0   0  39  0.21 0.08
   51 V   -1 -3 -2  1 -2 -2 -2 -3 -3  2  1 -2  0  2  2 -2 -1 -2 -1  2    0   0   0  15   0   0   0   0   0  10  12   0   0  14  14   0   0   0   0  36  0.24 0.06
   52 G    2 -2 -1 -2 -2 -1 -2  3 -2 -1 -2 -1 -2 -3 -2  2  0 -3 -2  0   27   0   0   0   0   0   0  36   0   0   0   0   0   0   0  23   0   0   0  14  0.38 0.08
   53 E    2 -1 -1 -1 -2  2  2 -2  4 -1 -2 -1 -1 -2 -2  0 -1 -3 -1  1   34   0   0   0   0  11  15   0  24   0   0   0   0   0   0   0   0   0   0  15  0.28 0.09
   54 R    0  3  0 -1 -2  3  2 -1 -1 -3 -2  1 -1 -3 -1  2  0 -2 -2 -2    1  30   0   1   0  19  14   1   0   1   1   1   0   0   1  28   1   0   0   1  0.37 0.07
   55 V    0  0 -2 -3 -2 -2 -2 -3 -2  1  2 -1  0 -1  2 -1 -1 -3 -2  3    8   9   0   0   0   0   1   1   0   0  22   1   0   0  12   1   1   0   0  42  0.24 0.09
   56 A    3 -1 -1 -2 -1 -1 -1 -1 -2 -1  1  1  0 -2 -2  1  2 -3 -2 -1   38   0   0   0   0   0   0   0   0   0  23  11   0   0   0   9  19   0   0   0  0.23 0.10
   57 A    2 -2 -1 -2 -2 -1 -1  1  2 -1 -2 -1 -1 -2  1  1  2 -3 -2  1   29   0   0   0   0   0   0  10  10   0   0   0   0   0   8  10  16   0   0  17  0.23 0.10
   58 R    1  1 -1 -1 -2  1  1  1 -1 -1 -2  1 -1 -3 -2  1  2 -3 -2  0   10  11   0   0   0   7   8  10   0   0   0   7   0   0   0  17  19   0   0  10  0.19 0.07
   59 R    1  2  1  0 -3  2 -1  2  2 -2 -2  0 -2 -3 -2 -1 -1 -3 -2  0   16  21   8   5   0  17   0  18   7   0   0   0   0   0   0   0   0   0   0   9  0.25 0.12
   60 D    1  0  0  1 -2  1  1 -1  1 -3 -3  3 -2 -3 -2  2  1 -3 -2 -2   17   0   0   9   0   5   7   0   5   0   0  27   0   0   0  22   8   0   0   0  0.31 0.13
   61 A    3 -2 -2 -2 -2 -2 -2  0 -2 -1  0 -1 -1 -3  3  1  2 -3 -2  0   34   0   0   0   0   0   0   4   0   0   8   0   0   0  14  14  18   0   0   8  0.33 0.14
   62 V    0 -1 -2 -2 -2  2 -1 -2 -2  2  0  0  1 -2 -2  0  0 -3 -2  2   10   0   0   0   0  16   0   0   0  15   8   8   5   0   0   8   7   0   0  21  0.13 0.08
   63 A    3 -2 -2 -2 -2 -2 -2  1 -2  0  1 -2 -1 -2  1  1  1 -3 -2 -1   37   0   0   0   0   0   0  11   0   8  16   0   0   0   8  12   8   0   0   0  0.24 0.12
   64 G    2  1 -1  1 -2 -1 -1  3  1 -3 -3  1 -2 -3 -2  2 -1 -3 -2 -2   30   7   0   8   0   0   0  25   5   0   0   8   0   0   0  17   0   0   0   0  0.35 0.14
   65 S    3 -2 -1 -2 -2  0  0  1  2 -2 -2 -1 -2 -3 -2  2  0 -3 -2  1   32   0   0   0   0   4   5   8   8   0   0   0   0   0   0  27   4   0   0  13  0.28 0.15
   66 G    1  2  1 -1 -2 -1 -1  2 -1 -3 -3  0 -2 -3  0  3  0 -3 -2 -2   10  14   8   0   0   0   0  14   0   0   1   5   0   0   4  41   0   0   0   0  0.36 0.15
   67 A    1  0 -1 -2 -2 -1 -1  0 -2 -1  0 -1 -1 -2  2  1  2 -3 -2  1   15   8   0   0   0   0   0   6   0   0   8   0   0   0  14  16  19   0   0  12  0.22 0.10
   68 Q    1  1  1 -1 -3  4  1  1  2 -3 -3  1 -2 -3 -2  1 -1 -3 -2 -3   13   6   7   0   0  34   5  12   8   0   0   7   0   0   0   8   0   0   0   0  0.39 0.16
   69 R    0  2 -1  2 -3 -1 -1 -2 -2 -2  0 -1 -1 -3  4  1  0 -4 -3 -2    7  15   0  19   0   0   0   0   0   0  17   0   0   0  27  10   5   0   0   0  0.44 0.16
   70 V    0 -3 -3 -3  2 -3 -3 -3 -3  2  1 -3  1 -2  2 -2  0 -3 -2  4    4   0   0   0   6   0   0   0   0   6   8   0   5   0  12   0   7   0   0  52  0.44 0.18
   71 E    1 -1 -1  3 -3  2  4 -2 -1 -2 -1 -1 -2 -3 -2 -1 -1 -4 -3 -1   15   0   0  22   0  11  38   0   0   0   8   0   0   0   0   0   0   0   0   6  0.46 0.19
   72 L    1 -1 -3 -3 -2 -2 -3 -3 -3  0  4 -2  0 -1 -3  0  0 -3 -2  1   14   3   0   0   0   0   0   0   0   0  63   0   0   0   0   7   6   0   0   7  0.43 0.20
   73 A    2  0 -1 -2 -2 -1 -1 -2 -2 -1 -2  0 -1 -3  1  2  3 -3 -2  1   23   6   0   0   0   0   3   0   0   0   0   4   0   0   6  18  27   0   0  13  0.29 0.16
   74 R    1  2 -2 -2 -2 -1 -2 -2 -2  0 -2  0 -2 -3  5  0 -1 -4 -3  1   16  16   0   0   0   0   0   0   0   7   0   6   0   0  32  10   0   0   0  14  0.53 0.18
   75 P    0 -3 -3 -3 -4  0 -2  0 -3 -4 -4 -2 -4 -5  7 -2 -2 -5 -4 -4    6   0   0   0   0   6   0   8   0   0   0   0   0   0  80   0   0   0   0   0  1.94 0.41
   76 K    1  2 -1 -2 -3  1  0  0 -1 -3 -3  3 -2 -3  3 -1  1 -3 -2 -2   13  14   0   0   0   8   3   7   0   0   0  28   0   0  14   0  10   0   0   0  0.37 0.14
   77 P    0 -1 -2 -2 -2 -1 -2  0 -3  1 -1  2 -1 -2  3  0 -1 -3 -2  3    6   0   0   0   0   0   0   7   0   6   4  17   0   0  14   7   0   0   0  36  0.26 0.16
   78 D    1 -1  1  1 -2  0 -1 -2  1 -1 -1  0 -1 -3  2  2  2 -3 -2  0   13   0   6   8   0   5   0   0   6   0   6   7   0   0   9  18  15   0   0   8  0.18 0.11
   79 A    4  0 -2 -3  3  1 -2  2 -3 -2 -1 -2 -2 -3 -2 -1 -1 -3 -3  0   53   6   0   0   8   7   0  16   0   0   6   0   0   0   0   0   0   0   0   5  0.44 0.23
   80 Q    0 -1 -1  3 -3  2  1 -2 -2  0 -2  1  1 -3  1 -1  1 -4 -3  0    6   0   0  27   0  13   6   0   0   6   0  13   8   0   7   0   9   0   0   6  0.28 0.16
   81 T   -1 -2 -1  3 -3 -1  1  0 -2  0 -3  1 -2 -3  2  1  3 -4 -3 -2    0   0   0  20   0   0  11   7   0   7   0   9   0   0  10  10  26   0   0   0  0.33 0.17
   82 R   -2  0 -2 -2 -3  1 -1 -3  0 -1  2  1 -1 -2  4  0  0 -3 -2 -2    0   5   0   0   0  10   0   0   3   0  30  12   0   0  28   7   5   0   0   0  0.48 0.20
   83 A    2  0 -2 -2 -2  2  0  0  1 -1  0  0 -1 -3  0 -1 -1 -3 -2  1   28   4   0   0   0  15   6   7   5   0   7   4   0   0   5   0   0   0   0  19  0.17 0.15
   84 T    0 -1  0  0 -2  1  0 -2 -2 -1 -1  0 -1 -3  3 -1  2 -3 -2  1    7   0   4   6   0   8   7   0   0   0   6   6   0   0  15   0  23   0   0  20  0.24 0.15
   85 D   -1 -2 -2  0 -2  2 -1 -3 -2  1  1 -1  3 -1  1  0 -1 -2  0  1    4   0   0   8   0  15   0   0   0   7  19   0  16   0   7  11   0   0   4   9  0.18 0.15
   86 R    0  3  1 -2 -2  0 -1 -2 -2 -2 -3  1 -2 -3  1  2  2 -4 -2  0    4  24   8   0   0   3   0   0   0   0   0   9   0   0   6  22  18   0   0   7  0.33 0.18
   87 R    1  1  2  1 -2  1  1  0 -1 -1 -1 -1 -2 -3 -2  0  1 -3 -2 -1   19   8  18   7   0   5  12   8   0   6   4   0   0   0   0   4   9   0   0   0  0.18 0.11
   88 T    1 -2 -2 -2 -2 -1  0  0 -2  1  1  0  0  0 -2  0  1  3 -1  1   12   0   0   0   0   0   7   6   0   7  16   8   0   5   0   7  13   7   0  14  0.10 0.09
   89 V    0 -2  0 -2 -2 -2 -2 -2 -3  1  2 -2  0 -1 -2  1 -1 -3 -2  3   10   0   6   0   0   0   0   1   0   7  27   0   0   0   0  12   0   0   0  33  0.25 0.15
   90 S    1 -1 -1  0 -2  2  0  0  1 -2 -1  1 -1 -2 -2  1  1 -2  1 -2   14   0   0   6   0  19   5   7   4   0   7   7   0   0   0  14   8   0   6   0  0.16 0.11
   91 G    0 -1 -1  1 -3  1  3  3 -2 -2 -3  0 -2 -3 -2 -1  0 -3 -3 -1    8   0   0   6   0   6  28  28   0   0   1   7   0   0   0   0   6   0   0   7  0.34 0.15
   92 L    0 -2 -3 -3 -2 -2 -3 -1 -3  2  3 -2  3 -1  1 -2  0 -2 -2  1    7   0   0   0   0   0   0   6   0  10  39   0  13   0   7   0   6   0   0   7  0.27 0.14
   93 E    1 -1 -1  1 -2  1  3  0 -1 -1  0  1 -1 -2 -2 -1 -1 -3 -2  0   20   0   0   7   0   6  27   8   0   0  13   8   0   0   0   0   0   0   0   7  0.20 0.13
   94 R    0  3 -1  0  1  2 -1  0  2 -2  0  1 -1 -2  1 -1 -1 -3 -2 -2    8  21   0   7   5  12   0   6   7   0  13  10   0   0   6   0   0   0   0   0  0.18 0.11
   95 E    0  2  1  2 -3  2  3 -2 -1 -3 -1  1 -2 -3 -2  0 -1 -3 -2 -2    8  11   7  13   0  10  29   1   0   0   6   7   0   0   0   6   0   0   0   0  0.33 0.13
   96 H    1  0 -1 -2 -3  3  1  0  3 -2  0  1 -1 -3  2 -1 -1 -3 -2 -1   16   3   0   0   0  19   8   6  13   0  10   9   0   0  10   0   0   0   0   6  0.24 0.15
   97 K   -2 -1 -1  3 -4  3  2  0  2 -2 -1  1 -2 -3  1 -1 -2 -4 -2 -1    0   0   0  19   0  17  19   9   8   0   6  11   0   0   6   0   0   0   0   6  0.33 0.17
   98 R   -2  3  1  1 -3  0  0  1 -1 -2 -1  1  1  2  0 -1 -2 -2 -1 -1    0  22  11   8   0   3   6  11   0   0   4   6   6  13   5   0   0   0   0   6  0.15 0.12
   99 L    0  0  0 -2 -2  2 -1  0 -2 -1  1  0  2 -2 -2  1 -1  2 -2  0   11   6   6   0   0  18   0   8   0   0  20   3   8   0   0  11   0   4   0   6  0.13 0.13
  100 A    2 -2 -1  1 -2 -1  2  1  2 -2 -1 -1 -2 -3 -1  1  1 -3 -2 -2   25   0   0   9   0   0  17  11   8   0   6   0   0   0   2  13  11   0   0   0  0.23 0.14
  101 A    2  1 -2  2 -2 -1 -1 -2 -2  0  2 -1  0 -2 -2  1 -1 -3 -2  0   26  11   0  14   0   0   0   0   0   5  27   0   0   0   0  11   0   0   0   6  0.18 0.16
  102 S   -1 -1 -1 -1 -2 -1  0  1 -2 -2  0  1  3 -2  1  3 -1 -3 -2 -2    1   0   0   0   0   0   5  10   0   0  12  12  12   0   6  38   0   0   0   1  0.25 0.18
  103 Q    1  1 -1 -1 -2  3  2 -2 -1 -1  1  1 -1 -2 -2 -1  1 -3 -2 -1   12   6   0   0   0  23  13   1   0   0  19  10   0   0   0   1  12   0   0   1  0.23 0.14
  104 T    1 -2  2  2 -2 -1 -1  1  2 -2 -1 -1 -2 -3 -2  1  1 -3 -2 -2   11   0  16  16   0   0   1  12   6   0   7   0   0   0   0  13  14   0   0   1  0.24 0.12
  105 P    0 -2 -2  0 -3  1  0 -3 -2 -3 -3 -2 -3 -4  7 -1  0 -4 -3 -3    6   0   0   6   0   8   6   1   0   0   1   0   0   0  62   1   7   0   0   1  1.32 0.31
  106 R    1  2 -1  0 -2  1  0 -1 -1 -2 -1  1 -1 -3  3  1 -1 -3 -2 -2   14  20   0   6   0   5   6   3   0   0   9   6   0   0  17  10   0   0   0   1  0.28 0.11
  107 V   -1  0  0 -2 -2 -2 -2 -3 -2  1  1 -1  2  1 -2  0  0 -2 -1  3    1   5   5   0   0   0   1   1   0   7   7   4  10   6   0   6   6   0   0  40  0.20 0.14
  108 T    3 -2 -1  0 -2 -1 -1  2 -2 -2 -1  0 -2 -3 -2  1  2 -3 -3  0   34   0   0   6   0   0   0  17   0   0   4   8   0   0   0  10  16   0   0   6  0.28 0.16
  109 G    0  0  1 -1 -2 -1  0  2 -2  0 -1 -1  1 -2 -2  1  1 -3 -2  0    7   6   6   0   0   0   6  23   0   6   6   0   6   0   0  10  13   0   0   9  0.13 0.08
  110 M    1 -1 -2 -2 -2  2  1  0 -2  0  0  1  3 -2 -2  0 -1 -3 -2  0   17   0   0   0   0  10   8   6   0   6   6  14  19   0   0   9   0   0   0   6  0.16 0.15
  111 H   -1 -2  0 -2 -2 -1 -2  0  3 -1  0  0  2 -1 -3  0  1  4  1  1    0   0   6   0   0   0   0   6  14   0  11   8   9   0   0   6  12   8   4  18  0.18 0.14
  112 D    0  1 -1  1 -3  1  2  1 -1 -3 -1  1 -2 -3  1  1 -1 -3 -2 -2   10  10   0  11   0   6  16  13   0   0   8  11   0   0   6   9   0   0   0   0  0.21 0.10
  113 A    2 -1 -1 -2 -2  2 -1  0 -2  0  0  0  2 -2 -2  1  1 -3 -2  0   19   0   0   0   0  14   0   6   0   6   8   6   9   0   0  14  12   0   0   6  0.16 0.14
  114 L    0  0 -2  0 -2  1  0 -3 -2  0  3 -2  0 -2 -3  0  0 -3 -2  1    8   6   0   6   0   9   4   0   0   0  46   0   0   0   0   5   7   0   0   8  0.23 0.19
  115 V    0 -2 -3 -3 -2  1 -1 -3 -3  2  2 -2  3  1 -3 -2  1 -2 -1  1   12   0   0   0   0   9   3   0   0  11  32   0  10   6   0   0   9   0   0   8  0.24 0.16
  116 Q    0 -1  2 -1 -3  3  3  1 -1 -2 -3  1 -2 -3 -2  0 -1 -3 -3  0   10   0  14   0   0  21  22   9   0   0   0   6   0   0   0   5   0   0   0  11  0.32 0.19
  117 R    0  2 -1 -1 -3  4  1  0 -1 -3 -1  1 -1  0  0  0  0 -3 -2 -2    5  12   0   0   0  28   6   7   0   0   6   9   0   5   5   8   6   0   0   0  0.27 0.17
  118 H    0  0 -1 -1 -2 -1  1  0  2  0  0  0  2  1  0 -1  0 -2  1 -1    7   3   0   0   0   0  13  10  10   6  11   6   9   6   5   1   6   0   5   0  0.07 0.09
  119 V    1  0  1 -2 -2 -1 -2  1 -2  0  0 -1 -1 -2  0  1  0 -3 -2  2   10   7   8   0   0   0   0  12   0   5   5   0   0   0   5  13   6   0   0  27  0.12 0.11
  120 S    1 -1  1  2 -2  1 -1  1 -2 -2 -2  0  1 -3  1  2  1 -3 -3 -2   11   0   6  13   0   7   0  11   0   0   0   7   8   0   6  25   7   0   0   0  0.24 0.15
  121 L    1 -2 -2 -2  2  0 -1 -2 -2  0  0  0 -1 -2  3  0  1 -2  1 -1   21   0   0   0   5   5   0   0   0   5  14   7   0   0  20   7   9   0   7   0  0.27 0.14
  122 D   -1  1  1  3 -3  0  1 -2  1 -2 -1  1 -2 -2  2  1  0 -3  0 -1    0   6   5  20   0   0   9   0   5   0   5  12   0   0  11  15   5   0   4   5  0.24 0.12
  123 G    0  1 -1  0 -3  3 -1  3 -2 -3 -3 -1 -2 -4  1  1  1 -3 -3 -3    7  10   0   5   0  18   0  28   0   0   0   0   0   0   9  12  11   0   0   0  0.39 0.18
  124 A    2  1  1 -2 -2 -1  0 -2 -2 -1 -1  1 -1  0 -2  0  1 -3 -2  0   34   7  10   0   0   0   5   0   0   4   5  11   0   4   0   5   8   0   0   7  0.16 0.13
  125 K    1 -1  1  2 -2  1  1  0 -1 -2 -1  0 -2  0  0  2  0 -3 -2 -2   17   0   5  13   0   6  11   7   0   0   5   5   0   5   3  20   4   0   0   0  0.19 0.11
  126 A    3 -2  0  2 -2 -2 -1  2 -2 -2 -3  0 -2 -3 -2  0 -1 -3 -3 -1   44   0   4  17   0   0   0  18   0   0   0   5   0   0   0   5   0   0   0   5  0.40 0.20
  127 A    2  3 -1  0 -2  1  1 -2 -1 -2 -1  1 -1 -2  0  0  0 -3 -2  0   26  21   0   5   0   4  11   1   0   0   5   7   0   0   5   1   6   0   0   8  0.19 0.12
  128 H   -1  1  0  2 -3  2  1  1  4 -3 -3 -1 -2 -3 -2  0  1 -3 -1 -2    4   8   0  17   0  12   5  12  18   1   1   1   0   0   1   7  11   0   0   1  0.31 0.15
  129 G    1 -1 -1  0 -2  1 -1  2 -2  0 -1  0 -1 -2 -2  0  0  2 -2  1   14   1   1   6   0  10   1  18   0   6   5   5   0   1   1   9   5   4   0  13  0.11 0.08
  130 E    0  2 -1  0 -2  0  1  1  2 -2 -1  0 -1 -2  1  0  0 -2 -2 -1    6  15   1   5   0   1  10  14   7   1   9   5   0   1   7   7   7   0   0   4  0.13 0.07
  131 G    1 -1 -1  0 -2  3  1  1 -1 -1 -2  1 -2 -3 -2  1  1 -3 -2 -2   13   1   0   4   0  18  11  12   0   4   1  11   0   0   1  10  12   0   0   1  0.23 0.13
  132 V    1 -1  0 -1 -2  0  1 -1  0  0 -1  0 -1 -2  0  1 -1 -2  0  2   18   1   3   1   0   3  12   4   3   5   1   4   0   0   4  12   1   0   3  24  0.11 0.11
  133 K    1 -1 -1  0 -2  1  2 -1 -1 -1 -2  1 -1 -3  0  2 -1 -3 -2  0   18   1   0   3   0   8  15   3   0   4   1  14   0   0   4  19   1   0   0   8  0.20 0.13
  134 R    0  2  1 -1 -3  2 -1  2  1 -3 -2  0 -2 -1 -1  1  1 -3 -2 -2    7  14  10   0   0  16   0  16   3   0   3   3   0   3   3  10  10   0   0   0  0.22 0.13
  135 A    2 -1  0 -1 -2  1  0  2 -2 -2 -2  0 -2 -1  0  2  0 -3 -2 -1   24   2   4   2   0  10   3  15   0   0   1   4   0   4   4  17   3   0   0   6  0.19 0.12
  136 A    2 -1  2  0 -2  1  0  0 -1 -1  0 -1  0 -2  0  0  0 -3 -2  0   22   2  13   6   0  11   4   4   0   0   7   0   4   0   4   6   4   0   0  11  0.12 0.11
  137 G    1 -1  1  2 -2  1  1  1 -1 -1 -2  0 -2 -3 -2  1  1 -3 -2 -1   11   0   7  16   0   8   7  13   0   4   4   6   0   0   0   8  12   0   0   2  0.18 0.10
  138 D    0  0  1  4 -3 -1  1 -2  1  0 -2  0 -2 -3 -2  0 -1  2 -2  0    8   4   6  29   0   0  10   0   4   6   3   7   0   0   0   9   0   4   0   7  0.26 0.14
  139 A    2  0 -1  0 -2  0 -1 -1 -2  0 -1  0  0 -2  1  1  1 -3 -2  0   24   4   0   7   0   4   0   3   0   7   5   7   4   0   7  11   9   0   0   6  0.12 0.09
  140 P    1  0 -1  0 -2  0  1  0 -2 -2 -2  1 -2 -3  4  1  0 -3 -2  0   13   3   0   4   0   3  14   6   0   0   1   7   0   0  21  13   5   0   0   8  0.32 0.13
  141 R   -1  1  0  0 -2  0  1 -1 -1  0  0  1  1 -2  1 -1  1 -3 -2  0    3  11   4   3   0   4  11   4   0   9   7  10   8   0   7   1  11   0   0   6  0.09 0.07
  142 A    1 -1  0  0 -2  1  1  1 -2 -3 -3  2 -2 -3  2  1 -1 -3 -2 -2   15   0   4   4   0   5   6  14   0   0   1  24   0   0  10  14   1   0   0   1  0.29 0.14
  143 A    1 -2  0  0 -2 -1 -1  3  1 -1 -2 -1 -2 -3  0  1  0 -3 -2  0   18   0   3   6   0   0   1  26   4   3   1   4   0   0   4  12   7   0   0  10  0.21 0.11
  144 A    1  0  1  1 -2  0  1  1  0 -2 -1  0 -1 -3  0  1 -1 -3 -2 -1   17   3   8  10   0   4  12  10   3   0   5   6   0   0   3  12   0   0   0   7  0.14 0.08
  145 D    1  0  2  2 -3  1  1  2  1 -3 -3  0 -2 -3 -2  1 -1 -3 -2 -3   13   4  15  13   0   7   8  21   4   0   1   3   0   0   0  11   0   0   0   0  0.31 0.13
  146 A    2  0  1  1 -2  0 -1  0  2 -2 -2 -1 -2  0  1  2 -1 -3 -1 -1   20   4   8   9   0   3   0   8   7   0   0   0   0   7   7  23   0   0   0   4  0.20 0.14
  147 P    0  1  2  1 -3 -1  0 -1  1 -3 -2 -1 -2 -1  2  2  1 -3 -2 -2    5  11  10  11   0   0   6   4   3   0   5   0   0   3  14  19   8   0   0   0  0.24 0.13
  148 Q    0  0  0  0 -2  0 -1 -2  2  0  0  0  0  2  1  0  0 -2  1  0    6   5   4   4   0   5   0   0   7   6  14   5   0  12   7   9   3   0   7   6  0.06 0.06
  149 R    0  2 -2  0 -2 -1 -1  1  0  1  0 -1 -1  2  0 -1 -1 -2 -1  1   11  19   0   7   0   2   0  13   3  10   7   0   0  12   4   0   0   0   0  11  0.08 0.11
  150 F    0 -2  1  0 -2 -2 -2  2 -2  0 -1 -1 -1  2 -2  0 -1 -2  0  1    7   0  10   7   0   0   0  24   0   7   5   3   0  11   0   8   0   0   4  13  0.14 0.10
  151 A    0 -2 -1  0 -2 -2 -2  1 -2  0  1 -2  2 -1 -2  0  0  1 -2  1    8   0   2   6   0   0   0  16   0   5  23   0   8   0   0  11   6   3   0  10  0.12 0.10
  152 F   -2 -3  1 -3 -3 -3 -3 -1  1  2  1 -3 -1  5 -3  0 -2 -1  0  0    1   0   8   0   0   0   0   4   4  15  13   0   0  39   0  10   0   0   0   4  0.40 0.20
  153 A    2 -2 -1 -2 -2  0 -2  3 -2 -2 -1 -2  1 -3 -2  1  1 -3 -2 -1   28   0   0   0   0   4   0  25   0   0   7   0   5   0   0  15   9   0   0   3  0.31 0.16
  154 D   -1 -2  2  2 -2 -1  0  1 -2 -2 -3  0 -2  0 -2  2  0  4 -1 -1    2   0  10  12   0   0   6  13   0   0   1   5   0   6   0  24   4   9   0   7  0.26 0.14
  155 D   -3 -1  0  5 -4  1  3 -3 -2 -4 -4 -1  1 -1 -3 -1 -1 -4 -3 -4    0   4   3  53   0   4  21   0   0   0   0   0   6   4   0   3   3   0   0   0  0.87 0.31
  156 K    0  2  1  1 -3  3  1 -2 -1 -2 -1  2 -2 -3 -2 -1 -1 -4 -3  0    8  12   9  10   0  17   9   0   0   0   4  20   0   0   0   1   0   0   0  10  0.29 0.17
  157 A    2 -1 -2 -3 -3  1 -2  2  3 -1  1 -2  3 -1 -3 -1 -2 -3 -2 -1   20   2   0   0   0  10   0  17  11   2  22   0  12   2   0   3   0   0   0   0  0.25 0.19
  158 F    0 -3 -3 -4 -2 -3 -3 -3 -3  2  1 -3  1  4 -3  0  0 -2 -1  2   10   0   0   0   0   0   0   0   0  17  13   0   3  23   0   8   3   0   0  23  0.36 0.18
  159 D   -1 -1  1  4 -3  0  2  1 -2 -1 -1 -1 -2 -3 -2  1 -1 -4 -3 -2    3   3   7  32   0   2  14  14   0   3   9   0   0   0   0  10   0   0   0   0  0.36 0.17
  160 A    1 -3 -4 -4 -2 -3 -3 -3 -3  0  3 -3  0  0 -3 -2 -1 -3  0  3   17   0   0   0   0   0   0   0   0   0  38   0   0   3   0   0   2   0   3  34  0.47 0.24
  161 M   -2 -3 -1 -4 -3  0 -2 -4 -3  3  3 -3  5  1 -4 -1 -2 -3 -2  0    0   0   3   0   0   5   3   0   0  20  33   0  24   4   0   5   0   0   0   4  0.54 0.27
  162 L   -1 -1  1 -3  0  0 -2 -3 -3  1  3 -1  2  0 -3 -1  0 -3 -2  1    6   3   8   0   2   6   0   0   0   9  39   4   4   2   0   3   4   0   0  11  0.23 0.16
  163 A    2  0 -2  0 -2  2  0 -2 -2  1 -1  0  2 -3 -2  1  0 -3 -3 -1   25   3   0   7   0  13   6   0   0  11   5   6  10   0   0  11   4   0   0   0  0.19 0.17
  164 L    1 -3 -4 -4 -2 -3 -3 -3 -3  2  3 -3  2  1 -3 -2 -2 -2  1  2   18   0   0   0   0   0   0   0   0  10  42   0   6   5   0   0   0   0   6  13  0.46 0.23
  165 G    0 -1 -1 -3  2  0 -2 -1 -2  2  1 -2  2  0 -3  0  1 -2  0  1   10   4   2   0   5   6   0   4   0  17  11   0   8   5   0   5  15   0   3   7  0.11 0.11
  166 A    1 -1  0  0 -2  1  2 -2 -1  1 -2  1 -1 -3 -2  0  1 -4 -2  1   13   0   5   4   0   6  19   0   2  11   0  10   0   0   0   5  10   0   0  16  0.18 0.15
  167 A    3  0 -3 -3 -2 -2 -1 -2 -3  0  1 -1 -1  1 -3  0  1 -3 -2  1   40   6   0   0   0   0   4   0   0   3  14   3   0   8   0   3   7   0   0  11  0.25 0.19
  168 M   -1 -2 -1 -3 -2  1 -1 -3 -2  0  2 -2  3  2 -3 -1 -1  1  1  2    2   0   4   0   0  10   3   0   0   3  30   0  12   8   0   3   3   2   4  16  0.26 0.18
  169 Q   -1  2  2 -2 -3  4  0 -2 -1 -1  0 -1 -2 -3 -3  0 -1 -3 -1  0    3  15  14   0   0  35   4   3   0   4   8   0   0   0   0   4   2   0   1   6  0.41 0.25
  170 K    0  1  1  0 -3  3  1 -2 -1  0 -1  3 -2 -3 -2  0  0 -4 -3 -1    7   7   7   4   0  16  10   1   0   9   4  25   0   0   0   3   4   0   0   3  0.26 0.16
  171 N    2 -2  2 -1 -2 -1 -1  0 -2  0  0 -2  2 -1 -2  1  1 -3 -2  0   30   0  12   2   0   2   2   5   0   4   7   0   7   3   0  11  11   0   0   4  0.19 0.16
  172 V    0  4  1 -1 -3  0  1 -2 -2 -2 -2  0  0 -1 -3  1  0 -3 -1  1    8  34   7   2   0   3   8   2   0   0   0   2   3   2   0  10   3   0   2  14  0.27 0.18
  173 Q    0  1  0  0 -3  4  2 -3 -1  1 -2  1 -2 -3 -2 -1  1 -3 -3  0    6   9   3   6   0  26  15   0   0  11   1   7   0   0   0   2  11   0   0   5  0.30 0.18
  174 S    3 -2  1 -1 -2  0 -1  0  1 -3 -3 -2 -2 -4 -2  3  1 -4 -3 -2   38   0   8   3   0   4   3   3   4   0   0   0   0   0   0  30   7   0   0   0  0.48 0.25
  175 D   -1 -1  2  4 -3  0  2 -2 -1 -3 -2  0 -2 -1 -2  2  0 -3  0 -1    3   2   9  28   0   2  15   0   0   0   4   4   0   3   0  17   5   0   3   4  0.34 0.17
  176 L    2  1  1 -2 -2  1 -1 -1 -2 -1  0  0  1 -2 -2  1  1 -3 -2  0   22  11   9   0   0   9   0   3   0   4   7   6   7   0   0   8  11   0   0   4  0.15 0.13
  177 A    0  1 -1 -1 -3  2  0 -1  0 -2 -1  3  1 -3 -2  0  0 -3 -2  0    8   7   0   2   0  15   2   3   2   0   3  32   7   0   0   6   6   0   0   6  0.29 0.18
  178 M    0 -3  0 -3 -3  0 -1 -4 -3  1  3 -2  5 -1 -3 -1 -1 -3 -2  0    7   0   5   0   0   5   3   0   0   5  39   0  27   0   0   3   3   0   0   5  0.47 0.25
  179 Q    1  1  0 -1 -2  2  1  1  0 -3 -2  1 -2 -1 -2  2  0 -3 -2 -2   15  10   5   0   0  10   9  10   2   0   4   9   0   3   0  21   4   0   0   0  0.22 0.13
  180 G    2 -2  2 -2 -3 -2  0  3 -2 -2 -3 -2 -3 -3 -2  2  0 -3  0 -3   21   0  12   0   0   0   4  30   0   2   0   0   0   0   0  23   3   0   4   0  0.47 0.23
  181 K    1  0 -1  1 -2  0  1 -2  0 -1 -2  2  0 -2 -2  1  1 -3 -2 -1   11   4   0  10   0   3  11   0   3   2   3  22   2   1   0  11  14   0   0   4  0.20 0.12
  182 L    0 -3 -3  0 -3 -3 -3 -4 -3 -1  3 -3  6  4 -4 -1 -2 -2  1 -1    7   0   0   6   0   0   0   0   0   0  28   0  32  19   0   4   0   0   4   0  0.60 0.28
  183 T    3 -2 -2 -2 -2 -2 -2  0 -3 -1  0 -2 -1 -3 -2  2  2 -3 -3  1   31   0   0   0   0   0   0   7   0   2  13   0   0   0   0  20  18   0   0   9  0.31 0.20
  184 M    0 -1 -2 -1 -2  2  0 -2 -2  1  1  0  2 -2 -2  0  1 -3 -2  1    9   2   0   4   0  12   4   0   0  11  16   7   7   0   0   9   7   0   0  13  0.11 0.10
  185 L    0  1 -3 -4 -2 -2 -3 -4 -3  2  2 -2  4 -1 -3 -1 -1  2 -2  2    6  11   0   0   0   0   0   0   0  17  22   0  17   0   0   3   2   4   0  18  0.35 0.19
  186 A    2  0  1 -1 -2  2  1  0 -2 -3 -3  1  0 -3 -2  3 -1 -4 -3 -2   20   4   6   0   0  15   9   5   0   0   0   6   4   0   0  28   0   0   0   2  0.32 0.19
  187 H    1  2 -2 -3 -3 -1  0 -1  1 -1  0 -1 -1  3 -3 -1 -1 -2  2  0   18  19   0   0   0   0   6   5   5   0   8   0   0  17   0   0   4   0  11   9  0.20 0.16
  188 D   -1  0  1  4 -4  3  2 -1 -2 -4 -4  2 -3 -4 -2  0  0 -4 -3 -3    3   2   4  33   0  16  15   3   0   0   0  14   0   0   0   4   5   0   0   0  0.57 0.22
  189 A    4 -3 -3 -3 -2  2 -2 -2 -3 -2 -2 -2  3 -3 -3  0 -1  2 -3  1   59   0   0   0   0  10   0   0   0   0   0   0  10   0   0   5   3   3   0  10  0.62 0.31
  190 M    3  0  0 -2 -2 -2 -2  0 -2 -1 -2 -2  3 -3 -2  1  2 -3 -3  0   40   7   4   0   0   0   0   4   0   2   0   0  13   0   0  11  13   0   0   6  0.35 0.22
  191 M   -1 -1 -1 -1 -3  3  2 -1  0  0 -1  2  1 -2 -2 -1  0 -3  0  0    2   0   2   0   0  20  15   4   2   7   4  20   6   0   0   0   4   0   4   9  0.22 0.16
  192 S    2  2  2  0 -2 -1  1  0 -2 -3 -3  0 -2 -3 -2  2  0 -4 -3 -2   30  12  10   4   0   0  10   5   0   0   0   6   0   0   0  19   5   0   0   0  0.32 0.18
  193 A    3 -1 -2 -2 -3  4  1 -1  1 -2 -3  0 -2 -4 -2  1  0 -4 -3  0   33   0   0   0   0  28  11   3   4   0   0   2   0   0   0   7   6   0   0   7  0.43 0.24
  194 A    5 -1 -2 -3 -2 -2 -1  3 -3 -3 -3 -2  0 -4 -3  0 -2 -4 -3 -2   63   4   0   0   0   0   4  22   0   0   0   0   4   0   0   4   0   0   0   0  0.76 0.32
  195 A    1 -1  1  3 -3  3  1 -1 -1 -2 -3  0 -2 -4 -2  1  0 -4 -3 -1   14   2   7  25   0  18   8   2   0   2   0   4   0   0   0   9   4   0   0   5  0.35 0.17
  196 Q    3 -1  1  0 -2  2  0 -2  0 -3 -2  1 -2 -3 -2  2  0 -3 -1 -2   31   0   7   4   0  10   2   0   3   0   4   9   0   0   0  25   4   0   2   0  0.32 0.19
  197 D   -2 -3 -3  0 -3 -1 -3 -1 -1  4  0 -2  3  0 -3 -2  2 -3 -2  1    0   0   0   7   0   4   0   4   2  46   3   2  11   4   0   0  15   0   0   2  0.39 0.24
  198 R   -1  3 -3 -3 -3  0 -1 -4 -2  3  0  0  0 -2 -3 -2 -1 -4 -2  2    4  22   0   0   0   6   4   0   0  27   5   7   1   0   0   0   2   0   0  23  0.32 0.19
  199 S    2  3  0 -1 -3  2  2 -2 -2 -4 -4  2 -3 -4 -3  1 -1 -4 -3 -3   18  20   4   2   0  12  16   0   0   0   0  12   0   0   0  13   3   0   0   0  0.45 0.25
  200 I    2  0 -2 -2 -4  4  3  1 -2 -2 -3  0  0 -4 -3  1 -2 -4 -3 -3   18   4   0   0   0  25  23  13   0   3   0   3   2   0   0   9   0   0   0   0  0.50 0.29
  201 G    1 -1 -3 -4 -5 -4 -2  6 -4 -6 -6 -3 -5 -5 -4 -2 -4 -5 -5 -5   11   4   0   0   0   0   2  83   0   0   0   0   0   0   0   0   0   0   0   0  1.68 0.53
  202 A    0  1  1 -2 -3  2  2 -3  0 -1  0  2  2 -1 -3 -1  0 -3 -2 -1    7   4   8   0   0  13  14   0   2   2   8  20  10   2   0   2   5   0   0   4  0.22 0.18
  203 A    3 -2  1  3  0  2  1 -2 -2 -2 -2 -2 -3 -4 -3  0  1 -4 -3 -2   36   0   7  17   2  12   9   0   0   2   2   0   0   0   0   5   9   0   0   0  0.42 0.27
  204 Q    3 -1  2 -2 -3  2  0  0 -2 -1 -2 -2  2 -3 -3  0 -1 -4 -3  0   34   2  14   0   0  12   7   6   0   4   2   0   8   0   0   3   2   0   0   5  0.31 0.24
  205 M   -2 -4 -5 -5 -4 -4 -5 -5 -4 -1  4 -4  6  3 -5 -4 -3 -3 -2 -2    4   0   0   0   0   0   0   0   0   0  52   0  30  14   0   0   0   0   0   0  1.17 0.46
  206 T    2 -1  2 -1 -2  0  0  0  1 -1 -2 -1  0 -2 -2  2  1  0  0 -1   20   2  14   2   0   2   3   5   4   4   1   2   4   0   0  17  11   1   3   4  0.17 0.15
  207 A    2 -3 -1 -3 -3 -3 -3  4 -3 -4 -4 -1  1 -4 -3  3  0 -4 -1 -3   17   0   2   0   0   0   0  45   0   0   0   3   5   0   0  23   4   0   2   0  0.76 0.34
  208 A    5 -1 -1 -3 -3 -3 -3  0 -3 -4 -4 -2 -3 -4 -3  2 -1 -5 -4 -2   66   4   2   0   0   0   0   5   0   0   0   0   0   0   0  19   2   0   0   2  0.94 0.43
  209 I   -3 -5 -5 -5 -3 -5 -5 -6 -5  6  1 -5  1  1 -5 -4 -3 -4 -3  2    0   0   0   0   0   0   0   0   0  72   9   0   2   4   0   0   0   0   0  13  1.33 0.47
  210 A    2 -3 -2 -3 -3 -2 -2  2 -3 -2 -2 -2  0 -2 -3  3  3 -4 -3 -1   16   0   0   0   0   0   0  18   0   2   3   0   2   2   0  31  24   0   0   3  0.51 0.30
  211 G    0 -3 -1 -3 -4  3 -2  5 -3 -5 -4 -2  0 -5 -4  2 -1 -4 -4 -4    5   0   2   0   0  19   0  52   0   0   0   0   4   0   0  15   2   0   0   0  0.94 0.40
  212 G    4 -3 -2 -3 -3 -3 -3  3 -3 -4 -3 -3  0  1 -3  3 -2 -4 -3 -3   42   0   0   0   0   0   0  22   0   0   0   0   2   7   0  26   0   0   0   0  0.73 0.37
  213 A    2 -3 -3 -4  0 -1 -3  0 -4  1 -1 -3  0  0 -3  0  0 -4 -3  4   21   0   0   0   2   4   0   6   0   5   2   0   2   4   0   7   4   0   0  44  0.42 0.27
  214 L   -2 -4 -4 -4 -3 -3 -4 -3 -4  2  4 -4  2  0 -4 -3  1 -3 -3  2    2   0   0   0   0   0   0   2   0   8  51   0   5   2   0   0  10   0   0  19  0.63 0.30
  215 Q    1 -2  1 -1 -4  5 -1  2 -2 -4 -3 -2  0 -4 -3  2  0 -4 -4 -3   11   0   6   2   0  36   0  20   0   0   1   0   2   0   0  15   5   0   0   0  0.63 0.35
  216 A    1 -3 -2 -3 -2 -3 -3  3 -3  1  1 -3  0 -2 -3  0  1 -3 -3  1   11   0   0   0   0   0   0  25   0  10  20   0   1   0   0   7  12   0   0  15  0.31 0.20
  217 T    3 -3 -2 -3 -2 -2 -3  3 -3 -2 -2 -2 -1 -3 -3  1  1 -4  0  1   33   0   0   0   0   0   0  25   0   0   2   0   2   0   0  13  10   0   4  12  0.47 0.27
  218 T   -2 -4 -4 -5 -3 -3 -4 -1 -4  3  2 -4  6  0 -4 -3  0 -3 -3  1    2   0   0   0   0   0   0   4   0  19  20   0  36   3   0   0   7   0   0   9  0.76 0.36
  219 S    3 -3 -2 -1  0  1 -2 -1 -3 -3 -3 -2 -3 -4 -3  3  4 -4 -3 -1   26   0   0   4   2   7   0   2   0   0   0   0   0   0   0  28  28   0   0   3  0.59 0.34
  220 L    1 -4 -3 -4 -3 -3 -3  4 -4  1  0 -3 -2 -1 -3 -1  0 -4 -3  3   12   0   0   0   0   0   0  33   0   6   7   0   0   3   0   2   4   0   0  32  0.50 0.27
  221 G    2 -3 -1 -3 -3 -2 -1  4 -3  0 -2  0  1 -2 -3 -1 -1 -4 -3  1   26   0   3   0   0   0   4  33   0   5   2   6   4   2   0   2   3   0   0  12  0.38 0.23
  222 G    0 -4 -3 -1 -4 -4 -4  6 -4 -6 -6 -4 -5 -5 -4  0 -1 -5 -5 -5    4   0   0   4   0   0   0  81   0   0   0   0   0   0   0   7   4   0   0   0  1.58 0.51
  223 A    5 -3 -3 -3 -3 -3 -3  1  0 -3 -2 -3  1  0 -3  0  2 -4 -3 -2   58   0   0   0   0   0   0  10   2   0   4   0   4   4   0   4  15   0   0   0  0.69 0.37
  224 M    2 -2 -2 -2 -2  0 -1  1  0 -1 -2  1  2  1 -3  0  0 -3 -1  2   20   0   0   0   0   4   4  13   3   2   0  13   7   6   0   4   4   0   2  19  0.15 0.17
  225 Q   -1  1 -1 -2 -3  3  0 -3 -2 -1  1  3  2  0 -3  0  1 -3 -2 -2    2   6   2   0   0  20   2   0   0   3  17  20   7   4   0   8   8   0   0   0  0.28 0.22
  226 Q   -1  0 -1 -2 -4  5  3 -3 -2 -4 -2  1 -1 -5 -3  2  1 -4 -4 -4    2   4   2   0   0  32  20   0   0   0   3   8   2   0   0  19   8   0   0   0  0.68 0.42
  227 M   -1 -2 -3 -4  0 -1 -3 -4  2  3  2 -3  3  3 -4 -1 -1 -2  2  1    6   2   0   0   2   2   0   0   6  20  18   0  10  15   0   4   2   0   7   6  0.34 0.23
  228 K   -2  3  0  0 -5  1 -2 -1 -3 -5 -5  6 -4 -5 -3  1 -3 -5 -4 -4    1  14   4   5   0   6   0   4   0   0   0  56   0   0   0   9   0   0   0   0  0.97 0.49
  229 S    2 -4  1 -3 -4 -3 -4  6 -4 -5 -5 -2 -4 -5 -4  0 -1 -5 -5 -4   16   0   7   0   0   0   0  64   0   0   0   2   0   0   0   7   3   0   0   0  1.22 0.52
  230 L   -3 -4 -4 -5 -3  0 -4 -5  3  3  4 -4 -1  0 -4 -4 -1 -3  1  0    0   0   0   0   0   6   0   0   8  16  55   0   0   4   0   0   4   0   4   3  0.73 0.40
  231 S    0  1  4 -2 -4  2 -2  0  1 -4 -4  2 -1 -4 -3  3 -1 -5 -3 -4    7   6  27   0   0   8   0   6   4   0   0  15   2   0   0  23   2   0   0   0  0.55 0.35
  232 T    1  0  1  0 -3  2 -1  1  0  0 -1  2  0 -3 -2 -1  2 -3 -3 -2   13   2   8   5   0  13   1   9   2   8   6  14   2   0   0   0  15   0   0   0  0.17 0.19
  233 K   -2  1  1 -1 -5  3  4 -3  0 -4 -4  3 -1 -5 -3 -2 -1 -4 -3 -4    2   7   8   0   0  15  38   0   2   0   0  22   2   0   0   0   2   0   0   0  0.80 0.42
  234 S    0  3  1  0 -4  0  0  0  5 -4 -4  2 -3 -4 -3  1 -1 -4 -2 -3    5  21   5   5   0   2   6   8  20   0   0  13   0   0   0  12   2   0   0   0  0.47 0.28
  235 M    1  1  0  1 -2  1  0  1  1 -2 -2  0  1 -3 -2  1  1 -3 -2 -1   14   8   3   7   0   6   4  14   4   0   0   5   7   0   0  10  14   0   0   2  0.18 0.16
  236 S    3 -3  0  2 -3 -2 -2 -2 -3 -3 -3 -2  2 -4 -3  4  0 -4 -3 -1   25   0   4  15   0   0   0   0   0   0   0   0   6   0   0  39   4   0   0   4  0.59 0.38
  237 I   -2 -4 -4 -2 -3 -4 -4 -5 -4  5  4 -4 -1 -2 -4 -4 -3 -4 -3  0    3   0   0   3   0   0   0   0   0  44  44   0   0   0   0   0   0   0   0   4  0.96 0.44
  238 E   -1  2  2 -1 -4  1  2 -2 -2 -4 -2  4 -3 -4 -3 -2  0 -4 -3 -2    3  10   9   2   0   3  18   3   0   0   3  39   0   0   0   0   6   0   0   2  0.56 0.33
  239 K    0 -1  3  0 -3  1  0  0  2 -2 -2  1  0 -1 -2  1  0 -3  0 -2    6   1  20   2   0   7   6   7   8   2   3  10   2   4   0  10   7   0   2   2  0.19 0.16
  240 E   -1 -2  6  2 -4  1  2 -3  0 -4 -4 -1  0 -4 -4 -2 -1 -5 -4 -1    4   0  50  10   0   6  13   0   2   0   0   2   2   0   0   0   3   0   0   6  0.89 0.45
  241 L    1 -1 -2 -3 -2  0 -1 -1  0  0  3  1  2 -2 -3 -1  0 -3 -2  0   13   3   0   0   0   5   3   4   2   2  38  10   6   0   0   2   4   0   0   4  0.21 0.19
  242 K    0  1  0  0 -3  1  0  0  0 -1 -1  3  0 -3  1 -1  0 -3 -2  0    9   7   4   3   0   6   4   6   2   2   6  26   2   0   7   2   4   0   0   7  0.15 0.13
  243 P   -1  0  1 -1 -3  0  1  0 -2 -3 -3  2 -3 -4  4  0  0 -4 -3 -1    5   3   7   3   0   4   9   7   0   0   1  18   0   0  26   6   7   0   0   4  0.45 0.23
  244 Q    2  1 -1 -2 -3  3  0 -1 -2 -1  0  0 -1 -3 -1  0  0 -3 -3 -1   26  10   3   0   0  21   3   4   0   4  10   5   0   0   3   4   4   0   0   4  0.24 0.22
  245 A    2  0  2  0 -2  0 -1 -1  0 -1 -1  0  1 -3 -1  1  0 -3 -2 -2   28   6  15   4   0   5   2   3   2   3   7   3   5   0   2  11   4   0   0   0  0.20 0.18
  246 E    1 -1  2  1 -3  1  2 -1  0 -3 -3  2 -3 -4 -1  1  1 -4 -3 -3   12   0  14   9   0   6  18   2   2   0   0  15   0   0   2   9   9   0   0   0  0.34 0.22
  247 L    1 -2 -1 -3 -3  1  0 -3  0 -1  4 -2  1 -2  0 -2 -2 -3 -2  1   14   2   4   0   0   7   6   1   2   0  47   0   2   0   4   1   0   0   0   9  0.35 0.27
  248 K   -1  2  2  0 -3  1  2  0 -2 -3 -3  2 -1 -4  0  0  0 -3 -3 -3    2  15   9   4   0   7  19   9   0   0   1  16   2   0   5   4   4   0   0   0  0.35 0.21
  249 Q    0  1  1  1 -2  2  0 -1  0 -1  0  0 -1 -2 -1 -1  0 -2  0 -1    6  10   9   8   0  12   6   5   2   3  15   6   0   0   3   2   5   0   3   4  0.09 0.10
  250 F    0 -1  1  0 -2  0  1  0  0  0  0  0  0  1  0  0 -1 -2  0  0    5   3   7   6   0   4  12  10   2   4  10   3   3   8   5  10   1   0   2   5  0.04 0.05
  251 H    1  0  0  2 -2  0  0 -1  1 -1  0 -1  1 -2 -1  0  0 -3 -2  0   16   5   5  16   0   3   4   3   4   3  13   3   5   0   3   7   5   0   0   5  0.08 0.09
  252 A    2  1 -1  0 -2  1 -1  0 -2  0  0 -1  0 -2  0  0  1 -3 -2  0   27  10   3   6   0   7   1   7   0   4   8   1   3   0   5   3   8   0   0   7  0.13 0.14
  253 E    0  1  1  2 -3  1  2  0 -1 -3 -2  1 -2 -3  0  1  0 -3 -2 -2    5   8   6  13   0   7  17   7   0   1   3  10   0   0   3  16   3   0   0   1  0.26 0.16
  254 Q    0  0  1 -1 -2  3  0  0  1  0  1  0  1 -2  0  0 -1 -3 -2 -1    8   5   9   1   0  20   4   8   3   5  15   5   3   0   5   5   1   0   0   2  0.14 0.15
  255 A    1  0  1  0 -2  2  1  0 -1 -2 -1  1 -1 -3 -2  1  0 -3 -2 -2   12   5  10   6   0  15   6   7   0   1   5  10   2   0   1  12   6   0   0   2  0.18 0.14
  256 L   -1  0  1 -1 -2  0 -1 -2 -2 -1  2 -1  2  0 -1  0  0 -2 -2  0    3   7  10   2   0   6   3   1   0   1  29   3   7   4   3   8   6   0   0   7  0.12 0.13
  257 E    1 -1  1  1 -2  1  2  0 -1 -2 -2  0 -2 -3  1  1  1 -3 -2 -1   14   2   8   7   0   8  15   7   0   1   4   4   0   1   5  10   9   0   0   2  0.18 0.12
  258 L   -1  0 -2 -1 -2 -1 -1 -3 -2  1  3 -2  2 -1  0 -2 -1 -2 -2  1    6   5   1   4   0   3   3   1   0   8  44   1   5   2   6   1   4   0   1   7  0.27 0.18
  259 R   -1  2  3  0 -3  2  0  0  2 -2 -2  2 -2 -3 -2  1  0 -3 -2 -2    3  12  16   3   0   9   3   6   7   1   3  15   0   1   1  11   5   0   1   3  0.24 0.16
  260 G    0  0  0  1 -2 -1  0  3 -2 -3 -2  1 -2 -3 -1  1  1 -3 -2 -2    8   5   3   7   0   1   5  28   0   1   4  12   0   1   3  10  11   0   1   1  0.26 0.16
  261 I    0  1  1 -1 -2  1  0  1 -1 -1  0  1  0 -1  0  0  0 -2 -2  0   10   8   8   1   0   8   3  14   0   4   9   8   3   2   5   5   7   0   0   5  0.08 0.07
  262 N    0 -1  3  2 -3 -1  1  1  0 -3 -2  0 -2 -3  0  1  0 -3 -2 -2    9   2  19  11   0   0   9  12   2   1   4   5   0   0   5  14   3   0   0   3  0.24 0.16
  263 K    0  2 -1  0 -2  0  0  0 -2 -2 -1  2  1 -1  0  1  1 -3 -2 -1    8  16   0   4   0   3   3   7   0   0   5  18   5   3   4   9  10   0   0   3  0.16 0.14
  264 P    1  0  0  0 -2  1  0 -2 -2 -1 -1  0 -2 -3  4  0  0 -3 -3  0   11   4   6   7   0   6   5   1   0   3   5   4   0   0  24   7   7   0   0  10  0.31 0.17
  265 V    0  0  1  1 -2 -1  0 -2  0  0 -1  1  1 -2  0  0  1 -3 -2  1    7   3   6  11   0   0   3   1   2   4   5  15   5   0   3   8  12   0   0  13  0.11 0.12
  266 L    0  0  0 -1 -2 -1  0 -1 -2  0  2 -1  1  0  0  0  0  1 -2  0   10   4   5   2   0   2   5   4   0   1  31   3   6   3   4   5   6   2   0   6  0.09 0.11
  267 S    1 -2  1  0 -2 -1 -1  2 -2 -2 -2  0 -2 -3  0  2  0 -3 -3  0   16   1   9   3   0   0   3  17   0   2   3   6   0   0   5  24   4   0   0   6  0.24 0.18
  268 N    1 -2  2  2 -3  1  2  0 -2 -2 -2 -1 -2 -3  1  0  1 -3 -3 -1   14   0  10  13   0   5  15   5   0   0   3   2   0   0   7   7  11   0   0   6  0.23 0.17
  269 D    0 -1 -1  2 -2  0  1  1 -1  0  0  0  1 -2 -1  0  1 -3 -2  0    6   2   0  18   0   3  12  10   2   8   7   4   4   0   2   4  10   0   0   6  0.12 0.11
  270 E    1  1  2 -1 -3 -1  1  0 -2 -2 -3  0 -2 -1  2  0  1 -3 -2 -1   13   8  16   2   0   0  12   5   0   0   1   6   0   3  13   7   9   0   0   6  0.23 0.17
  271 V    1 -2 -1  0 -2  0  0  0 -2  0  0  0 -1 -2  0  1  1 -3 -2  1   15   0   2   6   0   5   6   6   0   3  10   5   0   0   4  14   9   0   0  13  0.10 0.12
  272 S    1  1  2  0 -2  0 -1 -1 -2 -2 -1  1 -2 -3  0  1  2 -3 -1 -1   12   7  10   3   0   2   2   3   0   0   4   9   0   0   5  12  22   0   2   4  0.20 0.17
  273 H    1  1  0  1 -2  1  0 -1  1 -2 -1  1 -2 -3  0  1  1 -3 -2 -1   13  10   2   9   0   9   4   3   3   0   6   9   0   0   5  15   8   0   0   2  0.17 0.14
  274 V    0  0  0  0 -2  0 -1  0  1  1  0 -1 -1  0  1  1  0 -3 -1  1    8   5   4   4   0   6   0   7   4   9  11   0   0   4   8  11   5   0   0  13  0.05 0.09
  275 K    0  1  1  0 -3  1  0  1  2 -1 -3  1 -2 -2  1  0  1 -3  0 -2    4   9   6   6   0   6   5  11   7   4   1  12   0   0   6   4  13   0   5   0  0.16 0.15
  276 I    1  0 -2 -2 -2  0 -1 -1 -2  0  1  0  0 -2  0  0  1 -3 -2  1   15   5   0   0   0   5   3   2   0   5  20   4   2   0   4   6  14   0   0  13  0.12 0.14
  277 K    0  0  3  0 -3 -1  1  0  2 -1 -1  2 -2 -3  1  0 -1 -3 -2 -1    6   3  18   3   0   0  10   5   6   5   8  15   0   0   8   3   3   0   0   5  0.17 0.17
  278 R    1  2  1  1 -2  1  0  0 -2 -2 -2  0 -2 -3  1  1  1  1 -2 -2   12  12   6   7   0   8   2   5   0   0   3   6   0   0   8  14   9   3   0   2  0.19 0.16
  279 D    1  0  0  1 -2  1  1  1 -1 -2 -1  0 -2 -3  1  1  0 -3 -2 -1   11   5   4  11   0   8  12  11   0   1   7   5   0   0   6   9   3   0   0   6  0.14 0.11
  280 T    1 -2  3  1 -3 -1  0  0 -2 -2 -1  0  0 -3  1  1  2 -3 -1 -2   10   0  21   8   0   0   5   7   0   0   7   5   2   0   7  10  14   0   2   0  0.23 0.20
  281 G    0 -1  0  1 -3 -2 -1  3 -2 -1 -3  0 -2 -3 -2  1  2 -3 -3  0    8   3   5   7   0   0   2  30   0   3   1   6   0   0   0  11  15   0   0   7  0.32 0.23
  282 E    0  1  0 -1 -3  1  2 -1  0 -1 -1  2 -2 -2  0  0 -1 -3 -2 -1   11   9   4   0   0   7  22   3   2   2   5  14   0   2   4   7   3   0   0   5  0.20 0.17
  283 T    0  0  0  1 -2  1  0 -1  0  0 -1  1 -1 -2  0  1  2 -3 -2  0    6   5   4   8   0   7   3   5   3   6   4   8   0   0   4   9  16   0   0  10  0.10 0.11
  284 V    0  0 -1  0 -2  0  0  0 -2  1  0  0  1  0 -1  0  0 -2 -1  2    8   5   0   4   0   4   8   8   0   7   6   4   4   6   2   6   6   0   0  22  0.05 0.09
  285 R    0  1  0  1 -2  1  0 -1 -2  0  0  0  0 -2  0  2  0 -3 -2 -1    8   8   4   9   0   9   2   4   0   5   9   4   3   0   5  19   6   0   0   5  0.11 0.12
  286 H    1 -1  1  0 -2  0  0  0  3  0  0 -1  1 -1 -2  0  0 -3 -1  1   15   3   7   3   0   2   5   6  11   6   8   2   4   3   1   5   6   0   0  11  0.06 0.10
  287 E    0  0  0  1 -3  2  2  0 -2 -3 -2  2 -1 -3  1  1 -1 -3 -3 -1    7   5   5   8   0  12  16   6   0   0   2  14   2   0   6  10   2   0   0   5  0.23 0.18
  288 I    0 -1 -1  0 -2  1  1 -1 -2  1  1  0  1  0 -1  0  0 -3 -2  0    6   0   3   4   0  10  11   4   0  13  18   4   4   4   3   6   4   0   0   6  0.07 0.11
  289 D    1 -1  1  3 -3  1  1 -1  1 -1 -1  1 -2 -3  0  0  0 -3 -2 -2   14   2   7  18   0   7  11   2   4   3   8   9   0   0   3   3   8   0   0   0  0.20 0.18
  290 H    1 -2  1  1 -3  0 -2  1  3 -3 -1 -1  1 -3  4 -2  0 -4 -3 -2   13   0   7   8   0   4   0  10  10   0   5   4   5   0  25   0   5   0   0   3  0.44 0.30
  291 G    1 -2  1  0 -3  0  1  1  1 -3 -3  0  0 -3  2  2  0 -3 -2 -1   12   0   6   3   0   5   8  11   4   0   1   5   4   0   9  21   3   0   0   4  0.22 0.19
  292 G   -1 -2  3  1 -3  1 -1  3  2 -4 -4 -1 -3 -4  2 -1  0 -4 -3 -3    5   0  18   9   0   7   3  27   6   0   1   2   0   0  13   3   4   0   0   0  0.50 0.30
  293 E    0  1 -1  0 -3  2  1  0  2 -1 -2  1  0 -3  1  0 -1 -3 -2  0    9   9   2   3   0  12   8   9   6   3   2  11   2   0   8   7   0   0   0   7  0.16 0.14
  294 R    0  3  0  0 -3  1  1 -1  0 -3 -1  1 -2 -3 -2  1  1 -3 -2 -2   10  23   4   3   0   7  12   2   2   0   7   7   0   0   0  10   9   0   0   0  0.26 0.20
  295 M   -1 -3 -2  0 -2 -1 -1 -2 -3  0  3 -2  1 -1  2  0  0 -3 -2  0    4   0   0   7   0   2   3   3   0   5  37   0   4   2  11   7   7   0   0   6  0.24 0.21
  296 S    1  1  1  1 -3 -2 -2  0 -2 -3 -3  1 -3 -4  1  3  2 -4 -3 -3    8   7   5   8   0   0   0   4   0   0   1   7   0   0   8  34  15   0   0   0  0.42 0.31
  297 D    2 -2  1  0 -3  1  0 -2  0 -2 -3  0 -2 -3  3  0  1  2 -3 -2   20   0   9   6   0   8   6   0   2   3   1   7   0   0  18   4  10   4   0   0  0.35 0.25
  298 E    0  0  0  0 -4  3  4 -1  1 -4 -2  2 -3 -4 -1  1  0 -4 -3 -3    7   2   4   4   0  14  31   3   3   0   2  12   0   0   2  10   6   0   0   0  0.43 0.29
  299 H   -3  0  0  0 -4 -1  2 -1  7 -1 -2 -1 -3 -3  0 -1 -1  1 -2 -1    0   4   4   4   0   2  16   4  37   3   3   2   0   0   5   3   4   2   0   6  0.66 0.40
  300 A    1  1  0  0 -3  1  1 -2  2 -1 -1  1 -2 -3 -1  1  0 -3 -2 -1   17  10   4   3   0   9  10   0   6   4   5  13   0   0   3  10   3   0   0   4  0.17 0.16
  301 S    3  0  1  0 -3  3  0  0 -2 -3 -2 -1 -2 -4 -1  2  1 -4 -3 -2   31   4   6   4   0  17   4   4   0   0   2   0   0   0   2  15   8   0   0   2  0.35 0.30
  302 V    1 -2  0 -2 -2  0  1 -1 -2  1  0  0 -1 -2  0  0  1  2 -2  2   13   0   6   0   0   6   9   2   0   7  10   6   0   0   3   7   8   3   0  18  0.10 0.15
  303 L   -1  0  0 -3 -3 -1 -1 -2  0  0  3 -1  4  0 -3 -2 -1 -3 -2 -1    6   5   5   0   0   2   5   3   2   2  43   3  14   3   0   0   3   0   0   2  0.34 0.27
  304 A    2  0 -1  0 -3  0  1  1  0 -3 -3  0 -3 -4 -2  3 -1 -4 -3 -1   23   4   0   5   0   4  12  11   3   0   0   4   0   0   0  28   2   0   0   3  0.36 0.29
  305 Q    0  2  1  1 -3  3  1  0  0 -1 -3  1 -2 -4 -2  1 -2 -4 -3 -2    7  13   6   8   0  20  11   6   2   4   0   8   0   0   0  12   0   0   0   2  0.31 0.24
  306 E    0  1  0  1 -4  1  3  0 -1 -3 -2  1 -1 -4  2  1 -1 -4 -3 -3    5   8   4   7   0   6  24   6   1   0   4   9   2   0  12   9   3   0   0   0  0.31 0.22
  307 A    1  2 -2  0 -3  1  1 -1  1  1  0  0  0 -2 -2 -1  0 -3 -2 -1   13  13   0   5   0   9   8   4   4  13  13   6   2   0   0   2   7   0   0   0  0.11 0.16
  308 P    2  0  0  2 -3 -1  2 -2  0 -1  0 -1 -1 -3  3 -1 -1 -4 -3 -2   21   4   4  14   0   0  14   0   2   4  11   2   2   0  14   2   3   0   0   0  0.26 0.22
  309 A    2  0  0  1 -2 -1  0  0 -2 -1 -1  1  0 -3  0  1  0 -3 -2 -2   20   6   3  12   0   0   5   6   0   5   7  11   3   0   3  13   6   0   0   0  0.14 0.15
  310 R    0  2  0  0 -2  0 -1 -2  0  0  1  0  0 -2 -2  0  0 -3 -2  0   10  19   3   7   0   4   2   0   2   7  21   5   2   0   0   7   3   0   0   6  0.12 0.14
  311 Q    0  1  1  1 -3  4  1 -2 -2 -1 -2  1 -2 -4 -1  0  0 -3 -3 -3    9   9   9   8   0  28   7   2   0   4   2   8   0   0   2   3   7   0   0   0  0.35 0.26
  312 H    1  0  1  1 -2  0  0 -2  3 -1 -2  1 -2 -2  1  1  0 -3  0  0   14   3   7   9   0   3   3   1  12   3   3   8   0   0   6  15   6   0   3   6  0.17 0.16
  313 R    0  3  0  1 -3  2  1 -1  0 -2 -2  2 -1 -3 -2 -1 -1 -3 -2  0    9  18   2   7   0  13   9   3   2   0   4  17   2   0   0   2   3   0   0   8  0.25 0.19
  314 I    2  0  0 -2 -2  0 -1 -2 -2  2  0  0  0 -2 -2  1  1 -3 -1  0   19   4   4   1   0   4   4   1   0  18   7   5   2   0   1  13   7   0   2   6  0.11 0.14
  315 D    0  1  2  4 -3  2  0 -1 -2 -2 -2  1 -2 -4 -2  0  0 -4 -3 -3    8   7  14  25   0  12   4   3   0   2   4   9   0   0   0   5   7   0   0   0  0.36 0.25
  316 M    2 -1 -1  0 -2  1  1 -2 -2  0  1 -1  2 -2 -1  0  1 -3 -2  0   24   3   3   4   0   7  13   0   0   5  14   0   9   0   2   2   8   0   0   4  0.14 0.15
  317 H    1 -1  0 -1  0  1  1 -1  5 -1  0  1  0 -1 -2  0 -2 -3  0 -2   12   0   2   2   2   7  13   5  21   4  10   9   2   2   0   4   0   0   2   0  0.22 0.18
  318 G   -1  2  0  1 -4  3  3  1  1 -3 -2 -1 -2 -4 -1  0 -1 -3 -3 -3    3  11   2   9   0  21  24  13   3   0   3   0   0   0   3   4   3   0   0   0  0.40 0.23
  319 M   -1  2  1  0 -2  0 -1 -2  1  1  0  0  2 -2 -1  0  0  2 -2  0    3  14  11   4   0   3   0   0   5  14  10   2   7   0   2   7   5   4   0   7  0.10 0.12
  320 R    2  1  3  0 -3  1  0 -1 -2 -3 -2  1 -1 -3 -2  0  1 -4 -3 -2   25  10  17   6   0   8   3   2   0   0   2   8   2   0   0   4  12   0   0   0  0.29 0.20
  321 H   -1  0 -2 -1 -3  0 -1 -2  6 -1  0 -2  2  2 -3  1 -1 -3  1 -2    3   5   0   4   0   3   4   2  34   2   8   0   8   9   0  11   3   0   4   0  0.51 0.29
  322 E    0 -1  1  2 -3  2  3 -2 -1 -3 -1  2  0 -3 -2 -1 -1 -3 -1 -2   11   0   6  14   0  11  20   2   0   0   7  17   4   0   0   2   1   0   3   1  0.30 0.19
  323 E    0 -1  0  1 -2  2  1 -1 -1 -1  1  1  1 -1 -2  0 -1 -3 -2 -1    6   0   4  11   0  13  10   3   0   2  18  11   5   2   0   6   2   0   0   4  0.12 0.11
  324 N   -1  0  5 -1 -3 -1  0 -1  2  0 -1  0 -2 -3 -3 -1  1 -4 -3 -1    4   4  46   0   0   2   5   3   5   6   5   4   0   0   0   1   9   0   0   4  0.53 0.29
  325 L   -1  0  1  0 -2  2  2 -2 -1  0  1  0  0  0 -2 -1  0 -2 -1 -1    5   5   9   3   0  14  17   1   0   5  15   4   2   4   0   2   8   0   2   3  0.14 0.13
  326 V    0  0  0 -2 -2  0 -2 -3  0  3  2  1  0 -2 -3 -2 -1 -3 -2  2   11   5   6   0   0   5   0   1   2  22  22  11   0   0   0   0   0   0   0  13  0.19 0.17
  327 K    1  1 -1 -1 -3  0  0  0 -2  0 -1  3  0 -3 -2 -1  1 -3 -3  0   11   6   0   3   0   4   4   9   0   8   3  30   2   0   0   2  10   0   0   6  0.20 0.17
  328 A    3 -3 -2 -3 -2  0 -1  1  0 -1 -1 -2  2 -2 -3 -1  1  1  1 -2   38   0   0   0   0   4   2  13   2   4   4   0   8   0   0   0  13   2   7   0  0.33 0.26
  329 G   -1  3  2  2 -4  2  1  1 -2 -3 -3 -1  1 -3 -3  0  0 -3 -1 -3    3  20  11  14   0  12   8  14   0   0   0   0   4   0   0   5   5   0   2   0  0.35 0.22
  330 R    0  4  0 -1 -4  3 -1 -3  0 -2 -1  3 -2 -4 -3  0 -1 -4 -3 -3   10  25   5   1   0  14   0   0   2   2   5  28   0   0   0   4   3   0   0   0  0.50 0.28
  331 Q   -1 -1  1 -1  0  2  0 -3  0  0  1  2  1 -2 -1  0  1  2 -2 -1    2   0   7   2   2  11   5   0   2   6  18  19   5   0   2   5  10   4   0   0  0.15 0.17
  332 Q   -2  3 -1  1 -4  4  2 -3 -2 -1 -2  2  1 -3 -3  0 -2 -4 -1 -2    0  23   2   7   0  22  11   0   0   4   2  13   4   0   0   7   0   0   2   2  0.46 0.27
  333 M    2 -2  1 -2 -2 -2 -1  0 -2  0  0 -2  2 -1 -1  0  2 -3 -2  1   23   0   7   0   0   0   4   6   0   6   8   0   9   2   3   5  18   0   0   8  0.17 0.17
  334 K    0  1 -2 -2 -3  1 -1 -3  0  1 -1  3  0 -2 -2  0  1 -3 -1  2    6   9   0   0   0   9   0   0   3   7   4  23   2   0   0   4  13   0   2  18  0.21 0.19
  335 G    2 -4 -3 -3 -4 -3 -4  6 -4 -2 -4 -3  1 -4 -4 -2 -1 -4 -4 -4   16   0   0   0   0   0   0  71   0   2   0   0   5   0   0   0   4   0   0   0  1.27 0.47
  336 D   -2  1 -1  3 -3  3  1  1  0 -3 -2  0  2 -3 -3  1  0 -4 -3 -3    0   9   0  21   0  17   8  12   2   0   4   3   9   0   0  11   4   0   0   0  0.33 0.23
  337 L    3 -3 -3 -3 -2 -2 -3 -2 -3  0  2 -3  1 -1 -3  0  0 -3 -1  1   38   0   0   0   0   0   0   0   0   3  28   0   5   2   0   6   6   0   2   9  0.39 0.26
  338 L    0 -3 -3 -4 -2 -1 -3 -3 -3  3  2 -3  3  0 -3 -2  0  1 -2  2   11   0   0   0   0   2   0   0   0  22  26   0  10   3   0   0   5   2   0  17  0.40 0.23
  339 Q   -1  0  2  0 -3  1  0 -2 -2 -2 -2 -1  4 -3 -3  2  2 -4 -3 -2    2   4  12   4   0   8   5   2   0   0   0   2  18   0   0  22  18   0   0   1  0.38 0.28
  340 S    1 -1  0  0 -3  3  0  0  1 -3 -3  0  0 -3 -2  2  1 -3 -2 -2   16   2   5   4   0  16   2   8   4   0   0   6   4   0   0  20  12   0   0   0  0.29 0.21
  341 G    1 -3 -1 -3 -2 -2 -3  2 -3  0  1 -2  4  0 -3  1  0 -3 -2  0   11   0   3   0   0   0   0  21   0   4  16   0  17   5   0  13   3   0   0   6  0.26 0.21
  342 G    2 -3  0 -2 -3 -2 -3  4 -3 -1 -2 -2 -3 -4 -3  3 -1 -4 -3 -3   21   0   4   0   0   0   0  35   0   4   5   0   0   0   0  29   0   0   0   0  0.62 0.33
  343 Q    1  1 -1  0 -2  2  1 -1  2 -2 -1  0  3 -1 -1  0  0 -3 -1 -1   14   9   0   4   0  11   7   3   8   0   2   2  13   2   2   8   7   0   2   5  0.14 0.16
  344 I    1 -3 -1 -3 -2 -2 -2 -1 -3  1  0 -2  2 -1  2  1  1 -3 -2  2   15   0   2   0   0   0   0   3   0  12   5   0   8   3  11  14  11   0   0  16  0.22 0.18
  345 G    1 -3 -2 -3 -2 -2 -2  2 -3  1  1 -2  1 -1 -3  1  1 -3 -2  1   16   0   0   0   0   0   0  22   0  11  11   0   6   2   0  11  11   0   0   9  0.23 0.17
  346 K    0 -2  1  0 -3  2  0  2  0 -3 -2  1 -2 -4 -2  3 -1 -4 -3 -3    4   0   5   5   0  10   3  20   2   0   5  10   0   0   0  33   2   0   0   0  0.38 0.25
  347 N    1  2  3 -2 -3  1 -1  2 -2 -4 -3  0 -1 -4 -3  1 -1 -4 -3 -3   10  15  22   0   0   7   0  21   0   0   0   6   2   0   0  14   2   0   0   0  0.44 0.25
  348 Q    1 -3 -3 -4 -2  1 -3 -2 -3  3  1 -3  5 -2 -3 -2  0 -3 -3  2   16   0   0   0   0   8   0   2   0  17  10   0  21   0   0   0   4   0   0  19  0.42 0.27
  349 I    3 -3 -3 -3 -2 -3 -3  0 -3  2  0 -3  2 -2 -3 -1 -1 -4 -3  3   36   0   0   0   0   0   0   7   0  14   7   0   8   0   0   2   2   0   0  23  0.42 0.27
  350 D   -1  0  1  2 -3  1  2  1 -2 -3 -3 -1 -2 -3 -2  2  1 -4 -3 -1    2   4   6  15   0   7  15  12   0   0   1   0   0   0   0  23  10   0   0   5  0.32 0.21
  351 G    2 -3  0 -2 -3 -2 -2  4 -3 -3 -2 -1  0 -1 -3  2 -2 -3 -3 -3   20   0   4   0   0   0   0  44   0   0   3   2   3   3   0  19   0   0   0   0  0.65 0.31
  352 A    2 -1 -1 -2 -2 -1 -1  1 -2  1 -1 -2  1 -2 -2  1  1 -3 -2  1   23   3   2   0   0   2   2  12   0  13   1   0   4   0   0  14  12   0   0  11  0.20 0.17
  353 S    0 -2  0 -2 -2 -2 -1  3 -2 -1 -1 -2  0  2 -2  1  1 -2  0  0    7   1   5   0   0   0   3  29   0   2   4   0   4  10   0   9  14   0   2   9  0.23 0.17
  354 A    0  3  1  1 -3  3  0  1 -2 -3 -2  0  0 -4 -3  0 -2 -3 -3 -3    6  24   7   9   0  22   4  13   0   0   2   0   3   0   0   8   0   0   0   0  0.41 0.25
  355 Q    0 -2  0 -3 -2  0 -2 -3 -2  1  1 -2  4  0 -3  0 -1 -2  3  1    9   0   4   0   0   6   0   0   0   6  15   0  18   2   0   7   3   0  17  11  0.30 0.23
  356 Q    3 -2  2  1 -3  2  2 -2 -2 -3 -2 -1  1 -4 -1  0  0 -4 -3 -2   33   0  13   8   0  13  14   0   0   0   2   2   4   0   2   6   3   0   0   2  0.36 0.26
  357 Q    3  0 -1 -2 -3  4  2 -2  0 -3 -3  0 -2 -4 -2  1 -1 -4 -3  0   29   3   2   0   0  23  18   0   2   0   0   4   0   0   0   8   3   0   0   6  0.45 0.29
  358 G    2 -2  0 -2 -2 -2 -2 -1  1 -1 -2  1 -1 -2 -2  3  1 -3  2  0   22   0   3   0   0   0   0   4   3   3   0   8   2   0   0  27   9   0   9   9  0.26 0.23
  359 A    1 -1  2 -1 -2  1  0  0  0  0  0 -1  0 -2 -2  0  0 -3 -2  0   17   3  18   2   0  11   4   6   2   8  12   0   1   0   0   2   7   0   0   5  0.13 0.15
  360 D    1  0 -1  2 -4  1  4 -3 -2  0 -2  0 -2 -4 -3 -1 -2 -4 -3 -1   14   5   2  15   0   7  37   0   0   7   4   2   0   0   0   2   0   0   0   5  0.45 0.27
  361 R   -2  5  1 -2 -4  4  1 -3  3 -4 -4  1 -2 -4 -3 -1 -1 -4 -3 -4    0  42   6   0   0  26   7   0   7   0   0   6   0   0   0   2   3   0   0   0  0.82 0.32
  362 A    4 -1 -2 -2 -2  2  1  0 -2 -3 -3  0 -2 -3 -2  2 -1 -3 -1 -2   45   2   0   0   0  10   7   4   0   0   0   6   0   0   0  22   0   0   3   0  0.48 0.26
  363 E    0  1  2  1 -4  3  4 -3  0 -3 -3  1 -3 -4 -2 -1 -1 -4 -3 -1    9   6  13   6   0  17  36   0   2   0   0   5   0   0   0   0   2   0   0   4  0.53 0.24
  364 Q    1  0 -2 -1 -4  6  4 -3 -2 -4 -4  1 -3 -5 -3 -2 -2 -4 -3 -4   12   3   0   0   0  46  33   0   0   0   0   6   0   0   0   0   0   0   0   0  1.01 0.40
  365 K    0  0  0 -1 -3  2  1 -1  1 -2 -1  1  1 -3 -2  0  2 -3 -2  0    5   3   2   0   0  12  12   4   5   0   4  13   7   0   0   2  23   0   0   8  0.20 0.16
  366 E   -2 -1  0 -3 -3 -1  0 -4 -3  3  3 -2  2 -1 -3 -2 -1 -3 -2  1    0   3   5   0   0   2  10   0   0  25  41   0   4   0   0   2   2   0   0   6  0.39 0.21
  367 D    1 -1  1  2 -3  2  1 -2  1 -3 -1  0  0 -3 -2  1  0 -3 -2 -2   13   2   9  15   0  16   9   0   5   0   7   4   3   0   0  14   4   0   0   0  0.25 0.15
  368 E   -2  2  0  1 -4  5  2  0 -1 -4 -4  1  0 -4 -3 -1 -2 -4 -3 -4    0  12   3   8   0  41  17   8   0   0   0   5   2   0   0   2   1   0   0   0  0.68 0.30
  369 N    2  0  2 -2  0  1 -1  0 -2 -2 -3  0 -2 -3 -2  2  2 -4 -3 -1   27   6  12   0   2   8   0   4   0   0   0   2   0   0   0  23  12   0   0   5  0.32 0.20
  370 A    2 -2  1  2 -2  1  1  1 -2 -2 -2 -1 -2 -1 -2  1  1 -3 -2 -1   20   0   8  13   0   8  11  10   0   0   4   0   0   2   0   9   9   0   0   6  0.19 0.13
  371 Q    2  0  0 -2 -3  4  1  1  0 -3 -3 -1 -1 -4 -2  2 -1 -4 -3 -3   20   4   3   0   0  29   7  11   2   0   0   0   2   0   0  22   0   0   0   0  0.46 0.25
  372 Q    0  1  1  2 -3  4  1  0 -1 -4 -3  1 -2 -4 -2  1  0 -4 -3 -3    5   9   6  11   0  29   9   6   0   0   0  10   0   0   0   8   6   0   0   0  0.43 0.20
  373 T    0 -3 -2 -4  0 -2 -3 -4 -4  2  1 -3 -1 -2 -3 -2  2 -4 -3  4    8   0   2   0   2   2   0   0   0  11  10   0   0   0   0   0  19   0   0  47  0.50 0.26
  374 A    3 -2  2 -2  0  0 -1  0  1 -2  0 -2  1 -3 -2  1  1  1 -2 -2   36   0  15   0   2   3   2   4   5   0   8   0   6   0   0   9   8   2   0   0  0.26 0.19
  375 M   -1  1  2  1 -3  1  0  1  1 -3 -3  2  0 -3 -2  2  1 -3 -2 -3    2   9   9   6   0   6   4  13   3   0   0  16   5   0   0  20   8   0   0   0  0.26 0.15
  376 A    1 -1  2  1 -3  1  1  0 -2 -3 -3  0 -2 -4 -2  3  2 -4 -3 -3    9   0  10   8   0   7  10   7   0   0   0   6   0   0   0  30  12   0   0   0  0.36 0.19
  377 A    2 -3 -2 -1 -2 -2 -2  0 -3  1  2 -2  1 -2 -3  0  1 -3 -2  2   26   0   0   3   0   0   0   8   0   6  22   0   3   0   0   4   7   0   0  21  0.22 0.16
  378 A    3 -2 -1 -2 -2  0 -1 -1 -2  0 -1 -2 -2 -3 -2  3  0 -3 -1  0   34   0   2   0   0   5   2   2   0   5   5   0   0   0   0  34   2   0   2   8  0.37 0.24
  379 S    0  0  2  3 -3  1  3 -1  0 -4 -4  0 -3 -4 -2  2 -1 -4 -3 -3    4   3  11  25   0   7  19   2   3   0   0   2   0   0   0  25   0   0   0   0  0.53 0.23
  380 T    1 -1  1  1 -2 -1  2 -1 -2 -2 -1  0 -1 -3 -2  1  1 -4 -3 -1   17   0   8   9   0   0  23   2   0   0   6   5   2   0   0  12  11   0   0   6  0.23 0.15
  381 R    1  1  0  1 -3  1  0 -2  4 -2 -2  1  0 -3 -2  1  0 -3 -2 -1   12   6   2  11   0   8   4   0  15   2   2   9   4   0   0  17   5   0   0   4  0.22 0.14
  382 D   -1  3  2  1 -3  2  1  1  1 -3 -2  1 -2 -3 -2  0  0 -3 -2 -3    4  22  10   9   0   9  11   9   5   0   3   8   0   0   0   4   5   0   0   0  0.30 0.14
  383 E   -1  0  0  3 -4  4  3 -3 -1 -4 -4  1 -3 -4 -2  0  0 -4 -3 -3    4   3   3  18   0  31  24   0   0   0   0   8   0   0   0   6   4   0   0   0  0.65 0.27
  384 A    1  1  2 -1 -2  2  0 -1  0  0 -1  0  0 -2 -1  1  0 -3 -2  0   15  10  13   2   0  12   2   2   2   5   7   4   4   0   1  11   6   0   0   5  0.12 0.10
  385 A    4 -2 -1  0 -2 -1 -1 -1 -3  1 -1 -1 -2 -3 -2  1 -1 -4 -3  0   49   0   3   5   0   2   4   2   0  11   5   2   0   0   0  11   0   0   0   6  0.34 0.22
  386 H    0  3  2  1 -3  3  0  0  2 -2 -3  1 -1 -3 -2  1 -1 -4 -2 -3    6  20  13   6   0  16   3   5   5   2   0  10   2   0   0  13   0   0   0   0  0.33 0.17
  387 R    0  3 -1  0 -4  2  2 -1 -2 -4 -3  4 -2 -4 -2  0 -2 -4 -1 -3    9  15   0   4   0  11  14   3   0   0   0  38   0   0   0   4   0   0   2   0  0.53 0.24
  388 S    0 -2  0  2 -2 -1 -1 -2 -2  0  0 -2  2 -1 -2  2  1 -3 -2  0    7   0   4  16   0   0   2   0   0   5  10   0  11   3   0  25  12   0   0   7  0.21 0.17
  389 R    0  2  1  1 -3  2  0 -2  0 -2  0  1 -1 -3 -2  1  1 -3 -2 -1    8  17  10   6   0  11   5   0   2   0  11   8   0   0   0  12   9   0   0   2  0.21 0.13
  390 E    1 -2  0  3 -3  2  3 -1 -2 -3 -3 -1 -3 -4 -2  2  1 -4 -3 -2   14   0   3  18   0   9  29   2   0   0   0   0   0   0   0  15   9   0   0   2  0.46 0.22
  391 A    1 -3 -3 -2 -2 -1 -3 -3 -3  2  3 -3  3 -1 -3 -2  0 -3 -2  1   17   0   0   2   0   2   0   0   0  11  43   0  10   1   0   0   5   0   0   9  0.40 0.21
  392 A    0  0 -2 -3 -2  1 -1 -3 -2  2  2 -2  3  1 -3 -2 -1 -3 -1  1   12   6   2   0   0   7   3   0   0  21  22   0  12   9   0   0   1   0   0   4  0.22 0.16
  393 Q    1 -1  0 -2 -4  6  1 -1 -2 -4 -3  2 -2 -4 -3  0 -2 -4 -3 -1   16   0   4   0   0  49   6   3   0   0   0  11   0   0   0   7   0   0   0   3  0.70 0.33
  394 K   -1  1  0  2 -4  2  3 -2 -2 -4 -3  3 -1 -4 -2  0  0 -4 -3 -3    4   7   2  11   0   8  20   2   0   0   0  32   2   0   0   8   4   0   0   0  0.45 0.21
  395 A    1 -3 -4 -4 -2 -1 -3 -4 -3  2  3 -3  6 -1 -4 -3 -2 -3 -2  1   14   0   0   0   0   2   0   0   0  14  30   0  31   0   0   0   0   0   0   9  0.63 0.29
  396 I    0  1  0 -2 -3  1 -2 -3  2  1  3 -2  2 -1 -3 -1 -2 -3 -2 -1    8   9   5   2   0   7   0   0   6   8  48   0   6   0   0   2   0   0   0   0  0.32 0.21
  397 D    0  3  1  3 -4  1  3 -2 -1 -4 -4  1 -3 -4 -2  0 -2 -4 -3 -3    8  19   7  26   0   7  19   0   0   0   0   6   0   0   0   7   0   0   0   0  0.53 0.22
  398 A    2 -2 -1 -3 -2 -1 -1 -2 -1  1  1 -2  2  0 -2  0  1 -3 -2  1   27   0   2   0   0   2   2   0   2  12  14   0   6   3   0   7  10   0   0  13  0.17 0.14
  399 A    2 -1 -3 -3 -2 -1 -3 -3 -3  2  2 -2  2  0 -3 -2  0 -3 -1  2   21   3   0   0   0   3   0   0   0  13  21   0   9   2   0   0   4   0   2  22  0.28 0.17
  400 K   -1  1  2  3 -3  0  1 -2 -1 -1 -1  1  2 -1 -2  0 -1 -3 -2 -1    4   9  15  21   0   3   9   0   0   4   6   9   9   2   0   5   2   0   0   2  0.22 0.14
  401 S    2 -2  0  0 -3  4  1  0 -2 -4 -3 -1 -2 -4 -2  3  0 -4 -3 -3   21   0   2   5   0  25   8   7   0   0   0   0   0   0   0  28   3   0   0   0  0.48 0.26
  402 Q    0 -3 -3 -3 -2  0 -2 -3  2  3  2 -2  2 -1 -3 -2  0  2  0  2    9   0   0   0   0   7   0   0   6  29  19   0   6   0   0   0   6   3   2  12  0.30 0.18
  403 V    0  0  1 -1 -2  0 -2 -1 -2  2  0 -1  2 -2 -2  1  0 -3 -2  1   10   5  10   3   0   5   0   4   0  16   8   0  12   0   0  11   7   0   0   9  0.11 0.12
  404 A    2  0  3  1 -3  4  0 -1 -1 -3 -3  0 -2 -4 -2  1  0 -4 -3 -3   20   2  18   7   0  28   4   2   0   0   0   5   0   0   0  10   4   0   0   0  0.44 0.23
  405 N    2 -1  4  0 -3  1 -1  1 -1 -3 -2 -1 -2 -3 -2  2  0 -4 -1 -3   19   3  25   4   0   8   0   8   0   0   3   0   0   0   0  24   4   0   2   0  0.38 0.21
  406 D   -1  3  3  1 -3  3  0 -2  0 -2 -3  2 -2 -4 -2  0  0 -4 -3 -2    4  20  21   7   0  16   2   0   2   2   0  15   0   0   0   3   5   0   0   3  0.41 0.20
  407 N    1 -2  4 -1 -3  0 -2  1 -2 -3 -2 -2  0 -3 -3  2  0 -4 -3 -1   15   0  35   0   0   5   0   8   0   0   3   0   4   0   0  23   2   0   0   4  0.45 0.24
  408 A    3 -2 -1  1 -2  0  0  0 -2 -3 -3 -2  2 -3 -2  3 -1 -4 -3 -2   39   0   0  10   0   3   6   5   0   0   0   0   7   0   0  30   0   0   0   0  0.48 0.27
  409 V    3 -3 -3 -3 -2 -2 -3 -2 -3  1  1 -2 -1 -2 -2 -1  2 -3 -2  3   34   0   0   0   0   0   0   0   0   7  12   0   0   0   0   0  18   0   0  27  0.39 0.22
  410 A    3 -3 -1 -3 -2 -2 -2  1 -3  2  0 -2  3 -1 -3  0 -1 -3  0  1   35   0   2   0   0   0   0   9   0  16   7   0  12   1   0   8   0   0   3   7  0.26 0.18
  411 A    2 -2  2  1 -2 -2 -2  2 -2 -4 -4 -2 -3 -4 -2  4 -1 -4 -3 -3   21   0  10   6   0   0   0  18   0   0   0   0   0   0   0  46   0   0   0   0  0.61 0.28
  412 Q    2  0  0 -2 -2  3 -1 -1  2 -2 -3  1 -2 -3 -2  2  1 -3 -2  0   24   3   2   0   0  19   0   2   6   0   0   8   0   0   0  16  12   0   0   7  0.30 0.18
  413 V   -1 -4 -4 -4 -2 -3 -4 -4 -4  5  0 -4  3  1 -4 -3 -2 -3 -2  4    3   0   0   0   0   0   0   0   0  46   0   0  11   5   0   0   0   0   0  35  0.79 0.29
  414 A    5 -3 -3 -3 -2 -2 -2 -2 -3 -2 -1 -2 -2 -3 -2  1  0 -4 -3  0   79   0   0   0   0   0   0   0   0   0   3   0   0   0   0   7   3   0   0   7  0.87 0.34
  415 G    0 -2  1  0 -3  0 -1  4 -2 -4 -4 -2 -3 -4 -2  3  0 -4 -3 -3    3   0   7   3   0   5   3  39   0   0   0   0   0   0   0  36   4   0   0   0  0.63 0.23
  416 N   -1  1  6 -1 -4 -1 -1 -1 -1 -4 -4  2 -3 -4 -3  1 -1 -5 -3 -4    5   7  59   0   0   0   0   3   0   0   0  15   0   0   0  11   0   0   0   0  0.87 0.29
  417 L   -2 -3 -4 -4 -2 -3 -4 -4 -4  5  3 -3  2 -1 -4 -3  0 -3 -2  2    0   0   0   0   0   0   0   0   0  54  32   0   4   0   0   0   4   0   0   7  0.69 0.22
  418 R   -2  6 -2 -3 -5  0 -1 -3 -1 -4 -3  3 -3 -4 -3 -2 -2 -4 -3 -4    0  80   0   0   0   0   0   0   0   0   0  20   0   0   0   0   0   0   0   0  1.29 0.28
  419 T    0 -2 -2 -2 -1 -2 -2 -3 -3  3  0 -2  0 -1 -2  0  2 -3 -2  3    0   0   0   0   0   0   0   0   0  24   0   0   0   0   0   9  24   0   0  43  0.27 0.04

                      K         Lambda
Standard Ungapped    0.1228     0.3112
Standard Gapped      0.0343     0.2670
PSI Ungapped         0.1120     0.3177
PSI Gapped           0.0343     0.2670
