
Last position-specific scoring matrix computed, weighted observed percentages rounded down, information per position, and relative weight of gapless real matches to pseudocounts
            A   R   N   D   C   Q   E   G   H   I   L   K   M   F   P   S   T   W   Y   V   A   R   N   D   C   Q   E   G   H   I   L   K   M   F   P   S   T   W   Y   V
    1 M    -5  -5  -6  -7  -5  -4  -6  -7  -5  -3  -2  -5  11  -4  -6  -5  -4  -5  -5  -3    0   0   0   0   0   0   0   0   0   0   0   0 100   0   0   0   0   0   0   0  3.31 0.92
    2 I    -4  -5  -5  -7  -5  -5  -6  -7  -4   4   3  -5   7   1  -6  -5  -4  -5  -1   2    0   0   0   0   0   0   0   0   0  19  30   0  31   5   0   0   0   0   2  12  1.23 0.53
    3 N    -6  -5   9  -3  -8  -3  -5  -5  -4  -8  -8  -5  -7  -8  -7  -4  -5  -9  -7  -8    0   0  99   0   0   1   0   0   0   0   0   0   0   0   0   0   0   0   0   0  3.20 1.10
    4 Q    -4   3   2  -3  -5   3  -2  -5   0  -4  -4   6  -3  -6  -5  -1  -2  -6  -4  -3    0  15  10   0   0  10   1   0   2   1   2  49   1   0   0   5   3   0   0   2  1.03 0.52
    5 V     0  -6  -6  -7   1  -6  -6  -7  -7   2  -2  -6  -2  -2  -6  -4  -2  -1  -4   7    8   0   0   0   3   0   0   0   0  10   1   0   0   2   0   1   2   1   0  72  1.52 0.65
    6 T    -2  -4   0  -4  -2   1  -3  -4  -3   5  -1  -4   3   1  -5  -2   1  -2  -3   3    2   0   5   0   1   7   1   1   0  37   4   0   7   5   0   2   9   0   0  17  0.59 0.35
    7 L    -5  -6  -7  -7  -2  -5  -5  -4  -6   2   6  -6   0   1  -7  -6  -5  -5  -3  -1    0   0   0   0   1   0   0   2   0  11  76   0   1   5   0   0   0   0   1   3  1.45 0.61
    8 V    -2  -6  -5  -6  -2  -3  -5  -6  -5   6   0  -5   4  -3  -6  -4   0  -6  -4   4    2   0   0   0   1   1   0   0   0  46   5   0   9   0   0   1   5   0   0  27  1.15 0.51
    9 G    -4  -7  -5  -6  -7  -6  -7   8  -7  -9  -8  -6  -7  -8  -7  -5  -6  -1  -8  -8    0   0   0   0   0   0   0  99   0   0   0   0   0   0   0   0   0   1   0   0  2.79 0.96
   10 R    -6   8   5  -5  -4  -3  -4  -6   1  -7  -7  -2  -6  -6  -6  -4  -5  -7  -2  -7    0  68  26   0   0   0   0   0   3   0   0   0   0   0   0   0   0   0   1   0  2.11 0.83
   11 L    -3  -6  -6  -7  -3  -6  -7  -7  -7   1   6  -6   1  -1  -5  -6  -3  -3  -5   0    1   0   0   0   0   0   0   0   0   7  79   0   2   1   0   0   1   0   0   5  1.53 0.63
   12 T     0  -5  -4  -5  -2  -5  -5   4  -6  -3  -5  -5  -5  -6  -5  -2   6  -6  -6   1    7   0   0   0   1   0   0  28   0   1   0   0   0   0   0   2  54   0   0   9  1.33 0.66
   13 K     1   5  -1  -3  -3   2  -2  -2  -1  -6  -6   5  -5  -5  -5  -2  -3  -5  -4  -4   11  37   3   1   0   8   0   2   1   0   0  31   0   0   0   3   1   0   0   1  1.03 0.52
   14 E    -4  -6   0   8  -8  -3   0  -5  -5  -6  -7  -2  -7  -8  -4  -4  -3  -9  -7  -6    1   0   3  84   0   1   5   0   0   0   0   2   0   0   1   1   1   0   0   1  2.28 0.87
   15 P    -2  -7  -7  -6  -7  -6  -6  -7  -5  -1  -3  -6  -4  -6   8  -4  -5  -4  -7   0    3   0   0   0   0   0   0   0   0   4   2   0   1   0  82   1   0   0   0   6  2.55 0.95
   16 E    -4  -4  -3   2  -8   0   7  -6  -5  -5  -7  -2  -5  -6  -6  -4  -3  -7  -6  -2    1   0   1   9   0   2  81   0   0   1   0   1   0   0   0   0   1   0   0   3  1.99 0.84
   17 L    -3  -5  -5  -6  -3  -3  -4  -6  -5   2   5  -4   4  -2  -5  -3  -1  -5  -3   2    1   0   0   0   0   1   1   0   0  11  54   1   8   1   0   2   3   0   0  16  0.94 0.46
   18 K    -4   7  -2  -5  -6  -1  -3  -6  -2  -6  -5   4  -3  -5  -5  -3  -2  -7  -3  -6    1  68   2   0   0   2   1   0   1   0   1  20   0   0   0   1   2   0   1   0  1.85 0.76
   19 W    -3  -2  -1  -4  -6   1  -1  -5   2  -4  -4   0  -1   3  -6  -2   1   0   8  -1    2   2   2   0   0   6   3   0   5   1   1   5   2   9   0   3   8   1  46   4  1.09 0.54
   20 T    -2  -5  -3  -5  -5  -4  -5  -4  -4  -1   0  -5   1  -2  -5   0   7  -6  -4  -1    2   0   0   0   0   0   0   1   0   3  10   0   4   1   0   6  67   0   0   4  1.40 0.69
   21 M     1  -2   1  -1  -5   4   0   0  -3  -4  -4  -1  -3  -6   6   0   0  -6  -5  -4   10   1   6   3   0  17   5   6   0   0   1   3   0   0  36   6   6   0   0   1  0.83 0.44
   22 E    -1  -3   4   1  -5   0   0   0  -3  -6  -6  -1  -4  -6  -4   4   1  -6  -5  -5    4   0  23   8   0   5   6   8   0   0   0   2   0   0   0  35   9   0   0   0  0.75 0.45
   23 D    -4  -5   2   0  -7  -2  -2   7  -5  -8  -8  -4  -5  -7  -5  -3  -4  -7  -7  -7    0   0  10   6   0   2   2  77   0   0   0   1   0   0   0   1   0   0   0   0  1.84 0.72
   24 R    -1   0   1  -1  -4   1  -2  -2  -1   1  -1   3  -1  -3  -3  -1   3  -5  -3   1    4   5   5   3   0   6   1   2   1   7   4  19   2   0   0   3  24   0   1  11  0.29 0.25
   25 A     5  -3  -1  -3  -2  -2  -3  -3  -2  -3  -4   0  -2  -3   4   2   0  -5  -3  -2   45   0   3   1   1   2   1   1   1   1   1   6   1   1  17  12   4   0   1   2  0.71 0.42
   26 V    -3  -3  -4  -6  -3  -4  -6  -6  -4   2   0  -4   0   0  -6  -4  -2  -3   0   7    1   2   1   0   0   1   0   0   0   8   6   1   2   4   0   1   1   0   3  69  1.32 0.59
   27 L     5  -5  -4  -5   6  -4  -5  -2  -5  -3  -2  -4  -4  -5  -5   0   3  -6  -5   1   42   0   0   0  18   0   0   3   0   1   4   0   0   0   0   4  19   0   0   9  1.01 0.52
   28 N    -3   3   5  -1  -5   0  -2  -3  -1  -4  -5   1  -4  -5  -4   2   3  -3  -3  -3    1  13  26   2   0   4   1   1   1   1   0  10   0   0   0  18  20   0   1   1  0.70 0.42
   29 L    -4  -6  -5  -7  -3  -6  -7  -5  -5   1   0  -6   1   8  -7  -5  -4  -3   1  -1    1   0   1   0   0   0   0   1   0   8   9   0   3  70   0   1   1   0   2   4  1.91 0.71
   30 T    -2   2   1  -2  -4  -2  -3   0  -3  -1  -4  -3  -4  -4  -2   3   5  -5  -4  -2    1  10   8   1   0   1   0   7   0   4   1   1   0   1   2  25  36   0   0   3  0.69 0.44
   31 L    -4  -6  -6  -6  -4  -5  -6  -7  -6   5   5  -6   2  -2  -4  -5  -4  -5  -4   3    0   0   0   0   0   0   0   0   0  28  49   0   3   0   1   0   0   0   0  17  1.21 0.52
   32 A     7  -6  -6  -6  -5  -5  -5  -3  -6  -6  -6  -5  -5  -7  -5  -3  -4  -7  -6  -4   97   0   0   0   0   0   0   1   0   0   0   0   0   0   0   0   0   0   0   1  2.30 0.92
   33 L    -3  -5  -4  -6   1  -5  -5  -6  -6   1  -2  -5  -2  -3  -5  -3   5  -6  -5   6    1   0   0   0   3   0   0   0   0   6   2   0   0   1   0   1  31   0   0  53  1.31 0.61
   34 N    -3  -2   6   4  -5   0  -1  -3  -2  -6  -6  -2  -5  -6  -2   2   1  -6  -5  -5    1   2  40  21   0   5   3   2   0   0   0   2   0   0   1  16   7   0   0   0  1.04 0.51
   35 R    -5   7  -2  -1  -7  -2   3  -6  -2  -6  -6   0  -4  -5  -5  -3  -4  -4  -3  -6    0  67   1   3   0   1  18   0   1   0   0   3   0   1   0   2   1   0   1   0  1.70 0.71
   36 F    -1   3   2   0  -4   1   0  -1  -1  -2  -3   1  -2  -2   2   1   0  -2  -1  -1    3  17  13   4   0   5   4   4   1   2   1   8   0   2   9  13   6   0   3   4  0.24 0.19
   37 G    -4  -1  -3  -5  -5  -4  -5  -3  -2  -3  -4  -2  -2   5  -5  -3  -3   8   6  -2    1   4   1   0   0   1   0   2   1   1   1   3   1  27   1   2   2  21  27   4  1.41 0.57
   38 K    -2   3  -1  -3  -5   0  -2  -3  -3  -3  -3   6  -1  -4  -2  -1   2  -5  -3  -2    3  14   3   0   0   3   1   1   0   1   2  47   1   1   2   4  13   0   1   3  0.82 0.44
   39 N    -2  -2   5   5  -4  -1  -1   0  -2  -5  -5   0  -4  -5  -3   1  -1  -5  -4  -4    3   2  31  30   0   2   3   5   0   0   1   5   0   0   1   9   4   0   0   1  0.85 0.41
   40 K     1   1   0   0  -4   3   0   0  -1  -4  -4   4  -3  -5  -1   1  -2  -5  -4  -3   10   7   3   4   0  16   6   9   1   1   0  27   0   0   2  10   2   0   0   2  0.45 0.29
   41 R    -1  -1   3   4  -4   3   2  -1  -1  -4  -4   0  -3  -5  -3   1  -1  -5  -4  -4    4   2  17  21   0  14  15   5   1   0   1   4   0   0   0   9   4   0   0   1  0.55 0.32
   42 I    -2  -2  -1  -2  -5  -2  -1   6  -3  -5  -5  -1  -3  -5  -4  -1   0   2  -4  -4    2   2   2   2   0   2   5  62   0   1   1   4   1   0   0   4   6   3   1   1  1.10 0.47
   43 D    -3   0   2   1  -5   4   5  -1  -2  -3  -5   1  -3  -5  -3  -2  -1  -4  -4  -3    1   3   9   6   0  17  41   5   0   2   0   8   0   0   1   1   3   0   0   2  0.79 0.43
   44 N    -2   4   0   1  -5   2   3  -4  -2  -2  -4   2  -3  -3   0  -2  -2  -3   2  -3    2  20   3   7   0   8  23   1   1   2   0  14   0   1   4   2   2   0   8   2  0.53 0.33
   45 D    -1   1  -1   2  -6   3   4  -3   0  -3  -4   2  -4  -6  -2  -2   0  -5  -4  -3    4   7   2  12   0  15  34   1   2   1   1  11   0   0   2   1   5   0   0   2  0.67 0.39
   46 A     4  -5  -4  -5  -2  -5  -4  -5  -6  -4  -5  -5  -4  -6  -3   0   6  -6  -6   0   34   0   0   0   1   0   0   0   0   0   0   0   0   0   1   5  52   0   0   7  1.37 0.68
   47 D    -5  -5  -2   7   0  -1   4  -5  -3  -7  -5  -3  -4  -5  -5  -2  -1  -7  -4  -6    0   0   1  59   2   2  27   0   0   0   1   0   0   0   0   2   3   0   1   0  1.63 0.69
   48 F    -7  -8  -8  -9  -7  -8  -8  -8  -6  -5  -4  -8  -5   8  -8  -7  -7   9   2  -6    0   0   0   0   0   0   0   0   0   0   1   0   0  67   0   0   0  28   4   0  3.02 1.00
   49 I    -5  -5  -4  -6  -5  -5  -5  -6   7   6  -1  -6  -2   3  -3  -5  -4  -5  -2   1    0   0   0   0   0   0   0   0  28  43   4   0   0  11   2   0   1   0   0  10  1.42 0.62
   50 Q    -4   4   5   2  -6   0  -2  -4  -2  -6  -4   0  -3  -5   3   0  -1  -6  -4  -5    0  23  32  11   0   4   1   1   0   0   1   3   0   0  13   6   3   0   1   0  0.87 0.47
   51 C    -3  -7  -7  -7   8  -6  -7  -6  -4   5  -1  -6  -3  -2  -6  -5  -4  -6  -5   4    1   0   0   0  32   0   0   0   0  31   4   0   0   1   0   0   0   0   0  29  1.64 0.65
   52 V    -2  -5  -4  -5  -4  -2  -3  -6  -6   2  -3  -2  -3  -5  -6  -2   2  -6  -4   6    2   0   1   0   0   2   2   0   0  10   0   2   0   0   0   2  12   0   0  65  1.25 0.60
   53 I     4  -5  -5  -5   2  -4  -5  -4  -5   1   1  -4   1   0  -4  -2   0  -5  -3   3   40   0   0   0   4   0   0   0   0   8  10   0   4   4   0   1   6   0   1  22  0.67 0.40
   54 W    -8  -7  -9  -9  -7  -7  -8  -7  -5  -5  -5  -8  -2   5  -7  -6  -7  12   1  -7    0   0   0   0   0   0   0   0   0   0   0   0   1  23   0   0   0  70   4   0  3.71 1.17
   55 G    -3   5   2   0  -6  -1  -2   5  -3  -7  -6  -1  -5  -6  -5  -2  -4  -6  -6  -6    1  27  11   4   0   2   3  46   0   0   0   3   0   0   0   2   1   0   0   0  1.14 0.53
   56 K    -3   4   0  -3  -6   2  -2   0  -1  -6  -5   6  -5  -5  -3  -2  -2  -6  -5  -5    2  18   4   1   0   8   1   7   1   0   0  52   0   0   1   1   2   0   0   0  1.15 0.56
   57 R    -1   0  -1  -4  -3   3  -3  -4  -2   0   3  -1   0  -3  -1   0   3  -2  -4  -1    3   5   2   0   0  17   0   1   1   3  33   2   2   0   3   6  17   1   0   3  0.41 0.33
   58 A     7  -6  -6  -5  -5  -5  -5   0  -6  -6  -6  -5  -5  -7  -5  -2  -4  -7  -6  -5   92   0   0   0   0   0   0   6   0   0   0   0   0   0   0   1   0   0   0   0  2.10 0.87
   59 E    -5  -4  -4   2  -8  -1   8  -5  -3  -7  -7  -2  -6  -8  -6  -3  -4  -7  -7  -5    0   0   0   8   0   1  84   0   0   0   0   1   0   0   0   1   1   0   0   1  2.14 0.88
   60 A    -2  -1   4  -3  -4  -3  -4  -4  -1   3   0  -3  -2   4  -4  -1   1  -4  -1   1    3   4  23   0   0   1   0   0   1  21   6   1   0  16   0   3  10   0   2   8  0.50 0.34
   61 T     2  -5  -5  -6   7  -5  -5  -5  -5   2   1  -5   1   0  -5  -3   0  -5  -3   2   19   0   0   0  25   0   0   0   0  11  12   0   4   4   0   1   6   0   0  17  0.83 0.42
   62 A     3  -2   1  -2   3   0   1   2   0  -4  -4  -1  -3  -4  -4   2  -2  -5  -3  -2   31   1   7   1   7   4   9  15   2   0   0   3   0   0   0  14   1   0   1   3  0.45 0.32
   63 E    -4   2   4  -1  -6   4   3  -4  -1  -6  -5   4  -4  -6  -3  -2  -2  -6  -4  -6    0   9  19   3   0  22  17   0   1   0   0  24   0   0   1   2   2   0   0   0  0.90 0.48
   64 F    -6  -4  -2  -7  -7  -4  -5  -7   2  -4  -3  -6  -4   3  -7  -5  -5   3   9  -5    0   1   3   0   0   1   0   0   4   1   2   0   0   9   0   1   1   3  74   0  2.49 0.91
   65 C    -2  -5  -5  -6   4  -3  -6  -5  -5   0   5  -5   1   3  -6  -4  -1  -4  -3   1    3   0   0   0  10   1   0   0   0   4  54   0   3  11   0   0   4   0   0   8  0.92 0.45
   66 S    -1   3   0  -1  -4   1  -1   0   3  -4  -4   4  -3  -4  -3   1   1  -5  -3  -3    3  15   3   2   0   5   2   6   8   0   1  29   0   1   0  11  10   0   1   2  0.51 0.33
   67 K    -5  -2  -5  -5  -8  -2  -4  -6  -5  -7  -7   8  -6  -8  -6  -5  -3  -8  -7  -5    0   1   0   0   0   1   0   0   0   0   0  95   0   0   0   0   1   0   0   1  2.62 1.00
   68 G    -4  -7  -5  -6  -7  -6  -7   8  -7  -9  -8  -6  -7  -8  -7  -4  -6  -7  -8  -8    0   0   0   0   0   0   0  99   0   0   0   0   0   0   0   1   0   0   0   0  2.79 0.97
   69 Q    -1   3   0   1  -3   1  -2  -3  -1  -5  -4   2   1  -5  -4   4   0  -6  -4  -4    5  18   4   7   0   6   1   1   1   0   0  10   3   0   0  38   4   0   0   0  0.64 0.42
   70 L    -2   1  -3  -4  -5   3  -2  -5  -3  -2   4   2   3  -3   1  -2  -2  -5  -3  -2    2   8   1   0   0  15   2   0   0   1  38  12   7   1   7   2   2   0   0   1  0.51 0.35
   71 V    -1  -6  -7  -7   1  -5  -6  -7  -7   5   0  -6  -1  -2  -6  -5  -3  -6  -5   6    5   0   0   0   2   0   0   0   0  33   5   0   1   1   0   0   1   0   0  52  1.38 0.59
   72 G     2  -5  -3  -4   0  -4  -4   3  -2  -2   0  -4  -1   2  -5   0  -3  -2   5  -2   20   0   1   0   2   0   0  20   0   2  12   0   2   8   0   6   0   0  25   2  0.63 0.39
   73 V    -4  -7  -7  -7  -3  -6  -7  -7  -7   5   0  -6  -3  -3  -6  -6  -3  -7  -5   6    1   0   0   0   0   0   0   0   0  33   6   0   0   1   0   0   1   0   0  58  1.65 0.67
   74 V    -3  -2  -1   1  -3   0   6  -3  -2  -2  -5   0  -3  -5  -4   0   1  -6  -5  -1    2   1   2   8   1   4  52   1   1   2   0   4   0   0   0   7  10   0   0   5  0.87 0.49
   75 G    -3  -7  -5  -6  -3  -6  -7   8  -7  -8  -8  -6  -7  -8  -7  -5  -5  -3  -8  -8    1   0   0   0   1   0   0  97   0   0   0   0   0   0   0   0   0   0   0   0  2.69 0.95
   76 E    -3   7  -3  -5  -5   0  -1  -5  -1  -7  -6   2  -5  -6  -4   1  -3  -6  -1  -5    1  60   1   0   0   3   4   1   2   0   0  12   0   0   0  12   1   0   2   0  1.42 0.64
   77 L    -4  -6  -6  -7  -3  -5  -6  -7  -6   5   5  -6   1  -2  -6  -6  -4  -4  -3   0    0   0   0   0   1   0   0   0   0  32  58   0   3   1   0   0   1   0   1   3  1.40 0.59
   78 Q    -4   4  -2  -3  -4   7   0  -6   0  -5  -6   1  -5  -7  -5  -2  -2  -6  -5  -4    1  19   2   1   0  58   4   0   2   0   0   6   0   0   0   3   3   0   0   1  1.56 0.72
   79 S    -3  -4   0  -5  -3  -1  -4  -5  -2   0  -3  -3  -1  -4  -4   2   6  -3  -1   1    0   0   5   0   0   2   0   0   1   6   1   1   1   1   1  12  57   0   3   8  1.08 0.58
   80 R    -5   8   1   0  -7  -3  -2   0  -2  -7  -6  -2  -6  -6  -6  -1  -4  -7  -4  -7    0  72   6   5   0   0   3   8   1   0   0   1   0   0   0   4   0   0   1   0  1.74 0.73
   81 N    -2  -1   3  -1  -5   0  -1  -4  -1  -4  -5   2  -3  -4  -3   5   2  -6  -4  -3    1   3  12   3   0   5   4   0   1   0   0  15   0   0   1  41  12   0   0   2  0.71 0.45
   82 Y    -7  -7  -7  -8  -7  -4  -7  -7  -4  -4  -5  -7  -6   1  -8  -6  -7  10   8  -6    0   0   0   0   0   1   0   0   0   1   1   0   0   5   0   0   0  39  54   0  3.08 1.04
   83 L    -4  -3  -2   3  -6   3   5  -5  -4  -3  -4  -1  -3  -6  -4  -3   2  -6  -5  -2    0   0   1  17   0  15  42   0   0   1   1   3   1   0   0   1  14   0   0   3  0.97 0.52
   84 N     0  -2   3   6  -5  -3  -1   1  -2  -4  -4  -2  -4  -4  -4  -1   1  -5  -4  -4    7   1  15  46   0   1   1   9   1   1   1   2   0   1   0   3   8   0   1   1  0.90 0.44
   85 K    -2   2   1   0  -6   5   1  -3  -2  -6  -5   5  -3  -6  -2  -1  -2  -6  -5  -5    3   8   5   4   0  24   8   2   0   0   0  36   0   0   2   5   2   0   0   0  0.83 0.46
   86 E    -3  -3   3   6  -6   2   3  -3   0  -6  -6  -2  -5  -6  -4   0  -1  -6  -4  -5    1   1  15  40   0  11  19   1   2   0   0   1   0   0   1   6   3   0   1   0  1.04 0.51
   87 E    -4  -5   1  -3  -7  -3  -4   7  -4  -8  -8  -3  -7  -7  -6  -4  -5  -7  -7  -7    0   0   5   1   0   1   1  88   0   0   0   2   0   0   0   0   0   0   0   0  2.21 0.82
   88 Q    -2   0   3  -2  -5   5   2  -4  -1  -1  -4   3  -1  -5  -4  -1   0  -5  -4   0    2   3  14   1   0  28  10   1   1   4   0  16   1   0   0   4   7   0   0   7  0.58 0.39
   89 K    -4   4   0   1  -5  -1  -1  -5  -4  -4  -5   6  -1  -6  -4  -3   1  -2  -3  -5    0  21   5   7   0   2   3   0   0   1   0  47   1   0   0   1  10   1   1   0  1.04 0.54
   90 I    -4   6  -2  -5  -5  -1  -3  -4   3   0  -4   2  -2  -5  -5  -4  -4  -6  -3   3    1  50   2   0   0   2   0   1   8   6   0  10   1   0   0   0   0   0   0  18  1.13 0.56
   91 Y    -5  -1  -2  -5  -6  -2  -3  -6  -1  -4  -5  -1  -4   2  -6   0   1   3   8  -3    0   3   2   0   0   2   1   0   1   1   0   4   0   7   0   8   9   4  56   2  1.50 0.67
   92 I     0   0  -2  -4  -3  -2  -3  -4  -4   2  -2   0   0  -1  -4   1   3  -3  -2   3    8   6   1   0   0   1   1   1   0  10   1   7   2   3   0  10  21   0   1  27  0.39 0.31
   93 T    -2  -5  -3  -5  -4  -5  -4  -5  -2  -1  -2  -5  -1  -1  -2  -1   7  -1  -1   1    3   0   1   0   0   0   0   0   1   3   4   0   2   2   2   2  68   1   2   9  1.34 0.67
   94 E    -5  -2  -3   2  -8  -1   7  -5  -4  -7  -7   0  -6  -5  -5  -3  -4  -3  -4  -5    0   1   1  10   0   2  78   0   0   0   0   4   0   0   0   1   0   0   0   1  1.90 0.81
   95 V    -4  -7  -7  -7  -2  -6  -7  -7  -7   6  -2  -6  -2  -1  -6  -6  -4  -6  -4   6    0   0   0   0   1   0   0   0   0  37   1   0   1   2   0   0   0   0   0  57  1.70 0.69
   96 L    -3  -2  -1  -5  -4  -2  -4  -6  -1   4   0  -3  -1  -2  -5  -3  -2  -2  -2   5    1   3   4   0   0   2   1   0   2  24   6   2   1   1   0   2   2   1   1  48  0.87 0.45
   97 V     5  -5  -5  -6   3  -5  -5  -1  -6   0  -3  -5  -3  -5  -4  -2  -2  -6  -5   3   56   0   0   0   6   0   0   5   0   4   2   0   0   0   0   2   1   0   0  24  1.08 0.57
   98 H    -4   0   3   5  -6   1   4  -4  -1  -5  -5  -2  -4  -4  -4   0  -1  -6  -2  -5    1   4  16  29   0   6  28   1   1   0   1   1   0   1   0   6   3   0   2   0  0.88 0.47
   99 Q    -2   2   4   2  -4   2   2  -2  -1  -4  -4   1  -3  -4  -4   1   0  -5  -3  -3    2  11  19  13   0   8  16   2   1   1   0   7   0   1   0  12   5   0   1   1  0.49 0.31
  100 I    -2  -5  -6  -6  -4  -3  -6  -6  -3   4   1  -5   5   4  -6  -5  -3  -2  -3   5    2   0   0   0   0   1   0   0   1  20  10   0  14  16   0   0   0   0   0  36  1.00 0.48
  101 R    -3   2  -1  -1  -5   5   2  -4   1   0  -3   1  -2  -4  -4   0   1  -3   0  -2    1   9   2   3   0  31  12   1   3   6   2   7   1   0   0   5  10   0   4   3  0.53 0.37
  102 Y    -4  -6  -5  -7  -6  -5  -6  -5  -5  -1   1  -6   5   8  -5  -4  -3  -3   1  -3    1   0   1   0   0   0   0   1   0   3  10   0  15  61   1   1   2   0   3   1  1.77 0.70
  103 L    -1  -6  -6  -7   0  -5  -6  -3  -6   1   6  -6   2  -2  -6  -5  -2  -5  -5   0    5   0   0   0   2   0   0   2   0   6  73   0   3   1   0   0   2   0   0   5  1.29 0.58
  104 S    -2  -3  -1   5  -6   0   4   3  -3  -5  -6  -2  -4  -6  -2   1  -2  -6  -5  -5    2   0   1  28   0   3  25  24   0   1   0   1   0   0   2  11   1   0   0   0  0.85 0.46
  105 S    -1   2   0  -2  -4  -2  -2   1  -3  -4  -3   1  -3  -3   3   4   0   0  -2  -3    3  13   4   1   0   0   1   9   0   0   2  10   0   1  14  32   5   2   1   1  0.49 0.35
  106 R    -2   5   0  -4  -6  -1  -3  -1  -4  -5  -5   6  -4  -6  -1  -2  -3  -4  -5  -5    3  27   3   0   0   2   1   4   0   0   1  51   0   0   4   3   1   0   0   1  1.23 0.59
  107 N     0   2   3   1  -4   1   0   1  -1  -4  -5   3  -3  -5   2   1  -1  -5  -4  -3    6  11  13   6   0   5   5  10   1   0   0  18   0   0  10  11   3   0   0   1  0.37 0.26
  108 K     0   0   1   2  -4   2   2   0  -2  -4  -4   2  -2  -4  -1   2   0  -2  -4  -3    8   5   8  12   0  10  14   6   0   1   0  14   1   0   2  15   4   1   0   1  0.34 0.24
  109 D     0  -1   3   2  -4   2   2   1  -2  -3  -4   0  -3  -4  -2   2   1  -5  -3  -3    5   2  14  12   0   8  14  11   1   1   1   5   0   1   2  15   8   0   1   1  0.33 0.24
  110 E     0  -1   1   2  -4   2   3   0  -1  -4  -3   0  -3  -4  -1   2  -1  -5  -4  -4    8   2   6  13   0  10  24   8   1   0   2   4   0   0   3  15   3   0   0   0  0.42 0.28
  111 R     1   0   2   0  -4   2   2   1  -2  -3  -4   1  -2  -4   0   1   0  -4  -3  -3   11   5  13   4   0  12  12  12   0   1   1   6   1   1   5  11   4   0   1   2  0.28 0.21
  112 V     0  -1   0   0  -3   2   1   1  -1  -1  -2  -1  -1  -2   2   1   1  -4  -1   0    9   3   5   3   0  10   7  12   1   3   3   3   1   1  10  10   9   0   2   7  0.14 0.13
  113 I     1  -1   1   0  -2   1   1   1  -1  -1  -2  -1  -1  -1   2   1   0  -3  -1  -1   13   2   7   6   0   6   9   9   1   3   2   1   1   2  11  13   7   0   3   5  0.14 0.12
  114 N     0  -2   4   2  -4   0   1  -1  -1  -4  -4  -1  -2  -3   2   2   0  -5  -2  -3    6   1  21  11   0   4  10   4   1   0   0   2   1   1  12  17   5   0   2   1  0.43 0.28
  115 I     1  -1   0   0  -2   1   1  -1  -1   0  -1   0   0  -1   1   0   0  -1   0   0   15   2   3   3   0   9   8   5   1   6   6   3   3   2   6   8   7   1   3   7  0.07 0.08
  116 P    -1  -2  -1   0  -6  -1   2   0  -4  -5  -6  -1  -4  -5   7  -1  -1  -6  -5  -4    5   2   3   5   0   3  11   7   0   0   0   3   0   0  51   5   3   0   0   1  1.16 0.50
  117 Q     0  -1   1   1  -4   4   2  -2  -1  -2  -2  -1  -1  -1   0   1   0  -4  -1  -1    7   1   6   7   0  22  15   3   1   3   2   2   2   3   4  11   6   0   2   3  0.27 0.22
  118 E    -1  -1   1   2  -5   3   4  -2  -1  -4  -4   0  -3  -3   2   1  -1  -5  -1  -3    5   1   6  12   0  13  29   2   1   1   0   3   0   1  10   9   3   0   3   1  0.47 0.30
  119 E    -1  -1   0   4  -5   2   4  -3  -1  -5  -3   0  -4  -2   1   0   0  -5  -2  -3    3   2   3  22   0  10  29   2   1   0   2   4   0   2   7   6   5   0   1   1  0.54 0.30
  120 D    -3  -3   2   6  -6   1   2  -3  -3  -4  -5  -1  -2  -3   0  -1  -1  -6  -5  -4    1   1   8  51   0   5  15   1   0   0   0   2   1   1   4   4   4   0   0   1  0.99 0.42
  121 E    -4  -3  -3   4  -7   3   6  -5  -3  -6  -6  -1  -5  -6  -4  -3  -4  -6  -5  -6    0   0   0  27   0  10  62   0   0   0   0   1   0   0   0   0   0   0   0   0  1.55 0.55

                      K         Lambda
Standard Ungapped    0.1343     0.3172
Standard Gapped      0.0607     0.2670
PSI Ungapped         0.1982     0.3170
PSI Gapped           0.0607     0.2670
