
Last position-specific scoring matrix computed, weighted observed percentages rounded down, information per position, and relative weight of gapless real matches to pseudocounts
            A   R   N   D   C   Q   E   G   H   I   L   K   M   F   P   S   T   W   Y   V   A   R   N   D   C   Q   E   G   H   I   L   K   M   F   P   S   T   W   Y   V
    1 M    -5  -6  -7  -8  -6  -5  -7  -7  -6  -3   0  -6  11  -4  -7  -6  -5  -6  -5  -4    0   0   0   0   0   0   0   0   0   0   4   0  96   0   0   0   0   0   0   0  3.45 1.04
    2 T     2  -2  -2  -4  -5  -3  -2  -4  -4  -4  -3   3   4  -4   4   1   2  -6  -5  -1   17   1   2   0   0   0   2   0   0   0   1  18  12   0  20   9  13   0   0   5  0.63 0.41
    3 Y    -5  -6  -6  -7  -7  -5  -6  -8   6  -1  -3  -6  -5   7  -8  -6  -6  -4   6  -4    1   0   0   0   0   0   0   0  17   3   2   0   0  46   0   0   0   0  29   1  2.11 0.83
    4 E    -2  -2  -2  -2  -5   1   3  -3  -4  -2  -4   2  -3  -5  -2   2   4  -6  -4   0    2   1   1   1   0   7  21   2   0   2   0  13   0   0   2  14  26   0   0   6  0.57 0.42
    5 L    -4  -5  -8  -8  -5  -1  -7  -8  -5  -1   7  -5  -1  -1  -4  -6  -5  -6  -5  -2    1   1   0   0   0   3   0   0   0   2  86   1   1   2   1   0   0   0   0   2  1.80 0.79
    6 P    -3  -4  -5  -2  -8  -2  -2  -7  -7  -3  -5   0   1  -7   8  -5  -3  -8  -8  -4    2   1   1   2   0   2   3   0   0   2   1   5   3   0  74   1   2   0   0   1  2.19 0.93
    7 K     0  -3  -1   3  -6   0   2  -5  -3  -5  -5   2  -3  -7   6  -1  -1  -7  -5  -5    9   1   2  16   0   4  12   0   0   1   0  11   1   0  34   5   3   0   0   0  0.92 0.52
    8 L    -7  -7  -9  -9  -7  -7  -8  -9  -8  -3   7  -8  -2  -4  -2  -8  -6  -7  -6  -4    0   0   0   0   0   0   0   0   0   0  96   0   1   0   3   0   0   0   0   0  2.36 0.97
    9 P    -3  -4  -2  -1  -8  -4  -3  -2  -5  -8  -5  -1  -7  -9   8  -2  -4  -9  -8  -7    2   1   2   4   0   1   1   4   0   0   1   4   0   0  76   3   1   0   0   0  2.27 0.97
   10 Y    -8  -8  -6  -9  -4  -7  -8  -9  -4  -7  -7  -8  -7   3  -9  -8  -8   2  10  -7    0   0   0   0   0   0   0   0   0   0   0   0   0  11   0   0   0   3  85   0  3.38 1.28
   11 T     4  -3   0   4  -5  -2   1   1  -3  -5  -5   0  -5  -5   2   1  -2  -6  -5  -4   32   1   3  20   0   1   9   8   1   0   1   5   0   0   9   8   2   0   0   1  0.61 0.42
   12 Y    -3  -3  -4  -4  -4  -2  -2  -7   1  -3   0  -1  -1   2  -1  -5  -2  -3   8  -2    2   1   1   1   0   2   2   0   3   1   8   4   1   8   4   1   2   0  56   3  1.54 0.73
   13 D    -2  -4   4   6  -7  -3  -1   0  -1  -7  -7  -2  -6  -7  -5   0   0  -8  -4  -7    4   1  21  48   0   0   3   7   1   0   0   2   0   0   0   7   5   0   1   0  1.29 0.64
   14 A     7  -5  -5   0  -5  -5   0  -2  -5  -6  -6  -4  -6  -4  -6   0  -3  -7  -4  -5   77   0   0   6   0   0   6   2   0   0   0   0   0   1   0   6   1   0   1   0  1.66 0.82
   15 L    -6  -7  -8  -9  -6  -7  -8  -9  -8  -2   7  -7   0  -1  -8  -7  -5  -7  -4  -3    0   0   0   0   0   0   0   0   0   1  94   0   1   2   0   0   0   0   1   1  2.27 0.94
   16 E     1  -4  -4  -2  -8  -1   7  -5  -5  -6  -7  -3  -7  -8  -6  -2  -3  -8  -7  -5    9   0   0   1   0   2  78   1   0   0   0   1   0   0   0   3   2   0   0   1  1.99 0.94
   17 P    -5  -6  -6  -5  -9  -5  -5  -6  -8  -7  -9  -4  -8  -9   9  -5  -6  -9  -9  -7    1   0   0   0   0   0   1   1   0   0   0   1   0   0  94   1   0   0   0   0  3.31 1.30
   18 N    -1  -5  -2  -4  -2  -4  -4  -4   7  -1  -3  -5  -3   3  -6  -1  -2   0   6   2    6   0   2   1   1   1   0   1  23   3   2   0   1  10   0   4   3   1  26  13  1.04 0.55
   19 F    -6  -7  -8  -8  -6  -7  -8  -8  -8   8   1  -7   4  -1  -8  -5  -5  -2  -2   0    0   0   0   0   0   0   0   0   0  71  10   0   8   2   0   1   0   1   1   5  1.99 0.82
   20 D    -3  -6  -2   6  -1  -5  -3  -3  -5  -6  -8  -5  -7  -7  -5   6  -2  -8  -7  -7    1   0   2  41   1   0   1   1   0   0   0   0   0   0   0  50   2   0   0   0  1.76 0.87
   21 K     4   0  -3  -3  -5   1   3   0  -3  -4  -5   3  -3  -6  -3   0   0  -6  -5  -4   32   5   0   0   0   5  22   6   0   1   0  15   0   0   1   5   5   0   0   1  0.65 0.45
   22 E     0   2  -2   0  -7   4   5  -5  -1  -5  -2   2  -2  -6  -5  -3  -2  -6  -4  -3    7  11   2   4   0  19  35   0   1   0   4  11   1   0   0   1   2   0   1   2  0.83 0.51
   23 T    -3  -6  -3  -6  -6  -2  -6  -6  -7   4  -3  -6  -3  -7  -6  -3   7  -8  -7  -1    2   0   1   0   0   2   0   0   0  20   2   0   1   0   0   1  67   0   0   4  1.82 0.88
   24 M    -6  -7  -3  -8  -6  -6  -7  -8  -7   1   3  -7   9  -2  -8  -7  -5  -2  -6   2    0   0   1   0   0   0   0   0   0   7  23   0  53   2   0   0   0   1   0  12  2.05 0.89
   25 E    -3   3   0   1  -4   1   5  -3   0  -4  -5   1  -2  -3  -5  -1   0  -6  -2  -4    1  17   4   7   0   6  36   2   2   1   0   8   1   1   0   3   7   0   1   1  0.72 0.46
   26 I    -3  -6  -5  -7  -4  -3  -4  -7  -2   4   4  -6  -1   3  -6  -5  -2   3   3   1    1   0   0   0   0   1   1   0   1  26  33   0   1  12   0   0   2   4   8   8  0.91 0.47
   27 H    -8  -7  -6  -8 -10  -4  -7  -9  12 -10  -9  -7  -8  -8  -9  -7  -8  -9  -5 -10    0   0   0   0   0   1   0   0  99   0   0   0   0   0   0   0   0   0   0   0  4.58 1.59
   28 Y    -8  -6  -6  -8  -9  -6  -7  -8  10  -7  -7  -7  -7  -1  -8  -6  -8   3   7  -8    0   0   0   0   0   0   0   0  62   0   0   0   0   2   0   0   0   4  30   0  3.17 1.23
   29 T    -3  -4   0   5  -6   0  -1   3  -3  -5  -3  -1  -4  -3  -5   1   2  -3  -4  -5    1   0   5  28   0   5   4  23   0   0   3   4   0   1   0  12  13   0   0   0  0.68 0.44
   30 K    -4   2  -3  -6  -6  -2  -2   0  -3  -3  -4   7  -3  -3  -6  -3  -1  -7  -5  -2    1   8   1   0   0   1   2   7   1   2   2  67   1   1   0   1   3   0   0   3  1.50 0.76
   31 H    -8  -7  -4  -8  -9  -6  -5  -9  11  -5  -4  -7  -5  -6  -9  -7  -8  -9  -1  -9    0   0   0   0   0   0   1   0  94   1   2   0   0   0   0   0   0   0   2   0  4.12 1.48
   32 H    -6  -6  -4  -6  -9  -1  -4  -7  11  -9  -2  -7  -7  -1  -8  -7  -5  -8   2  -8    1   0   1   0   0   3   1   0  81   0   4   0   0   3   0   0   1   0   5   0  3.36 1.28
   33 N     3   1   1  -5  -5   6  -3  -3  -5  -6  -3   2  -2  -7  -6  -4  -3  -7  -6  -4   22   8   6   0   0  40   1   2   0   0   3  14   1   0   0   0   2   0   0   1  1.11 0.66
   34 T     4  -3  -2  -4  -5  -3  -5   3  -6  -5  -5  -1  -3  -6  -5   0   4  -7  -6  -4   34   1   2   1   0   1   0  25   0   0   1   4   0   0   0   7  24   0   0   1  0.94 0.57
   35 Y    -6  -8  -8  -9  -2  -7  -8  -9  -1  -6  -6  -8  -7  -2  -9  -7  -8  -4  10  -7    1   0   0   0   1   0   0   0   1   0   1   0   0   1   0   0   0   0  94   0  3.70 1.42
   36 V    -2  -6  -7  -7  -4  -7  -6  -7  -6   3  -1  -7  -2  -2  -7  -6   0  -7  -1   7    3   0   0   0   0   0   0   0   0  13   5   0   1   1   0   0   7   0   2  67  1.60 0.75
   37 T     0  -1   5   5  -6  -2   0  -5  -2  -6  -7   1  -4  -7  -5  -2   2  -7  -6  -3    7   3  28  28   0   2   5   0   1   0   0   7   0   0   0   2  14   0   0   2  0.99 0.57
   38 K    -2  -1   6  -3  -7  -2  -3   2  -5  -7  -7   4  -4  -6  -6  -2  -1  -8  -6  -5    3   3  42   1   0   1   1  17   0   0   0  25   0   0   0   2   3   0   0   1  1.29 0.68
   39 L     0  -6  -7  -7  -4  -6  -7  -5  -6  -1   6  -6   0   0  -7  -5  -1   2   1  -1    8   0   0   0   0   0   0   1   0   2  67   0   2   4   0   0   3   3   4   4  1.28 0.65
   40 N    -6  -4   9  -4  -6  -4  -5  -5  -5  -6  -5  -4  -6  -8  -8  -4  -4  -9  -6  -6    1   1  91   1   0   1   1   0   0   0   1   1   0   0   0   1   1   0   0   1  2.99 1.23
   41 E     3   0   2   0  -5   1   1  -2  -2  -3  -3   4  -3  -5  -4   0   0  -6  -4  -3   23   4   9   5   0   5   8   3   1   2   3  23   0   0   0   6   6   0   0   1  0.42 0.34
   42 A     5  -4  -6  -6  -4  -1  -3  -4  -3   0   2  -4  -1  -2  -5  -3   0  -6  -3  -1   53   1   0   0   0   3   1   1   1   5  21   1   1   1   0   1   6   0   1   4  0.93 0.56
   43 V    -2  -5  -5  -5  -3  -4   2  -6  -5   3   4  -4   1  -3  -6  -4  -2  -6  -4   2    3   0   1   0   1   0  12   1   0  18  45   1   2   1   0   1   3   0   0  12  0.84 0.48
   44 A     2  -1  -1  -1  -5   1   4  -4  -2  -3  -2   3  -3  -5  -1   0  -2  -6  -5  -2   17   3   2   2   0   5  32   1   1   2   3  18   0   0   2   5   3   0   0   3  0.59 0.42
   45 G     0  -1   0   1  -3   2   2   3  -4  -5  -5   3   0  -4  -1   0   0  -3  -5  -4    6   3   5   8   0   8  12  22   0   0   0  18   3   1   2   5   5   0   0   0  0.41 0.31
   46 H    -1  -2   0  -1   0  -1  -1  -2   2   0   2  -1   1   0  -3  -1   0   1   3  -1    3   2   5   4   2   3   4   4   6   4  22   4   4   3   1   3   7   2  12   4  0.15 0.13
   47 P     1  -1  -1   0  -3   0   0  -1   0  -4  -4   0  -4  -5   4   0   3  -5  -4  -3   13   2   3   6   0   4   7   5   3   1   1   7   0   0  22   7  18   0   0   1  0.48 0.33
   48 E     0  -1   0   2  -4   1   5  -2  -1  -2  -4   1  -3  -4  -2   0  -2  -4  -2  -3    7   2   4  12   0   7  35   4   1   2   2  10   1   1   1   5   3   0   2   2  0.53 0.33
   49 L     3  -3  -2  -3  -2  -2  -3  -4  -2   0   3  -4   0   3  -3  -3  -2   2   2  -1   22   1   3   1   1   2   1   1   1   5  30   1   2  10   1   1   2   3   8   3  0.45 0.31
   50 A     1   2   0   0  -3   2   3  -2   2  -2  -2   0  -2  -3  -2   0  -2  -4   0  -2   15  13   4   5   0  11  18   2   4   3   3   5   1   1   2   5   2   0   3   3  0.28 0.23
   51 S     1   0   2   2  -2   0   2   2   1  -3  -4   2  -3  -4  -2   1   0  -3  -3  -3    9   3  10  11   1   3  11  15   3   1   1  11   0   1   1  11   4   0   1   1  0.28 0.21
   52 K    -1   0  -1  -2  -2   1  -1  -2  -2  -2   1   4   3  -2  -2   0   0   3   0  -2    6   5   3   2   1   5   4   2   1   2  12  26   8   1   2   7   5   4   4   2  0.25 0.22
   53 S    -2  -3   1   1  -2  -3  -2   2  -2  -4  -4   0  -4  -5   2   4   3  -5  -4  -4    2   1   6   7   1   1   3  15   1   1   1   5   0   0  10  30  16   0   0   0  0.57 0.39
   54 A    -1  -4  -2   2  -4  -3  -2  -3  -4   2   4  -3   0  -2  -3  -3  -3  -4  -3   1    5   1   2  14   0   1   2   2   0  12  45   2   1   1   1   1   1   0   0   8  0.62 0.35
   55 E    -2  -2  -2   1  -3  -1   5  -3   0   0  -2  -1  -3   1  -2  -1  -2  -2   0   0    3   1   2   7   1   2  43   2   2   5   3   3   1   7   2   3   2   0   4   7  0.59 0.37
   56 E     1  -2   0   3  -2   2   4  -1  -2  -3  -4   0  -3  -4  -3   0  -1  -2  -2  -3   13   2   4  18   1   7  30   4   1   1   1   4   1   1   1   5   4   1   1   2  0.53 0.33
   57 L    -1  -4  -4  -3  -4  -4  -3  -5  -4   5   4  -3   1  -3  -4  -3  -1  -4  -3   1    5   1   1   2   0   1   1   1   0  28  40   1   3   1   1   2   4   0   1   7  0.77 0.38
   58 V    -2  -4  -4  -5   0  -3  -4  -5  -5   5   3  -3   2  -1  -4  -3  -3  -4  -3   3    4   1   1   1   2   1   1   1   0  29  29   2   5   3   1   1   1   0   0  18  0.75 0.36
   59 T     1   2  -1  -2   0   1   0  -1  -1   0  -1   3  -1  -3  -2   0   1  -3  -2   0   12  11   3   1   2   5   4   3   1   5   6  20   2   1   1   7  10   0   1   6  0.17 0.16
   60 N     0   0   4   1  -3   0  -1   0   3  -3  -3   2  -2  -3  -3   0   0  -3  -1  -3    7   5  21   8   0   4   4   8   7   1   2  14   1   1   1   7   5   0   2   2  0.34 0.23
   61 L     0  -3  -2  -1  -1  -2  -2  -2  -2   1   3  -2   0  -1  -2   0   1   3  -1   1    9   1   2   4   1   1   2   3   1   9  29   2   2   2   2   8   8   4   2   7  0.19 0.16
   62 D     0  -2   1   3  -2   0   2  -1   1  -3  -2  -1  -2  -1  -1   1  -1  -3   1  -2    9   2   8  17   1   4  12   5   3   1   3   4   1   3   3  13   3   0   5   3  0.21 0.16
   63 S     0   1   0   0  -1   1   0   0   0  -2  -1   1  -1  -2   0   2   0  -2  -1  -2    7   8   5   5   1   6   6   7   3   2   6  11   2   2   4  16   6   1   1   2  0.11 0.09
   64 V     0  -1   0  -1  -1   0   0  -1  -1   1   1   0   0   0  -2   0  -1   0   0   1    8   2   4   4   1   3   5   4   1   9  19   7   2   4   1   6   3   1   3  12  0.03 0.05
   65 P     0  -1   1  -1  -3   0  -1  -1  -2  -1  -2  -1  -1  -3   6   0  -1  -3  -2  -2    8   3   6   4   1   4   3   6   1   3   4   4   2   1  35   7   4   0   1   3  0.54 0.24
   66 E     1   0   0   1  -2   1   2   0   0  -1  -1   1  -1  -2   1   0  -1  -1  -1  -1   14   3   4   9   1   5  17   6   2   5   5   7   1   1   5   6   3   1   2   4  0.11 0.08
   67 D     1  -1   1   2  -2   0   2  -1  -1  -2  -2   1  -2  -2   0   1  -1   0  -2  -2   14   3   6  11   1   3  13   5   1   2   4  10   1   1   5  12   3   1   1   3  0.16 0.11
   68 I     0  -1  -1  -1  -2  -1  -1  -1   0   2   1   0   0   0  -1   0   0   1   0   0    9   2   3   4   1   3   4   5   2  17  19   5   1   3   2   6   5   2   4   5  0.06 0.07
   69 R    -1   4   0  -2  -2   4   0  -1   0  -2  -1   1  -1  -3   0  -1  -1  -2  -1  -2    4  23   5   2   1  18   4   4   2   2   6   9   1   1   4   4   4   0   2   3  0.33 0.20
   70 G     0   0   1  -1  -2   2   0   2   0  -2  -2   0  -1  -3   0   1   2   0  -2  -2    8   4   5   2   1  10   6  15   2   2   3   6   1   1   5   8  16   1   1   3  0.17 0.14
   71 A     3  -2  -1   0  -3  -1   0   0  -1  -1  -2   0  -2  -3   1   1   0  -2  -3  -1   34   1   3   6   0   3   5   7   1   4   3   6   0   1   7   7   7   1   1   5  0.27 0.22
   72 V    -2  -5  -6  -6  -3  -5  -5  -6  -5   5   3  -5  -1  -1  -5  -4  -3  -5  -3   4    3   0   0   0   0   0   1   0   0  29  32   0   1   2   0   1   1   0   0  28  1.01 0.46
   73 R    -1   5  -1  -4  -5   0  -3  -4  -1  -1  -2   2  -3   5  -5  -2  -1  -1   1  -3    6  31   3   0   0   3   0   1   1   4   3  12   0  21   0   3   4   1   5   1  0.66 0.39
   74 N    -5  -2   7  -1  -7  -4  -4  -5   2  -5  -5  -3  -4   6  -6  -4  -4  -6  -2  -5    1   2  58   2   0   1   1   0   4   1   0   1   0  27   0   0   0   0   1   1  1.83 0.78
   75 H    -4  -4   8  -3  -4   1  -4  -5   4  -5  -6  -5  -4  -2  -5  -2  -4  -7  -2  -6    1   1  72   0   0   5   0   0  10   1   0   0   0   2   1   2   0   0   1   1  2.09 0.87
   76 G     5  -5  -5  -6  -4  -5  -5   5  -6  -3  -3  -5  -4  -3  -5  -1  -4  -6  -3  -2   41   0   0   0   0   0   0  45   0   2   2   0   0   1   0   3   0   0   1   3  1.29 0.63
   77 G     3  -6  -4  -4   0  -5  -4   6  -6  -7  -7  -5  -4  -7  -6   0  -4  -7  -7  -5   25   0   0   1   2   0   1  62   0   0   0   0   0   0   0   8   0   0   0   1  1.58 0.70
   78 G    -2  -6  -5  -6  -7   5  -3   7  -6  -8  -8  -5  -6  -8  -6  -4  -6  -7  -7  -4    2   0   0   0   0  26   1  68   0   0   0   0   0   0   0   1   0   0   0   1  1.99 0.85
   79 H     0  -3  -3  -4  -2  -3  -5  -6   9   1  -3  -5  -3  -1  -6  -3  -2  -3   3   2    8   1   1   1   1   0   0   0  47   7   2   0   0   3   0   1   2   0   9  16  1.49 0.67
   80 A    -1  -4  -6  -6  -5  -5  -5  -6  -3   3   0  -5  -2   2  -7  -4  -4   9   6   1    6   1   0   0   0   0   0   0   0  15   9   0   0   8   0   1   1  24  23  10  1.28 0.57
   81 N    -6  -6   9  -4  -5  -5  -3  -6  -5  -7   1  -5  -4  -7  -7  -4  -4  -9  -7  -7    0   0  84   0   0   0   1   0   0   0  13   0   0   0   0   0   0   0   0   0  2.59 1.03
   82 H    -8  -6  -2  -7  -9  -5  -6  -8  11  -9  -9  -7  -7  -7  -8  -7  -8  -8  -3  -9    0   0   2   0   0   0   0   0  97   0   0   0   0   0   0   0   0   0   1   0  4.26 1.41
   83 T     0  -3   3   1   0  -1   0  -3  -3  -2  -4  -2  -2  -4  -4   3   4  -3  -3  -2    8   1  13   7   2   2   6   1   0   2   1   1   1   0   0  26  25   0   1   2  0.55 0.39
   84 L    -5  -5  -7  -7  -5  -3  -6  -7  -2   3   4  -6   1   6  -7  -6  -5  -3  -2  -1    0   0   0   0   0   1   0   0   1  16  41   0   4  33   0   0   0   0   1   2  1.33 0.59
   85 F    -7  -7  -8  -9  -7  -6  -8  -8  -5  -5  -3  -8  -3   8  -9  -7  -6   1   7  -6    0   0   0   0   0   0   0   0   0   0   3   0   0  63   0   0   0   2  32   0  2.68 1.01
   86 W    -9  -4 -10 -10  -8  -8  -9  -9  -8  -8  -7  -9  -7   4 -10  -9  -9  13  -2  -9    0   1   0   0   0   0   0   0   0   0   0   0   0  15   0   0   0  82   1   0  4.49 1.49
   87 S    -1   0   3   1  -5   2   3  -3   1  -5  -3   3  -3  -4  -3   0   0  -4  -2  -4    4   4  15   6   0  10  19   1   4   0   3  18   0   1   1   6   6   0   1   1  0.46 0.33
   88 I    -2  -4   4  -4   5  -1  -3  -1  -3   2  -2  -4   0  -4  -5   3   1  -1  -4   0    2   0  22   0  11   2   1   5   0  12   3   0   3   0   0  22   9   1   0   6  0.57 0.40
   89 L    -6  -7  -8  -8  -6  -6  -7  -8  -7   0   5  -7   9  -2  -7  -7  -5  -6  -6  -3    0   0   0   0   0   0   0   0   0   4  49   0  45   2   0   0   0   0   0   0  2.14 0.89
   90 S     2  -1  -2  -3   2  -1  -3   0  -2  -3  -4   2  -4  -6  -4   4   3  -6  -5  -3   19   3   1   1   4   3   1   6   1   1   1  14   0   0   0  30  15   0   0   1  0.58 0.42
   91 P    -2  -5  -3  -6  -7  -4  -4  -5  -3  -6  -6   0  -5  -8   8  -1  -3  -8  -5  -6    4   0   1   0   0   0   1   1   1   0   1   5   0   0  77   5   2   0   0   0  2.31 0.95
   92 N     0  -1   4   1  -3   0   1   2   0  -4  -3   1  -3  -5   1   0  -1  -2  -3  -4    8   3  21   8   0   3   9  15   2   1   2  10   0   0   6   5   4   1   1   1  0.35 0.25
   93 G     0  -3  -1  -2  -1  -1  -1   5  -2  -5  -5   1  -5  -5   1   0  -1  -2  -3  -4    9   1   2   2   1   2   4  48   1   1   1   8   0   0   8   8   3   1   1   1  0.79 0.43
   94 G    -1  -3   1  -1  -2  -1  -2   5  -1  -5  -5   0  -4  -5  -2   2   1  -6  -5  -4    5   1   6   3   1   2   2  44   2   0   1   7   0   0   2  15   8   0   0   1  0.76 0.42
   95 G     0   0   1   0  -4   0   0   4  -1  -2  -3   0  -2  -4  -1   1   0  -4  -2  -1    6   4   6   5   0   5   7  33   1   2   1   6   1   0   3   9   5   0   1   4  0.35 0.24
   96 A     1   0   0  -2  -3   1   3  -1  -1  -1   0   2   0  -3   1  -1   0  -4  -3  -1   12   4   4   1   0   6  22   5   1   3   8  12   3   1   6   3   6   0   0   3  0.19 0.19
   97 P    -3  -5  -4  -4  -7  -3  -3  -3  -4  -1  -4  -3  -1  -5   8  -2  -3  -8  -6  -4    2   1   1   1   0   2   2   3   1   4   2   2   2   1  74   2   1   0   0   1  2.09 0.88
   98 T     0  -1   0   1  -3   0   1   0   0  -2  -3   1  -2  -4   0   3   2  -4  -3  -2    6   2   4   7   0   4  10   7   2   2   1   8   1   0   5  23  15   0   1   2  0.26 0.24
   99 G     0  -3  -1   0  -3  -3  -1   6  -2  -4  -4  -2  -5  -6   1   0  -3  -1  -5  -4    8   1   2   5   1   1   4  57   1   1   2   2   0   0   7   6   1   1   0   1  1.02 0.51
  100 N     1   0   0   1  -4   1   3  -2  -2  -2  -2   2  -2  -3   2   0  -1  -4  -2  -2   16   5   4   8   0   5  19   3   0   2   5  12   1   1   9   6   3   0   1   2  0.25 0.21
  101 L    -4  -6  -7  -7  -5  -6  -6  -7  -6   2   6  -6   1   1  -6  -5  -3  -3  -4   0    1   0   0   0   0   0   0   0   0   9  71   0   3   6   0   1   1   0   0   6  1.42 0.63
  102 K     3   0  -2  -2  -3   0   0   0  -1  -2   1   2   1  -2  -3   0  -1  -4  -2  -2   26   5   2   1   0   3   5   8   1   2  15  15   4   1   0   5   2   0   1   2  0.23 0.23
  103 A     1   0   0   3  -3   1   3  -2  -1  -4  -4   2  -3  -5  -3   0  -1   0  -2  -3   15   3   5  16   1   7  19   2   1   1   0  15   1   0   1   5   4   1   1   2  0.40 0.29
  104 A     5   0  -3  -1  -2   1   0  -3  -2  -2   0   1   1  -4  -4  -2  -2  -3  -3  -2   48   6   1   3   1   7   5   1   1   3   9   7   3   1   0   1   1   0   1   2  0.59 0.41
  105 I    -4  -7  -7  -7  -5  -7  -7  -7  -7   8   1  -5   0  -3  -7  -6  -5  -7  -5   0    1   0   0   0   0   0   0   0   0  80  11   1   2   1   0   0   0   0   0   4  2.14 0.83
  106 E    -1  -1   3   3  -3   1   4  -3  -1  -1  -4   1  -2  -4  -4  -1   0  -5  -3  -1    5   2  15  16   1   4  26   1   1   4   1   9   1   0   0   3   5   0   1   4  0.49 0.33
  107 S     1   3   0   1  -5   1   2  -3  -1  -4  -3   3  -3  -5  -4   1   0  -3  -3  -3   14  18   4   7   0   4  13   1   1   0   2  19   0   0   0   9   6   0   1   1  0.44 0.31
  108 E     1  -1   0   5  -2   2   1  -3  -2  -3  -5   0  -4  -3  -4   2   1  -5  -2  -3   11   3   4  31   1   9   6   1   1   1   0   6   0   1   0  14   8   0   2   1  0.54 0.35
  109 F    -7  -4  -7  -6  -7  -7  -7  -7  -6  -4  -2  -7  -4   9  -5  -7  -7   5   1  -6    0   1   0   0   0   0   0   0   0   1   3   0   0  81   1   0   0   8   4   0  2.74 0.99
  110 G    -3  -4  -3  -3  -5  -3  -2   7  -2  -5  -7  -3  -6  -6  -5  -3  -4  -2  -7  -6    1   1   1   1   0   1   3  83   1   1   0   2   0   0   0   2   1   1   0   0  2.02 0.82
  111 T    -3  -4   1   0  -3  -4  -4   1  -5  -6  -6  -4  -6  -5  -5   6   1  -7  -6  -6    0   0   5   5   1   0   0  11   0   0   0   1   0   0   0  69   6   0   0   0  1.47 0.76
  112 F    -4  -5  -6  -6  -3  -4  -5  -5  -3   0   2  -4   2   7  -5  -5  -3   1   4   1    1   0   0   0   1   1   1   1   1   5  18   1   4  42   0   0   1   2  12  11  1.15 0.53
  113 D     0  -2  -1   6  -6   0   5  -3  -3  -5  -6  -2  -4  -7  -4  -1  -2  -7  -6  -5    7   2   3  37   0   3  35   1   0   0   1   2   0   0   1   4   2   0   0   1  1.13 0.58
  114 E     2   0   4   0  -4   0   1   0  -1  -3  -4   2  -3  -4  -3  -1  -1  -5  -4  -3   22   5  19   5   0   4  11   6   1   2   1  15   0   0   1   3   3   0   0   1  0.42 0.31
  115 F    -5  -7  -7  -7  -2  -7  -7  -5  -6  -4   2  -7   3   8  -7  -6  -5   4  -2  -4    1   0   0   0   1   0   0   1   0   0  17   0   7  66   0   0   0   4   0   1  2.12 0.83
  116 K    -3   2  -3  -4  -2   2  -1  -5  -2  -1  -3   6  -1  -3  -5  -3  -2  -6  -3  -1    1  11   1   0   1   9   2   0   1   5   3  54   2   1   0   1   2   0   1   5  1.07 0.56
  117 E     1  -1   1   1  -5   1   4  -1  -3  -4  -4   3  -2  -4  -3  -1   0  -5  -3  -3   13   3   5   7   0   7  27   3   0   1   1  17   1   1   0   4   6   0   1   1  0.46 0.33
  118 K     1  -1  -1  -1  -5   4   4  -3   1  -2  -2   2  -2  -4  -4  -1  -1  -1  -3  -2   14   3   2   3   0  18  24   1   3   2   5  15   1   0   0   2   3   1   0   2  0.49 0.35
  119 F    -5  -7  -7  -7  -6  -7  -7  -7  -6   0   1  -7   3   9  -7  -6  -4  -2   0  -3    1   0   0   0   0   0   0   0   0   4  12   0   7  70   0   0   1   0   2   1  2.16 0.83
  120 N     0  -1   3  -2  -3  -1   1  -1  -2   0  -2   1  -1  -3  -4   2   3  -5  -4  -1    7   2  13   1   0   2   8   3   1   7   3  11   1   1   0  16  20   0   0   4  0.31 0.28
  121 A     3  -1   1   1  -1   1   2  -2  -2  -4  -3   2  -4  -5  -4   0   1  -4  -3  -3   29   2   6   8   1   7  12   2   1   1   2  14   0   0   0   5  10   0   0   1  0.43 0.33
  122 A     5  -1  -2  -3  -2   0   0  -3  -2  -2  -2   1   0  -4  -4   0   1  -5  -3   0   48   3   1   1   1   3   7   0   1   2   3   9   2   0   0   5   7   0   1   6  0.59 0.41
  123 A     6  -5  -5  -5  -1  -5  -5   2  -5  -4  -2  -5  -5  -6  -5   1   0  -6  -6  -3   62   0   0   0   1   0   0  15   0   1   4   0   0   0   0   8   6   0   0   1  1.22 0.64
  124 A     2  -3   0  -3  -3  -2  -1  -1  -4   1   2   0   2  -3  -4   0   1  -4  -3   1   20   0   4   1   0   0   3   5   0   6  20   6   6   0   0   6  11   0   0  10  0.24 0.23
  125 A     2  -2   1  -1  -4  -2  -1   3  -3  -5  -4   1  -4  -5  -3   3   2  -5  -4  -4   16   1   7   2   0   1   3  23   0   0   2  10   0   0   0  20  13   0   0   0  0.52 0.36
  126 R    -2   2  -1  -5  -2   2  -3  -5   4   2   2  -3  -2  -2  -5  -3  -2  -3  -3   3    3  13   4   0   1  11   0   0  11  11  18   0   0   2   0   1   1   0   0  22  0.48 0.35
  127 F    -6  -5  -6  -5  -5   4   0  -4  -5  -4  -3  -4  -3   8  -6  -4  -5  -4  -2  -3    0   0   0   1   0  17   7   2   0   0   2   1   0  65   0   1   0   0   0   1  1.97 0.84
  128 G    -1  -7  -5  -6  -7  -5  -7   8  -7  -8  -8  -5  -7  -7  -7  -4  -5   0  -7  -7    5   0   0   0   0   0   0  91   0   0   0   1   0   0   0   1   1   1   0   0  2.49 0.96
  129 S    -3  -6  -4  -4  -4  -5  -5  -3  -6  -5  -7  -5  -6  -7  -3   7  -3   1  -6  -4    1   0   0   1   0   0   0   2   0   1   0   0   0   0   1  89   0   2   0   1  2.17 1.00
  130 G    -4  -7  -5  -5  -7  -7  -7   8  -7  -8  -8  -6  -7  -8  -7  -4  -5  -7  -8  -8    1   0   0   1   0   0   0  96   0   0   0   0   0   0   0   1   1   0   0   0  2.75 1.03
  131 W    -8  -5  -5  -9  -8  -8  -8  -8  -7  -8  -5  -8  -7  -3  -9  -8  -8  13   3  -8    0   1   1   0   0   0   0   0   0   0   1   0   0   1   0   0   0  88   8   0  4.63 1.51
  132 A     5  -5  -4  -6   1  -3  -5   1  -6   0  -2  -5  -3  -5  -5  -2   1  -6  -5   3   45   0   0   0   3   1   0  12   0   4   3   0   0   0   0   1   8   0   0  23  0.89 0.53
  133 W    -5  -9  -9 -10  -5  -7  -9  -5  -8  -1  -2  -9  -3   0  -9  -7  -6  13  -3  -2    1   0   0   0   0   0   0   1   0   4   4   0   1   4   0   0   0  81   0   3  4.00 1.37
  134 L    -5  -7  -8  -8  -3  -7  -8  -8  -8  -1   7  -7  -1  -3  -8  -6  -6  -2  -4  -2    1   0   0   0   1   0   0   0   0   3  91   0   1   0   0   0   0   1   1   2  2.08 0.87
  135 V     1  -6  -5  -6   5  -5  -5  -1  -5   2  -2  -6  -2  -3  -3  -2  -2  -6  -2   6   12   0   0   0  11   0   0   6   0   8   1   0   0   1   1   3   2   0   2  51  1.03 0.54
  136 V    -1   0  -3  -4  -2   0  -3  -4  -1  -1   1   2   0  -1   0  -2  -1   4   4   2    5   4   1   1   1   4   1   0   1   3  14  12   2   2   4   3   3   7  17  16  0.34 0.28
  137 N    -3   0   4   5  -3   0   0  -2   0  -5  -6   2  -5  -6  -2  -1   0  -7  -4  -5    2   5  21  34   1   3   4   3   2   0   0  12   0   0   2   4   5   0   0   0  0.83 0.47
  138 D    -2  -2   3   4  -5  -1   1   0  -2  -5  -5   2  -5  -6   1   1   1  -6  -5  -5    2   1  13  23   0   2   8   7   1   0   0  15   0   0   7  11  10   0   0   0  0.57 0.37
  139 G    -3  -1   3   1  -5   1  -2   5   0  -6  -6   3  -5  -6  -5  -1  -3  -6  -4  -5    1   3  12   7   0   5   2  45   2   0   0  18   0   0   0   3   1   0   0   0  0.95 0.51
  140 K    -1   3   0  -2  -5   2   0  -1   0  -4  -4   5  -4  -4  -4   1   1  -6  -5  -4    4  15   3   1   0   8   5   4   2   1   1  35   0   1   0   9   9   0   0   1  0.68 0.43
  141 L    -5  -7  -8  -8  -4  -6  -7  -8  -7   0   7  -6  -1  -2  -4  -7  -4  -6  -5  -1    0   0   0   0   0   0   0   0   0   4  87   0   1   1   1   0   1   0   0   3  1.90 0.82
  142 E     1   2  -2   0  -2   1   3  -2   0  -1  -2   2  -1  -2  -3   0  -1  -4  -3   0   12   9   1   5   1   7  21   3   2   3   4  11   1   2   0   7   3   0   0   8  0.22 0.21
  143 I    -4  -7  -1  -7  -4  -7  -7  -7  -7   7   0  -7  -2  -2  -7  -6  -3  -7  -4   4    0   0   3   0   0   0   0   0   0  59   8   0   0   1   0   0   1   0   0  25  1.62 0.70
  144 V    -1  -1  -3  -3   1  -1  -1  -3  -1   2   1  -2   2  -1  -4  -1   2  -2   0   3    5   3   1   1   3   2   5   2   2  13  11   2   5   1   0   4  13   0   4  23  0.25 0.22
  145 S     0  -2   1  -1   1   2  -2  -2  -3  -4  -5   1  -3  -3  -2   3   4  -6  -5  -2    7   1   7   3   3  11   1   2   0   0   0   8   0   1   1  23  26   0   0   3  0.54 0.41
  146 T    -1  -3  -5  -5   2  -4  -4  -3  -5  -2  -1  -4  -2  -3  -5   0   7  -6  -3   0    5   1   0   0   4   1   1   3   0   2   5   0   1   1   0   6  64   0   1   6  1.31 0.71
  147 A     2  -2  -2  -1  -4   0   1  -2   3  -3  -3   1  -2  -3   4   1  -2  -5  -1  -3   20   1   1   4   0   4   9   2   7   1   2   7   1   1  23  12   1   0   2   1  0.49 0.35
  148 N    -5  -3   8   3  -7  -3  -5  -3  -4  -7  -6   1  -7  -6  -7  -4  -5  -8  -4  -7    0   1  71  14   0   1   0   2   0   0   1   8   0   0   0   0   0   0   1   0  2.15 0.93
  149 Q     3  -4  -2  -4  -7   7  -1  -2   6  -7  -6  -4  -6  -7  -5  -5  -5  -7  -6  -6   22   0   1   0   0  54   3   3  15   0   0   0   0   0   0   0   0   0   0   0  1.80 0.89
  150 D    -3  -5   1   7  -7   2   1   0  -1  -4  -6  -4  -4  -5  -6  -3  -4  -3  -6  -2    2   0   5  59   0   9   7   6   2   1   1   0   1   1   0   2   1   1   0   3  1.41 0.69
  151 S    -2  -3   6  -2   2  -1  -2  -3  -2  -3  -2  -3  -3  -4   1   2   3  -5  -3  -2    2   1  33   1   5   2   2   1   1   2   3   1   1   1   8  13  19   0   1   2  0.74 0.46
  152 P    -4  -6  -2  -5  -4  -5  -6  -2  -4  -4   1  -5  -3  -3   8  -4  -5  -3  -4  -1    1   0   2   0   0   0   0   4   1   1  13   0   1   1  68   1   1   0   1   4  1.94 0.87
  153 L     0  -4  -5  -5  -3  -2  -4  -4  -3   3   4  -4   1   0  -4   0  -1  -1  -1   1    8   0   0   0   0   2   1   1   1  15  44   0   3   3   0   6   3   1   2   9  0.60 0.36
  154 S     0  -2  -2  -3   0   0  -2  -3  -3   0   0  -1   6  -2  -1   1   3  -4  -3   1    7   2   1   1   2   5   2   1   1   4   7   3  21   1   4  11  17   0   1  10  0.41 0.34
  155 D    -1  -1   0   2  -2   1   1  -1   2  -3  -2   0  -1  -1   0   0   1   6   1  -3    5   3   3  12   1   7   9   4   6   1   4   7   1   2   5   5  10  11   4   1  0.28 0.23
  156 G    -2  -1   3   2  -3  -2  -3   6  -2  -5  -6  -1  -4  -4  -2  -1  -3  -6  -4  -5    2   4  12  11   1   2   1  51   1   1   1   4   0   1   3   3   1   0   0   1  0.99 0.51
  157 K     0  -2  -1  -1  -1   0  -1   1   0   0   2   0   1   0  -3  -1  -1  -2   0   0    6   1   3   4   1   4   2  13   3   3  25   8   4   4   0   5   3   0   4   8  0.10 0.13
  158 T    -2  -1  -3  -3   0  -1  -3  -4   3   3  -2   1  -1  -1  -3  -2   3  -3   0   2    1   3   1   1   2   3   1   1   6  20   3   9   1   2   1   3  20   0   4  17  0.41 0.32
  159 P    -1  -7  -7  -7  -3  -7  -6  -6  -7  -2  -6  -6  -7  -8   9  -4  -4  -8  -8  -4    5   0   0   0   1   0   0   0   0   3   1   0   0   0  86   1   1   0   0   2  2.85 1.15
  160 V    -5  -6  -7  -7  -5  -6  -7  -8  -7   5   5  -7  -1  -2  -7  -6  -5  -6  -5   1    0   0   0   0   0   0   0   0   0  34  54   0   1   1   0   0   0   0   0   9  1.58 0.69
  161 L    -4  -7  -7  -8  -3  -6  -7  -8  -7   1   6  -7   2   3  -7  -7  -6  -4  -4  -2    1   0   0   0   1   0   0   0   0   7  74   0   4  10   0   0   0   0   0   2  1.67 0.73
  162 G     1  -5  -1  -5   3  -4  -5   5  -5  -3  -3  -5  -3  -5  -2  -2   3  -6  -6   2   12   0   2   0   6   1   0  39   0   1   2   0   1   0   2   1  16   0   0  16  0.84 0.48
  163 L    -4  -6  -3  -7   5  -5  -6  -7  -6   5   4  -6   1  -2  -6  -5  -4  -4  -4   2    1   0   1   0  11   0   0   0   0  33  33   0   2   1   0   1   0   0   0  14  1.19 0.55
  164 D    -7  -7  -4   9  -8  -6  -4  -7  -6  -8  -9  -6  -8  -8  -7  -5  -6  -9  -8  -8    0   0   0  97   0   0   0   0   0   0   0   0   0   0   0   1   0   0   0   0  3.23 1.21
  165 V    -2  -7  -7  -7  -4  -6  -6  -6  -5   1   1  -6   3  -4  -7  -6  -4  -7  -5   7    4   0   0   0   0   0   0   1   0   5  12   0   7   0   0   0   1   0   0  68  1.63 0.73
  166 W    -8  -6  -9 -10  -4  -8  -9  -8  -8  -8  -7  -9  -7  -3  -9  -9  -8  13  -3  -9    0   1   0   0   1   0   0   0   0   0   0   0   0   1   0   0   0  96   0   0  5.19 1.66
  167 E    -6  -5  -5  -4  -8  -3   8  -7  -5  -8  -8  -4  -7  -8  -6  -5  -6  -8  -7  -7    0   0   0   0   0   0  97   0   0   0   0   0   0   0   0   0   0   0   0   0  2.92 1.16
  168 H    -7  -6  -5  -7  -8  -5  -6  -7  11  -8  -8  -6  -7  -7  -8  -6  -7  -8  -4  -7    0   0   0   0   0   0   0   0  96   0   0   0   0   0   0   0   0   0   0   1  4.27 1.40
  169 A     7  -6  -6  -6  -5  -5  -5  -4  -6  -5  -6  -5  -6  -7  -5   1  -5  -7  -6  -4   86   0   0   0   0   0   0   1   0   1   0   0   0   0   0  10   0   0   0   1  2.10 0.90
  170 Y    -7  -7  -7  -8  -7  -6  -7  -8  -3  -6  -6  -7  -4   1  -7  -7  -7   1  10  -6    0   0   0   0   0   0   0   0   0   0   0   0   0   4   0   0   0   2  91   0  3.47 1.20
  171 Y    -7  -7  -5  -8  -7  -6  -7  -8  -4  -6  -4  -7  -6  -1  -7  -7  -7  -3  10  -5    0   0   1   0   0   0   0   0   0   0   2   0   0   1   0   0   0   0  93   1  3.52 1.21
  172 L    -4  -5  -5  -6  -5  -6  -6  -7   0   2   6  -5  -2  -2  -4  -5  -4  -5  -2  -1    1   0   1   0   0   0   0   0   2  10  76   1   0   1   1   1   1   0   1   3  1.52 0.64
  173 K    -5  -2   0   6  -7   5  -2  -5  -2  -6  -5   4  -5  -7  -4  -3  -4  -7  -4  -4    0   2   5  36   0  23   1   0   1   0   1  27   0   0   1   1   1   0   1   1  1.31 0.63
  174 F    -7  -4  -6  -7  -5  -4  -7  -7   4  -6  -5  -6  -6   1  -7  -6  -4  -2  10  -5    0   1   0   0   0   1   0   0   9   0   1   0   0   3   0   0   1   0  80   1  2.97 1.07
  175 Q    -4   3  -2  -4  -2   6  -1  -1   0  -6  -3   4  -2  -2  -4  -3  -4  -6  -2  -6    0  15   1   0   1  41   3   5   2   0   3  21   1   2   1   1   0   0   2   0  1.12 0.59
  176 N    -4  -5   9  -3  -7  -3  -5  -5  -1  -7  -7  -5  -5  -6   0  -2  -2  -4  -2  -7    1   0  81   1   0   1   0   0   2   0   0   0   0   0   5   2   3   0   1   0  2.37 0.95
  177 R     0   5   1   2  -5   0   0  -3  -2  -4  -2   2  -1  -5  -5  -2  -3  -6  -5   1    8  33   7  11   0   3   4   2   1   0   5  14   1   0   0   2   0   0   0  10  0.59 0.38
  178 R    -6   8  -5  -4  -9  -3  -5  -7  -5  -6  -6   3  -6  -8  -7  -5  -6  -8  -7  -8    0  81   0   1   0   1   0   0   0   1   0  16   0   0   0   0   0   0   0   0  2.57 1.00
  179 P     4  -2  -2  -1  -5  -2  -2   1  -3  -4  -3   0  -3  -6   5  -1  -2  -6  -4  -2   33   2   2   3   0   1   2  11   1   1   3   7   1   0  25   4   1   0   1   3  0.68 0.41
  180 E     0  -2   0   6  -6  -1   3  -3  -4  -6  -5   1  -4  -7  -5  -1  -3  -7  -3  -5    9   2   4  43   0   2  20   2   0   0   1   9   0   0   0   3   2   0   1   1  1.01 0.52
  181 Y    -6  -7  -7  -8  -8  -7  -7  -8   2  -7  -6  -7  -6   3  -8  -7  -7   0  10  -6    0   0   0   0   0   0   0   0   3   0   0   0   0  11   0   0   0   1  83   0  3.21 1.15
  182 I    -2  -6  -6  -7  -5  -6  -6  -7  -6   5   3  -6  -1   0  -6  -5  -2  -6  -4   4    2   0   0   0   0   0   0   0   0  34  24   0   1   4   0   0   2   0   0  31  1.16 0.52
  183 E     0  -1   2   3  -5   1   3  -3  -3  -5  -5   3  -3  -6  -4   1   0  -6  -5  -4    8   2  11  19   0   5  18   2   0   0   1  20   0   0   0   9   6   0   0   1  0.59 0.36
  184 T     5  -3   4   0  -4  -2  -1  -1  -2  -3  -5  -1  -4  -6  -5   1   0  -6  -5  -3   44   1  21   5   0   2   3   5   1   1   0   3   0   0   0   7   5   0   0   1  0.79 0.47
  185 F    -5  -7  -8  -8  -5  -7  -7  -7  -6   3  -2  -7  -3   7  -8  -7  -6   9   0   0    1   0   0   0   0   0   0   0   0  18   4   0   0  37   0   0   0  30   3   6  2.11 0.79
  186 W    -6  -6  -8  -9  -3  -6  -6  -8  -5  -2   0  -7   2   4  -5  -7  -4  11  -1  -2    0   0   0   0   1   0   0   0   0   3   9   0   5  17   1   0   1  58   1   4  2.79 0.99
  187 N    -2  -1   6   1  -6   1   1  -3   3  -6  -6   3  -4  -4  -4   0  -2  -7  -4  -6    3   2  37   8   0   5   8   2   7   0   0  20   0   1   0   6   2   0   0   0  0.93 0.50
  188 V    -3  -5  -7  -7  -2  -5  -6  -7  -1   4   3  -4  -1  -3  -6  -4  -2  -6  -4   5    1   1   0   0   1   0   0   0   1  18  28   1   1   0   0   1   2   0   0  45  1.15 0.54
  189 I    -1  -7  -7  -7  -4  -6  -7  -7  -7   5   0  -6  -1  -4  -7  -6  -3  -3  -5   6    6   0   0   0   0   0   0   0   0  34   7   0   1   0   0   0   1   0   0  51  1.52 0.65
  190 N    -6  -5   8   4  -3  -5  -4  -5  -1  -8  -8  -5  -7  -8  -6   0  -5  -8  -5  -8    0   0  67  24   1   0   0   0   1   0   0   0   0   0   0   6   0   0   0   0  2.19 0.89
  191 W    -9  -5 -10 -11  -9  -8  -9  -9  -9  -9  -8  -9  -3  -1 -10  -9  -9  13  -2  -9    0   1   0   0   0   0   0   0   0   0   0   0   1   2   0   0   0  95   1   0  5.13 1.57
  192 D    -1  -1   2   4  -6   1   3  -2   0  -5  -6   2  -5  -6   0   0  -1  -6  -5  -4    4   2  10  27   0   5  19   3   2   0   0  14   0   0   4   7   3   0   0   1  0.64 0.37
  193 E     0  -1   0   0  -3   1   2  -2  -1  -1  -3   1  -2   4  -4  -1   0  -1   1   0    9   3   5   6   0   7  17   2   1   2   1   8   1  19   0   2   5   1   5   7  0.26 0.23
  194 A     4  -6  -7  -7  -3  -6  -6  -6  -7   2  -3  -6  -2  -5  -2  -4  -4  -7  -6   6   28   0   0   0   0   0   0   0   0   8   1   0   1   0   2   0   0   0   0  59  1.46 0.68
  195 N     2  -3   3   0  -3   0   4  -1  -2  -5  -4  -3  -3  -5  -4   3  -1  -6  -3  -4   16   1  14   5   1   4  28   5   1   0   1   0   1   0   0  20   2   0   1   1  0.62 0.41
  196 K     1   2   0   0  -4   2   3  -3  -1  -4  -3   3  -1  -4  -4   0  -1  -3  -1  -3   11  10   4   5   0  10  20   1   1   0   3  17   1   0   0   7   4   0   2   2  0.37 0.27
  197 R    -5   7   4  -5  -2   0  -4  -6  -3  -3   0  -1  -3  -2  -6  -4  -4  -4  -2  -4    0  55  19   0   1   4   0   0   0   1   8   3   1   2   0   1   1   0   2   1  1.36 0.64
  198 F    -6  -7  -7  -8  -5  -6  -7  -8  -2  -3   3  -7  -1   5  -8  -6  -6  -1   8  -4    0   0   0   0   0   0   0   0   1   1  29   0   1  25   0   0   0   1  43   0  1.87 0.75
  199 D     2  -1   1   2  -4   2   4  -3  -2  -3  -2   1  -1  -5  -3   0  -1  -5  -4  -2   17   2   7  10   0   7  26   1   1   1   4   9   1   0   0   7   3   0   0   2  0.41 0.29
  200 A     3   0   0  -1  -3   2   3  -2  -2  -3  -3   3  -3  -4  -3   0   0  -3  -4  -3   25   5   4   3   0  10  17   2   1   1   2  17   0   0   0   7   4   0   0   1  0.41 0.29
  201 A     7  -5  -5  -6   2  -3  -5  -2  -6  -3  -5  -4  -2  -6  -4  -2  -3  -6  -6  -3   87   0   0   0   3   1   0   2   0   1   0   0   1   0   1   1   0   0   0   1  1.74 0.71
  202 K    -4   5  -3  -4  -6   3  -2  -5  -3  -6  -5   6  -4  -6  -4  -3  -4  -6  -5  -5    0  37   0   0   0  13   0   0   0   0   0  51   0   0   0   0   0   0   0   0  1.54 0.52

                      K         Lambda
Standard Ungapped    0.1322     0.3141
Standard Gapped      0.0621     0.2670
PSI Ungapped         0.2028     0.3175
PSI Gapped           0.0621     0.2670
