
Last position-specific scoring matrix computed, weighted observed percentages rounded down, information per position, and relative weight of gapless real matches to pseudocounts
            A   R   N   D   C   Q   E   G   H   I   L   K   M   F   P   S   T   W   Y   V   A   R   N   D   C   Q   E   G   H   I   L   K   M   F   P   S   T   W   Y   V
    1 M    -5  -6  -7  -8  -6  -5  -7  -7  -6  -3  -1  -6  11  -4  -7  -6  -5  -6  -5  -4    0   0   0   0   0   0   0   0   0   0   3   0  97   0   0   0   0   0   0   0  3.45 0.97
    2 L    -2  -3   0  -1  -5  -2  -3  -4  -5   1  -1  -3   8  -2  -5   1   2  -6  -4  -2    2   1   5   4   0   1   1   1   0   7   3   1  43   1   0  12  15   0   0   2  1.03 0.52
    3 E     0   0   2   1  -4   1   3  -1  -3  -3  -3   1  -4  -4  -1   2   1  -5  -3  -2    7   5   9   6   0   5  20   3   0   1   2   8   0   0   2  20   8   0   1   2  0.34 0.25
    4 N    -1  -2   3   2  -4   0   3  -1   1  -4  -3   1  -3  -3  -2   2   0  -5  -1  -3    3   1  16  10   0   3  21   3   3   1   2   8   1   1   2  18   5   0   2   2  0.42 0.28
    5 Y    -1  -2  -2  -3  -5  -2  -2  -4   1   0  -1  -3  -2   5   1  -1   0   1   5  -1    6   3   1   1   0   2   3   1   3   6   5   1   0  28   6   4   7   2  17   4  0.53 0.30
    6 K    -2   1  -2  -2  -4   1   2  -2   2  -1  -2   1  -2   0   1  -1  -1  -2   4  -2    3   9   1   2   0   6  15   2   5   4   4  10   1   3   6   5   3   0  17   3  0.29 0.22
    7 H    -9  -7  -6  -8 -10  -6  -7  -9  12 -10 -10  -8  -9  -8  -9  -8  -9  -9  -5 -10    0   0   0   0   0   0   0   0 100   0   0   0   0   0   0   0   0   0   0   0  4.71 1.57
    8 T    -2   1  -2  -3  -4   1   0  -6  -3   4  -1   1  -2  -3  -5  -3   2  -3  -1   3    3   7   2   1   0   7   7   0   1  23   5   8   0   0   0   1  14   0   2  19  0.44 0.31
    9 T    -4  -8  -8  -8  -9  -6  -7  -7  -8  -9  -9  -7  -9 -10   8   2   0 -10  -9  -8    2   0   0   0   0   0   0   0   0   0   0   0   0   0  80  12   6   0   0   0  2.78 1.16
   10 V    -4  -9  -9 -10  -7  -9  -9  -9 -10  -2  -5  -9  -5  -7  -9  -8  -6  -9  -7   8    2   0   0   0   0   0   0   0   0   1   0   0   0   0   0   0   0   0   0  97  2.95 1.14
   11 L    -7  -8  -9 -10  -5  -7  -9  -9  -8  -4   6  -8   8  -4  -9  -8  -7  -8  -7  -5    0   0   0   0   0   0   0   0   0   0  67   0  31   1   0   0   0   0   0   0  2.41 1.00
   12 L    -1  -1  -5  -7  -1  -4  -4  -4  -3  -1   5  -2   0  -2  -1  -3  -2  -2  -1   2    6   3   0   0   1   1   1   1   1   2  51   3   1   1   4   1   3   1   2  16  0.76 0.44
   13 D     0   2   2   3  -6   2   3  -3   2  -5  -6   2  -5  -6  -3  -1  -1  -5  -4  -5    6  10  11  14   0   9  19   2   4   0   0  14   0   0   1   4   3   0   0   1  0.58 0.37
   14 E    -2  -2  -6  -3  -9   0   8  -7  -5  -8  -8  -2  -8  -9  -3  -4  -4  -9  -8  -7    3   3   0   1   0   4  81   0   0   0   0   2   0   0   2   1   1   0   0   0  2.24 1.01
   15 A     1  -7  -7  -7   2  -6  -7  -6  -7   1  -3  -7  -2  -3  -7   0   2  -8  -6   6   12   0   0   0   4   0   0   0   0   5   2   0   1   1   0   7  12   0   0  55  1.29 0.64
   16 V    -3  -6  -8  -7  -1  -6  -6  -6  -6   5   4  -6   1  -4  -7  -6  -3  -7  -5   4    2   0   0   0   1   0   0   0   0  28  37   0   3   0   0   0   2   0   0  25  1.23 0.57
   17 N     0   0   0   4  -6   1   4  -2   1  -6  -5   0  -5  -3  -5   1  -1  -4  -4  -5    9   5   5  19   0   6  30   2   3   0   1   4   0   1   0  10   4   0   0   0  0.66 0.42
   18 G     2  -4  -1  -5   0  -3  -4   1   1  -2   1  -4  -1   3  -5  -1  -2   3   4  -2   18   1   3   0   2   1   1  11   4   2  16   1   2  11   0   5   2   4  14   3  0.42 0.30
   19 L    -5  -8  -9  -9  -6  -6  -8  -9  -8  -1   7  -8   1   1  -8  -7  -6  -1  -6  -2    1   0   0   0   0   0   0   0   0   2  83   0   3   6   0   0   0   1   0   2  2.02 0.85
   20 N     2   1   4   1  -2   1   0  -2  -1   0  -3   0  -3  -4  -3   0  -2  -6  -3   0   17   8  18   9   1   7   4   3   1   6   2   5   0   1   1   7   1   0   0   7  0.28 0.24
   21 I    -2  -5  -4  -3  -1  -5  -4  -4  -3   3   1  -4  -3  -5   6  -3   1  -3  -5   1    3   0   1   2   2   0   1   2   1  17  11   1   0   0  37   2   9   0   0  11  0.93 0.51
   22 R     0   4   0   1  -2   2   0  -2   0  -2  -3   3  -4  -4  -3  -1  -2  -5  -4  -1    8  19   4   9   1  10   7   3   2   2   2  21   0   0   1   3   2   0   0   5  0.41 0.30
   23 S     0   0  -1   0  -4   0   1  -3  -3  -4  -6   2  -6  -6   6   0  -2  -7  -7  -4    7   5   3   5   0   4   9   2   0   1   1  10   0   0  41   7   2   0   0   1  0.95 0.52
   24 G    -2  -2   3   3  -3  -3  -1   5  -1  -5  -6  -1  -5  -6  -3  -1  -3  -7  -6  -5    3   2  12  15   1   1   5  45   1   1   1   4   0   0   2   5   1   0   0   1  0.95 0.50
   25 G    -1  -1  -2   0  -7   1   0   6  -3  -6  -4   1   0  -5  -5  -2  -4  -5  -5  -6    5   3   1   6   0   5   7  52   1   0   2   9   2   0   1   2   1   0   0   0  1.00 0.52
   26 I    -3   1  -1  -4   0  -4  -5  -5  -1   4   0  -2  -2  -2  -4  -3   2   2  -3   4    1   9   4   1   2   0   0   0   2  23   9   2   1   2   1   2  15   3   0  25  0.58 0.36
   27 Y    -4  -7  -8  -8  -2  -7  -8  -8  -2   2  -2  -7  -1   4  -8  -6  -6   2   8   2    2   0   0   0   1   0   0   0   1  10   4   0   1  16   0   0   0   2  50  13  1.83 0.78
   28 I    -3  -7  -8  -8  -2  -7  -8  -8  -8   4   2  -7  -2  -1  -7  -7  -5  -1  -4   6    2   0   0   0   1   0   0   0   0  23  21   0   1   2   0   0   0   1   0  49  1.51 0.66
   29 D    -8  -8  -5   9 -10  -7  -5  -8  -8 -10 -10  -7 -10 -10  -8  -7  -8 -11 -10 -10    0   0   0  99   0   0   0   0   0   0   0   0   0   0   0   0   0   0   0   0  3.49 1.31
   30 G     4  -7  -6  -7   7  -6  -6   4  -7  -6  -2  -6   0  -5  -6  -4  -4  -7  -7  -2   36   0   0   0  19   0   0  33   0   0   4   0   2   0   0   0   1   0   0   3  1.43 0.67
   31 T    -6  -7  -4  -7  -7  -7  -7  -8  -8  -7  -7  -7  -7  -8  -7  -4   9  -8  -8  -6    0   0   1   0   0   0   0   0   0   0   0   0   0   0   0   0  97   0   0   0  3.14 1.27
   32 F    -1  -6  -7  -7  -2  -6  -6  -6  -6   1   4  -6  -1   5  -7  -5  -3  -5   0   3    5   0   0   0   1   0   0   0   0   7  38   0   1  25   0   0   1   0   3  18  1.07 0.50
   33 G    -6  -8  -3  -4  -8  -7  -7   8  -7  -9  -9  -7  -8  -8  -7  -6  -7  -8  -8  -8    0   0   1   1   0   0   0  96   0   0   0   0   0   0   0   0   0   0   0   0  2.88 1.08
   34 R     2   2  -3  -1  -1  -3  -1   5  -3  -5   0  -4   1  -1  -5  -1  -1  -4  -2  -4   14  11   1   4   1   1   4  38   0   0  10   0   3   2   0   4   3   0   1   0  0.57 0.36
   35 G     1  -7  -6  -7  -6  -7  -7   8  -7  -8  -8  -7  -6  -8  -7  -4  -7  -7  -8  -8    9   0   0   0   0   0   0  88   0   0   0   0   0   0   0   1   0   0   0   0  2.53 0.98
   36 G    -5  -7  -5  -6  -8  -7  -6   8  -6  -8  -8  -7  -8  -8  -7  -4  -7  -8  -8  -8    0   0   0   0   0   0   1  95   0   0   0   0   0   0   0   1   0   0   0   0  2.80 1.06
   37 H    -7  -7  -6  -8  -7  -6  -7  -8  11  -9  -8  -7  -8  -5  -8  -7  -7  -5   3  -8    0   0   0   0   0   0   0   0  86   0   0   0   0   0   0   0   0   0  10   0  3.93 1.40
   38 S     4  -6  -5  -6  -3  -5  -5  -4  -6  -5  -4  -5  -4  -4  -6   5   4  -7  -6  -5   30   0   0   0   1   0   0   1   0   0   2   0   0   1   0  41  23   0   0   0  1.36 0.74
   39 R     0   4  -3  -3  -3   1   3  -3  -2  -2   0   2  -3  -2  -5   0  -2  -5  -2  -2    9  22   1   1   0   5  22   2   1   3  10  10   0   2   0   6   2   0   1   2  0.46 0.34
   40 L     5   0  -4  -5  -2  -1   3  -1  -1  -4   0  -1  -2  -4  -5  -2  -3  -6  -3  -3   47   5   1   0   1   2  18   4   1   1  10   4   1   0   0   2   1   0   1   1  0.79 0.50
   41 I    -6  -8  -8  -8  -6  -7  -7  -8  -8   7   3  -7   1   1  -8  -7  -5  -5  -5   0    0   0   0   0   0   0   0   0   0  61  26   0   3   5   0   0   0   0   0   4  1.85 0.76
   42 L    -1  -7  -8  -8  -1  -6  -8  -5  -6  -2   7  -7  -1  -2  -8  -5  -6  -3  -4  -2    6   0   0   0   2   0   0   1   0   2  82   0   1   1   0   1   0   0   1   2  1.81 0.79
   43 S     0   1   1   1  -4   2   4  -2  -3  -5  -5   3  -4  -6  -4   1  -2  -6  -5  -5    7   7   5   7   0   7  30   2   0   0   1  16   0   0   1  11   2   0   0   0  0.65 0.42
   44 Q     2   5  -1  -3  -2   2  -1  -4   2  -4  -2   3  -1  -4  -4  -1  -2  -4  -3  -2   19  27   3   1   1   7   3   1   4   1   4  15   2   1   0   4   3   0   1   3  0.57 0.36
   45 L    -1  -3  -3  -3   1  -3  -3  -2  -1   3   3  -3   1   0  -3   0   0  -3  -1   0    5   1   1   1   3   1   1   3   2  14  34   1   3   4   1   9   7   0   2   6  0.37 0.22
   46 G     1  -1   2   0  -3  -1  -1   4  -1  -3  -2  -1  -2  -3   0   2  -1  -4  -2  -3   10   3   8   6   0   3   4  27   1   1   4   3   1   1   5  16   3   0   1   2  0.34 0.21
   47 P    -1  -2  -2   0  -3  -1   1  -1  -1  -5  -5   1  -5  -5   6   1  -1  -5  -4  -4    6   2   2   5   1   2   9   5   1   1   1   7   0   0  40  10   4   0   1   1  0.89 0.46
   48 E    -1   0   2   3  -4   1   1   3   0  -3  -4   1  -2  -4  -3   1   0  -4  -3  -4    4   4  10  14   0   5  10  19   2   1   1   9   1   1   1   8   7   0   1   1  0.35 0.25
   49 G     2  -4  -3  -5   3  -6  -5   6  -6  -2  -2  -6  -5  -5  -5  -2  -3  -5  -7  -1   15   1   1   0   6   0   1  57   0   3   4   0   0   1   0   3   2   0   0   5  1.24 0.60
   50 R    -4   5  -2  -4  -2   1  -1  -5   1  -2  -1   3   0  -2  -5  -1   1  -4  -3  -2    1  33   2   1   1   5   4   0   4   3   6  18   2   2   0   4  10   0   1   4  0.68 0.41
   51 L    -4  -7  -8  -8  -3  -7  -8  -8  -8   1   5  -7  -2  -1  -8  -7  -6  -7  -2   5    1   0   0   0   0   0   0   0   0   7  52   0   0   3   0   0   0   0   2  33  1.50 0.68
   52 L    -5  -7  -7  -8  -4  -7  -7  -8  -7   6   3  -7  -2   1  -7  -6  -3   0   2   2    0   0   0   0   0   0   0   0   0  42  26   0   1   5   0   0   1   1   8  13  1.32 0.59
   53 A     4  -7  -6  -7   2  -7  -7   6  -7  -6  -6  -6  -6  -8  -7  -1  -6  -8  -8  -2   32   0   0   0   3   0   0  56   0   0   1   0   0   0   0   4   0   0   0   3  1.68 0.77
   54 I    -5  -7  -6  -8   0  -7  -8  -8  -7   6   3  -7   1   4  -8  -6  -3  -6  -4   0    1   0   0   0   2   0   0   0   0  42  25   0   3  18   0   0   1   0   0   6  1.40 0.61
   55 D    -7  -8  -5   9 -10  -7  -1  -8  -7  -9 -10  -7  -9 -10  -8  -7  -7 -10  -9  -9    0   0   0  95   0   0   3   0   0   0   0   0   0   0   0   0   0   0   0   0  3.28 1.26
   56 R    -1   6  -5  -6  -1   4  -4  -5  -3  -3  -1   1  -3  -7  -7  -5  -4   4  -6  -1    5  45   0   0   2  17   1   1   0   1   7   9   1   0   0   0   1   5   0   5  1.23 0.64
   57 D    -8  -8  -3   9 -10  -7  -5  -8  -6 -10 -10  -7 -10 -10  -8  -6  -8 -11 -10 -10    0   0   1  98   0   0   0   0   0   0   0   0   0   0   0   0   0   0   0   0  3.41 1.29
   58 P     0  -1  -4  -1  -5   0   2  -3  -2  -1  -3   0  -4  -5   6   0  -2  -4  -4  -3    7   4   1   3   0   4  12   2   1   4   3   5   0   0  42   6   3   0   1   2  0.92 0.51
   59 Q     1   0   0   4  -5   2   4  -3  -1  -5  -3  -2  -2  -4  -5   0   0  -4  -2  -2   11   4   3  19   0   9  29   2   1   0   2   2   1   1   0   6   5   0   2   3  0.58 0.39
   60 A     7  -7  -2  -7  -6  -5  -6  -5  -6  -2  -4  -6   1  -7  -6   0  -2  -6  -7  -1   77   0   3   0   0   1   0   0   0   3   1   0   3   0   0   5   3   0   0   4  1.75 0.83
   61 I    -4  -3  -7  -7  -3  -3  -4  -8  -1   5   4  -4  -2  -2  -6  -5  -4  -4  -2   2    1   2   0   0   0   2   2   0   2  35  39   1   0   2   0   0   1   0   1  12  1.15 0.53
   62 E     3   1   0   1  -5   1   3  -2  -2  -4  -3   2  -2  -4  -3   0  -1  -6  -5  -3   24   7   5   7   0   6  22   2   1   1   2  11   1   1   1   5   3   0   0   2  0.44 0.33
   63 A     1   3   0  -3  -1  -1   0  -3   1   1   0  -1  -1   1  -4  -1  -1  -2   1   0   14  16   5   1   1   3   5   1   4  10  10   4   1   6   0   3   4   1   6   5  0.14 0.16
   64 A     6  -6  -4  -6   2  -6  -5   0  -5  -5  -2  -6  -5  -1  -6   1  -1  -7  -5  -1   64   0   1   0   4   0   0   7   0   0   4   0   0   3   0   8   3   0   0   4  1.29 0.66
   65 K     0   5  -1  -3  -3   2   1  -1   0  -5  -5   4  -4  -6  -5   0  -1  -6  -5  -5    6  25   2   1   1   9   9   5   2   0   1  25   0   0   0   8   3   0   0   0  0.73 0.43
   66 A     3   1  -1  -1  -6   2   3  -3  -3  -3  -4   3  -3  -4  -4  -1  -2  -6  -5  -3   21   8   3   4   0   9  21   2   0   1   2  20   0   1   0   4   2   0   0   1  0.56 0.38
   67 I    -2   5  -2  -2  -3  -1  -1  -4  -2   1   1   1  -1  -1   1  -2  -2  -3  -3  -2    3  35   2   2   0   2   3   1   1   7  16   8   1   2   6   3   2   0   1   3  0.54 0.35
   68 D    -1  -4  -1  -2  -6  -2  -1  -3  -2  -2   2  -2  -3   6  -4  -1  -4  -2   4  -3    5   1   3   3   0   2   4   2   1   2  19   2   0  34   1   5   0   0  13   1  0.80 0.44
   69 D     0  -1  -1   3  -6   0   2   4  -2  -6  -5   2  -5  -6  -2   0  -3  -6  -6  -6    9   3   3  18   0   4  12  26   1   0   1  12   0   0   2   8   1   0   0   0  0.59 0.37
   70 S    -1  -3   2   4  -1  -1   2   2  -3  -6  -5   1  -5  -6   2   2  -2  -7  -6  -4    5   1   8  22   2   2  11  15   0   0   1   9   0   0   9  13   1   0   0   1  0.54 0.36
   71 R    -4   8   3  -5  -5   1  -3  -5  -1  -7  -6   0  -7  -8  -5  -2  -4  -5  -3  -7    2  63  12   0   0   6   2   1   1   0   0   5   0   0   1   3   1   0   1   0  1.76 0.80
   72 F    -1  -6  -6  -7   0  -6  -7  -7  -5   2   2  -5  -1   5  -7  -5  -2  -2   0   5    5   0   0   0   2   0   0   0   0  10  18   1   1  23   0   1   2   0   2  33  1.01 0.49
   73 S    -2   2  -1  -2  -2   1   1  -4   2   2  -1   1   0  -1  -4   0   2  -3  -2   1    1  13   3   2   1   5   8   0   5  11   5  10   2   2   0   7  16   0   1   8  0.23 0.22
   74 I    -1  -6  -7  -7  -3  -6  -7  -5  -4   3   4  -6  -1   4   0  -5  -3  -3  -1   1    6   0   0   0   0   0   0   1   0  16  41   0   1  17   5   0   2   0   2   8  0.91 0.46
   75 I    -1   0  -4  -6  -1  -3  -2  -5   1   3   0  -2  -1   2  -6  -4  -3  -1   0   5    5   5   0   0   1   1   2   1   4  18   9   3   1   8   0   1   1   1   3  36  0.66 0.37
   76 H    -4   2   3  -4  -1   4   0  -6   8  -6  -2   1  -5  -5  -2  -4  -4  -4  -2  -5    1  12  12   0   2  15   5   0  32   0   4   8   0   0   2   1   1   0   1   1  1.17 0.60
   77 G     2  -1  -2   2  -1  -2  -1   4  -4  -4  -5  -3  -4  -5  -5   2   0  -5  -5  -4   19   3   2  13   1   1   5  33   0   1   1   1   0   0   0  13   5   0   0   1  0.66 0.40
   78 P    -4   2   7   1   0  -3  -3  -3  -1  -7  -6  -1  -7  -6  -1   2  -1  -2  -7  -5    1  10  48   7   2   1   1   2   1   0   1   3   0   0   3  14   4   1   0   1  1.22 0.63
   79 F    -8  -9  -8  -8  -9  -8  -9  -9  -2  -6  -5  -9  -4   9 -10  -6  -6  -2   5  -6    0   0   0   0   0   0   0   0   1   0   0   0   0  78   0   1   0   0  16   0  3.04 1.13
   80 S     2   3  -3   0  -2  -3  -1   1  -3  -4  -5   1  -4  -6  -5   4  -1  -3  -4  -2   19  17   0   6   1   0   3   9   0   1   0   7   0   0   0  28   3   0   0   3  0.59 0.41
   81 A    -2   0   4   4  -3   2   3  -3   3  -7  -6  -1  -4  -3  -5  -1  -2  -6   0  -6    3   5  19  23   1   8  17   2   6   0   0   4   0   1   0   5   2   0   3   0  0.75 0.43
   82 M    -1  -7  -7  -8  -5  -6  -7  -7  -7   4   5  -7   5   0  -7  -5  -5  -4  -3   0    6   0   0   0   0   0   0   0   0  22  49   0  11   4   0   0   0   0   1   5  1.28 0.57
   83 A     1   0  -1   3  -2   0   2   1  -2  -4  -3   2  -3  -4   2   0  -1  -4  -3  -3   12   6   2  14   1   3  13   9   1   1   3  14   0   0   9   5   3   0   1   2  0.29 0.23
   84 D     0   2   1   2  -4   2   3  -2  -1  -4  -3   2  -4  -4  -2   0  -1  -4  -4  -3    8  11   6   9   0   9  20   3   1   1   3  12   0   1   1   8   4   0   0   2  0.37 0.27
   85 Y     0  -2  -4  -5  -2  -4  -3  -5   1   4   2  -3  -1   1  -5  -3  -2   0   1   3    7   2   1   0   1   1   2   1   4  27  15   1   1   5   0   1   2   2   5  22  0.58 0.32
   86 V     1  -4  -6  -6   1  -5  -6  -6  -5   1   5  -5   1  -1  -5  -4  -2  -2  -3   1   13   1   0   0   3   0   0   0   0   6  53   0   4   2   0   1   2   1   1  10  0.94 0.47
   87 A     2   2   0   2  -5   1   2  -2   0  -4  -3   2  -2  -3  -1   1  -1  -5  -2  -3   16  12   3  10   0   6  12   3   2   1   2  12   1   1   2   8   4   0   2   2  0.28 0.22
   88 E     1   1   0   1  -5   2   4  -1  -1  -4  -3   1  -2  -3  -2   1  -1  -3  -1  -3   10   7   4   7   0   7  24   6   1   1   2   9   1   1   2   9   4   0   2   2  0.31 0.24
   89 L     0   0   1  -2  -2   0   0  -3   3   0   3  -1   1   0  -4  -1  -2   0   1  -1    9   6   6   1   1   5   7   1   7   4  27   2   3   4   1   3   1   1   5   5  0.20 0.17
   90 G    -1  -2   2   0  -4  -1  -1   5   0  -5  -5   1  -4  -4  -1  -1  -3  -5  -4  -5    4   2  10   6   0   3   4  48   2   1   1   7   0   1   3   5   1   0   1   1  0.84 0.41
   91 L    -2  -2  -4  -3  -2  -2  -3  -3  -2   5   1  -2   0   3  -2  -3  -3   3   0   2    3   2   1   1   1   2   1   2   1  28  14   2   2  12   2   2   1   4   2  16  0.52 0.26
   92 T    -1   0  -1   1  -2   0   2  -1   0  -1  -2   1  -2  -1   2   1   1  -3  -1  -2    5   5   3   9   1   4  14   4   2   3   4   8   1   2  10  10  10   0   2   3  0.16 0.13
   93 G     1   0   1   0  -1  -1   0   3  -1  -2  -1   0  -2  -1   1  -1  -1  -1  -1  -1   13   4   7   4   1   3   5  24   1   2   6   5   1   2   6   4   3   1   3   3  0.17 0.09
   94 Q    -1   2  -1  -2  -4   2   1  -2   0  -3  -2   3  -2  -3   2   1   0  -4  -3  -2    5  10   2   1   0   9   8   4   2   1   3  20   1   1  11  13   5   0   1   2  0.34 0.22
   95 I     0  -5  -5  -4  -1  -6  -6  -6  -5   4   0  -6  -1   2  -2  -5  -4  -2  -3   6    7   0   0   1   1   0   0   0   0  19   8   0   1   7   2   0   1   1   1  48  1.10 0.50
   96 D    -3  -3   2   7  -7  -1  -3  -2   1  -7  -6  -4  -5  -7  -6   0  -3  -5  -5  -6    3   2   8  63   0   3   1   3   4   0   1   1   0   0   0   8   2   0   1   0  1.65 0.73
   97 G     1  -3  -5  -7  -3  -7  -7   7  -6  -5  -5  -3  -5  -4  -7  -4  -6  -8  -7  -5   12   2   0   0   1   0   0  77   0   1   1   1   0   1   0   1   0   0   0   1  1.98 0.82
   98 V     0  -7  -8  -6  -3  -7  -7  -7  -8   7   0  -7   1   1  -7  -7  -5  -5  -6   4    7   0   0   0   1   0   0   0   0  50   8   0   3   5   0   0   0   0   0  26  1.51 0.64
   99 L    -5  -7  -8  -8  -4  -7  -8  -8  -8   1   6  -7   0   0  -8  -7  -5  -7  -4   2    1   0   0   0   0   0   0   0   0   6  73   0   2   4   0   0   0   0   1  12  1.69 0.72
  100 L     2  -7  -7  -5  -4  -6  -7  -5  -6  -1   4  -7   3   6  -7  -6  -6  -4   0  -2   16   0   0   1   0   0   0   1   0   3  37   0   7  28   0   0   0   0   3   3  1.17 0.56
  101 D    -8  -8  -5   9  -9  -7  -4  -8  -7  -9 -10  -7  -9  -9  -8  -7  -7 -10  -9  -6    0   0   0  98   0   0   0   0   0   0   0   0   0   0   0   0   0   0   0   1  3.39 1.25
  102 L    -4  -7  -8  -9  -3  -7  -8  -6  -8   1   7  -8  -3   0  -8  -8  -6  -5  -6  -2    1   0   0   0   1   0   0   1   0   7  84   0   0   4   0   0   0   0   0   2  2.01 0.82
  103 G    -6  -8  -6  -7  -8  -8  -8   8  -8  -9  -9  -7  -8  -9  -8  -6  -8  -8  -9  -9    0   0   0   0   0   0   0  99   0   0   0   0   0   0   0   0   0   0   0   0  3.08 1.14
  104 V    -3  -7  -8  -8   0  -7  -7  -7  -7   3   2  -7   2   1  -5  -6  -3   0  -3   6    2   0   0   0   2   0   0   0   0  12  19   0   4   5   1   0   1   1   1  51  1.29 0.59
  105 S    -4  -4  -2  -7  -1  -6  -7  -5  -7  -9  -9  -7  -8  -9  -7   8  -5  -9  -8  -8    1   1   2   0   1   0   0   1   0   0   0   0   0   0   0  94   0   0   0   0  2.70 1.17
  106 S    -4  -3  -4  -7  -7  -5  -6  -5  -5  -7  -5  -6  -1  -7  -7   8   0  -4  -5  -6    1   1   1   0   0   0   0   1   0   0   1   0   2   0   0  86   5   0   0   0  2.29 1.05
  107 P    -2  -1  -3   0  -6  -3  -3  -5   5  -2   0  -4   5   3   3  -4  -3   1   3  -2    4   4   1   6   0   1   2   0  12   2  10   1  15  11  15   1   1   2   9   2  0.65 0.39
  108 Q    -6  -6  -6  -6 -10   9  -2  -9   4 -10  -6  -5  -4 -10  -8  -7  -6  -9  -8  -8    1   0   0   0   0  86   2   0   8   0   1   0   0   0   0   0   0   0   0   0  3.11 1.28
  109 L    -6  -8  -9  -9  -7  -8  -8  -9  -8   4   6  -8   0   2  -8  -8  -6  -7  -3   0    0   0   0   0   0   0   0   0   0  22  62   0   2   9   0   0   0   0   1   4  1.66 0.70
  110 D    -1  -5   0   7  -8  -1   2  -5  -6  -7  -4  -1  -6  -6  -6  -3  -3  -6  -8  -6    6   0   3  64   0   2  13   1   0   0   2   4   0   0   0   1   2   0   0   1  1.71 0.76
  111 D    -2   0   2   5  -2   2   2  -3  -1  -4  -4  -1  -3  -4  -5   1   2  -5  -5  -2    4   5   9  28   1   9  14   2   1   1   1   3   0   1   0   8  11   0   0   3  0.58 0.37
  112 P     4  -2  -4  -3  -6  -3   0   0  -4  -6  -5  -2  -5  -5   5   2  -3  -6  -6  -4   28   2   0   2   0   1   5   7   0   0   1   3   0   0  32  15   1   0   0   1  0.97 0.55
  113 E     0  -1  -1   2  -6   0   5   2  -2  -5  -5   0  -4  -6  -4   1  -2  -7  -5  -5    7   3   3  11   0   4  35  14   1   0   1   6   0   0   1  10   3   0   0   0  0.67 0.42
  114 R    -6   9  -7  -8 -10  -5  -6  -7  -5  -8  -6  -1  -5  -9  -8  -6  -7  -9  -3  -9    1  91   0   0   0   0   0   0   0   0   1   3   0   0   0   0   0   0   1   0  3.03 1.17
  115 G    -6  -9  -7  -8  -9  -8  -8   8  -8 -10 -10  -8  -9  -9  -8  -7  -8  -9  -9  -9    0   0   0   0   0   0   0  99   0   0   0   0   0   0   0   0   0   0   0   0  3.15 1.17
  116 F    -9 -10 -10 -10  -6 -10 -10 -10  -8  -4  -2 -10  -3  10 -10  -9  -9  -6  -4  -7    0   0   0   0   0   0   0   0   0   1   4   0   1  95   0   0   0   0   0   0  3.61 1.26
  117 S    -1  -5  -5  -7  -7  -6  -7  -4  -7  -9  -9  -7  -6  -9  -7   8  -2  -9  -8  -8    4   1   0   0   0   0   0   2   0   0   0   0   0   0   0  90   2   0   0   0  2.53 1.13
  118 F    -8  -9  -9 -10  -6  -9  -9  -9  -2  -2  -2  -9  -4   9 -10  -8  -5  -2   5  -5    0   0   0   0   0   0   0   0   1   3   4   0   0  73   0   0   1   0  16   1  2.77 1.03
  119 M    -2   5  -1  -2  -6   4  -3  -4   0  -3   0   0   4  -5  -6   1  -2  -5  -4  -4    3  30   3   2   0  19   1   1   2   1   9   6   9   0   0   9   2   0   0   1  0.75 0.47
  120 R     0   3   0  -2  -5   1   0  -2   3  -3  -2   3  -2   1  -4   0  -1  -2   0  -2    8  15   5   2   0   7   5   3   7   1   5  18   1   7   0   7   3   0   3   3  0.27 0.22
  121 D    -3  -4   2   7  -6  -3   3  -4  -2  -6  -7  -4  -7  -7  -1  -1  -4  -9  -8  -7    3   1   9  56   0   1  17   1   1   0   0   1   0   0   4   5   1   0   0   0  1.54 0.71
  122 G     2  -6  -5  -3  -4  -4   2   6  -5  -8  -7  -5  -6  -8  -7  -1  -3  -8  -7  -5   18   0   0   1   0   1  13  59   0   0   0   0   0   0   0   5   1   0   0   1  1.50 0.70
  123 P    -3  -2  -6  -3  -7  -6  -2  -7  -4  -7  -5  -2  -6  -4   8  -4  -6 -10  -8  -6    3   2   0   2   0   0   3   0   1   0   1   2   0   1  81   1   0   0   0   1  2.59 1.08
  124 L    -6  -8 -10 -10  -7  -8  -9 -10  -9  -1   7  -9  -4  -4  -9  -9  -7  -8  -7  -3    0   0   0   0   0   0   0   0   0   2  95   0   0   1   0   0   0   0   0   1  2.52 0.99
  125 D    -7  -7  -3   9 -10  -7  -5  -7  -6  -5  -6  -4  -9 -10  -8  -5  -7 -10  -8  -8    0   0   1  93   0   0   0   0   0   1   1   1   0   0   0   1   0   0   0   0  3.08 1.18
  126 M    -7  -7  -9 -10  -8  -7  -9 -10  -9  -6  -2  -8  11  -6  -9  -9  -8  -8  -8  -6    0   0   0   0   0   0   0   0   0   0   4   0  95   0   0   0   0   0   0   0  4.28 1.50
  127 R    -7   9  -6  -7 -10  -4  -7  -7  -7  -9  -9  -4  -8  -9  -9  -6  -2  -9  -8  -7    0  94   0   0   0   1   0   0   0   0   0   0   0   0   0   1   3   0   0   0  3.18 1.22
  128 M    -6  -7  -9  -9  -8  -7  -8  -9  -8  -2   0  -8  10   4  -9  -7  -7  -7   1  -5    0   0   0   0   0   0   0   0   0   2   9   0  67  16   0   0   0   0   5   0  2.89 1.10
  129 D    -5  -6   4   7  -5  -4  -3   1  -5  -8  -9  -6  -8  -8  -7   0  -5  -9  -8  -7    1   0  16  62   0   1   2   9   0   0   0   0   0   0   0   8   0   0   0   0  1.90 0.82
  130 P    -1   3  -1  -2  -3   3  -2  -2  -4  -3  -3   1  -3  -5   5   0   1  -6  -4  -3    6  14   3   2   1  15   1   3   0   1   2   9   1   0  25   6   8   0   1   2  0.61 0.38
  131 T    -2   2   2   2  -4   0   1   0  -1  -5  -5  -1  -3  -4  -5   3   3  -4  -4  -4    3   9   7  11   0   4   8   6   1   1   1   3   1   1   0  25  17   0   0   1  0.50 0.36
  132 R     1   1   0   0  -2   4   1   0   0  -2  -1   0  -2  -4  -3   1   0  -4  -3  -2   11   9   4   4   1  20   9   7   2   2   6   5   1   0   1  13   4   0   0   2  0.28 0.24
  133 G    -1  -2  -1   1  -4   0   1   5  -4  -4  -5   1  -3  -5   2   0   0  -5  -3  -5    4   2   3   6   0   3   8  39   0   1   1   7   1   0   9   6   5   0   1   1  0.62 0.37
  134 S    -2   0  -3  -3  -4   0   1  -4  -2   2   3   0   2  -1   2  -4   0  -4  -3   1    2   6   1   1   0   4  10   1   1  10  26   5   5   2  10   0   5   0   1  10  0.30 0.24
  135 S    -5  -3  -1  -2  -3  -5  -6  -6  -7  -6  -7  -3  -4  -8   0   4   7  -8  -7  -6    0   2   3   3   1   0   0   0   0   0   0   2   0   0   5  24  59   0   0   0  1.69 0.84
  136 A     7  -8  -8  -8  -3  -7  -7  -6  -8  -7  -3  -7  -7  -8  -7  -4  -5  -9  -8  -3   94   0   0   0   1   0   0   0   0   0   3   0   0   0   0   0   0   0   0   2  2.54 1.07
  137 A     5   0  -4  -4  -3  -2   1  -2   0  -4  -3   0  -2  -1  -5   1  -3   0   2  -4   43   5   1   1   1   2  11   3   2   0   3   5   1   3   0  10   1   1   8   1  0.63 0.42
  138 E    -2  -2  -2   6  -8   1   4  -5  -1  -5  -7  -1  -4  -5  -6  -3   0  -5  -1  -5    3   2   1  42   0   7  26   1   2   1   0   4   0   0   0   2   6   0   2   1  1.20 0.61
  139 W    -5  -5  -8  -8  -6  -7  -8  -8  -8   5   3  -6  -2   1  -8  -7  -5   6  -2   4    1   1   0   0   0   0   0   0   0  30  30   0   0   5   0   0   0  10   1  23  1.36 0.60
  140 L    -6  -8  -8  -9  -6  -8  -8  -9  -8   4   4  -8  -2  -5  -8  -7  -5  -8  -6   6    0   0   0   0   0   0   0   0   0  20  33   0   0   0   0   0   0   0   0  46  1.68 0.72
  141 M     1  -1   8  -2  -8  -1  -1  -6  -2  -9  -7  -2  -3  -7  -8  -3  -5  -9  -5  -7   13   3  68   2   0   3   4   0   1   0   1   3   1   0   0   1   0   0   0   0  2.00 0.88
  142 K    -2   2   2   0  -4   1   2   0   1  -5  -5   1  -5  -4  -5   1   3  -6  -2  -4    3  11  10   5   0   6  12   7   4   0   0   6   0   1   0  12  20   0   1   1  0.43 0.33
  143 A     2  -3  -5  -6  -2  -5  -4  -5  -4  -1   2  -5   1   1  -7  -1  -1   6   6  -1   17   2   0   0   1   0   1   0   0   4  21   0   3   5   0   4   3  12  23   4  0.86 0.47
  144 E    -3  -3   0   3  -5  -3   1  -2  -4  -7  -7  -2  -6  -7   3   5   1  -8  -6  -6    2   2   4  17   0   1   7   3   0   0   0   3   0   0  14  37   8   0   0   0  0.90 0.54
  145 A     0  -2  -5  -2  -5   1   7  -5  -3  -4  -2  -1  -4  -2  -2  -3  -4  -1  -1  -1    7   2   0   1   0   6  58   1   0   1   4   4   0   2   2   1   1   1   2   5  1.16 0.63
  146 D     0   2   0   2  -6   1   4  -1   0  -5  -5   2  -4  -4  -3   0  -1  -5  -3  -4    9  10   4  12   0   5  25   5   2   0   0  14   0   1   1   6   3   0   1   1  0.49 0.33
  147 D    -1  -2  -2   3  -8   2   6  -5  -3  -7  -6   0  -4  -8  -5  -2  -1  -8  -7  -5    5   2   1  16   0   8  52   1   1   0   1   5   0   0   0   3   4   0   0   1  1.26 0.64
  148 I    -7  -8  -9  -9  -7  -8  -9 -10  -9   3   7  -8   0  -4  -9  -8  -7  -8  -7  -4    0   0   0   0   0   0   0   0   0  16  82   0   1   0   0   0   0   0   0   1  2.17 0.88
  149 V     5   0  -4  -4  -3  -2   2  -2  -3  -1  -4  -1  -3  -4  -5   0   1  -5  -1   0   47   4   0   1   0   1  11   2   1   4   2   3   1   0   0   6   8   0   2   6  0.70 0.45
  150 W    -2   5   1   4  -7   1   2  -3   1  -6  -6   1  -4  -6  -6  -1  -2   0  -3  -6    3  26   7  25   0   5  11   2   3   0   0   9   0   0   0   4   3   1   1   0  0.81 0.45
  151 V    -3  -7  -7  -8  -4  -8  -7  -9  -8   7   2  -8  -1  -5  -8  -6  -3  -2  -6   3    2   0   0   0   0   0   0   0   0  57  18   0   1   0   0   0   1   1   0  18  1.73 0.71
  152 L    -7  -8  -9  -9  -7  -8  -8  -9  -8   5   4  -8  -2   6  -8  -8  -7  -6  -4  -3    0   0   0   0   0   0   0   0   0  29  36   0   1  33   0   0   0   0   0   1  1.78 0.74
  153 K    -3   5  -4  -6  -6  -2  -2  -4  -1  -5  -4   3  -5   3  -7  -1  -3   5   5  -6    2  33   0   0   0   2   2   1   1   0   2  14   0  11   0   6   2   7  17   0  1.08 0.55
  154 T    -2   2   1   2  -4   1   4  -3   0  -3  -3   2  -2  -5  -5  -2   1  -6  -2  -2    3  11   7  10   0   5  27   2   2   1   3  11   1   0   0   2   8   0   1   4  0.48 0.33
  155 F    -7  -8  -3  -8  -5  -8  -6  -7  -3  -6   0  -6  -5   5  -9  -8  -6   0   9  -6    0   0   2   0   0   0   0   0   0   0   8   0   0  19   0   0   0   1  66   0  2.60 1.02
  156 G    -2  -9  -7  -8  -9  -8  -8   8  -8 -10 -10  -8  -9 -10  -8  -3  -8  -9  -9  -9    3   0   0   0   0   0   0  94   0   0   0   0   0   0   0   2   0   0   0   0  2.87 1.09
  157 E    -7  -6  -3   2 -10   0   8  -3  -6  -9  -9  -5  -8 -10  -7  -6  -7  -9  -8  -7    0   0   1  11   0   4  80   3   0   0   0   0   0   0   0   0   0   0   0   0  2.41 1.04
  158 E    -7  -3  -6   0  -9  -4   8  -8  -5  -3  -3  -5  -6  -7  -5  -6  -7  -9  -8  -1    0   1   0   4   0   0  83   0   0   2   3   0   0   0   0   0   0   0   0   5  2.30 1.01
  159 R    -5   7  -3  -5  -8  -2  -4  -5   0  -6  -7   3  -4  -7   3  -3  -4  -3  -4  -6    1  52   1   1   0   2   1   1   2   0   0  18   0   0  16   2   1   0   1   0  1.60 0.74
  160 F    -1   2   1  -3  -5   2  -2  -4   4  -5  -1   0  -1   5  -6  -3  -5   4   4  -5    6  11   7   1   0   8   2   1   9   0   6   7   1  22   0   2   0   5  12   0  0.68 0.40
  161 A     6  -5  -6  -7  -5  -6  -6  -4  -3  -7  -7  -6  -7  -5  -2   5  -4   2  -3  -6   56   1   0   0   0   0   0   1   1   0   0   0   0   1   3  33   1   2   1   0  1.63 0.81
  162 K    -2   7  -4  -5  -6  -3  -3   0  -1  -5  -5   3  -3  -3  -4  -1  -4   0  -3  -5    3  54   1   1   0   1   2   9   2   1   1  16   1   2   1   4   1   1   1   1  1.31 0.64
  163 R     0   7  -3  -6  -6   1  -4  -5  -3  -3  -3   3  -5  -5  -1  -2  -3  -5  -5  -4    7  49   1   0   0   7   1   1   0   2   3  18   0   0   4   4   2   0   0   1  1.24 0.62
  164 I    -4  -6  -9  -9  -5  -8  -8  -9  -6   8   0  -8  -1  -3  -8  -8  -6  -5  -4   2    2   0   0   0   0   0   0   0   0  77   7   0   1   1   0   0   0   0   1  10  2.27 0.86
  165 A     7  -5  -7  -7  -6  -7  -7  -5  -7  -6  -7  -7  -7  -8  -7  -1  -3  -8  -8  -1   89   1   0   0   0   0   0   0   0   0   0   0   0   0   0   4   1   0   0   4  2.32 0.99
  166 R    -1   6  -1  -2  -6   0  -1  -3   1  -5  -5   4  -4  -6  -5  -1  -3  -6  -3  -6    5  46   2   2   0   4   3   2   3   1   1  20   0   0   0   5   2   0   1   0  1.15 0.58
  167 A     5   2  -1  -4  -4  -2   1  -2  -2  -2  -2   1  -2  -1  -5   0  -2  -5  -3  -2   46   9   3   0   0   2   8   3   1   2   3   8   1   3   0   6   2   0   1   2  0.65 0.42
  168 I    -5  -7  -9  -9  -7  -8  -9  -9  -9   8  -1  -8  -2  -6  -8  -8  -6  -8  -7   1    1   0   0   0   0   0   0   0   0  85   5   0   1   0   0   0   0   0   0   7  2.65 0.97
  169 V    -1  -3  -6  -5   3  -6  -3  -5  -5   3  -1  -1  -1  -3  -7  -4  -3  -4  -4   6    5   2   0   1   5   0   2   1   0  12   6   4   1   1   0   1   1   0   0  58  1.24 0.58
  170 E     1   3   0   0  -5   2   4  -4  -1  -4  -4   2  -2  -5  -5  -1  -2  -5  -5  -3   14  18   5   4   0   9  22   1   1   1   2  13   1   0   0   4   2   0   0   2  0.57 0.36
  171 R     4   3  -1  -2  -2   1   2  -4   0  -2  -4   0  -2  -2  -5   0  -2  -4   1  -3   30  16   3   2   1   6  13   1   2   2   1   4   1   2   0   6   2   0   5   2  0.47 0.34
  172 N    -4   9  -4  -6  -6  -3  -5  -6  -5  -6  -6  -2  -6  -7  -8  -5  -5  -8  -5  -3    2  87   1   1   0   1   0   1   0   0   1   2   0   0   0   1   1   0   0   2  2.71 1.06
  173 R     1   3  -1   0  -3   2   2  -2  -1  -3  -3   3  -2  -4  -3   0  -1  -4  -3  -3   11  15   2   4   1   8  13   3   1   1   3  20   1   1   1   8   3   0   1   2  0.36 0.23
  174 T     0   2   0   0  -3   2   2  -2   0   0  -2   3  -2  -2  -3   0   0  -4  -3   0    7  11   4   4   0   7  12   2   2   5   4  19   1   1   1   5   6   0   1   6  0.23 0.17
  175 E     0   2   0  -2  -3   2   1   2   1  -4  -4   3  -2  -3  -2   0   0  -3  -2  -3    9  10   4   2   1   8   7  14   3   1   2  22   1   1   1   7   5   0   1   1  0.33 0.22
  176 P    -1   2  -3  -4  -7  -2  -2  -4  -4  -6  -4   1  -4  -5   7  -2  -2  -5  -6  -6    5   9   2   1   0   1   3   1   0   0   2   8   1   1  58   4   2   0   0   0  1.57 0.74
  177 M    -6  -8  -8  -8  -6  -7  -8  -8  -8   7   3  -8   0   3  -5  -7  -5  -3  -3   0    0   0   0   0   0   0   0   0   0  56  21   0   2  12   1   0   0   0   1   4  1.68 0.70
  178 T    -1   2   0  -1  -4   1   3  -3   0  -3  -2   2  -3  -5  -4   0   3  -5  -3  -2    6  10   5   3   0   5  22   1   2   1   5  11   1   0   0   6  18   0   1   3  0.41 0.30
  179 R    -5   2  -1  -1  -4  -5  -5  -4  -5  -6  -7  -4  -5  -6  -7   2   7  -5  -3  -6    0  11   3   4   0   0   0   1   0   0   0   1   0   0   0  13  63   0   1   0  1.68 0.83
  180 T    -2  -7  -5  -7  -2  -7  -7  -5  -8  -4  -8  -7  -5  -8  -7   0   8  -9  -8  -3    4   0   0   0   1   0   0   1   0   1   0   0   0   0   0   6  86   0   0   2  2.54 1.09
  181 K     1   1  -1   0  -2   0  -1   2  -1  -2   0   1  -1   1  -3   0   1  -3  -2  -2   10   7   2   5   1   5   4  15   1   1  12   9   1   6   0   8  10   0   1   2  0.11 0.13
  182 E    -1   0  -4   4  -8   5   5  -5  -1  -8  -6  -3  -4  -7  -6  -4  -5  -8  -7  -6    5   4   0  23   0  25  36   1   1   0   1   1   0   0   0   1   1   0   0   0  1.37 0.69
  183 L    -7  -8 -10 -10  -6  -8  -9 -10  -9  -3   7  -9  -3  -1  -9  -9  -6  -8  -7  -4    0   0   0   0   0   0   0   0   0   1  95   0   0   3   0   0   0   0   0   1  2.49 0.98
  184 A     5   0  -3  -6  -4  -4  -4  -4  -6  -3  -3  -1  -4  -5  -6   0  -2  -7  -4   3   53   6   1   0   0   0   1   1   0   1   2   4   0   0   0   6   3   0   1  21  1.05 0.58
  185 S     1   1   0   4  -6   1   5  -2  -2  -6  -5   0  -5  -6  -5   0  -2  -7  -5  -5   10   8   5  18   0   7  32   3   1   0   1   6   0   0   0   7   3   0   0   0  0.73 0.44
  186 L     1  -5  -7  -7   1  -6  -6  -7  -6   6   3  -6  -2  -2  -7  -5  -2  -7  -6   3   11   1   0   0   2   0   0   0   0  36  26   0   1   1   0   0   2   0   0  19  1.10 0.51
  187 I    -4  -8  -8  -8   0  -8  -8  -8  -8   6  -1  -6  -2  -5  -8  -7  -4  -8  -7   6    1   0   0   0   2   0   0   0   0  44   6   0   1   0   0   0   1   0   0  44  1.85 0.75
  188 A     2   2  -2  -1  -1   0   3  -2  -1  -2  -2   2  -1  -3  -4   1  -1  -2  -2  -1   16  13   1   3   1   3  18   3   1   2   4  12   1   1   0   9   4   0   1   5  0.28 0.24
  189 A     1   3   0   0  -3   1   0   0  -1  -4  -4   3  -3  -5  -1   2  -2  -4  -3  -3   11  18   5   5   0   6   6   7   1   1   1  15   0   0   3  16   2   0   1   2  0.39 0.28
  190 A     5  -4  -3  -5   3  -5  -4  -3  -4   0  -2  -4  -3  -3  -4   0  -1  -6  -4   3   41   1   2   0   5   0   1   2   0   6   4   1   1   1   1   7   4   0   1  23  0.78 0.45
  191 S    -1  -3  -3  -6  -1  -4  -5  -4  -2   3   0   0   0   0  -4  -2   0  -3   3   4    5   2   1   0   2   0   0   1   1  18   9   6   2   4   1   3   5   0   9  31  0.54 0.32
  192 P    -4   1  -3  -3  -7  -4  -5   2  -1  -6  -6   0  -7  -4   7  -3  -4  -5  -6  -5    2   7   2   2   0   1   0  17   1   0   1   5   0   1  57   2   1   0   0   1  1.67 0.75
  193 I     1   3  -1  -3  -4  -1  -1   1   1  -2  -3   2  -2  -1   2   0  -1   0   1  -2   13  17   3   1   0   2   3   9   3   3   2  12   1   3  10   6   3   1   6   2  0.24 0.20
  194 R    -2   6  -1  -4  -5  -1  -3   0   1  -6  -4   4  -3  -4  -1   0  -3   2  -1  -4    3  40   3   1   0   2   1   7   4   0   1  20   1   1   3   6   1   2   2   1  0.93 0.49
  195 E    -1   4   0  -1  -4   1   0   0   3  -3  -4   2  -3   0   2  -1  -1  -1   2  -3    4  21   5   3   0   5   5   7   7   1   1  13   0   4   9   3   3   1   7   2  0.36 0.26
  196 K    -1   4  -1  -2  -6   1  -1   2  -1  -5  -3   3  -3  -4  -1   0  -1  -1  -2  -4    4  26   2   2   0   5   4  16   1   0   2  18   1   1   3   8   3   1   1   1  0.52 0.34
  197 H    -2   5   1  -2  -5  -1  -2   1   2  -3  -4   3  -3  -3  -1  -2  -2  -4  -2  -3    3  29   7   3   0   2   1  12   5   2   2  19   1   1   3   3   2   0   1   2  0.61 0.36
  198 K    -3   1  -2  -5  -6  -2  -4   0  -2   6  -1   4  -1  -4  -2  -3   0  -6  -5  -1    1   7   2   0   0   2   0   6   1  38   5  24   1   0   2   2   5   0   0   3  0.78 0.44
  199 H    -4  -5   1   2  -7  -4  -5  -6  10  -6  -7  -1  -5  -3  -5  -2  -3  -7  -2  -7    2   1   6  10   0   1   0   1  66   1   1   4   0   1   1   4   2   0   1   0  2.49 0.94
  200 P    -3  -7  -6  -7  -4  -6  -4  -7  -6  -3  -1  -5  -4  -1   8  -2  -1  -8  -3  -1    2   0   0   0   0   0   1   0   0   2   6   1   0   3  71   3   3   0   1   4  2.06 0.90
  201 A     7  -5  -7  -8  -4  -7  -6  -5  -7  -6   0  -5  -4  -8  -6  -2  -5  -8  -7  -4   86   1   0   0   0   0   0   0   0   0   8   0   0   0   0   2   0   0   0   1  2.17 0.95
  202 T    -1   0  -4  -5  -4  -4  -5  -5  -5  -5  -5   0  -4  -6  -5   1   7  -6  -6  -4    4   5   0   0   0   1   1   1   0   1   1   7   0   0   1   8  69   0   0   1  1.73 0.76
  203 R    -6   8  -4  -7  -5   2  -5  -7  -5  -7  -3   4  -7  -9  -8  -6  -5  -9  -8  -8    0  63   1   0   0   7   0   0   0   0   4  24   0   0   0   0   0   0   0   0  2.12 0.90
  204 S    -2  -7  -6  -7   0  -7  -7  -7  -7   2  -4  -7  -4  -5  -6   0   6  -8  -4   5    3   0   0   0   2   0   0   0   0  10   1   0   0   0   0   5  44   0   1  33  1.47 0.72
  205 F    -9 -10 -10 -11  -9 -10 -10 -10  -8  -7  -6 -10  -7  10 -11  -8  -9  -2  -1  -7    0   0   0   0   0   0   0   0   0   0   0   0   0  98   0   0   0   0   1   0  3.85 1.32
  206 Q    -8  -3  -7  -7 -10   9  -5  -9  -6  -9  -3  -6   1 -10  -8  -7  -8  -9  -8  -9    0   1   0   0   0  92   0   0   0   0   3   0   3   0   0   0   0   0   0   0  3.30 1.34
  207 A     8  -8  -8  -8  -7  -7  -7  -2  -8  -8  -8  -7  -7  -9  -7  -3  -6  -9  -8  -7   95   0   0   0   0   0   0   3   0   0   0   0   0   0   0   2   0   0   0   0  2.66 1.10
  208 I    -7  -8  -9  -9  -7  -8  -9  -9  -8   5   6  -8  -2  -1  -8  -8  -7  -7  -6  -1    0   0   0   0   0   0   0   0   0  24  70   0   0   3   0   0   0   0   0   3  1.95 0.80
  209 R    -8   9  -7  -8 -10  -6  -7  -9  -7 -10  -9  -4  -8 -10  -9  -8  -8 -10  -9  -9    0 100   0   0   0   0   0   0   0   0   0   0   0   0   0   0   0   0   0   0  3.58 1.33
  210 I    -7  -8  -9  -9  -7  -9  -9 -10  -9   8  -2  -9   4  -5  -9  -6  -7  -9  -6  -2    0   0   0   0   0   0   0   0   0  85   2   0   9   0   0   1   0   0   0   2  2.81 1.04
  211 Y     5  -4  -6  -5  -4  -3   3  -5   1  -5  -3  -2  -4   2  -6  -3  -4   1   3   0   44   1   0   0   0   1  19   0   3   0   2   2   0   9   0   1   1   2   8   6  0.92 0.54
  212 I    -5  -9  -9  -9  -7  -8  -9  -9  -9   2  -3  -8  -5  -7  -8  -8  -2  -9  -7   8    1   0   0   0   0   0   0   0   0  10   2   0   0   0   0   0   2   0   0  85  2.49 0.98
  213 N    -8  -7   9  -5 -10  -7  -7  -6  -6 -10 -11  -7  -9 -10  -9  -6  -7 -11  -9 -10    0   0 100   0   0   0   0   0   0   0   0   0   0   0   0   0   0   0   0   0  3.72 1.37
  214 S    -3   3   3   6  -8   2   0   0   1  -8  -6   0  -5  -8  -6  -1  -4  -6  -5  -7    2  13  12  38   0   9   6   7   3   0   0   5   0   0   0   4   0   0   0   0  1.01 0.53
  215 E    -7  -7  -7  -4 -11  -5   8  -9  -7 -10 -10  -6  -4 -10  -8  -7  -8 -10  -9  -9    0   0   0   1   0   0  99   0   0   0   0   0   1   0   0   0   0   0   0   0  3.20 1.28
  216 L    -6  -6  -9  -9  -7  -5  -7  -7  -8   1   6  -7   2  -1  -5  -7  -6  -7  -2  -3    0   0   0   0   0   1   0   0   0   8  79   0   5   2   1   0   0   0   2   1  1.85 0.78
  217 E    -1  -1   2   3  -7   0   5   2  -2  -6  -5   0  -5  -5  -5  -1  -3  -5  -4  -4    5   3   8  15   0   4  33  17   1   0   1   4   0   1   0   4   2   0   0   1  0.74 0.44
  218 E     2  -1   4  -1  -2   1   4  -3   1  -2  -5  -2  -3  -5  -5   0  -1  -7  -5   0   18   3  18   2   1   7  24   2   3   3   0   1   0   0   0   8   3   0   0   7  0.54 0.38
  219 I    -6  -8  -9  -9  -7  -8  -9 -10  -9   2   7  -8  -3  -4  -9  -8  -7  -5  -7  -1    0   0   0   0   0   0   0   0   0  11  85   0   0   0   0   0   0   0   0   3  2.19 0.88
  220 E     0   2  -1   1  -4   1   5  -3   0  -4  -6   3  -4  -5  -4   0  -2  -7  -3  -4    7  10   3   6   0   7  33   2   2   1   0  17   0   0   1   6   3   0   1   1  0.69 0.42
  221 R     1   3   0   0  -3   2   2  -3  -1  -2  -3   2  -2  -4  -3   0   1  -4  -3  -2   11  14   5   5   0   8  15   1   1   2   2  13   1   1   1   8   9   0   1   2  0.33 0.26
  222 A     4  -6  -5  -6  -2  -6  -6   4  -6  -2   0  -6   0   4  -6  -2  -1  -3  -4   0   28   0   0   0   1   0   0  26   0   2   9   0   3  15   0   3   5   0   0   7  0.76 0.44
  223 L    -7  -8  -9 -10  -4  -8  -9 -10  -9   1   7  -8   1  -3  -9  -8  -7  -7  -7  -2    0   0   0   0   0   0   0   0   0   7  87   0   2   1   0   0   0   0   0   3  2.21 0.89
  224 E     0   1   1   1  -5   1   3  -3   0  -3  -3   1  -3  -4   3   0  -2  -4  -5  -2    8   6   6   9   0   5  22   2   2   2   2   8   1   1  15   6   2   0   0   2  0.41 0.29
  225 G     3  -1   0   2  -3   4   0  -1  -2  -2  -3   1  -2  -6  -4   1  -1  -6  -4  -2   22   3   3  11   1  18   6   5   1   2   2   9   1   0   0   8   3   0   1   3  0.40 0.31
  226 A     6  -6  -6  -7   0  -6  -6  -1  -6   0   0  -6  -1  -2  -6   1  -2  -7  -6   0   55   0   0   0   2   0   0   5   0   6   9   0   1   2   0  11   3   0   0   7  1.04 0.57
  227 L    -1  -3  -4  -4  -2  -2   0  -4  -2   3   2  -2   1   1   3  -3  -2   1   0   2    5   1   1   1   1   1   6   1   1  15  19   2   4   6  15   1   2   2   3  13  0.36 0.24
  228 S    -1   2   1   3  -4   1   2   0   0  -5  -4   2  -3  -4  -1   1  -1  -2  -3  -4    6  11   7  16   0   5  16   6   2   0   1  11   0   1   3  10   3   1   1   1  0.37 0.27
  229 V     0   0  -5  -6   2  -4  -5  -4  -1   2   3  -3   1   0  -4  -2  -2   1   0   2    9   6   0   0   4   0   0   1   2  12  31   2   3   4   0   3   1   2   4  15  0.46 0.28
  230 L    -6  -8  -9  -9  -4  -8  -9  -9  -9   0   7  -8   1  -5  -9  -8  -5  -7  -7  -1    0   0   0   0   0   0   0   0   0   4  88   0   3   0   0   0   0   0   0   4  2.22 0.89
  231 A     2   3   2  -2  -1  -1   0  -2  -2  -4  -4   4  -3  -6  -3   0  -2  -7  -5  -2   20  16   9   1   1   2   5   2   1   1   2  27   1   0   1   7   2   0   0   3  0.60 0.38
  232 P    -2  -2  -4  -3  -7  -1  -1  -5  -2   0  -4   1  -4  -3   7   1  -1  -5  -5   0    3   2   1   2   0   3   5   1   1   5   2   9   0   1  46   9   4   0   0   7  1.04 0.55
  233 Q    -3  -3   0  -2  -8  -2  -2   7  -2  -8  -7   0  -4  -6  -7  -2  -5  -8  -8  -8    2   2   5   2   0   2   3  73   1   0   0   6   0   0   0   3   0   0   0   0  1.76 0.76
  234 G    -1  -5  -7  -8  -6  -8  -8   8  -8 -10 -10  -8  -9  -9  -8  -3  -6  -9  -9  -9    4   1   0   0   0   0   0  93   0   0   0   0   0   0   0   2   0   0   0   0  2.77 1.06
  235 R    -5   8  -6  -7  -3  -4  -6  -8  -2  -2  -7   0  -7  -7  -7  -6  -4  -8  -6  -1    1  83   0   0   1   0   0   0   1   3   0   4   0   0   0   0   1   0   0   5  2.52 0.99
  236 L    -2  -7  -7  -8  -1  -6  -7  -5  -7   5   5  -7   2   0  -7  -6  -5  -3  -5   1    4   0   0   0   1   0   0   1   0  25  51   0   5   3   0   0   0   0   0   8  1.26 0.55
  237 S     4  -7  -6  -6   4  -6  -6   0  -7  -1  -3  -6  -4  -6  -6  -1  -4  -7  -6   5   37   0   0   0   7   0   0   7   0   3   2   0   0   0   0   4   0   0   0  39  1.21 0.59
  238 V    -1  -8  -8  -8  -2  -7  -8  -8  -8   4  -3  -7  -3  -2  -7  -6  -2  -4  -6   7    4   0   0   0   1   0   0   0   0  20   2   0   0   1   0   0   2   0   0  69  1.91 0.77
  239 I    -6  -8  -8  -8  -7  -8  -6  -9  -8   8   1  -8   1  -5  -8  -8  -5  -8  -7   2    0   0   0   0   0   0   1   0   0  76  10   0   3   0   0   0   0   0   0  10  2.26 0.84
  240 S     0  -6  -4  -6  -2  -6  -6  -5  -7  -7  -8  -6  -5  -8  -6   7   4  -8  -7  -7    7   0   0   0   1   0   0   0   0   0   0   0   0   0   0  72  20   0   0   0  2.00 0.92
  241 F    -8  -8  -9  -9  -8  -8  -9  -9  -6  -6  -6  -9  -6   9  -9  -8  -8  -2   7  -7    0   0   0   0   0   0   0   0   0   0   0   0   0  65   0   0   0   0  34   0  3.07 1.08
  242 H    -8  -7  -4  -8 -10  -1  -4  -9  12 -10  -9  -7  -5  -8  -9  -7  -7  -9  -5 -10    0   0   1   0   0   3   1   0  94   0   0   0   0   0   0   0   0   0   0   0  4.27 1.40
  243 S    -5  -7  -6  -6  -7  -6  -5  -5  -7  -9  -9  -6  -8  -9  -6   8  -5  -9  -8  -8    0   0   0   0   0   0   1   1   0   0   0   0   0   0   0  98   0   0   0   0  2.84 1.18
  244 L    -5  -5  -8  -9  -7  -7  -6   0  -4   0   6  -6  -2  -5  -8  -6  -5  -7  -6  -3    1   1   0   0   0   0   0   9   0   5  81   0   0   0   0   0   0   0   0   1  1.82 0.77
  245 E    -7  -7  -7  -4 -10  -4   8  -9  -7 -10  -9  -6  -5 -10  -8  -5  -7  -9  -9  -9    0   0   0   0   0   0  99   0   0   0   0   0   0   0   0   1   0   0   0   0  3.15 1.23
  246 D    -5  -8  -4   9 -10  -7  -4  -8  -2 -10 -10  -7  -9 -10  -8  -6  -7 -11  -9  -8    1   0   0  97   0   0   1   0   1   0   0   0   0   0   0   0   0   0   0   0  3.28 1.19
  247 R    -5   9  -7  -8 -10  -3  -5  -5  -6  -9  -8  -1  -6  -9  -8  -5  -5  -9  -6  -8    1  91   0   0   0   1   0   1   0   0   0   4   0   0   0   1   1   0   0   0  2.95 1.10
  248 I    -3  -1  -8  -8  -5  -4  -4  -8  -7   7   2  -4   3  -4  -3  -6  -3  -5  -4   0    2   4   0   0   0   1   1   0   0  59  15   1   8   0   1   0   1   0   0   5  1.49 0.63
  249 V    -2  -8  -9  -9  -5  -8  -8  -9  -9   1  -5  -8  -5  -7  -8  -7  -3  -9  -7   8    3   0   0   0   0   0   0   0   0   5   0   0   0   0   0   0   1   0   0  90  2.56 0.98
  250 K    -7  -2  -6  -7 -10  -5  -5  -8  -7  -9  -9   9  -5 -10  -7  -6  -7  -9  -8  -9    0   1   0   0   0   0   0   0   0   0   0  98   0   0   0   0   0   0   0   0  3.16 1.18
  251 R    -3   4   4   0  -7   4   1  -5   4  -6  -4   1  -5  -5  -6  -2  -1  -2  -4  -4    2  23  19   4   0  17   7   0  10   0   2   6   0   0   0   3   4   1   0   1  0.83 0.46
  252 F     1  -1  -5  -6  -1  -3  -3  -5  -1   0  -1  -2  -1   7  -6  -2   1   0   1  -1   14   4   0   0   1   1   2   1   2   4   5   3   1  42   0   2   9   1   4   4  0.87 0.44
  253 I    -7  -8  -7  -6  -6  -8  -8  -6  -7   1   2  -8   4   8  -8  -7  -6  -3  -2  -4    0   0   0   0   0   0   0   1   0   7  16   0   8  64   0   0   0   0   1   1  2.17 0.82
  254 R    -1   6   0  -4  -7   1  -3  -5  -1  -5  -3   4  -4  -6  -6  -3  -4  -6  -5  -3    6  46   4   1   0   6   1   0   1   1   3  25   0   0   0   2   1   0   0   2  1.28 0.59
  255 H     0   2   1   2  -4   1   3  -1   0  -4  -3   1  -2  -2  -3   0  -1  -5  -1  -4    9  11   6  10   0   6  20   4   2   0   3  10   1   2   1   8   4   0   2   1  0.30 0.22
  256 Q     0   0   0  -2  -2   0   1   0   2  -2   1   0   1   0  -3  -1  -2   5   1  -2    9   6   5   1   1   5   9   8   6   1  17   5   4   4   1   3   1   8   5   2  0.17 0.15
  257 S     3  -3   0  -2  -1  -2   2  -1  -4  -3  -3  -1  -2  -4  -3   3   0  -4  -4  -1   28   1   4   2   1   1  12   4   0   1   2   3   1   1   1  25   6   0   1   4  0.48 0.32
  258 R    -1   3   0  -1  -3   1   0   1  -1  -1  -2   3  -2  -1  -1   0   0  -4  -3  -2    5  18   4   3   1   6   4  12   1   3   4  17   0   3   2   7   5   0   0   3  0.23 0.16
  259 G     0   0   0   2  -3   0   1   2  -1  -2  -2   0  -2  -2   2   0   0  -1  -2  -2    6   6   4  12   0   4   9  17   1   2   3   6   1   2   9   8   5   1   1   3  0.17 0.11
  260 P    -1  -1   0   0   8  -1   0   1  -2  -2  -2   0  -2  -2   1  -1  -2  -1  -2  -2    5   3   4   6  30   2   6  11   1   2   4   5   1   2   6   4   3   1   2   3  0.67 0.27
  261 Q    -1   0   0   0  -2   0   1  -1   0   2   0   0  -1  -1   0   0   1  -2  -1   1    4   6   4   4   1   4  10   4   2  14   7   7   1   2   3   5   9   1   2   9  0.05 0.06
  262 V     0  -2  -2  -1   8  -2  -2  -1  -1   1  -1  -2  -2   0  -2  -1  -1  -2   0   0    7   2   2   4  30   2   2   6   2   7   7   3   1   4   3   5   5   1   3   6  0.61 0.24
  263 P    -2   0   0   0  -2  -1   0  -2  -2  -2  -1  -2  -2  -3   6   0  -1  -3  -2  -2    4   4   5   4   1   2   6   4   1   2   6   3   1   2  40   8   3   0   2   3  0.72 0.28
  264 A     0   2  -1  -1  -2  -1  -1  -1  -1  -1  -2   1  -1  -2   5   0  -1  -2  -2  -1    7  12   3   3   1   3   4   4   1   3   5  10   1   1  25   9   4   1   2   4  0.37 0.17
  265 G    -1   1   0   2  -2   0   2   1   2  -2  -2   1  -1  -2  -1   0  -1  -1  -1  -2    4   7   4  14   1   3  13  13   5   2   4   8   1   2   2   6   3   1   2   3  0.16 0.09
  266 L     0  -1  -2  -2  -2   0  -1  -2  -1   1   2  -1   1   2  -1  -1  -1   1   1   0    6   3   2   3   1   4   3   4   2   8  25   3   4  10   2   5   4   2   4   5  0.12 0.08
  267 P    -1  -1  -2  -2  -3  -2  -1  -2  -2  -2  -2  -1  -2  -2   7  -1  -2  -2  -2  -2    5   3   2   3   1   2   4   4   1   3   4   3   1   2  49   5   3   1   2   3  1.01 0.34
  268 L     0   0  -1  -1  -1   0   0  -1   0   2   1  -1   0   0   0  -1  -1  -1   0   2    5   6   3   3   1   4   6   4   2  11  11   4   2   4   4   5   3   1   2  19  0.05 0.05
  269 T    -1   0  -2  -1   8  -1  -1  -1  -1  -1  -1  -1  -1  -1   1   0   0  -1  -1  -1    5   5   2   4  27   3   4   4   1   4   5   3   1   2   8   6   6   1   2   5  0.53 0.19
  270 E     0   0   0   0  -1   0   1   0   0   0  -1   0   0  -1   1   0   0  -1  -1   1    8   6   4   6   1   5  12   6   2   5   5   3   2   2   7   6   7   1   2  11  0.05 0.04
  271 E     0  -1  -1   0   7   0   1  -1  -1  -1  -1   0  -1  -2   0   0  -1  -1  -1  -1    7   3   3   5  20   4   9   6   1   4   6   7   1   2   5   5   4   1   2   4  0.31 0.12
  272 Q     0   0   0   1  -2   1   2   2   0  -1  -1   0  -1  -1   0   0  -1  -2  -1  -1    6   4   5   9   1   7  13  16   2   3   6   4   1   2   5   5   3   1   2   4  0.12 0.07
  273 L     0   0   0  -1   0   0   0   0   1   0   0   0   0   1   0   0   0   0   0   0    7   5   3   3   3   3   5   7   6   7  13   6   2   6   4   4   3   1   3   6  0.00 0.01
  274 R     0   3   0  -1  -2   1   1  -1  -1  -1  -1   2  -1  -1   1  -1  -1  -2   0  -1    6  16   3   3   1   5   8   4   1   3   5  13   2   3   7   4   4   1   3   5  0.13 0.08
  275 S     1  -1   0   0   4   0   0   0  -1  -1  -2   0  -1  -2   3   1   0  -2  -2  -1   12   3   3   4  10   5   5   8   1   3   4   5   1   1  13   9   4   1   1   4  0.20 0.11
  276 Q    -1   1   2   0  -2   1   1   1   0  -2  -1   1  -1  -1   1   0  -1  -1  -1  -1    5   8  10   6   1   6  10   9   2   2   7   9   1   3   6   6   3   1   2   4  0.09 0.06
  277 G     0   0   0  -1  -2   0   0   0   1  -1   0   1  -1   0   1   0   0  -1   0   0    8   6   6   3   1   4   6   9   6   5   8   8   1   5   6   5   5   1   3   6  0.03 0.02
  278 G     0   0   0   0  -3   0   0   1  -1  -1  -1   2  -1  -1   2   0   0  -2  -2  -1    7   6   4   4   0   5   6  11   1   3   6  14   1   3  10   7   4   0   1   6  0.11 0.08
  279 Q     0   1  -1  -1  -1   1   0  -2  -1   0   0   1  -1  -1   3   0  -1   1  -1   0    9   7   3   2   1   6   5   3   1   5   8   9   2   2  16   5   3   2   3   7  0.15 0.10
  280 T     0  -1  -2  -2  -1  -1  -1  -1  -2   0   1   0   0   1   0   0   1   0   0   1    6   4   1   2   1   2   3   4   1   6  19   5   2   6   5   7  10   1   3  10  0.06 0.06
  281 L    -1   2  -2  -3  -3  -2  -2  -3  -2   0   3   0   0   2  -3  -2   0   3  -1   0    4  11   1   1   0   2   3   2   1   5  26   7   2  10   1   3   7   5   1   7  0.26 0.17
  282 K    -2   3  -2  -2  -4   0   0  -4  -1   1   0   5  -2  -2  -3  -1  -1  -2  -4  -1    3  15   2   2   0   4   5   1   1   8  11  30   1   1   1   3   4   1   0   5  0.46 0.26
  283 P    -2  -1  -3  -3  -3  -1  -2  -3  -3   4   3  -2  -1  -2   2  -2  -3   0  -3   2    3   3   1   1   0   2   2   2   1  22  31   2   1   1   9   2   1   1   1  11  0.51 0.26
  284 V    -2  -3  -1  -3  -2  -3  -4  -4  -1   3   2  -3  -1  -2  -3  -2   4  -4  -3   2    2   1   3   1   1   1   1   1   1  18  16   2   1   2   1   2  28   0   1  15  0.58 0.31
  285 G    -2   4   1  -3  -4  -2  -2   1   0  -3  -4   3  -3  -3  -2   0   3  -4  -3  -3    2  20   7   1   0   1   2   9   2   1   1  20   0   1   2   5  21   0   1   1  0.58 0.33
  286 K    -5   4  -5  -6  -7  -2  -5  -2  -2  -6  -7   7  -6  -7  -4  -4  -5  -5  -6  -6    1  19   0   0   0   1   0   4   1   1   0  68   0   0   1   1   1   0   0   1  2.00 0.84
  287 K     1  -1  -5  -5  -6  -5  -5  -2  -5  -4  -4   3  -4  -4   7  -4  -5  -7  -5   0   13   3   0   0   0   0   0   4   0   1   2  18   0   1  47   1   1   0   0   7  1.34 0.64
  288 L    -4  -5  -7  -6  -5  -3  -3  -6  -7   6   2  -5  -1  -3  -6  -5  -3  -5  -5   4    1   1   0   0   0   2   2   1   0  42  18   1   1   1   0   1   1   0   0  27  1.28 0.56
  289 M    -3   4  -4  -5  -3   0  -1  -4  -4   1  -1   2   1  -1  -4  -2   3  -4  -2   2    2  20   0   0   1   3   3   1   0   7   7  11   3   3   0   3  17   0   1  16  0.45 0.31
  290 P     3  -8  -8  -8  -6  -8  -7  -7  -8  -9  -9  -7  -8  -9   8  -4  -7 -10  -9  -7   24   0   0   0   0   0   0   0   0   0   0   0   0   0  74   1   0   0   0   0  2.75 1.15
  291 S    -1  -3  -2   2  -3  -2  -2   1  -5  -7  -6  -2  -5  -8  -5   6   3  -8  -7  -6    4   1   2  10   1   2   2  10   0   0   1   2   0   0   0  47  17   0   0   0  1.07 0.61
  292 E     1   1  -1   3  -6   0   4  -4  -3  -3  -3   1  -3  -3   1  -1  -2  -5  -4  -3   11   7   2  15   0   4  29   1   1   2   3   7   1   1   8   5   2   0   0   2  0.52 0.35
  293 A     2  -1   0   2  -7   1   5  -2  -2  -4  -4   1  -3  -6  -4   0  -1  -5  -4  -4   14   3   4  12   0   6  37   2   1   1   2   7   1   0   0   5   3   0   1   1  0.70 0.44
  294 E    -6  -7  -6  -3 -11  -4   8  -9  -7 -10 -10  -6  -9 -10  -8  -7  -8 -10  -9  -9    1   0   0   1   0   0  98   0   0   0   0   0   0   0   0   0   0   0   0   0  3.20 1.30
  295 V    -3  -1  -6  -6  -1   0  -5  -8  -7   6   1  -2  -1  -5  -7  -4   0  -7  -5   4    2   4   0   0   1   4   1   0   0  39  12   3   1   0   0   1   5   0   0  25  1.04 0.50
  296 A     2   2   0  -1  -4   1   3  -4  -2  -2  -1   2  -2  -2  -4   0  -1  -6  -3  -3   19  12   4   3   0   7  17   1   1   2   6  14   1   2   0   7   3   0   1   1  0.36 0.28
  297 E     1   3   1   0  -3   1   2  -2   0   0  -1   1  -1  -2  -4   0  -1  -5  -4  -1   12  17   6   5   0   7  13   2   3   5   5   7   2   2   0   7   3   0   0   3  0.23 0.20
  298 N    -9  -8   9  -6 -10  -7  -7  -8  -4  -8 -11  -7 -10 -10  -9  -7  -7 -11  -9 -10    0   0  99   0   0   0   0   0   0   0   0   0   0   0   0   0   0   0   0   0  3.74 1.42
  299 P    -5   0  -2  -8  -9  -6  -7  -7  -4  -4  -8  -3  -9  -5   8   0  -5  -7  -4  -5    1   6   2   0   0   0   0   0   1   1   0   2   0   1  77   6   1   0   1   1  2.46 1.07
  300 R    -3   9  -6  -8  -6  -4  -7  -7  -5 -10  -8  -3  -4 -10  -5  -2  -6  -9  -7  -9    3  89   0   0   0   0   0   0   0   0   0   1   0   0   1   4   0   0   0   0  2.93 1.16
  301 A     5  -7  -6  -7   0  -6  -7  -4  -7  -8  -8  -6  -7  -8  -7   6  -5  -9  -8  -5   46   0   0   0   2   0   0   1   0   0   0   0   0   0   0  50   0   0   0   1  1.95 0.93
  302 R    -3   9  -6  -8 -10  -4  -5  -9  -2 -10  -9  -1  -8 -10  -9  -3  -6  -9  -8  -9    3  90   0   0   0   0   0   0   1   0   0   3   0   0   0   2   0   0   0   0  2.98 1.16
  303 S    -5  -8  -6  -7  -5  -7  -7  -6  -8  -9  -9  -7  -8  -9  -4   8  -5 -10  -9  -9    0   0   0   0   0   0   0   0   0   0   0   0   0   0   1  97   0   0   0   0  2.94 1.27
  304 S     7  -8  -8  -8  -5  -7  -7  -4  -8  -8  -8  -7  -7  -9  -7  -2  -5  -9  -8  -3   93   0   0   0   0   0   0   1   0   0   0   0   0   0   0   3   1   0   0   2  2.57 1.08
  305 V    -7   4  -6  -7  -5  -2  -5  -7  -4   0  -4   7  -5  -8  -7  -6  -3  -3  -7  -2    0  22   0   0   0   2   0   0   0   5   2  62   0   0   0   0   1   1   0   3  1.87 0.83
  306 L    -7  -8  -9 -10  -4  -8  -9 -10  -9  -4   7  -8   4  -2  -9  -8  -7  -8  -6  -4    0   0   0   0   0   0   0   0   0   0  87   0   9   2   0   0   0   0   0   1  2.36 0.95
  307 R    -8   9  -6  -9 -11  -4  -7  -9  -5 -10  -9  -5  -8 -10  -9  -8  -8  -5  -9 -10    0  99   0   0   0   0   0   0   0   0   0   0   0   0   0   0   0   0   0   0  3.54 1.32
  308 F     4  -7  -7  -7   0  -7  -7  -3  -6   3  -3  -6  -3  -3  -7  -3  -2  -3  -2   5   29   0   0   0   2   0   0   2   0  16   1   0   0   1   0   2   2   0   1  43  1.22 0.60
  309 A     5  -7  -7  -7  -1  -6  -6   0  -7   3   0  -6  -3   1  -6  -4  -5  -1  -4   1   51   0   0   0   1   0   0   8   0  13  10   0   0   5   0   0   0   1   0  10  1.05 0.56
  310 E    -5   1  -6  -5  -7   1   7  -8  -5  -1  -5  -1  -4  -7  -7  -4  -3  -1  -5  -1    1   7   0   0   0   6  69   0   0   4   1   3   0   0   0   1   2   1   1   5  1.72 0.82
  311 R    -7   7  -6  -7  -4  -5  -5  -8  -5  -8  -8   7  -5  -7  -7  -6  -7  -9  -8  -8    0  44   0   0   0   0   0   0   0   0   0  54   0   0   0   0   0   0   0   0  2.42 0.98
  312 L    -5  -4  -7  -7   0  -6  -6  -8  -7   6   4  -5  -1  -4  -7  -5   1  -6  -5   3    0   1   0   0   2   0   0   0   0  36  32   1   1   0   0   0   9   0   0  17  1.19 0.52
  313 P     3  -3   2   2  -4  -2   1  -3  -2  -5  -5  -3  -5  -6   4   3  -1  -6  -5  -4   27   1   8  12   0   1   8   0   1   0   0   0   0   0  17  21   2   0   0   1  0.69 0.38
  314 A     6  -4  -4  -4   0  -3  -3  -2  -4  -4  -4  -3  -4  -5  -3   2  -2  -5  -4  -3   80   0   0   0   2   0   0   0   0   0   0   0   0   0   0  18   0   0   0   0  1.33 0.45

                      K         Lambda
Standard Ungapped    0.1354     0.3181
Standard Gapped      0.0648     0.2670
PSI Ungapped         0.2117     0.3175
PSI Gapped           0.0648     0.2670
