
Last position-specific scoring matrix computed, weighted observed percentages rounded down, information per position, and relative weight of gapless real matches to pseudocounts
           A  R  N  D  C  Q  E  G  H  I  L  K  M  F  P  S  T  W  Y  V   A   R   N   D   C   Q   E   G   H   I   L   K   M   F   P   S   T   W   Y   V
    1 M   -1 -2 -3 -4 -2 -1 -2 -3 -2  1  2 -2  7  0 -3 -2 -1 -2 -1  1    0   0   0   0   0   0   0   0   0   0   0   0 100   0   0   0   0   0   0   0  0.52 0.04
    2 S    1 -1  0  0 -1  0  0  0 -1 -3 -3  0 -2 -3 -1  5  1 -3 -2 -2    0   0   0   0   0   0   0   0   0   0   0   0   0   0   0 100   0   0   0   0  0.53 0.03
    3 I   -2 -3 -4 -4 -1 -3 -4 -4 -4  5  1 -3  1  0 -3 -3 -1 -3 -2  3    0   0   0   0   0   0   0   0   0 100   0   0   0   0   0   0   0   0   0   0  0.47 0.03
    4 V   -1 -3 -4 -4 -1 -3 -3 -4 -3  4  2 -3  1  0 -3 -2 -1 -3 -1  3    0   0   0   0   0   0   0   0   0  51  18   0   0   0   0   0   0   0   0  31  0.38 0.02
    5 F   -3 -3 -4 -4 -3 -4 -4 -4 -2  0  0 -4  0  7 -4 -3 -3  1  3 -1    0   0   0   0   0   0   0   0   0   0   0   0   0 100   0   0   0   0   0   0  0.94 0.05
    6 D   -2 -2  3  6 -4  0  1 -1 -1 -4 -4 -1 -3 -4 -2  0 -1 -5 -3 -4    0   0  20  80   0   0   0   0   0   0   0   0   0   0   0   0   0   0   0   0  0.88 0.04
    7 S    0  0  0 -1 -2  2  0 -1 -1 -3 -3  1 -2 -3  3  3  0 -3 -2 -2    0   0   0   0   0  20   0   0   0   0   0  13   0   0  18  49   0   0   0   0  0.44 0.03
    8 D   -2 -1  4  5 -4  0  3 -1  0 -4 -4  0 -3 -4 -2  0 -1 -4 -3 -3    0   0  31  49   0   0  20   0   0   0   0   0   0   0   0   0   0   0   0   0  0.67 0.03
    9 F   -1 -2 -2 -3 -2 -2 -2 -3 -2  0  1 -2  0  5 -3  1 -1  0  2  0    0   0   0   0   0   0   0   0   0   0  13   0   0  57   0  20   0   0   0  10  0.35 0.03
   10 G    0 -3 -1 -2 -3 -2 -3  6 -2 -4 -4 -2 -3 -4 -3 -1 -2 -3 -4 -4    0   0   0   0   0   0   0 100   0   0   0   0   0   0   0   0   0   0   0   0  1.16 0.04
   11 I   -1 -3 -4 -4 -1 -3 -4 -4 -4  5  1 -3  1  0 -3 -3 -1 -3 -2  3    0   0   0   0   0   0   0   0   0  90   0   0   0   0   0   0   0   0   0  10  0.49 0.04
   12 L   -2 -3 -4 -4 -2 -3 -3 -4 -3  3  4 -3  2  0 -3 -3 -1 -2 -1  1    0   0   0   0   0   0   0   0   0  20  80   0   0   0   0   0   0   0   0   0  0.47 0.03
   13 K   -1  1 -1 -1 -3  1  2 -2 -1 -1  0  4 -1 -2 -2 -1 -1 -3 -2 -2    0   0   0   0   0   0  13   0   0   0  20  67   0   0   0   0   0   0   0   0  0.33 0.03
   14 R   -1  4  0 -1 -4  3  1 -2  0 -3 -3  4 -1 -3 -2 -1 -1 -3 -2 -3    0  31   0   0   0  26   0   0   0   0   0  43   0   0   0   0   0   0   0   0  0.54 0.03
   15 T   -1  1  4  0 -2  0  2 -1  0 -2 -3  0 -2 -3 -2  1  3 -3 -2 -2    0  11  36   0   0   0  20   0   0   0   0   0   0   0   0   0  32   0   0   0  0.36 0.03
   16 I   -1 -3 -3 -3 -1 -3 -3 -4 -3  4  1 -2  1 -1 -3 -1  2 -3 -2  2    0   0   0   0   0   0   0   0   0  80   0   0   0   0   0   0  20   0   0   0  0.36 0.04
   17 K   -1  1  0  0 -3  1  4 -2 -1 -3 -3  4 -2 -3 -1  1 -1 -3 -2 -3    0   0   0   0   0   0  43   0   0   0   0  48   0   0   0   8   0   0   0   0  0.49 0.03
   18 D   -1  0  2  3 -3  3  3 -2  0 -3 -3  0 -2 -3 -2  1 -1 -3 -2 -3    0   0  11  19   0  27  33   0   0   0   0   0   0   0   0  10   0   0   0   0  0.48 0.02
   19 I   -2 -3 -4 -4 -2 -3 -3 -4 -3  5  2 -3  3  0 -3 -3 -1 -3 -2  2    0   0   0   0   0   0   0   0   0  89   0   0  11   0   0   0   0   0   0   0  0.46 0.04
   20 V    0 -2 -3 -3 -1  1 -2 -3 -2  2  2 -2  1 -1 -2 -1 -1 -3 -1  3   11   0   0   0   0  13   0   0   0  10  20   0   0   0   0   0   0   0   0  46  0.19 0.02
   21 R   -2  2  5  1 -3  1  2 -1  0 -4 -3  2 -2 -3 -2  0 -1 -4 -2 -3    0  19  53   0   0   0  17   0   0   0   0  11   0   0   0   0   0   0   0   0  0.49 0.03
   22 S    1 -1 -1  0 -2  0  3 -1 -1  0 -2  0 -1 -2 -1  2  2 -3 -2 -1   17   0   0   0   0   0  33   0   0  10   0   0   0   0   0  18  23   0   0   0  0.24 0.02
   23 K   -1  2  0 -1 -4  1  1 -2 -1 -3 -3  5 -2 -4 -1  0 -1 -3 -2 -3    0   0   0   0   0   0   0   0   0   0   0 100   0   0   0   0   0   0   0   0  0.65 0.05
   24 R   -1  5 -1 -1 -4  1  0 -2 -1 -3 -3  4 -2 -3 -2 -1 -1 -3 -2 -3    0  58   0   0   0   0   0   0   0   0   0  42   0   0   0   0   0   0   0   0  0.66 0.04
   25 E   -1 -1  0  4 -4  2  4 -2  3 -4 -3  0 -2 -3 -2  0 -1 -3 -2 -3    0   0   0  32   0  10  46   0  13   0   0   0   0   0   0   0   0   0   0   0  0.59 0.03
   26 Y   -2 -2  0 -3 -2 -2 -2 -3  1  1  1 -2  0  2 -3 -2 -2  1  6  0    0   0   8   0   0   0   0   0   0  13  20   0   0   0   0   0   0   0  58   0  0.46 0.03
   27 L   -2 -3 -4 -4 -2 -2 -3 -4 -3  1  4 -3  2  0 -3 -3 -1 -2 -1  1    0   0   0   0   0   0   0   0   0   0 100   0   0   0   0   0   0   0   0   0  0.55 0.04
   28 R   -1  5 -1 -2 -3  1  0 -2  3 -2 -1  3  2 -2 -2 -1 -1 -3 -1 -2    0  50   0   0   0   0   0   0  11   0   0  20  18   0   0   0   0   0   0   0  0.42 0.03
   29 V   -1 -1  1  1 -2  2  2 -2 -1  0 -1  0 -1 -2 -2  0  1 -3 -2  1    0   0   8  10   0  18  20   0   0   0   0   0   0   0   0   0  13   0   0  31  0.18 0.02
   30 N   -1  0  4  0 -3  0  0 -2  0 -1 -1  3  3 -2 -2  0 -1 -3 -2 -2    0   0  40   0   0   0   0   0   0   0   0  33  26   0   0   0   0   0   0   0  0.30 0.03
   31 Y   -2 -1 -1 -2 -2 -1 -1 -2  3 -1 -1 -1 -1  2 -2 -1 -1  2  7 -1    2   1   1   1   0   1   1   2   9   1   2   1   0   1   1   1   1   0  72   1  0.62 0.03
   32 G    1  1  2 -1 -3 -1 -1  4 -1 -3 -3  1 -2 -3 -2  0 -1 -3 -3 -3   11   8  18   0   0   0   0  52   0   0   0  10   0   0   0   0   0   0   0   0  0.49 0.02
   33 I   -1 -3 -4 -4 -1 -3 -3 -4 -4  5  1 -3  1  0 -3 -3 -1 -3 -2  3    0   0   0   0   0   0   0   0   0  82   0   0   0   0   0   0   0   0   0  18  0.46 0.04
   34 N   -1 -1  4  0 -2 -1 -1 -1 -1 -1  0 -1 -1 -2 -2  2  1 -3 -2  1    0   0  43   0   0   0   0   0   0   0  10   0   0   0   0  20  10   0   0  17  0.24 0.02
   35 I   -2 -3 -4 -4 -2 -3 -4 -4 -4  4  2 -3  1  0 -3 -3 -1 -3 -2  2    0   0   0   0   0   0   0   0   0  80  20   0   0   0   0   0   0   0   0   0  0.45 0.03
   36 D   -1  0  3  4 -3  0  0 -1 -1 -3 -3  1 -2 -3 -2  2  0 -4 -2 -3    0   0  28  31   0   0   0   0   0   0   0  13   0   0   0  29   0   0   0   0  0.44 0.02
   37 D   -2  0  2  5 -4  0  1 -2 -1 -3 -4  2 -3 -4 -2  0 -1 -4 -3 -3    0   0  11  68   0   0   0   0   0   0   0  20   0   0   0   0   0   0   0   0  0.70 0.03
   38 N   -2 -1  5  4 -3  0  0 -1  0 -4 -4 -1 -3 -4 -2  1  0 -4 -3 -3    0   0  57  36   0   0   0   0   0   0   0   0   0   0   0   7   0   0   0   0  0.68 0.03
   39 Q   -1  2  3  0 -3  1  0 -2 -1 -3 -3  0 -2 -3  5  0 -1 -3 -2 -2    1  21  25   1   0   7   1   1   0   1   1   1   0   0  37   1   1   0   0   1  0.63 0.02
   40 S    1 -1  0  0 -1  0  0  0 -1 -2 -2  0 -1 -2  0  3  1 -2 -1 -1   13   2   1   2   1   1   2   2   1   2   3   2   1   1   2  59   2   0   1   2  0.24 0.01
   41 S    1 -1  0  0 -1  0  0 -1 -1 -2 -2  0 -1 -2  2  4  1 -2 -2 -2    2   1   1   1   0   1   1   2   0   1   2   1   0   1  12  70   1   0   1   1  0.37 0.02
   42 I   -1 -3 -4 -4 -1 -3 -4 -4 -4  5  1 -3  1  0 -3 -3 -1 -3 -2  3    0   0   0   0   0   0   0   0   0  90   0   0   0   0   0   0   0   0   0  10  0.49 0.04
   43 Y   -2 -2 -3 -4 -3 -2 -3 -4  1 -1 -1 -2 -1  4 -4 -2 -2  2  7 -1    0   0   0   0   0   0   0   0   0   0   0   0   0  20   0   0   0   0  80   0  0.93 0.05
   44 N   -2 -1  6  4 -3  0  0 -1  0 -4 -4 -1 -3 -4 -2  0 -1 -4 -3 -3    0   0  67  33   0   0   0   0   0   0   0   0   0   0   0   0   0   0   0   0  0.74 0.04
   45 I   -2 -3 -4 -4 -2 -3 -4 -4 -4  5  1 -3  1  0 -3 -3 -1 -3 -2  3    0   0   0   0   0   0   0   0   0 100   0   0   0   0   0   0   0   0   0   0  0.52 0.05
   46 I   -2 -3 -4 -4 -2 -3 -4 -4 -4  5  1 -3  1  0 -3 -3 -1 -3 -2  3    0   0   0   0   0   0   0   0   0 100   0   0   0   0   0   0   0   0   0   0  0.52 0.05
   47 A    3 -1  3  0 -1 -1 -1  0 -1 -2 -2 -1 -1 -3 -1  1  1 -3 -2 -1   56   0  33   0   0   0   0   0   0   0   0   0   0   0   0   0  11   0   0   0  0.33 0.03
   48 S    0 -2 -1 -2 -2 -1 -1 -2 -1 -1 -1 -1 -1  2 -2  2  3 -1  3 -1    0   0   0   0   0   0   0   0   0   0   0   0   0  13   0  31  36   0  20   0  0.29 0.03
   49 S    0 -1  0 -1 -2 -1 -1 -1 -2 -3 -3 -1 -2 -3  5  4  1 -3 -2 -2    0   0   0   0   0   0   0   0   0   0   0   0   0   0  33  67   0   0   0   0  0.71 0.04
   50 L   -1 -2 -2 -2 -1 -2 -2 -2 -2  1  3 -2  1  0 -2  2  0 -2 -2  0    0   0   0   0   0   0   0   0   0   0  67   0   0   0   0  33   0   0   0   0  0.25 0.03
   51 A    3 -1  0 -1 -1 -1 -1  0 -1 -2 -2 -1 -1 -3 -1  3  1 -3 -2 -1   48   0   0   0   0   0   0   0   0   0   0   0   0   0   0  52   0   0   0   0  0.40 0.03
   52 L   -1 -2 -2 -1 -2 -1  1 -3 -2  2  2 -1  1  2 -2  0 -1 -2  0  1    0   0   0   0   0   0  20   0   0  27  27   0   0  12   0  14   0   0   0   0  0.12 0.01
   53 I   -1 -2 -3 -3 -2 -2 -3 -4 -3  4  1  0  1 -1 -3 -2 -1 -3 -2  3    0   0   0   0   0   0   0   0   0  69   0  12   0   0   0   0   0   0   0  18  0.31 0.03
   54 E   -1 -1  0  4 -4  1  5 -2 -1 -4 -4  0 -3 -4 -2  0 -1 -4 -3 -3    0   0   0  34   0   0  66   0   0   0   0   0   0   0   0   0   0   0   0   0  0.74 0.04
   55 E   -1  3 -1  0  3  1  4 -2 -1 -3 -3  2 -2 -3 -2 -1 -1 -3 -2 -2    0  20   0   0  12   0  54   0   0   0   0  14   0   0   0   0   0   0   0   0  0.47 0.03
   56 E   -1  0  0  0 -4  5  4 -2  0 -3 -3  1 -1 -4 -2  0 -1 -3 -2 -3    0   0   0   0   0  61  39   0   0   0   0   0   0   0   0   0   0   0   0   0  0.69 0.04
   57 I   -1 -3 -4 -4 -1 -3 -3 -4 -4  4  2 -3  1  0 -3 -3 -1 -3 -2  3    0   0   0   0   0   0   0   0   0  76  12   0   0   0   0   0   0   0   0  11  0.43 0.03
   58 I   -1 -3 -3 -3 -1 -2 -3 -3 -3  4  2 -2  1  0 -3  0 -1 -3 -2  2    0   0   0   0   0   0   0   0   0  66  20   0   0   0   0  14   0   0   0   0  0.29 0.03
   59 N   -1 -1  5  2 -3  0  1 -1  0 -1 -2 -1 -2 -3 -2  0  0 -4 -2  0    0   0  54  12   0   0  14   0   0   0   0   0   0   0   0   0   0   0   0  20  0.38 0.03
   60 E    1  0 -1  0 -2  1  4 -2 -1 -1 -2  1 -1 -3 -1  0 -1 -3 -2  0   20   0   0   0   0   0  55   0   0   0   0  11   0   0   0   0   0   0   0  14  0.33 0.03
   61 L   -1 -3 -4 -4 -1 -2 -3 -4 -3  2  4 -3  2  0 -3 -3 -1 -2 -1  2    0   0   0   0   0   0   0   0   0   0  79   0   0   0   0   0   0   0   0  21  0.43 0.03
   62 N   -1  0  5  1 -3  0  0 -1  0 -3 -3  1 -2 -3 -2  2  0 -4 -2 -3    0   0  66   0   0   0   0   0   0   0   0  14   0   0   0  20   0   0   0   0  0.55 0.04
   63 L   -1 -1 -2 -1 -2  0  3 -3 -2  1  2  1  1 -1 -2 -1 -1 -3 -2  0    0   0   0   0   0   0  34   0   0   9  45  12   0   0   0   0   0   0   0   0  0.20 0.02
   64 F   -2 -3 -4 -4 -2 -3 -3 -4 -2  1  3 -3  1  5 -4 -3 -2  0  1  0    0   0   0   0   0   0   0   0   0   0  55   0   0  45   0   0   0   0   0   0  0.48 0.03
   65 F   -3 -3 -4 -4 -3 -4 -4 -4 -2  0  0 -4  0  7 -4 -3 -3  1  3 -1    0   0   0   0   0   0   0   0   0   0   0   0   0 100   0   0   0   0   0   0  0.94 0.05
   66 S    0  0  0  2 -2  0  0 -1 -1 -2 -1  3 -1 -3 -1  3  0 -3 -2 -2    0   0   0  18   0   0   0   0   0   0   8  32   0   0   0  42   0   0   0   0  0.27 0.02
   67 K   -1  4  0 -1 -3  1  0 -2 -1 -3 -3  4 -2 -3 -2  1 -1 -3 -2 -3    0  29   0   0   0   0   0   0   0   0   0  58   0   0   0  12   0   0   0   0  0.50 0.03
   68 M   -1 -3 -3 -4 -2 -2 -3 -4 -3  4  2 -2  5  0 -3 -2 -1 -2 -1  2    0   0   0   0   0   0   0   0   0  57   0   0  43   0   0   0   0   0   0   0  0.40 0.04
   69 K   -1  2  0  2 -3  3  1 -2 -1 -3 -3  3 -2 -3 -1  1 -1 -3 -2 -3    0  12   0  20   0  22   0   0   0   0   0  37   0   0   0  10   0   0   0   0  0.40 0.02
   70 P   -1 -2 -2  0 -4  0  3 -3 -2 -3 -3 -1 -3 -4  7 -1 -1 -4 -3 -3    0   0   0   0   0   0  34   0   0   0   0   0   0   0  66   0   0   0   0   0  1.32 0.04
   71 G    0 -2  2  2 -3 -1 -1  5 -2 -2 -3 -1 -2 -3 -2  0 -1 -3 -3 -1    0   0  15  13   0   0   0  61   0   0   0   0   0   0   0   0   0   0   0  12  0.55 0.02
   72 G    0 -2 -1 -2 -2 -2 -2  5 -2 -2 -3 -2 -2 -3 -2  1 -1 -3 -3 -1    0   0   0   0   0   0   0  76   0   0   0   0   0   0   0  13   0   0   0  12  0.71 0.03
   73 T    1 -1  0  0 -2  1  3 -1 -1 -3 -3  0 -2 -3 -1  2  1 -3 -2 -2   12   0   0   0   0   0  44   0   0   0   0   0   0   0   0  34   9   0   0   0  0.38 0.03
   74 Y   -2 -2 -3 -4 -3 -2 -3 -4  1 -1 -1 -3 -1  5 -4 -2 -2  2  6 -1    0   0   0   0   0   0   0   0   0   0   0   0   0  41   0   0   0   0  59   0  0.84 0.04
   75 W   -3 -3 -4 -4 -3 -3 -4 -3 -2 -1  0 -4 -1  6 -4 -3 -3  8  3 -2    0   0   0   0   0   0   0   0   0   0   0   0   0  66   0   0   0  34   0   0  1.14 0.05
   76 A    0  1  2 -1 -2  3  0  1 -1 -3 -3  2 -1 -3 -2  0  1 -3 -2 -2    9   0  15   0   0  23   0  12   0   0   0  29   0   0   0   0  12   0   0   0  0.27 0.02
   77 A    3 -1 -1 -1 -1  0  2 -1 -2  0 -1 -1 -1 -2 -1  1  0 -3 -2  0   59   0   0   0   0   0  20   0   0  10   0   0   0   0   0  12   0   0   0   0  0.26 0.02
   78 I   -2 -3 -4 -4 -2 -3 -3 -4 -3  4  2 -3  1  0 -3 -3 -1  7  0  2    0   0   0   0   0   0   0   0   0  66  15   0   0   0   0   0   0  20   0   0  0.54 0.03
   79 E   -1  0  0  1 -4  3  5 -2  0 -3 -3  2 -2 -4 -1  0 -1 -3 -2 -3    0   0   0   0   0  22  64   0   0   0   0  15   0   0   0   0   0   0   0   0  0.63 0.03
   80 E    1  0  0  2 -3  2  3 -1 -1 -3 -3  2 -2 -3 -1  0 -1 -3 -2 -2   20   0   0  10   0  12  36   0   0   0   0  23   0   0   0   0   0   0   0   0  0.37 0.02
   81 H   -2  0  0  2 -3  0  0 -2  7 -3 -3  2 -2 -1 -2 -1 -2 -2  2 -3    0   0   0  15   0   0   0   0  56   0   0  20   0   0   0   0   0   0  10   0  0.56 0.04
   82 I   -2 -3 -4 -4 -1 -3 -3 -4 -3  4  3 -3  1  0 -3 -3 -1 -3 -1  2    0   0   0   0   0   0   0   0   0  66  34   0   0   0   0   0   0   0   0   0  0.42 0.03
   83 S    1 -1  0 -1 -1  0 -1 -1 -1 -2 -2 -1 -2 -3 -1  4  3 -3 -2 -2    0   0   0   0   0   0   0   0   0   0   0   0   0   0   0  78  22   0   0   0  0.48 0.04
   84 S    0 -2 -1 -2 -1 -1 -1 -2 -2  2  0 -1  0 -2 -2  3  2 -3 -2  1    0   0   0   0   0   0   0   0   0  29   0   0   0   0   0  43  15   0   0  13  0.19 0.02
   85 K   -1  1  3  0 -3  1  0 -2 -1 -3 -3  4 -2 -4  4  0 -1 -4 -2 -3    0   0  22   0   0   0   0   0   0   0   0  59   0   0  20   0   0   0   0   0  0.53 0.03
   86 S    1 -1  2  0 -1  0  0 -1 -1 -3 -3  0 -2 -3 -1  4  2 -3 -2 -2    0   0  12   0   0   0   0   0   0   0   0   0   0   0   0  76  12   0   0   0  0.45 0.04
   87 T    0 -2  0 -1 -1 -1 -1 -2 -2  1 -1 -1 -1 -2 -2  3  3 -3 -2  0    0   0   0   0   0   0   0   0   0  22   0   0   0   0   0  34  44   0   0   0  0.28 0.03
   88 T    0 -1  0 -1 -1 -1 -1 -2 -2 -1 -2 -1 -1 -3 -1  2  5 -3 -2 -1    0   0   0   0   0   0   0   0   0   0   0   0   0   0   0  20  80   0   0   0  0.51 0.04
   89 Y   -2 -2 -2 -3 -3 -1 -2 -3  4 -2 -1 -2 -1  4 -3 -2 -2  1  6 -2    0   0   0   0   0   0   0   0  19   0   0   0   0  14   0   0   0   0  67   0  0.74 0.03
   90 S    0  0  2  1 -3  1  3 -1  4 -3 -3  0 -2 -3 -1  2  0 -3 -1 -3    0   0  14   0   0   0  39   0  19   0   0   0   0   0   0  28   0   0   0   0  0.39 0.02
   91 A    4 -2 -2 -2 -1 -1 -1  2 -2 -2 -2 -1 -1 -3 -1  1  0 -3 -2 -1   81   0   0   0   0   0   0  19   0   0   0   0   0   0   0   0   0   0   0   0  0.42 0.02

                      K         Lambda
Standard Ungapped    0.1336     0.3171
Standard Gapped      0.0427     0.2670
PSI Ungapped         0.1394     0.3151
PSI Gapped           0.0427     0.2670
