
Last position-specific scoring matrix computed, weighted observed percentages rounded down, information per position, and relative weight of gapless real matches to pseudocounts
            A   R   N   D   C   Q   E   G   H   I   L   K   M   F   P   S   T   W   Y   V   A   R   N   D   C   Q   E   G   H   I   L   K   M   F   P   S   T   W   Y   V
    1 M    -7  -8  -8  -9  -8  -6  -8  -9  -8  -5  -4  -8  11  -6  -9  -8  -7  -8  -7  -5    0   0   0   0   0   0   0   0   0   0   0   0 100   0   0   0   0   0   0   0  4.30 1.63
    2 L    -6  -7  -6  -8  -6  -7  -8  -8   1   4   6  -7  -3  -3  -8  -7  -5  -7  -2  -2    0   0   0   0   0   0   0   0   3  24  68   0   0   1   0   0   0   0   1   2  1.72 0.83
    3 D    -7  -7   2   8  -6  -5  -2  -6  -4  -9  -9  -6  -9  -9  -3  -1  -6 -10  -9  -9    0   0   7  84   0   0   2   0   0   0   0   0   0   0   1   4   0   0   0   0  2.64 1.20
    4 I    -4  -2  -6  -7  -6  -5  -7  -7  -5   6   2  -5   1   1   1  -4  -3  -2   1   0    1   2   0   0   0   0   0   0   0  47  20   1   3   5   6   1   1   1   5   5  1.09 0.60
    5 N    -2   2   4   1  -7   0   1  -4   1  -6  -6   6  -6  -4  -6  -2  -3  -7  -5  -6    4  12  16   8   0   4   7   1   3   0   0  41   0   1   0   2   1   0   0   0  1.01 0.62
    6 L    -2  -1  -2  -2  -5  -2  -3  -4   1  -1   3  -1  -1   4  -4  -3  -2   4   3  -2    4   4   2   3   0   2   2   1   4   3  29   4   1  20   1   2   2   5  11   2  0.54 0.38
    7 L    -5  -7  -8  -8  -6  -7  -8  -8  -5   6   3  -7  -1   3  -7  -7  -5  -3  -2   1    0   0   0   0   0   0   0   0   0  46  29   0   1  13   0   0   0   0   1   9  1.49 0.73
    8 R    -2   7  -4  -5   1  -1  -3  -7  -4  -1  -2   1  -4  -3  -6  -3  -2  -7  -4  -1    4  61   0   1   3   2   1   0   0   4   4   8   0   1   0   2   2   0   0   4  1.46 0.79
    9 N     0  -2   3   2  -6   2   5  -3  -2  -6  -5   0  -5  -5  -5   0   0  -7  -4  -5    9   2  13  12   0   8  34   2   1   0   1   6   0   0   0   7   5   0   0   0  0.76 0.53
   10 D    -4  -2   7   3  -4   0   0  -6   3  -8  -7  -2  -5  -6  -6  -2  -4  -8  -3  -6    1   2  54  17   0   4   6   0   7   0   0   2   0   0   0   3   1   0   1   0  1.63 0.86
   11 I     0  -2  -6  -6  -5  -2  -4  -5  -5   0   0   0  -4  -1   7  -2   0  -7  -3  -1    8   2   0   0   0   2   1   1   0   6  10   7   0   3  47   3   5   0   1   5  1.07 0.65
   12 E    -1  -3   0   5  -5   1   5  -3  -3  -6  -6  -1  -7  -8  -2  -2  -4  -8  -5  -4    5   1   3  33   0   5  39   2   1   0   1   4   0   0   2   2   1   0   0   1  1.20 0.72
   13 A     1   0  -1  -1  -3  -1   2  -2  -2   0   2   1  -1   0  -2  -1  -1  -1  -1   0   12   5   2   3   0   2  13   2   0   6  21  11   1   4   1   4   3   1   2   7  0.12 0.16
   14 V    -2  -6  -6  -7  -4  -6  -6  -7  -3   4   0  -4   0   2  -7  -6  -3  -2   3   5    4   0   0   0   0   0   0   0   1  24   7   1   2   8   0   0   1   1   8  43  1.17 0.64
   15 A     1   4  -3  -1  -4   1   1  -5  -1   0  -2   4  -3  -3  -5  -1  -2  -6  -3  -2   11  25   1   3   0   7   9   0   1   6   4  23   0   1   0   3   2   0   1   2  0.59 0.44
   16 A     1   1   0   1  -5   3   4  -4  -1  -4  -4   3  -5  -5  -5  -2  -1  -7  -5  -5   13   8   4   7   0  12  30   1   1   1   2  16   0   0   0   3   3   0   0   0  0.69 0.50
   17 R     2   1   5  -2  -3  -2  -2   0  -2  -3  -3   0   0  -5  -5   3  -1  -6  -4  -3   16   7  27   2   0   1   2   6   1   2   3   6   3   0   0  19   3   0   0   1  0.58 0.45
   18 L     0  -5  -3  -6   4   3  -2  -6  -3   3   4  -5   2   0  -6  -3  -3  -2  -3   0    8   0   1   0   7  12   3   0   1  15  36   0   5   3   0   2   1   1   1   5  0.64 0.44
   19 A     2   4  -1  -2  -3   1   1  -3  -3   0  -1   3  -3  -4  -4   0  -1  -6  -4  -2   16  19   3   1   0   5   8   2   0   5   7  20   0   0   0   5   4   0   0   2  0.40 0.34
   20 G    -1   4   3   1  -6   0  -1  -4   0  -3  -1   4  -2  -4  -5  -1  -1  -4  -4  -3    6  20  12   7   0   4   2   0   2   1   6  27   1   0   0   4   4   0   0   2  0.57 0.42
   21 R    -7   8  -5  -7  -9  -4  -5  -8  -6  -8  -8   3  -5  -9  -8  -7  -6  -9  -8  -8    0  81   0   0   0   0   0   0   0   0   0  17   0   0   0   0   0   0   0   0  2.76 1.26
   22 G    -3   0   4  -2  -2  -1  -3   5   0  -5  -5   2  -5   2  -6  -1  -4  -6  -1  -6    2   6  17   2   1   3   1  36   3   0   1  12   0  10   0   3   1   0   2   0  0.80 0.51
   23 Y     1  -1  -1   0   0  -1   0   0  -1   0   0   0   1   2  -2   0  -1  -2   2   1   12   2   2   5   2   2   6   6   2   5   9   5   4   9   1   6   2   0   9  11  0.06 0.10
   24 T    -1  -2   2   4  -5  -1   2  -2  -1  -3  -4   1  -4  -5   2   1   0  -6  -4  -2    5   2   9  26   0   3  10   2   2   2   1   9   0   0   9  11   5   0   0   3  0.48 0.37
   25 L     1  -3  -3  -2  -1  -1   0  -1  -2   1   1  -2  -1   1   1  -1  -1  -1  -2   3   11   1   0   3   1   2   8   5   1   7  15   3   1   7   8   3   2   1   1  22  0.17 0.20
   26 D    -1  -2   3   5  -6  -2   2  -4  -1  -2  -2   0  -4  -6  -1   0  -1  -7  -4  -2    5   1  13  36   0   1  10   1   1   2   4   5   0   0   4   8   3   0   1   3  0.68 0.47
   27 T    -1  -5  -6  -4  -5  -6  -4  -6  -6   4   2  -5  -1  -1   0  -2  -2  -2  -3   5    5   0   0   1   0   0   1   0   0  22  21   1   1   3   5   3   2   1   1  33  0.82 0.49
   28 A     0  -2   1   6  -6   0   2  -2   0  -4  -4   0  -5  -4  -2   0  -2  -3  -3  -3    7   2   5  43   0   3  13   3   2   1   2   5   0   1   2   5   3   0   1   2  0.83 0.53
   29 A     0   2  -1  -1  -5   2   3  -3   0  -3  -1   3  -3  -3  -3  -1  -1  -4  -1  -4   10  13   2   3   0   8  23   2   2   1   6  17   0   1   1   3   4   0   2   1  0.41 0.35
   30 F    -3  -6  -6  -7  -4  -6  -7  -6  -6   5   3  -6  -1   3  -7  -6  -3  -1  -1   4    2   0   0   0   0   0   0   1   0  26  27   0   1  11   0   0   1   1   2  27  1.07 0.57
   31 N    -1  -1  -1  -2  -2  -1  -2  -5  -1   3   4  -1  -1  -2  -3  -2  -3  -3  -3   2    4   4   3   3   1   3   3   0   1  20  35   4   1   1   1   3   1   0   0  12  0.47 0.34
   32 Q     2   0  -1   2  -4   1   4  -3  -1  -4  -3   2  -4  -5  -5   1  -1  -5  -4  -3   18   5   3   9   0   6  26   1   1   1   2  11   0   0   0  11   3   0   0   1  0.51 0.41
   33 L     0  -4  -4  -4  -1  -3  -5  -7  -6   1   5  -3   1  -2  -5  -4  -3  -2   0   0    8   1   1   1   1   1   1   0   0   6  62   2   3   1   1   2   1   1   3   5  1.02 0.60
   34 E    -4  -2   0   7  -5  -5   1  -6   1  -3  -5  -5  -4  -1  -5  -2  -5   2   5  -5    1   2   3  51   0   0   7   0   3   2   1   0   0   2   1   3   0   3  16   1  1.39 0.77
   35 S     0   0   2   2  -5   2   4  -1   0  -3  -3   2  -3  -4  -4   0   0  -6  -3  -3    9   5   8   9   0   8  24   4   2   1   2  13   0   1   0   5   6   0   1   2  0.41 0.34
   36 E    -1   2  -1   0  -6   3   4  -5  -1  -4  -2   3  -4  -6  -4  -1  -1  -1  -4  -3    4  12   3   5   0  14  29   0   1   1   4  15   0   0   0   4   3   1   0   2  0.67 0.48
   37 R    -2   5  -4  -6  -5  -2  -4  -6   0  -3   0   0  -2   0  -6  -3  -4   8   3  -2    3  34   1   0   0   2   1   0   2   2   8   6   1   3   0   2   1  22   8   3  1.26 0.69
   38 K    -4   7  -1  -4  -3  -1  -3  -4  -2  -3  -1   4  -4  -5  -5  -2  -3  -7  -4  -1    1  50   3   1   1   3   1   1   1   2   6  19   0   0   0   2   2   0   1   4  1.21 0.68
   39 S     1   1   0   0  -5   2   3  -2  -1  -2  -3   3  -4  -5  -4   0   0  -5  -3  -2   12   7   5   5   0   8  19   2   1   2   3  18   0   0   0   7   6   0   1   2  0.37 0.31
   40 L     0  -2  -2  -4   1  -2  -3  -3  -1   2   4  -1   0  -2  -5  -2  -1  -3  -2   0   10   2   2   0   3   2   2   1   2  10  43   5   2   1   0   3   4   0   1   6  0.48 0.34
   41 Q    -3   2  -2  -1  -4   4  -1  -4  -4   2   2   2   0  -4  -4  -2   0  -5  -3  -1    2  13   1   3   0  22   4   1   0  11  17  10   2   0   0   2   6   0   1   4  0.46 0.38
   42 S     0   1  -1  -2  -4   3  -1  -1   1  -1  -2   2  -2   2  -3   0   2  -2   1  -1    8   7   3   1   0  13   3   4   3   3   2  11   1   9   1   6  13   0   6   5  0.19 0.22
   43 R    -1   1  -1   1  -3   3   5  -4  -2  -3  -3   2  -4  -5  -4   0  -1  -4  -3  -4    6   8   3   6   1  10  35   1   1   2   3  13   0   0   0   5   4   0   1   1  0.65 0.47
   44 M     1  -1  -3  -3   0  -2  -4  -2  -3   3   3  -3   0  -1  -5  -1   0  -2  -1   3   12   4   1   1   2   1   1   2   1  15  25   1   1   2   0   3   6   0   2  19  0.36 0.28
   45 Q    -3  -1   2   5  -7   2   5  -3  -3  -5  -5  -2  -4  -6  -5  -1  -2  -7  -4  -5    2   3   9  28   0   9  36   2   0   1   1   2   1   0   0   3   3   0   1   0  1.07 0.65
   46 E     0   0   2   1  -4   2   3  -1   1  -4  -3   2  -3  -4  -2   0   0  -5  -3  -3    9   4  10   9   0  11  18   4   3   1   3  10   0   1   2   8   6   0   1   1  0.33 0.30
   47 L    -1  -4  -5  -5  -1  -4  -5  -6  -3   1   5  -1   2  -1  -4  -4  -3   0  -1   0    5   1   0   1   1   1   0   0   1   7  61   4   4   3   1   1   1   1   2   5  0.98 0.57
   48 Q    -4   6   2  -5  -2   3  -1  -4  -4  -5  -3   2  -4  -6  -4  -3  -4  -7  -4  -4    1  46  10   0   1  14   4   1   0   1   3  13   0   0   1   2   1   0   1   1  1.24 0.72
   49 A     4   0   0  -3  -4   1   0  -2   3  -4  -5   2  -3  -4  -5   1   0  -6  -1  -5   32   5   5   1   0   7   7   3   7   1   0  12   1   1   0  10   5   0   2   0  0.52 0.43
   50 K    -2   2   0   0  -7   3   5  -5  -4  -4  -1   3  -1  -4  -5  -3  -3  -6  -5  -3    3  11   4   4   0  11  36   0   0   1   6  16   1   1   0   2   1   0   0   2  0.80 0.55
   51 R    -3   6  -3  -5  -4   3  -3  -5   0   0  -1   4  -2  -2  -5  -2  -5  -6  -4  -2    2  41   1   0   0  11   1   1   2   6   6  21   1   2   0   3   0   0   1   3  1.01 0.62
   52 N    -4  -2   8  -2  -7  -3  -1  -3  -2  -8  -8   2  -7  -8  -7  -2  -5  -8  -7  -6    1   2  72   2   0   1   4   2   1   0   0  11   0   0   0   2   0   0   0   1  2.17 1.05
   53 A     1   1   0  -1  -3   2   2  -2  -2  -1  -1   2  -2  -3  -3   0   1  -5  -4   0   14   8   4   3   0   9  14   2   0   3   7  15   0   1   0   7   7   0   0   6  0.23 0.24
   54 T     0  -1  -1  -4   1  -2  -3  -3  -1   3   3  -2   0  -1  -4  -2  -1  -4  -2   2   10   3   3   1   3   1   1   2   2  16  28   3   2   3   0   3   4   0   1  16  0.34 0.26
   55 S     1  -2   1  -3  -5   1  -2   0  -4  -5  -5  -2  -5  -5  -4   6   1  -6  -4  -4   13   2   6   1   0   7   2   6   0   1   1   2   0   1   1  50   7   0   1   1  0.92 0.62
   56 K    -1   1   0   0  -6   1   1  -3  -2  -5  -4   6  -4  -6  -4  -1  -3  -6  -4  -4    6   7   4   6   0   5   9   2   1   0   1  51   0   0   1   5   1   0   1   2  1.01 0.59
   57 Q     0   0   0   0  -4   4   4  -3  -2  -4  -2   1  -3  -5  -3   1   0  -4  -4  -3    8   5   5   4   0  16  27   1   1   1   5   9   1   0   1   9   5   0   0   1  0.50 0.38
   58 I    -3  -4  -3  -5  -3  -4  -5  -5  -4   7   0  -4   2   1  -5  -4  -4  -3  -2   3    2   1   1   1   1   1   1   1   1  52   7   1   4   5   1   1   1   0   1  17  1.20 0.57
   59 G     2   0  -1  -2  -4  -1  -2   4  -1  -2  -3   2  -3  -3   0   0  -1  -4  -3  -3   16   5   2   2   0   3   3  34   1   2   2  11   1   1   5   6   3   0   1   2  0.46 0.30
   60 I     1   1   0   0  -2   2   1  -1  -1   0  -1   2   0  -2  -2   0   0  -3  -1  -1   11   6   5   3   1  10  10   4   1   5   7  15   2   2   2   5   4   0   2   4  0.11 0.12
   61 A     2   1  -1  -2  -2  -1  -2  -2  -2   0   2   2   1  -2  -2  -1  -1  -3  -1  -1   18   7   3   1   1   2   2   3   1   5  25  13   3   2   2   4   2   0   3   4  0.19 0.19
   62 K    -1   1  -2  -2  -4   0  -2  -3  -1  -2  -2   6   3  -3  -2  -1  -3  -4  -3  -2    6   6   2   3   0   4   2   2   2   2   4  46   8   1   2   5   2   0   1   3  0.80 0.47
   63 G     0   2   0   0  -3   0  -1   1  -2  -2  -1   4  -2  -4  -2   0  -2  -4  -3  -2    9  10   4   6   1   4   4  12   1   2   6  27   1   1   2   7   2   0   0   3  0.30 0.24
   64 K     1   0   2   1  -3   2   1  -1  -3  -2  -3   3  -1  -4  -1   1  -1  -4  -3  -2   13   4   8   7   0   8  10   5   0   2   2  17   2   1   3  10   4   0   1   3  0.25 0.22
   65 G    -1  -2   1  -1  -5   0  -1   4  -2  -4  -4   4  -4  -3   1   0  -2  -5  -4  -4    4   2   6   3   0   4   3  31   1   1   2  24   0   1   8   6   2   0   0   1  0.61 0.39
   66 E    -2  -2   0   3  -4   1   5  -1  -2  -3  -3   3  -4  -4  -2  -1  -2  -5  -5  -3    3   2   4  13   0   6  34   5   1   1   2  15   0   1   2   5   3   0   0   2  0.62 0.42
   67 D    -2  -1   2   5  -5   0   3  -4  -4  -4  -3   0  -4  -4   2  -1  -3  -5  -5  -4    3   4   8  33   0   4  19   1   0   1   2   6   0   1  11   4   1   0   0   1  0.77 0.46
   68 V     2   2  -2  -1   0  -2  -2  -2  -3   1  -1   1  -2   0  -1   0   1  -1  -1   1   22  12   2   3   2   1   2   2   0   9   6   9   0   3   2   5   7   1   3   8  0.16 0.18
   69 S     0  -1   0   2  -5   3   3  -2  -1  -3  -3   1  -3  -5   1   1   0  -5  -3  -3    9   2   3  12   0  11  20   3   1   1   3   7   0   0   6  11   7   0   1   1  0.36 0.30
   70 A     2   0  -1   1  -3   1   4  -2  -1  -4  -3   2  -4  -4  -1   1  -1  -5  -3  -3   19   5   3   8   0   5  23   3   1   1   2  11   0   1   3   9   3   0   1   2  0.38 0.32
   71 I     0  -2  -2  -3  -3  -1   0  -4  -3   2   4  -1   0   0  -4  -3  -2  -3  -2   0    8   2   2   1   0   3   6   1   1   9  45   5   2   3   1   2   1   0   1   7  0.50 0.34
   72 L    -3   1  -5  -5  -5  -1  -3  -4  -3   5   2   2   3  -1  -3  -3  -3  -2  -4   1    2   7   0   0   0   3   2   2   1  33  17  12   6   2   1   2   1   1   0   8  0.60 0.39
   73 A     3  -1   0   0  -5   2   3  -3  -2  -3  -3   2  -3  -5  -4   0  -1  -1  -4  -3   21   3   5   5   0   9  22   2   1   2   2  14   1   0   0   6   3   1   0   2  0.45 0.37
   74 E    -1   2  -3   0  -6   4   5  -4   0  -4  -3   3  -3  -5  -5  -1  -3  -6  -4  -5    5  11   1   5   0  15  32   1   2   1   3  16   0   1   0   3   1   0   1   0  0.79 0.53
   75 V     2  -3  -3  -4  -3  -3  -4   2  -5   1   0   0   5  -4  -4   1  -1  -2  -4   2   18   1   1   0   0   1   1  14   0   6   9   5  13   0   1   9   3   1   0  16  0.40 0.33
   76 A     0   4   0  -3  -5   2   0  -2  -2  -2  -4   5  -4  -6  -5   0  -1  -6  -5  -3    8  21   5   1   0   7   6   3   1   2   1  32   0   0   0   5   3   0   0   2  0.73 0.49
   77 T     1   0   0   1  -3   2   4  -1  -1  -3  -2   2  -3  -4  -4   0  -1  -5  -4  -2   13   4   5   7   1   7  25   4   2   2   5  11   0   0   0   7   3   0   0   3  0.34 0.30
   78 L    -2  -5  -2  -7  -4  -4  -6  -7  -6   4   5  -3   1  -1  -6  -4  -2  -3  -3   1    3   0   2   0   0   1   0   0   0  24  49   2   3   2   0   1   2   0   1  10  1.06 0.57
   79 G     0   2   1  -1  -6  -2   0   1  -3  -2  -5   5  -4  -6  -2   1  -2  -4  -5  -4    7   8   6   3   0   1   5  12   0   2   1  38   0   0   2  11   2   0   0   1  0.68 0.47
   80 D     1  -1   1   3  -5   2   3  -2  -2  -4  -3   2  -4  -6  -2   0  -1  -6  -3  -3   12   3   7  15   0  10  21   2   1   1   3  12   0   0   2   5   4   0   1   2  0.45 0.36
   81 E    -2   3  -1   1  -6   4   4  -4  -1  -2  -3   3  -3  -4  -5  -1  -1  -6  -4  -4    3  13   2   6   0  16  26   1   1   3   3  16   0   1   0   5   3   0   0   1  0.66 0.47
   82 L    -3  -3  -6  -5  -4  -2  -4  -5  -5   6   3  -2   1  -2  -5  -3  -2  -4  -4   1    2   1   0   1   0   2   1   1   0  39  31   3   3   1   0   2   2   0   0  10  0.96 0.52
   83 K     1   0   1   0  -5   1   1  -2  -1  -3  -3   4  -4  -5  -1   1   0  -6  -4  -3   13   4   6   5   0   6   8   3   2   2   2  31   0   0   2   8   4   0   0   2  0.45 0.36
   84 A     1   0   0   1  -2   2   3  -2  -1  -2  -3   2  -3  -4  -3   0   0  -5  -3  -1   15   4   4   7   1   8  23   3   1   2   3  11   0   0   1   6   6   0   0   4  0.34 0.30
   85 A     0  -3  -1  -4  -1  -1  -3  -2  -2   1   4   1   2  -1  -5  -2  -2  -5   0   0    9   1   3   1   1   2   1   3   1   9  40   9   4   2   0   3   2   0   3   6  0.41 0.31
   86 E    -3  -1   0   2  -7   0   6  -4  -4  -4  -4   0  -5  -7  -5  -2  -2  -4  -1  -5    2   3   4  11   0   3  55   1   0   1   2   6   0   0   0   3   2   0   2   1  1.21 0.71
   87 Q     2   0   0   1  -4   1   2  -1  -1  -2  -2   2  -2  -3   0   0   0  -5  -2  -2   18   3   4   9   0   7  16   4   1   2   4  11   1   1   5   5   5   0   2   3  0.23 0.23
   88 A    -1   2  -1   1  -6   2   4  -4  -2  -2  -2   3  -2  -4  -4  -1  -2  -5  -5  -2    6  10   3   6   0  10  30   1   1   3   4  15   1   1   0   5   2   0   0   2  0.56 0.42
   89 F     0  -1  -3  -4  -3  -1   1  -5  -2   1   4  -1   1  -1  -5  -3  -2  -5   1   1    8   4   1   1   0   3  10   1   1   7  37   4   3   3   0   2   2   0   4  11  0.40 0.31
   90 D     1   2   1   1  -4   1   2  -2  -1  -2  -2   3  -1  -4  -3   0   0  -5  -4  -2   13  10   7   9   0   4  12   3   1   3   4  18   1   0   1   6   5   0   0   3  0.27 0.25
   91 G     0   0   0   1  -6   2   5  -2  -1  -3  -4   1  -4  -5  -2  -1   0   0  -4  -2    7   5   5   6   0   9  35   3   1   2   2   9   0   0   2   5   5   1   1   3  0.53 0.41
   92 V     1  -4  -5  -6   0  -3  -3  -6  -4   3   4   0   0  -1  -6  -3  -1  -4  -1   2   10   0   0   0   2   1   1   0   0  18  35   5   2   2   0   1   4   0   2  15  0.62 0.40
   93 Q    -2   0   0   2  -4   2   5  -4  -3  -4  -2   2  -2  -4  -5  -2  -1  -2  -3  -4    4   4   4  10   0   9  37   1   0   1   5  12   1   1   0   3   4   1   1   1  0.70 0.49
   94 G     2   0   1   1  -5   1   3  -2  -1  -4  -2   2  -4  -5  -3   1   0  -6  -3  -3   17   4   6   8   0   7  21   2   1   1   3  12   0   0   1   9   5   0   1   1  0.39 0.33
   95 Q     0   1  -2   0  -7   3   5  -5  -3  -3  -2   3  -4  -6  -4  -1  -1  -5  -4  -4    8   6   2   5   0  11  35   1   1   2   4  16   0   0   0   4   4   0   0   1  0.72 0.50
   96 L    -3   3  -5  -7  -4  -3  -5  -7  -2   3   4  -5   3   2  -7  -3  -4   2   1   0    2  14   0   0   0   1   0   0   1  14  39   0   6   8   0   2   0   3   5   5  0.80 0.48
   97 D    -2   2   3   3  -3   2   2  -4   1  -2  -1   1  -2  -1  -5  -1  -1  -3   2  -3    3  10  13  16   1   8  12   0   3   2   7   7   1   3   0   3   4   0   6   1  0.34 0.29
   98 A     1   0   1   2  -4   1   3  -2   0  -2  -2   1  -2  -3  -3   0   0  -3  -2  -3   12   4   7  11   0   7  19   3   2   2   5  10   1   1   1   7   5   0   1   1  0.27 0.25
   99 W     0  -1  -3  -4  -4  -1   1  -4   0   2   3   1   1   0  -5  -3  -2  -3   0  -1   10   2   1   0   0   2  10   1   2  12  32  10   3   4   0   1   2   0   4   3  0.35 0.30
  100 L     2  -1  -5  -6  -1  -3  -3  -3  -3   0   4  -4   4  -1  -6  -3  -3   1  -2  -1   19   3   0   0   1   1   1   3   1   6  43   0   9   3   0   2   1   2   1   3  0.70 0.46
  101 M    -1   0  -2  -1  -2  -1  -2  -2  -2  -1   4   0   2  -2  -3   0  -2   0   1  -1    6   5   2   3   1   3   2   3   1   3  40   6   4   1   1   9   1   1   5   3  0.32 0.29
  102 S     0   2   0  -1  -2   2   1  -2   0  -3  -1   2   0  -3  -2   1   1   2  -2  -2    7  12   4   3   1  10   9   3   2   1   7  13   2   1   1  10  10   3   1   2  0.20 0.21
  103 I    -5  -6  -8  -8  -4  -7  -7  -8  -7   6   4  -7  -1  -1  -7  -7  -4  -7  -4   3    0   0   0   0   0   0   0   0   0  44  32   0   1   3   0   0   1   0   0  17  1.51 0.71
  104 P    -5  -7  -8  -7  -9  -7  -6   2  -8  -9  -9  -7  -8  -9   8  -5  -7  -9  -9  -7    1   0   0   0   0   0   0  15   0   0   0   0   0   0  82   1   0   0   0   0  2.93 1.32
  105 N    -6  -7   9  -5  -9  -3  -7  -6  -6  -9  -7  -7  -3  -9  -8  -5  -6 -10  -8  -7    1   0  95   0   0   1   0   0   0   0   1   0   1   0   0   0   0   0   0   1  3.37 1.45
  106 L    -3  -2  -3  -1  -3  -3  -3  -6  -2   4   3  -3   2  -1  -1  -4  -1   2  -1   1    1   3   2   3   0   1   1   0   1  26  32   2   5   2   3   1   3   3   2   7  0.61 0.39
  107 P    -3  -6  -4  -6  -2  -5  -6  -6  -4   1   2  -6  -3  -4   6   0   3  -7  -4   2    2   0   0   0   1   0   0   0   0   7  17   0   1   1  33   7  17   0   0  12  0.96 0.60
  108 H     0  -4  -3   4  -5  -4  -2  -4   9  -5  -2  -5  -3  -2  -4   1  -5   0  -2  -5    8   1   1  19   0   0   3   1  44   1   6   0   1   2   1  10   0   1   1   1  1.50 0.79
  109 E    -1  -4  -1   3  -4  -2   3  -4  -2  -5  -5  -1  -3  -7   6  -1  -3  -8  -7  -5    4   1   3  17   0   2  20   1   1   0   1   4   1   0  37   6   2   0   0   1  1.09 0.65
  110 S    -2  -2  -1   5  -3  -2   1  -2  -1  -6  -4  -1  -4  -5  -5   4   0  -4  -4  -6    3   2   2  34   1   2  10   3   2   0   2   3   0   0   0  30   4   0   1   0  0.91 0.59
  111 V     0  -7  -6  -7  -1  -6  -7  -6  -7   0  -4  -6  -1  -6  -7  -1   2  -7  -6   7    7   0   0   0   1   0   0   0   0   4   1   0   1   0   0   4  11   0   0  69  1.68 0.85
  112 P    -4  -5  -6  -6  -5  -5  -6  -7  -5  -3  -4  -4  -4  -6   9  -5  -5  -8  -6  -3    1   1   0   0   0   0   0   0   0   2   2   1   1   0  86   1   1   0   0   2  2.83 1.25
  113 V    -2  -1  -3   0  -4  -2   1  -4  -2   4  -1  -2  -1  -2  -2  -2  -1  -5  -2   4    3   3   1   7   0   2   8   1   1  23   6   2   1   2   3   3   4   0   1  30  0.48 0.33
  114 G    -3  -6  -3  -4  -4  -4  -5   7  -3  -6  -6  -5  -4  -5  -5   2  -5  -6  -2  -6    2   0   1   1   0   1   1  72   1   1   1   1   0   1   0  15   0   0   2   1  1.79 0.83
  115 K     0   0   2   1  -2   0   1   1  -1  -3  -2   3  -1  -2   1  -1  -1  -4  -2  -3    6   4  11   9   1   4   9  10   1   1   4  19   1   2   7   4   3   0   1   2  0.23 0.19
  116 D    -3  -2   2   6  -3  -2   1   0  -4  -4  -4  -1  -5  -5  -3   1   1  -5  -3  -4    2   2   9  42   1   2   8   7   0   1   2   3   0   0   1  10   7   0   1   1  0.87 0.48
  117 E    -2  -4  -3   3  -7  -2   7  -4  -4  -7  -6  -2  -5  -5  -2  -2  -3  -7  -3  -5    4   1   1  15   0   1  64   1   0   0   1   2   0   1   2   3   1   0   1   1  1.58 0.83
  118 A     1  -3   1   3  -3  -1   2  -2   0  -4  -4   1  -3  -4  -2   3   1  -5  -5  -2   10   1   8  17   1   2  14   3   2   1   1   7   0   1   2  20   8   0   0   2  0.42 0.34
  119 D     0  -4   3   5  -1   1   3   0   0  -5  -5  -1  -3  -2  -4  -1  -3  -6  -3  -5    8   1  11  32   1   7  16   8   2   0   1   4   1   2   1   4   1   0   1   1  0.69 0.44
  120 N     1  -2   8  -3  -6  -4  -4  -3  -2  -5  -6  -3  -6  -2  -1  -2  -3  -6  -5  -4   11   2  66   1   0   1   1   2   1   1   1   1   0   2   3   3   1   0   0   2  1.76 0.85
  121 V    -1   2  -5  -4  -4   0   0  -4  -3   1  -1   3  -3  -3  -1  -3  -1  -6  -4   4    4  12   0   0   0   5   6   1   0   9   4  16   0   1   4   1   4   0   0  33  0.55 0.40
  122 E    -4  -4  -5  -4  -2  -2   4  -4  -4   2   0  -4  -3  -3  -1  -4   0  -7  -6   5    0   1   0   0   1   2  28   1   0  12   7   1   1   1   3   0   5   0   0  37  0.91 0.57
  123 V    -4  -3  -6  -5  -4  -4   0  -6  -3   5   2  -5   0  -3  -5  -5  -3  -4  -3   5    1   2   0   0   0   1   6   1   1  29  19   1   2   1   0   0   1   0   1  34  1.04 0.56
  124 R    -2   6  -3  -3  -3  -1   1  -3   0  -4  -4   4  -4  -1  -5  -1  -3  -6   0  -4    4  37   1   1   1   2  10   2   3   1   2  23   0   3   0   6   1   0   3   1  0.90 0.55
  125 R    -2   3  -2  -3  -4   0   1  -3   0  -1  -3   2   0  -3  -4   0   4  -3   1   1    2  13   1   1   0   4  10   1   2   3   3  14   2   1   0   5  24   0   5   9  0.42 0.36
  126 V    -4  -5  -3  -5  -1  -5  -1  -4   2   1  -4  -2  -4   2  -4  -2  -2  10   2   3    1   1   2   1   1   0   4   2   4   6   1   2   0   9   1   3   3  35   6  19  1.42 0.70
  127 G    -4  -3   1  -3  -3  -6  -3   7  -3  -5  -4  -2  -5  -6  -3  -2  -4  -2  -7  -4    1   1   5   2   1   0   2  74   1   1   2   3   0   0   1   3   1   1   0   1  1.70 0.81
  128 V    -1  -1   0   1  -5   0   4  -2  -1  -2  -3   1  -4  -4   1   0   1  -5  -3  -1    5   3   3   9   0   3  29   2   1   3   2  10   0   1   7   6  10   0   1   6  0.39 0.33
  129 P    -2  -2  -2  -2   0  -1   0  -4  -3   1  -2   4  -1  -4   5  -2  -3  -6  -3   0    3   2   2   2   2   2   5   1   0   8   4  23   2   1  32   3   1   0   1   6  0.72 0.47
  130 R    -2   4  -2  -1  -4  -1  -1  -5  -3  -2  -4   2  -3  -4   6  -1   0  -5  -5  -3    4  20   2   3   0   2   4   0   0   2   2  12   0   1  34   4   6   0   0   2  0.87 0.54
  131 Q     0   1   1   1  -2   1   3  -2   0  -1  -2   3  -2  -4  -1   0   1  -5  -3   0    7   6   6   6   1   6  17   2   2   3   3  17   1   0   2   7   8   0   1   7  0.23 0.22
  132 F    -2  -2  -3  -3  -4  -2  -2  -2  -2  -2  -1  -1   0   7   1  -1  -2  -1   1  -1    3   2   1   2   0   2   3   3   1   2   7   5   2  44   7   4   2   1   4   4  0.82 0.47
  133 D    -1  -3   2   5  -1  -1   2   0  -2  -4  -4   0  -3  -5   0   1   0  -3  -3  -3    6   1   8  33   1   3  11   6   1   1   1   6   0   0   4  12   5   0   1   1  0.56 0.38
  134 F    -2  -3  -2  -2   0  -3  -1  -2   1  -3  -3  -1  -3   7  -2  -1  -1   1   0  -2    3   1   2   3   2   1   4   4   4   1   2   4   0  51   3   4   5   2   3   3  1.05 0.54
  135 E    -1  -2   1   0  -4   1   3  -2  -1  -2  -3   3  -1  -4   2   0   0  -4  -4  -2    6   1   5   5   0   5  23   3   1   2   2  18   2   0   9   7   7   0   0   3  0.38 0.31
  136 V     0  -3  -3  -4   0  -4  -4  -3  -3   2   0   0  -2  -2   6  -2  -2  -3  -3   1    7   1   1   0   2   0   1   2   1  11   9   5   1   2  39   3   2   0   1  11  0.80 0.48
  137 K    -3   3  -3  -4  -6   0  -1  -4  -1  -2   1   5  -2  -1  -1  -3  -3  -5   0  -2    2  17   1   0   0   4   3   1   1   2  15  40   1   2   3   1   1   0   3   3  0.73 0.48
  138 D    -1  -3   2   5  -6  -2   0   0   3  -5  -5  -3  -4  -6   3   1   0  -3  -2  -5    4   1   8  31   0   1   4   7   6   1   1   1   0   0  15  13   5   0   2   0  0.71 0.46
  139 H    -6  -4  -5  -7  -5  -3  -5  -8  11  -6  -7  -4  -7   0  -8  -6  -6  -8   1  -4    0   1   0   0   0   1   1   0  86   1   0   1   0   3   0   0   0   0   3   1  3.57 1.37
  140 V    -2  -4  -3  -1  -3  -2  -1  -4   1   1   1  -3  -1   0  -4  -3  -1   6   3   3    3   1   1   5   0   1   4   1   4   8  15   1   1   3   0   2   3  12   9  24  0.49 0.34
  141 D    -1  -2  -2   5  -6   1   5  -5  -2  -4  -5  -2  -5  -5  -5  -2  -1  -7  -4  -2    5   2   1  31   0   5  41   1   1   1   1   1   0   1   0   2   4   0   0   3  1.12 0.63
  142 V    -5  -6  -7  -7  -5  -6  -7  -7  -7   5   5  -6  -1  -3  -7  -6  -4  -3  -4   0    1   0   0   0   0   0   0   0   0  34  56   0   1   1   0   0   0   0   0   5  1.55 0.72
  143 G     2  -5  -3  -5   2  -5  -4   5  -3   1   0  -5   3  -3  -4  -2  -2  -1  -2  -1   16   0   1   0   5   0   1  42   0   7  11   0   6   1   1   1   2   1   1   5  0.73 0.45
  144 A    -1   0   0  -1  -5   1   5  -3  -1  -3  -2   3  -1  -4  -3  -1   0  -2  -2  -2    6   4   4   2   0   5  37   2   1   2   4  15   2   1   1   4   7   1   1   3  0.53 0.40
  145 P     0   3   1   1  -4   0   1  -1   0  -1  -2   2   2  -4  -2   0  -1  -5  -2  -3    8  15   8   8   0   3  11   4   2   4   4  14   7   0   1   6   4   0   1   1  0.23 0.22
  146 L    -4  -2   1  -2  -3  -3  -4  -3   2   0   5  -1   1   1  -5  -3  -2  -3  -2  -2    1   2   7   2   0   1   0   2   5   4  57   3   2   6   0   1   2   0   1   2  0.77 0.47
  147 G    -2  -4   3   4  -3  -2  -2   5  -3  -7  -5  -1  -3  -5  -5  -3  -4   4  -4  -6    2   1  12  22   0   2   2  44   1   0   1   5   1   0   0   1   1   5   1   0  1.07 0.58
  148 L    -3  -6  -5  -7  -5  -6  -6  -7  -4   4   5  -5   3   0  -5  -5  -5   2   1  -1    2   0   1   0   0   0   0   0   0  26  50   0   6   3   0   1   0   2   5   3  1.13 0.58
  149 D    -5   0   1   8  -4  -3   0  -5  -4  -1  -3  -4  -6  -6  -6  -3  -5  -1  -7  -6    1   5   6  70   0   1   5   0   0   4   3   0   0   0   0   1   0   1   0   0  1.79 0.84
  150 F    -3  -1  -4  -6  -4  -2  -4  -3  -3   1   2  -3   1   6   0  -2   1  -1   1  -1    1   4   1   0   0   2   1   2   0   7  16   1   4  37   5   2  10   1   3   3  0.69 0.43
  151 D    -1  -1  -1   2  -5   2   5  -4  -2  -5  -4   2  -3  -3  -1  -1  -1  -6  -5  -3    6   2   2  10   0   7  44   1   1   0   2  12   1   2   3   4   4   0   0   2  0.78 0.50
  152 T     1   6   0  -3  -5   0  -2  -3  -2  -4  -3   2  -3  -5  -4   1   0  -6  -1  -4   11  41   5   1   0   4   1   1   1   1   2  10   1   0   1  10   7   0   2   1  0.77 0.49
  153 G     4  -4  -2  -4   0  -5  -5   5  -4  -2  -2  -5  -2  -6  -3   0  -3  -6  -5  -3   39   1   1   1   2   0   0  38   0   3   4   0   1   0   1   6   1   0   0   2  1.01 0.57
  154 A     4  -2  -3  -5  -2  -3  -4   0  -4  -1  -3  -4  -4  -5  -4   2   1  -6  -4   3   40   2   1   0   0   1   0   8   0   2   1   1   0   0   1  15   9   0   0  18  0.69 0.48
  155 K    -1   2   1  -1  -4   1   1  -4   1  -4  -3   6  -2  -4  -4  -1  -2  -6  -4  -2    5  11   6   3   0   5   7   1   3   1   3  44   1   1   0   3   2   0   0   2  0.73 0.47
  156 L    -1  -5  -4  -6  -1  -4  -5  -5  -5   4   2  -4   2  -2  -4  -3   1   0  -3   5    4   0   1   0   1   1   0   1   0  23  15   1   5   2   0   1   7   1   1  36  0.78 0.44
  157 S     4  -5  -3  -5   1  -4  -4  -3  -2  -3  -5  -4  -3  -4  -5   5   2  -6  -5  -1   28   0   1   0   2   0   0   2   1   1   1   0   1   1   0  46  12   0   0   5  1.06 0.65
  158 G    -4  -6  -6  -5  -8  -4  -6   8  -7  -9  -9  -4  -8  -5  -7  -4  -5  -8  -8  -8    1   0   0   0   0   1   0  94   0   0   0   1   0   0   0   1   0   0   0   0  2.63 1.09
  159 A     2  -2   1  -4  -5  -1  -3  -1   4  -5  -5  -2  -4  -1  -1   5   0   1  -3  -5   15   2   5   0   0   2   1   4  11   0   0   1   0   3   3  44   4   2   1   0  0.82 0.57
  160 R    -4   7  -2  -5  -8  -3  -5   3  -2  -8  -6   1  -2  -5  -6  -1  -6  -7  -7  -7    1  64   1   0   0   1   0  19   1   0   0   7   1   0   0   4   0   0   0   0  1.76 0.86
  161 F    -2  -6  -3  -6  -3  -5  -6   2  -2  -5  -4  -6  -3   8  -7  -1  -3   4   1  -5    3   0   2   0   1   1   0  17   1   0   1   0   0  59   0   6   2   5   3   0  1.71 0.79
  162 T     0  -3  -3  -6  -2  -4  -5  -3  -2  -2  -4  -5  -3   0   1  -1   0   2   8   1    7   1   1   0   1   1   0   2   0   2   1   0   1   3   8   5   5   2  48  10  1.19 0.65
  163 V    -2  -5  -5  -6   1  -5  -6  -5  -3   0   0  -5   0   5  -6  -4  -2  -3   7   2    3   0   1   0   3   0   0   1   0   5   9   0   2  22   0   1   2   0  34  15  1.16 0.59
  164 L    -5  -5  -5  -6  -3  -5  -2  -6  -3  -1   6  -6   2   2  -7  -5  -4  -1   3  -3    0   0   0   0   0   0   3   0   1   2  67   0   4   7   0   1   1   1  10   1  1.34 0.68
  165 K    -3   3  -3  -3  -2  -1  -2  -4  -2  -2  -1   6   1  -2  -5  -1   2  -3  -3  -1    1  13   1   1   1   2   2   1   1   3   6  42   4   2   0   4  12   0   1   5  0.75 0.49
  166 G    -3  -2   5   0  -6  -3  -3   6  -3  -7  -7  -1  -6  -7  -4  -3  -4  -6  -6  -6    1   2  23   4   0   1   2  58   0   0   0   4   0   0   1   2   1   0   0   0  1.48 0.71
  167 D     1  -1  -1   4  -3   1   2  -1  -3  -3  -2   1  -1  -2   1  -1  -2   1  -1  -3   11   4   2  25   0   5  16   4   0   1   4   7   2   2   6   2   1   2   2   1  0.35 0.28
  168 I     2  -5  -5  -4  -5  -5  -5   5  -5   0   2  -5   0  -2  -2  -3  -4  -5  -5  -2   19   0   0   1   0   0   0  42   0   6  22   0   2   1   3   1   0   0   0   2  0.87 0.51
  169 A     6  -5  -5  -6  -2  -4  -4  -4  -6  -3  -2  -4  -2  -3  -4  -1  -2  -6  -4   3   62   0   0   0   1   1   1   0   0   1   4   1   1   1   1   3   3   0   0  21  1.27 0.70
  170 R    -2   4  -4  -3  -5   1  -1  -5  -1   0   3   1   2   1  -5  -2  -2   2  -2  -2    2  24   0   2   0   6   3   1   1   5  27   9   5   6   0   2   2   3   1   1  0.48 0.36
  171 L    -3  -6  -7  -7  -5  -6  -6  -7  -6  -1   6  -6   2  -3  -6  -3  -4  -2  -3  -3    2   0   0   0   0   0   0   0   0   2  82   0   5   1   0   3   1   1   1   1  1.76 0.81
  172 H    -3  -3   2  -1  -4   3   5  -4   4  -4  -2  -1  -2  -3  -5   0  -3  -3  -1  -3    2   1   9   3   0  13  42   1   8   1   4   2   1   1   0   6   1   0   2   2  0.84 0.54
  173 R    -3   5  -2  -2  -5   3  -3  -5   1  -1   1  -2   3   2  -2  -1  -2   3   0  -4    1  30   1   3   0  16   1   0   3   3  12   1   6   9   2   4   2   3   3   1  0.61 0.45
  174 A     7  -6  -4  -6   1  -3  -4  -2  -6  -4  -3  -4  -5  -7  -5  -1  -3  -7  -6  -4   81   0   1   0   3   1   1   3   0   1   3   1   0   0   0   3   1   0   0   1  1.77 0.91
  175 I    -5  -2  -7  -7  -2  -6  -6  -3  -6   2   6  -6   0  -2  -7  -3  -5  -6  -5   0    0   2   0   0   1   0   0   3   0  11  70   0   2   1   0   2   0   0   0   7  1.40 0.70
  176 A    -1  -4  -4  -6  -2   0  -4  -3  -2   5   1  -3   2  -1  -4  -2  -1   1  -2   3    5   1   1   0   1   5   1   2   1  37  11   1   5   3   1   3   4   2   1  17  0.65 0.42
  177 Q    -1   1   5  -1  -3   5  -2  -2   0  -6  -4  -1   0  -4  -5   0  -2  -2  -3  -4    4   8  27   3   1  29   2   3   2   0   2   4   2   1   0   7   2   1   1   1  0.85 0.59
  178 F    -5  -6  -6  -7  -1  -3  -5  -7   1  -2   0  -6   0   6  -7  -5  -6   6   7  -3    1   0   0   0   2   1   1   0   3   2   9   0   2  32   0   1   0   9  34   1  1.67 0.82
  179 M     4  -5  -5  -5   0  -4  -3   0  -5  -2  -1  -5   6   1  -5  -1   1  -5  -2   0   33   0   0   0   2   0   2   8   0   2   4   0  21   7   0   4   8   0   1   7  0.73 0.54
  180 L    -3  -3  -6  -6  -2  -3  -4  -3  -5   2   5  -4   3   2  -6  -4  -3  -1  -1   0    2   1   0   0   1   1   1   2   0  11  55   1   7   7   0   1   1   1   2   5  0.92 0.53
  181 N    -1  -1   2   6  -3   0   1  -2   1  -4  -3  -1  -3  -4  -3   0  -1  -6  -5  -3    6   4   9  41   1   4   9   2   3   1   3   3   1   1   1   7   3   0   0   2  0.73 0.46
  182 T    -1   1  -1  -2  -1   0   0  -2  -1   1   1   1   0   2  -3  -1   1  -3  -1   0    4   7   2   1   1   4   5   2   1   8  13  12   2  10   1   5  12   0   2   7  0.10 0.13
  183 H    -1  -2   0  -4  -4  -1  -2  -3   7  -2   2  -1   2   3  -2  -2  -3   0   0  -2    6   2   4   1   0   2   2   2  27   2  18   4   5  12   2   3   2   1   2   3  0.66 0.41
  184 T     0  -1  -1  -2  -1  -1  -4  -3   0   2   2  -3   1  -2  -4  -1   3   0  -2   2    8   3   3   2   1   2   0   2   2  10  24   0   3   1   0   4  19   1   1  12  0.30 0.29
  185 G     0   2   1   1  -1   1   1   1   0  -2  -2   0   0  -1  -1   0  -1   0   0  -2    7  15   8   6   1   7   7  10   2   2   3   6   2   2   3   8   4   1   4   3  0.12 0.13
  186 S     0   1  -1   0  -4   1   3  -1   0  -1  -2   4  -3  -4  -1   0  -1   1  -3  -2    7   7   3   4   0   6  18   4   3   3   3  26   0   0   3   5   3   2   0   3  0.32 0.29
  187 H    -1   2   2  -1  -4   0   0  -1   5  -2  -2   2   0   1  -1  -1  -2   1   0  -2    4  14   9   3   0   3   4   4  17   2   4  12   2   7   2   2   2   2   3   3  0.28 0.26
  188 G     0   0   1   0  -3   1   0   0   2   0  -1   0  -2   0   1   0   0   4  -1  -2    6   6   6   6   0   6   6   6   6   6   6   6   0   6   6   6   6   6   0   0  0.09 0.12
  189 Y    -4  -6  -6  -4   1  -5  -6  -6  -1  -2  -3  -6  -2   7  -6  -4  -5   3   8  -4    1   0   0   1   3   0   0   0   1   3   1   0   1  37   0   1   0   4  44   1  1.96 0.81
  190 E    -2   0  -2  -2  -2   1   2  -4  -1   1  -2   1  -1  -3  -4  -1   5  -5  -3  -1    2   5   1   1   1   5  12   1   1   8   4  10   1   1   0   4  37   0   1   4  0.51 0.38
  191 E    -2  -3  -4  -2  -5  -1   4  -4  -4  -2   0  -2   2  -1   5  -2  -3  -2  -1  -2    3   1   0   2   0   2  31   1   0   3  11   2   6   2  26   3   1   1   2   3  0.72 0.46
  192 H    -2  -3  -2  -5   0  -3  -4  -5   1   3   2  -3   4   0  -5  -4  -2  -1   0   4    2   1   2   0   2   1   0   0   4  19  15   1  10   4   0   0   2   1   3  30  0.64 0.36
  193 Y    -1  -2  -1  -2   1   2  -2  -2  -1   1   0  -2   1   1  -3   1   1   2   3   0    4   1   3   2   3  11   2   2   1  11  10   2   3   5   0  12   8   3  11   7  0.16 0.19
  194 T    -2  -4  -4  -5  -1  -4  -4  -3  -2  -2   0  -2  -2  -5   6  -2   3  -5  -5   3    3   0   0   0   1   0   0   3   1   2   8   3   1   0  36   2  19   0   0  18  0.94 0.49
  195 P    -3  -6  -6  -5  -6  -5  -5  -3  -6  -6  -3  -5  -6  -6   8  -3  -1  -7  -6  -6    2   0   0   0   0   0   0   2   0   0   4   0   0   0  82   2   3   0   0   0  2.58 0.99
  196 Y     0  -3  -1   2  -1  -1  -1  -2   2   0   0  -3  -1   3  -3   0  -1  -1   3   1    6   0   3  15   1   2   3   3   5   5   7   0   1  15   1   7   3   1  11  11  0.22 0.19
  197 I    -2  -5  -5  -5  -4  -4  -5  -5  -5   3   3  -5   5   3  -2  -5  -4   1  -1   2    2   0   0   0   0   0   0   0   0  18  29   0  17  12   2   0   0   2   2  13  0.85 0.45
  198 V     0  -5  -2  -3   0  -4  -3  -3  -5   2   1  -4   5  -2  -5  -3  -1  -5  -4   5    9   0   2   2   2   0   2   2   0  10  12   0  13   2   0   2   3   0   0  39  0.71 0.45
  199 N    -3   4   4  -2  -5   0  -2  -3   2  -3  -3   3  -2  -3  -1  -2  -1  -5   1  -3    1  24  23   2   0   3   1   2   5   1   3  17   1   1   3   2   4   0   5   1  0.63 0.44
  200 D     0   2  -1   1  -1   0   2  -1   0  -2  -3   2  -1  -4   1   1   0  -4   0  -2    7  13   3   7   1   4  12   4   2   2   2  14   1   0   7  10   5   0   3   2  0.20 0.21
  201 T    -1   0   0   3  -1   0   4  -2   1  -3  -3   1  -1  -1  -2   0  -1  -5  -1  -2    6   4   5  17   1   3  25   3   4   2   2   9   1   3   2   6   2   0   2   3  0.34 0.29
  202 A     1  -2  -2  -2   2  -2  -2  -2  -4   2  -1  -3   0  -1  -1   2   1   0  -1   3   14   2   2   2   4   2   2   2   0  11   4   0   3   3   3  15   9   1   2  19  0.24 0.26
  203 L     0  -2  -2  -2   2   1   0   0  -2   0   0  -2   1   1   1   0   0  -2   1   0    7   0   0   0   7   7   7   7   0   7   7   0   7   7   7   7   7   0   7   7  0.08 0.12
  204 L     0   0  -1   0  -3   0   2  -2   0   0  -1   0   0   1  -1  -1   0   2   2  -1    6   4   3   5   0   4  20   2   2   5   7   4   2   7   3   4   5   3   9   4  0.12 0.14
  205 G     1   0   0  -2   0  -1   0   4  -1  -3  -3   0  -4  -4  -1  -1  -1   0  -4  -2   10   5   5   2   2   2   7  39   2   2   2   7   0   0   4   4   3   2   0   3  0.46 0.30
  206 T     1  -4  -1  -4   4  -1  -2  -2  -4   1  -2  -3   3  -4  -4   1   3  -4  -4   2   13   0   2   0  11   2   3   3   0   8   3   0   7   0   0   9  24   0   0  14  0.45 0.34
  207 G     1  -2  -1  -1   0  -4  -4   5  -4   0  -2  -4   2  -4  -1  -1   0  -5  -4  -1   10   2   2   3   2   0   0  46   0   6   3   0   5   0   4   4   6   0   0   5  0.65 0.39
  208 Q    -2   0  -1   0  -4   4  -1  -2   4  -1  -1  -1   0   2  -2   0  -1  -3   1  -2    2   4   3   6   0  26   3   2  10   3   4   3   2  10   2   8   2   0   5   2  0.37 0.30
  209 L    -3  -2  -1  -3  -4   1  -3  -3   0  -1   4  -2   1   4  -2  -2  -2  -1  -1  -2    2   2   3   1   0   6   1   2   2   3  41   3   2  20   2   2   2   1   1   2  0.59 0.41
  210 P     0  -3  -2   0  -5  -2   0  -1  -2  -3  -3  -3  -2  -5   7   0  -1  -6  -5  -3    6   1   2   6   0   2   6   4   1   2   3   1   1   0  50   7   4   0   0   2  1.12 0.62
  211 K     0   3   0   2  -5   2   1  -1   0  -4  -3   3  -2  -1  -3  -1  -1   0  -1  -3    6  14   3  14   0   7   8   5   2   1   2  23   1   3   1   2   3   2   2   1  0.38 0.31
  212 F    -1  -3  -2   1  -5  -2  -3   2   0  -1  -1  -1   0   6  -2  -2  -2  -1   0  -1    5   1   1   8   0   1   2  16   2   4   5   4   2  34   3   3   2   1   3   4  0.52 0.37
  213 A     0   1   0   3  -5   2   4  -1  -1  -1  -3   1   0  -5  -1  -1  -2  -5  -3  -3    8   6   3  14   0   7  28   5   2   4   2   8   3   0   2   3   2   0   1   2  0.41 0.33
  214 D    -1   0   2   4  -5   0   4   0   0  -5  -5  -1  -3  -2  -1  -1  -2  -5  -3  -4    4   4   8  24   0   3  31   6   2   0   0   3   1   2   2   4   2   0   1   1  0.66 0.45
  215 D    -1  -2   1   4  -5   3   3  -2  -1  -4  -4  -1   1  -4  -3   0   1  -5  -4  -1    4   1   8  21   0  15  16   3   1   1   1   3   4   1   1   6   9   0   0   4  0.46 0.37
  216 M    -1   0  -2  -2  -4   2   0  -3  -1   2   2  -2   4  -1  -3  -1   0  -4  -2   1    4   4   2   2   0  12   6   2   1  10  21   1  13   2   1   6   5   0   1   7  0.26 0.26
  217 F    -2  -3  -3  -4  -5  -1  -5  -5  -3   0  -2  -3  -2   3  -4  -3  -1   0   8   1    3   2   1   1   0   4   1   1   0   5   3   2   1  11   1   2   3   1  51   9  1.34 0.68
  218 K    -2   1  -2  -3  -2   2   0  -3   3  -3  -3   4  -3   0  -3  -1  -2   0   5  -3    3   7   2   1   1   9   6   2   7   1   2  25   0   3   1   3   2   1  19   2  0.56 0.40
  219 V    -1   0   0   0   2   0   0  -1   2   0  -1   0   1   0  -3   0   0   3   1   0    5   5   5   5   5   5   5   5   5   5   5   5   5   5   0   5   5   5   5   5  0.06 0.10
  220 T    -1  -1   0   0  -3   0   1  -2   0   1   0  -1   0  -1   0   0   1   2   2   0    3   3   4   5   0   3  11   3   2  10  10   4   3   2   4   5  11   3   8   7  0.08 0.12
  221 R    -1   0   1   1   1   0   2   0   0  -1  -2   0  -1  -2   0   0  -1   2   1  -2    4   6   6   9   3   3  16   7   2   3   3   6   2   2   5   8   4   3   5   3  0.13 0.15
  222 G    -1  -1   1   3  -1  -1   0   2   0  -2  -1   0  -1  -2   0   0  -1  -4  -1  -2    4   3   6  20   2   3   6  16   3   3   7   6   1   2   4   7   4   0   2   2  0.21 0.20
  223 G    -1   0   1   3  -4   0   1   1   3  -2  -1   0  -1  -2  -1   0   1   0  -1  -2    3   4   7  18   0   3   8  11   7   2   6   5   2   2   2   6   8   1   2   2  0.20 0.19
  224 D    -2   0   0   3  -2   0   2  -1   1  -2  -2   0  -1  -1   0   0  -1  -3  -1  -1    3   6   5  20   1   5  16   5   3   2   4   5   2   4   4   5   3   0   2   4  0.24 0.14
  225 E    -1   0   0   1  -1   1   2  -1   1  -2  -1   1  -1   0   0   1  -1  -1  -1  -2    5   5   4  10   1   6  15   4   3   2   6   8   1   4   4   9   4   1   2   3  0.11 0.08
  226 S     0   0   1   1   1   1   1   0   0  -1  -1   0  -1  -1   1   1   0  -1  -1  -1    9   4   6  10   4   5   7   7   3   4   4   5   1   3   5  11   5   1   2   3  0.07 0.04
  227 A     0   0   0   1  -1   0   1   2   0  -1  -1   0  -1  -1  -1   0   0  -2   0  -1    7   3   4   7   1   4  10  17   3   2   8   7   1   3   3   8   4   0   4   3  0.08 0.05
  228 V     0  -1   1   2  -1   0   2  -1  -1  -1  -1   0  -1  -2   1   0   0  -1  -1  -1    5   3   7  16   1   3  15   5   2   4   5   4   2   2   7   8   5   1   2   3  0.14 0.09
  229 P    -1   0   1   4  -1   0   2   0  -1  -3  -2   0  -2  -3   2   0  -1  -3  -3  -2    4   6   5  25   1   4  13   7   1   1   3   5   1   1   9   7   4   0   1   3  0.31 0.16
  230 Q    -2  -1  -2  -3  -3   0  -2  -3   1   0   3   0   1   2  -3  -2   0   0   2  -1    2   3   1   1   0   4   1   1   3   3  41   9   4   7   0   2   7   1   6   2  0.28 0.19
  231 Y    -1   0  -2  -3   3  -2  -3  -2   0  -1  -1  -3  -1   3  -4   1  -1   5   5   0    2   5   2   0   7   0   0   2   2   2   4   0   1  14   0  13   2   9  28   7  0.50 0.23
  232 L    -2  -3  -4  -4   0  -3  -1  -4  -4   0   4  -3   2   0  -2   0  -1  -3  -2   0    2   0   0   0   2   0   6   0   0   2  61   0   6   3   2  11   2   0   0   2  0.54 0.27
  233 I     0  -2   0  -1   1  -1  -2  -2  -3   3   1  -2   0  -1  -1  -1   0  -3  -2   2    9   0   7   3   3   3   0   3   0  36   9   0   0   0   3   4   4   0   0  17  0.16 0.10
  234 S     1  -2  -1  -2  -2  -2  -2   3  -2  -2  -1  -2  -2  -3   5   0   0  -3  -3  -2   15   1   1   1   0   0   1  33   0   1   6   1   0   0  28   6   5   0   0   1  0.57 0.14
  235 T    -1  -2  -1  -2  -2  -2  -2   0  -2  -2   0  -2  -1  -3  -2   2   5  -3  -2  -1    1   1   1   1   0   0   1   8   0   1   8   1   0   0   1  11  65   0   0   1  0.58 0.22
  236 S     3  -2   0  -2  -2  -1  -2   1  -2  -1  -2  -1  -2  -3  -2   3   1  -3  -2  -1   41   1   2   1   0   0   1  10   0   3   3   1   0   0   1  24   9   0   0   1  0.36 0.17
  237 E     0   0  -1   1  -4   0   6   0  -2  -4  -3  -1  -3  -4  -2  -1  -2  -3  -3  -3    8   4   1   4   0   0  69   8   0   1   1   1   0   0   1   1   1   0   0   1  0.84 0.27
  238 V    -1  -2  -2  -2   1   1  -2  -3   3   2   0  -2   1  -1   0   0   0  -2  -1   2    2   1   1   1   4   8   1   1  12  14   5   1   4   2   4   6   5   0   2  27  0.15 0.11
  239 T     1  -5  -3  -4  -5  -1  -4   0  -5  -3  -4  -4  -2  -3   7   1   1  -5  -1  -3   10   0   1   0   0   3   0   6   0   1   1   0   1   1  50  12   8   0   3   2  1.19 0.63
  240 L    -3  -5  -1  -6  -1  -3  -5  -6  -5   2   5  -5   2  -1  -5  -4  -3  -5  -4   1    1   0   3   0   1   1   0   0   0  12  63   0   5   3   0   1   1   0   0   7  1.07 0.56
  241 T     3  -4  -2  -4   3  -3  -4   1  -4   1  -1  -3  -1  -2  -2   0   3  -4  -4   1   32   0   2   0   5   0   0   9   0   8   4   0   2   1   1   5  20   0   0   8  0.46 0.37
  242 N     3  -3   5  -3  -1  -3  -3   4  -3  -5  -5  -2  -2  -5  -1   0  -2  -5  -2  -3   24   1  25   0   1   0   1  28   0   0   1   2   1   0   3   7   2   0   1   1  0.74 0.48
  243 T    -3  -2  -3  -5  -2  -2  -4  -5  -2   1   3  -2   5   2  -5  -1  -2   0   4  -1    1   2   1   0   1   1   0   0   1   6  31   3  17   8   0   4   2   1  16   3  0.64 0.42
  244 V    -2  -2  -2  -3  -2  -1  -3  -3   7  -2   0  -2   0   4  -5  -2  -4   0   4   1    3   2   2   1   1   2   1   2  27   1   7   2   2  19   0   2   0   1  14   9  0.79 0.47
  245 A     3   3  -2  -2  -1   0  -1  -2  -1   0  -2   0   4  -2  -4   1  -2  -4   0  -2   23  18   1   1   1   4   3   2   1   5   2   5  14   1   0  11   2   0   3   1  0.37 0.35
  246 D    -3  -2   4   5  -2  -1   0   2  -1  -6  -5   0  -3  -3  -1  -2  -3  -6  -3  -5    1   2  21  33   1   3   5  18   1   0   1   5   1   1   3   2   1   0   1   0  0.81 0.50
  247 T    -2   1   0   0   0   2   4  -2   1  -4  -3   2  -2  -5  -4   0   0  -5  -3  -2    3   5   4   5   2   9  33   3   4   0   2  14   1   0   0   8   5   0   1   2  0.50 0.38
  248 I     0  -2  -2  -3  -2  -2  -1  -4  -1   4   0  -1   0  -1  -3  -2   2   4  -2   1    6   2   2   1   1   2   4   0   2  31   7   4   2   2   1   2  13   7   1   9  0.38 0.31
  249 L     0  -2   0  -2   2   0  -2   0   2   0   0  -2   2   1  -3   0   0   4   1   0    7   0   7   0   6   7   0   7   6   7   7   0   6   6   0   7   7   6   6   7  0.13 0.16
  250 Q     1  -2   2   3  -5   0   1  -3   0  -3  -1   1  -1  -2   3   0  -1  -6  -2  -3   10   2  12  16   0   3   8   2   2   2   5   7   1   1  14   6   4   0   2   2  0.32 0.29
  251 E     1  -1   0   0   1   0   3   0   1  -2  -1   0  -1  -1   2   0  -1   0   0  -2   10   2   4   4   3   3  22   6   4   3   6   6   1   2   9   5   3   1   3   2  0.19 0.20
  252 S     1   0   1   2  -1   0   3  -2  -1  -3  -3   2  -1  -2  -2   1   0  -5  -2  -2   10   5   6  10   1   3  17   3   1   1   2  13   1   2   2  10   6   0   1   3  0.25 0.25
  253 E    -1   0   1   4  -5   2   3  -3   0  -3  -3   1  -2  -2  -3   1  -1  -6  -2  -2    5   4   6  22   0   8  19   2   2   1   2   7   1   2   1   9   4   0   1   2  0.44 0.36
  254 L    -3  -3  -2  -3   0  -3  -3  -1  -5  -1   5  -3   1  -1  -3  -2  -1  -5  -1  -2    2   1   2   2   2   1   2   6   0   2  62   2   2   1   1   3   5   0   2   1  0.75 0.48
  255 P    -2  -6  -2  -5  -6  -1  -5  -2  -6  -6  -6  -5  -6  -7   8  -2  -1  -7  -6  -2    3   0   2   0   0   3   0   3   0   0   0   0   0   0  76   3   4   0   0   4  2.19 0.95
  256 K    -2   0  -3  -3   0  -1  -2  -3  -1   4   1   3   1  -1  -4  -2  -2  -4   0   1    3   6   0   1   2   3   1   2   1  25  16  20   4   2   0   3   2   0   3   7  0.31 0.27
  257 K    -3   5  -1  -4   0   0  -3  -3   0  -3  -3   5  -1  -3  -3  -1  -2   0   0  -5    2  31   2   0   2   2   0   1   2   1   3  37   1   1   1   5   2   1   3   0  0.87 0.53
  258 M    -2  -2  -3  -5  -1  -2  -4  -3   1   0   2  -2   2   3  -5  -1  -2   2   6   0    3   2   1   0   1   1   0   1   3   4  16   2   6  12   0   4   2   2  30   7  0.64 0.40
  259 T     2  -4  -4  -4   4  -2  -4  -2  -4   0  -2  -4   0   0  -4  -1   2  -4   0   4   20   0   0   0   8   2   0   3   0   4   3   0   3   4   0   3  15   0   4  31  0.52 0.37
  260 A     4  -3  -2  -4   2  -4  -4   4  -4  -2  -5  -2  -1  -5  -4   1  -1  -5  -5  -3   37   1   1   0   4   0   0  35   0   2   0   2   1   0   0   8   3   0   0   2  0.85 0.47
  261 H    -2  -3  -2  -2   1  -1  -3  -4   2   1   0  -3  -1   3  -2  -2  -2   2   6   2    2   1   2   3   3   2   1   1   5   7   8   1   1  12   2   2   2   2  28  14  0.59 0.35
  262 S    -2  -5  -4  -4  -1  -4  -4   0  -5  -5  -4  -4  -5  -5  -1   6   4  -6  -2  -2    2   0   0   0   1   0   0   6   0   0   2   0   0   0   3  56  24   0   1   3  1.23 0.68
  263 P     0   3  -1  -3  -2  -1  -2  -4   3  -4  -3  -2  -2  -5   5   0   2  -5  -3  -3    9  16   2   1   1   2   2   1   7   1   2   2   1   0  31   7  14   0   1   1  0.72 0.43
  264 C     0  -6   0  -6  11  -3  -6  -6  -6  -5  -3  -6  -5  -6  -6   1  -5  -6  -6  -3    7   0   4   0  71   2   0   0   0   0   2   0   0   0   0   9   0   0   0   2  2.76 0.90
  265 F    -5  -6  -6  -6  -6  -6  -6  -2  -1  -4  -3  -6  -4   8  -6  -4  -2   0   5  -5    1   0   0   0   0   0   0   3   1   0   2   0   0  67   0   1   3   1  17   0  2.14 0.76
  266 R    -5   8  -2  -5  -6  -3  -4  -5   1   0  -5  -2  -4  -5  -5  -4  -4  -5  -5  -5    1  83   2   0   0   0   0   1   3   6   1   0   0   0   0   1   0   0   0   1  2.16 0.75
  267 S     2   5  -2  -3  -2   0  -1  -1  -2  -4  -4   2  -2  -5  -3   2  -1  -5  -3  -3   15  36   1   1   1   3   3   3   0   1   1  14   1   0   1  13   4   0   1   1  0.64 0.35
  268 E     0  -4  -3  -1  -7  -2   7  -6  -4  -7  -6   0  -6  -7  -3  -4  -3  -7  -6  -6    7   0   1   3   0   0  80   0   0   0   0   5   0   0   1   0   1   0   0   0  1.91 0.76
  269 A     5  -3  -1  -3  -4  -2   1  -1  -3  -1  -4  -1  -4  -1  -3  -2  -1  -5  -3   0   58   1   3   1   0   1   8   3   1   4   1   3   0   3   1   2   3   0   0   7  0.81 0.44
  270 G    -2  -5   0  -3  -5  -2  -3   6  -5  -4  -4  -4  -1  -1  -5  -1   1  -2  -5  -3    3   0   4   1   0   2   1  67   0   1   2   1   2   3   0   3   8   1   0   2  1.29 0.54
  271 S     3  -1  -1  -1  -3  -3  -2  -1  -1  -4  -5   0  -4  -5  -2   5   1  -5  -3  -2   25   3   2   3   0   1   1   3   2   0   0   5   0   0   2  41   8   0   1   3  0.68 0.42
  272 Y     2   2  -3  -3  -4  -2  -3  -1   6  -4  -3  -3  -1   0  -3  -1   0   2   5  -3   20  10   1   1   0   1   1   4  18   1   1   1   1   3   1   4   6   2  22   1  0.69 0.39
  273 G     0  -2  -3  -4  -3  -5  -5   7  -6  -4  -4  -3  -6  -5  -6   0  -2  -6  -6  -5    8   2   1   1   1   0   1  75   0   1   2   1   0   1   0   5   2   0   0   1  1.66 0.67
  274 R     0   4  -3  -4  -5   0   0  -4  -3  -1  -1   5  -2  -4  -1  -1  -1  -5  -3  -1    8  22   0   0   0   3   5   1   0   4   7  34   0   0   3   4   2   0   1   3  0.58 0.36
  275 D    -1  -3  -1   6  -5   1   3  -3  -1  -1  -4  -2  -2  -3  -2  -2  -2  -6  -3  -4    5   1   2  50   0   5  16   2   1   4   2   2   1   1   2   2   2   0   1   1  0.98 0.48
  276 T    -1  -2   0  -2  -2  -2   2  -3  -4  -1  -3  -2  -1  -5   0   1   5  -5  -5   1    3   2   5   2   1   1  12   1   0   3   1   2   1   0   5  11  41   0   0   8  0.63 0.42
  277 R    -2   6  -3  -5  -6  -1  -3  -3   2  -6  -2   4  -3  -4  -4  -1  -3   4  -3  -5    4  42   1   0   0   2   1   2   4   0   4  28   0   1   1   5   1   5   1   0  1.10 0.55
  278 G    -1  -4  -3  -5  -6  -4  -6   7  -6  -7  -2  -5  -6  -7  -6  -2  -5  -6  -7  -3    5   1   1   0   0   1   0  83   0   0   4   0   0   0   0   3   0   0   0   2  1.97 0.78
  279 M    -3  -2  -6  -2  -5  -5  -6  -6  -6   5   4  -6   3  -2  -6  -5  -2  -5  -1  -1    1   2   0   3   0   0   0   0   0  34  46   0   6   1   0   0   2   0   2   2  1.13 0.53
  280 I    -4  -4  -2  -6  -5  -3  -5  -6  -3   3   1  -1  -1   4  -6  -5  -2   0   7   0    1   0   2   0   0   1   0   0   0  16  11   4   1  19   0   0   2   1  34   6  0.99 0.50
  281 R    -6   8  -1  -2  -8  -4  -5  -7  -5  -7  -7  -3  -6  -7  -2  -5  -6  -7  -6  -3    0  86   3   2   0   0   0   0   0   0   0   0   0   0   3   0   0   0   0   3  2.40 0.96
  282 Q    -3  -5  -3  -5  -3   2  -1  -2  -5   0   1  -4   1  -4  -2  -4  -2   2   0   5    0   0   1   0   0   9   5   3   0   3  13   0   3   0   2   0   2   3   3  49  0.68 0.45
  283 H    -6  -3   0  -6  -8  -3  -5  -7  11  -8  -8  -4  -6  -1  -7  -3  -6  -7  -1  -8    0   1   4   0   0   1   0   0  83   0   0   1   0   3   0   2   0   0   2   0  3.17 1.10
  284 Q    -4  -3  -2  -4  -3   8   2  -6   2  -1  -5  -3  -2  -5  -6  -3  -5  -6  -4  -2    0   0   1   0   1  66  13   0   4   5   0   0   1   0   0   1   0   0   0   3  1.70 0.81
  285 F    -6  -7  -7  -8   1  -7  -8  -2  -6  -4  -2  -7  -4   9  -8  -7  -6  -4   0  -1    0   0   0   0   3   0   0   3   0   0   3   0   0  82   0   0   0   0   1   4  2.47 0.90
  286 D    -2  -2   3   3  -3   0   2  -2   1  -4  -4  -2  -3  -4  -4   1   3  -2  -2  -3    2   2  12  17   1   3  16   3   4   0   1   1   0   0   0  11  21   1   2   1  0.46 0.32
  287 K    -5  -2  -4  -4  -7  -2   0  -4   1  -6  -6   8  -5  -7  -5  -4  -5  -6  -5  -6    0   0   0   0   0   1   5   1   4   0   0  87   0   0   0   0   0   0   0   0  2.19 0.83
  288 V    -3  -5  -5  -6  -3  -3  -5  -2  -6   2   0  -5  -1  -3  -5  -4  -1  -3  -2   6    1   0   0   0   0   1   0   4   0  11   9   0   1   0   0   0   3   0   1  66  1.23 0.54
  289 E    -1  -4  -4  -3  -7   0   8  -4  -4  -6  -6  -3  -6  -7  -5  -3  -5  -6  -6  -6    5   0   0   0   0   3  86   2   0   0   0   0   0   0   0   2   0   0   0   0  2.11 0.81
  290 M    -4  -4  -6  -6   2   4  -4  -6  -5   0   4  -4   7  -2  -6  -5  -4  -5  -5  -3    0   0   0   0   5  19   0   0   0   4  38   0  32   1   0   0   0   0   0   0  1.34 0.61
  291 V    -3  -6  -4  -5  -5  -6  -4  -7  -4   1   0  -6  -2   7  -6  -5  -5  -4   1   4    1   0   1   1   0   0   1   0   0   7   6   0   1  48   0   0   0   0   4  30  1.39 0.57
  292 R     0   0   0  -3   3   2  -2   0  -2   1   0   1  -1  -3  -3   1  -1  -3  -2   2    9   5   4   0   9  10   1   6   1   7   8   8   1   0   0  10   1   0   0  19  0.18 0.18
  293 V    -2  -5  -6  -6  -2  -5  -5  -6  -3   4   2  -3   0   4  -6  -5  -3   3   1   3    2   0   0   0   1   0   0   0   0  27  19   1   1  21   0   0   0   4   5  18  0.83 0.38
  294 E     0  -5  -3  -4   7  -4  -2  -4  -5   1  -3  -4  -3  -5  -5   1   4  -6  -5   3    5   0   0   0  23   0   2   0   0   7   0   0   0   0   0  11  31   0   0  18  0.97 0.48
  295 K     1   1  -1   1  -3   0   2  -2   3  -3  -2   2  -2  -3  -1   1   2  -5  -3  -3   12   8   2   8   0   2  15   2   7   1   4  11   1   0   2  12  12   0   0   1  0.26 0.21
  296 P     0  -3  -1  -2  -4  -1   0  -2  -6  -6  -5  -2  -4  -6   8  -3  -4  -7  -7  -5    7   1   4   2   0   2   7   4   0   0   1   2   0   0  67   2   0   0   0   1  1.78 0.70
  297 E    -2  -3   2   4  -6  -1   6  -2  -1  -6  -6   0  -5  -6  -1   0  -2  -6  -5  -5    3   0   8  20   0   2  47   2   2   0   0   4   0   0   3   6   1   0   0   1  0.99 0.49
  298 H    -1   0   1   4  -5   2   4  -3   2  -4  -4   1  -4  -5  -3   0   0  -5  -2  -4    3   5   5  21   0  10  24   1   4   1   1   9   0   0   0   7   5   0   1   1  0.54 0.32
  299 S     0  -4  -2  -2  -4  -2  -3  -2  -4  -6  -5  -3  -4  -6  -5   7  -2   0  -6  -5    7   0   1   2   0   1   1   3   0   0   1   1   0   0   0  79   0   1   0   1  1.62 0.76
  300 Y    -1   0  -1   2  -3  -1   2  -1   0  -2  -2  -1   0  -1  -1   0  -2   6   3  -1    4   5   2  11   0   2  18   6   2   2   2   3   3   2   2   7   1  13  10   4  0.37 0.26
  301 A     2   0   0   2  -4   2   3  -2  -1  -4  -4   2  -3  -3  -3   0   0  -5  -2  -2   17   4   5  12   0   8  22   2   1   1   1  13   0   1   1   6   5   0   1   2  0.38 0.27
  302 A     1  -3  -3  -3  -3  -1   3  -4   0   0   1  -3   5   0  -4  -2  -1   3  -1   1   14   1   0   1   0   2  21   0   2   5  14   0  17   3   0   1   3   5   2   8  0.43 0.32
  303 L    -5  -5  -5  -5  -3  -1  -5  -7   8  -3   4  -5   2   4  -6  -5  -5  -3   0  -4    0   0   0   0   1   3   0   0  31   0  41   0   5  14   0   0   0   0   3   0  1.42 0.62
  304 E    -3  -2   0   3  -7   3   6  -3   0  -6  -4   0  -3  -5  -5  -3  -3  -6  -4  -5    2   1   5  15   0  13  49   2   2   0   2   5   1   1   0   1   1   0   1   0  1.08 0.54
  305 E    -1   1  -2   0  -5   1   5  -3  -1  -3  -2   1  -2  -1  -4  -1  -1  -3  -1  -2    4   7   1   5   0   6  43   1   1   2   4   9   1   3   0   3   4   0   3   3  0.58 0.36
  306 M    -4  -6  -6  -7  -2  -5  -6  -7  -6   3   4  -6   7   2  -6  -6  -4  -5  -3  -2    1   0   0   0   1   0   0   0   0  13  40   0  32   9   0   0   1   0   0   2  1.42 0.61
  307 V    -3   1  -4  -5  -3  -2  -4  -4  -5   3   3  -1   0  -3  -5  -3   2  -1  -3   2    1  10   1   0   0   2   0   1   0  16  31   3   2   0   0   1  12   1   0  17  0.53 0.33
  308 G     1   0   1   2  -3   1   2   0  -1  -4  -4   2  -3  -1  -3   2  -1  -5  -3  -3   13   5   5  11   0   6  14   7   1   0   1  11   0   3   0  17   3   0   0   2  0.29 0.23
  309 H    -3  -2   4   1   1   0  -2  -4   4   3   1  -3  -1  -1  -5  -2  -1  -2  -1  -1    1   1  21   8   3   4   1   0  12  21  12   1   1   3   0   2   4   1   1   3  0.46 0.31
  310 A     4  -4  -3  -4  -2   5   2  -3  -4  -1  -4  -3  -3  -5  -4   1  -1  -6  -5   0   32   0   1   0   1  25  14   1   0   5   0   1   0   0   0  10   2   0   0   8  0.72 0.47
  311 E    -1  -1  -4  -3   0  -1   6  -5  -4  -1  -4   1  -1  -6  -5  -2   0  -6  -5  -2    5   3   0   0   2   2  60   0   0   4   1   8   2   0   0   2   6   0   0   3  1.12 0.58
  312 N    -1   1  -1   2  -5   0   5  -1   0  -5  -5   1  -4  -3  -4   0  -1   0   0  -4    4   7   3  11   0   3  39   4   2   0   1   8   0   1   0   7   4   1   3   0  0.61 0.37
  313 I    -3  -5  -5  -6  -3  -5  -6  -6  -4   5   3  -5   3   4  -4  -4  -3  -4  -2   2    2   0   0   0   0   0   0   0   0  34  24   0   6  15   1   1   1   0   0  15  0.93 0.43
  314 L    -4  -5  -5  -5   1  -5  -6  -6  -3   1   4  -6   2   5  -6  -5  -4   1   4   0    0   0   0   1   3   0   0   0   0   5  42   0   5  21   0   0   0   2  13   6  1.01 0.48
  315 K    -2   1  -1   0  -4   6   3  -3  -3  -6  -5   3  -4  -5  -4   0   0  -6  -5  -4    2   8   2   5   0  33  17   1   0   0   1  15   0   0   0   8   6   0   0   1  0.81 0.47
  316 A     1   1  -1   1  -4   0   2   1  -2  -3   0   1   0  -4  -2   2  -1  -5  -4  -3   10   7   1   6   0   4  14  10   0   0  12  10   2   0   1  19   2   0   0   0  0.23 0.22
  317 L    -6  -6  -7  -8  -6  -6  -7  -8  -7  -1   7  -7  -1  -1  -7  -5  -5  -6  -5  -3    0   0   0   0   0   0   0   0   0   1  94   0   1   2   0   1   0   0   0   1  2.10 0.83
  318 E    -3  -3   1   0  -6  -1   4   5  -3  -7  -6   2  -5  -6  -5  -3  -4  -6  -6  -6    1   1   7   6   0   2  27  44   0   0   0  11   0   0   0   1   0   0   0   0  1.09 0.53
  319 L    -5  -6  -7  -7  -5  -4  -6  -7  -6   4   6  -6  -1   0  -6  -6  -5  -5  -4  -1    0   0   0   0   0   1   0   0   0  23  68   0   1   4   0   0   0   0   0   2  1.51 0.63
  320 P    -2  -4  -4  -3   0  -5  -4  -5   6  -6  -7  -4  -6  -6   7  -2  -3  -7  -3  -5    3   1   0   1   2   0   1   0  20   0   0   1   0   0  62   3   2   0   1   1  2.06 0.82
  321 Y    -2  -6  -5  -7   1  -6  -6  -5   1  -4  -4  -6  -4   5  -7  -5  -5  -1   9  -2    4   0   0   0   3   0   0   1   3   0   1   0   0  19   0   0   0   0  63   3  2.13 0.81
  322 R    -5   8  -3  -5  -5   3  -3  -6   1  -6  -5   1  -4  -6  -6  -5  -4  -6  -5  -6    0  72   1   0   0  12   1   0   4   0   1   7   0   0   0   0   1   0   0   0  1.97 0.79
  323 V    -3  -1  -5  -6  -4  -2  -4  -6  -5   3   0  -1  -2  -3  -5  -4   0  -4  -4   6    0   4   0   0   0   2   1   0   0  15   7   4   0   0   0   1   5   0   0  60  1.12 0.54
  324 I    -3  -3  -6  -6  -3  -5  -5  -6  -6   2   4  -4   2  -3  -6  -3  -3  -5  -3   5    1   1   0   0   0   0   0   0   0  11  35   1   5   0   0   1   1   0   1  42  1.05 0.49
  325 T     0  -1   2   4  -3   0   2  -3  -2  -2   1  -1   0  -3  -4   0  -2  -3  -3  -2    6   3  13  23   1   4  16   1   0   2  16   3   3   1   0   5   2   0   1   2  0.34 0.26
  326 L    -3  -3  -3  -5   1  -4  -5  -6  -4   3   3  -3   7  -3  -5  -3  -3  -5  -4   1    1   1   1   1   2   0   0   0   0  17  30   2  31   0   0   2   1   0   0   9  1.07 0.51
  327 C     1  -4  -3  -6   9  -5  -6  -4  -4  -5  -5  -5  -5  -6   5  -1  -4  -6  -4   1   11   1   1   0  43   0   0   1   0   0   0   0   0   0  25   5   0   0   0  11  1.74 0.70
  328 T     1  -4  -3  -3  -4  -4  -4  -1  -4  -4  -4  -3  -3  -5  -1   4   5  -6  -3  -2   11   0   0   1   0   0   0   4   0   0   1   1   0   0   4  35  39   0   1   2  1.00 0.57
  329 G    -2  -3   0  -2  -1   0   1   6   1  -5  -5  -2  -5  -3  -5  -2  -2  -4  -3  -6    3   1   4   1   1   4  10  61   3   1   1   2   0   1   0   3   2   0   1   0  1.12 0.52
  330 D     0  -4  -2   7  -5  -1   4  -5  -5  -6  -7  -4  -6  -7  -5  -3  -4  -7  -6  -6   10   1   1  58   0   3  24   0   0   0   0   0   0   0   0   1   0   0   0   0  1.61 0.69
  331 M    -4  -5  -6  -6  -1  -5  -6  -6  -6   1   6  -6   5  -2  -6  -5   0  -5  -5  -2    1   0   0   0   1   0   0   0   0   8  67   0  15   1   0   1   5   0   0   1  1.40 0.61
  332 G    -2  -5   3  -3  -6  -4  -5   6  -5  -7  -7  -4  -6  -6   0   0  -3  -6  -6  -6    3   0  14   1   0   0   0  68   0   0   0   0   0   0   4   7   1   0   0   0  1.56 0.65
  333 F     3  -3   1   0  -4  -1  -3  -3   1  -2   0  -2  -2   5  -2  -1  -2  -2   0  -3   29   1   8   6   0   2   1   1   3   2   7   2   0  29   2   3   1   0   2   1  0.54 0.36
  334 G     3  -3  -2  -3  -3  -1  -3   0  -4  -4  -3  -2  -3  -5   4   3   1  -4  -5  -2   22   1   2   1   0   3   0   7   0   1   2   2   0   0  24  24   8   0   0   3  0.66 0.41
  335 S     6  -4  -1  -2  -3   0  -4  -3  -2  -5  -5  -1  -1  -5  -4   2  -1  -6  -3  -4   64   0   3   2   0   4   0   1   1   0   0   4   1   0   0  14   3   0   1   0  1.13 0.59
  336 A     4  -1  -3  -4   0  -2  -3  -4   2  -2  -3  -2  -2   0  -4   1  -1  -2   5   0   35   3   1   0   2   1   1   0   5   2   1   1   1   3   0  12   3   0  21   6  0.64 0.41
  337 K    -4   5  -3  -4  -4   0  -2  -5  -2  -1  -2   6   1  -4  -5  -4  -4  -6  -2  -5    1  32   1   0   0   3   1   1   1   4   4  46   3   0   0   0   0   0   1   0  1.26 0.60
  338 T    -3  -2  -4  -4   1   1  -3  -3  -4  -4  -5   6   0  -6  -5   0   4  -6  -5  -4    1   0   0   0   3   6   0   2   0   1   0  50   2   0   0   6  27   0   0   1  1.21 0.63
  339 Y    -4  -2  -4  -7  -2  -5  -6  -7   0   1  -2  -5  -4   4  -6  -5  -5   0   9  -1    1   2   1   0   1   0   0   0   2   7   4   0   0  13   0   0   0   1  63   4  1.96 0.78
  340 D    -6  -4  -3   8  -7  -5  -3  -5  -5  -7  -7  -3  -7  -7  -6  -5  -3  -8  -5  -5    0   1   0  91   0   0   1   1   0   0   0   2   0   0   0   0   2   0   0   1  2.63 0.97
  341 L    -3  -6  -6  -7  -1  -6  -6  -6  -6   6   3  -6   3   0  -5  -5  -3  -5  -2   2    2   0   0   0   1   0   0   0   0  42  30   0   7   3   0   0   1   0   1  12  1.10 0.50
  342 E    -5  -5  -3  -1  -9   0   8  -7  -5  -8  -6  -4  -7  -8  -6  -5  -6  -8  -7  -7    0   0   1   2   0   3  92   0   0   0   1   0   0   0   0   0   0   0   0   0  2.52 1.02
  343 V     5  -5  -5  -6   1  -5  -5  -1  -6  -1  -3  -5  -3  -5  -5  -2   0  -6  -4   5   45   0   0   0   3   0   0   4   0   2   1   0   0   0   0   2   5   0   0  36  1.07 0.57
  344 W    -8  -8  -6 -10  -8  -8  -8  -8  -4  -8  -5  -9  -5   0  -6  -8  -8  13   2  -8    0   0   1   0   0   0   0   0   1   0   1   0   0   3   0   0   0  88   6   0  4.55 1.40
  345 L     0  -4  -6  -6  -4  -5  -6  -5  -5   0   2  -4   8   5  -6  -1  -4  -4  -2  -1    7   1   0   0   0   0   0   0   0   5  18   1  35  24   0   6   0   0   1   3  1.20 0.57
  346 P    -2  -6  -7  -6  -8  -5  -6  -6  -5  -7  -7  -5  -5  -8   9  -5  -5  -8  -6  -6    4   0   0   0   0   0   0   0   0   0   0   0   0   0  92   0   0   0   0   1  3.07 1.10
  347 A     1  -2  -3  -4  -4  -4  -4   5  -2  -5  -6  -3  -4  -2  -3   4  -2  -6  -3  -4   12   3   0   0   0   0   1  46   1   1   0   1   0   2   1  30   2   0   1   1  1.05 0.54
  348 Q    -3   4  -3  -2  -2   6   0  -5  -2  -4  -1   0   0  -4  -4   1  -2  -5  -2  -2    1  26   0   1   1  34   5   0   0   1   5   4   3   1   0  12   2   0   2   2  0.83 0.49
  349 N    -1   0   4   1  -4   2   0   4  -2  -5  -5   2  -5  -6  -4  -1  -3  -5  -2  -5    3   5  19   6   0  10   7  32   0   0   0  12   0   0   0   2   1   0   2   0  0.67 0.39
  350 T     1   3   0   0  -1   0   1   0  -2  -3  -3   3  -1  -2  -3   1   0  -5  -4  -3   10  17   3   4   1   2  11   6   1   2   1  21   2   2   0   9   7   0   0   1  0.31 0.24
  351 Y    -7  -7  -7  -8  -5  -7  -7  -7  -3  -6  -5  -7  -6   4  -8  -7  -7   9   9  -6    0   0   0   0   0   0   0   0   0   0   1   0   0  16   0   0   0  24  58   0  2.85 1.01
  352 R    -3   5  -4  -4  -3  -3  -4   4  -4   0   1   0  -1  -2  -5  -3  -4  -2  -3  -3    0  38   0   0   1   0   0  31   0   5  13   5   1   2   0   1   0   1   1   2  0.89 0.49
  353 E    -6  -4  -5  -3  -8  -2   8  -6  -5  -8  -6  -4  -7  -8  -2  -5  -3  -8  -7  -7    0   1   0   0   0   1  93   0   0   0   1   0   0   0   2   0   1   0   0   0  2.54 1.02
  354 I    -3  -5  -6  -6  -1  -5  -6  -6  -6   5   2  -5  -1  -4  -6  -4   1  -6  -4   4    1   0   0   0   1   0   0   0   0  35  19   0   1   0   0   0  10   0   0  33  1.10 0.51
  355 S     0  -4  -3  -4  -1  -3  -4  -1   4  -3  -4  -4  -1  -5  -5   5   2  -6  -4   2    6   0   0   0   1   1   0   5   9   1   1   0   1   0   0  49  12   0   0  12  0.88 0.53
  356 S    -3  -5  -4  -5  -5  -5  -5  -5  -6  -7  -7  -5  -6  -7  -5   8   0  -7  -6  -6    0   0   0   0   0   0   0   0   0   0   0   0   0   0   0  94   5   0   0   0  2.36 1.00
  357 C     2  -6  -1  -3   9  -5  -6  -4  -6  -1  -3  -5  -1  -3  -6  -2   1  -6  -4   1   20   0   3   1  45   0   0   1   0   4   2   0   2   1   0   2  10   0   0   9  1.47 0.61
  358 S     1   1   0   2  -2   0   0   2  -1  -2  -2   0  -2  -2  -1   1   1  -2  -2  -2   15  15   1  15   0   1   1  15   0   1   1   1   0   1   1  15  15   0   0   1  0.19 0.05
  359 N    -2  -1   4   0   1  -1  -1  -3   1  -1  -1  -1   2  -1  -4   0   1   2   2  -1    3   3  26   4   3   3   3   1   3   3   4   3   6   3   0   7  11   3   8   3  0.30 0.22
  360 C     0  -4  -3  -1   7  -3  -3  -2   0   0   0  -3   3   3  -4  -1   0  -3   2   0    7   0   0   3  23   0   0   3   3   3   7   0  10  13   0   3   6   0   8   8  0.50 0.28
  361 E     0  -1  -1  -2  -3  -2   1   2   1  -2  -1   0  -1  -2  -3   0   4   1  -1  -2    5   3   2   1   0   0  10  19   4   2   7   6   1   1   0   5  28   2   2   2  0.26 0.21
  362 A    -2  -2   0   7  -5  -1   0  -2  -4  -3  -5  -3  -5  -5  -4  -1   0  -5  -5  -3    3   2   2  68   0   2   4   3   0   2   1   0   0   0   0   3   6   0   0   2  1.39 0.52
  363 F    -2  -5  -5  -5  -5  -4  -5  -5   1  -3  -3  -5  -3   7  -5  -4  -1   6   6  -4    4   0   0   0   0   0   1   1   3   0   1   0   0  46   0   1   4   9  29   1  1.63 0.56
  364 Q    -3   0  -3  -3  -5   8  -1  -4   0  -2  -3   0  -3  -2   0  -2  -3  -5  -4  -2    0   3   0   0   0  70   0   0   2   3   3   4   0   2   5   2   0   0   0   3  1.44 0.62
  365 A     4  -3  -2  -3   0  -2  -3   1  -3  -3  -3  -2  -3  -4  -1   4   2  -4  -4  -3   38   0   0   0   2   0   0  11   0   0   2   0   0   0   2  30  12   0   0   0  0.64 0.34
  366 R    -3   7   0  -2  -5  -1   0  -1  -2  -4  -4   0  -2  -3  -4  -2  -3  -2  -2  -3    1  67   4   2   0   1   5   5   1   1   1   4   1   1   0   3   1   1   1   1  1.22 0.49
  367 R    -1   8  -1  -4  -3  -2  -1  -3  -4  -6  -6   1  -5  -6  -4  -3  -4  -6  -2  -6    5  76   2   1   1   1   3   1   0   0   0   5   0   0   1   2   1   0   1   0  1.76 0.69
  368 M     1  -2  -4  -5  -2  -3  -4  -2  -2   0   4  -4   5   1  -5  -2  -1  -4  -2  -1   13   2   1   0   1   1   0   4   1   3  48   0  14   5   0   3   3   0   1   1  0.64 0.37
  369 K    -1   0   6   0  -5   1   0   1   1  -5  -3   1   0  -5  -4  -1  -3  -3  -4  -4    4   5  44   4   0   5   5  13   3   0   3   8   3   0   0   2   0   0   0   0  0.75 0.40
  370 A     0  -2  -5  -5   0  -4  -5  -4  -5   6   0  -4   4  -2  -5  -2   2  -5  -4   1    8   2   0   0   2   0   0   1   0  49   7   0   9   1   0   1  12   0   0   6  0.84 0.43
  371 R    -4   7  -3  -4  -3  -1  -3  -4  -4  -2  -4   4  -2  -3  -5  -3  -1  -6  -4  -5    0  62   0   0   1   2   0   1   0   2   1  21   1   1   0   1   4   0   1   0  1.46 0.62
  372 Y    -4  -2  -4  -4   2  -4  -4  -5   1  -1  -2  -1  -2   4  -6  -4  -2   1   8   0    1   2   0   1   4   0   0   0   2   3   4   4   1  15   0   1   2   1  48   7  1.22 0.55
  373 K    -3   6  -2  -3  -4   1  -2  -2  -1  -3  -4   4  -4  -1  -4  -3  -1  -3  -2  -3    2  42   1   1   0   5   2   4   1   2   1  28   0   3   1   1   3   0   1   2  0.96 0.49
  374 D    -1   1   2   3  -3   0   0   0   2  -3  -2   1  -1  -3   2   0   0  -4  -2  -2    4   8   8  21   0   3   4   6   6   1   4   7   1   1   9   6   7   0   1   2  0.25 0.18
  375 E     0  -1   0   0  -4   1   3   1   1  -2  -3   3  -1  -3   1   0  -1  -5  -3  -3    8   2   4   4   0   5  18  11   4   2   2  20   2   1   6   7   3   0   0   1  0.28 0.23
  376 N    -1  -2   3   4  -5   0   1   1   1  -4  -5   2  -3  -4  -3   1   0  -6  -3  -4    4   1  15  23   0   4   7  12   4   1   1  11   1   0   1   8   5   0   1   1  0.48 0.31
  377 G    -1  -1   1  -2  -5   1  -1   5  -2  -4  -4   1  -2  -4  -1   0  -1  -5  -4  -4    4   3   6   2   0   5   3  47   1   1   2  11   1   1   3   6   3   0   0   1  0.71 0.39
  378 K    -2   1   1   1  -1   1   2  -2  -2  -3  -4   5  -3  -5  -2   0  -1  -5  -4  -3    3   7   5   6   2   7  11   3   0   2   1  40   1   0   2   7   3   0   0   1  0.64 0.39
  379 N    -1   0   2  -3  -3  -1  -2  -3  -3   0   1   3  -1  -3   2   0   2  -5  -2  -1    3   5  10   0   1   2   1   1   0   5  12  23   1   1  10   6  14   0   1   5  0.29 0.26
  380 Q    -1   2   0   0  -3   2   2  -1   1  -2  -3   2  -3  -3  -1  -1   0  -4  -1  -1    4  14   3   5   0  11  17   5   4   3   1  14   0   1   3   3   6   0   2   4  0.27 0.22
  381 L    -5  -5  -6  -7  -6  -5  -6  -7   2  -2   1  -5  -3   7  -1  -6  -2   0   7  -3    0   1   0   0   0   0   0   0   4   2  12   1   1  40   4   0   3   1  30   2  1.58 0.70
  382 V     3  -6  -6  -6   4  -5  -5  -4  -6   0   0  -5  -2  -5   2  -3  -1  -6  -5   5   20   0   0   0   7   0   0   1   0   3   9   0   1   0  11   1   4   0   0  44  0.95 0.53
  383 H    -2  -3  -3  -7  -3  -4  -4  -6  11  -8  -8  -6  -7  -4  -8  -4  -5   0   2  -7    3   1   1   0   1   0   1   0  82   0   0   0   0   1   0   1   1   2   6   0  3.28 1.19
  384 T    -2  -5  -2  -5   0  -5  -5  -6  -6  -2  -2  -5   4  -4  -2   1   7  -6  -1  -3    3   0   2   0   2   0   0   0   0   2   3   0  10   0   2   8  64   0   2   1  1.42 0.69
  385 L    -2  -6  -2  -7  -3  -6  -7  -7  -6   1   6  -6   0  -3  -7  -6  -4  -6  -4   2    3   0   2   0   0   0   0   0   0   5  74   0   1   0   0   0   0   0   0  13  1.43 0.61
  386 N    -6  -5   9  -1  -8  -5  -5  -2  -1  -8  -8  -5  -7  -7  -7  -2  -5  -8  -1  -3    0   0  87   3   0   0   0   2   1   0   0   0   0   0   0   2   0   0   3   2  2.61 0.98
  387 G     3  -5   2  -3   1  -5  -5   6  -3  -6  -6  -5  -6  -6  -5   1  -4  -6  -6  -3   21   0   8   1   3   0   0  53   1   0   0   0   0   0   0  12   0   0   0   1  1.23 0.56
  388 S    -4  -6  -4  -5  -1  -5  -5  -6  -6  -6  -6  -5  -5  -6  -6   4   7  -7  -1  -5    0   0   0   0   1   0   0   0   0   0   0   0   0   0   0  28  68   0   2   0  1.95 0.87
  389 G     5  -5  -1  -5  -1  -4  -5   4  -5  -3   1  -4   1  -3  -5  -1  -4  -6  -5  -1   43   0   2   0   1   0   0  30   0   0  12   0   3   1   0   4   0   0   0   4  0.87 0.47
  390 L     0  -5  -6  -6   6  -5  -5  -6  -5   2   4  -5   1   0  -3  -3  -1  -5  -3   2    6   0   0   0  19   0   0   0   0  11  37   0   3   3   1   1   4   0   1  13  0.85 0.41
  391 A     7  -5  -4  -5  -4  -5  -4  -2  -5  -5  -5  -5  -5  -5  -1  -1  -3  -6  -6  -4   86   0   1   0   0   0   1   2   0   0   1   0   0   0   4   4   1   0   0   1  1.81 0.76
  392 V    -1  -5  -2  -5  -2  -4  -4  -5  -4   4   1  -4   0  -3  -3   0   3  -3  -4   4    3   0   2   0   1   0   0   0   0  21  11   0   2   1   1   7  23   0   0  28  0.65 0.38
  393 G    -2  -4  -1  -1  -5   1   1   3  -3  -6  -6  -4  -3  -5   6   0   1  -4  -5  -5    2   0   3   4   0   6   9  22   0   0   0   0   0   0  38   7   8   0   0   0  0.99 0.48
  394 R    -6   9  -5  -6  -8  -1  -5  -7  -5  -4  -3  -2  -6  -7  -4  -5  -6  -7  -6  -7    0  93   0   0   0   2   0   0   0   1   3   1   0   0   1   0   0   0   0   0  2.68 0.97
  395 T     0  -4  -4  -5   0  -3  -4  -4  -4   2   2  -4   2  -2  -2  -2   4  -1  -4   2    8   0   0   0   2   0   0   1   0  13  19   0   6   1   2   0  34   1   0  12  0.58 0.37
  396 L    -4  -5  -6  -6  -4  -5  -6  -5  -6   4   5  -5   5   0  -4  -5  -3   0  -2   0    1   0   0   0   0   0   0   1   0  27  48   0  13   3   1   0   0   1   1   3  1.12 0.50
  397 V     2  -4  -5  -5   5  -4  -5  -4  -5   4   0  -4   1  -1  -3  -2  -1  -5  -4   3   18   1   0   0  14   0   0   0   0  28   8   1   3   2   1   3   3   0   0  17  0.67 0.36
  398 A     6  -5  -4  -6   5  -4  -5  -2  -5  -4  -5  -5  -3  -5  -1  -1  -1  -6  -6  -3   74   0   0   0  12   0   0   2   0   1   0   0   0   0   3   4   2   0   0   1  1.54 0.69
  399 I    -5  -6  -7  -7  -5  -6  -6  -6  -6   7   3  -6  -1  -2  -6  -6  -4  -6  -3   2    0   0   0   0   0   0   0   0   0  59  28   0   1   1   0   0   0   0   0   9  1.50 0.58
  400 L    -3  -5  -6  -7   0  -5  -6  -7  -6   2   5  -5   4  -2  -6  -5  -3  -3  -3   1    2   0   0   0   2   0   0   0   0  12  65   0  10   1   0   0   1   0   0   7  1.24 0.52
  401 E    -5  -5  -5   0  -8  -2   8  -7  -4  -8  -7  -4  -6  -8  -6  -4  -5  -7  -7  -4    0   0   0   3   0   0  96   0   0   0   0   0   0   0   0   0   0   0   0   1  2.55 0.94
  402 N    -4  -4   8  -3  -3   0  -4  -4   0  -6  -5  -4  -3  -6  -6  -1   2  -7  -1  -3    1   0  71   0   0   5   0   0   2   0   1   0   1   0   0   3  11   0   2   2  1.77 0.72
  403 Y    -5  -4   3  -5  -1  -4  -5   0   6  -5  -5  -4  -4   3  -6  -4  -5   1   8  -5    0   1  15   0   2   0   0   8  16   0   0   0   0  10   0   0   0   1  47   0  1.58 0.64
  404 Q    -3  -2  -4  -3  -3   8  -2  -4  -3  -6  -3  -3  -4  -4  -6  -4  -4   3   2  -4    1   1   0   1   1  79   0   1   0   0   2   0   0   1   0   0   0   4   6   1  2.10 0.86
  405 N    -3   1   3   1  -4   5   0  -4  -2  -4  -2   0  -2  -3  -4  -2   3  -5  -3  -4    0   8  13   9   0  32   6   1   0   0   5   4   1   1   0   2  17   0   1   1  0.66 0.40
  406 A     2  -2  -2   0  -4   0   4  -2  -2  -4  -4   3  -4  -4   3   0  -3  -2  -4  -3   20   1   1   3   0   2  30   2   0   1   1  17   0   0  12   6   0   1   0   1  0.61 0.37
  407 D    -4  -3   3   7  -7  -2   2  -4  -3  -6  -7  -1  -6  -5  -5  -2  -2  -7  -6  -5    1   1  11  67   0   1  10   1   0   0   0   3   0   0   0   2   2   0   0   0  1.67 0.66
  408 G    -3  -3  -1  -4  -6  -4  -5   7  -4  -6  -6  -1  -3  -6  -6  -4  -5  -4  -6  -6    1   1   3   1   0   1   1  85   0   0   0   4   1   0   0   0   0   0   0   0  2.03 0.75
  409 S    -1   1   0  -1   0  -1   0  -1  -1  -3  -3   0  -2  -3  -2   4   2  -2  -2  -2    3   9   4   2   2   2   4   3   1   1   2   6   1   1   1  40  14   1   1   2  0.47 0.30
  410 V    -4  -6  -7  -7  -5  -6  -6  -7  -7   6   0  -6  -3  -1  -6  -6  -4  -6  -5   6    0   0   0   0   0   0   0   0   0  42   6   0   0   2   0   0   0   0   0  50  1.62 0.63
  411 T    -1   3   1  -1  -3   0   1  -3   0   0   0   2  -1  -3  -3  -1   1  -3  -2   1    5  19   6   2   0   4   8   0   2   6   9  14   1   0   0   2   8   0   1  12  0.20 0.18
  412 V    -4  -6  -7  -7  -5  -6  -7  -7  -7   6   1  -6  -1  -3  -5  -6  -3  -6  -5   5    0   0   0   0   0   0   0   0   0  48  11   0   1   1   0   0   0   0   0  39  1.55 0.61
  413 P    -6  -7  -7  -7  -8  -6  -6  -7  -7  -8  -8  -6  -8  -9   9  -6  -6  -9  -8  -8    0   0   0   0   0   0   0   0   0   0   0   0   0   0 100   0   0   0   0   0  3.56 1.14
  414 T    -1  -1  -1   1  -3   1   5  -3  -3  -4  -5   4  -3  -5   0  -1  -1  -6  -5  -4    6   2   2   8   1   4  38   2   0   1   1  23   0   0   5   3   3   0   0   1  0.74 0.41
  415 V     3  -4  -5  -6   2  -4  -4  -5  -3   0  -3  -2  -3  -4   1  -3  -3  -6  -5   5   26   1   0   0   4   0   1   0   1   5   1   2   0   0   8   1   1   0   0  50  0.97 0.49
  416 L    -6  -6  -8  -8  -6  -6  -7  -8  -7  -2   7  -7  -1  -3  -7  -7  -5  -1  -5  -3    0   0   0   0   0   0   0   0   0   1  97   0   1   0   0   0   0   1   0   1  2.17 0.79
  417 R    -3   6  -4  -4  -6   5  -2  -5   2  -1  -4   1  -3  -6  -5  -2  -3   1  -4   0    2  42   0   0   0  24   1   0   5   4   1   8   0   0   0   2   1   2   0   9  1.07 0.52
  418 P    -1  -1  -3  -2  -6   0  -1  -3  -4  -6  -6   3  -5  -6   7   0  -3  -7  -6  -5    4   4   1   2   0   3   4   2   0   0   0  20   0   0  52   6   1   0   0   1  1.38 0.58
  419 F    -5  -4  -7  -8  -7  -6  -7  -7  -2  -4  -2  -5   0   4  -7  -6  -5   5   9  -5    0   1   0   0   0   0   0   0   1   1   3   0   2  16   0   0   0   6  70   0  2.45 0.85
  420 M    -4  -5  -6  -7  -1  -5  -6  -5  -6   0   3  -5   9   0  -6  -3   0  -5  -2   1    1   0   0   0   1   0   0   1   0   4  22   0  52   4   0   1   6   0   1   8  1.53 0.63
  421 G    -2  -2   2  -2  -5  -4  -5   7  -2  -7  -7  -2  -4  -6  -1  -2  -4  -6  -4  -6    1   2  11   2   0   0   0  73   1   0   0   2   0   0   4   3   0   0   0   0  1.55 0.59
  422 K    -1   0   1  -2  -2   0  -2   4  -3  -1  -2   2   0   3  -2  -2   0  -2  -2  -2    2   4   6   1   1   3   1  31   0   4   2  17   3  13   1   1   6   0   0   3  0.36 0.25
  423 D    -2   0  -1   4  -5   1   4  -3  -2  -4  -5   3  -3  -5  -4   0   0  -6  -4  -2    2   4   2  25   0   5  28   1   0   1   0  17   0   0   0   6   5   0   0   3  0.66 0.35
  424 R    -2   3  -2  -2  -2   0   2  -4   1  -1  -2   3  -2   0  -3  -1   0  -2   1   1    0  16   0   0   1   3  16   0   3   4   2  19   1   5   0   3   7   0   6  12  0.30 0.23
  425 I    -5  -6  -7  -7  -4  -6  -6  -7  -6   7   2  -6   0  -1  -6  -6  -4  -6  -4   1    0   0   0   0   0   0   0   0   0  74  17   0   2   1   0   0   0   0   0   6  1.71 0.60
  426 G     1  -3   1  -2  -3  -2  -2   5  -3  -1  -3  -3  -2  -4  -3   3  -2  -4  -4  -3   10   0   6   1   0   0   1  49   0   5   2   0   1   0   1  23   1   0   0   1  0.73 0.28
  427 G     3  -3  -1  -3  -3  -3  -3   6  -3  -4  -4  -3  -3  -4  -3  -1  -2  -4  -4  -3   30   0   3   0   0   0   0  67   0   0   0   0   0   0   0   0   0   0   0   0  1.10 0.23

                      K         Lambda
Standard Ungapped    0.1329     0.3163
Standard Gapped      0.0490     0.2670
PSI Ungapped         0.1600     0.3175
PSI Gapped           0.0490     0.2670
