
Last position-specific scoring matrix computed, weighted observed percentages rounded down, information per position, and relative weight of gapless real matches to pseudocounts
            A   R   N   D   C   Q   E   G   H   I   L   K   M   F   P   S   T   W   Y   V   A   R   N   D   C   Q   E   G   H   I   L   K   M   F   P   S   T   W   Y   V
    1 M    -5  -5  -6  -7  -5  -4  -6  -7  -6  -1  -1  -5  11  -4  -7  -5  -5  -5  -5  -3    0   0   0   0   0   0   0   0   0   2   3   0  95   0   0   0   0   0   0   0  3.17 0.88
    2 R    -2   3   3  -2  -5   1   2  -3  -1  -4  -5   4  -4  -5  -1   2  -1  -5  -4  -4    1  17  12   0   0   5  12   0   1   1   0  28   0   0   2  16   3   0   0   1  0.63 0.34
    3 R    -2   3  -1  -1  -4   1   0  -3  -1  -2  -2   3   6  -4   2  -1  -1  -4  -2  -2    2  15   3   3   0   5   5   2   1   1   1  16  27   0   9   4   4   0   1   2  0.58 0.36
    4 L    -4  -5  -5  -6  -3  -5  -6  -6  -5   4   1  -5   9   0  -3  -5  -4  -4   1   2    1   0   0   0   0   0   0   0   0  20   9   1  44   3   2   0   1   0   5  13  1.51 0.65
    5 T    -3   6  -1  -5  -2  -3  -4  -6  -1  -1  -5   4  -4  -7  -3  -2   3  -2  -5  -2    1  38   3   0   1   1   0   0   1   4   0  27   0   0   1   2  16   1   0   3  1.12 0.59
    6 L    -6  -8  -8  -8  -6  -8  -8  -9  -8   8   1  -8  -3  -4  -8  -7  -6  -8  -6   2    0   0   0   0   0   0   0   0   0  75  11   0   0   1   0   0   0   0   0  14  2.24 0.88
    7 A     6  -6  -5  -7  -3  -6  -6   0  -7   0  -3  -6  -5  -6  -6  -1  -5  -7  -5   1   70   0   0   0   0   0   0   7   0   5   2   0   0   0   0   4   0   0   0  10  1.48 0.74
    8 L    -5  -7  -8  -8  -5  -7  -7  -8  -7   5   3  -7  -2   1  -7  -6  -5  -7  -4   5    0   0   0   0   0   0   0   0   0  25  27   0   0   5   0   0   0   0   0  42  1.44 0.64
    9 D    -8  -8  -5   9 -10  -6  -4  -7  -7  -9 -10  -7  -9 -10  -8  -6  -7 -11  -9  -9    0   0   0  99   0   0   0   0   0   0   0   0   0   0   0   0   0   0   0   0  3.42 1.30
   10 A     6  -6  -6  -6   2  -5  -6  -1  -6  -1   0  -5   0  -6  -6  -3   0  -7  -6   2   58   0   0   0   3   0   0   5   0   3   8   0   3   0   0   0   6   0   0  14  1.13 0.62
   11 M    -4  -6  -5  -6  -8  -3  -5  -6   0  -4   0  -7  11  -2  -9  -5  -6  -4  -3  -5    2   0   1   1   0   1   1   1   2   1   6   0  80   2   0   1   0   0   1   0  3.09 1.23
   12 G    -4  -7  -3  -7  -8  -7  -8   8  -8 -10  -9  -7  -8  -9  -8  -1  -7  -8  -9  -9    1   0   1   0   0   0   0  93   0   0   0   0   0   0   0   5   0   0   0   0  2.73 1.08
   13 G    -1  -6  -2  -6  -8  -7  -7   7  -7  -7  -8  -7  -8  -7  -7   1  -3  -8  -7  -8    4   0   2   0   0   0   0  82   0   0   0   0   0   0   0   9   2   0   0   0  2.21 0.93
   14 D    -7  -7  -5   9  -9  -5   0  -6  -7  -9  -9  -6  -9  -9  -7  -6  -7 -10  -3  -9    0   0   0  92   0   0   6   0   0   0   0   0   0   0   0   0   0   0   1   0  3.03 1.19
   15 F    -3   0   4  -1  -4  -2  -3  -3   5  -4  -1   1  -3   4  -5  -1  -2  -4   4  -4    2   5  19   3   0   2   1   2  16   0   7   7   0  14   0   4   2   0  12   0  0.66 0.40
   16 G     5  -4  -4  -3  -4  -5  -4   4  -4  -6  -6  -5  -5  -6  -1   0  -3  -5  -3  -5   52   1   1   2   0   0   1  31   0   0   0   0   0   0   4   5   1   0   1   0  1.31 0.68
   17 P    -3  -8  -8  -7  -3  -5  -5  -8  -8  -3  -3  -7  -6  -4   9  -3  -6  -6  -3  -3    2   0   0   0   1   1   1   0   0   2   3   0   0   1  83   2   0   0   1   3  2.68 1.13
   18 A     1   2  -1   1  -4   2   3   0   1  -2  -2   1  -3  -3  -2   1  -1  -3  -3  -2   12  10   1   9   0   8  18   7   4   2   4   8   0   1   1   9   3   0   1   3  0.23 0.21
   19 V     2  -4  -1  -2  -1  -1   4  -5  -2   0  -3  -3  -1  -4   1   0  -1  -6  -4   3   18   0   2   1   2   2  28   0   1   5   1   1   1   1   7   6   4   0   0  21  0.53 0.40
   20 T     0  -4   0  -4  -1  -3  -1  -5  -4   5   0  -5   0  -3  -1  -3   2  -3  -4   3    6   0   4   1   1   1   5   0   0  28   9   0   2   1   4   1  13   0   0  22  0.57 0.37
   21 V    -2  -7  -7  -8  -1  -7  -7  -7  -7   5   1  -6  -1   0  -7  -6  -4  -7  -4   6    4   0   0   0   1   0   0   0   0  27  11   0   1   3   0   0   1   0   0  50  1.42 0.65
   22 P     1   1  -2   1  -5   1   4  -3  -1  -3  -2   3  -3  -5   2  -1  -2  -6  -4  -3   12   8   2   6   0   5  23   2   1   1   5  17   0   0   9   4   1   0   0   1  0.44 0.33
   23 A     3  -7  -6  -6  -7  -6  -6   7  -7  -8  -8  -6  -7  -8  -5  -4  -5  -7  -7  -6   24   0   0   0   0   0   0  72   0   0   0   0   0   0   0   1   0   0   0   0  2.08 0.88
   24 A     6  -6  -5  -6   3  -5  -6  -3  -6   1  -1  -5  -3  -4  -5   0  -1  -7  -6   2   56   0   0   0   6   0   0   2   0   6   5   0   1   0   0   5   3   0   0  15  1.11 0.61
   25 L     1  -1  -2  -4   0  -2  -1  -3  -2   3   2  -1   0  -1  -5  -2  -2  -3   0   3   10   3   2   1   2   2   3   2   1  16  24   5   2   2   0   2   1   0   3  19  0.31 0.24
   26 Q     0   2  -1   1  -3   2   2  -4  -1  -1   2   1   0  -2  -4  -1  -2  -2  -3  -2    9  11   3   8   0  10  13   0   1   4  20   8   3   1   0   3   2   0   1   1  0.23 0.23
   27 A     6  -6  -5  -7  -2  -6  -5  -3  -5  -3  -4  -5  -3   3  -5  -1  -3  -1   1  -1   65   0   0   0   1   0   0   2   0   1   2   0   1  12   0   4   1   1   5   5  1.35 0.71
   28 L     3  -1  -4  -5   0  -3  -4  -4  -1   1   4  -2   0  -2  -4   0  -2  -5  -3   1   24   3   0   0   2   1   0   1   1   6  35   2   2   1   0   7   2   0   0   9  0.51 0.35
   29 V     0   3   0   0  -5   2   2  -3  -1  -3  -1   3  -3  -4  -2   1  -1  -5  -3  -3    9  18   4   5   0   8  11   1   1   1   6  19   0   0   2   9   2   0   1   1  0.38 0.29
   30 S     1   2   1   1  -3   1   4  -2   0  -3  -3   1  -2  -5  -4   0  -1  -5  -3  -3   10   9   6   6   1   6  30   3   2   1   3  10   1   0   0   6   4   0   1   1  0.44 0.32
   31 Y    -2   0   3   1  -2  -1  -1  -2   4  -2   1  -2   0   2  -4  -1  -2   1   3  -2    3   5  14   8   1   2   2   3  11   2  14   2   2   9   0   4   2   2  10   2  0.29 0.22
   32 P    -1  -1  -1   1  -2  -1   0   0  -2  -2  -3   1  -1  -3   5   1   0  -3  -3  -3    4   3   3   7   1   3   7   7   1   2   3  10   2   1  30  10   5   0   1   1  0.51 0.28
   33 Q    -1  -2   3   5  -3   0   1   3   0  -5  -5  -1  -4  -5  -2  -1  -2  -6  -4  -5    4   2  11  31   0   4   8  21   2   0   1   3   0   0   2   5   2   0   0   1  0.70 0.40
   34 L     0  -4  -5  -2   0  -3  -4  -5   0   3   3  -4   0   2  -4  -3   0  -4  -1   3    7   0   0   3   2   1   1   0   2  17  24   0   2   8   1   2   6   0   2  21  0.47 0.29
   35 E    -2   2   1   1  -4   1   3  -2   3  -3  -4   2  -3  -1  -1   1   0  -5  -1  -4    2   9   6   8   0   7  21   2   8   1   1  12   0   3   3   9   5   0   2   1  0.38 0.29
   36 L    -3  -6  -7  -7  -1  -6  -7  -6  -6   5   3  -6  -2   3  -4  -5  -3  -5  -2   4    1   0   0   0   1   0   0   1   0  32  24   0   0  13   1   0   1   0   1  23  1.10 0.52
   37 L    -2  -4  -4  -5  -2  -1  -3  -5   0   4   2  -2  -1   0  -5  -3   1  -1   1   3    3   1   1   0   1   3   1   0   2  25  19   2   1   4   0   1   9   1   5  21  0.53 0.33
   38 L    -3  -7  -8  -8  -3  -7  -8  -8  -7   1   6  -7  -1   1  -6  -7  -6  -3  -5   0    2   0   0   0   1   0   0   0   0   7  77   0   1   6   0   0   0   0   0   6  1.71 0.76
   39 V    -3  -7  -7  -8   1  -7  -7  -7  -1   2  -2  -7  -3   4  -5  -5  -1  -6   2   6    2   0   0   0   2   0   0   0   2  10   3   0   0  14   1   0   4   0   6  57  1.38 0.66
   40 G    -3  -8  -5  -5  -4  -7  -7   8  -7  -6  -9  -7  -8  -5  -8  -5  -6  -8  -8  -6    2   0   0   0   0   0   0  94   0   0   0   0   0   1   0   0   0   0   0   1  2.72 1.07
   41 N    -4   1   2   6  -7   0  -1  -5   0  -3  -4   0  -3  -7   2  -2  -2  -7  -5  -3    1   6   9  44   0   4   3   0   2   1   2   7   1   0  11   3   2   0   0   2  0.93 0.52
   42 P    -1   1  -3  -2  -5   3   5  -3  -2  -4  -4   3  -5  -6   2   0  -1  -6  -5  -3    5   7   0   1   0  11  35   2   1   1   2  15   0   0   9   6   3   0   0   2  0.70 0.45
   43 A     1  -1   2   3  -5   0   3  -3  -1  -3  -5   1  -5  -5  -1   1   0  -6  -4  -3   14   2   8  19   0   4  21   2   1   1   0   9   0   0   3  10   5   0   0   1  0.49 0.34
   44 A     1   2  -2  -1  -3   2   1  -3  -3   1   0   2  -1  -3  -2  -1  -1  -4  -3   1   13  10   1   4   0  10  11   1   0   7  11  12   1   1   1   3   3   0   1  10  0.19 0.20
   45 I    -3  -5  -6  -7  -2  -5  -6  -7  -5   7   3  -6   0  -2  -7  -6  -4  -6  -4   2    1   1   0   0   1   1   0   0   0  52  27   0   2   1   0   0   1   0   0  12  1.45 0.63
   46 H    -1   3   1   0  -4   2   3  -2   1  -3  -2   3  -3  -3  -4   0  -1  -4  -2  -3    5  15   6   4   0   8  20   3   3   1   4  15   0   1   0   5   3   0   2   2  0.37 0.27
   47 S     1   1   0   0  -5   1   2  -2  -1  -4  -4   2  -3  -4   4   1  -1  -3  -3  -3   13   8   4   5   0   6  13   2   1   1   1  12   1   1  18   9   4   0   1   1  0.40 0.29
   48 L     0  -2  -3  -2   0   0   3  -4   1   1   2  -2  -1   1  -3  -2  -2  -3   1   0    9   2   1   1   2   3  23   1   4   7  21   2   1   7   1   2   2   0   6   5  0.27 0.24
   49 L    -2  -4  -5  -5  -1  -3  -4  -4  -5   2   5  -3   2   0  -4  -4  -3  -3  -3   0    3   1   1   0   1   1   1   1   0  10  63   1   4   3   1   1   1   0   0   5  1.04 0.49
   50 V     2   0   1   1  -2   0   1   0  -1  -2  -2   1  -2  -2   1   1   0  -3  -2  -2   17   5   5   8   1   4   9   5   2   2   4  11   0   1   7  11   4   0   1   2  0.16 0.13
   51 K     0   3   0   0  -3   2   2  -1   0  -3  -3   4  -3  -3  -1   0  -2  -4  -3  -3    7  13   5   4   1   9  11   5   2   2   2  25   0   1   3   5   2   0   1   1  0.38 0.25
   52 T     0   0   0  -1   0   0   0  -2   4  -1   0  -1  -1   1  -2   0   0   0   2  -1    9   7   5   2   2   4   5   3  11   3  11   4   2   6   1   5   5   1  10   5  0.10 0.10
   53 D    -1   0   1   2  -3   0   1   1   1  -3  -2   1  -2  -1   2   0  -1  -1  -1  -2    5   3   8  13   1   3   9  14   3   1   5  10   1   2  11   5   2   1   2   2  0.20 0.13
   54 S     1   0   1   0  -1   0   0   1   0  -1  -1   0  -1  -1   1   1   0  -2  -2  -1   11   6   6   4   1   3   5  13   3   4   6   6   1   2   6  11   6   0   1   4  0.08 0.06
   55 V     0   0   0   0  -1   0   0  -1   1   0   0   0  -1   0   0   0   0   0   1   0    9   3   2   6   1   3   5   5   4   8  10   5   1   5   5   9   5   1   6   5  0.01 0.02
   56 L    -1   0   1   2  -2  -1   0   0   0   0   0   0  -1  -1   1   0  -1   0  -1  -1    5   4   7  16   1   1   4   9   2   5  13   5   1   3   7   7   3   2   2   3  0.07 0.08
   57 L     0   0   0   0  -2   0   0  -1   2  -1   0   0  -1  -2   3   0   0  -2  -2  -2    8   6   5   5   1   3   5   5   6   3  13   7   1   1  14   8   4   0   1   2  0.13 0.11
   58 E     0  -1   1   3  -2  -1   2   0  -1  -4  -3   1  -3  -4   3   2  -1  -4  -4  -3    7   2   7  15   1   2  13   6   2   1   3   8   0   1  13  15   2   0   0   2  0.35 0.24
   59 R    -2   5   3  -1  -2   0  -2   0   1  -3  -3   1  -3  -3  -1   0  -2  -2  -2  -3    2  37  14   2   1   4   2   7   3   2   3   8   0   1   3   5   1   1   1   2  0.61 0.34
   60 L    -3  -5  -6  -6   1  -5  -6  -6  -4   5   3  -5   0   2  -5  -3  -3  -3   1   3    1   0   0   0   3   0   0   0   0  36  25   0   1   7   0   2   1   0   4  18  0.94 0.44
   61 T    -2   2  -2   0  -3   1   4  -4   1  -2  -4   1  -4  -3  -2   2   2  -5  -4  -3    2   9   1   5   0   5  30   1   4   2   1   8   0   1   2  14  12   0   0   2  0.50 0.36
   62 V    -4  -6  -7  -6  -3  -6  -5  -7  -5   6   1  -6  -2   2  -7  -6  -4   0  -1   4    1   0   0   0   0   0   1   0   0  49  10   0   0   8   0   0   1   1   2  25  1.37 0.59
   63 I    -3   0  -4  -4  -1  -2  -1  -6   3   4   0  -2  -1  -1  -5  -4  -3  -2  -1   5    1   6   1   0   1   2   4   0   7  21   8   2   1   2   0   1   1   1   1  39  0.72 0.41
   64 P    -1  -4   1   3  -4  -2   0  -4   9  -5  -5  -3  -6  -4   3  -3  -4  -7  -1  -4    4   1   7  14   0   1   5   1  45   1   1   1   0   1  12   2   1   0   1   1  1.45 0.67
   65 A     5  -5  -4  -5   6  -5  -4  -4  -6  -5  -6  -5  -5  -7  -5   1   3  -7  -5  -2   53   0   0   0  15   0   1   0   0   0   0   0   0   0   0  10  18   0   0   2  1.37 0.68
   66 E    -1  -2  -1   2  -4  -1   2  -2  -1  -5  -5  -1  -5  -4   4   3   1  -6  -5  -5    5   2   2  13   0   2  14   3   1   0   1   4   0   0  21  21   9   0   0   0  0.61 0.40
   67 S    -3  -2   0   3  -5   4   5  -1  -1  -5  -5  -1  -5  -6  -4   0  -1  -6  -3  -4    1   1   4  16   0  17  38   6   1   0   1   2   0   0   0   5   4   0   1   1  0.90 0.51
   68 V     0  -1  -2  -3  -3  -1  -1  -5  -3   2  -2  -2  -1   0  -4  -1   0  -2   1   5    6   3   2   1   0   2   5   0   1   9   2   2   1   4   0   5   4   1   4  47  0.59 0.37
   69 I    -4  -7  -6  -7  -5  -7  -7  -8  -7   7  -1  -7  -2  -2  -6  -5  -5  -7  -5   5    1   0   0   0   0   0   0   0   0  56   4   0   0   2   0   1   0   0   0  35  1.82 0.73
   70 T     1  -1  -1   1  -4  -1   2   2   0  -4  -2   0  -2  -4  -1   1   2  -5  -3  -4    9   3   2   8   0   1  17  15   2   0   3   5   1   0   3  11  16   0   1   0  0.30 0.25
   71 S    -4  -6   1  -1  -3  -2  -2  -3  -5  -3  -2  -3  10  -2  -1  -1  -3  -6  -4  -3    1   0   8   4   1   1   3   2   0   0   2   1  63   2   3   4   1   0   0   1  1.92 0.85
   72 D    -1  -3   2   5  -2  -2   2   2   3  -6  -6  -2  -4  -6  -4   0   0  -6  -2  -5    6   1   8  33   1   1  12  15   6   0   0   2   0   0   0   6   7   0   1   0  0.72 0.41
   73 A    -1  -5  -3   6  -5  -2   6  -5  -2  -5  -6  -4  -3  -6  -5  -3  -3  -8  -7  -4    5   0   1  38   0   1  47   0   1   0   1   0   1   0   0   1   2   0   0   1  1.57 0.72
   74 K    -1   0   0   2  -5  -1   1  -2   4  -3  -4   3  -4  -4   1   2  -1  -5  -3  -3    5   5   3  10   0   2   8   3   9   2   1  20   0   1   6  20   4   0   0   1  0.39 0.29
   75 P     0  -6  -7  -6  -7  -6  -6  -3  -6  -1  -3  -6  -5  -8   8  -4  -5  -8  -5  -3    8   0   0   0   0   0   0   2   0   3   3   0   0   0  78   1   0   0   1   2  2.38 0.94
   76 S     2   0  -2  -3  -4  -3  -3  -2  -4   0   0  -2   0  -2  -3   2   2  -4  -4   2   20   6   1   1   0   0   0   3   0   5  10   2   2   1   1  19  11   0   0  18  0.32 0.27
   77 Q     0   2   0   1  -3   2   2  -3   0  -2  -1   1   0  -2  -3   1   0  -2  -2  -1    9   9   3   7   0  11  13   1   2   2   6  10   3   2   0   8   5   0   1   5  0.17 0.16
   78 A     6  -5  -4  -5  -3  -4  -4  -2  -6  -1  -3  -4  -4  -3  -4   0  -2  -6  -5   1   67   0   0   0   0   0   1   3   0   4   2   1   0   1   0   6   2   0   0  11  1.23 0.62
   79 I    -2  -5  -6  -7  -2  -5  -6  -6  -5   4   4  -5   2   0  -6  -4  -2   0  -1   3    2   0   0   0   1   0   0   0   0  20  41   0   4   4   0   1   2   1   2  21  0.93 0.44
   80 R    -3   8  -4  -6  -7  -1  -4  -5  -2  -6  -4   3  -3  -6  -6  -4  -5  -4  -5  -6    2  69   1   0   0   2   1   1   1   0   2  17   1   0   0   1   0   0   0   0  1.91 0.79
   81 A     0   4   1  -1  -4   2   0  -1   2  -4  -3   3  -2  -5  -4   1   0  -5  -3  -3   10  21   7   2   0   8   5   5   6   0   2  16   1   0   0   8   6   0   0   1  0.41 0.27
   82 S    -4   2  -1  -3  -7  -2  -3  -1  -2  -7  -5   7  -4  -5  -6  -3  -4  -7  -2  -5    1   8   2   1   0   1   0   5   1   0   1  73   0   0   0   2   0   0   1   1  1.73 0.75
   83 R    -3   4  -3  -3  -6   1  -2  -3  -4  -4  -4   5  -3  -6   5  -2  -1  -6  -5  -4    1  18   1   1   0   5   2   2   0   1   1  33   0   0  25   3   4   0   0   1  0.97 0.50
   84 G    -4   0   4   6  -5   0   1   0   0  -6  -6   0  -4  -4  -3  -1  -3  -7  -4  -6    1   5  18  42   0   4   8   6   2   0   0   5   0   1   1   3   1   0   0   0  0.98 0.49
   85 T     2  -6   0  -4  -2  -5  -5  -5  -4  -7  -7  -5  -4  -6  -6   7   1  -7  -5  -4   18   0   3   0   1   0   0   0   0   0   0   0   0   0   0  68   7   0   0   1  1.61 0.79
   86 S    -3  -6  -4  -6  -6  -5  -5  -4  -6  -6  -8  -5  -7  -8  -5   8   0  -8  -7  -7    1   0   0   0   0   0   0   1   0   0   0   0   0   0   1  93   4   0   0   0  2.44 1.04
   87 M    -5  -7  -7  -8  -6  -5  -7  -8  -7   5   2  -7   8  -4  -7  -6  -4  -6  -6   1    1   0   0   0   0   0   0   0   0  34  19   0  37   0   0   0   0   0   0   9  1.77 0.72
   88 R     1   2   0  -4   0  -2  -3  -1   1  -1  -1  -2   1   0  -3  -1  -2   3   0   3   13  12   4   0   2   1   1   4   4   2   5   2   3   3   1   5   2   5   3  28  0.28 0.25
   89 V    -2   2  -3  -4  -2   0  -3  -5  -3   1   1   2   0  -4  -5  -3  -1  -6  -4   5    2  13   1   0   1   5   1   1   1   8  10  12   2   0   0   1   4   0   0  39  0.62 0.38
   90 A     6  -6  -5  -6   3  -5  -5   4  -6  -4  -5  -5   0  -7  -5   0  -2  -7  -6  -4   55   0   0   0   5   0   0  27   0   1   1   0   2   0   0   6   2   0   0   1  1.34 0.64
   91 L     2  -5  -5  -6   1  -4  -5  -5  -5   3   3  -5   4   2  -5  -3   0  -2  -2   2   16   0   0   0   3   0   0   0   0  19  25   0   9   7   0   1   5   0   1  13  0.61 0.35
   92 E    -1   3   2   2  -4   3   3  -1  -1  -5  -5   2  -3  -5  -4  -1  -2  -6  -3  -4    4  15   8  11   0  13  22   5   2   0   0  11   1   0   0   4   1   0   1   1  0.55 0.35
   93 L     1  -3  -5  -2  -2  -2  -3  -5  -3  -2   5  -4   4  -2  -6  -1  -3  -3  -1  -3   14   1   0   2   1   2   2   0   1   1  55   1   9   1   0   5   1   0   2   0  0.85 0.47
   94 I    -2  -6  -6  -7   0  -1  -6  -6   0   0   3  -6  -1  -4  -6  -5  -4  -6  -4   6    3   0   0   0   2   3   0   0   3   4  25   0   1   0   0   0   0   0   0  56  1.25 0.58
   95 R     2   4  -1  -4  -4  -1  -3  -2  -1  -5  -5   6  -4  -6  -5  -1  -2  -7  -6  -4   19  19   3   0   0   2   1   3   1   0   0  44   0   0   0   4   2   0   0   1  1.04 0.54
   96 D     0   0   2   4  -5   2   4  -3  -1  -6  -5   1  -3  -6  -4   1  -1  -5  -5  -4    7   5   8  20   0   8  26   1   1   0   1   7   1   0   0  10   4   0   0   1  0.62 0.37
   97 G    -3  -2   1   0  -5  -2  -2   6  -1  -8  -7   1  -6  -7  -6  -3  -4  -7  -7  -7    1   3   6   5   0   2   2  67   2   0   0  10   0   0   0   1   1   0   0   0  1.50 0.64
   98 R    -1   2  -1   1  -3   2   4  -3   0  -3  -3   3  -2  -4  -3  -2  -1  -6  -3  -2    5  10   3   6   1  10  28   1   2   1   3  19   1   0   1   2   3   0   1   3  0.52 0.34
   99 A     6  -6  -3  -5   1  -5  -5   0  -6   0  -3  -5  -4  -4  -5  -1  -3  -4  -4   2   62   0   1   0   3   0   0   6   0   5   3   0   0   1   0   3   1   0   0  14  1.16 0.59
  100 Q    -2  -4  -1   7  -2   3   0  -2   1  -6  -6  -4  -5  -6  -5  -1  -3  -8  -7  -5    3   1   2  62   1  11   4   3   3   0   1   1   0   0   0   5   1   0   0   1  1.51 0.67
  101 A     6  -6  -6  -6  -1  -6  -6   3  -6  -4  -5  -5  -4  -6  -6  -2  -4  -7  -6   0   69   0   0   0   2   0   0  20   0   1   0   0   0   0   0   1   0   0   0   6  1.57 0.71
  102 C     0  -6  -6  -7   5  -6  -6  -5  -6   1   1  -6   3   6  -6  -3  -3  -2  -2   3    7   0   0   0  10   0   0   0   0   5  15   0   7  30   0   2   1   1   0  22  0.97 0.46
  103 V    -4  -7  -7  -8  -2  -7  -7  -7  -7   4   1  -7  -2   0  -7  -6  -4  -7  -4   7    1   0   0   0   1   0   0   0   0  17  10   0   1   4   0   0   0   0   0  65  1.62 0.67
  104 S    -4  -6  -4  -6  -3  -5  -5  -3  -6  -7  -7  -5  -7  -8  -6   7   2  -8  -5  -7    0   0   0   0   1   0   0   1   0   0   0   0   0   0   0  87  10   0   0   0  2.26 0.99
  105 A     6  -6  -5  -6   3  -5  -5  -1  -6  -4  -4  -5   2  -3  -1   0  -3  -7  -6  -2   70   0   0   0   6   0   0   3   0   1   2   0   5   1   3   5   1   0   0   3  1.40 0.68
  106 G    -3  -8  -6  -7  -4  -7  -6   8  -7  -9  -9  -7  -8  -7  -8  -5  -7  -8  -8  -9    1   0   0   0   0   0   1  97   0   0   0   0   0   0   0   0   0   0   0   0  2.83 1.01
  107 N    -3  -5   8  -1  -3  -4  -3  -5   4  -8  -8  -5  -7  -8  -1   3  -4  -8  -6  -7    2   0  64   3   1   0   1   0   8   0   0   0   0   0   3  19   0   0   0   0  1.96 0.83
  108 T    -4  -6  -5  -6  -6  -6  -6  -7  -7  -6  -7  -6  -6  -8  -1   2   8  -8  -7  -6    1   0   0   0   0   0   0   0   0   0   0   0   0   0   3  15  81   0   0   0  2.34 1.00
  109 G     0  -7  -6  -6  -8  -3  -7   7  -7  -9  -9  -4  -8  -8  -5  -4  -7  -8  -8  -7    6   0   0   0   0   2   0  89   0   0   0   1   0   0   0   1   0   0   0   0  2.46 0.93
  110 A     7  -7  -6  -7  -1  -6  -6  -1  -7  -4  -5  -5  -4  -7  -4  -2  -3  -8  -7  -2   85   0   0   0   1   0   0   5   0   1   0   0   0   0   1   2   1   0   0   3  1.98 0.87
  111 L     1  -5  -5  -6   1  -2  -5  -5  -5   1   4  -5   3   1  -5  -2   0  -5   0   3   14   0   0   0   2   1   0   0   0   7  34   0   6   5   0   3   6   0   3  18  0.58 0.35
  112 M    -3  -6  -6  -8  -5  -6  -7  -6  -3   1   3  -6   8  -1  -7  -5  -2  -5  -3   4    1   0   0   0   0   0   0   0   1   5  24   0  40   2   0   0   2   0   1  23  1.55 0.69
  113 G     6  -6  -6  -6  -3  -5  -5  -1  -6  -2  -1  -5  -2  -3  -5  -1   1  -7  -3   1   61   0   0   0   0   0   0   4   0   2   7   0   1   1   0   4   8   0   1  11  1.11 0.59
  114 L     4  -5  -3  -5   0  -3  -4   2  -2   0   1  -4   2  -1  -5   1   0  -3  -2  -1   37   0   1   0   2   1   0  14   1   5  11   0   5   3   0  11   4   0   1   3  0.53 0.36
  115 A     5  -6  -5  -6   3  -5  -5   2  -6  -5  -5  -5  -5  -7  -5   4  -1  -7  -6  -4   43   0   0   0   5   0   0  17   0   1   1   0   0   0   0  30   2   0   0   1  1.21 0.64
  116 K    -1   1  -3  -4  -2  -1  -3  -4   0   1   2   1   2  -1  -4  -1   2  -3  -1   1    4   9   1   0   0   2   0   0   2   7  23  11   6   2   0   3  16   0   2   8  0.29 0.25
  117 L    -3   1  -4  -6  -5  -1  -5  -6   2   0   3  -1   3   5  -6  -3  -2  -1   0  -1    1   7   1   0   0   3   0   0   5   6  32   3   6  25   0   2   2   1   3   4  0.71 0.39
  118 V    -1   0  -1  -3  -1  -1  -2  -2   0   3   1   0   1  -1  -4  -1   0  -1   1   2    5   6   3   1   1   3   2   3   3  21  11   6   3   1   0   3   7   1   6  14  0.17 0.16
  119 L    -3  -5  -7  -8  -2  -5  -7  -6  -7   3   5  -6   1   0  -7  -5  -3   3  -3   2    1   0   0   0   1   0   0   0   0  14  60   0   3   4   0   1   1   4   1  11  1.23 0.56
  120 K    -2   3  -3  -4  -7  -2  -4   6  -1  -8  -7   3  -5  -7  -2  -2  -5  -7  -7  -7    3  14   1   1   0   1   1  53   1   0   0  20   0   0   2   2   0   0   0   0  1.33 0.62
  121 P    -3   6  -3  -6   0  -3  -4  -6  -4  -4   0   1   3  -5   1  -2   3  -7  -5  -4    1  41   1   0   2   0   1   0   0   1   8   8   8   0   6   2  18   0   0   1  0.99 0.54
  122 L    -3  -6  -5  -7  -3  -4  -6  -7  -3   5   4  -5   3  -1  -5  -4  -4  -6  -3   0    2   0   0   0   0   1   0   0   1  35  42   1   6   3   1   1   1   0   1   6  1.15 0.52
  123 D     0   0  -1   0  -5  -1   3  -3  -1  -5  -5   3  -6  -7   6  -1  -3  -7  -5  -5    7   4   3   6   0   2  16   2   1   0   1  18   0   0  33   5   1   0   0   0  0.89 0.48
  124 G    -3  -3   1  -2  -6  -5  -3   7  -2  -8  -6  -4  -7  -6  -5  -3  -6  -5  -5  -7    1   1   7   3   0   0   2  79   1   0   1   1   0   0   0   1   0   0   0   0  1.96 0.79
  125 I    -3  -6  -7  -7  -4  -7  -7  -6  -5   6  -1  -7   0  -2  -7  -6  -4  -7  -4   5    2   0   0   0   0   0   0   1   0  45   6   0   2   1   0   0   0   0   0  42  1.65 0.68
  126 E    -2   2   0   3  -5   0   3  -4   2  -2  -1   2  -2  -4  -3   1  -1  -6  -4  -3    3  12   3  18   0   3  19   0   4   2   6  11   1   0   1  11   3   0   0   1  0.44 0.30
  127 R    -6   9  -5  -7  -9  -4  -5  -8  -2  -8  -7   0  -7  -8  -6  -3  -5  -8  -7  -8    0  89   0   0   0   0   0   0   1   0   0   5   0   0   0   2   1   0   0   0  2.81 1.05
  128 P     0  -6  -7  -7  -4  -7  -7  -6  -7  -5  -6  -6  -7  -9   9  -4  -4  -4  -8  -4    7   0   0   0   0   0   0   1   0   1   1   0   0   0  85   2   1   0   0   2  2.82 1.07
  129 A     6  -6  -6  -6   2  -6  -6   2  -7  -4  -6  -6  -4  -5  -2  -2  -1  -7  -7  -2   72   0   0   0   3   0   0  12   0   1   0   0   0   0   2   2   4   0   0   2  1.60 0.74
  130 L    -3  -7  -8  -8  -6  -6  -7  -5  -7   6   4  -7   0   1  -7  -6  -5  -6  -5   0    2   0   0   0   0   0   0   1   0  45  40   0   2   4   0   0   0   0   0   5  1.50 0.62
  131 M     5  -6  -5  -6   4  -5  -5   2  -6   0  -1  -5   2  -4  -4  -1  -1  -6  -4   0   46   0   0   0   7   0   0  16   0   4   5   0   6   1   1   3   4   0   0   7  0.87 0.49
  132 V     3  -3  -4  -5   0  -3  -4   0  -5  -1  -3  -1  -3  -4   2   2   3  -6  -5   2   26   1   0   0   2   1   0   8   0   3   1   3   0   0   9  13  20   0   0  13  0.53 0.37
  133 V     0  -2  -3  -4  -2  -1  -3  -4  -2   2   1  -3   1   1   2  -1   1  -2   0   3    8   1   1   1   1   2   1   0   1  11  14   1   4   6  10   4   8   1   3  21  0.28 0.21
  134 L    -4  -6  -7  -7  -3  -5  -7  -7  -3   4   4  -6   4   4  -6  -5  -4   2   2   1    1   0   0   0   0   0   0   0   1  22  33   0   9  15   0   0   0   3   6  10  1.01 0.47
  135 P    -5  -5  -5  -5  -7  -6  -5  -5  -6  -6  -5  -5  -5  -6   9  -5  -4  -7  -7  -5    1   1   1   1   0   0   1   1   0   1   2   1   0   1  88   1   1   0   0   1  2.93 1.06
  136 H    -1  -1   2  -3  -3  -2  -4  -1  -1  -2  -3  -2  -3  -2  -2   2   6  -6  -2  -1    4   3   9   1   0   2   1   4   2   2   2   1   0   2   2  16  44   0   1   4  0.76 0.46
  137 K     0   0  -1  -2  -2   0   0   0  -2   0   1   0   1   0   1   0   0  -3  -1   0   11   6   2   1   0   4   6   9   1   6  16   6   3   4   7   5   4   0   1   7  0.05 0.06
  138 K    -1   1   2   1  -3   0   1   0   0  -2  -2   3  -2  -1  -1   0   0  -4  -2  -1    5   6  11   8   0   2   7   6   2   2   4  23   1   3   3   5   7   0   1   4  0.22 0.17
  139 Q     0   1   3   2  -3   1   0   3   2  -4  -3   0  -3  -3  -2   1  -2  -4  -2  -3    6   8  12  10   0   6   5  21   5   1   2   6   1   1   2  11   2   0   2   1  0.32 0.19
  140 G    -2   1  -2  -2  -4  -2  -3   5   1  -4  -4   1  -3  -4   1  -1  -1  -4  -4  -5    2   8   2   3   0   1   2  47   3   1   1  10   1   1   8   4   3   0   0   1  0.82 0.39
  141 K    -2   1   0  -2  -3   0   0  -1   2  -3  -2   1  -1   2   4  -1  -1  -2   0  -1    2   7   4   2   0   3   5   5   6   1   3  11   1  10  23   5   3   1   4   4  0.34 0.22
  142 T    -1  -3  -2  -5   4  -4  -4  -3  -4   0  -1  -3   0   3  -4   1   4  -1  -2   3    5   1   1   0   8   0   0   2   0   5   4   1   3  11   0  11  26   1   1  18  0.54 0.34
  143 V    -2  -4  -3  -5   0  -4  -6  -6  -1   3   3  -5   1   0  -6  -4  -2   1   1   4    4   1   1   0   2   0   0   0   2  14  30   0   4   4   0   0   2   2   5  28  0.72 0.37
  144 V    -3  -6  -7  -8  -2  -6  -7  -7  -7   2   5  -6   5   0  -7  -6  -4  -2  -5   2    2   0   0   0   1   0   0   0   0  11  52   0  13   4   0   0   0   0   0  15  1.27 0.56
  145 L    -3  -7  -7  -8   1  -6  -7  -6  -7   3   6  -7   2  -3  -7  -6  -3  -6  -5   1    3   0   0   0   3   0   0   1   0  17  63   0   3   1   0   0   1   0   0   8  1.37 0.59
  146 D    -8  -8  -5   9 -10  -6  -3  -7  -7  -9 -10  -7  -9 -10  -8  -6  -7 -10  -9  -9    0   0   0  99   0   0   1   0   0   0   0   0   0   0   0   0   0   0   0   0  3.37 1.19
  147 L     2  -5  -5  -6   2  -5  -5  -2  -5   2   2  -5   1  -4  -5  -1  -3  -6  -5   4   20   0   0   0   4   0   0   3   0   8  22   0   3   0   0   4   1   0   0  33  0.76 0.41
  148 G    -4  -8  -6  -7  -8  -7  -8   8  -7  -9  -9  -7  -8  -8  -8  -6  -7  -8  -8  -8    1   0   0   0   0   0   0  98   0   0   0   0   0   0   0   0   0   0   0   0  2.96 1.04
  149 A     7  -7  -7  -7  -4  -6  -6  -1  -7  -5  -4  -6  -4  -6  -5  -2  -4  -8  -7  -5   89   0   0   0   0   0   0   4   0   0   2   0   0   0   0   2   1   0   0   0  2.17 0.90
  150 N    -6  -5   8  -3  -5  -4  -5  -4  -1  -7  -7  -5  -5  -4  -7   0   1  -8  -7  -5    0   0  77   1   0   0   0   1   1   0   0   0   0   1   0   7   9   0   0   1  2.34 0.92
  151 V     1  -6  -3  -6  -5  -5  -5  -6  -6   3   0  -4   1  -3   0  -1   1  -6  -5   5   13   0   1   0   0   0   0   0   0  17   9   0   3   1   6   4   7   0   0  37  0.75 0.42
  152 A    -3  -3   1   7  -5  -1   3  -3   0  -5  -6  -2  -5  -7  -6  -2  -3  -8  -4  -4    2   2   5  54   0   3  20   2   2   1   0   3   0   0   0   3   2   0   1   2  1.36 0.62
  153 C     2  -6  -2  -7  10  -5  -6  -5  -7  -2  -4  -5  -4  -5   0   1  -1  -7  -5   1   16   0   2   0  47   0   0   0   0   2   2   0   0   0   5  10   4   0   0  10  1.69 0.69
  154 D    -4   3   0   2  -5   0  -1  -4  -2  -6  -6   5  -2  -7  -4   1   2  -7  -5  -5    1  16   5  11   0   3   2   1   1   0   0  36   1   0   1  11  11   0   0   1  0.83 0.46
  155 G     3  -5  -6  -5  -7  -5  -3  -4  -5  -5  -6  -4  -5  -8   7   1  -3  -4  -6  -3   25   0   0   0   0   0   2   1   0   0   1   1   0   0  56   9   2   0   0   2  1.71 0.76
  156 A    -1   1  -1   1  -6   2   5  -4   1   0  -3   1  -3  -5  -4   0  -1  -1  -3  -3    4   6   3   7   0   8  39   1   4   5   3   6   0   0   0   6   3   1   1   1  0.61 0.38
  157 M    -4  -3   3   1  -7   3  -1  -5   7  -4  -3  -3   2  -1  -6  -3  -2   2   3  -3    1   1  14   9   0  15   3   0  29   1   2   1   5   2   0   1   2   3   9   2  1.01 0.51
  158 L    -6  -7  -8  -9  -6  -7  -8  -9  -8   0   7  -8   1  -1  -8  -8  -6  -6   0  -3    0   0   0   0   0   0   0   0   0   5  87   0   3   2   0   0   0   0   3   0  2.06 0.81
  159 A     0  -2  -3  -4  -1  -2  -1  -4   2   0   3  -3   0   1  -5  -3  -2  -2   2   4    9   2   1   0   1   2   4   1   5   3  24   2   2   6   0   1   1   0   8  28  0.45 0.29
  160 Q    -5  -3   0   1  -2   8   1  -3   2  -6  -6  -3  -4  -8  -6  -2  -1  -7  -5  -6    1   1   3   8   1  62   8   2   4   0   1   1   0   0   0   3   4   0   0   0  1.69 0.78
  161 F    -7  -8  -2  -9  -5  -7  -8  -9  -1  -5  -3  -8  -6   9  -9  -5  -5   3   4  -6    0   0   2   0   0   0   0   0   1   0   2   0   0  76   0   1   1   4  13   0  2.70 0.96
  162 A     7  -7  -6  -7  -3  -6  -6   2  -7  -7  -6  -6  -6  -8  -6  -2  -4  -8  -7  -5   81   0   0   0   0   0   0  14   0   0   1   0   0   0   0   3   1   0   0   0  2.02 0.86
  163 V    -1   1  -3  -4  -1   0  -2  -5   1   4   2   0   1  -1  -5  -3  -3  -3  -1   3    5   7   1   0   1   5   2   0   4  21  20   7   2   2   0   1   1   0   2  19  0.42 0.27
  164 M    -5  -7  -8  -9  -3  -5  -7  -8  -7   0   3  -7  10  -3  -8  -6  -6  -7  -3  -3    1   0   0   0   1   0   0   0   0   4  24   0  66   1   0   0   0   0   1   2  2.61 0.98
  165 G     2  -7  -6  -7  -2  -7  -7   7  -7  -8  -7  -7  -5  -8  -7  -3  -6  -8  -8  -5   16   0   0   0   1   0   0  80   0   0   0   0   0   0   0   1   0   0   0   1  2.23 0.86
  166 S     2  -1   0  -1  -1  -1  -1  -3   1  -2  -4   0  -3  -4  -4   4   1  -4  -2  -1   19   2   5   3   1   2   4   1   3   3   1   5   0   0   0  35   9   0   1   4  0.49 0.35
  167 V     3  -4  -3  -3  -1  -2  -2  -3  -3   3   0  -3  -1  -2  -4  -1   0  -4  -2   3   28   1   1   1   1   1   3   1   1  20   7   1   1   2   0   4   6   0   1  22  0.51 0.32
  168 M    -4  -6  -7  -8  -5  -4  -7  -8  -3  -3   0  -6   0   5  -8  -7  -4  -1   9  -3    2   0   0   0   0   1   0   0   0   2  10   0   2  18   0   0   1   1  60   2  2.16 0.84
  169 A     5  -4  -5  -5   1  -2  -4  -4  -4  -2  -1  -4   3  -1  -5   1  -2  -1   1   0   51   1   0   0   3   2   1   1   0   2   6   0   8   2   0  10   1   1   5   7  0.84 0.48
  170 E    -3   5  -1  -3  -5   4   3  -5   0  -5  -6   4  -4  -6  -4   0  -2  -7  -4  -5    2  27   2   1   0  15  18   0   2   0   0  21   0   0   1   7   2   0   0   0  0.95 0.50
  171 H     1   1   0   0   1   0   0  -2   2   0  -1   1  -1  -2  -3   0   0  -2   1   0   12   7   5   4   4   3   7   1   7   5   5  10   1   1   0   8   6   0   5   8  0.08 0.10
  172 I     0  -2  -5  -6  -2  -3  -4  -4  -3   4   2  -4   2  -1  -5  -4  -2  -3   0   5    7   3   0   0   1   1   1   1   1  20  15   1   5   3   0   1   2   0   3  35  0.68 0.35
  173 V    -3  -1  -2  -2  -1  -1  -1  -3   2  -1   4  -2   2   3  -5  -1  -2   0   2  -2    1   4   2   3   1   3   4   2   6   2  38   2   6  11   0   5   3   1   6   1  0.43 0.28
  174 G    -3  -1   3   1  -5  -1  -1   6   1  -7  -6   2  -5  -7  -3  -2  -5  -7  -4  -6    1   3  11   9   0   3   3  50   3   0   0  10   0   0   1   3   0   0   1   0  1.03 0.50
  175 V    -3   1   1  -4  -1  -3  -3  -5  -2   5   0   1   0  -3  -5  -3  -2  -1  -2   3    2   7   7   1   1   1   2   0   1  35   6   9   2   1   0   1   2   1   1  20  0.62 0.35
  176 T     1  -1   0   2  -6   1   4  -3  -2  -5  -5   2  -2  -6   2   0  -1  -6  -4  -3   10   3   3  11   0   6  27   2   1   0   0  14   1   0  10   6   3   0   0   2  0.53 0.34
  177 N    -1   2   5   1  -2   0   0  -4   1  -3  -5   1  -3  -5  -3   1  -1  -5  -3  -4    5  12  32   6   1   4   7   0   3   1   1   9   1   0   1  11   4   0   1   1  0.63 0.37
  178 P    -3  -6  -8  -7  -5  -7  -6  -8  -8  -6  -7  -7  -8  -9   9  -6  -6  -9  -6  -3    2   1   0   0   0   0   0   0   0   0   1   0   0   0  93   0   0   0   0   2  3.23 1.18
  179 R    -3   6  -4  -4  -7  -2  -3  -5  -4  -4  -4   3  -2  -7  -5   1   2  -7  -6  -3    2  48   0   1   0   1   1   1   0   1   1  19   1   0   0  11  12   0   0   2  1.27 0.61
  180 V    -4  -8  -8  -8  -3  -7  -8  -8  -8   4  -2  -7  -3  -5  -8  -6  -4  -8  -6   7    1   0   0   0   0   0   0   0   0  22   3   0   0   0   0   0   1   0   0  72  2.08 0.81
  181 A     4  -3  -5  -6  -3  -6  -6   6  -3  -7  -7  -3  -7  -7  -6  -2  -5  -7  -3  -5   32   2   0   0   1   0   0  60   1   0   0   2   0   0   0   2   0   0   1   1  1.68 0.71
  182 L    -6  -7  -8  -9  -6  -6  -8  -9  -8   2   7  -7  -1  -4  -8  -6  -4  -7  -6  -1    0   0   0   0   0   0   0   0   0   9  84   0   1   0   0   0   1   0   0   4  1.98 0.78
  183 L    -4  -7  -8  -9  -6  -7  -8  -9  -8   0   7  -8   2  -4  -8  -7  -6  -7  -6  -1    1   0   0   0   0   0   0   0   0   4  86   0   3   0   0   0   0   0   0   4  2.05 0.80
  184 N    -3  -6   8  -4  -2  -5  -6  -6  -5  -8  -9  -6  -7  -8  -7   4  -2  -9  -7  -8    2   0  67   0   1   0   0   0   0   0   0   0   0   0   0  27   3   0   0   0  2.32 0.94
  185 I    -5  -7   4  -6  -6  -6  -7  -7  -7   6  -2  -6   0  -4  -7  -3  -3  -7  -6   4    0   0  18   0   0   0   0   0   0  50   2   0   2   0   0   2   1   0   0  24  1.55 0.66
  186 G    -4  -8  -6  -5  -8  -7  -8   8  -8 -10  -9  -7  -8  -9  -8  -4  -7  -8  -9  -9    1   0   0   1   0   0   0  98   0   0   0   0   0   0   0   1   0   0   0   0  2.93 1.04
  187 E     0  -1  -3  -3  -6  -1   5  -2   0  -3  -4   0  -4  -6  -5   2   3  -7  -5   0    9   3   1   0   0   1  35   3   2   2   1   4   0   0   0  14  20   0   0   6  0.72 0.45
  188 E    -7  -6  -6  -4 -10  -4   8  -8  -6  -9  -9  -5  -8  -9  -7  -6  -7  -9  -8  -3    0   0   0   0   0   0  98   0   0   0   0   0   0   0   0   0   0   0   0   2  3.01 1.16
  189 E     1  -1  -2   2  -2  -2   5  -3  -2  -5  -5   0  -5  -5   3   1  -3  -7  -4  -3   10   3   1  13   1   1  36   1   1   0   1   5   0   0  12  11   1   0   0   1  0.74 0.44
  190 T    -1  -2   1  -1  -1  -1   1   3   2   0  -2   0  -1  -3  -1   1   2  -5   0  -2    2   1   6   3   1   2   9  24   5   6   2   5   2   0   2  11  12   0   3   3  0.23 0.20
  191 K    -3  -4  -6  -7  -9  -4  -5  -7  -7  -8  -8   8  -3  -9  -7  -5  -6  -9  -8  -6    2   0   0   0   0   0   0   0   0   0   0  95   1   0   0   1   0   0   0   1  2.91 1.10
  192 G    -5  -8  -6  -7  -8  -8  -8   8  -8 -10 -10  -7  -9  -9  -2  -6  -7  -8  -9  -9    0   0   0   0   0   0   0  98   0   0   0   0   0   0   2   0   0   0   0   0  2.95 1.05
  193 L    -2  -1   6   1  -4  -3  -4  -2   1  -5  -4  -3  -6  -4   1   1   3  -7  -5  -5    2   3  41   8   0   1   0   2   3   1   2   1   0   1   6  10  17   0   0   0  0.98 0.52
  194 D     0   0  -2   3  -4   1   4  -3  -1  -4  -3   1  -3  -5   0   0   0  -5  -4  -3    9   6   1  16   0   6  27   1   1   1   3  10   0   0   5   5   6   0   0   1  0.47 0.31
  195 P    -1  -2  -3  -3  -4   0   0  -5  -3   0   4  -2   0   0  -4  -2  -1  -1  -1   2    4   2   1   2   0   5   7   0   0   4  42   2   2   3   0   3   4   1   2  14  0.46 0.30
  196 I     0  -2  -4  -4  -3  -2  -3  -5   1   3   1  -4  -1  -4  -5  -1   3  -5  -1   4    9   3   0   1   0   2   2   0   4  15  12   0   1   0   0   3  18   0   2  28  0.55 0.34
  197 Q    -4   5  -3  -2  -5   3  -3  -6  -2  -2  -1   5  -4  -5  -6  -4  -3  -4  -4   0    1  25   1   2   0  14   0   0   1   2   6  37   0   0   0   0   1   0   0   7  1.04 0.54
  198 H     2   0  -1   1  -5   2   5  -3  -2  -5  -3   1  -3  -6  -5  -1  -2  -7  -6  -5   14   4   2   8   0   8  43   2   1   0   3   8   1   0   0   3   2   0   0   0  0.84 0.47
  199 A     6  -6  -6  -6  -3  -6  -5  -4   0  -4  -6  -6  -6  -7  -6   0   4  -8  -7  -1   63   0   0   0   1   0   0   1   2   1   0   0   0   0   0   5  23   0   0   4  1.56 0.75
  200 A     2  -2   0  -3  -6  -3  -5  -3   7  -4  -4  -4  -3   4  -6  -1  -4   0   6  -4   17   2   4   2   0   1   0   2  22   1   1   0   0  13   0   5   1   1  26   1  1.14 0.55
  201 V     1   1  -1   1  -4   3   3  -2  -1  -3  -4   2  -3  -4   1  -1  -2  -6  -4  -3   14   8   3   7   0  13  20   2   1   1   1  13   0   0   6   3   2   0   0   2  0.41 0.29
  202 L    -2   0  -5  -5  -3  -2  -2  -6  -3   1   5  -2   4  -3  -6  -4  -4  -4  -2  -1    3   5   0   1   0   2   3   0   1   6  62   3   8   1   0   1   1   0   1   3  1.05 0.51
  203 L    -6  -7  -8  -8  -1  -7  -8  -8  -8   1   6  -7   4   1  -8  -7  -6  -6  -5  -3    0   0   0   0   1   0   0   0   0   8  76   0   8   6   0   0   0   0   0   0  1.84 0.75
  204 R     0   3  -1  -2  -4   1   2  -3  -2  -3  -3   4  -3  -2  -3   1  -2  -5  -4  -4    9  13   2   2   0   7  11   2   1   1   3  30   1   2   1  11   2   0   0   1  0.53 0.32
  205 D     1   0   2   1  -3   2   3  -1   1  -4  -5   2  -4  -5  -4   0  -1  -6  -5  -4   13   4  11   8   1  11  20   4   3   1   1  12   0   0   0   7   3   0   0   0  0.45 0.31
  206 V     2   0   1   2   0  -1   0  -1   1  -1   0  -1   0  -2  -2   1   1  -2  -2  -1   18   5   6  11   2   2   5   3   4   2   9   2   2   1   1  11  10   1   1   3  0.13 0.13
  207 Q     0  -1  -1   0  -2  -1   1  -2   1  -3  -1   1  -2  -3   2   3   0  -2  -4  -3    7   3   3   4   1   2   9   3   3   1   5  10   1   1  12  28   5   1   0   1  0.32 0.25
  208 S    -1  -1   2   2  -4  -1   0   2   0  -4  -4  -1  -3  -2   3   1  -1  -2  -3  -3    4   4  10  13   0   2   7  18   2   0   2   3   1   2  13  13   3   1   1   1  0.35 0.24
  209 I    -3  -5  -4  -3  -3  -5  -3  -4  -4   5   4  -4   1   2  -3  -4  -3  -3  -2   0    1   0   1   1   0   0   2   2   0  29  39   1   3   8   2   1   1   0   1   5  0.82 0.39
  210 N    -3   0   8   0  -4  -1   0  -3   2  -7  -6  -2  -6  -6  -3  -2  -3  -8  -4  -6    2   5  62   5   0   3   6   1   5   0   0   2   0   0   1   3   2   0   0   1  1.61 0.72
  211 Y    -8  -8  -8  -9  -6  -8  -9  -9  -4  -5  -5  -8  -6   9  -9  -7  -8  -2   6  -6    0   0   0   0   0   0   0   0   0   0   0   0   0  75   0   0   0   0  22   0  3.04 1.08
  212 I    -1  -1  -5  -4   0  -1  -4  -4   0   5  -1  -1  -1  -2  -6  -3  -1  -5   1   4    5   3   0   1   2   4   1   1   2  33   4   5   1   2   0   2   3   0   5  28  0.70 0.39
  213 G    -6  -8  -6  -7  -9  -8  -8   8  -8 -10 -10  -7  -9  -9  -8  -6  -8  -9  -9  -9    0   0   0   0   0   0   0 100   0   0   0   0   0   0   0   0   0   0   0   0  3.10 1.12
  214 Y    -5  -6   8  -5  -8  -5  -6  -6  -3  -7  -4  -6  -5   5  -3  -4  -2  -6   4  -6    1   0  62   0   0   0   0   0   0   0   1   0   0  19   1   1   2   0  11   0  2.09 0.88
  215 L    -2  -6  -7  -8   0  -7  -5  -8  -7   6  -1  -7   0  -5  -7  -6  -4  -7  -6   6    3   0   0   0   2   0   1   0   0  38   4   0   2   0   0   0   1   0   0  48  1.64 0.67
  216 E    -7  -6  -6  -3  -9  -3   8  -8  -6  -9  -9  -5  -8  -9  -7  -6  -7  -9  -8  -8    0   0   0   1   0   1  98   0   0   0   0   0   0   0   0   0   0   0   0   0  3.02 1.16
  217 A     2  -7  -5  -6  -7  -6  -6   7  -7  -8  -8  -6  -7  -8   3  -2  -5  -7  -7  -7   17   0   0   0   0   0   0  66   0   0   0   0   0   0  13   3   1   0   0   0  1.81 0.75
  218 N    -4   5   3   2  -3  -1  -3  -2   4  -2  -5   2  -3  -3  -5  -1  -1  -4  -1  -5    1  31  16   9   1   2   0   3  10   2   0  12   1   1   0   3   4   0   2   1  0.80 0.43
  219 E    -3  -2   0   7  -8   1   3  -2   0  -7  -7  -3  -5  -6  -5  -3  -4  -8  -2  -7    2   2   4  55   0   6  18   3   2   0   0   1   0   0   0   2   1   0   2   0  1.45 0.65
  220 L    -3  -7  -7  -7  -5  -6  -7  -6  -7   6   3  -7   1   0  -7  -6  -4  -4  -4   3    2   0   0   0   0   0   0   1   0  43  29   0   3   3   0   0   0   0   0  18  1.34 0.56
  221 L    -2  -6  -4  -6  -4  -6  -6  -4  -4  -1   3  -5   2   6   2  -2  -2  -1   2  -1    3   0   1   0   0   0   0   1   0   3  26   0   4  34  10   3   3   1   6   3  0.93 0.46
  222 T     0   2   2   1  -2   0   1  -1   0  -4  -2   1  -1  -2  -3   2   1  -4  -1  -3    8  10  11   8   1   3   8   4   2   0   5   9   2   2   0  14  10   0   2   1  0.20 0.18
  223 G    -3  -4   0   1  -4  -4  -4   7  -1  -8  -7  -4  -5  -7  -4  -1  -2  -7  -6  -7    1   1   5   8   0   1   1  72   1   0   0   1   0   0   1   4   2   0   0   0  1.70 0.71
  224 K     0   1   1   2  -3   0   1  -2   0  -1  -2   3  -2  -3  -1  -1   1  -5  -2   0    7   7   5  11   0   3  11   3   2   3   2  21   1   1   2   3   8   0   1   9  0.22 0.19
  225 T     4  -5  -5  -6   5  -5  -5  -4  -4   0  -3  -5  -3  -1  -3  -3   0  -6  -2   4   39   0   0   0   9   0   0   1   0   4   2   0   0   3   1   1   7   0   1  29  0.96 0.52
  226 D    -6  -6   1   8  -8  -2  -1  -6  -1  -8  -9  -5  -8  -8  -6  -5  -5  -9  -8  -8    0   0   6  85   0   2   3   0   1   0   0   1   0   0   0   1   0   0   0   0  2.61 0.99
  227 V    -3  -7  -8  -8  -3  -7  -7  -8  -8   3  -2  -7  -4  -6  -7  -7  -5  -8  -6   7    2   0   0   0   1   0   0   0   0  11   2   0   0   0   0   0   0   0   0  83  2.25 0.87
  228 L    -1  -7  -7  -7  -2  -6  -7  -6  -7   5   1  -6  -2  -3  -7  -5  -4  -7  -3   6    4   0   0   0   1   0   0   0   0  30  11   0   1   1   0   0   0   0   1  49  1.43 0.60
  229 V    -3  -7  -7  -8  -3  -7  -7  -8  -8   2  -1  -7  -4  -6  -7  -6  -4  -7  -6   7    2   0   0   0   0   0   0   0   0   9   4   0   0   0   0   0   1   0   0  82  2.16 0.83
  230 C     0  -7  -6  -7  10  -6  -7  -6  -7  -6  -6  -7  -3  -6  -7  -1   5  -7  -7  -4    9   0   0   0  52   0   0   0   0   0   0   0   1   0   0   4  31   0   0   1  2.42 0.89
  231 D    -6  -7  -2   8  -8  -5  -1  -5  -6  -8  -8  -6  -8  -8  -6  -3  -5  -4  -8  -8    0   0   2  89   0   0   4   1   0   0   0   0   0   0   0   2   0   0   0   0  2.78 1.01
  232 G    -4  -7  -6  -6  -7  -7  -7   8  -7  -8  -8  -7  -8  -8  -7  -5  -7  -7  -8  -8    1   0   0   0   0   0   0  97   0   0   0   0   0   0   0   0   0   0   0   0  2.86 1.00
  233 F    -7  -7  -8  -8  -7  -6  -7  -8  -6  -4  -3  -7  -3   9  -8  -7  -7  -1   2  -5    0   0   0   0   0   0   0   0   0   1   2   0   1  88   0   0   0   1   5   1  3.07 1.01
  234 V     0  -5  -4  -5  -4  -5  -5  -5  -2  -1  -3  -5  -3  -5  -4   1   5  -4  -5   5    7   0   1   0   0   0   0   1   1   3   2   0   0   0   1  10  37   0   0  35  1.06 0.54
  235 G    -4  -7  -5  -6  -4  -7  -7   8  -7  -8  -8  -6  -5  -8  -7  -5  -5  -7  -8  -8    1   0   0   0   0   0   0  96   0   0   0   0   0   0   0   0   1   0   0   0  2.77 0.97
  236 N    -7  -6   9  -1  -8  -5  -6  -6  -5  -8  -8  -6  -7  -8  -7  -4  -6  -9  -7  -8    0   0  95   2   0   0   0   0   0   0   0   0   0   0   0   1   0   0   0   0  3.25 1.13
  237 V    -1  -6  -5  -7  -4  -6  -6  -7  -7   6  -1  -6   2  -5  -6  -4  -2  -7  -5   5    5   0   1   0   0   0   0   0   0  39   3   0   4   0   0   1   2   0   0  44  1.46 0.60
  238 T     3  -5  -5  -6   0  -5  -5  -5  -5   2   2  -5   2   1  -5  -3  -1  -3  -3   3   27   0   0   0   2   0   0   0   0  10  20   0   5   5   0   1   4   0   1  23  0.66 0.36
  239 L    -5  -6  -7  -7  -6  -6  -6  -7  -7   1   6  -7   1  -4  -7  -6  -5  -6  -5  -1    1   0   0   0   0   0   0   0   0   8  82   0   3   0   0   0   0   0   0   3  1.84 0.70
  240 K    -6  -2  -5  -6  -8  -4  -4  -7  -6  -8  -7   8  -6  -8  -6  -5  -6  -8  -7  -7    0   1   0   0   0   0   0   0   0   0   0  97   0   0   0   0   0   0   0   0  2.94 1.04
  241 T     1  -4  -3  -5  -3  -3  -4  -3  -4  -1   1  -4   2   3  -5   2   5  -5  -2   0   13   0   1   0   0   1   1   2   0   2  11   0   4  11   0  15  32   0   1   6  0.59 0.37
  242 M     2  -4  -3  -4   2  -3  -4   0  -3   2   1  -4   3  -1  -4   2   1  -3   1   0   21   0   0   0   5   0   0   7   0  11  11   0   9   2   0  16   8   0   5   4  0.35 0.26
  243 E    -5  -5  -5  -4  -8  -2   8  -6  -5  -8  -8  -4  -7  -8  -6  -5  -6  -8  -7  -7    1   0   0   0   0   1  95   0   0   0   0   1   0   0   0   0   0   0   0   0  2.77 1.02
  244 G    -1  -5  -4  -6  -4  -5  -6   7  -4  -8  -8  -6  -7  -8  -7   2  -5  -7  -8  -7    6   1   0   0   0   0   0  79   0   0   0   0   0   0   0  13   0   0   0   0  2.09 0.79
  245 V     1  -5  -4  -5  -2  -4  -4  -2  -5   1   2  -4   3   0  -5  -2   3  -1  -3   3   11   0   0   0   1   0   1   3   0   8  20   0   8   3   0   3  18   1   0  21  0.50 0.31
  246 I     5  -5  -4  -5  -3  -4  -4   2  -3  -1  -2  -4   1  -1  -3   1  -2  -4  -1   1   45   0   0   0   0   0   0  13   1   4   4   1   4   3   1  11   2   0   2   9  0.65 0.39
  247 R     0   2   0   1  -5   0   3  -1   0  -3  -1   3  -2  -3  -3   1  -1  -3  -3  -3    6  12   3   7   0   4  17   4   2   1   6  19   1   1   0  12   2   0   1   2  0.30 0.23
  248 V     1  -3  -1  -4  -3  -2  -3  -2  -1  -1   1  -4   4   3  -4   0   1   1   2   0   15   0   2   1   0   1   2   4   1   3  15   0  11  15   0   6  10   2   6   7  0.30 0.23
  249 F    -2  -5  -6  -6  -2  -4  -5  -6  -4   4   3  -5   3   3  -6  -4  -2  -2  -2   3    4   0   0   0   1   0   0   0   0  25  26   0   8  13   0   1   3   1   1  18  0.84 0.39
  250 L     0   0  -2  -3  -2  -1  -2   0  -2   0   1   0   2   2  -3   0   0  -1   0   1    6   6   2   0   0   3   1   8   1   4  15   6   7  12   1   8   6   1   2  10  0.10 0.12
  251 S     0   1   1   2  -4   1   1   1   2  -4  -3   2  -2  -4  -3   1   0  -4  -2  -3    8   8   6  11   0   6   8  11   6   0   1  13   1   1   0  10   6   0   1   1  0.26 0.19
  252 L     0   0  -1  -2  -2   0   0  -2  -1   1   2  -2   3   1  -4  -1  -1   1   1   0    8   4   2   1   0   4   6   2   2   9  23   2  10   6   0   5   4   2   4   6  0.16 0.14
  253 L    -1  -4  -6  -6  -3  -5  -6  -4  -5   4   5  -5   3   1  -5  -5  -3  -2  -2   1    4   1   0   0   0   0   0   1   0  21  46   0   6   6   0   1   1   0   1   9  0.92 0.42
  254 K    -2   4  -2  -3  -5   0  -1  -2  -2  -4  -2   6  -3  -4  -4  -1  -2  -4  -3  -4    4  19   2   1   0   4   3   3   1   1   5  47   1   1   0   3   3   0   1   1  0.94 0.47
  255 S     0   1   1   2  -4   2   3   0   0  -4  -3   1  -3  -4  -3   1  -1  -3  -1  -3    7   9   7  10   0   9  20   6   2   1   2   9   1   0   1   8   4   0   2   2  0.31 0.22
  256 S     3  -1  -1  -1  -4   1   4  -1  -1  -1  -2  -1  -1  -3  -3   1   0  -4  -1  -1   23   3   2   3   0   5  25   4   1   4   3   3   2   1   0   9   5   0   2   4  0.33 0.26
  257 G    -1  -4  -3  -4  -3  -3  -4  -2  -3   3   3  -4   2   4  -4  -2  -2  -3   1   1    6   1   1   1   0   1   1   3   1  20  25   1   4  19   1   3   1   0   4   7  0.54 0.28
  258 E     0   1   0  -1  -3   1   1  -1   0  -2  -1   3   1  -2  -2   1   2  -4  -1  -2    6   7   5   3   0   5   8   5   2   1   5  18   5   1   1   9  12   0   3   2  0.17 0.15
  259 S     1   2   0   0  -3   0   1   0   0  -3  -3   2  -3  -3  -2   3  -1  -4  -3  -3   10  10   5   5   0   4   9   5   2   1   2  15   0   1   2  23   4   0   1   1  0.31 0.21
  260 G    -1   0   3   0  -2  -1  -1   1   1  -2  -2   0  -2  -2  -2   3   1  -2  -2  -2    5   6  13   5   1   2   3  10   4   3   4   6   1   1   2  23   7   0   1   3  0.21 0.16
  261 R    -1   0  -2  -1  -2  -1  -1  -1  -2   0   2   0   0   1   3  -1   0   3  -1   0    4   6   2   3   1   3   3   4   1   6  19   7   1   6  13   5   4   5   1   6  0.15 0.11
  262 Q    -1   2  -1   0  -2   0   0  -1  -1   0   0   1   1   1  -1   0  -1   2   0  -1    5  15   3   4   0   4   5   4   1   5  10  10   3   7   3   7   3   3   3   4  0.08 0.07
  263 G     1   0   2   0  -3  -2  -1   3  -1  -3  -3  -1  -3  -2  -2   3   1   1  -1  -3    9   6  10   4   1   1   3  19   1   1   2   3   1   1   2  21   9   2   2   1  0.31 0.20
  264 W    -1   2  -2  -2  -2  -1  -1  -2  -1   0   0   4   1   1   0  -2  -2   4  -1  -2    4  12   2   2   1   2   2   2   1   5  10  27   3   6   4   3   2   5   2   2  0.30 0.19
  265 L    -1  -2  -3  -3  -2  -3  -2  -3  -3   3   4  -2   2   1  -2  -1  -1   0  -2   1    4   2   1   1   1   1   2   2   1  17  36   2   5   5   2   4   3   1   1   9  0.42 0.21
  266 M     2  -2  -2  -1  -3  -2  -2   4  -2  -1  -1  -1  -1  -1  -2   1   0   2   0  -2   16   2   1   3   0   1   2  29   1   3   7   3   2   2   1  10   7   3   3   3  0.30 0.20
  267 Q     2   2  -1  -2  -3   0  -1   1  -2  -2  -2   3  -1  -2  -1   0  -1  -3   1  -2   19  10   2   2   0   4   3  11   0   2   5  18   2   2   3   5   2   0   6   2  0.21 0.18
  268 W     1  -2  -3  -2  -3  -2   0  -2  -3   2   3  -1   1   1  -1  -2  -2   3  -1   0   11   2   1   2   0   1   6   3   0  11  27   3   4   7   4   3   2   5   1   6  0.21 0.16
  269 V     1  -2  -3  -3  -1  -2  -2   2   0   1   3  -3   1   0  -2  -1  -2  -3  -2   0   10   2   1   1   1   1   3  17   3   8  31   1   4   4   2   4   2   0   1   5  0.28 0.18
  270 K     3  -1  -2  -2  -1  -1  -2   1  -2  -1   1   0   0  -1  -2   1  -1  -2   0  -1   28   3   2   2   1   2   2  10   1   3  14   5   2   3   2   9   3   1   3   5  0.17 0.14
  271 R     0   2  -1   0  -2   0  -1  -1  -1  -1   1   1   0   0   0   0  -1   0   0  -1   10  13   2   5   0   3   4   5   1   3  20   8   3   3   4   5   3   1   4   3  0.07 0.08
  272 W     0  -1  -2  -1  -2  -1   0   0  -2  -1   2  -1   0   2   3  -1  -1   1  -1  -1    8   3   2   3   1   3   5   6   1   3  22   3   3   9  14   4   2   2   1   4  0.16 0.12
  273 M     1  -2  -3  -4  -2  -2  -3  -2  -4   2   3  -3   3   0  -3  -2  -1  -1  -2   2   15   2   1   1   1   1   1   3   0  12  29   1   7   4   1   3   3   1   1  13  0.37 0.21
  274 K    -1   2  -2  -3  -3   0  -1  -2  -3  -1   1   4   2   2  -3   0  -2  -1  -1  -3    5   9   2   1   1   4   3   3   0   4  13  28   5  10   1   7   2   1   2   1  0.33 0.23
  275 R    -2   2   0  -1  -4  -1  -1   0  -1  -4  -5   3  -4  -5   4   1  -2  -5  -4  -4    3  13   5   3   0   3   4   8   1   1   1  20   0   0  21  11   2   0   1   1  0.55 0.33
  276 R     3   1   0   0  -2  -1  -1   1  -2  -1  -2   0  -2  -2   0   1   0  -4  -2   0   23   8   3   5   0   3   4  12   1   3   3   4   1   2   4  12   4   0   1   6  0.17 0.16
  277 L    -3  -5  -4  -6  -4  -5  -5  -5  -3   2   5  -5   2   4  -6  -4  -2  -2  -3   1    2   0   1   0   0   0   1   1   1  11  48   1   4  16   0   1   2   1   0   9  0.98 0.45
  278 M    -1   3   0   0  -4   1   0  -2  -1  -3  -1   4   0  -2  -4  -1  -1  -4  -1  -3    4  16   4   5   0   7   4   4   2   1   7  28   2   2   0   4   3   0   2   1  0.41 0.28
  279 R     0   4   1   0  -5   1   1  -2   1  -3  -4   3  -3  -4   0   0  -1  -5  -4  -4    7  21   8   5   0   5  10   3   3   1   1  19   1   1   5   6   3   0   0   1  0.44 0.28
  280 Q     0  -2  -2  -2  -3  -2  -2  -3  -2   2   3  -3   2   2  -3  -2  -1   0  -1   2    9   2   2   2   0   2   3   2   1  12  27   1   6  10   1   2   4   1   2  12  0.29 0.18
  281 F    -1   2  -2  -2  -3  -1  -1  -2  -1  -1   0   4   1   2  -2  -1  -1   0   1  -1    5  12   1   1   1   2   3   3   1   2  10  25   3   9   1   4   4   2   5   5  0.27 0.18
  282 G     0   2   1   1  -4   1   1  -1   1  -3  -3   4  -2  -4  -2   1  -1  -3  -3  -3    8  10   7   7   0   5  10   5   3   1   2  23   1   1   1  11   3   0   1   1  0.34 0.22
  283 Q    -2   4  -2  -2  -3   1   0  -3   1  -1  -2   4  -1  -3  -2  -1   0  -2  -2  -1    3  25   2   2   1   6   5   2   3   3   4  23   1   1   2   4   6   1   1   5  0.46 0.28
  284 L    -2  -5  -4  -5  -4  -5  -5  -3  -2   2   3  -5   4   4  -5  -4   1  -2   1   1    3   0   1   1   0   0   0   2   1   9  32   0  12  16   0   1   8   0   5   8  0.71 0.36
  285 N    -5  -4   4   7  -7  -3  -3  -5   0  -6  -6  -5  -6  -7  -5  -1  -3  -7  -5  -6    1   1  16  66   0   1   1   1   2   1   1   1   0   0   1   5   1   0   0   0  1.91 0.79
  286 P    -2  -5  -4  -4  -2  -4  -5  -6   1  -5  -5  -5  -5   0   5  -3  -3   3   8  -3    4   1   1   1   1   1   0   1   3   1   1   0   0   4  30   2   2   4  41   2  1.63 0.74
  287 D     2   3   1   2  -5   0   3  -3  -1  -4  -5   0  -4  -5  -4   2   0  -4  -4  -3   17  13   5  10   0   4  19   2   1   1   0   5   0   0   0  13   6   0   0   2  0.48 0.34
  288 Q     0   2   1  -2  -6   2   5  -4   0  -3  -3   1  -3  -5  -4  -1  -1  -4  -2  -3    8  10   6   2   0   8  38   1   2   1   3   7   1   0   1   4   4   0   1   2  0.65 0.41
  289 Y    -3  -3  -4  -7  -4  -2  -5  -7   4   0  -3  -5  -4   2  -6  -4  -1  -2   8   0    2   2   1   0   0   2   1   0  10   5   2   1   0   7   0   1   4   0  54   7  1.70 0.73
  290 N    -3  -7   4  -6  -5  -5  -6   7  -6  -8  -8  -6  -7  -8  -3  -3  -6  -7  -7  -6    2   0  19   0   0   0   0  72   0   0   0   0   0   0   2   2   0   0   0   1  2.08 0.85
  291 G     0  -8  -6  -6  -3  -7  -7   7  -7  -8  -8  -7  -8  -8  -7  -3  -7  -8  -8  -6    8   0   0   0   1   0   0  87   0   0   0   0   0   0   0   2   0   0   0   1  2.49 0.98
  292 A     7  -7  -6  -7  -4  -6  -6   1  -7  -5  -5  -6  -4  -7  -6  -1  -2  -8  -7  -1   75   0   0   0   0   0   0  10   0   0   1   0   1   0   0   5   2   0   0   5  1.74 0.82
  293 C    -3  -6  -5  -6  -1  -4  -6  -7  -3   1   0  -6   3  -2   7   0  -3  -1  -1   1    2   0   0   0   1   1   0   0   1   8  10   0   6   2  49   6   1   1   2   8  1.29 0.64
  294 L    -6  -7  -8  -8  -6  -7  -8  -8  -7   1   6  -7   0   3  -8  -7  -6  -4  -5   0    0   0   0   0   0   0   0   0   0   7  75   0   2   9   0   0   0   0   0   5  1.77 0.74
  295 I    -4  -7  -8  -8  -1  -7  -8  -8  -7   1   6  -7   0   0  -8  -7  -6  -1  -4  -1    2   0   0   0   1   0   0   0   0   6  78   0   2   3   0   0   0   1   1   5  1.74 0.74
  296 G    -5  -8  -6  -7  -8  -7  -8   8  -8  -9  -9  -7  -8  -9  -8  -6  -7  -8  -9  -7    0   0   0   0   0   0   0  98   0   0   0   0   0   0   0   0   0   0   0   0  3.01 1.12
  297 L    -3  -7  -7  -7  -3  -7  -7  -7  -7   3   4  -7  -3  -1  -6  -5  -3  -7  -5   6    2   0   0   0   0   0   0   0   0  13  32   0   0   2   0   1   1   0   0  47  1.37 0.62
  298 R    -3   2   6   3  -4   1   0  -4  -4  -7  -6   3  -6  -7  -4  -2  -4  -8  -6  -7    2  11  41  14   0   5   5   1   0   0   0  15   0   0   1   3   1   0   0   0  1.19 0.59
  299 G    -1  -2  -4  -5  -7  -4  -4   7   0  -8  -7   2  -7  -8  -7  -2  -6  -7  -7  -7    5   2   1   0   0   1   1  72   2   0   0  12   0   0   0   3   0   0   0   0  1.80 0.77
  300 T    -3  -5   0  -6  -2  -5  -5  -4  -2   4   1  -5  -1  -4   2  -3   1  -5  -4   4    2   0   5   0   1   0   0   1   1  25  12   0   1   0  12   2   8   0   1  28  0.74 0.42
  301 V     0  -7  -7  -7   6  -6  -7  -4  -7   1  -2  -7  -2  -3  -5   0  -2  -7  -5   6    7   0   0   0  15   0   0   1   0   6   2   0   1   1   0   8   2   0   0  55  1.41 0.65
  302 I    -4  -7  -7  -8  -4  -7  -7  -7  -5   6   0  -7   1   2  -7  -6  -3  -4  -3   5    1   0   0   0   0   0   0   0   0  44   8   0   3   7   0   0   1   0   1  33  1.47 0.63
  303 K    -5  -4  -6  -7  -5  -5  -5  -7  -7   5  -3   6  -4  -6  -7  -5  -5  -8  -6   3    0   0   0   0   0   0   0   0   0  34   2  45   0   0   0   1   0   0   0  16  1.60 0.73
  304 S     3  -6  -5  -6   6  -5  -6   3  -6  -4  -6  -5  -3  -7  -5   4   0  -7  -6  -3   27   0   0   0  17   0   0  20   0   1   0   0   1   0   0  26   6   0   0   1  1.15 0.60
  305 H    -8  -7  -6  -8 -10  -5  -7  -9  12 -10  -9  -7  -8  -8  -7  -8  -8  -9  -5 -10    0   0   0   0   0   0   0   0  99   0   0   0   0   0   0   0   0   0   0   0  4.59 1.52
  306 G    -5  -4  -5  -7  -8  -8  -8   8  -8  -9  -9  -7  -8  -9  -6  -4  -7  -8  -9  -9    0   1   0   0   0   0   0  96   0   0   0   0   0   0   0   1   0   0   0   0  2.89 1.08
  307 A     0   5   2  -3  -2  -3  -4   1   0  -3  -6   0  -4  -7  -6   4  -3  -7  -4  -5    8  26   9   1   1   0   0  10   2   2   0   5   0   0   0  33   1   0   1   1  0.85 0.51
  308 A     3  -6  -5  -6  -2  -6  -6  -5  -7  -8  -8  -6  -4  -6  -6   7   0  -8  -7  -5   23   0   0   0   1   0   0   1   0   0   0   0   0   0   0  71   4   0   0   0  1.92 0.92
  309 N    -4   1   4   5  -3  -2  -2   0  -2  -6  -7   1  -5  -7  -3   2   1  -7  -6  -6    0   6  20  28   1   1   2   6   1   0   0   7   0   0   1  17   7   0   0   0  0.85 0.48
  310 Q     4   0  -4  -2  -3   0   2  -1  -1  -4  -5  -1  -5  -4   3   1  -3  -3  -2  -2   39   6   0   1   1   3  12   5   1   1   0   4   0   0  12   8   1   0   1   3  0.61 0.41
  311 R    -1   4   0  -1  -5   0   1  -4  -1  -1  -1   3  -2  -2  -2  -2   0  -3   1  -1    4  22   3   4   0   4   9   1   1   4   6  21   1   2   2   2   6   0   4   4  0.36 0.26
  312 A     6  -5  -5  -3  -6  -2  -2   1  -5  -6  -6  -5  -2  -6  -4   0   0  -7  -7  -5   66   0   0   2   0   2   3  11   0   0   0   0   1   0   1   7   5   0   0   0  1.39 0.70
  313 F    -5  -8  -8  -8  -5  -7  -8  -8  -7   6  -1  -7   1   5  -8  -7  -4  -3  -1   3    0   0   0   0   0   0   0   0   0  46   5   0   3  25   0   0   1   0   1  18  1.63 0.68
  314 T     2   1  -3  -3  -1   0   0  -2  -2  -2  -2   3   1   0  -4   0   0  -4   3   0   20   6   1   0   1   3   6   2   1   1   3  21   4   4   0   6   5   0   9   6  0.31 0.27
  315 A    -1  -1   7  -4  -1   0  -4  -1   2  -6  -6  -1  -5  -3  -6   1  -4  -3   0  -4    6   3  54   0   1   4   1   5   4   0   0   3   0   1   0  11   1   0   3   1  1.29 0.65
  316 A     7  -6  -7  -7  -1  -6  -6   0  -7  -6  -6  -6   2  -7  -6   0  -1  -8  -5  -5   76   0   0   0   1   0   0   8   0   0   0   0   4   0   0   5   4   0   0   0  1.80 0.83
  317 I    -4  -8  -8  -8  -1  -7  -8  -8  -8   7   3  -8   0  -3  -8  -7  -4  -7  -5   2    1   0   0   0   1   0   0   0   0  60  21   0   2   1   0   0   1   0   0  13  1.77 0.72
  318 E    -1   4   1  -1  -3   1   1  -1   1  -1   0   2  -2  -2  -5  -1  -2  -4  -1  -2    4  26   6   4   0   5   8   5   3   4  10  14   1   1   0   3   2   0   2   2  0.33 0.25
  319 Q     0   0  -2  -4  -3   4  -1  -3  -2   0   1  -1   2  -1  -5  -1   1  -3  -1   3    6   5   2   0   0  19   4   2   1   3  13   3   4   2   0   4   8   0   2  21  0.32 0.27
  320 A     7  -7  -7  -7   0  -6  -6  -2  -7  -2  -3  -6  -2  -7  -6  -2   1  -8  -7  -2   77   0   0   0   2   0   0   3   0   3   2   0   1   0   0   2   7   0   0   3  1.72 0.81
  321 M     1   2  -2  -1  -1  -1   0  -2   1   1  -1   2   0  -1  -4  -1  -1  -2   2   1   14  12   2   3   2   2   5   2   3   8   5  13   3   2   0   3   3   0   8  11  0.15 0.16
  322 Q    -2   3   1   1  -5   2   3  -3   1  -3  -1   3  -2  -3  -4   0   0  -3  -3  -3    3  16   5   8   0   8  16   2   3   1   5  16   1   1   0   6   6   0   1   1  0.40 0.28
  323 A     2  -5  -3  -4   3  -1   0  -2  -4  -1   2  -4   5   2  -4  -1  -1  -2   1   0   21   0   1   0   5   3   6   2   0   3  16   0  13  10   0   4   3   1   5   5  0.40 0.30
  324 V     3  -5  -5  -6   0  -4  -4  -3   0   2   0  -4  -2  -3  -6  -2  -2  -6  -1   5   22   0   0   0   2   1   1   1   2  12  10   1   1   1   0   3   2   0   2  39  0.76 0.43
  325 E    -1   3   1   1  -5   3   4  -3  -2  -5  -3   2  -2  -6  -5   0  -2  -6  -5  -4    5  16   5   6   0  11  29   2   1   1   2  12   1   0   0   7   2   0   0   1  0.66 0.41
  326 R     1   1   3  -1  -3   1   1   0   2  -3  -2   1   0  -3  -4   2   0  -4  -2  -2   11   7  13   2   1   7   8   6   6   1   4  10   2   1   0  13   4   0   1   3  0.22 0.19
  327 Q    -3   2   4   4  -7   2  -1   2   1  -7  -7   2  -6  -7  -5  -2  -4  -7  -5  -7    1  10  20  25   0   7   4  16   3   0   0  11   0   0   0   2   0   0   0   0  0.85 0.47
  328 I    -3  -5  -7  -6  -3  -6  -6  -6  -6   3   4  -6   2   3  -6  -4  -2  -5  -1   4    2   0   0   0   0   0   0   0   0  16  32   0   4  10   0   1   2   0   2  30  0.98 0.47
  329 P    -1  -4   3  -3  -1  -2  -4  -4  -1   3   1  -4  -1  -3   2  -1   0  -6  -3   3    4   1  17   1   1   1   1   1   1  19  11   0   1   1  10   3   6   0   1  20  0.46 0.32
  330 E     0   0   1   2  -5   2   4   1  -1  -5  -5   0  -4  -6  -2   0  -2  -6  -4  -4    7   4   5  13   0   9  27  13   1   0   1   6   0   0   2   7   2   0   0   1  0.50 0.34
  331 R     0   3  -1  -2  -4   1   1  -3   3  -2  -2   4  -2  -5  -4  -1  -1  -6  -4  -2   10  16   3   1   0   7   9   1   7   3   4  26   1   0   0   3   4   0   0   2  0.50 0.34
  332 I    -6  -7  -8  -8  -6  -6  -8  -8  -8   7   2  -7   4   1  -8  -5  -4  -7  -6   1    0   0   0   0   0   0   0   0   0  59  19   0   8   5   0   1   1   0   0   7  1.73 0.71
  333 A     2   3   0  -3  -2   1   2  -2  -2  -2  -3   3  -2  -5  -4   1   0  -4  -3  -1   17  14   4   0   1   6  12   2   1   3   1  18   1   0   0  10   5   0   0   5  0.36 0.28
  334 A     1   1   1   2  -4   2   4  -2  -1  -5  -4   2  -4  -6  -4   1   0  -6  -5  -4   13   7   6   9   0   7  25   2   1   0   1  11   0   0   0   9   6   0   0   1  0.49 0.34
  335 R     2   2   0   0  -3   1   3  -1   0  -4  -3   0  -2  -3  -4   1  -1  -3   0  -2   19  11   3   5   0   6  21   5   2   1   2   6   1   1   0   8   3   0   3   2  0.31 0.26
  336 L    -4  -7  -7  -8  -6  -7  -7  -8  -7   4   5  -7   3   3  -7  -7  -4  -6  -3   1    1   0   0   0   0   0   0   0   0  20  49   0   6  13   0   0   0   0   1  10  1.31 0.57
  337 D     3  -1   1   0  -5   2   4  -2  -2  -5  -5   1  -5  -5  -4   2  -1  -6  -5  -5   22   3   6   5   0   8  25   2   1   0   0   7   0   0   0  17   2   0   0   0  0.60 0.39
  338 A     2   2   0  -1  -5   1   2  -2  -1  -5  -4   3  -3  -5  -3   1   1  -5  -4  -3   16   9   4   2   0   6  14   3   1   0   1  21   1   0   1  11   8   0   0   1  0.42 0.29
  339 V    -1  -3  -3  -4  -1  -3  -2  -5  -1   3   3  -3   2   0  -3  -2   0  -2   2   2    5   1   1   1   1   0   3   0   2  17  28   1   6   2   1   2   7   0   8  13  0.37 0.24
  340 L     0   1   0  -2  -3   2   1  -2   1  -1   1   0   2   0   0  -1  -1  -2  -1   0    6   9   5   1   0  11   8   1   4   3  19   5   6   3   5   2   2   0   1   7  0.11 0.13
  341 P     2  -1   1   0  -3   1   2   0  -1  -2  -4   1  -3  -5   3   2  -1  -5  -4  -2   17   1   6   4   0   5  15   5   2   2   1   9   0   0  14  14   3   0   0   2  0.32 0.22
  342 K    -1   3  -1   0  -5   3   3  -4   1  -5  -3   4  -2  -5  -2  -1  -2  -5  -4  -2    5  14   2   5   0  14  22   1   3   0   2  24   1   0   2   3   1   0   0   2  0.60 0.32
  343 S    -2   1   2   0  -4  -1   2   1  -2  -2  -3   0  -3  -5  -2   4   0  -5  -3  -3    0  10  12   5   0   1  14   9   1   2   2   4   0   0   1  32   6   0   0   1  0.40 0.26
  344 D    -4  -3   0   6  -6  -2   6  -4  -3  -6  -6  -3  -5  -6  -4  -3  -4  -6  -5  -6    0   0   3  47   0   0  50   0   0   0   0   0   0   0   0   0   0   0   0   0  1.62 0.51

                      K         Lambda
Standard Ungapped    0.1352     0.3205
Standard Gapped      0.0592     0.2670
PSI Ungapped         0.1935     0.3176
PSI Gapped           0.0592     0.2670
