
Last position-specific scoring matrix computed, weighted observed percentages rounded down, information per position, and relative weight of gapless real matches to pseudocounts
            A   R   N   D   C   Q   E   G   H   I   L   K   M   F   P   S   T   W   Y   V   A   R   N   D   C   Q   E   G   H   I   L   K   M   F   P   S   T   W   Y   V
    1 M    -1  -2  -2  -3  -2  -1  -2  -3  -2   1   2  -2   6   0  -3  -2  -1  -2  -1   1    0   0   0   0   0   0   0   0   0   0   0   0 100   0   0   0   0   0   0   0  0.37 0.01
    2 L    -2  -3  -4  -4  -2  -3  -3  -4  -3   1   4  -3   2   4  -3  -3  -2  -1   1   0    0   0   0   0   0   0   0   0   0   0  71   0   0  29   0   0   0   0   0   0  0.44 0.02
    3 S     0  -1   4   3  -2   0   0  -1  -1  -3  -3   0  -2  -3  -1   3   1  -4  -2  -3    0   0  31  21   0   0   0   0   0   0   0   0   0   0   0  48   0   0   0   0  0.45 0.02
    4 P    -1   3  -1  -1  -3   0   2  -3  -1   0  -1   0  -1  -2   3  -1  -1  -3  -2   1    0  29   0   0   0   0  21   0   0   0   0   0   0   0  19   0   0   0   0  31  0.31 0.02
    5 I    -2  -3  -4  -4  -1  -2  -3  -4  -3   3   3  -3   2   0  -3  -3  -1  -2  -1   2    0   0   0   0   0   0   0   0   0  42  50   0   8   0   0   0   0   0   0   0  0.38 0.02
    6 R    -1   5   0  -1  -4   3   1  -2   0  -3  -2   3  -1  -3  -2  -1  -1  -3  -2  -3    0  50   0   0   0  30   0   0   0   0   0  20   0   0   0   0   0   0   0   0  0.57 0.03
    7 T     1  -1   0  -1  -1  -1  -1   3  -2  -3  -3  -1  -2  -3  -1   3   2  -3  -2  -2    0   0   0   0   0   0   0  31   0   0   0   0   0   0   0  50  19   0   0   0  0.41 0.02
    8 T     2  -2  -1  -2  -1  -1  -1  -1  -2   0   1  -1   0  -1  -2   2   2  -2  -2   0   20   0   0   0   0   0   0   0   0   0  31   0   0   0   0  30  19   0   0   0  0.17 0.01
    9 F    -2  -2  -2  -3  -2   2  -1  -3  -1   2   0  -2   0   5  -3  -2  -2   0   1   0    0   0   0   0   0  20   0   0   0  31   0   0   0  49   0   0   0   0   0   0  0.30 0.03
   10 H     0   3   0  -1  -2   0   0  -1   4  -3  -3   1  -2  -3  -2   3   0  -3  -1  -2    0  30   0   0   0   0   0   0  19   0   0   0   0   0   0  51   0   0   0   0  0.36 0.03
   11 N     0  -2   2  -1   6  -2  -2   4  -2  -3  -3  -2  -2  -3  -3   0  -1  -3  -3  -2    0   0  19   0  31   0   0  50   0   0   0   0   0   0   0   0   0   0   0   0  0.62 0.03
   12 S     0   1   0  -1  -3   3   1  -2   0  -3  -3   4  -1  -3  -1   1   0  -3  -2  -2    0   0   0   0   0  31   0   0   0   0   0  50   0   0   0  19   0   0   0   0  0.43 0.03
   13 A     1  -1   0  -1  -1  -1  -1  -1  -2   0  -1  -1  -1  -2  -1   2   2  -2  -1   1   14   1   1   1   0   1   1   1   0   1   2   1   0   1   1  26  27   0   1  21  0.17 0.02
   14 N     1   2   4   0  -2   0   0  -1   0  -3  -3   2  -2  -3  -2   0   0  -3  -2  -2   26  17  38   0   0   0   0   0   0   0   0  19   0   0   0   0   0   0   0   0  0.33 0.03
   15 I    -1  -2  -1  -2  -1  -1  -2  -3  -2   1   2  -2   0  -1  -2   0   4  -3  -2   1    0   0   0   0   0   0   0   0   0  13  26   0   0   0   0   0  61   0   0   0  0.31 0.04
   16 V     0  -1  -1  -1  -2   2   0  -2  -1   0  -1  -1  -1  -2   3   2   0  -3  -2   2    0   0   0   0   0  25   0   0   0   0   0   0   0   0  17  26   0   0   0  33  0.27 0.03
   17 Q    -1  -1   3   0  -2   2   2  -2  -1  -2  -2   0  -1  -3  -2   1   3  -3  -2  -1    0   0  26   0   0  13  17   0   0   0   0   0   0   0   0   0  44   0   0   0  0.37 0.04
   18 S     0   0   2  -1  -2   0  -1  -1  -1   1  -1   1  -1  -2  -2   2   0  -3  -2   0    0   0  19   0   0   0   0   0   0  25   0  17   0   0   0  39   0   0   0   0  0.17 0.03
   19 S     2   2   0  -1  -2   0   2  -1  -1  -2  -2   0  -1  -3  -1   1   2  -3  -2  -1   25  19   0   0   0   0  17   0   0   0   0   0   0   0   0  13  26   0   0   0  0.25 0.02
   20 P    -1  -2  -2   2  -2  -2  -1  -3  -3   0   1  -2   0  -2   5  -1  -1  -3  -2   1    0   0   0  19   0   0   0   0   0   0  26   0   0   0  38   0   0   0   0  17  0.54 0.03
   21 C    -1  -2  -2  -3   4  -2  -2  -3  -3   2   2  -2   0  -1  -2   0   3  -3  -2   1    0   0   0   0  13   0   0   0   0  19  26   0   0   0   0   0  41   0   0   0  0.25 0.03
   22 Q    -1   0  -1  -1  -3   6   1  -3   0   0   1   0   0  -2  -2  -1  -1  -2  -2  -1    0   0   0   0   0  75   0   0   0   7  18   0   0   0   0   0   0   0   0   0  0.48 0.06
   23 T    -1   0  -1  -2  -2   0  -1  -2  -1  -2  -2   2  -1   2  -2   2   1   6   1  -2    0   0   0   0   0   0   0   0   0   0   0  26   0  19   0  25  13  17   0   0  0.33 0.03
   24 V     0  -3  -2  -3   6  -2  -3  -3  -3   1   0  -2   0  -2  -3  -1   2  -3  -2   3    0   0   0   0  25   0   0   0   0   0   0   0   0   0   0   0  17   0   0  57  0.37 0.04
   25 S     1  -1   0  -1   4  -1  -1  -1  -1  -2  -3  -1  -2  -3  -1   4   2  -3  -2  -2    0   0   0   0  12   0   0   0   0   0   0   0   0   0   0  82   7   0   0   0  0.47 0.05
   26 F    -3  -3  -4  -4  -3  -4  -4  -4  -2   0   0  -4   0   7  -4  -3  -3   1   3  -1    0   0   0   0   0   0   0   0   0   0   0   0   0 100   0   0   0   0   0   0  0.96 0.06
   27 A     4  -1   3  -1  -1  -1  -1   0  -1  -2  -2  -1  -2  -3  -1   1   0  -3  -2  -1   69   0  31   0   0   0   0   0   0   0   0   0   0   0   0   0   0   0   0   0  0.38 0.04
   28 G     0  -2   0  -2  -3  -2  -2   6   3  -4  -4  -2  -3  -3  -3  -1  -2  -3  -2  -4    0   0   0   0   0   0   0  86  14   0   0   0   0   0   0   0   0   0   0   0  0.95 0.04
   29 K    -1   1   1  -1  -3   0   0  -2  -1   1  -1   4  -1  -3  -2  -1  -1  -3  -2   0    0   0  12   0   0   0   0   0   0  17   0  66   0   0   0   0   0   0   0   5  0.28 0.03
   30 E    -2  -1   2   5  -4   1   3  -2  -1  -4  -4   0  -3  -4  -2   0  -1  -4  -3  -3    0   0  12  54   0   0  35   0   0   0   0   0   0   0   0   0   0   0   0   0  0.72 0.04
   31 Y    -2  -2  -3  -4  -3  -2  -3  -4   1  -2  -1  -2  -1   3  -3  -2  -2   2   8  -2    0   0   0   0   0   0   0   0   0   0   0   0   0   0   0   0   0   0 100   0  1.13 0.07
   32 E     0  -1  -1   0  -3   0   2  -2  -1  -3  -3   1  -2  -3   5   2   0  -4  -3  -2    0   0   0   0   0   0  20   0   0   0   0  14   0   0  40  26   0   0   0   0  0.72 0.03
   33 L    -2   1  -3  -4  -2  -2  -3  -4  -3   1   4  -2   3   0  -3  -3  -1  -2  -1   0    0  10   0   0   0   0   0   0   0   0  81   0   9   0   0   0   0   0   0   0  0.43 0.06
   34 K    -1   0  -1  -1   3   0   3  -3  -2   0   1   2   0  -2  -2  -1  -1  -3  -2   0    0   0   0   0  12   0  32   0   0   0  23  22   0   0   0   0   0   0   0  10  0.19 0.04
   35 V    -1  -3  -3  -2  -3  -2  -2  -3  -3   0  -1  -2  -1   0   7  -1   0  -3  -2   0    0   0   0   0   0   0   0   0   0   6   4   0   0   6  66   0   6   0   0  13  1.17 0.08
   36 I    -2  -3  -4  -4  -2  -3  -3  -4  -3   3   3  -3   1   0   2  -3  -1  -3  -2   1    0   0   0   0   0   0   0   0   0  39  49   0   0   0  12   0   0   0   0   0  0.42 0.06
   37 D    -1  -2   2   6  -3  -1   1  -1  -1  -4  -4  -1  -3  -4  -2   1  -1  -5  -3  -3    0   0   7  75   0   0   0   0   0   0   0   0   0   0   0  18   0   0   0   0  0.85 0.09
   38 E     1   0   0   0  -3   2   4  -2   5  -3  -3   1  -2  -3  -2   0  -1  -3  -1  -3   13   0   0   0   0  10  47   0  23   0   0   7   0   0   0   0   0   0   0   0  0.49 0.06
   39 K    -1   2  -1  -1  -4   3   1  -2   3  -3  -3   4  -2  -3   3  -1  -1  -3  -2  -3    0   5   0   0   0  23   0   0  10   0   0  49   0   0  13   0   0   0   0   0  0.51 0.06
   40 T    -1   0   1  -1  -2   0  -1  -2  -2   0  -2   2  -1  -3   4   0   2  -3  -2  -1    0   0  11   0   0   0   0   0   0  11   0  27   0   0  28   0  24   0   0   0  0.43 0.04
   41 P    -1  -2  -2  -2  -2  -2  -2  -3  -3  -1   1  -2  -1  -2   6  -1   2  -3  -3  -1    0   0   0   0   0   0   0   0   0   0  22   0   0   0  52   0  27   0   0   0  0.89 0.06
   42 I    -2  -3  -3  -4  -2  -2  -3  -4  -1   2   2  -3   0   3  -3  -2   0   0   4   1    0   0   0   0   0   0   0   0   0  19  20   0   0  21   0   0   6   0  24  11  0.33 0.05
   43 L     1  -2  -2  -3  -1  -2  -2  -2  -2   0   2  -2   0   3  -2   1   0  -2   0   1   11   0   0   0   0   0   0   0   0   0  33   0   0  21   0  24   0   0   0  12  0.17 0.04
   44 F    -3  -3  -3  -4  -3  -3  -4  -4  -1  -1   0  -3   0   7  -4  -3  -3   1   4  -1    0   0   0   0   0   0   0   0   0   0   0   0   0  87   0   0   0   0  13   0  0.95 0.08
   45 Q    -1   0   0  -1  -3   6   1  -2   0  -3  -3   1  -1  -4  -2   1  -1  -3  -2  -3    0   0   0   0   0  84   0   0   0   0   0   0   0   0   0  16   0   0   0   0  0.81 0.14
   46 W    -3   1  -3  -4  -3  -2  -3   1  -3  -4  -3  -2  -2   0  -4  -3  -3  11   1  -4    0  10   0   0   0   0   0  16   0   0   0   0   0   0   0   0   0  74   0   0  1.93 0.16
   47 F    -2  -3  -3  -3   3  -2  -3  -4   4   0   2  -3   0   5  -4  -2  -2  -1   1  -1    0   0   0   0  10   0   0   0  17   0  30   0   0  43   0   0   0   0   0   0  0.43 0.08
   48 E    -1   0   1   0  -3   1   4  -2  -1  -1  -2   2  -1  -3  -1   0  -1  -3  -2   0    1   1  11   1   0   0  47   1   0   1   1  17   0   0   1   1   1   0   0  18  0.30 0.06
   49 P     0   3  -1  -2  -2   2   0  -2  -1  -2  -1   1   2  -2   3  -1  -1  -2  -2  -1    9  31   0   1   0  17   1   1   0   1   1   1  17   0  18   1   1   0   0   1  0.34 0.06
   50 N    -1   1   4   0  -3   0   1   3   0  -3  -3   0  -2  -3  -2   0  -1  -3  -2  -3    1   9  45   1   0   0  11  27   0   1   1   1   0   0   1   1   1   0   0   1  0.44 0.06
   51 P    -1  -1  -1   1  -3   2   0  -2  -1  -3  -3  -1  -2  -3   6  -1  -1  -3  -2  -2    1   1   1  11   0  17   1   1   0   1   2   1   0   1  57   1   1   0   1   1  1.03 0.07
   52 E     0   2   0   2  -3   1   3   0  -1  -3  -3   2  -2  -3  -1   1   0  -3  -2  -3    6  10   0  17   0   0  26   4   0   0   0  17   0   0   0  20   0   0   0   0  0.34 0.04
   53 R    -2   5   1   2  -4   2   0  -2  -1  -3  -3   1  -2  -3  -2   0  -1  -3  -2  -3    0  57   9  16   0  10   0   0   0   0   0   0   0   0   0   8   0   0   0   0  0.55 0.08
   54 Y    -2  -2  -2  -3   3  -2  -3  -3  -1   0   1  -2   2   3  -3  -1   1   0   4  -1    0   0   0   0  10   0   0   0   0   0  18   0   9  21   0   0  16   0  26   0  0.33 0.06
   55 K    -1   0  -1   0  -3   0   2   4  -1  -4  -4   3  -2  -4  -2  -1  -1  -3  -3  -3    0   0   0   0   0   0  25  41   0   0   0  33   0   0   0   0   0   0   0   0  0.51 0.07
   56 K     1   1   0  -1  -2   1   1  -1  -1  -3  -2   4  -1  -3  -1   1   0  -3  -2  -2   11   1   0   1   0   4   8   1   0   1   1  52   0   0   1  18   1   0   0   1  0.33 0.06
   57 D     0  -1   4   2  -3   0   3   1   0  -3  -3   0  -2  -3  -1   0  -1  -3  -2  -2   11   1  31   8   0   0  34   9   0   1   1   1   0   0   1   1   1   0   0   1  0.36 0.05
   58 E    -1   1   0   2  -3   2   3   1  -1  -3  -3   3  -2  -3  -1   0  -1  -3  -2  -3    1   1   0  17   0   8  23  11   0   1   1  34   0   0   1   1   1   0   0   1  0.35 0.05
   59 V    -2  -3  -3  -4  -2  -3  -3  -4  -1   3   0  -3   0   1  -3  -2  -1   0   5   2    0   0   0   0   0   0   0   0   0  45   0   0   0   0   0   0   0   0  35  20  0.41 0.05
   60 P    -1  -3  -3  -2  -3  -2  -2  -3  -3  -3  -4  -2  -3  -4   8  -1  -2  -4  -4  -3    0   0   0   0   0   0   0   0   0   0   0   0   0   0 100   0   0   0   0   0  2.24 0.10
   61 I    -1  -3  -3  -3  -2  -3  -3  -4  -3   5   1  -3   1  -1  -3   0  -1  -3  -2   3    0   0   0   0   0   0   0   0   0  81   0   0   0   0   0  10   0   0   0   9  0.41 0.06
   62 V    -1  -2  -2  -2  -1  -2  -2  -2  -2   3   2  -2   2   0  -2  -2  -1  -2  -1   2    2   1   1   1   0   1   1   2   0  37  18   1   9   1   1   2   1   0   1  19  0.19 0.02
   63 N    -1  -1   6   1  -2   0   0  -1   0  -3  -3   0  -2  -2  -2   0   0  -3  -2  -2    2   1  79   1   0   1   1   2   0   1   2   1   0   1   1   2   1   0   1   1  0.62 0.05
   64 T     0  -1   0  -1  -1  -1  -1  -1  -2  -1  -1  -1  -1  -2  -1   1   5  -2  -1   0    2   1   1   1   0   1   1   2   0   1   2   1   0   1   1   2  79   0   1   1  0.43 0.04
   65 K    -1   2   2   0  -2   2   2  -1   0  -2  -2   2  -1  -2  -1   0  -1  -2  -1  -2    2  16  14   1   0  16  13   2   0   1   2  24   0   1   1   2   1   0   1   1  0.28 0.02
   66 Q    -1   2  -1   1  -3   3   2  -2  -1  -3  -3   2  -2  -4   4  -1  -1  -3  -2  -3    0   8   0   7   0  31  12   0   0   0   0  20   0   0  22   0   0   0   0   0  0.54 0.03
   67 H    -1  -1   4   0  -3   0   2  -2   5  -3  -3   0  -2  -1  -2   0  -1  -2   2  -3    0   0  34   0   0   0  22   0  22   0   0   0   0   0   0   8   0   0  13   0  0.42 0.04
   68 P    -1  -1  -2  -2  -3  -1  -1  -2  -2  -3  -3   2  -2  -4   7  -1   0  -4  -3  -3    0   0   0   0   0   0   0   0   0   0   0  22   0   0  70   0   8   0   0   0  1.36 0.06
   69 Y    -2  -2  -3  -4  -3  -2  -3  -4   1  -2  -2  -2  -2   3  -4  -2  -2   2   8  -2    0   0   0   0   0   0   0   0   0   0   0   0   0   0   0   0   0   0 100   0  1.23 0.09
   70 L    -2  -3  -4  -4  -2  -3  -3  -4  -3   1   5  -3   2   0  -3  -3  -2  -2  -1   1    0   0   0   0   0   0   0   0   0   0 100   0   0   0   0   0   0   0   0   0  0.60 0.06
   71 D    -1  -1   4   4  -3   0   3  -1   0  -3  -4   0  -3  -4  -2   1   0  -4  -3  -3    0   0  35  31   0   0  22   0   0   0   0   0   0   0   0  12   0   0   0   0  0.56 0.04
   72 N    -2   3   6   1  -3   0  -1  -1   0  -4  -4   0  -2  -4  -3   0  -1  -4  -2  -3    0  22  78   0   0   0   0   0   0   0   0   0   0   0   0   0   0   0   0   0  0.75 0.07
   73 V    -2  -3  -4  -4  -2  -3  -3  -4  -4   4   2  -3   1   0  -3  -3  -1  -3  -2   3    0   0   0   0   0   0   0   0   0  67  22   0   0   0   0   0   0   0   0  11  0.45 0.04
   74 T    -1  -2  -2  -2  -1  -1  -2  -2  -2   3   1   0   0  -1  -2   1   1  -3  -2   1    0   0   0   0   0   0   0   0   0  47  13   7   0   0   0  22  11   0   0   0  0.16 0.03
   75 N    -2   0   5   1  -3   1   2  -1   0  -4  -4   2  -2  -4  -2   0  -1  -4  -2  -3    0   0  59   0   0   0  22   0   0   0   0  19   0   0   0   0   0   0   0   0  0.58 0.05
   76 A     4  -2  -2  -2  -1  -1  -2  -1  -2  -2  -2  -1  -1  -2  -2   0   1   7  -1  -1   64   0   0   0   0   0   0   0   0   0   0   0   0   0   0   0  13  22   0   0  0.56 0.05
   77 A     4  -2  -2  -2   5  -2  -2  -1  -2  -2  -2  -1  -1  -3  -2   1  -1  -3  -2  -1   79   0   0   0  21   0   0   0   0   0   0   0   0   0   0   0   0   0   0   0  0.52 0.06
   78 R    -1   2  -1  -1  -3   1   0  -2  -1   1  -1   3  -1  -2  -2  -1   1  -3  -2   0    0  11   0   0   0   7   0   0   0  23   0  47   0   0   0   0  12   0   0   0  0.24 0.03
   79 I    -1   2  -2  -3  -2  -2  -2  -3  -2   4   1  -1   0  -1  -3  -1   1  -3  -2   2    0  22   0   0   0   0   0   0   0  64   0   0   0   0   0   0  13   0   0   0  0.26 0.05
   80 E    -1  -1  -1   1  -4   2   6  -3  -1  -4  -3   0  -3  -4  -2  -1  -1  -3  -3  -3    0   0   0   0   0   0 100   0   0   0   0   0   0   0   0   0   0   0   0   0  0.94 0.08
   81 S    -1   0   3   3  -2   0   0  -1  -1  -3  -3   2  -2  -3  -1   2   1  -4  -2  -2    0   0  19  22   0   0   0   0   0   0   0  27   0   0   0  24   8   0   0   0  0.35 0.03
   82 D     0  -1   0   3  -3   1   4   0  -1  -3  -3   0  -2  -3  -1   0   2  -3  -2  -2    8   0   0  17   0   0  46   7   0   0   0   0   0   0   0   0  22   0   0   0  0.40 0.04
   83 R    -2   6  -1  -2  -4   1   0  -3  -1  -4  -3   2  -2  -3  -3  -1  -2  -3  -2  -3    0  95   0   0   0   0   5   0   0   0   0   0   0   0   0   0   0   0   0   0  0.92 0.07
   84 M    -1  -2  -3  -3  -2  -2  -3  -3  -3   2   2  -2   3   3  -3  -1   1  -2   0   2    0   0   0   0   0   0   0   0   0  17  17   0  17  17   0   0  17   0   0  17  0.25 0.07
   85 I    -2  -4  -4  -4  -2  -3  -4  -4  -4   5   1  -3   1  -1  -3  -3  -1  -3  -2   3    0   0   0   0   0   0   0   0   0  84   0   0   0   0   0   0   0   0   0  16  0.61 0.09
   86 G     0  -1  -1  -2  -3  -2  -2   6  -2  -4  -4   1  -3  -4  -3  -1  -2  -3  -3  -4    0   0   0   0   0   0   0  84   0   0   0  16   0   0   0   0   0   0   0   0  0.99 0.09
   87 I    -1  -3  -4  -4  -1  -3  -3  -4  -4   3   3  -3   1   0  -3  -3  -1  -3  -2   3    0   0   0   0   0   0   0   0   0  31  31   0   0   0   0   0   0   0   0  38  0.42 0.05
   88 F    -2  -3  -4  -4  -2  -3  -3  -4  -3   1   3  -3   1   5  -4  -3  -2  -1   1   1    0   0   0   0   0   0   0   0   0   0  39   0   0  45   0   0   0   0   0  16  0.49 0.06
   89 V    -1  -3  -4  -4  -1  -3  -3  -4  -4   4   1  -3   1  -1  -3  -2  -1  -3  -2   4    0   0   0   0   0   0   0   0   0  44   0   0   0   0   0   0   0   0   0  56  0.52 0.08
   90 D    -1  -2   3   5  -3  -1   0   1  -1  -4  -4  -1  -3  -4  -2   1  -1  -4  -3  -3    0   0  16  56   0   0   0  13   0   0   0   0   0   0   0  15   0   0   0   0  0.65 0.07
   91 G     0  -3  -1  -2  -3  -2  -3   6  -3  -5  -4  -2  -3  -4  -3  -1  -2  -3  -4  -4    0   0   0   0   0   0   0 100   0   0   0   0   0   0   0   0   0   0   0   0  1.32 0.10
   92 D    -1  -1   3   5  -3   0   2  -1  -1  -4  -4  -1  -3  -4  -2   1  -1  -4  -3  -3    0   0  25  46   0   0  13   0   0   0   0   0   0   0   0  16   0   0   0   0  0.63 0.06
   93 F    -2  -4  -4  -4  -3  -4  -4  -4  -2   2   0  -4   0   6  -4  -3  -2   0   2   1    0   0   0   0   0   0   0   0   0  15   0   0   0  70   0   0   0   0   0  16  0.77 0.13
   94 S     0  -2  -1  -2  -2  -1  -1  -2  -2  -2  -2  -1  -1   2  -2   3   4  -2  -1  -1    0   0   0   0   0   0   0   0   0   0   0   0   0  17   0  38  45   0   0   0  0.43 0.11
   95 V     0  -1   0  -1  -2   0   1  -2  -1  -1  -2   0   1  -1   3   2   0  -2   2   0    6   0   3   0   0   0  16   0   0   0   0   5  10   0  18  23   0   0  12   8  0.24 0.06
   96 N    -1  -1   2   0  -3   0   2   3  -1  -3  -3   1  -2  -3  -2   0   1  -3  -3  -3    0   0  18   0   0   0  21  31   0   0   0  16   0   0   0   0  15   0   0   0  0.38 0.07
   97 Q    -2   0  -1  -1  -4   6   1  -3   4  -3  -3   2  -1  -3  -2  -1   0  -3  -1  -3    0   0   0   0   0  66   0   0  16   0   0  10   0   0   0   0   9   0   0   0  0.73 0.14
   98 K    -2   3  -1  -2  -4   0   0  -3  -1  -3  -3   5  -2  -2  -2  -1  -1  -2   3  -3    0  14   0   0   0   0   0   0   0   0   0  71   0   0   0   0   0   0  15   0  0.64 0.13
   99 T     0   2  -1   1  -3   0   2   0  -1  -2  -2   3  -2  -3  -2   0   0  -3  -2  -1    7  10   0   9   0   0  15   9   0   0   0  34   0   0   0   0   8   0   0   8  0.24 0.05
  100 A     2  -1   1  -1   3   0   1  -1  -1  -2  -2  -1  -2  -3  -1   2   0  -3  -2  -1   31   0  10   0   9   0  12   1   0   0   1   1   0   0   0  31   1   0   0   1  0.28 0.06
  101 F    -2  -2  -3  -3  -2  -2  -3  -3  -2   0   2  -2   3   5  -3  -2  -2   0   1   0    1   1   1   1   0   1   1   1   0   1  24   1  19  45   1   1   1   0   0   1  0.41 0.08
  102 S     1  -1   0   0  -1  -1  -1   1   2  -1   1  -1   0   0  -1   2   0  -2  -1  -1   13   1   1   8   0   1   1  10  10   1  20   1   0   6   1  24   1   0   0   1  0.08 0.03
  103 K    -1   0   1   0  -3   1   3  -2  -1  -2  -3   3  -2  -3  -2   1  -1  -4  -2  -1    0   0  10   0   0   0  35   0   0   0   0  38   0   0   0  10   0   0   0   8  0.39 0.09
  104 L    -2  -3  -4  -4  -2  -3  -4  -5  -4   1   5  -3   2   0  -4  -3  -2  -2  -2   0    0   0   0   0   0   0   0   0   0   0 100   0   0   0   0   0   0   0   0   0  0.77 0.12
  105 E    -1   0  -1   1  -4   3   5  -3  -1  -4  -3   2  -2  -4  -2  -1  -1  -3  -3  -3    0   0   0   0   0  15  72   0   0   0   0  13   0   0   0   0   0   0   0   0  0.82 0.11
  106 R    -1   1   3  -1  -2   2  -1  -2   0  -1  -1   1   2  -1  -2   0   1  -2   1   0    0   9  23   0   0  11   0   0   0   0   0  11  13   0   0   0  15   0   9   9  0.18 0.05
  107 D    -2   0   3   3  -4   2   3  -2   2  -4  -4   1  -2  -4  -2   0  -1  -4  -2  -3    0   0  23  23   0  11  24   0   9   0   0  10   0   0   0   0   0   0   0   0  0.50 0.07
  108 F    -2  -3  -3  -4  -3  -2  -3  -4   3   2  -1  -3  -1   3  -4  -2  -2   1   7   0    0   0   0   0   0   0   0   0   9  22   0   0   0  11   0   0   0   0  58   0  0.74 0.12
  109 E    -1   2   0   0  -3   3   3  -2  -1  -3  -3   2  -2  -3   2   2   0  -3  -2  -3    0  15   0   0   0  16  24   0   0   0   0  12   0   0   9  25   0   0   0   0  0.40 0.06
  110 N    -2  -1   7   1  -3  -1  -1  -1   0  -4  -4  -1  -3  -4  -3   0  -1  -5  -3  -4    0   0 100   0   0   0   0   0   0   0   0   0   0   0   0   0   0   0   0   0  1.10 0.12
  111 V    -2   2  -3  -3  -2  -2  -3  -4  -3   3   2  -1   1  -1  -3  -2  -1  -3  -2   2    0  18   0   0   0   0   0   0   0  39  31   0   0   0   0   0   0   0   0  12  0.28 0.04
  112 M    -1   1  -1  -1  -3   1   2  -2  -1  -2  -2   5   2  -3  -2  -1  -1  -3  -2  -2    0   0   0   0   0   0  18   0   0   0   0  70  12   0   0   0   0   0   0   0  0.51 0.08
  113 I    -2  -3  -4  -4  -2  -3  -4  -4  -3   4   1  -3   1   4  -3  -3  -1  -1   0   3    0   0   0   0   0   0   0   0   0  51   0   0   0  29   0   0   0   0   0  20  0.43 0.06
  114 I    -2  -3   2  -2  -2  -2  -3  -3  -3   4   2  -2   1  -1  -3  -2  -1  -3  -2   2    0   0  18   0   0   0   0   0   0  71  11   0   0   0   0   0   0   0   0   0  0.36 0.07
  115 Y    -2  -2  -3  -3  -3  -2  -3  -4   1  -2  -2  -2  -2   3   3  -2  -2   1   7  -2    0   0   0   0   0   0   0   0   0   0   0   0   0  11  18   0   0   0  71   0  0.95 0.10
  116 R     1   4   4   0  -3   0   0  -1   0  -3  -3   2  -2  -3  -2   0  -1  -3  -2  -2   20  34  35   0   0   0   0   0   0   0   0  11   0   0   0   0   0   0   0   0  0.42 0.06
  117 E     0   0   2   2  -3   1   3  -1  -1  -3  -3   2  -2  -3  -1   1   0  -3  -2  -2    9   0  14  11   0   0  31   0   0   0   0  18   0   0   0  16   0   0   0   0  0.36 0.04
  118 D    -2  -1   3   5  -4   3   1  -2  -1  -4  -4   0  -3  -4  -2   0  -1  -4  -3  -3    0   0  18  62   0  20   0   0   0   0   0   0   0   0   0   0   0   0   0   0  0.77 0.08
  119 V    -2  -3  -4  -4  -2  -3  -3  -4  -3   3   3  -3   2   0  -3  -3  -1  -3  -2   2    0   0   0   0   0   0   0   0   0  36  46   0   4   0   0   0   0   0   0  14  0.43 0.05
  120 D    -2  -2   2   6  -4   0   3  -2  -1  -4  -4  -1  -3  -4  -2  -1  -1  -5  -3  -4    0   0  11  70   0   0  20   0   0   0   0   0   0   0   0   0   0   0   0   0  0.90 0.09
  121 F    -2   1  -2  -3  -3  -1  -2  -3  -1  -1   1   1   0   5  -3  -2  -2   0   3  -1    0  10   0   0   0   0   0   0   0   0  20  14   0  43   0   0   0   0  13   0  0.37 0.06
  122 S     0   2   0  -1  -2  -1  -1  -1  -2   1  -2   0  -1  -2  -2   4   0  -3  -2  -1    0  14   0   0   0   0   0   0   0  20   0   0   0   0   0  67   0   0   0   0  0.33 0.08
  123 M    -2  -2  -1   4  -3  -1  -1  -3  -2  -1   0  -2   6  -2  -3  -2  -1  -3  -2  -1    0   0   0  43   0   0   0   0   0   0   0   0  57   0   0   0   0   0   0   0  0.60 0.12
  124 Y    -3  -3  -3  -4  -3  -3  -3  -4   0  -1  -1  -3  -1   6  -4  -3  -2   1   7  -2    0   0   0   0   0   0   0   0   0   0   0   0   0  43   0   0   0   0  57   0  1.04 0.12
  125 D    -2  -2   3   5   4  -1   0  -2  -1  -3  -3  -1  -3   1  -2  -1  -1  -3  -2  -3    0   0  18  57  13   0   0   0   0   0   0   0   0  11   0   0   0   0   0   0  0.62 0.08
  126 R    -1   3  -1  -1  -3   2   2  -2  -1   0  -2   3  -1  -3  -2  -1  -1  -3  -2  -2    0  20   0   0   0  13  18   0   0  11   0  37   0   0   0   0   0   0   0   0  0.39 0.06
  127 K    -1   1   2  -1  -3   0   0  -2  -1  -2   0   5  -1  -3  -2  -1  -1  -3  -2  -2    0   0  11   0   0   0   0   0   0   0  18  70   0   0   0   0   0   0   0   0  0.43 0.09
  128 L     0  -1  -1   2  -2  -1  -1  -2  -2   0   2   0   0   0  -2  -1  -1  -2   2   1   11   0   0  18   0   0   0   0   0   0  35  11   0   0   0   0   0   0  11  13  0.11 0.04
  129 S     0  -1  -1  -2  -1   1  -1  -2  -2   1   1  -1   0  -2  -2   2   1  -3  -2   1    0   0   0   0   0  11   0   0   0  11  18   0   0   0   0  38   8   0   0  13  0.16 0.05
  130 D    -2   2   0   4  -4   0   1  -2  -1  -3  -3   2  -2  -4  -2   0   0  -4  -3  -3    0  18   0  45   0   0   6   0   0   0   0  22   0   0   0   0   8   0   0   0  0.53 0.07
  131 I    -2  -2  -2  -2   6  -1   1  -3   2   3   0  -2  -1   2  -3  -2  -1  -2  -1   0    0   0   0   0  25   0  18   0  11  35   0   0   0  11   0   0   0   0   0   0  0.29 0.07
  132 Y    -2  -3  -3  -4  -2  -3  -3  -4   0   4   0  -3   0   2  -4  -3  -2   0   6   1    0   0   0   0   0   0   0   0   0  47   0   0   0   0   0   0   0   0  53   0  0.66 0.11
  133 H    -1   0  -1  -1  -3   0   2  -3   2  -1   1   2   1  -1  -2  -1   1   5  -1  -1    0   0   0   0   0   0  18   0   9   0  20  25   6   0   0   0  11  11   0   0  0.22 0.05
  134 D    -2   0   2   2  -3   2   3  -2  -1  -3  -2   2  -2   2  -2  -1  -1  -2  -1  -3    0   0  13   9   0  11  26   0   0   0   0  23   0  18   0   0   0   0   0   0  0.31 0.05
  135 I    -1  -2   3  -1  -2  -1  -1  -2  -1   1   0  -1   0  -2  -2   2   2  -3  -2   0    0   0  26   0   0   0   0   0   0  20  11   0   0   0   0  18  25   0   0   0  0.21 0.05
  136 I    -2  -4  -4  -4  -2  -3  -4  -4  -3   5   1  -3   1   3  -4  -3  -1  -2   0   2    0   0   0   0   0   0   0   0   0  80   0   0   0  20   0   0   0   0   0   0  0.55 0.09
  137 C     1  -1  -1  -1   3   0   1  -2   5  -1  -2  -1  -1  -2  -2   1   0  -3  -1   0   18   0   0   0  12   0  12   0  29   0   0   0   0   0   0   9   7   0   0  13  0.25 0.05
  138 E     0   0  -1   1  -2   0   1  -2  -2  -1   1   2   2  -2  -2  -1  -1  -3  -2  -1   11   0   0  12   0   0  12   0   0   0  20  31  13   0   0   0   0   0   0   0  0.15 0.04
  139 Q    -1  -1  -1  -2  -3   4   0   2  -1  -1   0   0   3  -2  -2  -1  -1  -2  -2  -1    0   0   0   0   0  47   0  25   0   3  10   0  15   0   0   0   0   0   0   0  0.34 0.07
  140 R    -1   2  -1   0  -4   1   3  -2  -1  -3  -3   3  -2  -4   4  -1  -1  -4  -3  -3    0  12   0   0   0   0  31   0   0   0   0  37   0   0  20   0   0   0   0   0  0.59 0.06
  141 L     1  -1   0   3  -2   0   1  -1  -1  -1   0  -1  -1  -2  -1   2   0  -3  -2  -1   17   1   1  21   0   1  13   1   0   1  13   1   0   1   1  27   1   0   0   1  0.19 0.03
  142 R    -1   3   2  -1  -3   2   0  -2   0  -2  -2   2   1  -1  -2  -1  -1  -1   2  -2    1  25  12   1   0  16   1   1   0   1   1  19   8   0   1   1   1   0  10   1  0.26 0.04
  143 T    -1  -1   3   0  -3   0   2  -2   0  -3  -3  -1  -2  -2   4   1   1  -2   2  -2    0   0  24   0   0   0  18   0   0   0   0   0   0   0  25   8  12   0  12   0  0.46 0.06
  144 E     1  -2  -2  -1  -2   0   3  -2  -2   2  -1  -1  -1  -2   2  -1  -1  -3  -2   0   22   0   0   0   0   0  36   0   0  30   0   0   0   0  12   0   0   0   0   0  0.26 0.06
  145 D    -1  -1   4   2  -2   0   1  -1   3  -3  -3  -1  -2  -3  -2   3   0  -4  -2  -3    0   0  32  12   0   0   7   0  12   0   0   0   0   0   0  36   0   0   0   0  0.45 0.07
  146 K    -1   0  -1   1  -3   4   3  -2  -1  -3  -3   2  -2  -3  -2  -1  -1   5  -1  -2    0   0   0   4   0  30  30   0   0   0   0  19   0   0   0   0   0  13   0   4  0.52 0.07
  147 R    -2   5  -1  -2   4   0   1  -3   3  -3  -3   2  -2  -3  -2  -1  -1  -3  -2  -3    0  48   0   0  17   0  11   0  11   0   0  13   0   0   0   0   0   0   0   0  0.52 0.07
  148 D    -1  -2   0   5  -3  -1   0   1  -2  -4  -4  -1  -3  -4   2   1  -1  -4  -3  -3    0   0   0  59   0   0   0  13   0   0   0   0   0   0  11  17   0   0   0   0  0.66 0.08
  149 E    -1   0   2   1  -3   1   4  -2   0  -3  -3   2  -2  -2  -1   0  -1  -2   1  -2    1   1  13   1   0   0  54   1   0   1   1  18   0   0   1   1   1   0   7   1  0.45 0.06
  150 Y    -1  -1   1  -1  -2  -1  -1  -2   3  -1  -1  -1  -1   1  -2  -1  -1   1   6   0    2   1  12   1   0   1   1   2   7   1   2   1   1   1   1   2   1   0  50  11  0.38 0.05
  151 L    -1  -1  -1  -2  -1  -1  -1  -2  -2   1   3  -1   1   0  -1  -1   1  -1  -1   0    3   2   2   2   1   1   2   3   1   2  51   2   1   1   2   2  19   0   1   2  0.14 0.03
  152 L    -1  -3  -3  -4  -2  -2  -3  -4  -3   2   3  -3   4   0  -3  -2  -1  -2  -1   2    0   0   0   0   0   0   0   0   0  13  48   0  22   0   0   0   0   0   0  17  0.42 0.06
  153 N    -1  -1   3   4  -3   1   0   2  -1  -4  -4  -1  -3  -4  -2   1  -1  -4  -3  -3    0   0  21  35   0   6   0  21   0   0   0   0   0   0   0  17   0   0   0   0  0.49 0.06
  154 L    -1   2  -2  -2  -2   0   0   0  -2   0   2   1   2  -1  -3  -2  -1  -2  -2  -1    0  17   0   0   0   0   8   9   0   0  42  13  11   0   0   0   0   0   0   0  0.16 0.04
  155 L    -2  -2  -3  -4  -2  -2  -3  -4  -2   2   3  -3   3   1  -3  -3  -1  -1   3   1    0   0   0   0   0   0   0   0   0  13  52   0  13   0   0   0   0   0  17   5  0.39 0.06
  156 E     0   2   1  -1  -3   0   1  -2   0  -2  -2   2  -1   2  -2  -1  -1  -1   2  -2   13  12  11   0   0   0  12   0   0   0   0  24   0  17   0   0   0   0  11   0  0.20 0.04
  157 K     0   3   0  -1  -3   1   2  -2  -1  -3  -3   3  -2  -3  -1   2   0  -3  -2  -3    0  17   0   0   0   0  12   0   0   0   0  36   0   0   0  35   0   0   0   0  0.41 0.06
  158 E    -1  -1   0   5  -3   0   4  -2  -1  -4  -4   0  -3  -4  -2   1  -1  -4  -3  -3    0   0   0  41   0   0  41   0   0   0   0   0   0   0   0  18   0   0   0   0  0.67 0.08
  159 L    -2  -3  -4  -4  -2  -3  -4  -4  -3   1   5  -3   2   0  -4  -3  -2  -2  -2   0    0   0   0   0   0   0   0   0   0   0 100   0   0   0   0   0   0   0   0   0  0.69 0.10
  160 R    -1   1   3   3  -3   0   1  -2   0  -3  -3   1  -2  -1  -2   0  -1  -2   3  -3    0  12  21  22   0   0   9   0   0   0   0  12   0   0   0   6   0   0  17   0  0.33 0.05
  161 E    -1  -1   2   4  -3   0   3  -1  -1  -3  -3   0  -3  -3  -2   2   0  -4  -3  -3    0   0  12  26   0   0  29   0   0   0   0   0   0   0   0  32   0   0   0   0  0.49 0.06
  162 I    -1  -3  -4  -4  -1  -3  -3  -4  -4   4   2  -3   1  -1  -3  -3  -1  -3  -2   4    0   0   0   0   0   0   0   0   0  47  13   0   0   0   0   0   0   0   0  40  0.46 0.07
  163 S     0  -2  -1  -2  -2   0  -1  -2  -2  -1   2  -1   0  -2   5   2   0  -3  -2  -1    0   0   0   0   0   6   0   0   0   0  31   0   0   0  29  33   0   0   0   0  0.45 0.06
  164 K    -1   1   2   0  -4   1   4  -2  -1  -4  -3   4  -2  -4  -2   0  -1  -4  -2  -3    0   0  13   0   0   0  46   0   0   0   0  41   0   0   0   0   0   0   0   0  0.57 0.08
  165 E     0  -2  -1   2  -3  -1   0   1  -2  -3  -3  -1  -3  -4   5   1  -1  -4  -3  -3    8   0   0  19   0   0   4  13   0   0   0   0   0   0  38  17   0   0   0   0  0.70 0.06
  166 Q    -1   0   1   3  -4   2   2   1  -1  -3  -3   3  -2  -4  -2   0  -1  -3  -3  -3    0   0   7  21   0  12  17  13   0   0   0  30   0   0   0   0   0   0   0   0  0.40 0.05
  167 D    -1  -1   0   4  -2   0   2  -2  -1   1  -1  -1  -1  -2  -1  -1  -1  -3  -2  -1    1   1   1  45   0   1  18   1   0  22   2   1   0   1   1   1   1   0   1   1  0.35 0.05
  168 S     0  -1   0  -1  -1  -1  -1  -1  -1  -1  -2  -1  -1  -2  -1   3   4  -2  -2  -1    1   1   1   1   0   1   1   1   0   1   2   1   0   1   1  33  52   0   1   1  0.39 0.06
  169 L    -1  -2  -3  -3  -1  -2  -2  -3  -2   2   4  -2   2   0  -2  -2  -1  -2  -1   1    1   1   1   1   0   1   1   1   0   8  77   1   0   1   1   1   1   0   1   1  0.38 0.06
  170 I    -1  -2  -3  -3  -1  -2  -2  -3  -2   3   2  -2   1   3  -2  -2  -1  -1   0   2    1   1   1   1   0   1   1   1   0  43  14   1   0  22   1   1   1   0   1   8  0.24 0.04
  171 S     0  -1   0   3  -2   0   2  -1  -1  -2  -2   1  -2  -2  -1   2   1  -3  -2  -2    1   1   1  22   0   1  14   1   0   1   2   8   0   1   1  36   8   0   1   1  0.29 0.04
  172 M     0   0   0   0  -2   0   2  -1  -1  -2  -1   1   2  -1  -1   2   0  -2   1  -1    1   1   1   1   0   1  24   1   0   1   2  12  12   1   1  31   1   0   7   1  0.18 0.04
  173 Y    -2  -2  -2  -2  -2  -1  -2  -2   4   1   1  -2   0   3  -2  -2  -1   0   5   0    1   1   1   1   0   1   1   1  17  12  14   1   0  11   1   1   1   0  32   1  0.31 0.05
  174 A     2  -1   1   1  -1   0   1  -1  -1  -1  -1   0  -1  -2  -1   1   1  -2  -2  -1   26   1  11   8   0   1  14   1   0   1   8   1   0   1   1  11  12   0   1   1  0.15 0.02
  175 K    -1   3  -1  -1  -3   1   2   1  -1  -3  -1   4  -2  -3  -2  -1  -1  -3  -2  -2    0  17   0   0   0   0  20  11   0   0   7  45   0   0   0   0   0   0   0   0  0.38 0.06
  176 K    -1   0   2   1  -2   0   0   1  -1  -2   0   2  -1  -2  -2   1  -1  -3   0  -2    0   0  11  12   0   0   0  13   0   0  17  25   0   0   0  17   0   0   5   0  0.13 0.04
  177 R     0   3  -1  -1   4   0  -1   2  -1  -3  -3   1  -2  -3  -2   2   0  -3  -2  -2    0  25   0   0  13   0   0  21   0   0   0  12   0   0   0  29   0   0   0   0  0.34 0.06
  178 N    -1  -2   1  -1  -3  -1   1   4  -1  -3  -2  -2  -2   4  -3  -1  -2  -1   0  -3    0   0  12   0   0   0  13  45   0   0   0   0   0  30   0   0   0   0   0   0  0.43 0.07
  179 H    -2  -1   0  -2  -4   0  -1   2   9  -4  -4  -2  -2  -2  -3  -1  -2  -3   1  -4    0   0   0   0   0   0   0  17  83   0   0   0   0   0   0   0   0   0   0   0  1.15 0.15
  180 A     1  -2  -2  -2  -1  -2  -2  -2  -2   1   1  -2   0  -1  -2   1   1  -3  -2   3   12   0   0   0   0   0   0   0   0   7  10   0   0   0   0  21  13   0   0  37  0.18 0.04
  181 W    -2   2  -2  -2   5   0   2  -3  -1  -3  -2  -1  -2   0  -3  -1  -2   7   3  -2    0  20   0   0  20   0  20   0   0   0   0   0   0   0   0   0   0  20  20   0  0.56 0.08
  182 F    -2  -3  -3  -4  -2  -3  -3  -4  -2   2   1  -3   3   6  -4  -3  -2   0   2   0    0   0   0   0   0   0   0   0   0  17   0   0  19  63   0   0   0   0   0   0  0.53 0.05
  183 D    -2  -2   1   7  -4  -1   1  -2  -1  -4  -4  -1  -4  -4  -2  -1  -1  -5  -4  -4    0   0   0 100   0   0   0   0   0   0   0   0   0   0   0   0   0   0   0   0  1.10 0.07
  184 F    -1  -2  -2  -2  -2   0  -2   1  -1   0   0  -2   0   5  -3   1  -1  -1   1  -1    0   0   0   0   0   8   0  14   0  12   0   0   0  48   0  17   0   0   0   0  0.23 0.03
  185 F     0  -2  -3  -3  -2  -2  -2  -3   0  -1   0  -2   2   4  -3  -1  -2   1   5  -1   14   0   0   0   0   0   0   0   0   0   0   0  17  24   0   0   0   0  45   0  0.46 0.05
  186 R    -2   6  -1  -2  -4   1   0  -3   3  -4  -3   2  -2  -3  -3  -1  -2  -3  -1  -3    0  88   0   0   0   0   0   0  12   0   0   0   0   0   0   0   0   0   0   0  0.79 0.06
  187 N    -2  -1   5   0  -2  -1  -1  -1   0   1  -1  -1  -1  -2  -3   0   0  -4  -2   1    0   0  68   0   0   0   0   0   0  17   0   0   0   0   0   0   0   0   0  14  0.42 0.05
  188 L    -2  -3  -3  -4  -2  -3  -3  -4  -2   1   3  -3   2   4  -3  -3  -2  -1   1   0    0   0   0   0   0   0   0   0   0   0  52   0  11  37   0   0   0   0   0   0  0.43 0.04
  189 A     3  -2  -2  -3  -1  -1  -2  -1  -2   0   2  -2   2   2  -2   0  -1  -2  -1   0   46   0   0   0   0   0   0   0   0   0  25   0  17  12   0   0   0   0   0   0  0.19 0.03
  190 L    -2  -2  -3  -4  -2  -2  -3  -4  -3   2   4  -2   4   0  -3  -2  -1  -2  -1   1    0   0   0   0   0   0   0   0   0  11  55   0  34   0   0   0   0   0   0   0  0.41 0.05
  191 L    -2  -2  -4  -4  -2  -2  -3  -4  -3   1   4  -3   3   3  -3  -3  -1  -1   0   0    0   0   0   0   0   0   0   0   0   0  70   0  12  17   0   0   0   0   0   0  0.42 0.04
  192 K    -1   1   2   0  -2   1   0  -1  -1  -2  -1   4   1  -2  -1   0  -1  -2  -2  -2    1   1  18   1   0   1   1   1   0   1   1  55  13   1   1   1   1   0   1   1  0.25 0.03
  193 A     2  -2  -1  -1  -1  -1  -1   4  -2  -1  -2  -1  -1  -2  -1   0  -1  -2  -2   0   35   1   1   1   0   1   1  41   0   1   1   1   0   1   1   1   1   0   1  11  0.33 0.02
  194 G     0  -2   1  -1  -2  -1  -1   5  -1  -3  -3  -1  -2  -3  -2   1  -1  -2  -2  -2    1   1   9   1   0   1   1  65   0   1   1   1   0   1   1  13   1   0   1   1  0.58 0.03
  195 E     0  -1   2   2  -2   1   1   2  -1  -3  -2   0  -2  -3  -1   2   0  -2  -2  -2    1   1  13  13   0  11  10  18   0   1   1   1   0   1   1  23   1   0   1   1  0.25 0.01
  196 I     0  -2  -2  -2  -1  -2  -2  -2  -2   2   2  -2   1   0  -2  -1  -1  -2  -1   2   13   1   1   1   0   1   1   1   0  15  38   1   0   1   1   1   1   0   1  21  0.16 0.01
  197 F    -2  -2  -3  -3  -2  -3  -3  -3  -1  -1   0  -3   0   7  -3  -2  -2   1   2  -1    1   1   1   1   0   1   1   1   0   1   2   1   0  84   1   1   1   0   1   1  0.73 0.08
  198 R    -1   2  -1  -2  -1  -1  -1  -2  -1   0   1   0   0   0  -2  -1   1   6   0   0    2  17   1   1   0   1   2   2   1   1  29   1   1   1   1   2  14  15   1   7  0.19 0.02
  199 C    -1   0  -1   0   4   1   3  -1  -1  -2  -2   1  -1  -2  -1   0  -1  -2  -1  -1    3   2   2   2  17   1  37   3   1   2   3  16   1   1   2   2   2   0   1   2  0.24 0.03
  200 T     1  -1  -1  -1  -1   0   0  -1  -1  -1   0  -1   0  -1  -1   1   2  -2  -1   0   18   1   1   1   0   1   8   2   1   1  16   1   1   1   1  11  30   0   1   2  0.12 0.02
  201 Y     1  -1  -1   1  -2  -1  -1   3  -1  -2  -2  -1  -1   0   2   0  -1  -1   2  -1   16   1   1  12   0   1   2  26   1   1   2   1   1   1  10   2   1   0  17   2  0.21 0.02
  202 N    -1   1   4   0  -2   0   0  -1   0  -2  -2   3  -1  -2  -1   0   0  -2  -2  -2    2   1  40   1   0   1   2   2   1   1   2  37   1   1   1   2   1   0   1   2  0.33 0.04
  203 T     0   0  -1   1  -1  -1  -1  -2  -2   0   1  -1   0  -1   1   0   2  -2  -1   1   10   5   1  11   0   1   1   1   0   1  16   1   0   1   5   1  25   0   1  18  0.09 0.03
  204 K    -1   2   0   1  -2   0   0   3  -1  -1  -2   1  -1  -2  -2  -1  -1  -2  -2   0    1  17   1  11   0   1   1  29   0   1   1  16   0   1   1   1   1   0   1  16  0.18 0.03
  205 N     0  -2   4  -1   6  -1  -1  -1  -1  -1  -1  -1  -1  -2  -2   0   0  -3  -2   1    9   1  34   1  28   1   1   1   0   1   1   1   0   1   1   1   1   0   1  16  0.33 0.06
  206 H     0  -1   0  -1  -2   0  -1   1   7  -2  -2  -1  -2  -1  -2  -1  -1  -1   3  -2   12   1   1   1   0   1   1  12  52   1   1   1   0   1   1   1   1   0  11   1  0.46 0.05
  207 G    -1  -1   2   3  -3  -1   0   3   4  -3  -3  -1  -2  -2  -2   0  -1  -2  -1  -3    1   1  10  22   0   1   1  36  20   1   1   1   0   1   1   1   1   0   1   1  0.38 0.03
  208 I    -1  -2  -2  -2  -1  -1  -2  -2  -2   2   3  -1   1   0  -2   0   0  -2  -1   1    2   1   1   1   1   1   2   2   1  24  43   2   1   1   1  13   2   0   1   2  0.14 0.02
  209 S     1  -1   0   1  -2   2   0  -1  -1  -2  -2   0  -1  -3   2   2   0  -3  -2  -2   17   1   0  11   0  20   1   1   0   1   1   1   0   0  11  34   1   0   0   1  0.30 0.03
  210 F    -1  -2  -1   1  -2  -1  -1  -2  -2  -1   1  -1   0   2   4  -1   1  -1   0  -1    2   1   1  12   0   1   1   2   0   1  18   1   0  14  29   1  12   0   1   1  0.34 0.02
  211 G     0  -1   1  -1   3  -1  -1   3  -1   0  -2   1  -1  -2  -1   0  -1  -2  -2  -1    2   1  12   1   9   1   1  34   0  11   2  17   0   1   1   1   1   0   1   1  0.19 0.02
  212 E     0  -1   0   0  -2   0   1   2  -1  -3  -3   0  -2  -3  -1   3   0  -3  -2  -2    1   1   0   1   0   0  14  20   0   1   1   1   0   0   1  58   1   0   0   1  0.36 0.04
  213 G     1  -3  -1  -2  -3  -2  -2   5  -2  -4  -4  -2  -3  -4   3   0  -2  -3  -3  -3   10   0   0   0   0   0   0  74   0   0   0   0   0   0  16   0   0   0   0   0  0.88 0.06
  214 C    -1  -3  -3  -4   8  -2  -4  -3  -3   0   1  -3   4  -2  -3  -2  -1  -3  -2  -1    0   0   0   0  63   0   0   0   0   0  10   0  26   0   0   0   0   0   0   0  0.92 0.09
  215 I    -2  -4  -4  -4  -2  -3  -4  -4  -4   5   1  -3   1  -1  -3  -3  -1  -3  -2   2    0   0   0   0   0   0   0   0   0 100   0   0   0   0   0   0   0   0   0   0  0.61 0.08
  216 Y    -2  -2  -3  -4  -3  -2  -3  -4   1  -2  -2  -2  -2   3  -4  -2  -2   2   8  -2    0   0   0   0   0   0   0   0   0   0   0   0   0   0   0   0   0   0 100   0  1.24 0.11
  217 L    -2  -3  -4  -4  -2  -3  -3  -4  -3   1   4  -3   2   3  -3  -3  -2  -1   0   0    0   0   0   0   0   0   0   0   0   0  84   0   0  16   0   0   0   0   0   0  0.52 0.06
  218 D    -2  -2   1   7  -4  -1   1  -2  -2  -4  -4  -1  -4  -4  -2  -1  -2  -5  -4  -4    0   0   0 100   0   0   0   0   0   0   0   0   0   0   0   0   0   0   0   0  1.18 0.09
  219 M     2  -2  -3  -3   3  -2  -2  -2  -2   0   1  -2   2   2  -2  -1  -1  -2   0   0   39   0   0   0  10   0   0   0   0   0  21   0  14  16   0   0   0   0   0   0  0.20 0.04
  220 D    -2  -2   1   7  -4  -1   1  -2  -2  -4  -4  -1  -4  -4  -2  -1  -2  -5  -4  -4    0   0   0 100   0   0   0   0   0   0   0   0   0   0   0   0   0   0   0   0  1.18 0.09
  221 M    -1  -2  -3  -4  -2  -1  -3  -3  -2   2   2  -2   7   0  -3  -2  -1  -2  -2   1    0   0   0   0   0   0   0   0   0  15   0   0  85   0   0   0   0   0   0   0  0.63 0.09
  222 I     0  -3  -3  -3  -1  -2  -3  -3  -3   3   3  -3   1   0  -3  -2  -1  -3  -2   2   12   0   0   0   0   0   0   0   0  43  34   0   0   0   0   0   0   0   0  11  0.31 0.03
  223 L    -2  -2  -3  -3  -2  -2  -2  -4  -3   4   2   0   1   0  -3  -2  -1  -3  -2   2    0   0   0   0   0   0   0   0   0  56  30  15   0   0   0   0   0   0   0   0  0.29 0.04
  224 T    -1  -1   3   2  -2  -1  -1  -2  -1  -1   0  -1  -1  -2  -2   1   4  -3  -2  -1    0   0  23  15   0   0   0   0   0   0  12   0   0   0   0   0  50   0   0   0  0.32 0.04
  225 G    -1   0   0   3  -3   0   2   1  -1  -3  -3   3  -2  -3  -1   1  -1  -3  -3  -3    0   0   0  24   0   0  12  14   0   0   0  38   0   0   0  12   0   0   0   0  0.36 0.03
  226 K    -1   1  -1  -1  -4   1   0  -2  -1  -3  -3   5  -2  -4   4  -1  -1  -4  -3  -3    0   0   0   0   0   0   0   0   0   0   0  76   0   0  24   0   0   0   0   0  0.71 0.06
  227 L    -2  -3  -4  -4  -2  -3  -3  -4  -3   2   4  -3   2   0  -3  -3  -1  -2  -1   1    0   0   0   0   0   0   0   0   0  11  89   0   0   0   0   0   0   0   0   0  0.54 0.05
  228 G     0  -3  -1  -2  -3  -2  -3   6  -3  -4  -4  -2  -3  -4  -3  -1  -2  -3  -4  -4    0   0   0   0   0   0   0 100   0   0   0   0   0   0   0   0   0   0   0   0  1.22 0.07
  229 T     1  -1  -1   0  -2   0   3   1  -1  -1  -2   0  -1  -3  -2   0   2  -3  -2   0   12   0   0   0   0   0  38  12   0   5   0   0   0   0   0   0  25   0   0   8  0.23 0.03
  230 I    -2  -3  -4  -4  -2  -3  -3  -4  -4   5   2  -3   2   0  -3  -3  -1  -3  -2   3    0   0   0   0   0   0   0   0   0  75  10   0   5   0   0   0   0   0   0  10  0.46 0.06
  231 Y    -1  -1  -2  -2  -3   2   1  -3   1  -1  -1  -1  -1   1  -3   0  -1   1   6   0    0   0   0   0   0  14  11   0   0   0   0   0   0   0   0  10   0   0  54  11  0.42 0.06
  232 A     2  -2  -3  -3  -1  -2  -2  -2  -3   1   3  -2   1  -1  -2  -1   1  -2  -2   1   29   0   0   0   0   0   0   0   0  11  49   0   0   0   0   0  11   0   0   0  0.21 0.03
  233 P    -1   1  -2  -2  -2  -1  -2  -3  -2   0  -1  -1   2  -2   6  -1  -1  -3  -2   1    0  14   0   0   0   0   0   0   0   0   0   0  17   0  47   0   0   0   0  22  0.73 0.05
  234 D    -2  -1   1   5  -3   2   1  -2  -1  -1  -2  -1  -2  -3  -2  -1  -1  -4  -3   0    0   0   6  64   0  14   0   0   0   0   0   0   0   0   0   0   0   0   0  17  0.56 0.06
  235 G     0  -2  -1  -1  -3  -2  -2   6  -2  -4  -4  -2  -3  -3  -2   1  -1  -3  -3  -3    0   0   0   0   0   0   0  83   0   0   0   0   0   0   0  17   0   0   0   0  0.94 0.07
  236 I    -2  -3  -4  -4  -2  -3  -4  -4  -3   4   2  -3   1   3  -3  -3  -1  -1   0   2    0   0   0   0   0   0   0   0   0  59  17   0   0  25   0   0   0   0   0   0  0.40 0.05
  237 S     2  -2  -1  -1  -1  -1  -1   2  -2  -1   0  -1  -1  -2  -1   3   0  -3  -2  -1   34   0   0   0   0   0   0  15   0   0  14   0   0   0   0  36   0   0   0   0  0.26 0.04
  238 M     0  -3  -3  -3   3  -2  -3  -3  -3   2   1  -2   3   1  -3  -2  -1  -2  -1   3    6   0   0   0  11   0   0   0   0  10   0   0  25  10   0   0   0   0   0  39  0.25 0.04
  239 H     0  -1  -1  -2  -3  -1  -1  -2   7  -2  -2  -2  -2   2  -3  -1  -2   0   5  -2   14   0   0   0   0   0   0   0  46   0   0   0   0  11   0   0   0   0  30   0  0.64 0.09
  240 V    -1  -2  -2  -2  -1  -1   1  -3  -2   2   0  -2   0   2  -2  -1  -1  -2   0   3    1   1   1   1   0   1  15   1   0  11   1   1   0  15   1   1   1   0   1  47  0.15 0.04
  241 D    -1   2   2   4  -2   0   2  -1  -1  -3  -3   0  -2  -3  -1   1   0  -3  -2  -2    1  15  14  31   0   1  14   1   0   1   1   1   0   1   1  15   1   0   1   1  0.34 0.03
  242 R    -1   4   0   2   3   0   2  -2  -1  -2  -2   1  -2  -3  -1   1  -1  -2  -2  -2    1  38   1  14   9   1  15   1   0   1   1   1   0   1   1  12   1   0   1   1  0.30 0.04
  243 R    -1   2   1   0  -2   1   2  -2  -1   0  -1   3  -1  -2  -1   0  -1  -2  -2  -1    1  12  10   1   0   1  15   1   0  13   1  39   0   1   1   1   1   0   1   1  0.22 0.03
  244 N    -2  -2   4   5  -3  -1   0   2  -1  -4  -4  -1  -3  -4  -2   0  -1  -4  -3  -4    0   0  37  43   0   0   0  20   0   0   0   0   0   0   0   0   0   0   0   0  0.66 0.07
  245 D    -1   0   3   2  -3   0   2   3  -1  -4  -4   1  -3  -4  -2   0  -1  -4  -3  -3    0   0  27  11   0   0  19  26   0   0   0  16   0   0   0   0   0   0   0   0  0.42 0.05
  246 S     0   2  -1  -2  -2  -1  -1  -2   1   2  -1   0  -1  -2  -2   2   2  -3  -2   1    0  16   0   0   0   0   0   0   5  22   0   0   0   0   0  33  14   0   0  11  0.15 0.04
  247 V     1  -2  -2  -2  -2  -1  -2   1  -2   0   0   0   1  -2   4  -1  -1  -3  -2   1   13   0   0   0   0   0   0  16   0   0  14   9   6   0  24   0   0   0   0  19  0.28 0.03
  248 N     1  -1   4   0  -2   0  -1  -1  -1  -2  -2  -1  -1  -2  -1   3   0  -3  -2   0    9   1  36   1   0   1   1   1   0   1   1   1   0   1   1  36   1   0   0   9  0.30 0.05
  249 I    -1  -3  -3  -4  -2  -2  -3  -4  -3   4   2  -3   3   0  -3  -2  -1  -3  -1   2    0   0   0   0   0   0   0   0   0  47  18   0  21   0   0   0   0   0   0  15  0.38 0.04
  250 E    -1  -1  -1   1  -4   2   6  -3  -1  -4  -3   0  -3  -4  -2  -1  -1  -3  -3  -3    0   0   0   0   0   0 100   0   0   0   0   0   0   0   0   0   0   0   0   0  0.96 0.09
  251 N    -2  -1   7   1  -3   0  -1  -1   0  -4  -4  -1  -3  -4  -3   0  -1  -4  -3  -4    0   0 100   0   0   0   0   0   0   0   0   0   0   0   0   0   0   0   0   0  1.03 0.10
  252 S     1  -2  -1  -1  -2  -1  -2   5  -2  -3  -3  -1  -2  -3  -2   2  -1  -3  -3  -3   12   0   0   0   0   0   0  64   0   0   0   0   0   0   0  24   0   0   0   0  0.69 0.05
  253 A     1  -3  -3  -3  -1  -3  -3  -3  -3   4   2  -2   1  -1  -3  -2  -1  -3  -2   2   22   0   0   0   0   0   0   0   0  64  15   0   0   0   0   0   0   0   0   0  0.31 0.05
  254 I    -2  -4  -4  -4  -2  -3  -4  -4  -3   5   1  -3   1   2  -3  -3  -1  -2  -1   2    0   0   0   0   0   0   0   0   0  85   0   0   0  15   0   0   0   0   0   0  0.51 0.07
  255 I     4  -2  -2  -2  -1  -1  -2  -1  -2   1  -1  -1  -1  -2  -1   0   0  -3  -2   1   78   0   0   0   0   0   0   0   0  14   0   0   0   0   0   0   0   0   0   7  0.37 0.06
  256 V    -1  -3  -3  -4  -1  -3  -3  -4  -4   2   0  -3   0  -1  -3  -2   0  -3  -2   5    0   0   0   0   0   0   0   0   0   0   0   0   0   0   0   0   0   0   0 100  0.56 0.08
  257 N    -1  -1   4   4  -3   0   0  -1  -1  -3  -4  -1  -3  -4  -2   2   0  -4  -3  -3    0   0  36  42   0   0   0   0   0   0   0   0   0   0   0  22   0   0   0   0  0.61 0.05
  258 R    -2   6  -1  -2  -4   2   0  -3   0  -4  -3   2  -2  -3  -2  -1  -1  -3  -2  -3    0  87   0   0   0  13   0   0   0   0   0   0   0   0   0   0   0   0   0   0  0.84 0.06
  259 S     1   0   2  -1  -2  -1  -1  -1  -1  -3  -3   0  -2  -3   4   3   0  -3  -2  -2    8   5  16   0   0   0   0   0   0   0   0   0   0   0  23  48   0   0   0   0  0.49 0.04
  260 N    -2   3   4   0  -3   1   2  -2   3  -4  -3   1  -2  -3  -2   0  -1  -3  -1  -3    0  31  39   0   0   0  16   0  13   0   0   0   0   0   0   0   0   0   0   0  0.48 0.04
  261 H    -2  -1   0  -2  -4   0  -1  -3   9  -4  -3  -1  -2  -2  -3  -1  -2  -3   1  -4    0   0   0   0   0   0   0   0 100   0   0   0   0   0   0   0   0   0   0   0  1.28 0.09
  262 P    -1  -3  -3  -2  -3  -2  -2  -3  -3  -3  -3  -1  -3  -4   8  -1  -2  -4  -4  -3    0   0   0   0   0   0   0   0   0   0   0   0   0   0 100   0   0   0   0   0  2.20 0.07
  263 A     3  -2  -2  -3  -1  -2  -2  -1  -3   1   0  -2   0  -2  -2   0   0  -3  -2   3   56   0   0   0   0   0   0   0   0   0   0   0   0   0   0   0   0   0   0  44  0.29 0.04
  264 L    -2  -3  -4  -4  -2  -3  -3  -4  -3   1   5  -3   2   0  -3  -3  -2  -2  -1   1    0   0   0   0   0   0   0   0   0   0 100   0   0   0   0   0   0   0   0   0  0.58 0.05
  265 L    -1  -1  -2  -2  -2  -1   0  -3  -2   1   3   1   3   0  -3  -2  -1  -2  -1   0    0   0   0   0   0   0   8   0   0   8  54  14  16   0   0   0   0   0   0   0  0.23 0.03
  266 E     2   1  -1  -1  -2   1   2  -1  -1  -2  -2   3  -2  -3  -1   0  -1  -3  -2  -2   40   0   0   0   0   0  19   0   0   0   0  41   0   0   0   0   0   0   0   0  0.33 0.03
  267 G     0  -2  -1  -2  -3  -2  -2   6  -2  -3  -4  -2  -3  -3  -2   0   1  -3  -3  -3    0   0   0   0   0   0   0  84   0   0   0   0   0   0   0   0  16   0   0   0  0.91 0.05
  268 L    -2  -2  -4  -4  -2  -2  -3  -4  -3   2   4  -3   3   0  -3  -3  -1  -2  -1   1    0   0   0   0   0   0   0   0   0   0  83   0   8   0   0   0   0   0   0   8  0.48 0.04
  269 S    -1  -1   0   4  -3   1   3  -2  -1  -3  -3   1  -3  -4  -1   1  -1  -4  -3  -3    0   0   0  39   0   0  36   0   0   0   0   6   0   0   0  19   0   0   0   0  0.55 0.03
  270 F    -1  -3  -3  -2  -2  -2   1  -4  -2   3   1  -2   0   3  -3  -2  -1  -2   0   2    0   0   0   0   0   0  16   0   0  54   0   0   0  19   0   0   0   0   0  12  0.24 0.03
  271 M    -1  -2  -3  -4  -2  -1  -3  -3  -2   1   2  -2   8   0  -3  -2  -1  -2  -2   0    0   0   0   0   0   0   0   0   0   0   0   0 100   0   0   0   0   0   0   0  0.71 0.09
  272 H    -2   0   1  -1  -3   0   1  -2   7  -3  -3   2  -2  -1  -2  -1  -1  -2   3  -3    0   0   8   0   0   0   8   0  49   0   0  23   0   0   0   0   0   0  12   0  0.52 0.04
  273 S     0   2   2   0  -2   0  -1  -1  -1  -2  -2   0  -2  -3  -1   3   3  -3  -2  -2    0  16  17   0   0   0   0   0   0   0   0   0   0   0   0  39  28   0   0   0  0.34 0.03
  274 K    -1   3  -1  -1  -4   1   0  -2  -1  -3  -3   5  -2  -4  -2  -1  -1  -3  -2  -3    0  13   0   0   0   0   0   0   0   0   0  87   0   0   0   0   0   0   0   0  0.66 0.06
  275 V    -1  -2  -2  -2  -2  -2  -2  -2  -2   0  -1  -2  -1   3   3   1   1  -2   0   2    0   0   0   0   0   0   0   0   0   0   0   0   0  26  20  15  10   0   0  29  0.28 0.03
  276 D    -2  -1   0   5  -4   0   1  -2  -1  -3  -3   1  -3  -1  -2  -1  -1  -2   3  -3    0   0   0  67   0   0   0   0   0   0   0  13   0   0   0   0   0   0  20   0  0.64 0.06
  277 A     3  -2  -2  -2  -2  -1  -2   3  -1  -2  -2  -1  -2  -2   3   0  -1  -2   1  -1   49   0   0   0   0   0   0  26   0   0   0   0   0   0  15   0   0   0  10   0  0.40 0.04
  278 H    -2  -1   0   4  -3   0   0  -2   7  -2  -3  -1  -2  -2  -2  -1  -2  -3   0   0    0   0   0  33   0   0   0   0  52   0   0   0   0   0   0   0   0   0   0  15  0.57 0.06
  279 P    -1  -3  -3  -2  -3  -2  -2  -3  -3  -3  -3  -2  -3  -4   8  -1  -2  -4  -4  -3    0   0   0   0   0   0   0   0   0   0   0   0   0   0 100   0   0   0   0   0  2.22 0.09
  280 Y    -2  -2  -3  -4  -3  -2  -3  -4   1   1  -1  -2  -1   2  -3  -2  -2   2   7  -1    0   0   0   0   0   0   0   0   0  15   0   0   0   0   0   0   0   0  85   0  0.91 0.08
  281 Y    -1  -2   0  -2  -2  -1  -2  -3   0   1   0  -2   2   1  -3   0  -1   0   5   1    0   0   8   0   0   0   0   0   0   6   0   0  15   0   0  13   0   0  37  20  0.24 0.04
  282 D    -2  -2   0   6  -3  -1   1  -2  -2  -2  -2  -1   2   2  -2  -1  -1  -3  -1  -2    0   0   0  71   0   0   0   0   0   0   0   0  15  15   0   0   0   0   0   0  0.59 0.06
  283 G     0  -3  -1  -2  -3  -2  -3   5  -3  -2  -3  -2  -2  -2  -3  -1  -2   4  -2   0    0   0   0   0   0   0   0  77   0   0   0   0   0   0   0   0   0   8   0  15  0.79 0.05
  284 L    -2  -3  -3  -4  -2  -2  -3  -4  -2   2   2  -3   1   1  -3  -2  -1   6   3   2    0   0   0   0   0   0   0   0   0  23  28   0   0   0   0   0   0  15  15  19  0.40 0.03
  285 G     0   1  -1  -2   6  -1  -2   3  -2  -3  -2  -1  -2  -3  -2   0   1  -3  -3  -2    0  15   0   0  32   0   0  34   0   0   0   0   0   0   0   8  10   0   0   0  0.47 0.04
  286 K     0   0   3   0  -3   0   0   3  -1  -3  -3   3  -2  -3  -2   0  -1  -3  -2  -3   10   0  28   0   0   0   0  24   0   0   0  37   0   0   0   0   0   0   0   0  0.37 0.04
  287 G     2  -2  -1  -1  -2  -1   1   5  -2  -3  -3  -1  -2  -3  -2   0  -1  -3  -3  -2   25   0   0   0   0   0  15  60   0   0   0   0   0   0   0   0   0   0   0   0  0.61 0.04
  288 V    -1  -3  -4  -4  -1  -3  -3  -4  -3   3   3  -3   1   0  -3  -2  -1  -2  -1   3    0   0   0   0   0   0   0   0   0  19  47   0   0   0   0   0   0   0   0  34  0.38 0.03
  289 K    -2   5   0  -2  -4   1   0  -2   3  -3  -3   3  -2  -3  -2  -1  -1  -3  -1  -3    0  64   0   0   0   0   0   0  15   0   0  21   0   0   0   0   0   0   0   0  0.66 0.05
  290 K    -2   2   3   2  -4   2   0  -2   4  -4  -3   2  -2  -3  -2  -1  -1  -3  -1  -3    0  17  17  17   0  17   0   0  17   0   0  17   0   0   0   0   0   0   0   0  0.43 0.08
  291 Y    -2  -1  -1  -3  -3  -1  -2  -3   7  -3  -2  -2  -2   1  -3  -2  -2   0   6  -3    0   0   0   0   0   0   0   0  46   0   0   0   0   0   0   0   0   0  54   0  0.96 0.09
  292 F    -3  -3  -3  -4  -3  -3  -4  -4  -1  -1   0  -3  -1   7  -4  -3  -3   1   5  -1    0   0   0   0   0   0   0   0   0   0   0   0   0  82   0   0   0   0  18   0  0.98 0.08
  293 N    -1  -1   6   3  -3   0   0  -1   0  -4  -4  -1  -3  -4  -2   2   0  -4  -3  -3    0   0  63  18   0   0   0   0   0   0   0   0   0   0   0  19   0   0   0   0  0.67 0.06
  294 F    -1  -1  -2  -3   5  -1  -2  -1   0  -2  -1   1  -1   3  -3  -2  -2   0   5  -2    0   0   0   0  23   0   0   6   0   0   0  18   0  15   0   0   0   0  37   0  0.44 0.05
  295 T     0  -1   1  -1  -1  -1  -1  -1  -2   1  -1  -1  -1  -2  -2   3   3  -3  -2   0    0   0  10   0   0   0   0   0   0  18   0   0   0   0   0  46  26   0   0   0  0.28 0.05
  296 P    -1   1   2  -1  -2   1  -1   1  -1   0   1  -1   0  -2   2   0   0  -3  -2  -1    0   9  18   0   0  10   0  11   0  12  19   0   0   0  10   5   5   0   0   0  0.11 0.02
  297 L    -1   0   1  -1  -2  -1   1  -3  -2   2   2  -1   1  -1  -2  -1   0  -3  -2   0    0   6  13   0   0   0  18   0   0  19  37   0   0   0   0   0   6   0   0   0  0.13 0.03
  298 H    -2   2   0  -1  -4   1   1  -3   7  -3  -3   0  -2  -1  -2  -1  -2  -2   3  -3    0  18   0   0   0   6  13   0  51   0   0   0   0   0   0   0   0   0  11   0  0.63 0.06
  299 N    -1  -2   4   4  -3  -1   0   4  -1  -4  -4  -1  -3  -4  -2   0  -1  -4  -3  -4    0   0  32  31   0   0   0  37   0   0   0   0   0   0   0   0   0   0   0   0  0.63 0.05
  300 Y    -2  -1  -2  -3  -3   1  -1  -3   1  -2  -2   2  -1   2  -3  -2  -2   1   7  -2    0   0   0   0   0  11   0   0   0   0   0  19   0   0   0   0   0   0  70   0  0.73 0.08
  301 N     0  -1   4   0  -3   0   1   4   2  -4  -4  -1  -2  -3  -2   0  -1  -3  -2  -3   11   0  34   0   0   0  12  37   6   0   0   0   0   0   0   0   0   0   0   0  0.46 0.04
  302 H     0   0   0   3  -3   1   3  -1   3  -3  -3   2  -2  -3  -1   1  -1  -3  -1  -2   12   0   0  18   0   0  23   0  15   0   0  19   0   0   0  13   0   0   0   0  0.33 0.03
  303 F    -2  -2  -3  -3  -2  -2  -2  -3  -2   0   2  -2   0   6  -3  -2  -2   0   2  -1    1   1   1   1   0   1   1   1   0   1  21   1   0  63   1   1   1   0   1   1  0.48 0.04
  304 C     1  -4  -3  -4   9  -3  -4  -2  -3  -2  -2  -3  -2  -3  -3  -1  -1  -3  -3  -1   19   0   0   0  81   0   0   0   0   0   0   0   0   0   0   0   0   0   0   0  1.31 0.10
  305 D    -2  -1   2   4  -4   3   3  -2   0  -4  -3   0  -2  -4  -2   0  -1  -4  -3  -3    0   0  12  40   0  29  19   0   0   0   0   0   0   0   0   0   0   0   0   0  0.61 0.05
  306 F    -3  -3  -4  -4  -3  -4  -4  -4  -2   0   2  -4   0   7  -4  -3  -2   0   2  -1    0   0   0   0   0   0   0   0   0   0  18   0   0  82   0   0   0   0   0   0  0.84 0.08
  307 I    -2  -4  -4  -4  -2  -3  -4  -4  -4   6   1  -3   1  -1  -3  -3  -1  -3  -2   2    0   0   0   0   0   0   0   0   0 100   0   0   0   0   0   0   0   0   0   0  0.66 0.08
  308 E     1   0  -1   0  -3   1   4  -2  -1  -3  -3   3  -2  -3  -1   0  -1  -3  -2  -2   19   0   0   0   0   0  52   0   0   0   0  29   0   0   0   0   0   0   0   0  0.48 0.05
  309 F    -3  -3  -4  -4  -3  -4  -4  -4  -2  -1   0  -4   0   7  -4  -3  -3   0   3  -1    0   0   0   0   0   0   0   0   0   0   0   0   0 100   0   0   0   0   0   0  1.12 0.09
  310 K    -1   0   0  -1  -3   0   0  -2  -2  -3  -3   4  -2  -4   6  -1  -1  -4  -3  -3    0   0   5   0   0   0   0   0   0   0   0  46   0   0  48   0   0   0   0   0  0.98 0.06
  311 H     1  -1   0   1  -2  -1  -1  -2   7  -1  -2  -1  -1  -2  -2  -1  -1  -3   0   1   18   0   0  11   0   0   0   0  52   0   0   0   0   0   0   0   0   0   0  19  0.44 0.06
  312 P     1  -1   0   5  -3   0   2  -1  -1  -3  -3   0  -3  -4   2   0  -1  -4  -3  -3   18   0   0  49   0   0  17   0   0   0   0   5   0   0  10   0   0   0   0   0  0.54 0.04
  313 N    -1  -1   5   0   5  -1  -1  -1   2  -3  -3  -1  -2  -3  -2   1   0  -4  -2  -3    0   0  64   0  18   0   0   0   6   0   0   0   0   0   0  11   0   0   0   0  0.63 0.07
  314 M    -2  -3  -4  -4  -2  -3  -3  -4  -3   4   2  -3   3   2  -3  -3  -1  -2  -1   2    0   0   0   0   0   0   0   0   0  56  18   0  14  11   0   0   0   0   0   0  0.39 0.05
  315 I    -1  -2  -1   2  -2  -2  -1  -2  -2   3   1  -2   0   2  -2   1  -1  -2  -1   1    0   0   0  18   0   0   0   0   0  40   9   0   0  12   0  21   0   0   0   0  0.14 0.03
  316 M    -1  -2  -2  -3  -2  -1  -2  -3  -2  -1   0  -2   5  -2   6  -1   1  -3  -2  -1    0   0   0   0   0   0   0   0   0   0   0   0  46   0  43   0  11   0   0   0  0.80 0.07
  317 N    -2  -1   6   4  -3   0   0  -1   0  -4  -4  -1  -3  -4  -2   0  -1  -5  -3  -4    0   0  69  31   0   0   0   0   0   0   0   0   0   0   0   0   0   0   0   0  0.84 0.07
  318 T    -1  -1   0  -1  -2   2  -1  -2  -2  -1  -2  -1  -1  -3  -2   1   5  -3  -2  -1    0   0   0   0   0  18   0   0   0   0   0   0   0   0   0   0  82   0   0   0  0.58 0.08
  319 S     1  -1   0  -1  -1  -1  -1  -1  -1  -3  -3  -1  -2  -3  -1   5   1  -3  -2  -2    0   0   0   0   0   0   0   0   0   0   0   0   0   0   0 100   0   0   0   0  0.68 0.09
  320 Q    -1   0   0   0   2   4   2  -2  -1  -2  -2   1   0  -3  -2   1   1  -3  -2  -2    0   0   0   0   6  37  18   0   0   0   0  11   5   0   0  12  10   0   0   0  0.35 0.04
  321 Y    -2   1  -2  -3  -2  -1  -1  -3  -1   0   2   1   0   2  -3  -1   0   0   3  -1    0  10   0   0   0   0   0   0   0   0  29  18   0  13   0   0   9   0  21   0  0.19 0.03
  322 T     0  -1   3  -1  -2  -1  -1   1  -1  -2  -2  -1  -2  -3  -2   2   4  -3  -2  -1    0   0  18   0   0   0   0   9   0   0   0   0   0   0   0  11  61   0   0   0  0.43 0.06
  323 C     2  -1  -1  -2   3   2   0   0  -1   0  -1  -1  -1  -2  -2   1   0  -3  -2  -1   34   0   0   0  10  24   0   5   0  12   0   0   0   0   0  15   0   0   0   0  0.21 0.04
  324 S     1  -1   0  -1  -1  -1  -1  -1  -1  -3  -3  -1  -2  -3  -1   5   1  -3  -2  -2    0   0   0   0   0   0   0   0   0   0   0   0   0   0   0 100   0   0   0   0  0.68 0.09
  325 S     1  -1   0  -1  -1  -1  -1  -1  -1  -3  -3  -1  -2  -3  -1   5   3  -3  -2  -2    0   0   0   0   0   0   0   0   0   0   0   0   0   0   0  82  18   0   0   0  0.56 0.07
  326 W    -3  -4  -5  -5  -3  -3  -4  -3  -3  -4  -2  -4  -2   0  -5  -4  -3  12   2  -4    0   0   0   0   0   0   0   0   0   0   0   0   0   0   0   0   0 100   0   0  2.95 0.14

                      K         Lambda
Standard Ungapped    0.1373     0.3213
Standard Gapped      0.0418     0.2670
PSI Ungapped         0.1365     0.3175
PSI Gapped           0.0418     0.2670
