
Last position-specific scoring matrix computed, weighted observed percentages rounded down, information per position, and relative weight of gapless real matches to pseudocounts
            A   R   N   D   C   Q   E   G   H   I   L   K   M   F   P   S   T   W   Y   V   A   R   N   D   C   Q   E   G   H   I   L   K   M   F   P   S   T   W   Y   V
    1 M    -1  -1  -2  -3  -1   0  -2  -3  -2   1   2  -1   6   0  -3  -2  -1  -1  -1   1    0   0   0   0   0   0   0   0   0   0   0   0 100   0   0   0   0   0   0   0  0.33 0.00
    2 S     1  -1   1   0  -1   0   0   0  -1  -2  -3   0  -2  -2  -1   4   1  -3  -2  -2    0   0   0   0   0   0   0   0   0   0   0   0   0   0   0 100   0   0   0   0  0.45 0.00
    3 A     4  -1  -2  -2   0  -1  -1   0  -2  -1  -2  -1  -1  -2  -1   1   0  -3  -2   0  100   0   0   0   0   0   0   0   0   0   0   0   0   0   0   0   0   0   0   0  0.40 0.00
    4 L    -2  -2  -3  -4  -1  -2  -3  -4  -3   2   4  -3   2   0  -3  -3  -1  -2  -1   1    0   0   0   0   0   0   0   0   0   0 100   0   0   0   0   0   0   0   0   0  0.46 0.00
    5 I    -1  -3  -3  -3  -1  -3  -3  -4  -3   4   1  -3   1   0  -3  -3  -1  -3  -1   3    0   0   0   0   0   0   0   0   0 100   0   0   0   0   0   0   0   0   0   0  0.45 0.02
    6 T     0  -1   1   3  -1   0   0  -1  -1  -2  -2  -1  -2  -3  -1   3   3  -3  -2  -1    0   0   0  22   0   0   0   0   0   0   0   0   0   0   0  45  33   0   0   0  0.37 0.01
    7 H     0  -1   3   0  -2   0   0  -1   5  -3  -3   0  -2  -2  -2   3   0  -3   0  -2    0   0  22   0   0   0   0   0  33   0   0   0   0   0   0  46   0   0   0   0  0.41 0.02
    8 D    -1   0   0   4  -4   3   4  -2   0  -3  -3   0  -2  -3  -1   0  -1  -3  -2  -3    0   0   0  33   0  22  45   0   0   0   0   0   0   0   0   0   0   0   0   0  0.61 0.01
    9 R    -2   6  -1  -2  -4   1   0  -3   0  -3  -2   2  -2  -3  -2  -1  -1  -3  -2  -3    0 100   0   0   0   0   0   0   0   0   0   0   0   0   0   0   0   0   0   0  0.89 0.05
   10 S     0  -1   0  -1  -1  -1  -1  -1  -2  -2  -2  -1  -1  -3   3   3   3  -3  -2  -1    0   0   0   0   0   0   0   0   0   0   0   0   0   0  14  46  40   0   0   0  0.47 0.05
   11 T    -1  -2   3  -1  -2  -1  -1   2  -1  -1   0  -1  -1  -2  -2   0   1  -3  -2   0    0   0  32   0   0   0   0  22   0   0  14   0   0   0   0   0  19   0   0  13  0.20 0.03
   12 P    -1  -2  -2  -2  -2  -1  -1  -2  -2  -2  -1  -1  -2  -3   6   1  -1  -3  -3  -2    0   0   0   0   0   0   0   0   0   0  12   0   0   0  65  23   0   0   0   0  1.19 0.07
   13 V     1  -2  -1   1  -1  -2  -1  -2  -2   2   0  -2   0  -1  -2   0   0  -3  -2   3   12   0   0  13   0   0   0   0   0  12   0   0   0   0   0  12   0   0   0  52  0.18 0.04
   14 T     0  -2  -1  -2  -2  -2  -2   4  -2  -1   0  -1  -1  -2  -2   0   3  -3  -2  -1    0   0   0   0   0   0   0  43   0   0  12   0   0   0   0   0  45   0   0   0  0.42 0.05
   15 G     0  -2  -1  -2  -2  -2  -2   5  -2  -2  -3  -2  -2  -3  -2   1  -1  -3  -3   0    0   0   0   0   0   0   0  75   0   0   0   0   0   0   0  13   0   0   0  12  0.74 0.06
   16 S     0  -1   3   0  -2   0  -1  -1  -1  -2  -2  -1   1  -2  -2   3   2  -3  -2  -1    0   0  23   0   0   0   0   0   0   0   0   0  12   0   0  49  16   0   0   0  0.34 0.05
   17 L     1  -1  -1  -2  -2   3   0  -2  -1   1   1  -1   0  -2  -2   0   2  -2  -2   1   13   0   0   0   0  28   0   0   0  10  14   0   0   0   0   0  25   0   0  11  0.17 0.05
   18 V     1  -1   2  -1  -2   1  -1   1  -1  -2  -1  -1  -1  -3   4   1   0  -3  -2  -1   22   0  16   0   0   9   0   8   0   0   6   0   0   0  22  11   0   0   0   6  0.32 0.05
   19 P    -1  -2  -1  -1  -3  -1   0  -2  -2  -3  -3  -1  -3  -4   6   1   1  -4  -3  -2    0   0   0   0   0   0   7   0   0   0   0   0   0   0  62  18  13   0   0   0  1.23 0.12
   20 Y     2   1  -2  -2  -2  -1  -2  -2  -1  -1   1  -1   0   0  -2   0  -1  -1   3   0   33  12   0   0   0   0   0   0   0   0  21   0   0   0   0   9   0   0  19   7  0.16 0.07
   21 I     1  -3  -3  -3  -1  -2  -2  -3  -3   2   1  -2   0  -1  -2  -1   1  -3  -2   3   14   0   0   0   0   0   0   0   0  12   6   0   0   0   0   0  15   0   0  53  0.31 0.08
   22 E    -1  -1   1   0  -3   3   2   2  -1   0  -2   0  -1  -3  -2   0   1  -3  -2  -1    0   0   7   0   0  24  25  20   0  12   0   0   0   0   0   0  12   0   0   0  0.28 0.07
   23 T     1   0  -1   2  -2   1   0   0  -2  -2  -2  -1   1  -3   2   1   2  -3  -2  -1   17   5   0  16   0   7   0   6   0   0   0   0   9   0  10  10  19   0   0   0  0.22 0.07
   24 P    -1  -3  -2  -2  -3  -2  -2  -3  -3  -4  -4  -2  -3  -4   7   3   0  -4  -4  -3    0   0   0   0   0   0   0   0   0   0   0   0   0   0  66  30   4   0   0   0  1.55 0.26
   25 A     1  -2  -1   0  -2  -1   0   0  -2   1   0   0   0  -2   0   0   1  -3  -2   2   15   0   0   5   0   0   9   6   0   8   8   4   0   0   4   6   9   0   0  24  0.08 0.05
   26 P     2   1   1  -1  -3  -1   1   0  -2  -1  -3   1  -2  -3   4   0  -1  -4  -3  -2   28   8   8   0   0   0  13   4   0   4   0  10   0   0  25   0   0   0   0   0  0.43 0.12
   27 A     1   0  -1  -2  -2   2  -1  -2  -2  -2  -2  -1   1  -3   0   3   3  -3  -2  -2   14   4   0   0   0  12   0   0   0   0   0   0   8   0   4  34  24   0   0   0  0.37 0.15
   28 P     1  -1  -1   0  -3   1  -1   0   4  -3  -3   1  -2  -3   5   0  -1  -4  -2  -3   16   0   0   4   0   8   0   7  16   0   0   8   0   0  34   8   0   0   0   0  0.64 0.15
   29 L     0   1  -2  -2  -2   0   0  -3  -2   0   1   1   0  -2   1   0   1  -3  -2   1    5   9   0   0   0   3   7   0   0   4  16  14   0   0   6   3  14   0   0  19  0.12 0.07
   30 Q     1  -1  -1   1  -3   3   3  -2  -1  -2  -1   1  -1  -2  -2   0  -1  -2   1  -1   20   0   0   8   0  18  23   0   0   0   7   7   0   0   0   6   0   0   7   5  0.25 0.12
   31 T    -1  -1  -1  -1  -2   0   1   0  -2  -2  -2   0  -2   0   2   1   3  -3  -2   0    0   0   0   0   0   3  10   7   0   0   0   8   0   7  12  11  36   0   0   6  0.30 0.14
   32 Q    -1   1  -1  -1  -3   4   1   0   1  -2   0   0  -1   0   1  -1   1  -3  -2   0    0   7   0   0   0  32  10   6   3   0   8   4   0   5   7   0  10   0   0   8  0.24 0.13
   33 Q     0   1  -1  -1  -3   3   2  -3  -1  -1   1   1  -1  -2  -2   0  -1  -3  -2   0    8   6   0   0   0  25  18   0   0   0  19  11   0   0   0   4   0   0   0  10  0.25 0.13
   34 V     1  -2   0  -2  -2   0  -2  -2  -2   0   1  -2   0  -2  -2   0   3  -3  -2   2   17   0   4   0   0   6   0   0   0   0  20   0   0   0   0   6  27   0   0  18  0.23 0.14
   35 A     1   0   1   2  -2   2   0  -2  -2  -2  -3  -1  -2  -3   3   0   2  -4  -3  -1   17   6   5  14   0  13   3   0   0   0   0   0   0   0  16   6  16   0   0   4  0.33 0.13
   36 G     2   2   0  -2  -2   2  -1   1   2  -3  -1   1  -2  -3   1   1  -1  -3  -2  -2   21  13   3   0   0  12   0  14   6   0   6   9   0   0   6   9   0   0   0   0  0.22 0.11
   37 E     0   1   0   0  -2   2   2  -2  -1  -1  -1   1  -1   0  -2   2  -1  -3  -2  -1    7   6   3   3   0  12  14   0   0   3   8  11   0   6   0  24   0   0   0   5  0.16 0.11
   38 L     0  -2   0   2  -2  -1   0  -2  -2   0   1  -1   1  -2  -2   0   2  -3  -2   1    8   0   6  14   0   0   6   0   0   3  15   4   5   0   0   8  21   0   0  12  0.14 0.10
   39 K     1   0   0  -1  -2   1   1  -2   2  -2  -2   1  -1  -3   1   1   1  -3  -2  -1   20   5   3   0   0   6  11   0   8   0   3   9   0   0   8  11  11   0   0   6  0.20 0.10
   40 D     1   1  -1   1  -2   1   1   0   1  -2  -1  -1  -1   0   2   0   0  -3  -1   0   13   8   0   7   0  10  13   5   5   0   6   0   0   5  10   5   4   0   0   8  0.13 0.07
   41 K     1  -1  -1   0  -3   3   0   1   0  -2   0   2  -1  -3   1   1  -1  -3  -2  -2   13   0   0   4   0  20   0  13   3   0  13  18   0   0   5  10   0   0   0   0  0.21 0.14
   42 N     1   1   0  -1  -2   0   0   1  -1   0  -2   0  -1   0   2   1   0  -3  -2   0   17  13   4   0   0   6   7  11   0   6   0   0   0   5  11   8   6   0   0   7  0.13 0.07
   43 G     1  -2  -2  -2  -3   0  -1   4  -2  -3  -1  -2   0  -3   1  -1   1  -3  -3  -2   17   0   0   0   0   5   3  45   0   0   5   0   4   0   6   0  13   0   0   0  0.50 0.19
   44 G     2  -2   0   3  -3   1   0   1  -2  -1  -1   0   1  -3  -2   0   0  -3  -3  -2   23   0   3  24   0   7   4  12   0   4   5   5   5   0   0   2   5   0   0   0  0.23 0.13
   45 V     0  -2   0  -3  -2   1  -2  -3   1   1   1  -2   0  -1  -3   0   0  -2   2   3   10   0   4   0   0   9   0   0   4   8  11   0   0   0   0   5   5   0   8  36  0.22 0.16
   46 S     1   1  -1  -1  -3   1   1   2   1  -3  -2   1  -2  -3   0   1  -1  -3  -2  -2   15   8   0   0   0   9  13  17   5   0   4   8   0   0   4  17   0   0   0   0  0.26 0.14
   47 S     0   0  -1   0  -2  -1  -1   2   1  -2  -1   2  -1   1   0   1   1  -2   0  -2    7   5   0   4   0   0   0  16   4   0   8  18   0   9   4  13   8   0   3   0  0.12 0.10
   48 Q     1   2   0   1  -2   1   0   0  -1  -2  -1   1  -1  -2   1   1   0  -3   0  -2   15  13   2   8   0  10   4   4   0   0   8   6   0   0   6  14   4   0   4   0  0.15 0.10
   49 G     1   1   0   0  -3  -2  -2   5  -3  -4  -1  -1  -3  -4  -3   0  -2  -4  -4  -3   12  10   5   4   0   0   0  51   0   0   8   2   0   0   0   8   0   0   0   0  0.62 0.25
   50 V     2  -1  -3  -3  -2  -2  -2  -3  -3   3   0  -1  -1  -2  -1   1   0  -4  -3   3   21   4   0   0   0   0   0   0   0  22   4   3   0   0   2  15   3   0   0  26  0.30 0.20
   51 Q     2  -1  -1   0  -2   2   1  -1   0  -2  -2  -1  -2  -3   1   1   0  -4  -2   0   28   3   0   3   0  12   7   3   3   0   3   0   0   0   6  15   6   0   0   9  0.23 0.17
   52 L    -1   2  -1  -4  -3   0  -3  -1  -3  -1   3  -1   2  -2   0  -3  -2   2   0  -1    3  14   3   0   0   4   0   6   0   0  48   3   6   0   6   0   0   4   3   0  0.36 0.24
   53 P     0   0   0   1  -4   1   0   0   4  -3  -2  -2  -2  -1   4  -2  -1  -4  -2  -1    7   5   4  11   0   8   3   9  13   0   5   0   0   3  27   0   2   0   0   4  0.44 0.21
   54 A     1   1   0   0  -3   2   0   1  -2  -2  -1   0  -2  -3   3   0  -1  -4  -3  -1   16   8   3   4   0  11   3   9   0   0   9   6   0   0  20   5   3   0   0   3  0.28 0.15
   55 P     0  -1  -4  -4   3   0  -3  -2  -4  -4  -1   0  -4  -5   7  -1  -3  -5  -4  -4    8   2   0   0   6   4   0   3   0   0   6   7   0   0  60   3   0   0   0   0  1.36 0.46
   56 L    -1  -1   0  -1  -2   0   0  -1   0   0   2   0   0   0  -1   0   0  -3  -2   0    3   2   5   2   0   3   6   5   3   5  28   5   1   3   3  10   8   0   0   6  0.05 0.08
   57 A     3  -1   0  -2  -3   0  -2   2  -3  -2  -3  -2  -3  -3   3   1  -2  -4  -1  -1   34   3   4   0   0   5   0  17   0   2   0   0   0   0  18  10   0   0   3   3  0.46 0.25
   58 V     2  -1   0   1  -2   1   0   1  -2  -1  -1  -1  -2  -3  -1   0  -1  -3  -3   1   26   3   3  10   0   6   8  14   0   0   6   0   0   0   3   6   0   0   0  16  0.19 0.16
   59 V     1   0  -2  -1  -2  -1  -2  -1   0   0   0  -1  -1  -3   2   2   0  -3  -2   1   11   7   0   2   0   2   0   3   2   7   8   2   0   0  11  22   5   0   0  17  0.17 0.15
   60 A     1   0   3   0  -3   1   0   1  -2  -2  -3   0  -2  -3  -1   1   0  -3  -1   0   16   5  17   5   0   8   3  13   0   0   0   3   0   0   2  13   5   0   2   7  0.22 0.16
   61 S     0   0  -1   1  -3   3   1   1  -2  -2  -1   0  -2  -3  -1   0   1  -3  -1  -1    7   5   2  10   0  21   9  13   0   2   4   2   0   0   3   3  11   0   3   6  0.19 0.16
   62 Q     0   1   2   2  -3   2   1   0   0  -2  -2   0  -2  -2  -2   0   2  -3  -2   0    8   8  10  12   0  13   7   6   3   0   3   2   0   2   0   5  15   0   0   9  0.18 0.15
   63 V     1   0  -1  -3  -2  -2  -2  -2  -3   1   1  -2   1  -1   2   0   1  -3  -2   2   15   5   3   0   0   0   0   0   0   7  15   0   4   2  10   8  11   0   0  19  0.19 0.15
   64 T     1  -1   0  -1  -2   0  -1   2   0  -1   0   0  -1  -3   3   0   1  -3  -2  -2   14   3   4   2   0   5   3  15   2   3  10   7   2   0  15   4  10   0   0   0  0.19 0.12
   65 E     1   1   0   1  -3   2   3  -1  -2  -1  -2   0  -2  -3   1  -1   0  -3  -3   0   14   7   5   8   0  11  22   3   0   3   3   2   0   0   8   2   3   0   0   9  0.22 0.15
   66 G     1   0   0   1  -2   0   1   1  -2  -1  -1   0  -1  -3   1   0   0  -3  -2   0   16   5   5   7   0   5  10  12   0   0   7   6   0   0   5   5   6   0   0   9  0.11 0.08
   67 Q     1   1   0  -1  -2   2   1   0  -2   0   0   0  -1  -1   1   0   0  -3  -2  -1   17   9   4   3   0  14   8   5   0   6   8   3   0   3   5   8   4   0   0   4  0.10 0.10
   68 Q     1   2  -1  -1  -3   3   0  -1   0  -2   0   0   0  -1  -3   0   0   1  -2  -1   15  15   2   2   0  18   2   4   3   0  11   3   2   3   0   7   8   2   0   5  0.16 0.16
   69 Q     2  -1   1   1  -3   4   1   0   0  -3  -2   1  -2  -4  -1   0   0  -4  -3  -1   21   0   8   7   0  23   7   5   3   0   2  10   0   0   2   3   5   0   0   5  0.31 0.23
   70 E     1  -1   0   0  -3   0   2  -1   2   0  -1   0  -1  -3   0   1  -1   0  -2  -1   16   2   3   3   0   4  22   5   7   7   5   4   2   0   4  10   2   1   0   4  0.15 0.14
   71 I     0  -1  -3  -1   0  -1  -2  -2  -3   2   1  -2   2  -1   0  -1   0  -3  -2   2   11   4   0   4   2   2   2   2   0  12  15   0   6   2   4   2   7   0   0  23  0.15 0.14
   72 T     2  -1  -2   1  -3   0   1   1  -3  -3  -2  -1  -1  -4  -1   1   3   1  -3  -2   18   2   0   8   0   4  12  11   0   0   2   2   2   0   1  10  27   2   0   0  0.33 0.25
   73 K     0   3  -1   0  -3   1   0   0   0  -1  -2   1  -2  -2  -2   2   1  -4  -2  -1    9  19   0   4   0   7   4   6   2   3   3  11   0   1   0  18   9   0   0   4  0.21 0.17
   74 L     1  -2  -2  -3  -3  -1  -1  -3  -1   1   3  -2   1  -2  -2  -1   0  -3  -3   0   13   2   2   0   0   2   4   0   2   9  45   2   2   0   1   4   7   0   0   5  0.33 0.24
   75 L     1  -1  -1  -1   0   0   0  -2  -2   0   2  -1   0  -1  -1   0   1  -2   1   0   13   2   2   2   2   4   5   1   0   3  26   3   2   2   2   5  12   0   7   7  0.09 0.13
   76 E     0   1   1   0  -3   2   2   0   0  -3  -2   1  -2  -4   0   2   1  -4  -3  -3    7   6   8   3   0  14  13   5   2   0   3  10   0   0   3  15  10   0   0   0  0.27 0.19
   77 S     2   0   1  -2   0   0   0   1  -2  -1  -1   0  -2  -3  -2   2   1  -4  -3   0   19   5   9   0   2   5   4  10   0   3   5   3   0   0   1  18  10   0   0   5  0.18 0.16
   78 V     2  -1  -3  -2  -2   0  -1  -2  -3   1   0  -1   1  -1  -3  -1   1  -3  -2   2   22   3   0   1   0   6   4   3   0   8   9   2   4   2   0   2  11   0   0  23  0.19 0.19
   79 T     1  -2   0  -1  -3   0  -1   2  -2  -2  -1  -1   1  -1   3   0   1  -1   0  -2   11   0   5   2   0   4   2  18   0   0   5   4   6   3  19   8   9   1   4   2  0.27 0.18
   80 R     0   1   0  -1  -3   2   1   2   0  -3  -2   1  -2  -3   2   0   0   0  -3  -2    4   9   2   3   0  10   8  21   3   0   5   7   0   0  12   6   5   2   0   3  0.25 0.17
   81 G     2  -1  -1   0  -3   1  -2   2  -3  -1  -2  -1   0  -2   1   2  -1  -4  -3   0   25   2   2   4   0   7   0  18   0   3   2   2   3   2   6  16   2   0   0   5  0.26 0.21
   82 T     1  -2   0   0  -3   1   0   1  -2  -1   0  -1  -1  -3   3   1   1  -4  -3   0   10   0   5   4   0   8   5  11   0   3   9   1   1   0  14   9   8   0   0   9  0.18 0.15
   83 A     2  -1  -1   0  -3   0  -1   0  -1  -3  -2   0  -2   0   2   2   1  -3  -2  -2   26   2   1   6   0   5   2   7   1   0   3   5   0   5   9  18   7   0   0   2  0.24 0.20
   84 G     1  -1   0   0  -3  -1   0   3  -1  -2  -1   0   0  -2   1   0   0  -3  -3  -1   12   2   5   6   0   1   8  24   1   2   4   4   3   2   8   8   4   0   0   5  0.19 0.13
   85 S     1  -1   0   1  -2  -1   0   0  -2  -1  -1   0   0  -2   1   1   2  -3  -2   0   16   3   4   9   0   1   5   5   0   3   3   7   2   1   6  12  15   0   0   8  0.13 0.12
   86 Q     1   0   1  -1  -2   1   0   0   1  -1  -2   0  -1  -1   2   1   1  -3  -2   0   15   3   7   2   0   8   5   6   4   3   2   5   2   2   9  15   7   0   0   6  0.14 0.12
   87 L     0  -1   1   0  -2  -1  -1  -1  -2   0   1  -1   0  -1   2   0   1   0  -1   0    8   4   7   7   0   0   3   4   0   7  15   4   2   3  11   8   9   1   1   6  0.08 0.08
   88 I     1   0   0   0   0   1   0   0  -2   0   0   1  -1  -1   0   0   0  -3  -1   0   18   6   3   4   3   8   5   5   0   9   7  10   0   3   3   4   4   0   2   7  0.04 0.07
   89 S     1   0   2   0  -3   0  -1   0  -2  -2   0   0  -1  -3   1   2   0  -4  -3  -1   10   6  11   5   0   4   1   8   0   0  10   5   1   0   7  21   5   0   0   5  0.16 0.15
   90 N     1  -1   2   0  -3   0   0   2  -2  -1  -1   0  -2  -1   0   1   0  -3  -2  -1   10   2  10   5   0   3   5  22   0   3   6   5   0   4   5  12   5   0   0   3  0.18 0.14
   91 Y     1   0  -1   0  -1   0  -1   0  -1  -1   0   0  -1   0   0   1   0  -3   0  -1   18   4   1   5   1   5   2   5   1   4  11   5   1   4   3  17   4   0   3   4  0.07 0.10
   92 V     1   0  -1  -2  -3   0  -1   1  -2   0  -1   0   0  -3   3   1   0  -3  -2   1   16   6   3   0   0   3   1  12   0   5   3   6   2   0  17  10   6   0   1  10  0.22 0.15
   93 S     2  -2  -1  -2   0   1  -1  -2  -3  -2  -1   0  -2  -3   3   2   0  -4  -2  -1   22   1   3   1   2   7   3   0   0   2   7   5   0   0  13  23   6   0   1   4  0.30 0.24
   94 V     0  -1  -1  -1  -1   0  -1  -1   0   1   1  -1   0  -1   2   1   0  -3  -2   0    6   1   3   4   1   4   3   5   3  11  16   3   1   1   9  16   5   0   0   8  0.08 0.10
   95 L     1  -1  -1  -1  -2  -1  -1  -1  -2   0   2  -1   1   0   0   1   0  -3  -1   0   11   4   4   4   0   3   2   5   0   5  29   2   2   3   4  11   4   0   1   7  0.09 0.12
   96 T     1  -2   1   0  -1  -1  -1   0  -1  -1   0  -1   0  -1   2   1   2  -3  -1  -1   11   0   7   5   1   2   3   5   2   2  11   2   2   3  10  13  17   0   1   4  0.14 0.14
   97 N     0   0   0   2  -3  -1   0  -1  -2  -1   0   1  -1  -1   1   1  -1  -3  -1  -1   10   3   4  14   0   1   7   4   0   2  13  11   0   2   7  12   2   0   2   4  0.11 0.12
   98 F     1  -3  -1  -2   0  -2  -1  -2  -1   0   1  -2   3   2   2  -2   0  -3  -1   0   11   0   3   2   2   0   5   3   1   5  17   2  12  12  11   1   6   0   0   8  0.17 0.17
   99 T     1   1   0  -1  -3   0   0  -1  -1  -1  -1   0   0  -3   3   1   1  -4  -3  -2   11   8   4   3   0   3   7   4   2   3   7   4   2   1  19  11  10   0   0   1  0.24 0.16
  100 L     0  -1   1   1  -3   0  -1  -1  -1  -1   1   0   1  -1   0   0   0  -3  -2  -1    9   3  10  10   0   6   2   2   2   1  23   6   4   2   5   7   6   0   0   3  0.09 0.13
  101 A     0   1   0  -1  -2   0  -1   0  -2   1   1   0   2   0   0   0   0  -3  -2   0    9   8   3   2   0   3   3   6   0   9  16   7  11   5   4   7   4   0   0   3  0.06 0.10
  102 S     1  -2   1   2  -3  -1   0  -2  -3  -1  -2  -1   2  -4   0   3   0  -4  -3  -1   10   1   7  13   0   1   6   2   0   3   2   3   7   0   4  34   4   0   0   4  0.34 0.28
  103 P     1  -3  -1  -1  -3  -1  -1   0  -3  -1  -1  -1   1  -1   4   1   0  -4  -3   0   15   0   3   3   0   3   2   8   0   2   4   3   6   3  24  11   5   0   0   8  0.33 0.22
  104 D     0  -1  -1   4  -4   1   2   0  -2  -1  -2  -2   0  -4  -1  -1   0  -4  -4  -2   10   3   0  30   0   7  18   6   0   4   4   0   3   0   3   3   6   0   0   2  0.40 0.27
  105 T     1  -1  -1   4  -3  -1   1  -1  -3  -1   0  -2   2  -3  -2   1   0  -4  -3  -1   14   2   1  27   0   2  11   3   0   3  11   1   6   0   1   9   5   0   0   3  0.29 0.24
  106 F     0  -3  -3  -4  -3  -1  -3  -1  -3   1   3  -3   3   3  -4  -1  -1   0   1   1    6   0   1   0   0   2   0   5   0   9  29   1  10  13   0   3   4   1   4  12  0.33 0.23
  107 E     0  -2   1   2  -3   1   3  -1  -2  -1  -1   0   1   0  -3   1   0  -4  -2   0    9   0   6  12   0   4  24   3   0   3   4   3   4   4   0  12   5   0   1   6  0.22 0.20
  108 I     0  -1   0  -2  -2  -1  -2  -3  -3   2   2  -1   2  -1  -3   0   0   1  -1   2    9   2   5   2   0   2   1   0   0  13  23   4   9   1   0   5   6   2   2  15  0.18 0.17
  109 E     2   0  -1   0  -3   1   2  -3  -2  -1   1   0   2  -2  -3   1  -1  -3  -2  -1   18   5   2   3   0   6  15   0   0   3  13   5   9   1   0  13   3   0   1   2  0.17 0.19
  110 L    -1  -4  -3  -5  -4  -4  -3  -4  -5   1   5  -4   3   0  -5  -2  -3  -4  -3   1    5   0   1   0   0   0   1   1   0   6  64   0   8   3   0   2   1   0   0   7  0.91 0.45
  111 G     2   0   0  -1  -3   2   0   1  -2  -2  -1  -2   1  -2  -3   0   2  -3  -2   0   25   5   4   2   0  11   5   9   0   1   7   0   4   1   0   6  14   0   1   5  0.19 0.20
  112 K     1  -1  -2   0  -3   2   2  -1  -2  -1   0   1  -1  -1  -2   1   0  -3  -2   0   14   1   0   3   0  11  18   3   0   2   8  10   1   2   0  12   5   0   1   8  0.18 0.19
  113 L     0  -4  -4  -3  -3  -3  -3  -4  -4   3   3  -4   3  -1  -4  -2  -1  -4  -3   2    9   0   0   1   0   0   1   0   0  15  40   0   8   2   0   3   3   0   0  18  0.57 0.33
  114 V     0   1  -2  -3   0   3  -1  -1  -2   0   0   0   3  -2  -3   0   2  -3  -3   0    9   8   1   0   2  17   1   3   0   6   8   4  11   1   0   7  15   0   0   7  0.20 0.22
  115 S     1  -2   1   1  -1   0   0   1  -2  -1  -1  -1   0  -3  -2   2   1  -4  -3  -1   10   0   8   6   1   4   6  12   0   3   7   2   2   0   1  21  11   0   0   3  0.18 0.17
  116 N    -1   1   0   0  -4   1   1  -2  -2  -3  -2   5   1  -4  -3   1   0  -4  -3  -3    5   5   4   4   0   6   8   1   0   1   4  41   4   0   0  11   4   0   0   1  0.51 0.33
  117 L    -1  -3  -1  -4   0  -1  -3  -1  -3   1   3  -3   4   0  -4   0   0  -3  -2   1    5   0   3   0   2   3   0   5   0   8  30   0  17   4   0   6   7   0   0  11  0.34 0.26
  118 E     1   1  -1   0  -2   3   1   0  -2  -1  -1   2   0   0  -3   1  -1  -3  -2  -2   10   6   2   4   1  22   8   6   0   3   5  13   2   4   0   9   2   0   1   1  0.22 0.20
  119 E    -1   0   2   3  -4   2   3   0  -2  -4  -3   0  -3  -3  -2   0  -1  -5  -4  -3    5   4  11  21   0   8  24   7   0   0   3   6   0   1   1   5   3   0   0   1  0.44 0.28
  120 V     1  -1   1   0  -2   1   1  -1  -1   1   0   0   0  -1  -2   1   1  -3  -2   0   15   2   6   5   0   6  11   4   1   9  12   4   2   2   0   9  10   0   0   3  0.09 0.12
  121 R    -1   2  -2  -3  -4   5   0  -2  -2   0  -1   1   3  -2  -3  -1   0  -4  -3  -1    5  13   1   0   0  32   5   2   0   5   4   6  10   2   0   3   7   0   0   5  0.45 0.34
  122 K     0  -1   0   0  -2  -1   0   1  -2   1   0   0   1  -2  -2   1   0  -3  -2   0   10   2   4   5   0   1   8  14   0   9  13   8   5   1   0   9   7   0   0   5  0.08 0.10
  123 D     1   2  -1   1  -4   1   2  -3  -2  -2  -2   3  -3  -4  -3   0   0  -4  -3  -2   12   9   1   9   0   6  17   0   0   2   3  28   0   0   0   7   4   0   0   1  0.42 0.29
  124 I     1  -2   0  -2  -2   1  -1  -2  -1   1   1  -2   1   1  -3   2   2  -3  -2   0   11   0   4   1   0   7   3   1   1   9  14   1   5   7   0  18  13   0   0   6  0.15 0.17
  125 K     1   1   1   1  -3   1   0   0  -1  -2  -1   2   0  -3  -2   1   0  -4  -3  -2   18   6   8   8   0   8   6   7   1   1   4  14   3   0   0   9   5   0   0   1  0.19 0.17
  126 I     0   1  -1  -2   1   1   1  -2  -2   1   0   3   1  -3  -3   0   1  -4  -3   0    6   6   2   1   4   8   9   2   0   9  12  22   3   0   0   4   8   0   0   4  0.17 0.18
  127 A     0   0   2   2  -3   1   3   0  -1  -2  -2   1  -2  -4  -1   0   0  -4  -3  -1    8   5  12  11   0   8  21   5   1   2   4   9   0   0   2   4   5   0   0   3  0.25 0.19
  128 D     0   1   0   2  -3   2   0   1   0  -3  -2   2  -1  -4  -3   1   0  -4  -1  -2    9   7   2  14   0  10   5  10   2   0   2  17   2   0   0  10   7   0   2   2  0.24 0.19
  129 I    -1  -4  -4  -3  -1   0  -3  -5  -4   5   2  -3   2   0  -4  -2  -2  -4  -2   2    5   0   0   1   1   5   1   0   0  40  22   1   6   3   0   2   1   0   1  12  0.62 0.34
  130 Q    -2   1   1   1  -4   2   3  -2   0  -4  -1   3  -2  -4  -3   0  -2  -4  -3  -2    2   6   7   8   0  10  26   1   2   0   7  20   1   0   0   7   1   0   0   2  0.44 0.29
  131 R     0   0   3  -1  -3   1   0  -1   1   1  -1   0  -1  -2  -3   1   1  -4  -2   0    7   6  17   2   0   9   4   3   3   9   7   3   1   1   0  13   9   0   1   5  0.14 0.16
  132 L     0   0   1   2  -3   1   0  -1  -2   0   1  -1   1  -2  -3   0   1  -1  -3  -1   10   4   8  14   0   7   6   4   0   6  16   3   5   0   0   3  10   1   0   3  0.11 0.14
  133 H    -1   4  -1  -1  -4   4   0  -1   0  -2  -2   2   1  -3  -3  -1   0  -4  -3  -1    3  28   2   3   0  21   3   4   3   2   2  14   4   1   0   2   5   0   0   5  0.48 0.31
  134 E     1  -1   0   1  -4   2   3  -2  -2  -1  -1   1  -1  -3  -3   0   0  -4  -3  -1   12   1   4   8   0  13  29   1   0   3   5  10   1   1   0   5   5   0   0   3  0.35 0.25
  135 Q     1   0   0   0  -4   4   3  -2  -2  -2  -1   3  -2  -4  -3   0  -1  -4  -2  -2   11   2   3   4   0  22  20   2   0   2   5  19   0   0   0   5   2   0   1   3  0.40 0.29
  136 N    -1   2   3  -1  -4   3   0  -2  -1  -2  -1   2   1  -1  -3   0  -1   0  -1  -2    4  11  16   2   0  18   4   2   1   2   5  16   5   2   0   5   2   1   2   1  0.29 0.23
  137 M    -2   2  -1   0  -4   2   3  -3  -2  -1   0   2   0  -1  -3  -1  -1  -3   0  -1    2  15   2   6   0  12  22   0   0   4   9  12   3   2   0   3   3   0   3   3  0.29 0.22
  138 K     1   0   0   1  -3   3   2  -2  -1  -2  -1   2  -2  -3  -3   0   1  -4   0  -2   14   2   3   6   0  18  13   1   1   1   7  16   0   0   0   4   9   0   3   2  0.28 0.24
  139 K     2   1   2  -1  -4   4   1  -3  -1  -2  -1   2   0  -4  -3  -1  -1  -4  -3  -2   20   8  10   1   0  21   8   0   1   2   4  16   3   0   0   2   2   0   0   2  0.38 0.29
  140 I    -2  -2   1  -3  -2   1  -2  -4   4   2   1  -2   4   0  -4  -1  -1  -3  -1   0    2   1   8   0   1   8   1   0  12  18  14   1  16   4   0   4   4   0   1   4  0.33 0.27
  141 E     0   0   1   2  -4   3   4  -1  -2  -4  -3   3  -3  -5  -3  -1  -1  -4  -4  -3   10   3   5   9   0  12  30   4   0   0   1  19   0   0   0   3   3   0   0   1  0.53 0.32
  142 E    -1   0   0   2  -5   1   5  -3   0  -2  -2   2  -1  -4  -3  -2  -1  -5  -4  -3    6   4   4   9   0   6  43   1   1   2   4  14   2   0   0   0   3   0   0   1  0.62 0.37
  143 N    -1   3   3  -2  -2   2  -1  -3   1  -1   0   1  -1  -1  -3  -1  -1  -3   1  -1    4  18  16   0   1  13   1   0   3   4  10  11   2   1   0   4   2   0   6   3  0.27 0.23
  144 Q     0   2  -2  -1  -2   3   1  -2   0   1   1   1   3  -3  -3   0  -1  -4  -3  -2    8  10   1   2   0  20   9   2   2   8  13   7  10   0   0   5   2   0   0   0  0.25 0.24
  145 E     1   0  -1   1  -4   2   4  -2  -2  -3  -2   2  -3  -4  -3  -1   0  -4  -3  -2   11   3   2   8   0   9  32   1   0   1   4  18   0   0   0   3   5   0   0   3  0.44 0.27
  146 K    -1   0  -1   0  -5   3   1  -4  -1  -2  -4   5  -3  -5  -3  -1  -1   0  -4  -4    3   3   1   3   0  17   8   0   1   2   0  54   0   0   0   3   3   1   0   0  0.88 0.44
  147 I    -2  -1  -3  -4  -3  -2  -2  -5  -2   5   2  -2   3  -2  -1  -3  -1  -4  -3   0    3   4   1   0   0   1   2   0   1  43  24   2  10   0   2   0   3   0   0   3  0.61 0.33
  148 K     0   1  -1   3  -4   2   3  -2  -2  -2  -3   3  -2  -4  -3  -2  -2  -4  -3  -1    9   5   2  16   0  12  21   1   0   2   1  24   1   0   0   0   1   0   0   5  0.46 0.28
  149 E    -1  -1  -2   2  -5   1   5  -4  -3  -5  -4   3  -4  -5  -3  -1  -2  -5  -4  -4    5   1   0  10   0   4  56   0   0   0   1  19   0   0   0   3   1   0   0   0  1.02 0.47
  150 T     4  -3  -1  -2  -1   1  -1  -2  -3  -1  -2  -1   0  -1  -3   2  -1   4  -1  -2   46   0   2   1   1   9   2   0   0   3   2   3   3   3   0  15   1   6   2   1  0.49 0.33
  151 E     1   0  -2  -2  -3   1   2  -3   0   3  -1   0   0  -2  -1  -1  -1  -1  -1   1   13   4   0   0   0   9  21   0   2  24   4   5   1   1   2   3   2   1   1   7  0.22 0.21
  152 E     0   0   0   3  -5   1   4  -2  -2  -5  -5   3  -4  -5  -3  -2  -2  -5  -4  -4    9   3   2  16   0   4  36   2   0   0   0  26   0   0   0   1   2   0   0   0  0.74 0.38
  153 N     2   1   1   0  -4   1   0  -3   0  -1  -3   5   0  -4  -3  -1  -2  -5  -3  -1   18   6   6   4   0   5   4   0   2   3   0  44   3   0   0   1   0   0   0   4  0.56 0.34
  154 A     2  -1   0  -1   1   3   1  -1   0   0   0  -1   2  -1  -3   0  -2  -3  -2  -1   24   2   3   2   4  17   9   3   2   7   7   2   9   3   0   4   0   0   0   2  0.18 0.20
  155 K     1   1   0   2  -4   2   3  -2   0  -3  -4   3  -3  -4  -1  -1  -2  -4  -3  -3   12   5   3  13   0   8  22   2   2   1   0  26   0   0   2   2   0   0   0   0  0.46 0.26
  156 Q     0   0  -1   1  -4   2   4  -3  -2  -4  -4   4  -1  -4  -3   0  -1  -4  -3  -3    6   4   2   9   0   8  28   0   0   0   0  28   2   0   0   6   3   0   0   0  0.56 0.30
  157 V     4  -1  -2  -3  -2   0   0   0  -3  -1  -2  -1   1  -3  -3   1  -1  -4  -3   0   53   2   1   0   0   5   5   4   0   4   2   2   5   0   0  10   1   0   0   5  0.50 0.32
  158 K    -1   2   0   0  -4   2   2   0  -2  -2  -3   4  -3  -4  -3  -1  -2  -4  -3  -3    4  10   3   4   0  11  12   8   0   3   1  40   0   0   0   3   0   0   0   0  0.54 0.30
  159 K     0   1  -1  -2  -4   0   0  -2  -3   0  -2   5  -2  -2  -3   0   0  -4  -3  -1    8   5   2   1   0   2   5   1   0   7   2  49   0   1   0   6   4   0   0   5  0.52 0.32
  160 S     3  -1  -1  -3  -3  -1  -2   1  -3  -3  -3   2   1  -1  -3   2  -1   6  -2  -3   29   2   2   0   0   1   0  10   0   0   1  15   4   3   0  15   2  16   0   0  0.56 0.33
  161 G     1   0   0  -1  -4   0  -1   5   0  -5  -4  -1  -4  -4  -3   2  -2  -4  -4  -4    9   4   5   3   0   3   4  50   2   0   0   3   0   0   0  15   0   0   0   0  0.74 0.34
  162 M    -1   0  -1  -1   2  -1   1  -2  -1   2   0   2   0   0  -3  -2  -1   1  -2   1    1   4   2   2   5   0  10   3   1  20  10  20   2   3   0   1   2   2   0  11  0.15 0.17
  163 A     1  -3  -4  -4  -3  -3  -4  -3  -3   2   1  -2   0   4  -2   0  -1   6  -1   0   12   1   0   0   0   0   0   1   0  13  15   2   2  24   2   6   2  13   0   7  0.49 0.28
  164 S     1  -2   0  -1  -3   1  -1   3  -3  -3  -2   0   0  -4  -3   2   1  -4  -3  -2   14   0   3   3   0   6   3  30   0   0   5   4   3   0   0  21   7   0   0   3  0.37 0.24
  165 K     1   1   0  -2  -4   0  -1   0  -3  -3  -2   5   0  -4  -3   1   0  -4  -3  -1   10   6   4   1   0   3   1   6   0   0   3  45   2   0   0   9   5   0   0   6  0.46 0.30
  166 I     0  -5  -5  -5  -3  -4  -5  -5  -5   6   1  -4  -1   1  -5  -4  -3   0  -3   3    8   0   0   0   0   0   0   0   0  53   8   0   0   5   0   0   0   2   0  25  1.00 0.44
  167 F    -3  -5  -5  -6  -1  -5  -5  -5  -4   0   1  -5   0   8  -6  -2  -4   3   0  -1    2   0   0   0   1   0   0   0   0   4  10   0   2  70   0   3   0   3   0   4  1.58 0.58
  168 G     0  -3   0   2  -4   1  -1   4  -3  -5  -5   0  -4  -5  -3   2  -1  -5  -4  -4    4   0   3  13   0   7   3  44   0   0   0   7   0   0   0  17   1   0   0   0  0.72 0.35
  169 W     0  -5  -6  -7  -5  -5  -6  -5  -1   0  -2  -3  -4   1  -6  -3  -3  11   2  -2    7   0   0   0   0   0   0   0   1   5   3   1   0   4   0   2   1  68   5   2  2.73 0.81
  170 L    -1  -4  -5  -5  -3  -4  -5  -5  -5   5   2  -4   0  -1  -4  -4  -2  -4  -3   3    4   0   0   0   0   0   0   0   0  50  23   0   1   2   0   0   0   0   0  19  0.91 0.38
  171 I     2  -3  -2  -3  -3  -2  -3   4  -3   0  -2  -2   0  -2  -3   1   1  -4  -3   0   26   0   1   0   0   1   0  32   0   4   1   1   4   1   0  12   8   0   0   9  0.44 0.25
  172 A     3  -2  -2  -3  -2  -1  -2   0  -3  -1  -1   0  -1  -2   0   1   1  -4  -3   0   40   1   1   0   0   2   0   6   0   3   6   6   1   2   4  13  10   0   0   5  0.30 0.22
  173 I     3  -4  -4  -4  -2  -3  -3   0  -4   3   0  -3  -1  -1  -3  -1  -2   0  -3   3   33   0   0   0   0   0   0   6   0  24   8   0   0   3   0   1   0   1   0  24  0.49 0.29
  174 A     2  -3  -4  -4  -2  -3  -3  -2  -4   2   2  -3  -1   1  -3  -1  -1  -3  -2   3   28   0   0   0   0   0   0   1   0  13  21   0   0   7   0   3   1   0   0  26  0.42 0.26
  175 S     2  -2  -2  -1  -3   0   1   0  -1  -2  -1  -1   2  -3  -2   3   1  -4  -3  -1   23   0   0   2   0   3  12   6   1   1   4   1   9   0   0  25  11   0   0   1  0.31 0.24
  176 V     2  -3  -3  -4  -2  -3  -3  -2  -3   3   1  -3   0   1  -3  -2   1   0  -1   3   23   0   0   0   0   0   0   1   0  23  10   0   2   6   0   0   9   1   1  23  0.37 0.23
  177 V     1  -4  -4  -4  -3  -4  -4  -1  -4   4   0  -4  -1  -1  -2  -3  -2  -4  -3   4   14   0   0   0   0   0   0   4   0  31   3   0   0   2   2   0   0   0   0  43  0.70 0.34
  178 I     3  -3  -3  -3  -2  -2  -3   0  -3   2   0  -3   2   0  -3   0   0  -3   0   2   30   0   0   0   0   0   0   7   0  12   7   0   6   3   0   5   4   0   3  23  0.29 0.21
  179 G     2  -3  -1  -3  -1  -3  -3   5  -3  -3  -2  -3  -1  -4  -3   1  -1  -4  -4  -2   24   0   2   0   1   0   0  52   0   0   3   0   2   0   0  10   3   0   0   2  0.82 0.34
  180 A     4  -3  -3  -3   0  -3  -3   1  -3   1  -1  -3  -2  -2  -1  -1  -1  -4  -3   2   47   0   0   0   1   0   0   8   0   9   3   0   0   1   3   3   3   0   0  19  0.46 0.28
  181 I     3  -3  -3  -3  -1  -3  -3  -1  -3   2   1  -3   0   0  -2  -1  -1  -3  -2   3   29   0   0   0   1   0   0   4   0  16  10   0   1   3   1   2   1   0   0  28  0.36 0.23
  182 M     1  -2  -2  -3  -1  -2  -2  -3  -3  -1   3   1   4  -1  -3  -1   0  -3  -2   0   17   1   1   0   1   0   2   0   0   0  32  11  17   1   0   3   7   0   0   5  0.31 0.22
  183 V     1  -3  -3  -3   2  -3  -3  -2  -3   3   1  -3   2   0  -3  -1   1  -3  -2   3   12   0   0   0   6   0   0   1   0  24   7   0   7   3   0   3   9   0   0  24  0.33 0.19
  184 A     4  -3  -3  -3  -1  -3  -3  -1  -3   0   0  -3  -1   0  -3  -1  -1  -1  -2   3   48   0   0   0   1   0   0   4   0   2   9   0   0   4   0   0   3   1   0  25  0.51 0.32
  185 S     2  -3  -1  -3  -2  -2  -1  -2  -3   0   0  -2  -1  -2  -3   0   5  -3  -3   0   19   0   1   0   0   0   3   2   0   6   7   0   1   1   0   5  44   0   0   7  0.48 0.30
  186 G     1  -3  -1  -2   0  -2  -3   5  -3  -2  -2  -2  -1  -3   0  -1   1  -3  -3  -1   13   1   2   1   2   0   1  51   0   2   2   1   2   0   5   3   9   0   0   3  0.64 0.27
  187 V     1  -2  -2  -2  -1  -2  -2   1  -3   1   0  -2   1  -1  -1  -1  -1  -3  -2   4   13   1   2   2   1   1   1  13   0   8   7   1   3   1   2   1   2   0   1  39  0.26 0.18
  188 G     0  -3   0  -1  -1  -2  -1   5  -3  -1  -2  -2   1  -1  -2  -1   0  -3  -3  -1    7   1   4   3   1   1   3  51   0   3   3   1   5   3   1   2   6   0   0   5  0.55 0.24
  189 A     3  -2   0  -2  -2   1  -1   0  -2  -1  -1  -2   0  -3   1   0   0  -3  -3   1   41   0   4   1   0   7   2   6   0   2   5   0   3   0   6   6   3   0   0  12  0.28 0.21
  190 V     2  -3  -2  -3  -2  -2  -2   2  -3   0   0  -2   0  -1   2   0   0  -3  -2   1   29   0   0   0   0   0   0  15   0   6   8   1   2   2  10   3   6   0   1  16  0.25 0.18
  191 A     4  -3  -2  -2   0  -2  -2   1  -2   0  -1  -2   0  -2  -2   1   0  -1  -2   1   43   0   0   2   1   1   0   9   1   3   4   0   2   2   1   9   4   1   0  15  0.32 0.23
  192 G     1  -3   0  -1  -3  -3  -2   5  -3  -3  -2  -2  -1  -1  -1  -1  -1  -4  -3  -1   11   0   5   2   0   0   1  55   0   1   2   1   1   3   2   4   3   0   0   6  0.69 0.30
  193 A     3  -3  -1  -3  -1  -2  -2   1  -3   0  -1  -2  -1  -3   1  -1   0  -1  -3   1   38   0   2   0   1   0   0  13   0   7   5   2   1   0   8   2   6   1   0  11  0.30 0.21
  194 M     1  -3  -3  -2   1  -2  -3  -2  -3   1   2  -2   3   0   2  -1  -1  -3  -2   1   12   0   0   2   3   1   0   2   0   7  27   0  14   3  11   4   3   0   0  10  0.26 0.18
  195 M     0  -3  -3   0  -3  -1  -2  -2  -3   0   3  -2   5   0  -3  -2  -2  -3   0   0    9   0   0   7   0   2   2   3   0   2  36   1  25   2   0   1   1   0   4   5  0.46 0.29
  196 I    -1  -3  -3  -4   0  -3  -3  -2  -4   4   2  -2   2   1  -4  -3  -1  -3  -2   2    3   0   1   0   2   0   1   3   0  35  24   3   6   6   0   0   1   0   0  13  0.46 0.25
  197 A     5  -3  -3  -3  -1  -3  -2  -1  -4   0  -1  -3  -1  -4  -1  -1   0  -4  -3   1   66   0   0   0   1   0   2   3   0   4   5   0   2   0   2   1   5   0   0   8  0.74 0.40
  198 S     4  -3  -2  -3   0  -2  -2   3  -2  -2  -1  -2   1  -2  -2   0   0  -4  -2   0   42   0   1   0   2   0   1  22   1   1   5   0   4   1   1   4   6   0   1   7  0.42 0.28
  199 G     2  -3  -2  -2  -3  -3  -3   5  -3  -2  -1  -3  -3  -4  -2   0   0  -4  -4  -2   22   0   1   1   0   0   0  52   0   1   8   0   0   0   2   4   5   0   0   3  0.78 0.36
  200 V     2  -3  -3  -4   2  -2  -3   0  -4   1   1  -3   0  -2  -3  -1   0  -4  -3   4   19   0   0   0   5   2   0   8   0   6  12   0   1   1   0   2   6   0   0  37  0.38 0.26
  201 I     1  -3  -2  -2  -2  -2  -3  -2  -3   3   1  -2   3   0  -2  -1   0   0  -1   1   16   0   1   2   0   1   0   3   0  22  15   1  10   4   2   3   6   1   1  12  0.21 0.17
  202 G     1  -2  -1   0  -3  -1  -1   4  -3  -1  -1  -1   2  -2  -3   1   1  -3  -3  -1    9   0   1   5   0   3   3  36   0   2   6   3   8   1   0  13   9   0   0   2  0.35 0.23
  203 M     0  -3  -3  -4  -1  -3  -2  -3  -3   2   2  -2   3   1  -3  -2   0  -3  -2   2   10   0   0   0   1   0   2   1   0  16  27   1   9   5   0   2   5   0   0  20  0.36 0.22
  204 A     2  -3  -3  -3   0  -3  -3   0  -3   2   0  -2   0  -2  -3  -1   1  -4  -2   3   25   0   0   0   2   0   0   9   0  11   8   1   1   0   0   3   9   0   1  27  0.32 0.24
  205 N     1  -1   2   1  -1  -1  -1   1  -1  -2  -1   1   1  -3  -2   1   1  -3  -3  -1   12   2  14   8   1   1   2  11   1   1   5  10   7   0   0  14   8   0   0   3  0.16 0.15
  206 M     2  -1  -1  -1   0   2   0  -1  -1   0   0   0   3  -1  -2   0   0  -3  -2   0   19   1   1   3   2  16   6   3   1   7   5   3  12   2   0   7   6   0   0   6  0.15 0.17
  207 A     2  -3  -3  -2   0  -2  -2  -1  -3   3   1  -2   1   0  -2   0   0  -3  -2   2   19   0   0   1   2   0   2   5   0  24  10   0   5   3   1   8   6   0   0  13  0.21 0.17
  208 V     2  -2  -1  -1   0  -1  -1  -1  -2   1   1  -1   3  -1  -2   0   0  -3  -2   1   21   0   2   4   2   3   2   3   0   9  13   2  12   2   0   5   7   0   0  14  0.14 0.14
  209 K     1   1   0   0  -2   2   2  -1  -1  -2  -2   1  -1  -3  -2   1   1  -3  -2   0   15   6   5   3   0  13  13   4   0   0   2  12   2   0   0   9   8   0   1   7  0.19 0.15
  210 Q     1  -1  -1   0  -2   1   2  -2   0  -1  -1   0   1  -2  -2   1   1   2  -1   0   10   0   1   3   0   8  16   1   2   2   7   7   5   0   0  13  12   3   1   7  0.15 0.14
  211 A     3  -2  -2  -2   0  -2   0   0  -1  -1   0  -1   2  -2  -1   1   2  -3  -2   0   32   0   1   1   2   0   5   5   1   1   9   2   8   1   2   8  14   0   0   6  0.22 0.20
  212 A     2  -2  -1  -1  -2  -2  -1   3  -3   0   0  -1  -1  -2   0   0   0  -3  -3   0   22   0   3   2   0   1   4  27   0   5   8   2   1   1   4   6   6   0   0   6  0.25 0.19
  213 E     1  -1  -1   0  -2   0   0   1   0   0   0   1   0  -2  -2   0   1  -3  -1   0   11   1   1   4   0   4   7  15   2   4  11   9   3   0   1   6   9   0   2  10  0.07 0.08
  214 D     2  -2   0   3  -1   0   0   0  -2   0  -1  -1  -1   0   0   1  -1   0  -2   0   19   0   2  19   2   4   4   5   0   7   4   3   2   5   4   9   2   2   1   5  0.13 0.13
  215 G     1  -1   2   2   0  -1   0   2  -2  -3  -1   1  -1   0   0   0  -1   0  -2  -2   11   2  10  14   2   1   4  20   0   1   5   9   2   4   3   6   2   2   0   1  0.18 0.14
  216 L     1  -1  -1  -1  -2   0   0   1  -1   0   0   0   2   0   0   0   0   0  -2   0   12   1   2   3   0   2   9  12   2   7  10   8   8   4   5   5   5   1   0   3  0.05 0.08
  217 I     0  -2  -2   1   0  -1   0  -1   0   2   1  -1   1  -1  -1   0   0  -1  -2   1    9   1   1   9   2   1   5   5   3  18  14   5   6   1   2   4   7   1   0   7  0.06 0.09
  218 S     1  -1   1   1   0  -1   0   2  -1  -1  -1  -1  -1  -2   1   1   0  -3  -1  -1   12   2   9   7   2   1   4  16   1   4   6   3   1   1   7  15   4   0   1   4  0.13 0.11
  219 Q     1  -1   0   1  -3   0   2   1   0  -1  -2   1   0  -2   0   1  -1   1  -2  -2   13   2   5   8   0   3  14  12   2   4   2  12   2   1   4   9   3   3   0   1  0.16 0.13
  220 E     1  -1   0   2  -3   0   3  -1  -1  -2  -1   2  -2  -2  -1   0   0  -1  -2  -1   12   1   3  11   0   3  26   4   1   1   5  13   0   2   2   6   5   1   1   3  0.25 0.19
  221 A     2  -2  -1  -1   0  -1  -1   1  -2   0  -1   0   1  -1  -1   0   1  -1  -1   1   20   0   3   3   2   2   2  12   0   4   4   9   6   3   2   4  10   1   1  12  0.08 0.12
  222 M     1  -1  -1   0   0   0   0   0  -2   0   0   0   3   0  -2   0  -1   1   1   0   18   2   2   6   3   3   5   7   0   5   6   6  13   4   1   4   2   2   5   5  0.06 0.11
  223 Q     0   0   0   0  -3   2   2  -1  -1  -2  -1   3  -2  -2  -1   0   0  -3  -1  -1    5   4   4   4   0   8  17   5   1   2   5  23   0   1   2   5   6   0   2   4  0.22 0.17
  224 V     1  -1  -1  -2  -2  -1   0   0  -1   0   0   1   0   0  -1   0   0   3   0   1   17   1   2   1   0   2   5   5   1   7   7  15   3   5   2   5   3   5   3  11  0.07 0.10
  225 L     0  -2  -3  -1   0  -2  -1  -2  -3   2   2  -1   3   2  -2  -1  -1   0  -1   1   10   1   0   4   2   1   3   3   0  17  22   3   9   9   1   2   2   1   1   8  0.19 0.16
  226 G     1  -2   1   0  -1   0   0   4  -2  -1  -1  -1   1  -3  -3  -1   0  -3  -2  -2   14   1   6   5   1   4   5  38   0   4   6   3   4   0   0   3   5   0   1   1  0.38 0.23
  227 P     0  -1   0   1  -2  -1   0  -1  -2  -2  -2   3   0  -3   3   0   0   2   0  -1    6   0   4   9   1   1   6   5   0   1   3  23   2   0  14   6   7   3   3   3  0.24 0.19
  228 I     2  -2  -2  -1  -2  -1  -2  -1  -2   2   0  -1   2  -1  -1   0   0  -1  -2   2   18   0   1   2   0   1   2   5   1  12   8   3   8   2   2   4   7   1   0  22  0.17 0.16
  229 L     0  -2  -1   0  -2   0  -1  -1  -1   1   1  -1   3   0  -1  -1   0  -1  -2   1   11   0   1   6   0   5   3   6   1   6  15   4  13   3   2   3   7   1   0  12  0.09 0.13
  230 T     0  -2  -1  -3  -3  -1  -1   0  -3   1   0   1   5  -1  -1   0   1  -3  -3  -1    9   0   2   0   0   2   3   9   0   8   6  13  21   2   2   7  11   0   0   2  0.24 0.24
  231 A     2  -2  -2   0  -3  -2  -1   3  -3  -1  -1   0  -1  -2  -3   0  -1   2   0   0   24   0   1   5   0   0   4  24   0   2   4   8   2   2   0   5   2   3   4  10  0.25 0.21
  232 I     1  -4  -3  -4   1  -2  -3   0  -4   4   1  -3   0   1  -4  -1  -1  -1  -2   3   11   0   1   0   2   1   0   8   0  27  14   0   2   5   0   3   2   1   0  21  0.37 0.25
  233 E     1  -1  -1  -1  -3   4   2   1  -2  -1  -1  -1   2  -2  -1  -1   0  -4  -3  -1   12   2   2   2   0  22  15  10   0   3   7   2   7   1   2   2   5   0   0   5  0.25 0.24
  234 V     0  -2  -3  -2  -1  -1  -3   0  -3   3   1   0   3  -1  -2  -2   0  -1  -2   2    7   0   0   2   1   2   1  10   0  22  12   6   9   2   2   1   5   1   0  16  0.21 0.18
  235 A     3  -3  -3  -1  -1  -1  -2   2  -3   1   0  -2   0  -2  -2  -1  -1  -3  -2   1   35   0   0   2   1   2   2  20   0   7   7   2   2   1   2   3   2   0   1   9  0.32 0.25
  236 L     0  -2  -2  -1   0   0  -2   0  -2   2   2  -1   1   1  -2  -1  -1  -1  -1   1    7   0   1   3   2   4   1   7   0  12  22   3   5   8   1   4   3   1   1  14  0.11 0.11
  237 T     3  -2  -1  -2  -3   0   1   2  -2  -1  -2   0   0  -2  -2   1   1  -3  -2  -1   27   1   3   0   0   3  10  17   0   2   3   5   3   2   0  10   9   0   1   3  0.24 0.20
  238 V     1  -3  -2  -3   0  -2  -2  -1  -3   3   1  -2   1   1  -1  -1   0  -3  -2   3   11   0   1   0   2   1   2   4   0  20  13   2   4   7   2   3   4   0   0  24  0.26 0.19
  239 V     2  -2  -2  -1   0  -2  -1   1  -3   1   1  -1   1   0  -3   0  -1  -1  -2   2   22   1   1   3   1   0   3   9   0   6  14   2   4   3   0   6   2   1   0  19  0.16 0.16
  240 S     2  -2  -1  -1   0  -1  -1   2  -3  -1  -1   0   0  -3  -2   2   1   0  -3  -1   19   0   2   3   2   1   3  17   0   4   7   7   3   0   1  17   8   1   0   3  0.19 0.18
  241 T     2  -2  -2  -2  -1  -2   0   0  -2   1   2  -2   2  -1  -3   0   0  -3  -2   1   18   1   1   1   1   0   6   6   1   9  21   1   8   3   0   7   4   0   0  11  0.17 0.17
  242 V     3  -3  -3  -2  -2  -1  -2   1  -3   1   1  -2   1  -1  -2  -1  -1  -1  -3   2   27   0   0   2   0   2   1  10   0   9  11   1   5   3   1   3   3   1   0  21  0.26 0.23
  243 M     1   0  -2  -2  -1  -1  -2  -2  -1   1   2  -2   2   0  -3  -1  -1  -3  -2   2   16   5   1   2   1   2   2   3   1   8  19   1   6   4   0   5   1   0   0  22  0.18 0.18
  244 T     1  -2   0   1  -3  -1   0   2  -2   0  -1   0   1  -1  -2   1   2  -3  -3  -1   10   0   3   8   0   2   6  19   0   5   6   4   5   2   1  11  14   0   0   4  0.15 0.15
  245 F     1  -2  -2  -3   0  -2  -2   0  -3   1   1  -2   1   3  -1  -1  -1   0   0   0   14   2   1   1   2   0   2   7   0  11  17   2   5  19   2   2   3   1   1   6  0.18 0.17
  246 G     1  -2   0   1  -1  -2  -1   3  -3   0  -1  -1   0  -1  -2  -1   0  -3  -3   1   11   2   3   8   1   1   4  30   0   5   6   2   4   2   1   3   5   0   0  11  0.22 0.18
  247 G     2  -1  -1  -1  -3  -1  -1   3  -3  -2  -2   1  -2  -1   1   1  -1  -3  -3   0   17   2   2   2   0   2   3  28   0   2   4   9   1   3   8   8   4   0   0   6  0.27 0.20
  248 S     2  -1   0  -2  -1   0   0   2  -1  -1  -2   0   0  -2  -1   2   0  -3  -2  -2   23   2   4   1   1   3   6  18   1   3   3   5   3   1   2  15   6   0   1   1  0.21 0.18
  249 A     3  -3  -2  -1  -2  -2  -2   1  -3   1   0  -1   1  -1  -1   0  -1  -4  -3   1   33   0   1   4   0   1   2  11   0   8   8   3   5   2   2   4   3   0   0  12  0.24 0.22
  250 L     2  -1  -2  -1  -2  -1  -1   0  -2   1   1  -1   1  -1  -3  -1   0   1  -2   1   25   4   0   3   0   3   3   6   1   6  18   2   3   3   0   3   4   2   0  13  0.14 0.16
  251 K     2  -1   1   0  -3   0   0   2  -2  -2  -1   1  -2  -3  -3   1   0  -4  -3  -1   18   2   8   4   0   5   6  20   0   1   7  10   0   0   0  11   4   0   0   4  0.22 0.19
  252 C     1  -1  -1  -1  -1  -1   0   2  -1  -1   0   1   0  -1  -1   0   0  -1  -2   0   17   2   3   2   1   1   6  18   1   4   8  11   3   2   2   5   4   1   1   8  0.09 0.11
  253 L     2  -2  -2  -1  -2  -1  -1   0  -1   2   0  -1   2   0  -2   0   0  -3  -1   1   21   1   0   4   0   2   3   6   1  14   9   2   7   4   0   9   4   0   2  11  0.12 0.15
  254 A     3  -3  -2  -2  -3  -2  -2   1  -3  -1  -1  -1  -1  -2   1   1   0  -1  -3   0   36   0   0   2   0   1   2  11   0   4   7   2   1   1   6  11   6   1   0   7  0.31 0.25
  255 D     0   1   0   0   0   2   1   1  -2  -2  -3   2  -1  -4  -3   0   0  -4  -3   0    8   8   4   6   2  11   7  10   0   1   0  18   2   0   0   8   6   0   0   8  0.21 0.19
  256 I     2  -1  -3  -3  -3  -1   0   0  -3   2   1   0   3  -2  -3  -1  -1  -1  -3   2   21   2   0   0   0   3   6   8   0  14  11   5   9   1   0   2   3   1   0  14  0.21 0.20
  257 G     2  -1  -2  -1  -3  -1  -2   3  -3   1  -1   0   0  -2  -1   0   0  -4  -3   1   20   2   0   4   0   2   2  24   0   9   6   6   2   2   2   5   6   0   0   9  0.21 0.22
  258 A     3  -2  -2  -2   0   0   0   2  -3   0  -2   0  -1  -2  -1   1   1  -4  -3   0   28   1   1   1   2   3   6  15   0   6   2   6   1   1   2   8   8   0   0   7  0.22 0.23
  259 K     2  -1   0  -1  -3   1   0   1   0  -2  -3   3   0  -2  -2   0   0   1  -3   0   19   2   5   2   0   6   3  11   2   2   0  23   3   1   1   5   5   2   0   7  0.23 0.25
  260 L     1  -2  -2  -2  -2   0  -2  -1  -3   2   1  -1   2   0  -1   0   0   0  -2   2   16   1   1   2   0   4   2   6   0  13  10   3   8   3   2   6   5   1   0  17  0.13 0.18
  261 G     2  -3  -1   0  -1  -1  -1   2  -3   0  -2  -2  -1  -1   0   1   1   0  -1   0   26   0   2   4   1   1   3  18   0   6   3   2   1   3   4   9   9   2   2   5  0.21 0.22
  262 A     1  -2  -1   0  -3   0   0   2  -2   0  -1   0   0  -1  -1   1   1  -3  -2  -1   15   0   2   6   0   3   7  18   0   6   4   7   3   4   3  12   8   0   0   3  0.14 0.16
  263 N     2   0   0  -1  -3   1   0   1   0  -1  -1   1   0  -3  -2   0   2  -3  -1  -1   20   3   3   3   0   7   7  11   2   3   4   9   3   0   0   5  13   0   1   5  0.15 0.18
  264 T     3  -2  -2   0  -2   0  -2  -1  -3   1   0  -1   1  -1  -1   0   0  -3  -3   2   27   2   1   5   0   3   2   4   0  11   6   4   4   2   2   4   6   0   0  17  0.19 0.22
  265 A     3  -2  -1  -1  -3   0   0   1  -3   0   0   0   1  -3  -2   0   0  -3  -3   1   27   1   2   3   0   5   7  10   0   6   7   5   5   0   1   6   4   0   0   9  0.16 0.20
  266 S     1  -1   0  -2  -3   1   1   1  -2  -1   0   1   3  -3  -3   1   1  -3  -3   0   13   2   4   0   0   7  10   9   0   3   7   7  10   0   0  10  11   0   0   5  0.16 0.21
  267 L     0  -2  -2  -2   0   0   0   0  -3   1   1   0   2  -1  -3  -1   1   0  -1   2    9   0   1   2   2   3   6   8   0   8  15   7   6   1   0   4  10   1   1  16  0.09 0.14
  268 A     4  -1  -1  -2  -3  -1   0   1  -3   0   0   0  -2  -3  -1  -2   0  -4  -3   1   38   3   2   1   0   3   5  10   0   5   8   5   0   0   2   0   5   0   0  12  0.32 0.31
  269 A     2  -3  -1  -2  -3   0  -1   2  -3   0   0  -1   2  -1  -3   0   1  -4  -3   1   20   0   2   1   0   4   3  14   0   6   6   3   7   2   0   6  10   0   0  13  0.18 0.21
  270 K     1  -1   0  -1  -1   0   0   1  -1   0  -1   2   0  -2  -2   0   1  -3  -1  -1   16   2   4   3   1   2   5  11   1   5   3  18   3   1   0   8  10   0   2   3  0.13 0.17
  271 G     2  -2  -1  -1  -3  -1  -2   1  -3   1   0  -2   1  -1  -2  -1   1  -3  -2   2   24   2   2   2   0   2   2  13   0   9   8   2   4   3   1   2   8   0   1  15  0.18 0.21
  272 A     3  -2  -2  -2  -1  -1  -1   3  -3  -1  -1  -1  -1  -4   0   0   0  -4  -4   0   33   1   2   1   1   3   3  22   0   2   6   3   2   0   4   5   6   0   0   6  0.36 0.30
  273 E     1  -1   0   0  -2   0   1  -1  -2   0   0   1   1  -2  -1   0   0  -3  -2   0   17   0   4   4   0   5  12   4   0   6   9  11   6   1   1   7   4   0   0   7  0.10 0.14
  274 F     2  -2  -2  -1  -2  -2  -1   0  -1   1   0   0   1   0  -1   0   1   0  -2   1   23   0   0   3   0   0   4   5   1   9   8   8   5   5   2   4   7   1   0  14  0.12 0.17
  275 S     3  -2  -1  -2   0   0  -1   0  -3   0   0  -1   1  -2  -3   0   1   0  -3   2   27   1   3   1   2   3   3   7   0   5   6   2   5   1   0   6   9   1   0  15  0.19 0.21
  276 A     2  -1   0  -1  -1   0   0   1  -2   0  -1   0   1   0  -2   0   0  -3  -2   0   23   2   4   2   1   4   5  14   0   6   6   4   4   4   0   5   7   0   0   8  0.12 0.15
  277 K     2  -1   0  -1  -2   0  -1   0  -2   0  -1   1   1  -2  -2   1   0  -3  -2   1   17   1   4   4   0   4   3   7   0   6   4  11   6   1   1  14   5   0   1  10  0.11 0.15
  278 V     2  -3  -1  -2  -2  -2  -2   0  -3   1   1  -1   2  -1  -3   0   1  -3  -1   1   20   0   2   1   0   0   2   8   0  10  18   3   5   2   0   5   8   0   1  12  0.18 0.20
  279 A     3  -2   0  -2  -1  -1  -1   2  -3  -1  -1   0   0  -2  -1   0   0  -4  -2   0   32   2   4   2   1   3   3  15   0   4   5   4   2   2   2   6   4   0   1   8  0.22 0.23
  280 Q     1   0   1   0  -3   2   1   1  -2  -2  -1   1   1  -1  -3   0   0  -3  -1  -1   17   3   8   4   0  10   7  10   0   1   5  11   5   3   0   4   6   0   1   4  0.13 0.17
  281 I     2  -2   0  -2  -3  -1  -1  -1  -3   1   1   0   1  -2  -3   1   1  -4  -3   1   25   0   4   2   0   1   3   3   0  11  12   7   3   1   0   9   9   0   0   9  0.19 0.22
  282 S     2  -2  -2  -2  -3  -2  -2   2  -3   0  -1   1   2   0  -1   1   0  -4  -3   1   22   0   1   1   0   1   0  15   0   7   4   9   6   4   3  11   6   0   0   9  0.20 0.23
  283 T     2   0  -2  -1  -2  -1   0   0  -2   0  -1   1   1  -2  -1   1   1  -3  -3   0   20   4   0   2   0   2   5   8   0   6   5   9   4   1   2  14  11   0   0   6  0.14 0.18
  284 G     2  -1   0   0  -2   0   0   2  -2   0  -1   0  -1  -2  -2   1   0  -3  -1   0   21   2   4   4   0   3   6  15   0   6   5   8   1   1   0   9   7   0   2   7  0.13 0.15
  285 I     2  -3  -3  -2  -1  -3  -2   0  -1   2   1  -1   2  -1  -3   0   0  -3  -3   2   20   0   0   2   1   0   1   8   1  12  16   4   5   2   0   5   4   0   0  17  0.22 0.22
  286 S     2  -2  -1  -1   0   0   0   0  -2   0   0   0   0  -1  -2   1   0  -3  -2   1   25   1   3   2   2   4   4   8   0   4   9   5   2   3   1   8   6   0   1  13  0.11 0.15
  287 N     2  -1   0   0  -1   1   1   1  -1  -1  -1   0   1  -1  -1   1   1  -3  -2  -2   18   1   5   4   1   7  10  14   1   4   4   4   5   2   2   9   8   0   1   1  0.13 0.16
  288 T     2  -1  -1  -2  -2   0  -2   0  -3   1   0   1  -1   0  -2   0   2   0  -2   1   23   3   2   2   0   3   0   6   0   9   7   9   0   5   0   8  13   1   0   8  0.14 0.19
  289 V     3  -3  -2  -3   0  -1  -1   1  -3   0   0  -1   1  -1  -3   0   1  -3  -3   1   29   0   1   0   2   2   4   9   0   7  11   3   4   3   0   7   8   0   0   8  0.20 0.22
  290 G     2  -2  -2  -1  -2   0  -1   2  -1  -1  -1   0   0   0  -2   1   0   0  -1   0   22   0   0   3   0   4   3  17   1   4   5   8   3   3   1   9   6   2   2   6  0.13 0.16
  291 S     2   0   1  -1  -3   1   0  -1  -1  -3  -3   2  -1  -3   0   3   1  -4  -3  -1   17   3   6   3   0   7   4   4   1   0   2  13   2   1   3  23   7   0   0   4  0.26 0.25
  292 A     2  -1  -1  -2  -2   0   0  -1  -2   1   0   0   0  -2  -2   0   0  -3  -2   2   21   2   3   1   0   4   6   5   1   6  11   7   2   1   1   6   7   0   0  16  0.11 0.15
  293 V     2  -2  -1  -2  -2  -1  -1   0  -2   1   0   0   0   0  -2   0   0  -3  -2   1   24   1   3   1   0   2   3   8   0  10   8   6   1   6   1   6   7   0   0  11  0.12 0.15
  294 T     2   0   0   0  -2   0   0   0  -2  -1  -1   0   0  -2  -2   1   1  -3  -2   0   20   6   5   5   0   5   6   7   0   2   6   4   2   1   1   9  13   0   0   9  0.12 0.14
  295 K     1   0   1   0   0   2   1   0  -2  -2  -2   2   0  -3  -1   0   1  -3  -2  -1   14   3   9   5   2  10   9   5   0   2   3  16   2   1   2   6   8   0   0   4  0.17 0.16
  296 L     1  -1  -1  -1  -2  -1  -1   0  -1   1   1  -1   2  -1  -2   0   1  -1  -2   1   12   2   3   4   0   2   4   6   1   8  14   3   7   2   1   7   8   1   0  14  0.07 0.10
  297 G     2  -2   0  -2  -2   0   0   2  -2  -1  -1  -1   0  -1  -1   1   0  -3  -1   0   24   2   3   1   0   4   5  18   0   4   5   3   2   2   2  10   6   0   2   6  0.17 0.17
  298 G     1   0   1   0  -2   1   0   1  -1  -1  -2   1   0  -1   0   0   0  -2  -1   0   11   3   6   4   0   9   5  14   0   5   2  10   3   3   3   8   5   0   2   6  0.08 0.09
  299 S     2   0   1  -1  -2   2   0   0  -2  -2  -1   2   0  -3  -1   1   1  -3  -1  -1   18   2   6   3   0  11   5   5   0   2   5  16   3   1   2   8   8   0   2   3  0.17 0.18
  300 F     1  -1  -1  -1  -2   1   0   0  -1   0   0   0   1   1  -2   0   0  -2  -1   1   18   3   1   2   0   6   7   6   1   3   7   6   5   8   1   5   7   0   1  11  0.07 0.11
  301 G     2  -1  -1  -1  -2   1  -1   1  -2   0  -1  -1   2   0  -2   1   1  -3  -2   1   22   3   3   3   0   7   2  10   0   4   3   2   6   3   1  11  10   0   1   9  0.14 0.18
  302 S     2   0   0   0  -2   0  -1   1  -2   0  -1   1  -1  -3  -1   1   0  -3  -2   0   20   4   4   4   0   3   3   9   0   8   5  12   2   1   2  14   3   0   0   5  0.12 0.14
  303 L     0   0   1   0  -2   2   1  -1  -1  -1   0   1   0   0  -2   1   0  -1  -1   0   10   2   6   4   0  11   7   3   1   2   9  10   3   4   1  12   6   1   2   7  0.07 0.10
  304 T     1  -1  -1  -1   0   1  -1  -2  -2   0   0   0  -1  -1  -1   1   3  -3  -2   1   13   3   2   3   2   9   3   2   0   6   7   4   0   3   2  11  20   0   0   9  0.15 0.18
  305 M     1  -1  -2  -2  -2  -1  -2  -1  -3   1   1  -2   4   0  -3   1   1   0  -2   1   14   2   1   2   0   1   1   4   0   8  10   2  18   4   1  10  10   1   0  12  0.25 0.24
  306 S     2  -1   0  -1  -2   2   1   1  -2  -2  -1   0   0  -3  -1   2   0  -3  -2  -1   20   2   3   3   0  10   9  12   0   1   5   4   3   0   2  15   5   0   1   5  0.18 0.19
  307 H     0   1   1   0  -1   1   0   0   2  -1  -1   2  -1  -2  -1   0   1  -3  -1  -1    9   7   8   4   1   6   5   7   6   3   5  16   1   0   2   5  10   0   3   4  0.11 0.12
  308 V     1  -1  -1  -1  -2  -2  -2   0  -3   2   0  -1   1   0  -3   0   0   0  -2   2   15   2   2   3   0   1   1   9   0  18   9   3   3   5   0   5   4   2   0  18  0.16 0.17
  309 I     2  -1  -1  -3  -2  -1  -1  -1  -3   1   1  -2   0  -1  -1   0   1  -3  -2   2   18   2   3   0   0   2   4   4   0   8  14   1   2   2   2   7  11   0   0  18  0.15 0.18
  310 R     0   2   1   0  -3   1   0  -1  -2  -2  -3   3  -1  -4  -1   1   0  -4  -3  -2    7  11   7   5   0   7   4   4   0   1   2  26   1   0   2  13   6   0   0   3  0.32 0.27
  311 T     1  -1  -1  -2  -2   0  -1   0  -1   1   1   0   1   0  -2   0   1  -2   0   1   12   3   3   0   0   4   2   7   1  10  12   5   3   3   0   8  11   0   3  12  0.07 0.11
  312 G     0   0   0  -2   2   1  -2   0  -2   0   0   0   1   1  -2   0   0   4  -1   0    7   7   7   0   6   7   0   7   0   7   7   7   6   6   0   7   7   6   0   7  0.09 0.13
  313 S     2  -1   0  -1  -2  -2   0   0  -2  -1  -1   0  -1  -1  -1   1   2   2  -1   0   24   2   3   2   0   0   5   8   0   4   5   5   1   2   2  11  16   3   3   5  0.16 0.19
  314 Q     1   0   1  -1  -3   3   1  -1   0  -2  -1   0   0  -3   0   1   1  -3  -1  -1   10   5   6   2   0  18   8   4   2   0   5   4   3   0   4  10  13   0   2   5  0.18 0.19
  315 A     1  -1  -3  -3  -2   0  -1   1  -3   2   0  -2   1   0  -3  -1   0   0  -1   2   17   3   0   0   0   4   3  10   0  11   8   0   3   3   0   3   7   2   2  24  0.17 0.20
  316 T     2  -1  -1  -1  -2  -1  -2   0   0   1  -1   0   0  -3  -1   1   0  -3  -2   1   25   1   2   3   0   3   0   8   3  11   4   5   3   0   2   9   7   0   0  13  0.15 0.18
  317 Q     0   1   1   1  -2   1   1   0   2  -2  -1   1   1  -2  -2   0   0  -3  -2  -2    8   8   7   8   0   7   8   8   7   0   8   8   7   0   0   8   8   0   0   0  0.12 0.12
  318 V     1  -1  -2  -2  -2  -1   0   1  -2   1   1  -1   1  -1  -2   0   1  -3  -2   1   17   3   0   0   0   3   5  15   0  10  14   3   6   3   0   3   8   0   0   8  0.11 0.13
  319 A     2  -2  -2  -1  -2   0  -1   2  -2   0  -1  -2   2  -2  -2   0   0  -3  -1   1   24   0   0   3   0   5   4  16   0   4   5   0   7   0   0   6   6   0   3  15  0.17 0.19
  320 V     1  -1   0  -1  -2   0   0   0  -2   0   1  -1   0  -2  -1   0   1  -3  -2   1   16   3   6   3   0   5   4   9   0   2  14   3   3   0   2   8   9   0   0  13  0.07 0.10
  321 G     0  -1   1   2  -2   2   1   1   0   0  -2   0   0   0  -2   1   0  -3  -2  -1    6   0   7  11   0  11   9  11   2   9   1   4   2   4   0  13   5   0   0   2  0.13 0.14
  322 V     0  -1  -1  -3  -2  -2  -2  -1  -3   2   1  -2   2   1  -1   0   0  -3  -2   3    7   2   2   0   0   0   2   5   0  16   9   0   5   8   2   7   4   0   0  28  0.19 0.18
  323 G     2  -2   0  -2  -2  -1  -2   3  -2   0   0   0   0  -1  -2   0   1  -3  -2   0   20   0   4   0   0   2   0  28   0   4   8   7   2   3   0   5   8   0   0   7  0.24 0.19
  324 S     0  -1   1   0  -3   3   1   0  -2  -3  -2   0   2  -3  -1   2   1  -3  -3  -2    5   2   6   4   0  20  10   9   0   0   3   6   7   0   2  16   9   0   0   2  0.26 0.23
  325 G     1  -1   0  -2  -3   0  -1   3  -2   0  -2  -1   2  -3  -3   1   0  -3  -1  -1   15   2   5   1   0   4   2  32   0   6   3   2   8   0   0  11   3   0   3   3  0.29 0.23
  326 I     2  -2  -2  -3  -2  -1  -1   0  -1   1  -1  -2   1   1  -3   0   1  -3  -2   2   24   2   0   0   0   3   4   5   1  12   3   0   4   8   0   4  11   0   0  19  0.18 0.20
  327 T     1  -2  -1   0  -2  -1   0  -1  -2   0   0  -2   0  -1  -2   2   3  -3   1   0   15   0   3   5   0   2   6   3   0   7   8   0   2   1   0  15  21   0   6   5  0.17 0.20
  328 Q    -1   0   2   1  -3   3   1   1   0  -3  -2   1  -2  -4  -3   0   2  -4  -3  -3    5   4  10   8   0  21   7  10   2   0   3   7   0   0   0   7  15   0   0   0  0.34 0.27
  329 T     1  -1  -1  -1  -2  -1   0   0  -2   2   0   0   2   0  -2   0   0   1   0   0   12   2   3   2   0   1   7   7   0  17  10   6   8   3   0   4   5   3   3   5  0.05 0.11
  330 I     1  -1  -2  -1  -1  -1   0   0  -2   1   0  -1  -1  -1  -2   0   1  -3  -1   2   18   3   1   2   1   3   6   7   0   7   8   3   0   2   0   6   8   0   2  22  0.10 0.15
  331 N     2  -1   2  -1  -2  -1   0  -1   1   0  -2   0  -1  -2  -2   2   1  -3  -1   0   20   1  12   2   0   2   7   2   3   6   2   5   1   1   0  16   9   0   2   9  0.17 0.19
  332 N     3   0   0  -1  -1  -1  -1   1  -2  -2  -3   0  -1  -1  -2   2   1  -4  -3  -2   28   5   5   2   1   2   2  13   0   1   0   7   1   4   0  19   8   0   0   0  0.30 0.26
  333 K     1  -1   0   0  -2   0   0   1  -1   0  -1   1  -1  -2  -2   0   0  -1  -1   1   15   2   4   6   0   3   7  11   1   4   3  15   1   1   0   5   4   1   2  13  0.08 0.12
  334 K     1   0   0   1  -1  -1  -1  -2  -1   0   1   0   1   0  -3   0   0  -2   2   0   14   4   3   9   1   2   2   2   1   6  13   7   5   4   0   7   4   0  12   3  0.07 0.12
  335 Q     0   0   1   0  -4   5   1  -1   0  -2  -2   0   1  -4  -3   1   0  -4  -3  -1    5   3   6   5   0  31   9   4   1   3   2   5   4   0   0  10   5   0   0   5  0.39 0.33
  336 A     3  -2  -1  -3  -3  -1   0   0   2  -1  -1   1  -1   0  -3   0   0  -3   2   0   30   1   3   0   0   1   5   5   7   3   5   9   1   4   0   7   6   0   9   5  0.21 0.23
  337 D     0  -1   0   3  -4   2   2  -1   1  -2  -3   2  -3  -2   0   0   0  -4  -3  -2    6   1   5  22   0  13  13   3   3   2   2  14   0   2   3   4   4   0   0   2  0.34 0.26
  338 L     4  -3  -1  -4  -3  -3  -2  -1  -4   1   0  -1   0  -1  -3   0  -2  -4  -2   1   49   0   3   0   0   0   2   4   0   9  10   3   2   2   0   4   1   0   1   8  0.52 0.40
  339 Q     2   1   0   1  -3   1   1  -1  -2  -2  -1   2   0  -3  -2   1   1  -4  -2  -1   21   6   3   7   0   6   7   4   0   2   5  16   2   0   0   8   9   0   1   3  0.19 0.19
  340 H    -1   1   1   1  -1   2   1  -1   0  -1  -1   1   0  -2  -2   0   0   0  -2  -1    2   8   8  10   2  10  11   4   2   2   8  11   3   1   0   4   6   1   1   6  0.12 0.13
  341 N     1   1   0  -2  -3  -1  -1  -3  -3   1   2   1   0  -1  -3  -1   0  -3  -1   0   17   8   4   1   0   2   3   0   0   7  27  10   1   1   0   4   7   0   2   4  0.16 0.19
  342 N     0   2   0  -1  -4   5   1  -1  -1  -1  -1   1   0  -2  -3  -1  -2  -4  -2  -3    8  10   3   3   0  33   9   4   1   4   6   9   2   2   0   2   2   0   1   1  0.44 0.35
  343 A     6  -3  -4  -4  -4  -1  -1  -1  -4   0  -3  -1  -1  -3  -4  -1  -2  -5  -2  -1   69   1   0   0   0   2   3   3   0   5   2   4   2   1   0   2   1   0   1   3  1.00 0.62
  344 D    -2   0   0   5  -6   2   3  -1  -3  -3  -4  -1  -5  -3  -4  -1  -3  -6  -5  -5    3   4   3  44   0   8  24   4   0   1   2   2   0   1   0   4   0   0   0   0  0.98 0.54
  345 L     2   0  -2  -1  -1   0  -1  -1  -2   2   1   1   1  -2  -3   0   0  -4  -3   1   19   4   1   3   1   5   1   4   1  13  14   9   5   0   0   8   5   0   0   8  0.12 0.17
  346 A     1  -1  -1  -1  -3   2   0  -2  -1   0   0   3   1  -3  -3  -1   0  -4  -2   0   16   1   3   3   0  13   6   1   1   4   8  23   5   0   0   3   5   0   1   6  0.23 0.24
  347 L     0   1  -2   3  -4   1   4  -4  -3  -2  -1   1   1  -4  -3  -2  -2  -5  -4  -1    6   9   1  18   0   6  32   0   0   2   6   9   4   0   0   1   1   0   0   5  0.51 0.36
  348 N     0  -1   0  -2  -3  -1   0  -2  -1   2   2   0   1   1  -3   0   0  -3  -1  -1    7   3   6   1   0   2   5   2   1  14  26   6   5   6   0   7   7   0   1   1  0.12 0.16
  349 K    -1   2   0   1  -4   3   2  -3  -2  -1  -1   2  -2  -3  -3   0  -1  -4  -2  -2    5  15   5   8   0  15  13   0   0   4   7  17   0   1   0   6   1   0   1   2  0.32 0.26
  350 A     5  -3  -3  -2  -3   0   0   0  -1  -4  -2   2  -3  -2  -3   0  -1  -4  -4  -3   54   0   0   1   0   4   6   6   1   0   3  12   0   2   0   7   2   0   0   0  0.69 0.46
  351 D     0  -1  -1   1  -3   1   1  -2  -2   1   1   0   0   1  -2  -1  -1   0  -1   0   10   2   2  11   0   7  11   2   0   7  16   7   3   6   0   1   4   1   2   9  0.08 0.12
  352 M    -2  -1  -4  -4  -1   0   0  -5  -4   2   3  -1   6  -1  -4  -2  -1  -4  -3  -1    1   3   0   0   1   5   7   0   0  15  28   4  26   1   0   2   4   0   0   1  0.62 0.42
  353 A     1  -1  -1   1  -3   1   1  -2  -2  -2   0   1   2  -3  -3   0   2  -4  -3  -1   13   2   1   8   0   8  11   2   0   0  13  11   7   0   0   4  14   0   0   4  0.19 0.22
  354 A     0   0  -2  -1  -3   2   1  -2  -2   0   1   2   1  -1  -3   0   0  -1  -1   0    7   5   0   2   0  11   8   2   0   5  15  18   4   2   0   5   6   1   1   8  0.13 0.17
  355 L     0  -2   0   0  -3  -1  -2  -1  -4   2   3  -1   2  -1  -4  -2  -1  -1  -3   0    7   1   5   6   0   2   1   4   0  14  42   3   4   2   0   2   2   1   0   3  0.34 0.28
  356 Q    -1   1   1   1  -5   6   2  -3   1  -5  -2   1   0  -5  -4  -1  -3  -5  -4  -4    4   6   5   9   0  43  13   1   3   0   5   6   3   0   0   3   0   0   0   0  0.85 0.53
  357 S     2  -1   0   2  -3   2   2   0  -1  -2  -3   0  -3  -2  -3   1   0  -4  -3  -1   21   2   4  13   0  13  14   6   1   2   0   5   0   2   0   9   4   0   0   5  0.28 0.25
  358 I     1  -2  -1  -2  -3   0  -1  -3  -1   2   2  -2   1   2  -2  -1  -1   0   0   1   12   1   3   1   0   5   5   1   1  15  21   1   5  10   1   4   2   1   2  10  0.15 0.16
  359 I    -3  -2  -2  -2  -4   1  -4  -3  -4   4   1  -1   6  -1  -5  -2  -2  -1  -3   0    0   2   1   2   0   6   0   2   0  33  13   3  26   2   0   3   1   1   0   5  0.74 0.46
  360 D    -2   0  -1   5  -6   1   5  -3  -3  -3  -4  -2  -5  -6  -4  -2  -4  -6  -5  -5    3   5   1  39   0   6  38   1   0   1   1   1   0   0   0   2   0   0   0   0  1.18 0.60
  361 R    -3   3  -1   1  -4   4   2  -4  -2  -2  -2   2   1  -2  -3   0  -2  -4  -3  -1    0  16   2   9   0  23  13   0   0   2   3  12   5   2   0   8   1   0   0   4  0.49 0.36
  362 L     1  -2  -1   0   2  -1   0   0  -3   2   3  -3   0  -2  -3  -2  -1  -4  -3   0   11   2   3   6   4   2   7   8   0  15  33   0   1   1   0   1   2   0   0   4  0.23 0.23
  363 K    -1   1  -1  -1  -3   1   0  -3  -2   0   1   2   2   0  -3   0   1  -3  -2   0    4   8   3   3   0   9   5   1   0   4  16  18   7   3   0   5   9   0   0   5  0.17 0.19
  364 E    -2  -1   0   4  -6   1   5  -4  -3  -5  -4   3  -4  -6  -4  -1  -2  -6  -5  -5    3   2   3  24   0   6  38   0   0   0   2  18   0   0   0   3   1   0   0   0  0.94 0.52
  365 E     0   1   0   1  -1   1   2  -2   1   0   0  -1   2  -1  -3  -1  -1   0  -1   0   10  10   3   8   1   5  15   1   4   6   9   1   9   3   0   3   1   2   1   7  0.11 0.16
  366 L    -4  -5  -5  -5  -4  -4  -3  -6  -5   4   3  -5   4   1  -5  -4  -1   1   0   1    0   0   0   0   0   0   2   0   0  32  36   0  11   4   0   0   4   2   2   7  0.88 0.46
  367 S     1   0   1   1  -3   1   1  -1  -2  -2  -3   2   2  -4  -3   1   1  -4  -3  -1   14   4   9   7   0   7   9   3   0   1   0  19   8   0   0   8   8   0   0   3  0.28 0.25
  368 H     0   2   0   0  -4   3   0  -1   0  -3  -3   4  -1  -4  -2   0  -1  -5  -3  -2   10   9   4   6   0  16   5   4   2   1   2  31   1   0   1   5   2   0   0   1  0.45 0.32
  369 L     1  -3  -4  -4  -3  -2  -2  -4  -4   2   2  -3   5  -2  -4   0  -1  -4   0   2   15   1   0   0   0   1   3   0   0  13  18   0  20   0   0   6   2   0   3  18  0.48 0.33
  370 S    -2  -3   1  -1  -3   0  -2  -1  -1   2   1  -1   3   1  -2   0   0  -3  -2   1    1   0   9   3   0   3   0   5   2  16  14   3  13   5   2   7   7   0   0   9  0.16 0.19
  371 E    -1   0   1   2  -5   3   4  -1  -2  -5  -4   1  -4  -5  -3   0  -2  -5  -2  -4    6   3   5  12   0  16  36   4   0   0   1   6   0   0   0   8   2   0   2   0  0.65 0.39
  372 S     1   1   1   1  -3   2   1   1  -2  -2  -2   1  -2  -3  -1   1  -1  -4  -2  -1   13   9   7  10   0  11   8  11   0   2   3   8   0   1   2  11   2   0   1   3  0.19 0.16
  373 H    -1  -2  -3  -4  -3   0  -3  -3   0   1   2  -2   3   4  -4  -1  -1   1   2   0    6   2   1   0   0   4   0   1   2   6  19   2  11  25   0   4   3   2   6   7  0.39 0.27
  374 R    -1   1   2   1  -4   5   1  -1  -2  -4  -3   1  -2  -5  -3   2  -1  -5  -4  -3    5   6  11   8   0  30  10   4   0   0   1   6   1   0   0  15   2   0   0   1  0.54 0.37
  375 Q     0   2   0   2  -4   4   3  -3   1  -1  -3   0  -3  -4  -3  -1  -2  -5  -4  -3   10  10   4  11   0  20  26   1   3   4   2   5   0   0   0   4   0   0   0   1  0.51 0.34
  376 V     2  -2  -2  -3  -1  -2  -1   0  -3   2   0  -3   3  -2  -3   1   0   0  -3   2   19   1   1   1   1   0   4   8   0  15   7   0  10   0   0  10   6   1   0  15  0.23 0.23
  377 M    -2  -2  -1  -4  -1   0  -4  -5  -1   1   3  -3   6   2  -4  -1   0  -1   0   0    1   2   3   0   1   4   0   0   1   5  26   0  31   8   0   4   6   1   3   4  0.63 0.40
  378 E     0  -1   0   3  -4   3   4  -3  -1  -3  -3   1  -3  -5  -3   1  -1  -5  -4  -4    7   3   3  17   0  18  27   0   1   1   1   8   0   0   0  10   4   0   0   0  0.61 0.37
  379 L     0   0   0   0  -3   1   1  -1  -1   1  -1  -1   3  -1  -1   1   1  -3  -2   0    8   7   3   5   0   8   8   3   1   9   3   1  12   3   2   9  12   0   0   6  0.10 0.15
  380 I     0  -4  -3  -5  -1   0  -4  -5  -4   3   3  -4   4  -1  -4  -2  -2  -4  -3   3    6   0   1   0   1   4   0   0   0  21  27   0  12   2   0   2   1   0   0  22  0.60 0.35
  381 F     0  -1   1  -2  -2  -1  -1  -1  -3   1   0  -2   2   1  -3   2   2  -3  -2   0    8   2   7   0   0   2   3   5   0   9   6   1   8   8   0  20  15   0   0   6  0.18 0.20
  382 Q     0   1   0   2  -4   4   2   1  -2  -4  -3   0  -3  -4  -3   1   0  -4  -4  -4    9   6   4  10   0  25  12  12   0   0   2   5   0   0   0  12   4   0   0   0  0.43 0.30
  383 M     1  -3  -2  -2  -3  -1  -3  -2  -3   2   1  -3   6   0  -4   1   0  -4  -1   0   13   0   1   2   0   2   0   3   0  11  15   0  28   4   0  10   6   0   1   4  0.43 0.33
  384 I    -2  -3   0  -2  -3  -1  -2  -4  -4   4   2  -2   4   0  -4  -1  -1  -4  -3   1    1   1   5   2   0   3   2   0   0  30  22   2  15   2   0   3   3   0   0   9  0.48 0.30
  385 N     0   1   3   0  -4   4   2  -1   0  -4  -4   2  -2  -4  -3   1   0  -4  -3  -3    9   7  15   3   0  23  12   2   2   0   0  11   1   0   0   8   7   0   0   0  0.46 0.30
  386 A     2  -1   0   4  -4   1   2  -1  -2  -4  -2   0  -3  -4  -3   1  -1  -5  -4  -3   17   2   4  29   0   7  12   4   0   0   5   4   0   0   0  13   2   0   0   0  0.46 0.30
  387 K     0   3   2   0  -1   1  -1  -1   0  -1  -1   2  -1  -3  -3   0   1  -4  -1  -1    6  17  12   5   1   4   2   4   2   4   5  18   1   0   0   7   8   0   1   3  0.20 0.17
  388 G     2  -1   0  -3  -3   0  -2   3   0  -4  -4  -2  -1  -2  -3   2   1  -4  -1  -3   22   3   4   0   0   5   0  30   3   0   0   1   2   2   0  18   8   0   2   0  0.48 0.31
  389 D     0  -1   1   4  -4   3   3  -2  -2  -4  -4   2  -1  -5  -3   0   0  -5  -4  -4    9   1   5  27   0  14  19   2   0   0   0  12   2   0   0   5   4   0   0   0  0.58 0.33
  390 M     1  -3  -1  -2   0  -3  -3  -2  -1   0  -2  -3   4  -3  -3   3   4  -4  -3   1    9   0   2   1   2   0   0   1   2   5   1   0  13   0   0  27  27   0   0  10  0.51 0.37
  391 L    -1   0  -1  -1   0   1  -2  -1  -1   0   2   0   5  -2  -3   0   1  -3  -3  -1    4   4   2   3   2   6   0   5   1   3  23   7  20   0   0   8  11   0   0   1  0.25 0.25
  392 H     1   2   2  -1  -3   1  -1  -2   2  -1  -2   0   0  -4  -3   2   0  -4  -3  -2   16  15  14   2   0   6   1   2   5   3   1   4   3   0   0  21   5   0   0   2  0.29 0.24
  393 N    -1   3   3   1  -4   3   1  -2   0  -4  -2   1  -3  -3  -3   0   1  -4  -1  -3    5  20  15   8   0  17   7   1   1   0   2   8   0   1   0   3   9   0   2   0  0.41 0.27
  394 L    -3  -4  -4  -1  -3  -4  -4  -5  -4   5   2  -2   1  -2  -4  -1   0  -4  -3   3    0   0   0   4   0   0   0   0   0  38  22   2   3   0   0   4   5   0   0  22  0.67 0.34
  395 A     3  -3   0  -3  -2  -2  -2  -2  -3   1   0  -1   0   1  -3   1   1  -3  -1   0   35   0   4   0   0   0   0   0   0  11   9   4   1   6   0  11  10   0   2   6  0.27 0.23
  396 G     2   0   1  -1   0   1  -1   1  -2  -3  -3   0  -2   0  -3   2   0  -3  -2  -1   22   6   7   2   2   9   0  10   0   0   0   4   0   7   0  23   4   0   0   4  0.25 0.21
  397 R    -3   6   2  -1  -5   1  -2  -4   1  -4  -4   1   0  -4  -4  -1  -3  -4  -3  -4    0  67  11   3   0   5   0   0   3   0   0   4   3   0   0   3   0   0   0   0  1.13 0.41
  398 P    -3  -3  -1   0  -4  -2  -3  -1  -3  -2  -1  -3   8  -3   5  -3  -3  -4  -3  -2    0   0   3   5   0   0   0   5   0   0   0   0  56   0  30   0   0   0   0   0  1.26 0.42
  399 H     2   2   1  -2  -3   2  -1   0   1  -3  -3   3  -2  -3  -2   0   0  -3  -2  -2   30  11   8   0   0  11   0   3   4   0   0  25   0   0   0   6   3   0   0   0  0.35 0.17
  400 T     2  -2   0  -2  -2  -1  -1  -1  -2   0  -2   0  -1  -3  -2   2   2  -3  -2   0   31   0   5   0   0   0   2   0   0   7   0   7   0   0   0  18  22   0   0   9  0.27 0.13
  401 V    -2  -3  -4  -4  -2  -3  -4  -4  -4   5   1  -3   2  -1  -3  -3  -1  -3  -2   3    0   0   0   0   0   0   0   0   0  59   0   0   9   0   0   0   0   0   0  33  0.67 0.17

                      K         Lambda
Standard Ungapped    0.1267     0.3123
Standard Gapped      0.0333     0.2670
PSI Ungapped         0.1087     0.3178
PSI Gapped           0.0333     0.2670
