
Last position-specific scoring matrix computed, weighted observed percentages rounded down, information per position, and relative weight of gapless real matches to pseudocounts
            A   R   N   D   C   Q   E   G   H   I   L   K   M   F   P   S   T   W   Y   V   A   R   N   D   C   Q   E   G   H   I   L   K   M   F   P   S   T   W   Y   V
    1 M    -8  -8  -9 -10  -8  -7  -9 -10  -9  -6  -5  -8  12  -7 -10  -9  -8  -8  -8  -6    0   0   0   0   0   0   0   0   0   0   0   0 100   0   0   0   0   0   0   0  4.56 1.71
    2 K    -6   2   0  -2  -8   0   1  -6   1  -3  -3   7  -6  -5  -6  -5  -5  -3  -4  -6    0   8   5   2   0   3  10   0   3   2   3  62   0   0   0   0   0   0   1   0  1.53 0.79
    3 I    -3  -8  -8  -8  -2  -8  -8  -8  -7   4   2  -8  -3   7  -8  -7  -5  -5  -3   1    2   0   0   0   1   0   0   0   0  24  17   0   0  44   0   0   0   0   0  10  1.62 0.74
    4 I    -3   0   0  -3  -5  -1   0  -5   0   2  -2   2  -4  -3  -5   2   4  -5  -3   0    1   5   4   1   0   3   6   0   2  12   3  11   0   1   0  19  24   0   1   7  0.46 0.38
    5 V    -3  -8  -8  -8   8  -7  -8  -7  -8   6  -1  -7  -2  -2  -7  -4  -2  -7  -6   4    3   0   0   0  25   0   0   0   0  38   5   0   1   2   0   1   3   0   0  22  1.64 0.74
    6 N    -1  -2   3   2  -4   1   2  -3  -1  -3   0   1  -2  -4  -1   2   1  -6  -4  -3    4   1  15  11   0   6  11   1   1   1  10   9   1   0   3  14   9   0   0   1  0.32 0.29
    7 K    -4   5  -3  -6  -6   5  -4  -5  -2  -5  -5   5  -6  -8  -5  -1  -1  -8  -6  -5    1  27   1   0   0  23   0   1   1   1   1  36   0   0   0   4   4   0   0   1  1.40 0.76
    8 N    -1  -2   3   3  -6   1   4  -2  -3  -5  -4   1  -4  -6  -2   1  -1  -7  -5  -5    5   1  12  15   0   5  30   3   0   0   1  10   0   0   2  11   3   0   0   1  0.68 0.46
    9 F     0  -1   3   2  -3   0   2  -4   0   0  -1   0  -2  -3  -3   0   0  -5  -1   0    8   2  17  13   0   4  15   0   2   7   5   7   0   1   1   6   5   0   2   6  0.27 0.24
   10 L    -7  -8  -9  -9  -7  -8  -8  -8  -8   1   6  -8  -2   4  -8  -8  -7  -5  -5  -4    0   0   0   0   0   0   0   0   0   6  75   0   1  17   0   0   0   0   0   1  1.99 0.89
   11 D     0  -2   1  -1  -3   1  -1  -4   0   1   3   0   0   0  -4   0  -1  -2   0   0    8   1   7   3   0   6   4   1   2   6  29   6   2   3   0   8   2   0   3   7  0.19 0.20
   12 E    -1   2   2   1  -6   1   2  -3   1  -5  -5   4  -4  -4  -2   0  -1  -6  -3  -5    4   8   9   8   0   6  15   1   3   0   1  29   0   1   1   8   4   0   1   0  0.59 0.41
   13 I     5  -4  -1  -4  -2  -2  -2   3   0  -2  -3  -2  -5  -5  -1   0  -1  -6  -3  -1   42   1   3   0   1   2   2  22   2   3   2   3   0   0   4   7   3   0   1   4  0.69 0.46
   14 I    -4  -7  -8  -8  -3  -7  -8  -8  -8   4   5  -7  -1  -3  -8  -6  -4  -5  -6   2    1   0   0   0   0   0   0   0   0  21  59   0   1   1   0   0   1   0   0  14  1.53 0.72
   15 E     0  -2   4  -1  -6   5   0   0  -2  -3  -3  -2  -3  -5  -4   3   0  -6  -3  -4    6   2  16   2   0  26   4   6   1   1   3   2   1   0   0  21   5   0   1   1  0.65 0.49
   16 V    -1   0   0  -1  -3   0  -2  -3   2   3   0   1   0  -1  -3  -1   2  -2  -1   1    5   6   5   3   0   5   1   1   5  17  10  10   2   2   1   4  12   0   2   7  0.15 0.17
   17 V     2  -7  -5  -8  -1  -6  -7  -6  -8   2  -1  -7  -2  -5  -7  -3   0  -7  -6   6   15   0   0   0   1   0   0   0   0  10   5   0   1   0   0   2   5   0   0  60  1.43 0.72
   18 S     0  -3   0  -4  -3   5   0   0  -1   0  -1  -3  -2  -4  -5   4  -1  -6  -2  -2    8   1   5   0   1  24   5   7   1   5   6   1   1   0   0  30   3   0   1   3  0.59 0.47
   19 R    -2   5   1  -4  -5  -3  -4   2   2  -5  -6   4  -6  -6  -3   1  -3  -7  -5  -6    3  31   6   1   0   1   0  13   4   1   0  28   0   0   2  10   1   0   0   0  0.98 0.58
   20 F     5  -6  -6  -6  -3  -6  -6   0  -6   3  -3  -6  -2   0  -5  -3  -3  -7  -2   3   45   0   0   0   0   0   0   6   0  15   2   0   1   3   0   1   1   0   1  23  1.03 0.60
   21 S     1  -7  -7  -7  -2  -7  -7  -7  -7   4   0  -7  -1  -4  -7  -3   0  -7  -5   6   10   0   0   0   1   0   0   0   0  24   6   0   1   0   0   2   5   0   0  50  1.35 0.68
   22 D     1  -5   0   0  -6  -3   2   0  -5  -5  -5  -4  -3  -7   3   4  -1  -7  -5  -4   10   0   4   5   0   1  14   8   0   0   1   0   1   0  15  35   4   0   0   1  0.77 0.54
   23 P     0   1   1  -4  -5   0  -3  -1  -4  -4  -4   2  -4  -5   1   3   2  -5  -4  -1    8   8   6   0   0   4   1   5   0   1   1  14   0   0   8  23  14   0   0   4  0.44 0.37
   24 L    -5   6   2  -5  -8  -1  -5  -5   0  -3  -6   6  -6  -7  -7  -2  -3  -8  -6  -6    1  38  10   0   0   2   0   1   2   2   0  39   0   0   0   2   2   0   0   0  1.56 0.79
   25 S     1  -4   3  -3  -4   0  -4  -2   0  -2  -4  -3  -4  -6   1   4   4  -7  -5  -2    9   0  13   1   0   5   0   2   2   2   1   1   0   0   8  26  24   0   0   3  0.69 0.50
   26 S    -1  -6   1  -5  -6   1  -4  -4  -4  -2  -4  -5  -2  -4   2   1   6  -7  -4  -1    5   0   5   0   0   5   1   1   0   3   2   0   1   1   9  11  50   0   0   5  1.06 0.67
   27 L    -4  -3  -2  -5  -5  -3  -5  -7  -2   4   5  -3   4   0  -6  -3  -2  -6  -2   0    1   1   3   0   0   1   0   0   1  18  46   2  11   3   0   3   3   0   1   4  0.91 0.50
   28 Y    -2  -7  -5  -3  -9  -2  -3  -7  -5  -6  -7  -5  -3  -7   8  -1  -4  -9  -3  -7    3   0   1   2   0   2   2   0   0   0   0   1   1   0  82   4   1   0   1   0  2.64 1.19
   29 G     0  -8  -6  -7  -5  -6  -6  -5  -6   7  -2  -7  -3  -4  -5  -4  -4  -6  -6   4    7   0   0   0   0   0   0   1   0  62   2   0   0   0   1   1   1   0   0  23  1.79 0.81
   30 M    -7  -8  -9  -9  -7  -5  -7  -9  -5  -2   7  -8   0  -1  -7  -7  -4  -7  -3  -4    0   0   0   0   0   1   0   0   0   1  91   0   1   2   0   0   1   0   1   0  2.24 0.99
   31 R     0  -1   2  -3  -6   1   2   1  -3  -5  -4  -1  -3  -5  -5   5   1  -7  -3  -5    8   3   9   1   0   6  12   8   0   0   1   4   0   0   0  37   8   0   1   0  0.66 0.49
   32 C    -4  -6   7  -4   4  -5  -5   5   3  -8  -7  -6  -6  -5  -7  -1  -4  -8  -3  -8    1   0  42   0   7   0   0  36   6   0   0   0   0   1   0   4   1   0   1   0  1.66 0.82
   33 I    -4  -8  -8  -8  -4  -7  -8  -8  -8   7   1  -7   0   1  -8  -6  -4  -7  -3   4    1   0   0   0   0   0   0   0   0  53  10   0   2   5   0   0   1   0   1  28  1.69 0.76
   34 K    -6  -2  -4  -8  -3  -4  -6  -8   1  -3   6   3   0  -1  -7  -5  -6  -6   3  -3    0   2   1   0   1   1   0   0   3   0  63  15   1   2   0   1   0   0   9   1  1.35 0.71
   35 I    -5  -7  -8  -8  -3  -7  -8  -8  -7   5   4  -7   2   4  -8  -7  -6  -4  -5   0    1   0   0   0   1   0   0   0   0  33  41   0   5  13   0   0   0   0   0   6  1.44 0.68
   36 T    -3   0  -1   1  -4   2   5  -5  -1  -2  -4   2  -5  -6  -5   0   1  -7  -4  -1    2   5   3   6   0   7  36   0   1   2   1  14   0   0   0   8   9   0   0   4  0.70 0.48
   37 A     5  -6  -6  -7  -1  -6  -5  -4  -7  -1  -1  -5  -4  -5  -6  -2   3  -7  -6   2   52   0   0   0   1   0   0   1   0   4   7   0   0   0   0   2  17   0   0  14  1.14 0.67
   38 N    -1  -1   1   2  -3   1   4  -1  -1  -3  -4   3  -4  -4  -4   0   1  -6  -2  -3    4   3   5  12   1   5  23   5   1   1   1  17   0   1   0   8  10   0   2   2  0.45 0.34
   39 H    -2  -2   3   4  -6   0   3   2  -1  -6  -6   2  -5  -5  -2   0  -2  -7  -4  -4    4   2  14  19   0   4  17  15   2   0   0  12   0   0   2   5   2   0   0   1  0.61 0.41
   40 N    -3  -3   5   4  -7  -1   2   3  -2  -7  -7   0  -6  -6  -5   0  -1  -7  -6  -6    2   1  23  20   0   3  11  24   1   0   0   5   0   0   0   6   3   0   0   0  0.88 0.52
   41 F    -2   2  -1  -3  -2   2   1   3  -1  -2  -3   3  -1  -2  -4   0   1  -4  -1  -2    3  12   3   0   1   8   8  20   2   2   2  17   2   2   0   6   8   0   2   3  0.34 0.28
   42 V    -5  -7  -8  -8  -4  -7  -8  -8  -8   4   6  -7   0  -2  -8  -6  -5  -7  -6   2    1   0   0   0   0   0   0   0   0  19  64   0   2   2   0   0   0   0   0  12  1.61 0.75
   43 K    -3   2  -1  -3  -3   0   1  -5   0   1  -2   2  -3  -2  -5   0   4  -2   0   0    1  10   3   1   1   4   8   0   2   7   3  15   0   2   0   8  24   1   4   7  0.37 0.33
   44 F    -5  -7  -8  -8  -3  -7  -8  -8  -7   4   5  -7   2   3  -8  -7  -5  -6  -4   1    1   0   0   0   1   0   0   0   0  18  58   0   5   9   0   0   0   0   0   8  1.46 0.69
   45 E     0  -1  -3  -4  -2  -1  -3  -5  -3   1  -2   0  -1  -2  -5   3   5  -6  -1   1    6   4   0   0   1   3   1   0   1   9   4   5   1   2   0  18  34   0   3   8  0.59 0.44
   46 A     6  -6  -6  -6  -2  -6  -6   4  -7  -6  -7  -6  -6  -7  -6   1   0  -8  -7  -4   54   0   0   0   1   0   0  27   0   0   0   0   0   0   0  10   6   0   0   1  1.44 0.78
   47 T    -4  -6   0  -6  -3  -5  -6  -4  -6  -7  -7  -5  -4  -3  -7   3   7  -8   1  -5    1   0   5   0   1   0   0   1   0   0   0   0   0   1   0  18  68   0   4   0  1.90 0.99
   48 N    -8  -7   6   8  -7  -4  -4  -7  -6  -9 -10  -6  -9  -9  -8  -3  -7 -10  -7  -9    0   0  31  66   0   1   0   0   0   0   0   0   0   0   0   2   0   0   0   0  2.57 1.13
   49 E    -3  -5  -2  -6  -6  -4  -4  -1  -3  -2   6  -5   3  -3  -6   0   0  -6  -3  -4    2   0   3   0   0   1   1   6   1   1  64   0   6   1   0   7   5   0   1   0  1.13 0.63
   50 I    -5  -4   0   4  -8  -1   7  -6  -4  -5  -6  -2  -7  -7  -6  -1  -2  -8  -4  -6    1   1   4  20   0   3  60   0   0   1   1   2   0   0   0   4   2   0   1   1  1.61 0.84
   51 T    -4  -5  -6  -7  -5  -4  -5  -8  -4   6   2  -5   4  -2  -7  -5   1  -7  -5   3    1   1   0   0   0   1   1   0   0  37  21   0  11   2   0   1   7   0   0  17  1.15 0.58
   52 N     1  -4  -3  -4  -2  -2   0   4  -5  -3  -5  -4  -2  -1  -5   3   2  -2  -2  -3   12   1   1   0   1   2   7  31   0   2   1   0   1   2   0  24  13   1   1   2  0.70 0.48
   53 I    -3  -7  -8  -8  -4  -6  -8  -7  -8   7   1  -7   3  -1  -7  -6  -3  -5  -4   2    2   0   0   0   0   0   0   0   0  60  11   0   6   3   0   0   1   0   1  14  1.66 0.74
   54 V    -3   2  -1  -3  -3   2   3  -5   0   0  -3   3  -2  -4  -5   0   1  -3  -3   0    1  13   3   1   1  11  18   0   2   6   2  16   1   1   0   8  10   0   1   7  0.43 0.35
   55 R     0  -1  -2  -3   4  -2  -2  -1   2  -1  -2   0  -2  -2  -4   1   4  -2   2   0    8   3   1   1  10   1   3   4   5   4   4   6   1   2   0  12  23   1   7   6  0.35 0.30
   56 K    -2   1  -1  -2  -3   0   1  -4   1  -1  -2   2  -2   1  -3   1   2   4   0  -1    2   8   3   1   0   4   9   1   3   4   2  14   1   7   1  13  13   6   3   5  0.26 0.25
   57 I    -3  -6  -6  -6   2  -5  -6  -5  -4   6   2  -6   1   1  -6  -4  -2  -6  -2   4    2   0   0   0   4   0   0   1   1  38  15   0   3   5   0   1   3   0   2  24  1.04 0.51
   58 K     0  -2   0   1  -3  -1   2   0  -2  -3  -3   1  -4  -4   5  -1  -1  -5  -3  -3    7   2   4   8   0   3  14   8   1   1   2   7   0   1  29   5   4   0   1   2  0.56 0.35
   59 V     5  -3  -3  -4   3  -3  -3  -1  -3   0  -1  -3  -2  -3  -3  -1  -1  -5  -3   2   46   1   1   1   6   1   1   4   1   4   6   2   1   1   1   3   3   0   1  16  0.72 0.42
   60 D    -2  -2   2   3  -2   2   3  -3  -1  -3  -3   3  -2  -3  -3   0  -1  -4  -3  -3    2   1   9  19   1   8  20   2   1   2   2  16   1   1   1   8   3   0   1   2  0.51 0.30
   61 D     0   0   1   1  -1   0   1   0   0  -1  -1   0   0  -1   0   1   1  -1  -1  -1    7   3   7  10   2   4   9   7   2   4   7   6   2   3   4   9   8   1   2   5  0.05 0.02
   62 D     0   0   1   1  -1   0   1   0   0  -1  -1   0  -1  -1   0   0   0  -1  -1  -1    7   4   6  11   1   4  11   7   2   4   7   5   1   3   4   7   7   1   2   5  0.05 0.02
   63 K     0   0   1   1  -1   0   1   0   0   0  -1   0  -1  -1   0   0   0  -1  -1   0    7   6   7   7   1   5   8   9   2   5   7   6   2   3   4   8   5   1   2   5  0.03 0.01
   64 I     0  -1   0   0   0   0   0   0  -1   1   1   0   0   0   0   0   0  -1   0   0    8   3   3   4   2   3   5   9   2   8  14   4   2   4   3   5   5   1   2  10  0.00 0.00
   65 I     0   0   0   0  -1   1   1  -1   0   0  -1   1   0  -1   0   0   1  -1  -1   0    7   5   5   6   1   5  12   4   3   7   7  10   2   3   3   5   9   1   2   5  0.04 0.02
   66 V    -3  -5  -4  -5  -4  -5  -4  -5  -5   6  -2  -4  -2  -4  -5  -4  -2  -5  -4   6    1   1   1   1   0   1   1   1   0  35   2   1   0   1   1   1   2   0   0  49  1.46 0.61
   67 E    -2  -2  -2   1  -4   1   4  -3   0   2  -1   1  -2  -2  -3   0  -1  -4  -1  -1    3   2   1   6   0   5  31   2   2  12   7  10   1   2   1   6   3   0   3   4  0.38 0.29
   68 E    -2   0  -1  -1  -6   2   6  -3  -3  -4  -5   2  -3  -6  -5  -1   0  -6  -5  -2    3   5   3   3   0   8  46   2   0   1   1  14   1   0   0   5   5   0   0   3  0.91 0.54
   69 D    -1  -3  -1   1  -6   0   5  -2  -4  -2  -4   0  -3  -5   3   0   1  -6  -5  -2    4   1   3   7   0   3  36   3   0   2   1   4   1   0  16   6   8   0   0   2  0.69 0.47
   70 G    -5  -8  -6  -6  -8  -7  -7   8  -7  -8  -9  -6  -7  -5  -7  -5  -6  -8  -7  -7    1   0   0   0   0   0   0  95   0   0   0   0   0   1   0   1   0   0   0   0  2.81 1.15
   71 E     2   0  -1  -2  -2   0   3  -2  -4  -2  -5   2  -3  -5  -5   4   0  -6  -5  -2   14   4   2   2   1   3  19   3   0   2   1  13   0   0   0  29   4   0   0   3  0.56 0.43
   72 L     0  -6  -6  -7   0  -6  -6  -6  -6   6   0  -6   0   1  -6  -4   2  -5  -4   3    7   0   0   0   2   0   0   0   0  38   8   0   2   6   0   1  13   0   0  21  1.01 0.54
   73 L     1  -6  -6  -7   2  -5  -6  -7  -6  -1   1  -6  -4  -5  -6  -2   5  -7  -6   4   12   0   0   0   4   0   0   0   0   2  12   0   0   0   0   2  36   0   0  31  1.13 0.66
   74 V    -2  -7  -8  -8  -3  -7  -7  -8  -8   5   3  -7  -3  -4  -7  -7  -4  -7  -6   6    3   0   0   0   1   0   0   0   0  26  24   0   0   0   0   0   1   0   0  45  1.52 0.72
   75 Q    -4  -6   2   0  -6  -1  -2  -5  -3  -7  -6  -3  -7  -6   7   1  -4  -9  -3  -7    1   0  10   5   0   3   3   1   1   0   1   2   0   0  61  11   1   0   1   0  1.79 0.91
   76 A     6  -5  -4  -6  -1  -5  -4   2  -3  -5  -5  -6  -5  -5  -5   1  -4  -7  -4  -2   63   0   1   0   1   0   1  16   1   1   1   0   0   1   0  11   1   0   1   2  1.40 0.76
   77 N    -4   6  -1  -2  -8  -1  -4  -6   0  -7  -6   6  -5  -7  -6  -2  -4  -8  -5  -6    2  38   3   2   0   2   0   0   3   0   1  44   0   0   0   3   1   0   0   0  1.63 0.82
   78 Y    -4   0  -3  -5  -5  -2  -3  -6   1   2   3   3   1   1  -4  -3   0  -4   3  -1    1   4   1   0   0   1   1   0   3  10  25  21   4   5   0   1   6   0  12   4  0.52 0.37
   79 F    -5  -8  -8  -9  -7  -8  -8  -9  -7   3   5  -8   0   7  -8  -7  -5  -4  -4  -2    1   0   0   0   0   0   0   0   0  13  44   0   2  38   0   0   1   0   0   2  1.74 0.79
   80 K     0  -3   0  -3  -2  -1  -3   1   0   0   0  -1  -1   2  -4   2   1  -4   2   0    7   1   5   0   1   2   1   9   2   5  11   4   1   9   0  19   8   0   9   5  0.19 0.21
   81 G    -4  -5   2   6  -8  -2   5  -2  -4  -7  -8  -4  -7  -8  -6  -1  -4  -9  -7  -7    1   0   9  38   0   2  40   3   0   0   0   1   0   0   0   5   1   0   0   0  1.54 0.80
   82 I    -4  -8  -8  -8  -4  -7  -7  -8  -7   7   2  -7   1   2  -8  -6  -4  -4   1   1    1   0   0   0   0   0   0   0   0  57  15   0   3   8   0   0   1   0   5   8  1.57 0.72
   83 I    -2  -7  -7  -8   3  -7  -7  -7  -8   5   0  -7  -2  -3  -7  -4  -3  -4  -6   6    4   0   0   0   5   0   0   0   0  30   9   0   1   1   0   1   2   0   0  47  1.48 0.71
   84 K    -2   6   1  -6  -8  -2  -5  -2  -3  -7  -6   5  -6  -7  -6   1  -3  -8  -6  -7    3  45   7   0   0   1   0   4   1   0   0  28   0   0   0  10   1   0   0   0  1.43 0.75
   85 K    -1   1   2  -3  -4  -2   3  -3  -1  -5  -2   5  -4  -5  -5   2   0  -7  -4  -4    5   7   8   0   0   1  16   2   1   0   5  33   0   0   0  14   5   0   0   1  0.67 0.47
   86 L    -3  -7  -7  -7  -4  -5  -7  -8  -5   1   6  -7   3   1  -6  -3  -4  -2  -4  -2    2   0   0   0   0   0   0   0   0   7  71   0   6   6   0   2   1   0   0   2  1.55 0.75
   87 N    -4  -7   1   2  -8  -4  -1  -5  -6  -8  -9  -3  -8  -9   8   0  -3  -9  -8  -6    1   0   6  10   0   1   4   1   0   0   0   2   0   0  65   8   2   0   0   0  2.02 0.98
   88 G    -1  -5   2   5  -6  -2   2   4  -3  -7  -7  -1  -7  -7  -4   0  -3  -7  -7  -6    5   0   8  29   0   1  15  28   1   0   0   3   0   0   1   7   1   0   0   0  0.96 0.55
   89 F    -2  -2   0   3  -6   1   4  -3  -3  -3  -3   0  -1  -3   1  -1   1  -5  -3  -3    2   2   4  18   0   5  31   2   0   2   2   6   2   1   7   4   9   0   1   2  0.56 0.41
   90 I    -3  -7  -6  -7  -5  -6  -6  -8  -8   6   1  -6   0  -3  -6  -4  -4  -7  -5   5    2   0   0   0   0   0   1   0   0  46  12   0   2   1   0   1   1   0   0  33  1.56 0.72
   91 E    -2  -1   1   1  -3   0   3  -4   2  -2  -2  -1  -2  -2  -4   1   3  -4  -1  -1    2   3   6   8   0   3  23   0   5   2   4   3   1   2   0  11  19   0   3   5  0.40 0.34
   92 I    -5  -6  -7  -7  -3  -6  -5  -7  -7   5   4  -7   2   4  -7  -5  -4  -4  -3   1    0   0   0   0   0   0   1   0   0  33  35   0   4  14   0   1   1   0   1  10  1.23 0.60
   93 K    -2  -1   0   1  -4   1   5  -4  -2  -2  -4   2  -2  -5  -5   2   1  -7  -5  -3    3   3   4   6   0   5  34   1   1   2   1  11   1   0   0  14  10   0   0   2  0.63 0.45
   94 T    -1  -2  -3  -3  -2  -1   0  -3  -3   1   1  -1  -1  -1  -3   1   3  -5  -2   3    5   2   1   1   1   3   6   2   0   6  17   4   1   2   1  11  17   0   1  21  0.27 0.26
   95 Y    -2  -2   2   4  -5   0   4  -2  -2  -1  -3   2  -2  -4  -4   0  -1  -6  -3  -2    3   2   9  21   0   3  23   2   1   4   2  13   1   1   0   7   4   0   1   3  0.53 0.38
   96 F    -3  -4   2   4  -7   0   4   2  -3  -5  -6   1  -4  -5  -3  -1  -2  -7  -5  -6    2   0  11  24   0   3  24  17   0   0   0   8   0   0   2   5   2   0   0   0  0.79 0.49
   97 N    -3  -2   6   2  -7   1   1   1   1  -6  -4  -1  -5  -4  -3   0  -1  -6  -5  -6    1   2  39  10   0   5   8  10   3   0   2   4   0   1   1   8   4   0   0   0  0.85 0.52
   98 K    -2   2   2  -1  -2   2   0  -2   1  -1  -2   3  -2  -1  -4   1   1   0  -2  -1    2  10  10   2   1  11   5   2   3   4   4  16   1   2   0   9  10   1   1   4  0.25 0.24
   99 M     0  -6  -6  -7  -1  -6  -7  -6  -7   4   4  -5   3  -2  -7  -5  -1  -4  -4   3    8   0   0   0   1   0   0   0   0  18  38   0   6   2   0   0   3   0   0  22  0.99 0.53
  100 E    -2   0   1  -2  -4   0   2  -3   1   1  -1   2  -2  -2  -4   0   3  -5  -2   0    1   4   6   2   0   4  12   1   4   8   7  15   0   2   0   7  18   0   2   7  0.26 0.26
  101 I    -5  -8  -9  -9  -6  -8  -8  -9  -8   7   2  -7  -2  -2  -8  -7  -6  -8  -5   3    1   0   0   0   0   0   0   0   0  63  18   0   1   1   0   0   0   0   0  16  1.95 0.85
  102 R    -2   3   0  -3  -5   1   0  -4   0  -1  -3   4  -2  -4  -5   2   2  -4  -2  -2    2  13   5   1   0   7   7   0   2   3   3  25   1   1   0  15  12   0   1   3  0.50 0.38
  103 Q     1  -6  -2  -3   7  -3  -4   0  -4  -6  -6  -5  -5  -5  -6   5   2  -3   1  -4   10   0   2   2  23   1   1   6   0   0   0   0   0   0   0  38  10   0   5   1  1.18 0.68
  104 Q    -1  -3   0   1  -7   0   2   5  -3  -5  -4   0  -3  -7  -3  -1  -3  -7  -6  -5    4   1   5   8   0   4  13  47   1   0   2   6   1   0   2   4   2   0   0   1  0.89 0.52
  105 D    -2   3   3   1  -5   1   0   0   0  -5  -4   4  -4  -3  -3   1  -1  -6  -4  -4    2  16  14   6   0   5   5   6   2   0   1  22   0   1   1  11   4   0   1   1  0.51 0.37
  106 S     1  -5  -2  -2  -2  -3  -5   0  -2   0  -4  -4  -5   0  -5   5   1  -5   1  -1   13   0   2   2   1   1   0   6   1   7   1   1   0   4   0  45   7   0   4   5  0.75 0.53
  107 V    -3   3   1  -1  -5   1   3  -5   1  -2  -3   3  -3  -1  -5   1   0  -4  -2   0    1  14   7   3   0   7  17   0   3   3   3  17   0   3   0  10   4   0   1   7  0.39 0.32
  108 Y     0  -7  -5  -7  -2  -7  -7  -4  -4  -1  -3  -7  -3   7  -6   0   1  -2   5  -2    8   0   1   0   1   0   0   1   0   3   2   0   1  48   0   6   9   0  17   3  1.49 0.73
  109 T    -3   2   3  -1  -6   1   1  -4   2  -3  -4   3  -3  -4  -5   1   2  -5  -4  -2    1  10  15   3   0   6   7   0   4   1   1  20   0   1   0  12  15   0   0   3  0.54 0.40
  110 L    -6  -7  -7  -8  -5  -7  -8  -9  -8   6   5  -7   1   1  -7  -7  -6  -5  -5   0    0   0   0   0   0   0   0   0   0  36  50   0   3   5   0   0   0   0   0   5  1.63 0.75
  111 T     0   0   4  -3   0   0  -3  -3   1  -1  -1   2   1  -2   1   1  -1  -5  -2   0    8   4  20   0   2   4   0   1   3   3   7  12   5   2   6  10   4   0   1   7  0.26 0.26
  112 L    -1  -7  -5  -6   4  -5  -5   6  -6  -2  -2  -5  -4  -5  -5  -1   3  -5  -3  -3    4   0   0   0   7   0   1  54   0   2   4   1   0   1   0   4  18   0   1   2  1.26 0.67
  113 N    -3  -4  -2  -5  -5   0  -2  -6  -3   3   4  -4   6   2  -6  -3  -2  -3   1  -1    2   1   2   1   0   5   2   0   1  15  34   1  18   8   0   2   2   0   4   3  0.77 0.46
  114 E     0  -3   3   4  -7  -3   0  -3  -3  -5  -6  -2  -6  -7   5   2  -3  -8  -6  -5    7   1  13  25   0   1   5   2   1   1   1   2   0   0  26  16   1   0   0   1  0.97 0.59
  115 I     5  -3  -4  -4  -4  -3  -3  -1  -2  -2  -5   0  -5  -5   4   1  -1  -6  -4   0   40   1   0   1   0   1   2   4   1   2   1   5   0   0  20  11   4   0   1   7  0.79 0.53
  116 S    -1  -3   1   4  -5   0   5  -2  -2  -5  -5   0  -4  -5  -5   1  -1  -7  -3  -3    6   1   6  22   0   4  36   3   1   1   1   5   0   0   0  10   3   0   1   2  0.82 0.52
  117 S    -4  -5   0   6  -9  -1   6  -4  -4  -5  -5  -4  -7  -8  -6  -3  -3  -9  -6  -8    1   0   4  36   0   3  49   1   0   1   1   1   0   0   0   2   1   0   0   0  1.71 0.86
  118 F    -8  -9  -9 -10  -9  -9  -9  -9  -6  -7  -6  -8  -6   9 -10  -8  -8  -2   7  -7    0   0   0   0   0   0   0   0   0   0   0   0   0  68   0   0   0   0  30   0  3.11 1.24
  119 P    -7  -9  -5  -8 -10  -5  -7  -9  -6  -6  -8  -8  -9 -10   9  -5  -6 -10 -10  -9    0   0   1   0   0   1   0   0   0   0   0   0   0   0  96   1   0   0   0   0  3.54 1.48
  120 Q     0   0   1   0  -4   1   2  -3  -1   0  -1   1  -1  -3   1   1   0  -5  -3   0    9   4   6   4   0   8  14   1   2   6   7  10   1   0   6   9   5   0   0   8  0.15 0.17
  121 I    -4  -6  -5  -6  -5  -5  -4  -7  -7   5   4  -4   3   3  -3  -4  -2  -1  -4   1    1   0   0   0   0   0   1   0   0  31  33   1   6  10   2   1   2   1   0  10  1.01 0.52
  122 D    -3  -5  -1   2  -8  -2   0  -4  -3  -4  -5  -2  -4  -5   8  -2  -3  -8  -4  -3    3   1   3   9   0   2   6   1   1   1   1   2   1   1  62   3   1   0   1   2  1.69 0.85
  123 E    -1  -1   0   1  -4   1   4  -3  -2  -1  -2   1  -2   1  -1   0   0  -5  -2  -1    5   3   3   7   0   7  26   2   1   3   4   9   1   6   3   8   7   0   1   4  0.27 0.25
  124 N    -2  -3  -1  -1  -3  -2  -1  -2  -2   3   1  -1   1   2   0  -1  -1  -2  -1   3    2   1   4   3   0   1   5   3   1  20  11   4   4   8   4   5   3   1   2  19  0.21 0.19
  125 I    -1  -3   1   3  -5   0   4  -1  -2  -1  -3   1  -3  -3   0   0   0  -6  -4  -1    4   1   7  16   0   4  25   4   0   3   3  10   1   1   5   7   5   0   0   4  0.39 0.31
  126 N    -1  -1   2   2  -4   0   2   1  -1  -3  -2   1  -3  -2   0   1   0  -3  -2  -2    5   3   8  12   0   3  17  13   1   1   4   8   1   2   4  11   4   0   2   2  0.24 0.22
  127 I     0  -1   1   2  -4   0   3   2  -2  -3  -4   2  -3  -5  -1   0   0  -5  -4  -2    6   2   6  10   0   3  20  17   1   1   1  11   0   0   3   7   7   0   0   4  0.35 0.29
  128 K    -1   0   2   1  -2   1   2  -2   1  -1  -3   2  -2  -1   0   0   1  -2   0  -1    5   3  11   6   1   6  12   3   3   4   2  13   1   2   4   6   9   0   3   5  0.16 0.16
  129 K     0   0  -1  -1  -2   1   1  -1   0  -1  -1   1  -1   0   0   2   1  -2   0  -1    6   4   2   2   1   6   8   5   2   3   5  11   1   4   4  19   8   0   3   4  0.12 0.16
  130 F    -2  -6  -7  -7  -2  -6  -6  -6  -4   5   2  -6   0   6  -7  -5  -2   0   0   2    3   0   0   0   1   0   0   1   0  27  15   0   2  30   0   1   2   1   3  13  1.09 0.54
  131 Q    -2   1   0  -1  -4   0   3  -4  -2  -1  -2   2  -2  -3  -3   2   3  -5  -4   0    2   6   4   2   0   4  16   0   1   3   3  13   1   1   1  17  16   0   0   7  0.36 0.32
  132 I    -4  -7  -8  -8  -5  -7  -7  -8  -7   6   4  -7   3   1  -7  -6  -4  -5  -5   2    1   0   0   0   0   0   0   0   0  39  32   0   7   5   0   0   1   0   0  14  1.40 0.66
  133 N    -2  -3   3   3  -5  -1   1  -3  -3  -6  -4   2  -6  -7   4   2  -1  -7  -6  -5    3   1  11  14   0   2   8   2   1   0   2  11   0   0  22  17   4   0   0   1  0.68 0.47
  134 T     2  -1   0  -3  -1   3  -1   1  -2  -2  -3   0  -3  -3   0   2   1  -2  -4  -2   19   4   5   1   1  15   3   9   1   2   2   6   0   1   4  17   7   1   0   3  0.30 0.29
  135 E     0  -1   1   2  -4   1   2   1  -1  -3  -3   3  -3  -3  -2   1  -1  -4  -4  -3    9   3   7  10   0   5  14   9   1   1   3  16   0   1   2  12   4   0   0   2  0.28 0.25
  136 E    -1  -2  -1   2  -3   0   2  -4  -3   1   1   1   0  -2  -3  -1   1  -5  -3   1    6   1   2  13   0   5  15   1   0   8  13   7   2   1   1   4   8   0   0  11  0.20 0.21
  137 F    -6  -8  -9  -9  -6  -8  -8  -9  -8   0   6  -8   0   6  -8  -8  -5  -3  -3  -2    0   0   0   0   0   0   0   0   0   5  64   0   2  26   0   0   0   0   0   2  1.83 0.84
  138 K    -1   4  -1  -4  -1   0  -2  -4  -1  -1  -1   6  -3  -5  -5  -1  -3  -7  -4  -2    5  18   2   1   2   4   2   1   1   4   7  41   1   0   0   6   1   0   0   3  0.80 0.50
  139 K    -2   2   2   3  -5   1   3  -2  -2  -5  -5   3  -4  -5  -5   0   0  -7  -4  -4    2  10   9  15   0   6  22   2   1   0   1  17   0   0   0   8   5   0   1   1  0.61 0.41
  140 A     2  -6  -6  -6  -2  -4  -6  -2  -6   2   2  -5   8  -3  -7  -1  -3  -6  -4  -1   19   0   0   0   1   0   0   4   0  11  19   0  33   1   0   4   1   0   1   4  1.12 0.62
  141 V    -4  -8  -7  -8  -6  -7  -7  -8  -8   7   2  -7  -1   1  -8  -6  -5  -7  -4   3    2   0   0   0   0   0   0   0   0  57  18   0   1   5   0   1   0   0   0  15  1.65 0.75
  142 K    -2   3   2   2  -6   1   2  -2  -1  -4  -4   4  -4  -6  -4   1  -1  -6  -4  -4    3  16  11  10   0   5  12   3   1   1   1  21   0   0   1  10   3   0   1   1  0.54 0.38
  143 N    -4   2   0  -3  -1   6   0  -4   1  -6  -4   5  -1  -5  -5   0  -4  -6  -5  -6    1  12   5   1   1  31   4   1   3   0   2  29   1   0   0   6   1   0   0   0  1.04 0.63
  144 V    -4  -7  -6  -7  -2  -7  -7  -8  -8  -1  -5  -7  -6  -7  -7  -3   7  -8  -7   4    1   0   0   0   1   0   0   0   0   3   0   0   0   0   0   2  62   0   0  30  2.02 1.00
  145 A     2  -2  -1  -4  -2  -1  -3  -3  -1   3   1  -2   0  -2  -4   2  -1  -1  -2   2   16   2   2   0   1   3   2   2   2  21  10   2   2   1   0  15   4   1   1  15  0.32 0.27
  146 F    -6  -3  -5  -8  -6  -7  -8  -8  -3   0  -4  -5  -4   9  -6  -6  -6  -3   3  -2    1   2   1   0   0   0   0   0   1   5   1   1   0  74   0   1   0   0  10   3  2.50 1.04
  147 A     7  -7  -7  -7   2  -6  -6  -5  -7  -6  -7  -6  -5  -8  -6   3  -4  -8  -7  -3   76   0   0   0   4   0   0   0   0   0   0   0   0   0   0  17   1   0   0   1  1.99 0.99
  148 A     5  -5  -6  -7   1  -5  -6  -5  -7   1  -4  -6   1  -5  -6  -1   1  -7  -6   4   44   0   0   0   3   0   0   0   0   7   0   0   4   0   0   4   9   0   0  27  1.12 0.65
  149 S     2  -5  -3  -4  -6   1  -4  -3  -3  -5  -6  -3  -6  -6  -5   6   0  -8  -3  -5   16   0   1   1   0   6   0   2   1   0   0   2   0   0   0  63   6   0   1   1  1.43 0.83
  150 N    -5  -2   4   6  -7   2   1  -5  -2  -6  -7  -2  -5  -6  -5   0   3  -8  -7  -5    1   2  16  36   0   8   9   1   1   0   0   3   0   0   0   8  15   0   0   1  1.05 0.61
  151 G    -5  -6  -1   6  -9  -1   6  -4  -3  -9  -8  -5  -6  -9  -6  -1  -4  -9  -8  -8    1   0   2  38   0   2  48   1   1   0   0   0   0   0   0   5   1   0   0   0  1.82 0.90
  152 A     1  -4   1  -2  -5  -2   1  -3  -4  -1  -3  -2  -2  -4  -2   3   4  -4  -5   0   11   0   6   2   0   1   8   1   0   4   2   2   1   0   2  24  28   0   0   8  0.57 0.45
  153 N    -7   8   0  -4  -9  -2  -5  -6  -2  -9  -8   2  -4  -9  -6  -4  -4  -9  -5  -8    0  76   4   1   0   1   0   0   1   0   0  13   0   0   0   1   1   0   0   0  2.36 1.06
  154 L    -2  -3  -5  -7  -8  -1  -5  -5   0  -3  -2  -3  -4  -2   7  -4  -4  -6   5  -4    3   2   1   0   0   3   0   1   2   2   4   2   1   2  56   1   1   0  19   1  1.74 0.88
  155 I     1  -5   0  -4  -4  -3   0  -6  -2   4  -1  -5   0   0  -5  -3  -1  -4   3   4   10   0   4   1   0   1   7   0   1  24   3   0   2   4   0   2   3   0   9  29  0.64 0.41
  156 Y    -7  -7  -9  -9  -5  -7  -8  -9  -2   1   6  -8   1   2  -8  -8  -6  -7  -1  -4    0   0   0   0   0   0   0   0   1   6  79   0   2   8   0   0   0   0   2   0  1.92 0.88
  157 K    -1  -4   5  -5  -1  -2  -5  -4  -3  -5  -6  -1   1  -7  -6   1   6  -6  -6  -6    4   1  26   0   2   2   0   1   0   0   0   4   3   0   0  11  43   0   0   0  1.29 0.74
  158 C    -3  -8  -6  -7   1  -8  -8   8  -8 -10 -10  -8  -9  -9  -8  -2  -7  -9  -9  -9    2   0   0   0   3   0   0  93   0   0   0   0   0   0   0   3   0   0   0   0  2.77 1.16
  159 I     0  -7  -7  -7   1  -6  -3  -6  -6   4   1  -7   1  -5  -7  -3  -3  -7  -6   6    6   0   0   0   3   0   2   0   0  22  10   0   3   0   0   2   1   0   0  49  1.25 0.64
  160 N    -5  -4   3  -6   0  -3  -6  -7   1  -4   5  -3  -1   2  -7  -2  -5  -3   4  -4    0   1  12   0   2   1   0   0   4   0  50   2   1   9   0   3   0   0  15   0  1.09 0.62
  161 F    -5  -7  -7  -8   1  -7  -8  -7  -7   2   3  -7   3   6  -8  -7  -4   5  -2   1    0   0   0   0   2   0   0   0   0  10  28   0   7  35   0   0   1   7   0   8  1.38 0.66
  162 K    -3   0   0   1  -4   1   5  -4   3  -1  -4   2  -3  -4  -5   1  -1  -4  -2  -1    1   4   4   7   0   7  32   1   6   4   2  11   0   1   0   9   4   0   2   5  0.55 0.40
  163 S     0  -2  -2  -5  -1  -2  -4  -3  -3   4   1  -1   0   4  -4  -1   0  -3  -1   2    7   2   2   0   1   2   1   2   1  22  13   4   2  17   0   4   5   0   2  13  0.40 0.28
  164 S    -1   0   1   2  -4   1   3  -1   0  -2  -4   3  -2  -3  -4   1   0  -6  -3  -2    3   5   6  11   0   5  20   5   2   2   2  18   1   1   0  10   7   0   1   2  0.37 0.30
  165 G    -2  -2   3   3  -6   0   3   3  -1  -6  -6   1  -5  -7   0   0  -3  -7  -5  -6    3   1  14  17   0   3  17  20   1   0   0   9   0   0   5   7   1   0   0   0  0.67 0.44
  166 N    -3  -2   5   3  -7  -1   1   3  -1  -7  -6   1  -6  -6  -4   0  -3  -7  -5  -6    2   2  24  18   0   3   9  23   2   0   0   9   0   0   1   6   1   0   0   0  0.82 0.50
  167 K    -2   1   1  -1  -2   1   1  -1   0   0  -2   3  -1  -1  -4   1   1  -4  -1  -1    1   7   6   2   1   7  11   6   2   5   3  18   1   2   0   9  10   0   2   5  0.19 0.20
  168 L    -3  -7  -7  -8  -4  -5  -7  -8  -7   4   5  -7   2   1  -6  -5  -4  -4  -4   1    3   0   0   0   0   0   0   0   0  18  59   0   4   6   0   1   1   0   0   7  1.36 0.66
  169 N    -3   4   1  -3  -3  -1   0  -5  -1   0  -3   2  -3  -3  -5   0   3  -6  -1  -1    1  25   8   1   1   2   6   0   2   5   2  13   1   1   0   7  20   0   2   5  0.56 0.41
  170 L     1  -6  -7  -7   3  -6  -6  -5  -6   1   3  -6   6   3  -7  -3  -2  -2  -4   1   11   0   0   0   5   0   0   1   0   6  28   0  21  13   0   2   3   1   0   9  0.93 0.52
  171 A     1  -6  -6  -8  -3  -6  -7  -7  -8   1  -3  -7  -3  -4  -7  -3   0  -8  -5   7   13   0   0   0   0   0   0   0   0   6   1   0   0   1   0   2   6   0   0  69  1.70 0.83
  172 A     7  -7  -7  -7  -3  -6  -6   0  -7  -7  -7  -6  -7  -8  -6   1  -1  -8  -7  -5   79   0   0   0   1   0   0   6   0   0   0   0   0   0   0  11   3   0   0   0  2.00 0.99
  173 T    -2  -7  -6  -7  -3  -7  -7  -8  -8  -2  -1  -7  -4  -8  -7  -1   8  -8  -7  -2    3   0   0   0   0   0   0   0   0   3   7   0   0   0   0   3  80   0   0   3  2.22 1.08
  174 D    -8  -8   1   9  -6  -7  -4  -7  -7 -10 -10  -7 -10 -10  -8  -7  -7 -11 -10 -10    0   0   5  94   0   0   0   0   0   0   0   0   0   0   0   0   0   0   0   0  3.23 1.34
  175 T    -3  -2  -4  -6  -7  -5  -6   6  -7  -7  -8  -5  -6  -6  -7   4   1  -8  -8  -6    2   3   1   0   0   0   0  58   0   0   0   1   0   0   0  26   8   0   0   1  1.64 0.84
  176 F    -6   0  -3  -7  -8  -3  -6  -7   8  -3  -6  -2  -6   5  -8  -5  -6  -5   6  -3    0   6   1   0   0   1   0   0  37   2   0   2   0  18   0   1   0   0  28   2  2.01 0.91
  177 R    -8   9  -7  -8  -6  -5  -7  -9  -7  -7  -8  -3  -6  -9  -9  -7  -7  -9  -8  -9    0  98   0   0   0   0   0   0   0   0   0   1   0   0   0   0   0   0   0   0  3.39 1.39
  178 L    -7  -8  -9  -9  -7  -8  -8  -9  -8   0   7  -8   3  -1  -9  -8  -7  -7  -4  -3    0   0   0   0   0   0   0   0   0   4  85   0   7   2   0   0   0   0   0   1  2.16 0.96
  179 A     6  -7  -6  -7  -4  -6  -6  -3  -7  -6  -7  -6  -6  -8  -6   4  -3  -8  -7  -2   69   0   0   0   0   0   0   2   0   0   0   0   0   0   0  24   1   0   0   3  1.84 0.94
  180 Y    -3   1  -4  -4  -1   0   1  -5  -1   1   2   1   2   1  -5  -2  -1   0   2   1    1   6   0   0   1   4  11   0   2   8  21   9   6   5   0   3   3   1   6  11  0.27 0.25
  181 Y     0   3  -1  -3   2   0  -1  -4  -1   1  -3   3   0  -2  -4   0   0  -3   1   0    8  19   2   1   4   3   3   0   1   7   2  20   2   2   0   6   5   0   5   8  0.34 0.29
  182 T    -2   1   0   1  -3   1   3  -4   0  -1  -4   3  -3  -4  -5   1   2  -2  -2  -2    2   8   3   6   0   5  18   1   2   4   1  21   0   0   0  10  14   1   1   3  0.43 0.35
  183 I    -1   0  -2  -2   0  -1   0  -2  -1   3   1   0   1  -1  -3  -1   1  -3  -1   2    5   6   1   1   2   2   7   3   1  21  10   6   4   2   0   4   8   0   2  13  0.15 0.16
  184 K    -1  -1   1   1  -5   0   3  -3   0  -2  -4   3  -1  -3   3   0   0  -6  -3  -3    6   3   8   7   0   4  17   2   2   2   1  17   1   1  14   5   6   0   1   2  0.38 0.30
  185 T    -1  -3  -1  -3   0  -3  -2  -2  -3   3   3  -3   1   1  -3  -2   0  -1  -2   2    5   1   3   1   2   1   2   3   1  19  27   1   3   5   2   3   7   1   1  14  0.35 0.25
  186 N    -1  -2   2   3  -5   0   3  -1  -2  -2  -3   1  -3  -3   2   1  -1  -6  -4  -2    4   1  10  14   0   3  20   4   1   3   3  10   0   1   9  11   3   0   0   2  0.37 0.30
  187 Q     0  -2   2   0  -4   1   2   1  -1  -2  -3   2  -2  -3  -1   1   0  -4  -1  -2    5   1  11   5   0   6  14  12   1   2   3  11   1   1   3  12   6   0   2   2  0.22 0.21
  188 I     0  -2   1   1  -1  -1   1   1  -2   0  -1   0  -1  -1   2   1   0  -4  -2   0    6   1   8   8   1   2   9   9   1   7   4   6   1   2   9  10   6   0   1   8  0.10 0.12
  189 L     0  -1   0   1  -2   0   1   0  -2   0   0   1  -1  -1   0   0   0  -2  -1   0    7   1   5   7   0   4   8   7   1   8   9  10   1   2   4   7   7   0   2   9  0.04 0.06
  190 E    -1  -3   1   2  -5   1   4   0  -1  -2  -3   1  -4  -3   1   1   0  -4  -3  -3    4   1   6  10   0   6  28   7   1   2   3   8   0   1   6  10   5   0   1   1  0.40 0.32
  191 D    -1  -2   2   3  -5   0   3   0  -1  -4  -4   1  -3  -2   1   0  -1  -4  -3  -4    4   2  10  19   0   3  20   8   1   1   2   7   0   2   8   7   4   0   1   1  0.42 0.30
  192 F     0   0  -2  -3  -1  -1  -1   0  -1   2   1   0   1   3  -3  -1   0  -2   0   1    6   5   2   1   1   3   3   6   2  13  11   8   4  15   1   3   5   0   2   8  0.13 0.14
  193 D    -2   0   3   2  -4   2   2   0  -2  -5  -5   2  -5  -6  -2   3  -1  -6  -5  -5    2   4  14   9   0   8  12   6   1   0   1  13   0   0   2  25   3   0   0   0  0.55 0.41
  194 F     1  -5  -6  -7   2  -5  -5  -5  -5   4   1  -5   1   3  -6  -3  -3  -5   0   4   14   0   0   0   4   0   0   1   0  22  10   1   3  13   0   1   1   0   3  26  0.78 0.44
  195 S    -5  -8  -4  -7  -6  -8  -8  -9  -8   7   0  -8  -3  -5  -7  -3  -1  -8  -7   3    1   0   1   0   0   0   0   0   0  65   8   0   0   0   0   3   4   0   0  18  1.87 0.84
  196 V    -6  -8  -8  -9  -4  -8  -8  -9  -8   7   1  -7  -3  -4  -7  -7  -6  -8  -6   5    0   0   0   0   0   0   0   0   0  49  12   0   0   1   0   0   0   0   0  38  1.89 0.84
  197 N    -6  -8  -4  -6  -9  -6  -6  -7  -4  -9  -6  -5  -9 -10   9  -2  -5 -10  -7  -7    1   0   1   1   0   0   0   0   0   0   1   1   0   0  90   4   1   0   0   0  3.11 1.35
  198 A     3   3  -2  -4  -4  -1  -3   2  -2  -2  -2   1  -3  -3  -1   1   0  -3  -2  -2   26  15   2   0   0   2   1  14   1   2   4   9   0   1   4   9   5   0   1   3  0.35 0.30
  199 K    -4   4  -2  -4  -8  -2  -3  -6  -4  -7  -6   7  -5  -8  -6  -2  -2  -8  -6  -6    1  23   2   1   0   1   1   0   0   0   1  64   0   0   0   3   3   0   0   0  1.87 0.91
  200 D     4  -5   1  -3  -2  -4  -3   1  -2  -1  -4  -4  -3  -2  -3   2   4  -6  -5  -1   29   0   7   1   1   0   2   9   1   3   1   0   1   2   1  14  25   0   0   4  0.62 0.46
  201 V    -2  -7  -8  -8  -4  -6  -7  -8  -7   3   5  -7   3  -1  -7  -6  -5  -6  -5   3    4   0   0   0   0   0   0   0   0  12  56   0   6   3   0   0   0   0   0  17  1.35 0.66
  202 K     0   0   3  -1  -4   2   0  -1   1   0   0   1   0  -3  -4   1   0  -5  -1  -1    7   4  17   3   0  11   4   4   3   5   8   8   3   1   0  11   6   0   2   4  0.20 0.21
  203 E    -5  -2  -3   1  -9  -1   7  -7  -3  -4  -3  -1  -5  -7  -7  -5  -4  -8  -6  -5    0   2   1   6   0   2  77   0   1   1   3   3   0   0   0   1   1   0   0   1  2.03 1.00
  204 L    -3  -6  -6  -8  -3  -7  -7  -8  -6   4   5  -7   1   1  -7  -7  -4  -6  -3   2    2   0   0   0   0   0   0   0   0  22  52   0   3   5   0   0   0   0   1  14  1.31 0.64
  205 L    -1  -1  -3  -5  -3  -2  -3  -4  -5   4   4  -2   3  -3  -5   0  -3  -6  -4   1    5   3   2   0   0   2   2   1   0  21  37   2   6   1   0   7   1   0   0   8  0.64 0.40
  206 P    -3   4  -1  -2  -3  -2  -2  -3  -1   0   2   4  -2  -2   0   0  -2  -5  -4  -2    2  22   3   2   0   1   1   2   1   6  19  23   1   1   5   6   2   0   0   2  0.48 0.36
  207 A     0  -2   0   2  -3  -1   1   0  -2   1   0  -1  -1  -2  -1   1   0  -4  -3   0    8   1   4  11   0   2  11   9   1  11  10   4   1   1   3  12   5   0   1   5  0.11 0.14
  208 D    -2  -3   2   5  -2  -1   3  -1  -2  -1  -2  -1  -1  -3  -3   0  -2  -5  -6  -3    3   1   8  31   1   2  21   5   1   4   5   4   1   1   1   6   2   0   0   2  0.60 0.41
  209 V     0  -2   0   3  -4   0   2   1  -2  -2  -2   0  -3  -3  -1   1   0  -5  -1  -2    7   1   4  14   0   3  16  12   1   2   3   6   0   1   3  12   7   0   2   3  0.24 0.22
  210 P    -1  -4   0   4  -4   0   4  -1  -2  -5  -4   0  -3  -6   1   1  -1  -7  -6  -4    4   0   5  25   0   3  30   5   1   1   2   4   1   0   6   9   3   0   0   1  0.73 0.48
  211 K    -1  -2  -1   2  -5   0   4   3  -2  -3  -4   1  -4  -6  -3  -1  -1  -6  -5  -2    4   1   3  12   0   4  31  20   1   2   2   9   0   0   1   4   4   0   0   3  0.59 0.41
  212 T    -2  -2   1   3  -5   0   4  -4  -3  -2  -3   1   0  -3   0   0   2  -4  -4  -2    3   1   7  16   0   4  24   1   0   2   2  10   2   1   5   6  11   0   0   3  0.44 0.34
  213 V    -3  -7  -7  -8  -1  -6  -7  -7  -8   5   1  -7   0  -1  -6  -5  -1  -7  -6   6    2   0   0   0   1   0   0   0   0  33  11   0   2   2   0   0   4   0   0  44  1.43 0.68
  214 T    -2   1   1   1  -5   1   3  -2   0  -2  -3   2  -3  -3  -4   1   2  -5  -2  -2    2   6   6   6   0   5  23   3   2   2   3  13   1   1   0   9  12   0   2   2  0.36 0.30
  215 M    -5  -7  -8  -7  -4  -7  -8  -8  -8   6   3  -7   3   1  -7  -7  -5  -5  -5   3    1   0   0   0   0   0   0   0   0  44  21   0   6   6   0   0   0   0   0  21  1.46 0.68
  216 F     0  -1   0  -2   1  -1  -1   0   1  -1  -1   0  -2   2  -4   2   1  -1   3  -1    7   3   3   2   3   3   4   8   3   4   5   5   1   8   0  15   9   1  11   5  0.13 0.16
  217 Y    -1  -4  -5  -4  -1  -4  -3  -5  -3   4   2  -3   1   4  -2  -3  -2  -1   1   2    4   1   0   1   1   1   2   0   1  22  19   2   3  17   2   2   3   1   4  14  0.56 0.34
  218 N     0  -4   2   2  -4  -1   0   2  -2  -4  -5  -1  -3  -2  -5   3   2  -6  -3  -3    6   0  10  13   0   2   5  15   1   1   1   4   1   2   0  26  11   0   1   1  0.51 0.39
  219 S    -2   0   2   4  -7   2   4  -1  -2  -6  -6   2  -5  -7  -1   0  -2  -7  -5  -5    4   5   8  22   0   7  24   4   1   0   0  11   0   0   3   7   2   0   0   0  0.68 0.45
  220 I    -3   0   7  -2  -7   0  -4  -1   2  -3  -7   1  -5  -6  -6   1   1  -5  -5  -5    2   6  47   2   0   3   0   5   4   2   0   9   0   0   0  11   8   0   0   1  1.15 0.65
  221 K    -5   0   0  -4  -7   6  -2  -5   6  -6  -3   2  -1  -1  -6  -2  -4  -5   2  -5    1   5   4   1   0  39   2   0  17   0   3  12   2   3   0   3   1   0   6   1  1.24 0.71
  222 F     1  -7  -7  -7  -1  -7  -7  -6  -7   6   1  -7   1   1  -7  -5  -4  -7  -5   4   13   0   0   0   1   0   0   0   0  38  11   0   4   5   0   0   1   0   0  28  1.20 0.60
  223 G    -1   1  -3  -4  -1   0  -2  -1  -1   1   2  -1   2   1  -4   0  -1  -3  -1   1    5   7   1   0   1   4   3   5   1  10  20   4   6   6   0   8   4   0   2  12  0.15 0.16
  224 V    -2  -8  -8  -9  -3  -8  -8  -8  -7   1  -1  -8  -1   9  -9  -7  -4  -2  -2   1    4   0   0   0   1   0   0   0   0   8   6   0   1  69   0   0   1   0   1   9  2.22 0.95
  225 E    -2   2   0   1  -4   2   2  -3   0  -1  -3   3  -1  -3  -4   1   1  -4  -1  -1    3   9   4   6   0   7  15   1   2   3   2  17   1   1   0  12   8   0   2   5  0.29 0.26
  226 Y    -1  -3  -1  -3   0  -2  -3  -2  -2   2   1  -2   1   3  -5   0   2  -1   2   1    5   1   3   1   2   1   1   2   1  12  14   3   4  15   0   7  12   1   6   9  0.27 0.23
  227 D    -2  -3   2   4  -7  -1   3   4  -4  -6  -6   1  -5  -7   0   0  -3  -7  -6  -6    2   1   9  21   0   2  16  30   0   0   0   7   0   0   4   6   1   0   0   0  0.81 0.50
  228 D    -3  -1   5   4  -7   0   2   1   1  -6  -7  -1  -4  -6  -4   1  -1  -6  -4  -5    2   3  28  21   0   3  11  11   3   0   0   4   0   0   0  10   4   0   1   1  0.80 0.50
  229 T    -1  -3  -3  -4  -1  -3  -4  -4  -3   3   0  -3   1   1  -5  -1   4  -2   1   2    4   2   1   1   1   1   1   1   0  15  10   1   3   6   0   4  30   1   4  15  0.54 0.38
  230 T    -2   1  -1  -2  -3   1   1  -4  -1   2   0   1   0  -1  -4   0   2  -2   0   1    1   7   2   2   0   6   9   0   1  12   9   8   2   2   0   7  16   1   4  11  0.21 0.22
  231 I    -5  -7  -8  -8  -4  -7  -7  -8  -6   5   4  -7   3   4  -7  -7  -5  -4  -2   2    0   0   0   0   0   0   0   0   0  26  35   0   6  18   0   0   0   0   1  13  1.26 0.61
  232 T    -3  -4  -3  -5  -4   1  -4  -5  -1   4  -1  -4  -1   1  -6   0   3  -2   4   3    2   1   1   0   0   7   1   0   1  20   4   0   1   5   0   9  17   0  12  18  0.59 0.41
  233 A    -1  -6  -5  -6   1  -6  -6  -4  -7  -2  -4  -6  -1  -7  -6   6   4  -8  -7  -2    5   0   0   0   3   0   0   1   0   3   2   0   2   0   0  62  20   0   0   2  1.57 0.88
  234 R    -4   8  -1  -7  -9   0  -5  -8  -4  -7  -5   3  -6  -8  -5  -2  -3  -8  -7  -5    2  68   3   0   0   3   0   0   0   0   1  17   0   0   0   3   2   0   0   1  2.02 0.95
  235 I    -6  -4  -8  -9  -6  -5  -8  -9  -6   2   6  -4  -1  -3  -6  -7  -3  -7  -6   1    0   1   0   0   0   1   0   0   0   8  77   1   1   1   0   0   1   0   0   7  1.75 0.82
  236 T    -6  -8  -7  -8  -6  -7  -8  -9  -8   7   3  -8  -1  -3  -8  -7  -3  -7  -3   2    0   0   0   0   0   0   0   0   0  60  25   0   1   1   0   0   2   0   1  11  1.83 0.81
  237 D    -3  -4   0   5  -8   0   6  -4  -5  -8  -8  -3  -6  -8  -5  -2  -4  -8  -7  -5    2   1   5  34   0   3  47   1   0   0   0   1   0   0   0   3   1   0   0   1  1.57 0.81
  238 L    -1  -7  -6  -5  -8  -5  -3   7  -8  -6  -6  -5  -5  -7  -7  -4  -5  -8  -6  -6    4   0   0   1   0   1   2  86   0   1   1   1   0   0   0   1   1   0   0   1  2.33 1.03
  239 P    -2   0   3   1  -5   4   3  -5  -1  -3  -5   2  -3  -6   0  -1   2  -6  -4  -2    3   4  13   6   0  16  18   0   1   2   0  12   1   0   5   4  12   0   0   3  0.53 0.40
  240 Y    -8  -9  -9 -10  -9  -9  -9  -9  -4  -7  -6  -9  -7   8 -10  -7  -8  -4   8  -7    0   0   0   0   0   0   0   0   0   0   0   0   0  56   0   0   0   0  44   0  3.11 1.25
  241 H    -7  -6  -6  -8  -9  -7  -7  -9  -5   1  -2  -4  -3  -3   8  -6  -7 -10  -7  -3    0   0   0   0   0   0   0   0   0   7   4   1   1   1  82   0   0   0   0   2  2.71 1.21
  242 N    -3  -3   6   6  -5  -2   0  -5  -3  -8  -7  -1  -6  -8   0  -1  -5  -9  -6  -7    2   1  32  43   0   1   4   0   1   0   0   5   0   0   5   5   0   0   0   0  1.50 0.77
  243 V    -6  -6  -8  -9  -8  -8  -8  -9  -3   0  -4  -7  -5   2  -9  -7   1  -1   9   0    0   0   0   0   0   0   0   0   0   5   1   0   0   6   0   0   8   1  71   7  2.59 1.13
  244 E    -3   2   1   1  -6   3   4  -3  -1  -6  -4   3  -3  -6  -4   1  -1  -4  -5  -6    2  12   7   7   0  11  27   2   2   0   1  15   0   0   0   9   4   0   0   0  0.68 0.46
  245 Q    -1   4   1  -2  -7   5  -1  -2  -1  -6  -4   3  -3  -7  -3   0  -2  -7  -4  -5    5  18   7   2   0  29   4   3   1   0   1  17   1   0   1   8   2   0   0   1  0.82 0.53
  246 L    -2  -7  -8  -8  -6  -7  -7  -8  -6   5   2  -7  -1  -3  -7  -5  -4  -7  -4   5    4   0   0   0   0   0   0   0   0  29  20   0   1   1   0   1   1   0   0  43  1.42 0.68
  247 F    -6  -8  -8  -8  -6  -8  -8  -8  -8   8   1  -6   0   2  -8  -7  -4  -7  -6   1    0   0   0   0   0   0   0   0   0  72  11   1   2   7   0   0   1   0   0   6  2.08 0.88
  248 N    -6  -5  -2  -6  -8  -5  -6  -7  -5  -8  -7  -5  -8  -8   9  -3  -4  -8  -8  -8    0   1   2   0   0   0   0   0   0   0   0   1   0   0  90   2   1   0   0   0  3.12 1.31
  249 K    -1   1  -1   0  -3   2   1  -2  -1  -3  -3   5  -2  -2  -2   0   0  -3  -2  -2    5   6   3   5   1  10  10   2   1   2   3  33   1   2   2   5   6   0   1   3  0.43 0.23
  250 A     0  -1   1   0  -1   0   0   1   0  -1  -1   0  -1  -1   0   1   0  -1  -1   0    8   3   6   7   1   4   5  10   2   5   6   6   2   3   3  16   6   1   2   6  0.05 0.03
  251 I     0  -1   0  -1   0   0   0  -1   0   0   0   0   0   2   1   0   0   1   1   0    6   4   4   4   2   3   5   5   3   5   9   4   2  14   6   6   5   2   5   6  0.04 0.02
  252 S     0  -1   1   0  -1  -1   0  -1  -1   0  -1  -1  -1  -2   1   2   2  -2  -1  -1    8   3   7   6   1   2   5   4   1   5   5   3   1   2   6  15  16   1   2   5  0.13 0.08
  253 E    -2  -1   2   3  -3   1   4  -2  -1  -3  -3   1  -3  -3  -2   0   1  -3  -3  -3    3   3  11  14   1   7  26   2   1   2   3   9   1   1   2   5   8   0   1   2  0.46 0.26
  254 T    -1  -2   3  -2   2  -1  -2  -2   2  -1  -2  -2  -2   4  -2   1   2  -2   3  -2    5   1  15   1   4   3   2   3   4   4   3   2   1  17   2  10  12   0   8   2  0.34 0.24
  255 K    -1  -1   2   2  -3   0   2  -1  -1  -2  -2   3  -2  -3  -1   0   0  -4  -2  -1    5   3  10  12   0   4  11   4   2   2   3  21   1   1   3   5   7   0   1   4  0.28 0.20
  256 H    -2   0   0  -3  -1  -1  -3  -3   1   0  -2   2  -2  -2  -4   1   5  -3   1  -1    3   5   4   1   1   2   1   2   3   6   4  14   1   2   1   9  34   0   5   3  0.50 0.36
  257 K    -2   3  -1  -2  -4   1   2  -3   0   0  -2   3  -2  -4  -3   0   1  -4  -2   0    2  14   3   2   0   6  16   1   2   5   3  19   1   1   1   8   8   0   1   8  0.35 0.27
  258 I     1  -6  -6  -7  -1  -6  -6  -6  -6   4   2  -5   2   1  -6  -4  -3  -3  -4   4   12   0   0   0   1   0   0   0   0  25  20   0   4   5   0   1   1   0   0  27  0.89 0.48
  259 T    -2   1  -1  -3  -4  -1   1  -4  -2   2  -1   2  -1  -4  -5   0   3  -5  -3   2    2   7   2   1   0   2   9   1   1  11   6  13   1   0   0   5  22   0   1  15  0.36 0.31
  260 I    -1  -7  -7  -7   0  -6  -7  -5  -7   5   2  -6   2   1  -7  -5  -2  -6  -4   5    6   0   0   0   2   0   0   1   0  26  18   0   4   6   0   1   2   0   0  34  1.06 0.54
  261 E    -2  -2   5   5  -5  -2   2  -2  -1  -6  -4   0  -4  -6   0   0  -3  -8  -5  -6    3   2  27  29   0   1  11   3   1   0   2   6   0   0   5   8   1   0   0   0  0.90 0.54
  262 K    -1   5  -2  -5   0  -3  -5  -5  -4  -4  -4   4  -5  -6  -4  -1   3  -5  -6  -1    5  34   2   0   2   0   0   1   0   1   2  25   0   0   1   4  18   0   0   4  1.03 0.61
  263 T     0   1   2   2  -6   2   3  -2   0  -4  -4   3  -3  -4  -3   1  -1  -6  -4  -3    7   6   9  11   0   9  20   2   2   1   2  16   1   1   1   8   3   0   0   1  0.46 0.34
  264 E     0  -1  -1   3  -5   2   5  -3  -2  -3  -1   0  -2  -5  -1   0  -1  -5  -4  -2    6   3   2  16   0   8  33   1   1   2   6   4   1   0   3   6   4   0   0   3  0.55 0.40
  265 F    -6  -8  -8  -9  -7  -8  -8  -8  -7   0   5  -8   0   7  -8  -8  -5  -2  -3  -2    0   0   0   0   0   0   0   0   0   5  53   0   2  36   0   0   0   1   0   2  1.85 0.84
  266 N     0   0  -1  -4  -4   0  -1  -4  -3   2   3  -1   2  -1  -5  -1  -1  -3   0   0    8   5   2   0   0   5   4   1   1  12  34   5   5   2   0   5   4   0   3   5  0.33 0.27
  267 N     0   1   3   2  -6   3   2  -1   1  -5  -4   1  -2  -6  -4   2  -2  -6  -4  -5    9   6  13  12   0  12  13   5   3   0   1   9   1   0   1  13   2   0   0   0  0.45 0.35
  268 L     6  -5  -4  -6  -1  -3  -5   0  -5  -2  -2  -4  -2  -7  -5   3   0  -7  -5  -1   54   0   1   0   1   1   0   7   0   2   4   1   1   0   0  17   5   0   0   5  1.03 0.63
  269 L    -3  -7  -7  -8  -1  -7  -7  -8  -7   5   4  -7   0  -2  -7  -6  -2  -7  -5   4    2   0   0   0   1   0   0   0   0  27  35   0   2   1   0   0   3   0   0  27  1.25 0.61
  270 N    -4   4   0   3  -7   0   4  -5  -3  -5  -5   4  -5  -7  -6  -2  -3  -7  -6  -6    1  21   4  17   0   3  22   1   0   1   1  24   0   0   0   3   1   0   0   0  1.00 0.58
  271 K    -3   8  -6  -7  -4  -2  -5  -7  -4  -2  -2   0  -2  -7  -7  -4  -2  -8  -7  -4    2  76   0   0   0   2   0   0   0   2   5   5   1   0   0   1   3   0   0   1  2.13 0.98
  272 I     5  -5  -5  -7  -1  -6  -6  -5  -7   1  -3  -6   1  -6  -6  -2   0  -7  -6   5   46   0   0   0   1   0   0   0   0   6   2   0   3   0   0   3   5   0   0  32  1.23 0.69
  273 W     3  -4   0  -4   0  -2  -3  -1  -3  -4  -3  -3   0  -3  -5   6  -1  -3  -2  -4   20   1   4   1   2   1   2   5   0   1   3   1   2   1   0  50   4   0   1   1  0.93 0.61
  274 I    -4  -7  -7  -7  -5  -5  -6  -7  -6   5   4  -6  -2  -2  -5  -3  -1  -6  -4   3    1   0   0   0   0   0   0   0   0  28  42   0   1   1   1   2   4   0   0  18  1.21 0.60
  275 N    -5  -7  -7  -8  -3  -5  -7  -7  -5   3   4  -7   3   6  -6  -6  -4  -4  -3   1    1   0   0   0   0   0   0   0   0  13  38   0   7  28   0   0   1   0   1  10  1.29 0.63
  276 S     5  -5  -3  -5  -2  -5  -5  -4  -5   0  -4  -5  -4  -3  -4   4   1  -6  -3  -1   40   0   1   0   1   0   0   1   0   5   2   0   0   1   0  34   9   0   1   4  1.02 0.63
  277 S    -2   4   4   0  -4   0  -2   0   0  -4  -3   1  -3  -4  -3   3  -1  -5  -3  -3    3  21  17   6   0   4   2   6   2   1   2   7   1   1   1  20   4   0   1   2  0.50 0.34
  278 T    -1   0   0   2  -3   1   3  -1  -1  -2  -2   1  -2  -2   0   1   1  -3  -2  -2    4   4   5  13   1   6  19   4   1   2   4   8   1   1   5   9   8   0   1   3  0.23 0.15
  279 D    -2  -2   0   4  -5  -1   4   1  -2  -2  -4  -1  -3  -2  -4   0  -2   1  -4  -4    3   2   5  24   0   1  30  12   1   2   2   3   1   2   1   7   2   2   0   1  0.66 0.39
  280 K    -1   3   1  -1  -5   0  -1  -1  -2  -2  -3   4  -1  -3  -3   2  -1  -5  -3  -2    5  13   8   3   0   3   3   4   1   3   3  30   1   1   1  14   4   0   1   3  0.45 0.32
  281 Q     1  -2   4  -2  -4   0  -2  -1   1  -2  -3   1  -2   0  -2   1   2  -4   2  -2   11   1  18   2   0   5   2   5   3   2   2   7   1   4   2  12  13   0   8   2  0.31 0.28
  282 N    -3   2   6  -1  -3  -2  -3  -1   4  -2  -4   1  -3  -3  -3   1  -2  -4  -2  -2    2  13  34   2   1   2   1   4   9   2   1   8   1   1   1  10   2   0   2   4  0.72 0.44
  283 R     0   0   0  -2  -2   0  -2   1  -3   2   0  -1   0  -3   1   0   0  -4  -2   1    8   5   5   2   0   6   1  10   0  13  10   4   2   0   9   7   5   0   1  12  0.12 0.14
  284 I    -4  -7  -7  -8  -5  -7  -8  -8  -8   6   0  -7  -1  -2  -8  -7  -3  -8  -6   6    1   0   0   0   0   0   0   0   0  36   6   0   1   2   0   0   1   0   0  51  1.78 0.80
  285 E    -4   5   0  -2  -4  -1  -1  -5   1  -1  -3   5  -3  -4  -6  -2  -1  -5  -3  -2    1  25   4   2   0   2   3   1   3   4   3  38   1   1   0   3   5   0   1   3  0.91 0.54
  286 L    -5  -6  -8  -8   0  -6  -7  -8  -7   2   5  -7   4   5  -8  -6  -5  -3  -2  -1    1   0   0   0   2   0   0   0   0  11  49   0   9  23   0   0   0   0   1   4  1.38 0.67
  287 K    -1  -1   2   2  -5   1   2  -3   1  -1  -3   2  -3  -3  -4   2   1  -5  -1  -2    5   3   9  10   0   5  15   1   3   4   3  11   0   1   0  17  10   0   2   2  0.33 0.29
  288 I    -2  -6  -5  -7  -2  -6  -6  -6  -5   5   2  -5   0   5  -1  -4  -1  -2  -3   2    3   0   0   0   1   0   0   0   0  30  20   1   2  21   3   1   4   0   0  13  0.93 0.49
  289 S    -1  -1   1   1  -4   1   2   0  -1  -4  -4   2  -4  -4  -3   3   1  -6  -3  -3    5   3   7   8   0   5  15   6   1   1   1  15   0   1   1  19   9   0   1   1  0.39 0.32
  290 N    -1  -2   3   3  -4  -1   3   1  -2  -6  -6   3  -4  -7   2   0  -2  -7  -5  -6    4   1  12  18   0   2  17   9   1   0   0  15   0   0   9   7   2   0   0   0  0.59 0.41
  291 Q    -4  -4   5   4  -7   0   1   4  -1  -7  -6   0  -5  -6  -5   0  -2  -6  -5  -7    1   1  25  19   0   4   8  25   1   0   0   7   0   0   0   6   2   0   0   0  0.94 0.55
  292 E    -1   1   1  -2  -2   2   2  -1   0  -1  -1   3  -1  -3  -3   0   1  -5  -2  -1    3   7   6   1   1   8  14   6   2   3   6  18   2   1   1   8   8   0   1   5  0.21 0.21
  293 I    -3  -6  -7  -7  -2  -6  -6  -7  -7   4   5  -6   5  -2  -7  -6  -3  -6  -5   2    3   0   0   0   1   0   0   0   0  20  45   0  12   2   0   0   1   0   0  15  1.26 0.62
  294 N    -2   0   0  -1  -3   0   3  -4   0   1  -1   2   0  -2  -4   0   3  -5  -3   1    1   5   4   2   0   4  18   1   3   9   6  11   2   1   0   6  16   0   1  10  0.27 0.26
  295 I    -4  -7  -7  -8  -4  -7  -8  -8  -8   6   4  -7   0  -2  -8  -6  -5  -7  -6   3    1   0   0   0   0   0   0   0   0  43  30   0   2   2   0   0   0   0   0  20  1.51 0.70
  296 Y    -2  -1  -1  -4  -3   0  -1  -5  -1  -1  -2   0  -1   0  -5   5   3  -6   0  -2    2   4   3   1   0   3   4   0   2   4   3   5   1   5   0  41  17   0   3   2  0.65 0.49
  297 T     4  -6  -4  -5   1  -5  -5  -2  -6  -4  -6  -4  -3  -5  -6   5   1  -5  -3  -1   35   0   0   0   3   0   0   3   0   1   0   1   1   0   0  39   9   0   1   5  1.13 0.69
  298 K    -1   1   4  -1  -3   2   2  -3   1  -3  -4   1  -2  -3  -4   1   0  -6  -2  -2    5   6  23   3   0  10  12   1   4   2   1   7   1   1   0  11   6   0   1   4  0.42 0.33
  299 L     0  -3   4   0  -4  -3  -2  -2  -1  -4  -5  -3  -4  -6  -4   4   3  -7  -5  -3    9   1  20   5   0   1   2   2   1   1   1   1   0   0   0  35  16   0   0   2  0.82 0.55
  300 D     1  -3  -1  -1  -5   2  -1  -2  -2  -2  -4  -2  -2  -3   5   2   1  -5  -4  -2   12   1   3   3   0   9   4   2   1   2   2   1   1   1  31  15   8   0   0   2  0.65 0.42
  301 E    -3  -4  -1   4  -7   3   6  -3  -3  -6  -6  -2  -4  -7  -5  -1  -4  -7  -5  -5    2   1   2  24   0  10  48   2   0   0   1   2   0   0   0   4   1   0   0   1  1.35 0.71
  302 L    -2  -2  -2  -4  -4   0  -3  -5  -2   4   1  -1   2   0  -5  -1  -1  -5   0   3    4   3   2   1   0   6   1   0   1  24  15   3   5   3   0   4   4   0   3  21  0.46 0.31
  303 G    -2  -5  -4  -4  -7  -5  -3   7  -6  -7  -7  -5  -7  -7  -6  -4  -6  -7  -7  -6    3   1   1   1   0   1   2  88   0   0   0   1   0   0   0   1   0   0   0   1  2.42 1.01
  304 D    -3  -1   2   2  -5   1   5  -2   0  -5  -5   2  -2  -5  -5   1   0  -3  -3  -5    1   4   9  12   0   4  35   3   2   1   1  10   1   1   0  10   5   0   1   0  0.70 0.45
  305 S     4  -4   0  -3  -3  -2   0   0  -3   1  -2  -3  -1  -1  -4   1  -1  -5  -2   2   31   0   5   1   0   2   6   7   1   8   3   1   2   2   0  12   3   0   2  14  0.35 0.30
  306 N     0   1   2  -1  -3   1   2  -2   2  -2  -2   2  -1  -2  -3   1   1  -4   0  -2    9   8  10   3   0   6  13   3   5   2   3  12   1   2   0   9   8   0   4   3  0.22 0.20
  307 V    -1  -2  -2   2  -5  -2   6  -3  -2   0  -3  -1  -3  -4  -4  -1  -1  -5  -3   1    5   2   2   9   0   1  48   2   1   6   2   3   1   1   1   4   4   0   1   9  0.80 0.47
  308 K    -4  -1  -2   2  -7  -1   6  -4  -3  -3  -5   2  -4  -4  -5   0  -1  -7  -3  -3    1   4   2   9   0   2  53   1   1   2   1  10   0   1   0   7   4   0   1   2  1.08 0.63
  309 T    -3  -3  -1  -3  -3   0   0  -5  -2   4   1  -2   2   0  -4   0   1  -4  -2   3    1   1   3   1   0   5   6   0   1  22  11   2   5   3   1   7  11   0   1  19  0.38 0.28
  310 T    -1  -2  -1   0  -1  -1   0  -3  -2   2   2  -1   1  -2   0   0   0  -3  -2   1    3   2   3   5   1   3   7   2   1  14  21   4   3   1   5   8   5   0   1  11  0.14 0.13
  311 K     0  -3   1   2  -3  -1   2  -1  -3   0  -2   0  -2  -2   3   0  -1  -4  -2  -1    9   1   6  14   0   3  15   4   0   6   5   5   1   2  15   6   2   0   1   5  0.26 0.22
  312 F     2  -4  -2  -3   3  -3  -1  -3  -2   4  -1  -2  -1   0  -5  -2  -1  -5  -3   3   21   0   2   2   7   1   5   1   1  20   4   2   1   4   0   3   3   0   1  24  0.50 0.34
  313 M    -1  -1   1   2  -4   2   4  -2  -1  -4  -5   2  -2  -4  -3   2   0  -6  -2  -2    5   3   5  13   0   8  24   2   1   1   1  14   1   1   1  13   6   0   1   3  0.47 0.36
  314 L    -4  -4  -4  -6  -1  -2  -4  -5  -2   2   1  -1   1   3  -4  -3  -1  -2   6   2    1   1   1   0   1   2   1   1   1  13  12   4   3  10   1   2   3   0  31  12  0.82 0.47
  315 E    -2  -2   1   2  -6   1   4  -3  -2  -3  -5   1  -3  -6  -4   2   2  -6  -4  -3    3   1   7  12   0   5  30   2   1   1   1   8   1   0   1  14  11   0   0   2  0.61 0.43
  316 G    -3  -7  -3  -2  -8  -5  -4   7  -5  -7  -8  -6  -8  -6  -7  -2  -6  -8  -5  -8    2   0   1   2   0   0   2  87   0   0   0   0   0   0   0   3   0   0   0   0  2.36 1.03
  317 T    -3  -4   0   4  -6   1   6  -2  -4  -5  -6   1  -6  -7   0  -1  -2  -7  -7  -5    2   1   4  18   0   4  45   4   0   1   0   9   0   0   6   4   2   0   0   1  1.04 0.62
  318 P    -1  -2   1   4  -6  -2   4  -1  -4  -6  -4   0  -4  -7   3   0  -2  -6  -5  -4    6   2   7  23   0   1  22   5   0   0   2   5   0   0  17   6   3   0   0   1  0.70 0.47
  319 F    -4  -5  -1  -6  -3  -2  -5  -3  -6   4   4  -5   4   3  -6  -4  -2  -5  -3   1    1   0   3   0   0   2   1   3   0  23  33   0   9  13   0   1   2   0   0   9  0.85 0.47
  320 V    -2  -1   0   1  -6   1   5  -4  -2  -3  -4   2  -1  -6  -5   1   2  -7  -4  -2    3   4   4   8   0   6  34   1   1   1   2  10   2   0   0  10  11   0   0   3  0.64 0.45
  321 F    -4  -8  -9  -9  -5  -8  -8  -9  -9   8  -1  -8   0  -2  -8  -6  -3  -5  -7   3    1   0   0   0   0   0   0   0   0  74   4   0   2   2   0   0   1   0   0  15  2.18 0.93
  322 D     4  -4  -2  -2  -2  -5  -5   4  -4  -3  -5  -3  -3  -4  -5   2   0  -4  -3  -2   34   1   2   3   1   0   0  29   0   2   1   1   1   1   0  17   4   0   1   3  0.82 0.53
  323 M    -8  -9  -9  -9  -3  -9  -9  -9  -7  -2   1  -9  -1   9  -9  -8  -8  -5   2  -2    0   0   0   0   1   0   0   0   0   2  10   0   1  78   0   0   0   0   5   3  2.74 1.11
  324 N    -7  -5   9   0  -7  -6  -6  -6  -6 -10 -10  -6  -7  -9  -8  -1  -6 -10  -7  -8    0   0  89   5   0   0   0   0   0   0   0   0   0   0   0   4   0   0   0   0  3.09 1.31
  325 F     3  -5  -2  -5  -1  -4  -5   1   0  -2  -5  -5  -4  -1   3   2  -2  -1   3   1   27   0   2   0   1   0   0  12   3   2   0   0   0   2  13  15   2   1  10  10  0.57 0.44
  326 N    -3   5   2  -2  -7   1  -2  -2   0  -5  -4   4  -3  -5  -5  -1  -2  -7  -4  -3    2  32   9   2   0   7   2   3   2   0   2  28   1   0   0   5   2   0   0   2  0.91 0.54
  327 Y    -8  -8  -4  -8  -9  -8  -9  -9  -3  -7  -4  -7  -7   5  -9  -8  -7  -4   9  -7    0   0   1   0   0   0   0   0   0   0   2   0   0  23   0   0   0   0  73   0  3.14 1.29
  328 L    -5  -7  -8  -8  -5  -7  -8  -8  -7   3   5  -7   4   2  -8  -7  -5  -5  -5   1    1   0   0   0   0   0   0   0   0  15  58   0   9   8   0   0   0   0   0   9  1.48 0.71
  329 K    -3  -1  -3  -6  -4  -1  -3  -6  -5   3   4   0   4  -2  -6  -2  -1  -6  -4   0    2   3   1   0   0   3   2   0   0  16  42   6  10   1   0   4   3   0   0   5  0.74 0.45
  330 D    -6  -7  -4   8  -9  -4   4  -7  -7  -9  -9  -5  -9  -9  -7  -4  -7 -10  -9  -9    1   0   0  71   0   1  26   0   0   0   0   0   0   0   0   1   0   0   0   0  2.51 1.12
  331 A     4  -6  -6  -6   1  -5  -5   1  -6   2  -2  -5   0   1  -1  -2  -3  -6  -2   3   36   0   0   0   3   0   0  11   0  13   2   0   2   5   3   2   1   0   1  19  0.72 0.48
  332 I    -4  -7  -8  -9  -3  -7  -8  -8  -8   2   6  -8   0  -1  -8  -7  -4  -7  -6   0    2   0   0   0   1   0   0   0   0  10  77   0   2   3   0   0   1   0   0   5  1.76 0.82
  333 S    -2   3   4  -3  -7   0  -2  -1  -2  -6  -6   5  -5  -7  -5   2  -2  -7  -6  -6    4  17  17   1   0   4   1   5   1   0   0  33   0   0   0  14   2   0   0   0  0.94 0.58
  334 I     3  -3   2  -5  -1  -2  -3  -3   3   1  -3  -4  -3  -4  -5   0   0  -6  -3   4   24   1  10   0   1   2   1   1   6   8   1   0   0   0   0   8   5   0   1  29  0.58 0.42
  335 T    -2  -5  -3  -4   0  -4  -5  -5  -4   5   2  -4   4   2  -5  -3  -2  -3  -2   2    3   0   1   1   2   1   1   1   0  35  20   1   9   9   0   2   3   0   1  11  0.79 0.44
  336 E    -3  -3   1   5  -5  -1   4  -1  -2  -6  -7   0  -6  -7  -1   1   0  -7  -6  -5    2   1   6  34   0   2  23   4   1   0   0   7   0   0   3  11   5   0   0   1  0.90 0.55
  337 G     0  -5   0   4   1  -2   2   2  -4  -6  -7  -1  -6  -7  -3   3   1  -7  -6  -5    6   0   4  24   3   1  12  18   0   0   0   3   0   0   1  19  10   0   0   0  0.70 0.48
  338 E    -5  -5  -1   4  -9   1   7  -7  -4  -8  -7   0  -5  -7  -3  -3  -4  -8  -6  -6    1   0   3  19   0   5  60   0   0   0   0   6   0   0   1   2   1   0   0   0  1.66 0.86
  339 T    -2  -3  -2  -3  -4  -2   0  -6  -4   4   0   0  -2  -4  -6  -3   1  -6  -4   5    3   1   3   2   0   2   7   0   0  25   6   6   1   0   0   1   7   0   0  36  0.76 0.46
  340 Y    -1   1  -1  -2  -2   0   0  -5  -1   2  -1   0   0  -1  -4   0   0  -3   0   3    4   7   3   2   1   5   8   0   2  14   4   7   2   3   0   6   7   0   3  24  0.24 0.23
  341 I    -5  -6  -7  -7  -3  -6  -6  -8  -6   5   3  -6   4   4  -7  -5  -1  -4  -4   1    1   0   0   0   0   0   0   0   0  31  30   0  10  14   0   0   5   0   0   8  1.17 0.59
  342 L    -2   0   0   0   0   1   3  -1   0  -3   1   1   2   1  -4   1  -2  -4   0  -3    2   6   5   4   2   5  22   4   2   1  14   8   5   5   0   9   2   0   3   1  0.23 0.25
  343 I    -4  -7  -7  -8  -3  -6  -5  -8  -5   2   4  -6   4   6  -8  -5  -2  -4   0   0    1   0   0   0   1   0   1   0   0   9  32   0   9  37   0   1   3   0   2   5  1.32 0.64
  344 D    -2  -3   4   0  -4   0  -2  -1  -2   0  -3   1  -2  -3  -5   2   3  -5  -3  -2    3   1  23   4   0   4   2   4   1   6   3   9   1   1   0  16  19   0   1   3  0.50 0.39
  345 E    -2  -4   2   4  -6  -2   1   4  -4  -5  -6  -2  -5  -7  -6   1   1  -7  -7  -6    3   0   8  25   0   2   7  31   0   1   0   2   0   0   0  12   7   0   0   0  0.89 0.53
  346 K     1  -3   1   0  -6  -2   2  -1  -3  -5  -6   1  -4  -5   4   3  -1  -7  -5  -4   12   1   7   4   0   2  12   4   1   1   0   7   0   0  23  22   3   0   0   1  0.62 0.45
  347 I    -1  -2   2  -1  -3  -1  -1  -2  -2   1   3  -1   3  -2  -4   0   1  -1  -2   1    3   2   9   4   0   2   4   3   1   7  27   3   8   1   1   6   8   1   1  10  0.23 0.22
  348 Q     0   2   2  -2  -5   0  -3  -1  -2  -6  -5   3  -4  -6  -5   5   0  -7  -6  -5    6   9   9   2   0   4   1   5   1   0   1  16   0   0   0  41   6   0   0   0  0.83 0.56
  349 N     1  -4  -6  -7  -8  -3  -7  -4  -6  -6  -8  -3  -6  -9   8   0  -4  -9  -8  -7   12   1   0   0   0   1   0   1   0   0   0   2   0   0  73   7   1   0   0   0  2.37 1.10
  350 I     2  -6  -5  -6   6  -6  -6   3  -6   2  -1  -6   1   1  -6  -2  -1  -6  -5   2   18   0   0   0  17   0   0  20   0  12   4   0   3   7   0   2   5   0   0  12  0.76 0.46
  351 V    -3  -3  -7  -7  -2  -2  -5  -7  -6   4   4  -2   1  -2  -6  -4  -1  -6  -4   4    2   2   0   0   1   2   0   0   0  21  32   2   2   1   0   1   4   0   0  30  0.96 0.51
  352 L    -5  -8  -8  -8  -5  -7  -8  -8  -8   7   2  -7   1   3  -8  -7  -5  -6  -5   2    1   0   0   0   0   0   0   0   0  51  20   0   3  12   0   0   0   0   0  13  1.60 0.73
  353 F    -4   4  -2  -4  -4   1   1  -5   0  -1  -2   4  -1  -3  -5  -1   2  -6  -2  -1    0  23   1   1   0   7   8   0   2   3   5  28   1   1   0   3  11   0   1   4  0.66 0.45
  354 S    -1  -5  -1   1  -4  -2  -1   1  -5  -4  -5  -3  -6  -6   6   2  -1  -7  -5  -3    5   0   3   8   0   1   4   9   0   1   1   1   0   0  45  14   3   0   0   2  1.10 0.62
  355 K     0  -2  -1   0  -2   0   2  -2  -2  -1  -1   1  -1  -2   1   0   0  -4  -1   2    9   1   3   4   1   3  17   2   1   4   6  10   1   1   8   7   6   0   2  15  0.16 0.18
  356 D    -2  -4   2   4  -6  -1   4   2  -2  -5  -5   0  -4  -5  -3   1  -2  -6  -4  -5    2   0   9  20   0   2  24  18   1   0   1   6   0   0   1  10   3   0   1   1  0.67 0.44
  357 N    -3  -1   3   5  -4  -1   1   2  -1  -5  -5   0  -3  -5  -4   0  -2  -6  -4  -4    2   3  15  33   0   3   9  13   2   0   1   6   1   0   1   8   2   0   0   1  0.73 0.45
  358 P    -2  -2   0   4  -6   0   4  -2  -2  -3  -4   1  -3  -4   2   1   0  -6  -3  -4    3   1   5  21   0   4  23   3   1   2   2   9   1   1   9   8   5   0   1   1  0.53 0.38
  359 N    -2  -2   4   4  -6  -1   1   0  -1  -6  -5   0  -3  -4  -2   3  -1  -7  -3  -5    2   2  18  24   0   3  10   8   1   0   1   5   1   1   2  19   4   0   1   0  0.67 0.44
  360 S    -2  -5  -1  -5   0  -2  -4  -6   1  -2   0  -5  -1   5  -6   0  -1   0   7  -2    4   0   3   1   2   2   1   0   3   3   8   0   1  23   0   7   3   1  36   2  1.13 0.61
  361 K    -3   0  -4  -5  -3  -1  -4  -6  -5   3   4   1   0   1  -6  -3   2  -4  -3   1    1   4   1   0   1   4   1   0   0  14  40   8   2   6   0   2  11   0   1   8  0.62 0.40
  362 Q    -3  -6  -2  -7   3   3  -5  -5   5  -5  -6  -6   0   2  -8  -3  -4  -3   8  -6    2   0   2   0   6  11   0   1  14   1   0   0   3   6   0   2   1   0  50   0  1.88 0.90
  363 I    -6  -7  -8  -8  -6  -7  -8  -8  -8   4   5  -7   1  -3  -8  -7  -5  -7  -6   4    0   0   0   0   0   0   0   0   0  20  47   0   3   1   0   0   0   0   0  30  1.53 0.72
  364 I    -5  -8  -8  -8  -4  -7  -8  -8  -8   6   2  -7  -1  -3  -8  -6  -5  -7  -6   5    1   0   0   0   0   0   0   0   0  46  15   0   1   1   0   0   0   0   0  36  1.73 0.78
  365 T    -5  -7  -8  -9  -5  -6  -8  -8  -8  -4   3  -7  10  -6  -8   0   1  -7  -7  -3    0   0   0   0   0   0   0   0   0   0  22   0  61   0   0   6   8   0   0   2  2.42 1.09
  366 P    -7  -9  -9  -8 -10  -7  -8  -9  -9 -10 -10  -8  -9 -10   9  -7  -8 -11 -10  -9    0   0   0   0   0   0   0   0   0   0   0   0   0   0 100   0   0   0   0   0  3.77 1.54
  367 L    -5  -7  -8  -8  -4  -5  -7  -8  -6   4   2  -7   7  -4  -7  -7  -4  -7  -3   5    0   0   0   0   0   0   0   0   0  20  15   0  27   1   0   0   0   0   1  35  1.61 0.76
  368 R    -7   8  -3  -7  -9  -5  -6  -8  -6  -9  -8   3  -7  -9  -8  -7  -7  -9  -8  -9    0  83   1   0   0   0   0   0   0   0   0  15   0   0   0   0   0   0   0   0  2.83 1.18
  369 R    -3   5  -3  -3  -6   6  -1  -4  -2  -5  -5   4  -3  -6  -4  -3  -3  -5  -4  -5    0  31   0   0   0  45   0   0   0   0   0  24   0   0   0   0   0   0   0   0  1.36 0.47

                      K         Lambda
Standard Ungapped    0.1350     0.3176
Standard Gapped      0.0519     0.2670
PSI Ungapped         0.1697     0.3174
PSI Gapped           0.0519     0.2670
