
Last position-specific scoring matrix computed, weighted observed percentages rounded down, information per position, and relative weight of gapless real matches to pseudocounts
            A   R   N   D   C   Q   E   G   H   I   L   K   M   F   P   S   T   W   Y   V   A   R   N   D   C   Q   E   G   H   I   L   K   M   F   P   S   T   W   Y   V
    1 M    -6  -7  -8  -9  -6  -7  -8  -8  -7   2   5  -7   6   4  -8  -7  -6  -6  -5  -4    0   0   0   0   0   0   0   0   0  11  57   0  17  16   0   0   0   0   0   0  1.72 0.72
    2 I    -4  -8  -8  -8  -5  -8  -8  -8  -8   6  -4  -8  -3   5  -8  -7  -1  -5  -3   4    1   0   0   0   0   0   0   0   0  48   0   0   0  22   0   0   3   0   1  23  1.75 0.74
    3 D    -8  -8  -4   9 -10  -7  -2  -8  -8 -10 -10  -7 -10 -10  -8  -7  -8 -11 -10 -10    0   0   0  98   0   0   2   0   0   0   0   0   0   0   0   0   0   0   0   0  3.40 1.28
    4 I    -1  -7  -4  -6  -5  -6  -6  -6  -5   2  -6  -6  -6  -7  -6   4   6  -8  -6  -2    5   0   0   0   0   0   0   0   0  12   0   0   0   0   0  29  49   0   0   3  1.54 0.79
    5 G    -7  -7  -6  -8  -2  -6  -7   1  11 -10 -10  -7  -8  -8  -9  -6  -8  -9  -5 -10    0   0   0   0   1   0   0  12  86   0   0   0   0   0   0   1   0   0   0   0  3.85 1.37
    6 L     5  -7  -7  -8   9  -7  -7  -6  -5  -3  -3  -7  -6  -4  -7  -2   1  -8  -7   1   43   0   0   0  34   0   0   0   0   1   2   0   0   1   0   3   7   0   0   8  1.80 0.80
    7 N    -9  -7   3  -7 -10  -6  -7  -9  11 -10 -10  -7  -9  -8  -9  -7  -8  -9  -5 -10    0   0  14   0   0   0   0   0  86   0   0   0   0   0   0   0   0   0   0   0  4.04 1.43
    8 L    -6  -8  -9  -9  -7  -8  -8  -9  -8   2   6  -8  -1  -3  -6  -8  -6  -3   0   0    0   0   0   0   0   0   0   0   0   9  80   0   1   1   0   0   0   0   3   5  1.92 0.82
    9 T    -1  -4   4   5  -2   1  -1  -3   2  -4  -4  -4  -2  -2  -4  -1   3  -2   1  -4    6   0  18  28   1   5   4   2   4   1   2   0   1   2   1   4  16   1   5   1  0.69 0.44
   10 S    -2  -4   0   4  -4  -4  -2  -2   3  -3  -1  -3   3   4  -3   1  -3   0   1  -3    4   1   5  24   0   0   2   3   7   1   7   1   7  20   1   9   1   1   4   1  0.58 0.37
   11 S    -1   1  -1   2  -4   0   3  -3   0  -4  -4   2  -4  -5   4   0  -2  -5  -5  -4    6   7   2  11   0   3  19   2   2   1   1  11   0   0  21   8   2   0   0   1  0.57 0.36
   12 Q     2   2  -1   2  -3   3   2  -2   0  -4  -4   1  -3  -5  -1   0  -1  -3  -2  -2   16  12   2  11   0  11  15   2   2   1   1   8   0   0   3   7   2   0   1   2  0.36 0.27
   13 F    -5  -7  -7  -5  -7  -7  -6  -6  -4  -3   1  -6  -3   8  -6  -7  -6  -2   5  -5    1   0   0   1   0   0   1   1   0   1  11   0   0  64   0   0   0   0  17   0  2.27 0.88
   14 A     1   0   0   5  -4   0   1  -1  -1  -3  -3   1  -4  -3  -3   0  -3  -6  -2  -3   14   5   4  32   0   3   8   4   2   1   2   8   0   1   1   8   1   0   1   2  0.52 0.34
   15 G     1   0   1   3  -5   0   3   1   0  -4  -4   1  -4  -5   0   0  -1  -4  -4  -4   12   5   6  15   0   3  16  12   2   1   1   8   0   0   5   7   2   0   0   1  0.35 0.27
   16 E    -6  -3  -1   8  -6  -1   1  -5  -2  -5  -7  -3  -5  -8  -4  -4  -4  -9  -7  -7    1   2   2  75   0   3   8   1   1   1   0   2   0   0   1   1   1   0   0   0  2.14 0.90
   17 Q    -2   6  -6  -6  -4  -2  -3  -5  -2   1   3  -3  -2   0  -3  -5  -3   0  -3   0    3  40   0   0   0   2   2   1   1   7  27   0   1   4   2   0   1   1   1   7  0.91 0.50
   18 P     0  -2  -1   5  -5   0   4  -2  -1  -5  -5  -1  -5  -6   1  -1  -3  -7  -5  -4    9   2   2  32   0   3  26   4   1   1   1   3   0   0   8   4   2   0   0   1  0.83 0.48
   19 E     3  -1  -2   2  -6   3   5  -2  -3  -5  -4  -1  -3  -5  -3  -1  -2  -7  -5  -4   23   3   2  11   0  11  33   3   0   1   2   3   1   0   1   5   2   0   0   1  0.72 0.46
   20 L    -2  -7  -8  -8  -4  -6  -6  -7  -6   3   0  -7   1  -5  -7  -6   0  -8  -3   7    3   0   0   0   0   0   1   0   0  12   7   0   3   0   0   0   5   0   1  68  1.68 0.74
   21 V    -5  -5  -8  -8  -5  -6  -7  -8  -6   6   4  -7   1  -1  -7  -6  -5  -4  -4   2    1   1   0   0   0   0   0   0   0  40  39   0   3   2   0   0   0   0   0  14  1.47 0.64
   22 A     3   1   0   1  -4   3   3  -2  -1  -5  -4   1  -3  -5  -4  -1  -2  -6  -4  -4   22   7   4   9   0  12  22   2   1   0   2   9   0   0   0   5   3   0   0   1  0.52 0.37
   23 R    -2   8   0  -2  -6  -1  -1  -6  -2  -8  -6   0  -5  -6  -7  -2  -5  -8  -6  -8    4  73   5   2   0   2   4   0   1   0   1   4   0   0   0   3   1   0   0   0  2.03 0.88
   24 A     7  -7  -6  -7  -1  -5  -6  -5  -7  -3  -2  -6   1  -4  -6  -1  -3  -4  -5  -5   82   0   0   0   1   0   0   0   0   1   4   0   3   1   0   4   1   0   0   0  1.95 0.90
   25 R     0   4  -2  -3  -4   1   0  -3   1  -1   0   3  -2   0  -2  -2  -2   1  -2  -2    8  27   1   1   0   6   6   2   3   4   9  16   1   5   2   2   2   2   1   2  0.40 0.29
   26 A     3  -1   0   3  -5   2   4  -2  -3  -5  -4   0  -4  -7  -5   0  -3  -5  -5  -4   24   4   4  16   0   8  25   2   1   0   2   6   0   0   0   6   1   0   0   1  0.66 0.43
   27 A     6  -2   2  -4  -2   0   0  -2   0  -5  -4  -2  -3  -4  -5   0  -2  -4  -4  -1   56   2   8   1   1   4   5   3   2   0   1   3   1   1   0   6   2   0   0   4  0.93 0.54
   28 G    -5  -3   1  -1  -8  -3  -4   7  -6  -9  -8  -2  -8  -8  -7  -4  -7  -4  -7  -8    0   2   7   4   0   1   1  79   0   0   0   3   0   0   0   1   0   0   0   0  2.08 0.86
   29 V    -4  -8  -7  -8  -3  -7  -8  -7  -8   3   0  -8  -2  -5  -8  -7  -5  -8  -6   7    1   0   0   0   0   0   0   0   0  16   9   0   1   0   0   0   0   0   0  72  2.03 0.83
   30 E     0   1   0   1  -2   0   2   0  -1  -2  -3   1  -2  -3  -4   1   2  -3  -3   0    6   9   4   7   1   3  16   7   2   2   2   8   1   1   0  10  13   0   1   7  0.20 0.19
   31 A     1   4  -2  -4  -2   1  -2   1   3  -2  -2   2  -2   0  -3  -2   0   2   1  -3   14  20   1   0   1   5   2   9   6   2   4  14   1   4   1   2   6   3   5   1  0.33 0.26
   32 L    -2  -7  -8  -8   0  -5  -7  -8  -5   6   1  -7   6   1  -7  -7  -5  -2  -4   2    3   0   0   0   2   1   0   0   0  41  13   0  20   6   0   0   0   1   0  13  1.41 0.62
   33 I    -4  -7  -4  -8  -1  -6  -7  -6  -7   6   3  -7   2  -2  -7  -6  -3  -7  -5   4    1   0   1   0   1   0   0   0   0  39  25   0   4   1   0   0   1   0   0  25  1.35 0.59
   34 L    -1  -5   4  -2   4  -3  -1  -5  -2   2   0  -5  -2  -5  -5  -1   3  -5  -5   3    5   0  20   2   7   1   4   0   1   9   8   0   1   0   0   4  17   0   0  20  0.58 0.38
   35 T    -1  -7  -6  -7   0  -5  -7  -6  -4   5  -3  -6  -3  -5   3  -2   2  -7  -6   5    5   0   0   0   2   0   0   0   0  28   1   0   0   0  16   2  10   0   0  34  1.14 0.58
   36 G     2  -7  -4  -6   1  -7  -6   7  -6  -7  -8  -7  -8  -6  -7   0  -4  -8  -8  -7   13   0   1   0   3   0   0  74   0   0   0   0   0   0   0   7   1   0   0   0  1.99 0.84
   37 T    -1  -6  -3  -2   3  -4  -2  -4  -5   2  -3  -5  -2   0  -6   2   5  -1   2   1    6   0   1   2   7   0   2   1   0  12   2   0   1   4   0  13  34   1   6   9  0.68 0.44
   38 N    -4  -2   3   6  -2  -2  -1  -1  -2  -7  -7  -2  -7  -7  -6   2   0  -6  -5  -5    1   2  11  48   1   2   4   5   1   0   0   2   0   0   0  15   6   0   0   1  1.19 0.60
   39 L    -1  -1  -5  -4  -4  -4  -1  -4  -2   2   4  -3   1  -2   2  -3  -2  -2  -1   2    6   4   0   1   0   0   5   1   1  11  38   1   3   2  10   1   2   0   2  13  0.51 0.32
   40 A     2  -1  -1   2  -6   1   4  -2  -1  -5  -5   2  -4  -6   1  -1  -1  -6  -5  -3   17   4   2  12   0   5  26   4   1   0   1  10   0   0   8   5   3   0   0   2  0.52 0.36
   41 G    -1  -2  -1   2  -5  -2   1  -1  -1  -4  -5  -3  -3  -5  -5   5   3  -7  -5  -4    4   2   3  12   0   1  10   5   2   1   1   1   0   0   0  38  19   0   0   1  0.79 0.50
   42 S     0  -6   1  -5   1  -5  -5  -3  -3  -1  -3  -5  -2   0  -5   6  -1   3  -3  -3    8   0   5   0   3   0   0   1   1   4   3   0   1   4   0  59   3   4   1   2  1.17 0.66
   43 R     0   4  -3   0  -4   2   3  -3   1  -2  -2   3  -3  -4  -1  -2  -3  -5  -3  -3    6  24   1   4   0   9  17   2   3   2   5  15   0   0   4   3   1   0   1   2  0.51 0.34
   44 E     2   4  -1  -1  -4   2   2  -3  -1  -3  -2   3  -2  -3  -2  -1  -1  -3  -4  -3   16  20   3   3   0  10  11   1   1   1   4  17   1   1   1   4   3   0   0   1  0.44 0.31
   45 S     6  -5  -2  -6   2  -5  -5  -2  -5  -2  -2  -6  -2  -5  -5   1   0  -7  -5   1   57   0   2   0   4   0   0   3   0   3   3   0   1   0   0  12   5   0   0   8  1.10 0.60
   46 A     0  -1  -5  -5  -1  -2  -4  -7  -3   4   3  -3  -1  -1  -6  -3  -4  -5  -3   4    7   4   0   0   1   2   1   0   1  21  29   2   1   2   0   2   0   0   0  27  0.76 0.40
   47 D     3   1  -2   1  -5   1   4  -3  -1  -5  -4   1  -4  -6  -4   0  -2  -7  -4  -4   22   8   2   8   0   7  29   2   1   0   2   9   0   0   1   5   2   0   0   1  0.62 0.41
   48 L    -5  -5  -6  -6  -3  -5  -7  -8  -4   4   6  -6   2  -1  -7  -6  -3  -2  -1  -1    1   1   0   0   1   0   0   0   0  18  65   0   4   3   0   0   2   1   2   3  1.44 0.63
   49 A     6  -5  -6  -7   3  -5  -5  -5  -5  -3  -4  -5  -6  -6  -6   1   0  -8  -6  -1   68   0   0   0   6   0   0   0   0   2   1   0   0   0   0  10   6   0   0   4  1.53 0.74
   50 A     0   3   0   0  -4   2   4  -2   1  -5  -4   2  -3  -6  -5   0  -3  -6  -5  -4    9  15   3   5   0   8  30   4   4   0   1  10   1   0   0   6   1   0   0   1  0.61 0.38
   51 L     0   4  -1  -1  -5   3   1  -3  -1  -3  -4   3  -2  -6  -4   0   0  -6  -4  -4    8  22   3   3   0  12  10   2   1   2   2  20   1   0   1   6   6   0   0   1  0.55 0.36
   52 W    -4  -1   0  -4  -3  -2  -2  -5   7  -4  -3  -4  -3   4  -5  -4  -4   1   7  -4    1   3   5   1   1   2   3   1  21   1   2   1   1  13   1   1   1   2  38   1  1.47 0.64
   53 P    -1  -2  -2   2  -4  -1   2  -3  -2  -5  -4  -1  -4  -4   6   0  -2  -5  -4  -4    5   3   2  11   0   2  14   2   1   1   2   4   0   1  41   6   2   0   1   1  0.95 0.44
   54 G    -1  -2   2   4  -4  -1   1   4  -2  -4  -4  -1  -3  -4  -1   0  -2  -3  -4  -3    6   2  11  20   0   2  10  26   1   1   2   3   1   1   3   7   2   0   1   2  0.51 0.27
   55 Y    -1   1  -1  -1   0   1  -1   0   1   0   0   0   1   3  -1  -1  -1   1   1   0    4   9   3   3   2   7   3   7   4   6   6   4   5  14   2   4   4   2   5   6  0.07 0.06
   56 C    -4  -6  -6  -6   1  -6  -6  -7  -7   5   3  -6   0  -2  -6  -5  -4  -5  -5   5    1   0   0   0   3   0   0   0   0  27  23   0   2   2   0   0   1   0   0  38  1.26 0.54
   57 F    -3   0  -6  -5  -4  -5  -6  -7   0  -5  -4  -3  -5   5  -7  -2  -4   7   8  -4    2   5   0   1   0   0   0   0   2   1   1   1   0  24   0   4   1  12  42   1  1.80 0.73
   58 S     6  -5  -4  -6   4  -4  -6  -1  -4  -4  -4  -5  -4   1  -2   1  -1  -4  -4  -1   61   0   1   0   8   0   0   4   0   1   1   0   0   5   3   8   3   0   1   4  1.21 0.61
   59 T     4  -6  -4  -6   0  -5  -6  -2  -6  -3  -5  -5  -1  -7  -6   2   5  -7  -6   0   37   0   0   0   2   0   0   2   0   1   1   0   1   0   0  16  34   0   0   5  1.16 0.62
   60 A     3  -7  -7  -7  -1  -6  -7  -6  -7   2  -1  -6  -2  -3  -6  -4  -4  -4  -4   6   25   0   0   0   1   0   0   0   0  11   6   0   1   1   0   1   1   0   0  52  1.33 0.62
   61 G    -3  -8  -6  -7  -9  -8  -8   8  -8 -10 -10  -8  -9  -9  -8  -5  -8  -9  -9  -9    2   0   0   0   0   0   0  97   0   0   0   0   0   0   0   0   0   0   0   0  2.97 1.09
   62 V    -4  -6  -7  -8   0  -6  -7  -8  -6   6   1  -7  -1   1  -7  -6  -3   2  -1   4    1   0   0   0   2   0   0   0   0  38  13   0   1   6   0   0   2   3   2  31  1.26 0.54
   63 H    -8  -7  -6  -4 -10  -4  -7  -8  12 -10 -10  -7  -8  -8  -8  -6  -7  -9  -4 -10    0   0   0   1   0   1   0   0  96   0   0   0   0   0   0   0   0   0   0   0  4.42 1.45
   64 P    -6  -6  -9  -8  -9  -8  -8  -9  -9  -9  -9  -8  -9 -10   9  -7  -8 -10 -10  -9    0   1   0   0   0   0   0   0   0   0   0   0   0   0  99   0   0   0   0   0  3.71 1.36
   65 H    -5  -5   3  -3   0  -1  -1  -6  10  -4  -5  -6  -5  -6  -7  -2  -1  -8  -1  -5    1   0  11   2   2   3   4   1  64   1   1   0   0   0   0   3   4   0   2   1  2.38 0.91
   66 D    -3  -3   2   6  -3  -1   4  -4   4  -7  -5  -4  -5  -5  -6   0  -4  -3   1  -6    3   1   8  37   1   3  25   1   8   0   1   0   0   0   0   6   1   0   5   0  1.10 0.55
   67 A     6  -5  -6  -6   1  -4  -4  -3  -6  -2  -3  -5  -5  -6  -4   0  -1  -4  -6   1   66   0   0   0   2   1   1   2   0   3   2   0   0   0   1   7   4   0   0  11  1.34 0.65
   68 K     1   0   0   1  -4   0   1   0   1  -3  -3   4  -2  -4  -3   1  -1  -6  -4  -2   14   4   4   9   0   4   8   8   4   1   3  24   1   0   1  11   3   0   0   2  0.34 0.26
   69 S    -1   1   1   3  -4   1   3  -1   0  -3  -3   1  -3  -4  -3   1   1  -4  -3  -3    5   7   6  14   0   5  18   6   2   1   3   8   0   1   1  12  10   0   1   1  0.32 0.24
   70 V     2  -3  -3  -4   1  -3  -3  -3  -1   0   0  -4   1   3  -5  -2  -1   7   2   1   18   2   1   1   3   1   2   2   2   5   9   0   3  14   0   2   3  14   8  10  0.57 0.33
   71 D    -2  -2   3   4  -3   0   0  -1   0  -3  -3   0  -3  -4   1   1   2  -3  -3  -3    3   2  12  23   0   4   4   5   3   1   2   4   1   1   8  12  13   0   1   2  0.42 0.29
   72 D     0  -2   0   4  -5   0   4  -2  -1  -4  -4  -1  -4  -4   2  -1  -2  -7  -4  -4    9   2   3  22   0   4  29   3   2   1   2   3   0   1  11   5   2   0   0   1  0.67 0.40
   73 A     1  -1   0   3  -4   0   3   0  -1  -3  -4   0  -4  -3  -2   1  -1  -5  -3  -3   12   3   4  15   0   4  21   8   1   1   2   5   0   1   2  11   3   0   1   2  0.33 0.25
   74 T     1  -3  -2   3  -1  -1   0  -2   0  -1  -1  -3   0   0  -3   1   2   3   0   0   11   1   1  18   1   2   4   2   2   4   7   1   3   3   0   9  15   4   3   7  0.23 0.20
   75 L     0  -2  -4  -3  -3  -2   1  -4  -4   2   3  -2   1   2  -3  -3  -2   5   2   0    7   3   0   1   0   1  10   1   0  11  30   2   3   8   1   2   2   7   6   5  0.39 0.26
   76 P     2   1   0   3  -3   1   3  -1  -1  -4  -3   1  -3  -3  -1   0  -1  -4  -4  -3   19   6   4  15   0   6  19   4   1   1   2   7   0   1   3   6   3   0   0   2  0.36 0.26
   77 A     1   2  -3   0  -5   2   4  -3   0  -2  -2   1  -2  -2  -3  -1  -1   1  -2  -2   12  13   1   5   0   8  25   2   2   3   4   8   1   1   1   3   4   2   1   3  0.34 0.26
   78 L    -5  -7  -8  -8  -4  -6  -7  -8  -5   4   5  -7   2   1  -8  -7  -5  -4   0   0    1   0   0   0   0   0   0   0   0  23  58   0   4   5   0   0   0   0   3   6  1.44 0.61
   79 R     0   4  -2  -1  -1  -1   4  -4  -2  -1  -2   2  -3  -3  -5  -1  -2  -6  -3  -1    8  26   1   2   1   2  25   1   1   4   5  10   1   1   0   4   2   0   1   5  0.56 0.36
   80 E     1   2   0   1  -3   1   4  -1   0  -4  -4   2  -3  -5  -3  -1  -1  -4  -5  -4   14  10   3   7   0   6  29   4   2   1   2  10   1   0   1   5   4   0   0   1  0.50 0.33
   81 L    -2  -3  -5  -8  -6  -2  -4  -8  -1   1   6  -5   2   0  -7  -5  -5   2  -1  -3    4   1   1   0   0   2   1   0   2   6  66   1   5   4   0   0   0   3   3   1  1.29 0.59
   82 A     5  -6  -5  -6   2  -4  -5  -4  -4   0   2  -5  -2  -3  -6   0  -1   0  -3   0   48   0   0   0   3   1   0   1   0   5  23   0   1   1   0   6   4   1   1   5  0.88 0.49
   83 A     2   2   0   0  -4   2   0   0   0  -3  -3   3  -3  -5  -3   1   0  -5  -4  -3   15  13   5   5   0   9   7   6   2   1   2  15   0   0   1  11   6   0   0   1  0.32 0.25
   84 L    -1   1   3   2  -4   0   1  -3   7  -5  -3  -1  -3  -3  -5   0  -2  -7  -3  -6    5   6  11  12   0   4  10   1  29   1   3   4   1   1   0   8   2   0   1   0  0.86 0.45
   85 P    -2  -2  -1   1  -5  -1   2  -2  -3  -7  -7   1  -7  -7   7  -2  -4  -8  -5  -6    4   2   3   6   0   2  11   4   0   0   0   9   0   0  51   3   1   0   1   1  1.34 0.64
   86 Q    -2   4  -1  -2  -1  -1   2  -1   0  -6  -4   6  -6  -5  -4  -1  -3  -4  -6  -3    3  17   2   2   1   2  11   4   2   0   2  45   0   0   1   4   1   0   0   2  0.98 0.51
   87 V    -1  -8  -6  -8   4  -7  -8  -6  -6   2  -3  -7  -2  -3  -5  -6  -2  -8  -5   7    5   0   0   0   8   0   0   0   0   9   2   0   1   1   1   0   3   0   0  68  1.73 0.73
   88 V    -1  -1  -7  -8  -2  -7  -7  -7  -6   1  -2  -1  -3  -6  -6  -5  -3  -6  -5   7    5   4   0   0   1   0   0   0   0   7   4   4   0   0   0   0   1   0   0  74  1.77 0.76
   89 A     7  -7  -7  -8  -3  -7  -7   1  -8  -7  -6  -7  -5  -7  -7  -4  -6  -8  -8  -5   87   0   0   0   0   0   0  11   0   0   0   0   0   0   0   1   0   0   0   1  2.30 0.97
   90 I    -5  -8  -8  -8  -4  -8  -8  -6  -8   7   1  -8  -1  -4  -8  -7  -5   1  -2   4    1   0   0   0   0   0   0   1   0  54  11   0   1   1   0   0   0   2   1  30  1.76 0.71
   91 G    -6  -8  -6  -7  -9  -8  -8   8  -8 -10 -10  -8  -9  -9  -8  -6  -8  -9  -9  -9    0   0   0   0   0   0   0  99   0   0   0   0   0   0   0   0   0   0   0   0  3.11 1.12
   92 E    -7  -7  -7  -5 -10  -3   8  -9  -7 -10  -9  -6  -9 -10  -4  -7  -7  -9  -9  -9    0   0   0   0   0   1  98   0   0   0   0   0   0   0   1   0   0   0   0   0  3.15 1.23
   93 C    -3  -8  -7  -8   7  -7  -8  -8  -8   6  -4  -7   1  -3  -7  -4   4  -8  -7   0    2   0   0   0  19   0   0   0   0  46   0   0   4   1   0   1  23   0   0   5  1.71 0.73
   94 G    -6  -9  -7  -8  -9  -8  -8   8  -8 -10 -10  -8  -9 -10  -8  -6  -8  -9  -9 -10    0   0   0   0   0   0   0 100   0   0   0   0   0   0   0   0   0   0   0   0  3.15 1.14
   95 L    -7  -6  -9 -10  -7  -8  -9 -10  -9  -1   7  -8   0  -3  -9  -8  -7  -7  -7  -5    0   0   0   0   0   0   0   0   0   3  94   0   2   1   0   0   0   0   0   0  2.44 0.95
   96 D    -8  -8  -5   9 -10  -7  -3  -8  -7 -10 -10  -7  -9 -10  -8  -7  -7 -11  -9 -10    0   0   0  99   0   0   1   0   0   0   0   0   0   0   0   0   0   0   0   0  3.43 1.24
   97 Y    -6  -5  -4  -9  -4  -6  -8  -9  -3  -6  -3  -6  -6   6  -9  -8  -5   0   9  -7    1   1   1   0   0   0   0   0   0   0   3   0   0  27   0   0   1   1  63   0  2.71 1.01
   98 N    -4  -5   2  -3  -6  -3  -6  -7   8  -6  -7  -5  -6   4  -8  -5  -5  -2   8  -5    2   0   9   2   0   1   0   0  27   0   0   0   0  14   0   1   0   0  41   1  2.04 0.82
   99 R    -6   6  -6  -7  -6  -4  -4  -6   2  -8  -7   1  -6  -4  -7  -6  -6   7   7  -7    0  40   0   0   0   0   1   1   4   0   0   7   0   0   0   0   0  12  33   0  2.00 0.84
  100 D    -3  -3   5   6  -4  -2   1  -2  -1  -7  -4  -1   2  -5  -3  -2  -2  -8  -6  -6    2   2  23  43   0   1   8   3   1   0   2   4   5   1   1   2   2   0   0   0  1.19 0.57
  101 F    -3   0   1  -1  -5  -2  -1  -3   5  -2   1  -1  -3   4  -1  -2   0  -1   4  -3    2   5   6   3   0   2   4   2  12   2  13   4   0  20   4   2   6   1  12   1  0.45 0.29
  102 S     2  -5  -1  -1   0  -2  -2  -3  -4  -5  -5  -3  -4  -3  -2   6   0  -7  -4  -1   13   0   2   3   2   1   2   2   0   1   1   1   0   1   2  58   6   0   1   4  1.09 0.61
  103 P    -3  -5  -1   0  -6  -4   0  -6  -2  -6  -4  -3  -6  -3   7   0   1  -5  -4  -6    3   1   3   6   0   0   7   0   1   0   2   2   0   1  57   8   8   0   1   0  1.53 0.71
  104 R    -2   6  -4  -5  -3   0  -2  -6   1  -3  -3   3  -3  -4   4  -4  -5  -2  -3  -3    3  42   0   0   1   4   3   0   3   2   3  17   0   1  17   1   0   1   1   2  1.11 0.56
  105 P     1  -3  -2   5  -7   0   5  -4  -4  -6  -6   0  -5  -7   0  -2  -3  -5  -7  -4   11   1   2  26   0   4  37   1   0   0   1   5   0   0   5   3   1   0   0   1  1.00 0.53
  106 V     1   1  -1   0  -4   1   1  -4  -2   1   0   1  -1  -3  -3  -1   0   0  -3   3   12   6   3   5   0   7   8   0   1   9   9   8   1   1   0   2   6   1   0  21  0.18 0.18
  107 Q    -6  -6  -7  -6 -10  10  -4  -9  -6 -10  -9  -5  -5 -10  -8  -7  -7  -9  -8  -9    0   0   0   0   0  98   0   0   0   0   0   0   0   0   0   0   0   0   0   0  3.65 1.40
  108 D    -2   5  -4  -3  -3   2   1  -5  -1   1  -1   4  -2  -3  -5  -3  -3  -1  -3  -1    3  26   0   1   1  10  11   0   1   9   7  22   1   1   0   1   1   1   1   4  0.65 0.39
  109 A     1   3  -2   2  -5   2   4  -4   0  -4  -4   2  -2  -3  -3  -1  -1  -4  -2  -3   11  16   1   9   0   7  27   1   2   1   1  11   1   1   1   3   4   0   1   2  0.53 0.35
  110 V     3  -2  -4  -6   2  -5  -5  -4  -3   1   0  -5  -2  -1  -6  -1  -2   4  -2   4   26   3   0   0   4   0   0   1   1   7  10   0   1   3   0   4   2   5   1  31  0.65 0.39
  111 F    -8  -9  -9 -10  -4  -9  -9  -9  -7  -5   2  -9  -3   9 -10  -8  -8  -3  -3  -6    0   0   0   0   0   0   0   0   0   0  15   0   0  83   0   0   0   0   0   0  3.06 1.08
  112 D     1   5  -2  -2  -3   0   3  -3   0   0  -2   1  -3  -5  -5  -2  -1  -5  -4  -2   11  31   2   2   1   4  18   2   2   7   5   6   0   0   0   3   3   0   0   3  0.54 0.35
  113 A     3   4  -2  -1  -3   2   2  -3  -1  -3  -3   2  -3  -3  -4  -2  -2   1  -3  -3   22  23   2   3   0   8  11   1   1   1   2  13   1   1   1   3   3   2   1   1  0.52 0.35
  114 Q    -6  -5  -5  -7  -7   8  -4  -6   6  -6  -4  -5   1   1  -8  -5  -6  -6  -4  -8    0   0   0   0   0  68   0   1  18   0   2   0   3   5   0   0   0   0   1   0  2.46 1.04
  115 L    -4  -7  -8  -8  -2  -6  -8  -8  -6   5   5  -7   2  -3  -8  -6  -5  -3  -6   1    1   0   0   0   1   0   0   0   0  30  54   0   4   0   0   0   0   0   0   7  1.53 0.65
  116 A     2   2  -1   3  -4   2   4  -2   0  -4  -4   0  -3  -7  -5  -1  -3  -7  -5  -4   15  11   2  14   0   8  31   3   2   1   1   6   0   0   0   3   1   0   0   1  0.67 0.41
  117 L    -1  -5  -7  -7  -6  -4  -7  -8  -7   3   6  -6   2  -1  -7  -7  -4   1  -5  -1    5   0   0   0   0   1   0   0   0  14  65   0   4   2   0   0   1   2   0   4  1.42 0.62
  118 A     7  -7  -7  -8  -3  -6  -6  -3  -8  -7  -8  -7  -7  -8  -7  -1  -5  -9  -7  -5   92   0   0   0   0   0   0   2   0   0   0   0   0   0   0   5   0   0   0   0  2.45 1.02
  119 A     1   4  -1  -3   2   1   0  -2   0   0  -1   3  -1  -3  -4  -2  -2  -3  -1   0   12  21   3   1   4   6   6   3   2   5   6  17   1   1   0   2   1   0   2   7  0.32 0.25
  120 E    -1   3  -2   1  -5   1   6  -4  -4  -5  -5   2  -4  -5  -6  -1  -2  -7  -6  -5    5  14   1   8   0   6  43   1   0   1   1  12   0   0   0   4   2   0   0   1  1.00 0.54
  121 L    -1  -1  -2  -6   0  -3  -4  -6   2   0   4  -2   1  -1  -6  -2   1  -5   1   1    6   4   2   0   2   1   1   0   5   4  43   3   3   3   0   3   9   0   4  10  0.53 0.33
  122 A    -2   0   4   3  -7   1   0   4   0  -7  -7   2  -5  -7  -6  -1  -3  -7  -6  -7    2   6  16  16   0   7   6  28   2   0   0  12   0   0   0   4   1   0   0   0  0.79 0.43
  123 M    -5  -1  -6  -7  -7  -4  -6  -8  -7  -2   5   5   3  -4  -7  -6  -5  -7  -4  -4    1   3   0   0   0   1   0   0   0   1  58  29   6   0   0   0   0   0   0   1  1.50 0.69
  124 P    -5  -9  -6  -7  -9  -8  -8  -7  -9  -8 -10  -8  -9 -10   9  -5  -4 -10 -10  -9    1   0   0   0   0   0   0   0   0   0   0   0   0   0  96   1   1   0   0   0  3.52 1.31
  125 V    -2  -7  -8  -8  -2  -7  -7  -8  -6   3   3  -7   0  -2  -7  -6  -4  -7  -5   6    3   0   0   0   1   0   0   0   0  14  30   0   2   1   0   0   0   0   0  48  1.40 0.61
  126 F    -4  -7  -8  -8  -2  -7  -7  -8  -7   6  -1  -7   0   3  -7  -3  -5  -7  -2   5    1   0   0   0   1   0   0   0   0  41   3   0   2  10   0   2   0   0   2  37  1.50 0.64
  127 L    -5  -8  -8  -8  -3  -7  -8  -8  -6   7   2  -7   0   1  -8  -7  -5  -7  -5   4    1   0   0   0   1   0   0   0   0  50  17   0   1   5   0   0   0   0   0  25  1.63 0.66
  128 H    -9  -7  -6  -8  -3  -6  -7  -9  12 -10 -10  -8  -9  -8  -9  -8  -9  -9  -5 -10    0   0   0   0   1   0   0   0  99   0   0   0   0   0   0   0   0   0   0   0  4.67 1.52
  129 C    -2  -5   2   1   7   1   1  -5  -3  -1  -3  -4  -1  -6  -6   2   2  -7  -6   0    3   0  11   7  21   6  10   0   1   4   2   0   1   0   0  16  11   0   0   7  0.72 0.42
  130 R    -8   9  -7  -8 -10  -5  -7  -9  -7 -10  -9  -4  -8 -10  -9  -7  -8  -9  -8  -9    0 100   0   0   0   0   0   0   0   0   0   0   0   0   0   0   0   0   0   0  3.53 1.28
  131 D    -2  -4   1   6  -6   0   5  -4  -5  -8  -8  -2  -6  -7  -6  -2  -6  -9  -6  -8    3   1   5  44   0   3  35   1   0   0   0   3   0   0   0   3   0   0   0   0  1.56 0.71
  132 A     7  -7  -7  -7  -2  -7  -7  -5  -7  -6  -7  -6  -7  -7  -7   1  -4  -9  -8  -6   87   0   0   0   1   0   0   0   0   0   0   0   0   0   0  10   1   0   0   0  2.31 0.98
  133 H    -1  -3  -2   2  -3  -1   1  -2   6  -3  -3  -3   0   3  -4  -2  -1   4   3  -4    4   1   2  11   1   3  10   3  22   2   2   1   3  12   1   3   4   5  10   1  0.65 0.37
  134 A     1   0  -1   4  -6   2   4  -1  -1  -5  -5   0  -4  -5  -1   0  -2  -7  -5  -4   11   5   2  23   0   7  26   4   1   1   1   5   0   0   3   6   2   0   0   1  0.63 0.38
  135 R    -2  -1  -4   7  -8  -1   3  -7  -3  -8  -5  -3  -8  -8  -4  -5  -4  -9  -8  -5    4   4   0  62   0   3  20   0   1   0   1   1   0   0   1   0   1   0   0   1  1.80 0.78
  136 F     0  -6  -5  -6   2  -3  -6  -6  -6   0   2  -5   3   3  -6  -3   4  -6  -4   2    8   0   0   0   4   1   0   0   0   6  17   0   8  11   0   1  29   0   0  15  0.77 0.44
  137 V    -1  -1  -6  -6  -1  -4  -4  -5  -2   3   4  -3   3   2  -6  -4  -3   1   2   1    5   3   0   0   1   1   1   0   1  13  40   1   7   9   0   1   1   2   6   7  0.69 0.36
  138 E     2   2   0   2  -6   0   3  -2  -2  -5  -5   0  -5  -5  -1   1  -2  -5  -5  -5   20  11   4  13   0   4  22   3   1   0   0   6   0   0   3   9   2   0   0   0  0.53 0.35
  139 I    -2  -5  -7  -8   0  -4  -5  -7  -3   7   2  -6   2  -2  -7  -5  -2  -1  -5   2    3   0   0   0   2   1   1   0   1  53  14   0   5   1   0   1   2   1   0  14  1.35 0.58
  140 L    -6  -7  -9  -9  -4  -7  -8  -9  -8   2   6  -8   2  -2  -8  -8  -5  -5  -4   1    0   0   0   0   0   0   0   0   0  10  76   0   4   2   0   0   0   0   0   7  1.81 0.74
  141 R     0   4   0   1  -4   1   2  -3  -1  -4  -4   4  -3  -5  -4   0  -1  -5  -3  -4    7  19   3   8   0   6  15   2   1   1   1  22   1   0   0   6   4   0   1   1  0.54 0.33
  142 P     0   0   1   2  -6   1   5  -3  -2  -6  -6   1  -4  -5   0   0  -2  -6  -4  -5    9   5   5  12   0   6  37   2   1   0   0   9   0   0   4   6   2   0   0   0  0.72 0.42
  143 W     0  -2   0  -3  -2  -2   3  -4   4  -3  -3  -3  -1   3  -4  -2  -2   5   4  -1    8   2   5   1   1   1  20   1   9   1   2   1   1  13   1   3   2   8  14   4  0.61 0.35
  144 L     1   2   0  -1  -2   1  -1   2   0  -1  -1   1   0  -2   0   0  -1  -2  -1  -1   12  10   3   3   1   6   4  17   2   3   7  11   3   2   4   6   3   0   2   3  0.12 0.10
  145 P     2   0   0   1  -1   0  -1   1   0  -2  -2   0  -2  -2   3   0  -1  -3  -2  -1   17   4   5  10   1   4   4  11   3   2   4   7   1   2  13   5   2   0   1   5  0.16 0.13
  146 K    -1   2   0   0  -3   0   0   2   0  -3  -3   2  -3  -1   2   0  -1  -1  -2  -3    5  13   4   6   1   4   6  17   2   1   3  13   0   2  10   7   2   1   1   2  0.24 0.17
  147 L    -1   0   0   0  -1   0   1   1   0   0   1   0  -1  -1   1  -1  -1   0  -1   0    4   7   4   6   1   3   9  11   2   6  18   4   1   2   8   3   2   1   2   6  0.06 0.08
  148 P     0   2  -2  -3   0  -2  -2  -3  -1   0   0   0  -2  -1   4  -1   0  -2  -2   2    7  11   1   1   2   1   2   2   1   6  11   5   1   3  21   4   6   1   1  15  0.30 0.21
  149 G    -1   3   0  -2  -2   0  -1   2   0  -3  -3   2  -3  -1   2   0  -1  -2  -1  -2    5  18   3   1   1   3   3  19   2   1   3  11   1   3  12   5   4   0   2   2  0.30 0.20
  150 A     1  -5  -5  -6  -2  -6  -5   7  -6  -2  -4  -5  -4  -2  -6  -3  -3  -7  -5   0   10   1   0   0   1   0   1  68   0   3   2   0   0   2   0   1   1   0   0   8  1.57 0.67
  151 V    -5  -8  -8  -6  -3  -3  -6  -9  -6   3  -1  -8  -2  -5  -8  -6  -4  -8  -7   7    0   0   0   0   1   1   1   0   0  15   6   0   1   0   0   0   1   0   0  74  2.00 0.81
  152 L    -3  -6  -7  -8  -4  -6  -7  -8  -7   4   3  -7   6   5  -7  -6  -5   1  -3   3    2   0   0   0   0   0   0   0   0  19  22   0  17  20   0   0   0   2   0  16  1.19 0.53
  153 H    -9  -4  -6  -8 -10  -6  -7  -9  12 -10 -10  -8  -9  -8  -9  -8  -9  -9  -5 -10    0   1   0   0   0   0   0   0  99   0   0   0   0   0   0   0   0   0   0   0  4.65 1.51
  154 C    -1  -9  -7  -9  11  -9  -9  -5  -9  -8  -8  -9  -8  -3  -9   1  -6  -9  -5  -7    5   0   0   0  81   0   0   1   0   0   0   0   0   1   0  11   0   0   1   0  3.68 1.24
  155 F    -8  -9  -8 -10  -3  -9  -9  -9  -5  -7  -6  -9  -5   9 -10  -9  -8   1   4  -7    0   0   0   0   1   0   0   0   0   0   0   0   0  84   0   0   0   2  13   0  3.26 1.14
  156 T    -1  -6  -2  -3  -1  -4  -3   0  -5  -6  -5  -5  -1  -6  -3   5   5  -8  -6  -3    4   0   2   2   1   0   2   6   0   0   1   0   1   0   1  44  34   0   0   1  1.26 0.68
  157 G    -1  -6  -5  -2  -8  -5   0   7  -5  -9  -7  -6  -5  -8  -7   0  -6  -8  -2  -8    4   0   0   3   0   0   7  75   0   0   1   0   0   0   0   7   0   0   2   0  1.88 0.79
  158 S    -3  -5   2   5  -6  -3  -2   2  -3  -6  -7  -2  -5  -7  -2   4   3  -7  -6  -5    2   0   8  27   0   1   2  13   0   0   0   2   0   0   2  26  16   0   0   0  0.91 0.51
  159 D     1   1  -4  -3  -3  -1   0  -3  -2   0   1   0   1  -3   3  -2  -1   5   0   1   13   7   0   1   0   2   8   1   1   4  15   6   3   1  13   2   3   8   3  11  0.28 0.22
  160 E     1  -1   0   3  -6   0   5  -2  -1  -4  -4   0  -4  -6  -3   0  -2  -2  -5  -4   12   2   4  14   0   3  39   3   2   1   1   5   0   0   1   7   3   1   0   1  0.72 0.43
  161 E    -1  -3  -2   1  -4   1   3  -4   1  -1   1  -3   4   2  -5  -2   0   1   0  -1    5   1   1   8   0   7  18   0   3   4  13   1  11  10   0   2   6   2   3   4  0.32 0.26
  162 L     6  -6  -7  -7  -3  -6  -6  -4  -7  -4   2  -6   2  -3  -6  -3  -4  -5  -7   0   67   0   0   0   0   0   0   1   0   1  18   0   4   1   0   1   1   0   0   5  1.50 0.72
  163 D    -1   4  -1   1  -4   3   3  -4  -1  -4  -2   4  -3  -3  -4  -2  -3  -3  -3  -4    4  19   2   7   0  10  20   1   1   1   5  21   1   1   1   2   1   0   1   1  0.62 0.38
  164 E     1   4  -2  -1  -4   2   3  -3  -3  -3  -4   3  -2  -2  -3  -2   0   1  -3  -3   14  21   1   3   0   8  17   2   0   2   1  15   1   2   1   3   5   2   1   2  0.47 0.32
  165 C     3  -6  -6  -7   5  -6  -6  -2  -5   1   1  -6  -1   3  -6  -3  -4   1   5   1   22   0   0   0  11   0   0   3   0   6  11   0   1  12   0   1   1   2  21   9  0.85 0.45
  166 L    -3  -3  -6  -6  -3  -5  -6  -7  -7   3   5  -6   2  -1  -7  -5  -3  -1  -4   2    2   1   0   0   0   0   0   0   0  15  56   0   4   2   0   1   2   1   0  14  1.17 0.53
  167 A     1  -1   0   5  -7   0   4  -2  -4  -7  -6   1  -4  -7  -4   0  -4  -7  -6  -6   13   3   4  34   0   3  22   3   0   0   0   9   0   0   0   7   1   0   0   0  0.92 0.49
  168 L    -1   2  -3  -6  -3  -2  -3  -7   0  -1   5  -2   5  -1  -7  -5  -4  -1  -3  -2    5  11   1   0   0   1   2   0   2   3  48   3  16   3   0   0   1   1   1   2  0.95 0.49
  169 G    -5  -4   1   0  -8  -6  -5   7  -4  -9  -9  -6  -8  -9  -7  -5  -7  -8  -9  -9    0   1   5   5   0   0   1  86   0   0   0   0   0   0   0   0   0   0   0   0  2.41 0.94
  170 L    -2  -7  -8  -8   3  -7  -8  -3  -2  -4   2  -7   1   7  -8  -5  -6   5   3  -4    4   0   0   0   6   0   0   3   1   1  20   0   4  46   0   1   0   6   8   1  1.56 0.65
  171 H    -5  -3  -4  -4  -1  -6  -6  -7   5  -5   0  -3   3   3  -8  -3  -4   0   8  -3    1   1   1   1   1   0   0   0  13   0   9   1   6  10   0   2   1   1  50   2  1.74 0.74
  172 I    -5  -8  -8  -8  -5  -8  -8  -9  -8   7   3  -8  -2   1  -8  -7  -5  -7  -5   3    0   0   0   0   0   0   0   0   0  54  23   0   1   6   0   0   0   0   0  16  1.68 0.67
  173 G    -2  -7  -5  -6  -7  -6  -6   5  -7  -9  -9  -6  -8  -8  -7   6  -4  -8  -8  -8    2   0   0   0   0   0   0  37   0   0   0   0   0   0   0  60   1   0   0   0  1.99 0.90
  174 V    -5  -8  -8  -9  -7  -7  -8  -8  -7   5   1  -8  -1   8  -8  -7  -6  -4  -1   2    1   0   0   0   0   0   0   0   0  26  10   0   1  49   0   0   0   0   1  11  1.81 0.71
  175 T     2  -6   0  -1  -4  -5  -5   3  -4  -6  -7  -5  -6  -7   0   3   5  -7  -6  -5   15   0   4   4   0   0   0  19   0   0   0   0   0   0   4  20  32   0   0   0  0.96 0.55
  176 G    -3  -8  -5  -7  -2  -8  -8   8  -8 -10  -9  -8  -9  -9  -7  -6  -6  -9  -9  -9    2   0   0   0   1   0   0  96   0   0   0   0   0   0   0   0   0   0   0   0  2.90 1.07
  177 W    -2  -6   2  -5  -4  -4  -5  -5  -4   4  -2  -5   2  -2   4  -1   0   6  -1   2    3   0  10   0   0   1   0   0   0  24   2   0   5   1  17   5   6  10   2  14  0.77 0.43
  178 L    -3  -7  -8  -8  -4  -7  -8  -8  -8   5   2  -7   0  -5  -7  -5  -5  -7  -5   6    2   0   0   0   0   0   0   0   0  33  18   0   2   0   0   1   0   0   0  44  1.59 0.66
  179 C    -5  -7  -6  -7   5  -7  -7  -5  -8  -7  -7  -7  -7  -7  -7  -3   8   0  -7  -4    1   0   0   0  10   0   0   1   0   0   0   0   0   0   0   2  84   1   0   1  2.61 1.07
  180 D    -5  -5  -5   2  -6  -5  -5  -6  -2  -4  -4  -2  -3   8  -6  -3  -3  -1   5  -5    1   1   0  10   0   1   1   1   1   1   1   3   1  55   0   2   2   1  19   1  1.82 0.68
  181 E    -1  -1  -1   1  -3  -1   1  -2  -2  -2  -2   2  -2   0   4  -1  -1  -2   3  -2    5   2   3   7   1   2  10   3   1   2   4  13   1   4  24   5   3   0  10   3  0.40 0.19
  182 R    -3   4   2  -3  -5  -2  -3  -3  -3  -5  -5   6  -4  -5  -2  -2  -3  -5  -4  -4    2  17  10   1   0   1   1   2   0   1   1  53   0   1   2   3   1   0   0   2  1.28 0.53
  183 R    -1   3   6  -3  -5  -2  -3  -2  -3  -5  -5   2  -5  -4  -4   2  -2  -1  -3  -5    6  16  35   1   0   1   1   3   1   1   1  12   0   1   1  17   2   1   1   0  0.91 0.47
  184 G     5  -2   2   0  -3  -3  -2   2  -3  -4  -4  -2  -3  -3  -3   1  -1  -2  -3  -3   44   2   8   5   0   1   2  16   1   1   1   3   1   1   1   9   3   1   1   2  0.69 0.39
  185 Q     0   1  -1   3  -5   2   3  -2   1  -4  -3   2  -2  -3  -1  -1  -1  -2  -4  -2    8   8   2  14   0   8  20   3   3   1   3  14   1   1   3   3   4   0   0   3  0.36 0.25
  186 L     1   1   1   2  -3   0   2   0   1  -2  -2   1  -2  -3   0   0   0  -2  -2  -2   13   6   6  11   0   4  13   8   4   2   3   8   1   1   5   5   7   0   1   3  0.16 0.13
  187 L    -3  -4  -5  -6  -4  -4  -5  -5  -4   1   6  -4   0  -3  -2  -4  -3  -4  -1   2    2   1   1   0   0   1   1   1   0   7  62   1   2   1   3   1   2   0   2  12  1.10 0.49
  188 R    -1   7  -4  -2  -3   3  -2  -4   1  -4  -3   1  -4  -4  -1  -3  -4  -6  -4  -2    5  51   1   3   1  12   2   1   3   1   3   8   0   1   3   1   1   0   0   3  1.14 0.54
  189 E     1   0  -1   3  -7   1   6  -4  -3  -7  -6   0  -5  -6  -3  -1  -2  -7  -6  -5   11   5   2  15   0   5  47   1   0   0   0   5   0   0   1   4   2   0   0   1  1.06 0.56
  190 Q     3  -5  -6  -6  -2  -4  -6  -5  -6   3   1  -5  -1  -3  -6  -2   0  -5  -4   5   22   0   0   0   1   0   0   0   0  14  13   0   1   1   0   3   6   0   0  36  0.87 0.45
  191 V     4  -7  -7  -7  -1  -6  -6  -6  -7   2   1  -6  -2  -1  -6  -4  -4  -7  -5   5   35   0   0   0   1   0   0   0   0  12  13   0   1   2   0   1   1   0   0  34  1.11 0.55
  192 A     2   5  -2  -3  -4   1   0  -2  -1  -5  -4   4  -3  -6   0  -1  -1  -7  -6  -4   18  26   2   1   0   6   5   4   1   0   1  23   0   0   4   4   3   0   0   1  0.69 0.41
  193 R     1   1   0   0  -2   1   1  -1   1  -1   0   1   1  -1  -3   0   0   0   1  -1   12   9   5   4   1   6   9   3   3   3   8   9   5   3   0   7   5   1   5   3  0.08 0.10
  194 I    -1  -7  -7  -7   2  -6  -7  -7  -7   5   2  -6   1  -3  -7  -6   0  -7  -3   5    6   0   0   0   3   0   0   0   0  29  17   0   3   1   0   0   6   0   1  34  1.12 0.51
  195 P    -5  -5  -7  -3  -9  -6  -6  -4  -8  -9  -9  -6  -9 -10   9  -3  -6 -10  -9  -9    1   1   0   2   0   0   0   2   0   0   0   0   0   0  92   2   0   0   0   0  3.23 1.23
  196 A     0  -1  -3   0  -5  -2  -1  -5  -2   1   5  -2   1  -3  -1  -3  -3  -3  -5  -2    9   3   1   6   0   2   4   1   1   7  53   2   2   1   4   2   1   0   0   2  0.68 0.39
  197 G    -5  -4   1   7  -9  -3   5  -3  -1  -8  -9  -3  -8  -9  -7  -2  -3  -9  -8  -8    0   1   6  52   0   1  31   2   1   0   0   1   0   0   0   3   1   0   0   0  1.77 0.77
  198 R    -3   8  -1  -4  -5  -1  -5  -6   1  -7  -4   2  -3  -5  -7  -1  -5  -3  -3  -7    3  65   2   1   0   2   0   0   3   0   2  13   1   0   0   5   0   0   1   0  1.78 0.77
  199 L    -5  -7  -8  -8  -6  -7  -8  -9  -8   5   5  -7   2   0  -8  -7  -4  -5  -3   0    0   0   0   0   0   0   0   0   0  25  59   0   4   3   0   0   1   0   1   6  1.57 0.65
  200 M    -6  -7  -8  -9  -4  -6  -8  -9  -3  -1   6  -7   6  -1  -8  -7  -5  -7  -6   1    0   0   0   0   0   0   0   0   1   3  66   0  17   2   0   0   0   0   0  10  1.77 0.74
  201 I    -2  -7  -8  -8  -2  -7  -7  -7  -7   5   4  -7  -1  -2  -6  -5  -2  -7  -6   4    3   0   0   0   1   0   0   0   0  31  34   0   1   1   0   1   2   0   0  26  1.27 0.55
  202 E    -7  -7  -7  -5 -10  -4   8  -9  -7 -10 -10  -6  -9 -10  -8  -7  -7 -10  -9  -9    0   0   0   0   0   0 100   0   0   0   0   0   0   0   0   0   0   0   0   0  3.25 1.26
  203 T    -6  -8  -6  -8  -7  -7  -7  -8  -8  -7  -8  -7  -7  -9  -8  -2   9  -9  -8  -6    0   0   0   0   0   0   0   0   0   0   0   0   0   0   0   3  97   0   0   0  3.14 1.24
  204 D    -8  -8  -5   9 -10  -7  -5  -8  -8 -10 -10  -7 -10 -10  -8  -7  -8 -11 -10 -10    0   0   0 100   0   0   0   0   0   0   0   0   0   0   0   0   0   0   0   0  3.51 1.24
  205 A     5  -7  -6  -6   7  -6  -6  -3  -7  -7  -7  -6  -7  -8  -6   4  -3  -8  -7  -6   42   0   0   0  23   0   0   2   0   0   0   0   0   0   0  32   1   0   0   0  1.76 0.79
  206 P    -8  -9  -9  -8 -10  -8  -8  -9  -9 -10 -10  -8  -9 -11   9  -8  -8 -11 -10  -9    0   0   0   0   0   0   0   0   0   0   0   0   0   0 100   0   0   0   0   0  3.80 1.36
  207 Y    -8  -8  -9  -8  -6  -8  -8  -9  -4  -7  -5  -8  -7   6  -9  -8  -8   3   9  -7    0   0   0   0   0   0   0   0   0   0   1   0   0  27   0   0   0   4  67   0  3.06 1.09
  208 L    -6  -8  -9  -9  -5  -6  -8  -7  -8  -3   7  -8   5  -5  -8  -8  -7  -7  -7  -3    0   0   0   0   0   0   0   1   0   0  86   0  11   0   0   0   0   0   0   1  2.26 0.88
  209 V     5  -5  -5  -6  -4  -5  -5  -5  -6  -2  -2  -4  -3  -5   1   1   4  -7  -1  -3   47   0   0   0   0   0   0   0   0   2   4   0   1   0   8  11  21   0   3   2  1.03 0.57
  210 P    -6  -8  -8  -8  -9  -8  -7  -8  -8  -9  -8  -7  -9  -7   9  -7  -7 -10  -9  -9    0   0   0   0   0   0   0   0   0   0   0   0   0   0  99   0   0   0   0   0  3.67 1.30
  211 R     0   2   0  -1  -3   4   2  -2   4  -3  -2   0  -2  -3  -1  -1   0  -2  -2  -2    7   9   4   3   1  19  15   3  10   2   3   6   1   1   3   3   5   0   1   3  0.33 0.17
  212 D     0  -1   1   0  -1   0   0   0  -1  -1  -1   0  -1  -1   3   0   1  -1  -1  -1    7   3   8   5   1   3   4   7   1   4   6   5   1   3  17   8   8   1   2   4  0.16 0.06
  213 L    -1  -2  -2  -3  -2  -2  -3  -3  -1   2   1  -2   2   2  -3  -2  -2  -2   1   4    4   2   2   2   1   2   2   2   1   8  10   2   5  10   2   3   2   1   4  35  0.42 0.19
  214 K    -3   1  -3  -2  -4  -3  -3  -3  -2  -4  -2   0  -4  -3   7  -2  -3  -4  -4  -4    2   7   1   2   0   1   2   3   1   1   4   7   1   1  59   3   2   0   1   2  1.46 0.51
  215 P    -3   1   0  -3  -3  -1  -2  -2   7  -3  -2   1  -1   1   1  -2  -3   1   4  -3    2   6   4   1   1   2   2   4  26   1   4  10   2   6   7   2   1   2  16   2  0.71 0.31
  216 R    -6   9  -6  -6  -9  -4  -5  -7  -5  -7  -5   1  -5  -8  -8  -6  -6  -4  -7  -7    1  87   0   0   0   0   0   0   0   0   1   8   0   0   0   0   0   0   0   0  2.78 1.03
  217 P    -4  -4  -4  -6  -7  -4  -5   7  -7  -4  -7  -4  -5  -2   1  -3  -5  -6  -7  -5    1   1   1   0   0   1   1  80   0   1   0   1   0   2   6   2   0   0   0   1  2.03 0.80
  218 K    -5   4  -3  -5  -8   3  -1  -4  -1  -7  -6   7  -5  -8  -5  -3  -3  -5  -6  -6    1  20   1   0   0  11   4   2   1   0   0  55   0   0   0   2   2   0   0   0  1.56 0.70
  219 R    -6   8  -3  -4  -5  -1  -4  -7  -3  -3  -5  -1  -4  -6   0  -5  -1  -8  -5  -3    0  76   1   1   0   2   1   0   0   2   1   2   0   0   4   0   5   0   0   2  2.07 0.85
  220 N    -7  -7   9  -5   3  -6  -7  -6  -4 -10 -10  -7  -8  -9  -8  -4  -6 -10  -8  -9    0   0  93   0   5   0   0   0   0   0   0   0   0   0   0   1   0   0   0   0  3.31 1.20
  221 E    -5  -3  -5  -1  -6  -1   8  -7  -3  -7  -7  -3  -6  -8  -7  -4  -4  -7  -5  -5    1   1   0   3   0   3  84   0   1   0   0   1   0   0   0   1   1   0   1   1  2.32 0.97
  222 P    -7  -8  -8  -8  -9  -8  -7  -8  -9  -9  -8  -7  -9 -10   9  -1  -6 -10  -9  -7    0   0   0   0   0   0   0   0   0   0   0   0   0   0  93   6   0   0   0   0  3.38 1.25
  223 A     6  -3  -5  -5   2  -2  -4  -2  -5  -4  -3  -1  -1  -4  -5   2  -3  -1  -4  -3   59   2   0   1   5   1   1   3   0   1   3   4   2   1   0  15   1   1   1   2  1.11 0.58
  224 F    -5  -2   2  -4  -5  -6  -6  -7   4  -6  -1  -4   0   5  -8  -3  -4   2   7  -6    1   2   9   1   0   0   0   0   9   0   6   1   2  23   0   2   1   3  39   0  1.56 0.67
  225 L    -4  -7  -8  -8  -4  -7  -7  -8  -8   3   4  -7   0  -5  -7  -6  -1  -7  -6   6    1   0   0   0   0   0   0   0   0  12  31   0   2   0   0   0   4   0   0  50  1.47 0.63
  226 P     1   3  -4  -5  -5  -1  -2  -3  -2   0  -2   1  -3  -4   4  -2  -1  -4  -3   2   11  18   1   0   0   2   2   2   1   6   4  10   0   0  21   2   3   0   1  16  0.52 0.34
  227 H    -1  -1  -3  -1  -4  -2   2  -5   6  -1   1  -2  -3   2  -6  -3  -3   2   5  -2    5   4   1   3   0   1  12   0  18   4  14   2   0   6   0   1   1   2  22   2  0.72 0.40
  228 I    -3  -7  -7  -7  -6  -6  -7  -8  -8   4  -3  -7  -3  -6  -7  -5   5  -8  -6   6    2   0   0   0   0   0   0   0   0  22   1   0   0   0   0   0  30   0   0  45  1.61 0.71
  229 A     6  -4  -5  -7   2  -5  -6  -1  -6  -1   0  -6  -3  -4  -6  -4  -3  -7  -2   2   63   1   0   0   4   0   0   4   0   3   9   0   0   1   0   0   1   0   2  12  1.27 0.63
  230 K     1   3  -1   0  -5   3   5  -4  -1  -6  -6   2  -3  -7  -4  -2  -3  -6  -5  -5   11  13   2   6   0  11  38   1   1   0   0  11   1   0   0   2   1   0   0   0  0.88 0.49
  231 V     1   2  -3  -3   1   0   1  -3  -1  -3  -2   4   1   1  -5  -3   0  -4  -2  -1   12  11   0   0   3   4  11   2   1   1   3  26   3   8   0   1   7   0   1   5  0.39 0.29
  232 V    -2  -7  -8  -8  -4  -6  -7  -7  -4   6   3  -7   1  -2  -7  -6  -4  -4  -4   4    3   0   0   0   0   0   0   0   0  39  30   0   3   1   0   0   0   0   0  22  1.34 0.57
  233 A     7  -7  -6  -7  -2  -5  -6  -3  -7  -7  -7  -6  -7  -8  -7   0  -5  -8  -8  -5   90   0   0   0   1   0   0   2   0   0   0   0   0   0   0   6   0   0   0   0  2.34 0.97
  234 A     1   2  -1   1  -6   2   5  -2  -1  -5  -4   1  -4  -7  -5  -1  -2  -7  -5  -5   13   9   3   7   0   8  40   3   1   0   2   7   0   0   0   4   3   0   0   1  0.76 0.45
  235 C     0  -4  -5  -6   2  -4  -3  -6  -1   4   4  -5  -2  -1  -6  -4  -3   1  -3   2    7   1   0   0   5   1   2   0   1  23  39   0   0   2   0   1   2   2   1  13  0.80 0.40
  236 R    -5   6  -5  -6  -4  -2  -5  -7   2  -4   0   5   1  -3  -6  -4  -3   1   1  -5    0  40   0   0   0   1   0   0   4   1  10  30   3   1   0   1   1   2   4   0  1.25 0.60
  237 G    -3  -2   3   0  -4   1   0   6  -2  -8  -6   1  -4  -7  -5  -1  -4  -7  -7  -7    2   2  13   5   0   5   6  52   1   0   0   7   0   0   0   4   1   0   0   0  1.12 0.54
  238 E    -2  -1  -4  -4   1   0   1  -6  -4   4   2  -1   4  -4  -5  -3   0  -2  -4   3    2   3   0   1   2   3  11   0   0  21  17   4   9   0   0   1   6   1   0  19  0.50 0.31
  239 A    -1  -3  -1   2  -6  -3   0  -3  -4  -6  -6  -2  -6  -7   3   5   3  -7  -6  -5    5   1   2  13   0   0   6   1   0   0   1   3   0   0  14  39  16   0   0   0  0.90 0.53
  240 P    -1  -3  -5  -4  -4  -4   0  -4  -3   1   2  -2  -1   2   3  -3  -1  -2   0   3    6   1   0   1   0   0   7   1   1   8  23   2   1   9  15   1   3   0   4  18  0.41 0.27
  241 E     0  -3  -1   3  -7   1   6  -2  -2  -5  -6   0  -4  -6  -3  -1  -2  -7  -6  -4    9   1   3  14   0   5  49   3   1   1   1   4   0   0   1   4   2   0   0   1  1.03 0.54
  242 A     0  -1  -3   3  -7   1   6  -6   0  -4  -5   0  -4  -6  -5  -2   0  -2  -3  -2    8   3   1  15   0   5  48   0   2   1   1   5   0   0   0   2   6   1   1   3  0.99 0.54
  243 L    -2  -7  -7  -7  -1  -6  -7  -7  -7   4   3  -7   1   0  -7  -5  -2  -4  -5   5    4   0   0   0   1   0   0   0   0  19  28   0   2   4   0   0   2   0   0  40  1.16 0.52
  244 L     6  -3  -4  -2   1  -3   0   0  -5  -1  -4  -3  -2  -4  -5   0  -2  -3  -4  -1   59   1   1   3   3   1   6   5   0   4   1   2   1   1   0   6   2   0   0   4  0.95 0.53
  245 A     2   4  -1   0  -4   2   3  -3  -1  -5  -3   1  -3  -5  -5  -1  -1  -6  -4  -4   16  20   3   5   0  10  20   1   2   0   3   9   0   0   0   5   3   0   0   1  0.53 0.35
  246 H     2   1  -3  -3  -2   3  -1  -4   0   3   0   0   0  -3  -5  -2   0  -3  -3   1   19   6   1   1   1  15   3   0   2  20   7   4   2   0   0   2   7   0   1   8  0.36 0.28
  247 T    -3  -7  -5  -7   0  -6  -6  -6  -7  -1  -2  -6  -2  -5  -7   0   8  -5  -7   0    2   0   0   0   2   0   0   0   0   3   5   0   1   0   0   5  75   0   0   5  1.93 0.88
  248 R     0  -1  -3  -1  -1  -3  -2  -3  -4  -3  -3  -3  -1  -1  -5   2   6   2   1  -3    6   4   1   4   1   1   2   2   0   1   3   1   1   3   0  12  48   3   4   2  0.86 0.51
  249 A     2   2   0   1  -4   2   3  -3  -1  -3  -3   2  -3  -2  -4  -1  -2  -6  -3  -3   20  10   5   7   0  10  21   1   1   1   3  10   0   2   0   3   2   0   1   1  0.42 0.30
  250 T    -4  -5   9  -5  -2  -6  -5  -6  -6  -9  -9  -6  -8  -9  -8  -4   0 -10  -8  -7    1   0  90   0   1   0   0   0   0   0   0   0   0   0   0   1   6   0   0   0  3.05 1.15
  251 S     6  -6  -6  -7  -3  -5  -6  -3  -7  -5  -5  -6  -6   2  -6  -1   2  -7  -2  -3   70   0   0   0   0   0   0   2   0   0   0   0   0   8   0   5  11   0   1   2  1.58 0.75
  252 A    -1   4  -1  -3   2   1   1  -3   0   0   0   2   1  -1  -4  -1  -1  -3  -1  -1    5  23   3   1   4   5   8   1   2   5  10  14   4   3   0   3   3   0   2   4  0.29 0.22
  253 A     0   6   0  -1  -4   1   0  -4  -1  -4  -4   3  -3  -5  -6  -1   0  -4  -4  -5    8  41   5   3   0   5   7   1   2   1   2  15   0   0   0   4   5   0   0   1  0.86 0.46
  254 F    -3  -6  -7  -8   0  -7  -7  -8  -7   0   5  -7  -1   5  -8  -7  -5  -4  -4   1    3   0   0   0   2   0   0   0   0   5  57   0   1  23   0   0   0   0   0   8  1.45 0.62
  255 F    -8  -9  -9 -10  -9  -9  -9  -9  -7  -6  -2  -9  -5  10 -10  -9  -8  -4   2  -7    0   0   0   0   0   0   0   0   0   0   3   0   0  90   0   0   0   0   6   0  3.39 1.15
  256 Q    -2   4   3  -1  -5   0  -3   5   0  -7  -6   1  -6  -7  -5  -1  -4  -7  -6  -7    3  20  14   3   0   3   2  39   2   0   0   9   0   0   0   4   0   0   0   0  0.98 0.49
  257 L    -5  -7  -8  -8  -6  -7  -7  -7  -7   5   5  -7   0   1  -6  -7  -6   4  -5  -2    0   0   0   0   0   0   0   0   0  29  58   0   1   5   0   0   0   5   0   1  1.58 0.64
  258 P    -3   0  -1   0  -6  -2   0  -1  -4  -6  -6   2  -5  -7   7   0  -1  -7  -6  -5    1   4   2   5   0   2   7   5   0   0   0  15   0   0  48   7   4   0   0   0  1.18 0.48
  259 L     0  -1  -2  -1  -2  -3  -3  -4  -4   2   3  -1   2   0   0  -3  -2  -2  -2   3    8   3   2   4   0   0   1   0   0  11  30   3   5   3   5   0   1   1   1  21  0.29 0.18
  260 Q    -2   3   0   0  -5   2   2  -3  -3  -4  -3   2  -2  -5   5  -2  -2  -5  -4  -4    1  15   4   6   0   9  16   1   0   1   3  15   1   0  28   1   1   0   0   0  0.68 0.28
  261 E    -3  -2   1   3  -6   2   6  -4   0  -5  -5  -1  -4  -5  -3  -2  -3  -5  -4  -5    0   0   6  16   0   6  70   0   2   0   0   0   0   0   0   0   0   0   0   0  1.29 0.38

                      K         Lambda
Standard Ungapped    0.1375     0.3223
Standard Gapped      0.0641     0.2670
PSI Ungapped         0.2094     0.3180
PSI Gapped           0.0641     0.2670
