
Last position-specific scoring matrix computed, weighted observed percentages rounded down, information per position, and relative weight of gapless real matches to pseudocounts
            A   R   N   D   C   Q   E   G   H   I   L   K   M   F   P   S   T   W   Y   V   A   R   N   D   C   Q   E   G   H   I   L   K   M   F   P   S   T   W   Y   V
    1 M    -1  -2  -3  -3  -2  -1  -2  -3  -2   1   3  -2   5   0  -3  -2  -1  -2  -1   1    0   0   0   0   0   0   0   0   0   0  32   0  68   0   0   0   0   0   0   0  0.38 0.02
    2 N    -1   0   3   0  -3   3   0   3   0  -3  -3   0  -2  -3  -2   0  -1  -3  -2  -3    0   0  36   0   0  33   0  32   0   0   0   0   0   0   0   0   0   0   0   0  0.45 0.01
    3 L    -2  -3  -4  -4  -1  -3  -3  -4  -3   3   3  -3   2   0  -3  -3  -1  -2  -1   2    0   0   0   0   0   0   0   0   0  49  51   0   0   0   0   0   0   0   0   0  0.41 0.02
    4 D    -1  -1   3   5  -3   0   1  -1  -1  -3  -3  -1  -3  -3  -2   2   0  -4  -3  -3    0   0  24  51   0   0   0   0   0   0   0   0   0   0   0  25   0   0   0   0  0.57 0.03
    5 G     0  -1   0  -1  -3   2  -1   5  -1  -4  -3  -1  -2  -3  -2   0  -2  -3  -3  -3    0   0   0   0   0  25   0  75   0   0   0   0   0   0   0   0   0   0   0   0  0.76 0.03
    6 V     1  -2  -2  -2  -1  -2  -2  -2  -2   3   0  -2   0  -1  -2   1   0  -3  -2   2   20   0   0   0   0   0   0   0   0  40   0   0   0   0   0  20   0   0   0  20  0.18 0.03
    7 R     1   4  -1  -1  -3   3   0  -2  -1  -3  -2   3  -1  -3  -2   0  -1  -3  -2  -2   20  40   0   0   0  20   0   0   0   0   0  20   0   0   0   0   0   0   0   0  0.42 0.03
    8 P     0  -2  -1  -1  -2  -1  -1  -2  -2  -3  -3  -1  -3  -4   7   2   0  -4  -3  -3    0   0   0   0   0   0   0   0   0   0   0   0   0   0  68  32   0   0   0   0  1.36 0.09
    9 Y     1  -2  -2  -3  -2  -1  -2  -2  -1  -1  -1  -2   2   3  -2   0   2   0   4  -1   14   0   0   0   0   0   0   0   0   0   0   0  14  14   0   0  30   0  28   0  0.31 0.07
   10 C     2  -2  -2  -3   5  -2  -2  -2  -3   0   0  -2   0  -2  -2   0   1  -3  -2   2   32   0   0   0  18   0   0   0   0   0  10   0   0   0   0   0  11   0   0  28  0.29 0.08
   11 R     1   0  -1  -1  -2   2  -1  -2   2  -1  -2   0  -1  -3   3   2   2  -3  -2  -1   10   6   0   0   0  15   0   0   8   7   0   0   0   0  15  21  17   0   0   0  0.29 0.09
   12 I    -1  -3  -3  -4  -2  -3  -3  -4  -4   4   2  -3   2  -1  -3  -2   0  -3  -2   3    0   0   0   0   0   0   0   0   0  37  16   0   6   0   0   0   6   0   0  35  0.49 0.15
   13 V     0  -1   1  -2  -3   2  -1  -2  -2  -1  -3   1  -2  -3   5   1  -1  -4  -3   0    5   0  10   0   0  12   0   0   0   5   0  11   0   0  36  12   0   0   0   8  0.61 0.18
   14 N     1  -1   1   0  -2   1   0  -2  -2  -1   0   0   1  -2  -2   1   2  -3  -2   0   19   0   7   6   0   7   5   0   0   0  10   5   6   0   0   7  18   0   0   9  0.13 0.10
   15 K    -1   1  -1   1  -4   3   3   0  -1  -3  -2   2  -2  -4  -2   1   0  -3  -3  -3    0   6   0   5   0  19  27   6   0   0   4  19   0   0   0  10   4   0   0   0  0.41 0.18
   16 K     0   1   0   0  -4   5   0   0   2  -3  -3   2  -2  -4  -3  -1  -2  -4  -2  -1    9   5   4   4   0  44   0   7   6   0   0  15   0   0   0   0   0   0   0   5  0.52 0.24
   17 N     1   0   2   1  -2  -1   0  -2  -2   0  -1   0  -1  -3  -2   2   1  -3  -2   0   12   6  11   7   0   0   5   0   0   6   6   4   0   0   0  30   8   0   0   5  0.19 0.12
   18 E     1   1  -1   0   1   4   1   0   1  -3  -3   0  -2  -4   0   1  -1  -3  -2  -1   16   6   0   4   4  33   7   5   4   0   0   0   0   0   4  12   0   0   0   6  0.33 0.19
   19 S    -1   1   2   2  -3   2   0  -1  -2  -4  -4  -1  -3  -4  -2   4  -1  -4  -3  -3    0   7  11  10   0  14   4   3   0   0   0   0   0   0   0  50   0   0   0   0  0.57 0.27
   20 I    -1  -2   0   0  -2   0  -1  -3   1   2   2   0   0  -1  -3  -1  -1  -2   1   2    0   0   4   6   0   6   3   0   4  11  22   7   0   0   0   4   0   0   7  25  0.13 0.11
   21 S     0   0   0  -1  -2   1   1  -2  -2  -2  -1   0  -2  -3   1   3   1  -3  -2  -1    5   4   3   0   0   6   9   0   0   0   9   6   0   0   8  37   7   0   0   3  0.26 0.16
   22 D    -1  -1   1   2  -3   2   0   1  -2   1  -2   0  -2  -2  -2   1   2  -3  -1  -1    0   0   5  18   0  13   0  10   0  13   0   6   0   0   0  12  15   0   3   4  0.19 0.14
   23 I     0  -1   0  -2  -2   0  -1  -2   1   1   0   0  -1   0  -2   1   2  -3  -1   1    8   0   3   0   0   5   0   0   4  12  10   6   0   4   0  13  22   0   0   9  0.12 0.11
   24 A     1  -1   0  -1  -2   0  -1  -1  -2  -1   1   1   1  -2   3   1  -1  -3  -2  -1   17   0   4   3   0   4   1   4   0   0  18  10   4   0  15  17   1   0   0   1  0.19 0.12
   25 F     0  -1   1  -1  -2   0   0   0  -1  -2  -1   1  -1   3  -2   1   0  -1   2  -1    7   0   9   0   0   3   6   9   0   0   6  10   0  20   0  14   4   0   7   3  0.12 0.10
   26 A     2   0   1  -2   1   0   0   1   1  -2  -1   0  -1  -3  -2   1   2  -3  -2  -2   25   3   8   0   3   2   4  10   5   0   9   5   0   0   0  10  15   0   0   0  0.18 0.13
   27 H    -1   1   2   1  -3   1   0  -1   2  -3  -3   1  -2  -3   2   1   1  -3  -2  -1    0   9  11   7   0   6   5   4   6   0   0  12   0   0  11  12  12   0   0   4  0.26 0.12
   28 I     0  -1   1   1   1  -1   0   0  -2   1   0   1  -1  -2  -1   1   1  -3  -2  -1   10   0   8   7   4   0   5   5   0  15   8  13   0   0   2   9  11   0   0   0  0.07 0.09
   29 I     0  -1  -2  -3  -2  -2  -2  -1  -3   3   0  -1  -1  -2  -3   1   1  -3  -2   2    9   4   0   0   0   0   0   3   0  31   5   5   0   0   0  15   8   0   0  19  0.23 0.17
   30 K    -1   2   1  -1  -3   0   2  -2   2  -1  -1   3  -2  -3  -2   1   0  -3  -2  -2    0  14   6   0   0   0  16   0   6   6   7  26   0   0   0  13   4   0   0   0  0.29 0.17
   31 R    -1   3   1  -1  -3   1   1   0  -2  -3  -1   1  -2  -3   2   2   0  -3  -3  -3    0  22   8   0   0   4   8   8   0   0   6   9   0   0   9  22   2   0   0   0  0.30 0.17
   32 V     0  -3  -3  -3  -2  -2  -1  -3  -3   2   0  -2  -1   4  -1   0   1  -2   0   2    7   0   0   0   0   0   4   0   0  17   7   0   0  24   3   8  10   0   0  18  0.26 0.17
   33 K    -1   0  -1   2  -3   2  -1  -1   0  -1  -2   1  -2  -3   2   2   1  -4  -2   0    3   2   0  13   0  12   0   2   2   4   0  11   0   0  11  19   7   0   0  10  0.23 0.16
   34 N    -2  -2   5  -1   1   1   2  -2   0  -4  -3   0  -3  -4   1   2  -1  -4  -3  -4    0   0  43   0   4   5  15   0   2   0   2   4   0   0   8  14   0   0   0   0  0.66 0.31
   35 S     1  -1   1  -1  -3  -1   1   0  -1  -2  -3   2  -2  -2   2   2   0  -3   1  -2   11   0   9   0   0   0   7   6   0   2   1  22   0   0  10  20   3   0   6   1  0.27 0.17
   36 S     0  -1   2   0  -2   1   0   0  -2  -1  -2  -1  -2  -3   1   2   2  -3  -2   0    3   1  10   3   0   7   3   7   0   4   1   3   0   0   8  22  19   0   0   9  0.21 0.14
   37 C    -1   0   0  -1   1   1   1  -2  -2  -1   0   0  -1  -2   1   2   2  -3  -2   0    1   5   5   1   4   5  10   1   0   2   9   6   0   0   7  18  17   0   0   9  0.15 0.12
   38 T     0   0   2  -1  -2   3   1  -2  -1   0  -1   0  -1  -3   2   0   0  -3  -2   0   10   2  12   0   0  18   7   1   0   5   3   6   0   0  12   5   6   0   0  10  0.21 0.14
   39 H     0  -1   1   0  -3   2  -1  -2   3  -3  -3   3   0  -3   2   0   0  -3   0  -3    8   0   9   4   0  13   1   1  11   0   1  22   3   0  12   6   4   0   4   1  0.33 0.19
   40 P     0   0   0  -1   1   2   1   1   0  -1  -3   3  -2  -3   3   0  -1  -3  -3  -1    4   2   4   0   3  10   7  12   3   3   0  25   0   0  13   4   2   0   0   4  0.28 0.16
   41 K    -2   2   1  -1  -4   1   2  -3   1  -1  -3   4  -2  -4   1   0   1  -4  -3  -2    0   8   6   0   0   5  18   0   4   4   0  32   0   0   6   4  10   0   0   2  0.41 0.23
   42 A     1   0   1   0  -3   0   1   2   0  -3  -3   1  -2  -3   0   1  -1   1  -2  -1   12   6   7   4   0   2  10  19   2   0   0   9   0   0   5  16   0   2   0   5  0.22 0.14
   43 A     1  -2  -1  -3  -2  -2  -2   2  -2  -1   1   1   0   0   0   0   0  -2   1   1   14   0   2   0   0   0   0  16   0   0  13  11   2   4   3   6   3   0   7  18  0.11 0.13
   44 L    -1   0  -1  -3  -3   1  -2  -3   1   2   2  -1   3   0  -3  -2  -1  -2   2   1    4   4   4   0   0   9   0   0   3  21  19   4  10   2   0   0   3   0  12   6  0.21 0.16
   45 V    -2  -1  -3  -4  -2  -3  -3  -4   1   1   3  -3   2   2  -4  -3  -1  -2   3   2    0   4   0   0   0   0   0   0   5   8  31   0   5   8   0   0   4   0  13  19  0.37 0.19
   46 F    -2  -3  -3  -3  -3  -3  -1  -1  -2   1   0  -3  -1   5  -3  -3  -1  -1   5   1    1   0   0   0   0   0   4   4   0  10   7   0   0  27   0   1   4   0  24  14  0.53 0.23
   47 L    -2  -2  -2  -2  -2  -2  -1   0  -2   1   3  -2   0  -1   3  -2   0  -2   1   0    1   1   1   1   0   1   5   8   0   8  40   1   0   1  15   1   5   0   6   7  0.27 0.15
   48 G     0  -2   0  -2  -2  -2  -2   4  -2  -2  -1  -1   1   2  -2   1  -1  -2  -1  -2    5   1   4   1   0   1   1  44   0   1   4   5   5  12   1  11   1   0   1   1  0.43 0.18
   49 E    -1  -1   0   0  -2   1   2  -1  -1  -2  -2   2   2  -2  -1   1   1  -2   0  -1    2   1   2   5   0   5  16   4   0   1   2  17   9   1   1  13  11   0   4   5  0.17 0.12
   50 K     1  -1   1   1  -3  -1   0   1  -2  -1  -3   2  -2  -3   3   2   0  -4  -3  -2   13   0   7   8   0   0   4   9   0   5   0  14   0   0  14  21   4   0   0   0  0.30 0.18
   51 G    -1  -3  -1   0  -4  -1  -2   3  -3  -4  -2  -1  -3  -4   6   0  -2  -5  -4  -4    4   0   3   7   0   2   0  27   0   0   4   3   0   0  40   7   1   0   0   0  0.91 0.35
   52 F    -3  -1  -3  -1  -1  -3  -1  -2  -3   2   0  -3  -1   6  -4  -1   0  -2   1   1    0   4   0   4   2   0   5   3   0  11   4   0   0  42   0   4   6   0   3  12  0.53 0.29
   53 C     1   0   0  -1  -1  -1  -1   0   0   0   0  -1   0   0   1   1   0  -2   0   1   13   7   3   4   1   0   2   9   4   7   6   0   4   3   7  11   4   0   3  12  0.05 0.06
   54 D     0  -2   2   3  -3   1   1   0   0  -3  -2   0  -2  -3  -1   1   0  -4  -3  -1    5   0  11  22   0   6   9   8   2   0   4   5   0   0   2  14   6   0   0   5  0.26 0.16
   55 S    -2   0   3  -1  -4   0   3   1  -2  -2  -3   3  -1  -3  -1   0  -2  -3   0  -1    1   3  17   0   0   2  24  12   0   3   1  20   2   0   3   4   0   0   4   4  0.33 0.22
   56 N    -2  -1   3   4  -3  -1   1   0  -2  -3  -2   1  -3  -4  -3   0   1  -4  -3  -2    1   2  15  35   0   0   7   6   0   0   5   8   0   0   0   7  10   0   0   3  0.48 0.25
   57 D    -1   1  -1   3  -3   0  -1  -3  -2   1   0  -2   5   0  -3   0   0  -3   0  -2    4  10   2  24   0   4   0   0   0   8   7   0  20   4   0   9   5   0   3   0  0.31 0.24
   58 V     1  -2  -3  -4   2  -3  -3  -2  -3   2   2  -3   0   2  -3  -1   0  -2   0   2   16   2   0   0   6   0   0   3   0  12  21   0   0  12   0   2   5   0   3  18  0.26 0.18
   59 L     0   1   0   0  -1   0  -1  -1   0   1   1  -1   2  -1  -2  -1   1  -2   1   0   10  11   6   4   1   3   3   3   2  13  16   0   7   0   0   2   9   0   5   4  0.06 0.10
   60 S     0   0   3  -1  -3   3   1  -1   0  -3  -2   0   1  -3   1   2  -1  -4  -1  -3    7   3  22   0   0  18   7   3   2   0   3   5   6   0   5  16   0   0   2   0  0.36 0.24
   61 I     3  -4  -4  -4  -3  -3  -4  -4  -4   5   1  -3   2  -3  -4  -1   1  -4  -3   1   27   0   0   0   0   0   0   0   0  38   9   0   6   0   0   4   9   0   0   7  0.62 0.34
   62 M    -1  -3  -4  -4  -3  -3  -4  -4  -4   3   3  -1   3   0  -4  -2  -2   2   0   2    6   0   0   0   0   0   0   0   0  26  31   6   8   3   0   2   1   3   3  12  0.48 0.26
   63 G     0   1   1  -1  -4  -3  -1   5  -3  -5  -3   0  -4  -1  -4   0  -3  -4   0  -4    7   7   7   3   0   0   3  54   0   0   2   6   0   2   0   5   0   0   4   0  0.79 0.36
   64 Q    -1  -1  -1   2  -3   3   1  -2  -1   1   1   0   3  -3  -3  -1   0  -4  -3  -1    5   2   2  12   0  17   9   1   1   9  15   6  10   0   0   2   4   0   0   3  0.21 0.19
   65 Q     0  -2   6  -2  -4   4  -2  -3  -2  -4  -4  -2   1  -4  -4   0   0  -4   2  -4    8   0  44   0   0  22   0   0   0   0   1   0   4   0   0   5   4   0   9   0  0.95 0.45
   66 I     1   0  -2  -3  -2  -1  -2  -3   0   2   1  -2   1   0  -3   0   0  -3  -2   2   13   5   0   0   0   2   2   0   3  13  14   0   4   4   0  10   5   0   0  22  0.19 0.16
   67 P     0  -1   0  -2  -3   0  -2   0   4  -2  -1   1  -1   0   3   1  -1   2  -2  -1    7   3   4   0   0   4   0   6  11   2   5  12   2   5  17  12   3   3   0   3  0.25 0.19
   68 R    -4   7   2  -4  -5  -2  -3  -1  -3  -5  -5   2  -4  -5  -4  -1  -3  -5  -4  -5    0  66   8   0   0   0   0   5   0   0   0  12   0   0   0   5   0   0   0   0  1.45 0.56
   69 V     0  -2  -2  -1  -2  -1  -1  -3  -1   2   1  -2   1   2  -3  -1  -1   2   0   3    6   2   1   4   0   3   3   0   2  17   9   1   5   9   0   4   1   3   3  25  0.21 0.16
   70 F     1  -1  -1  -2   1   1  -1   0  -2   0   1  -1   0   2  -3   0   0  -2   0  -1   14   3   2   1   4   7   4   7   0   4  19   3   1  13   0   5   6   0   4   3  0.07 0.11
   71 K    -1   1   3  -1  -4   2   1  -1   1  -2  -2   3  -2  -4  -3   0   1  -4  -3  -2    3   5  17   0   0  12   8   5   4   2   2  27   0   0   0   6   7   0   0   3  0.36 0.24
   72 N    -1  -1   4   1  -4  -3  -3   5   2  -5  -2   0  -4  -4  -4  -1  -3  -5  -4  -4    5   3  21   6   0   0   0  47   5   0   5   4   0   0   0   3   0   0   0   0  0.78 0.36
   73 K    -2   0  -1  -3  -5   1  -1  -1  -3  -4  -1   6   0  -1  -3  -2   0  -5  -3  -2    3   2   3   0   0   5   2   4   0   0   6  60   2   3   0   0   6   0   0   2  0.76 0.41
   74 M     0   1   1   1   2   1   0   0   2  -2  -1   0   1  -3   1   0   0  -3  -2  -2    7   7   7   7   7   7   7   7   7   0   7   7   7   0   7   7   7   0   0   0  0.13 0.15
   75 L     1  -1  -1   0   0  -2  -3  -2  -4  -1   1  -2   1  -3   5  -1  -1  -4  -4  -1   11   3   3   5   2   1   0   1   0   4  20   2   4   0  36   3   3   0   0   2  0.61 0.31
   76 Y    -3   0  -5  -2  -5  -4  -4  -6   1   2   0  -4  -1   2  -5  -4  -4  -1   8  -1    1   5   0   2   0   0   0   0   3  11  11   0   1   6   0   0   0   0  56   3  1.30 0.55
   77 D    -3  -2  -1   3  -4   0   0  -4   1   0  -2  -1  -3  -5   6   0   1  -5  -4  -3    0   1   2  16   0   4   5   0   3   6   3   4   0   0  41   5  10   0   0   0  0.85 0.39
   78 Y    -1  -4  -4  -4  -3  -3  -2  -3  -4   4   2  -3   1  -2   2  -2  -1  -4  -1   3    5   0   0   0   0   0   3   1   0  27  22   0   3   0  10   1   2   0   2  23  0.49 0.28
   79 V    -1  -4  -5  -5  -3  -4  -4  -5  -5   4   2  -4   1  -1  -2  -2  -1  -4  -3   4    5   0   0   0   0   0   0   0   0  32  20   0   2   2   2   2   3   0   0  33  0.75 0.37
   80 F    -1  -5  -5  -6   2  -5  -5  -5  -4  -2  -1  -5   0   7  -5   0   0  -3  -1   3    4   0   0   0   5   0   0   0   0   0   3   0   2  55   0   8   5   0   0  19  1.24 0.57
   81 K     1   1   0   0  -3   0   0  -3  -1   0   1   2   2  -1  -1   1  -1  -3  -1  -1   12   7   5   4   0   2   4   0   2   6  14  16   7   2   2  12   2   0   2   1  0.11 0.14
   82 N    -3  -3   5   3  -5  -2   1   0   2  -3  -5  -1  -4  -5  -1   2   1  -6  -4  -5    0   0  33  20   0   0   8   6   6   1   0   2   0   0   2  16   7   0   0   0  0.76 0.42
   83 E    -2   1   0   4  -5   3   3  -2   0  -4  -3   2  -1  -5  -1  -1  -1  -5  -4  -4    1   8   3  24   0  15  18   2   2   0   2  14   1   0   3   4   3   0   0   0  0.55 0.34
   84 K     1   1   2   1   1   1   1  -1   0  -2  -3   2  -2  -1  -3   1   0  -4  -1  -2   14   6  14   7   4   5  11   3   2   1   0  14   0   2   0   8   5   0   2   3  0.20 0.18
   85 S     1  -1   1   2  -4   3   2   1  -2  -1  -3  -1  -3  -4  -3   0   1  -4  -1  -1   12   2   6  11   0  19  13  11   0   4   0   2   0   0   0   5   8   0   3   6  0.28 0.25
   86 K    -1   2  -3  -3  -4   2   0  -2   0   0   1   3   2   0  -3  -2  -2  -3   1   0    3  13   0   0   0   9   6   2   2   6  12  28   6   4   0   0   0   0   5   6  0.31 0.27
   87 N     0   0   2   2  -4   2   1  -2  -2  -2  -2   3  -2  -4  -1   0   0  -4  -3  -2    9   4  11  14   0   9   9   2   0   3   4  20   0   0   2   4   5   0   0   1  0.29 0.22
   88 D     1   0   1   3   1   1   2  -1  -2  -2  -2   2  -3  -2  -3   0   1  -4  -3  -2   11   5   5  17   3   4  16   3   0   2   2  12   0   2   0   6   8   0   0   3  0.24 0.20
   89 F    -4  -5  -6  -6   1  -5  -6  -6  -4   1   0  -5   1   7  -6  -2  -2  -2   4  -1    0   0   0   0   3   0   0   0   0   7  10   0   3  54   0   3   3   0  14   3  1.39 0.61
   90 L    -1   1   0   0   0   2   2  -3   2   0   0   2   0  -1  -3  -1   0  -3   0  -1    3   7   5   3   2   8  18   0   6   5  10  15   3   2   0   3   5   0   3   2  0.19 0.19
   91 K    -1   1   0   1  -4   2   1  -1  -2  -2  -4   4  -3  -4  -3   0   0  -4  -4  -1    5   8   5  10   0  10  11   3   0   3   0  27   0   0   0   5   7   0   0   5  0.39 0.30
   92 M    -1   0   0  -2  -3   1   0  -3  -2   1   1   2   1   0  -3   1   0  -3   1  -1    4   3   4   0   0   7   6   0   0   8  16  16   5   3   0  13   5   0   6   3  0.15 0.19
   93 A     0   2  -1  -3   0  -2  -1  -2  -1   1   1   1   1   0  -3  -1  -1   1   0   1    9  13   4   0   2   0   2   2   2  10  19  10   3   5   0   3   3   2   2   8  0.10 0.13
   94 E    -2  -2   2   2   0   2   3  -1  -3  -1  -3   1  -3  -1  -1   0   0  -4  -4  -4    3   0  12  13   2  10  25   4   0   3   2   9   0   3   3   5   6   0   0   0  0.42 0.33
   95 S    -1   1   1   1   1   2   1  -1   1  -4  -3   3   0   0  -1   0  -1   0  -1  -3    4   6   8   7   4  10  10   4   3   0   0  21   2   4   2   5   4   2   2   1  0.24 0.23
   96 W    -2  -1  -1  -1  -3  -3  -1  -4  -3   0   1   0   2   3  -4   0   2   5   3  -1    2   2   2   3   0   0   3   0   0   6  13   7   6  11   0   7  14   8  10   4  0.30 0.27
   97 L    -1   1  -1  -1   0   0  -1  -2   0   0   1   0  -1   1  -1  -1   0  -2   2   0    2   7   2   4   2   3   2   3   3   7  20   7   0   6   3   5   7   0   9   6  0.06 0.12
   98 P    -1   0   0  -1  -4   2   1   1  -3  -1  -3   2  -3  -2   3   2  -2  -4   0  -2    2   4   4   3   0  10   9   9   0   3   2  14   0   1  16  17   0   0   3   3  0.33 0.29
   99 Q     0  -1   0   2  -1   2   3   0  -2   0  -1   0   1  -3   0   0   0  -4  -2  -1    6   2   4  12   1   9  22   8   0   5   5   4   4   0   3   5   5   0   1   4  0.19 0.19
  100 S     0  -1   1   0  -2   0   0   0   2   0  -1  -1   0   0  -1   1   0  -3   0  -1   10   3   7   3   0   4   8   6   7   8   5   2   3   6   3  14   6   0   3   4  0.06 0.10
  101 E    -1   1   1   1  -3  -1   1  -1  -2   1   0   1   0  -1   0   0  -1  -3   1  -1    5   7   7   8   0   0   9   5   0  10  13  13   1   1   4   4   3   0   6   3  0.07 0.13
  102 P    -1   2   1   2  -4   0   0  -3  -2  -3  -3   1  -1   1   3   1  -1  -4  -2  -1    4  12   7  13   0   3   7   0   0   1   0   9   2   7  13  13   3   0   1   5  0.28 0.25
  103 I    -1   0   1  -2  -3   1  -1  -1  -1   1   1   0   1   0  -1   1   0   0   0   0    1   4   7   0   0   7   3   4   1   8  12   6   5   4   2  16   5   2   3   8  0.07 0.15
  104 V     0   1  -1   1  -1   1   0   1   2  -2  -1   1  -1   0  -2   0   0  -3   1  -2    6   8   2   8   2   5   4  10   8   2   8  11   1   3   1   8   8   0   6   2  0.09 0.12
  105 I    -1  -1   0   0   0  -1  -1  -1   0   1   1   0   0   0  -3   1   0  -3  -1   0    2   2   5   4   2   2   4   4   2  10  18   5   2   5   0  18   6   0   2   8  0.07 0.13
  106 N     0   0   1   0  -4   2   2   1  -2  -3   0   2  -1  -1  -3   0  -1  -4  -2  -2    6   4   8   4   0  11  14   9   0   0  12  16   1   2   0   8   2   0   1   2  0.21 0.23
  107 N    -1  -1   4   0  -2   0  -1  -2   2  -2  -2  -1  -3   0   1   2   0  -4   0  -3    4   2  24   6   1   3   4   2   4   2   4   2   0   3   8  20   4   0   4   1  0.34 0.30
  108 D     1   0   1   0   0   0   0  -2  -2  -1  -2   0  -1   0   1   2   0  -3  -1   0   11   6   9   5   2   4   4   1   0   4   3   4   1   4   7  22   3   0   2   7  0.14 0.18
  109 D    -2  -1   4   5  -4  -1   1  -1   2  -3  -3   0  -4  -4  -3  -1  -2  -5  -4  -2    2   3  19  34   0   2  10   4   6   2   3   7   0   0   0   4   2   0   0   3  0.67 0.41
  110 D     0  -2   2   2  -3   0   2  -2   1  -1  -1   1  -1  -2  -3   1   0  -4  -2  -1    6   0  13  14   0   3  14   2   4   4   4   8   1   2   0  14   5   0   1   5  0.22 0.21
  111 A     2  -1   0   2  -3  -1   0  -1  -1   0  -1  -1  -2   0  -1   0   1   1  -1   0   23   2   4  14   0   3   4   5   1   5   4   3   0   4   3   4  10   3   2   7  0.13 0.16
  112 L    -1   0  -3  -3   0  -2  -1  -4  -1   2   2   1   0   0  -3  -1   0   1   0   2    3   4   0   0   2   0   4   1   1  12  24  13   1   3   0   3   6   2   3  17  0.22 0.22
  113 N     0   1   2   1  -3  -1   1   2  -1  -1  -2   1  -2  -1  -1   1   0  -3  -1  -1    5   8  13   7   0   1   9  17   1   4   3   9   0   3   2   9   5   0   1   3  0.16 0.14
  114 A     3   0  -1  -3  -3   0  -1  -1   1  -1   0   1  -2   0  -2   1   0  -3  -2  -1   32   5   3   0   0   5   2   3   4   3  12   8   0   3   1   9   4   0   0   4  0.20 0.23
  115 A     3   0  -1  -2  -3  -1   0   2   1  -1   0  -1   0  -1  -1   0  -1  -3  -1  -1   30   6   2   0   0   3   6  15   4   4   8   3   2   2   2   4   3   0   2   3  0.18 0.21
  116 A     1  -1  -2  -1  -3   0   2  -1  -2   0   0  -1  -1   2  -3   0  -1  -2   0   1   16   2   0   3   0   5  15   4   0   4  11   3   1  13   0   6   3   0   3  10  0.11 0.16
  117 Y     0   0  -2  -1  -3   0  -1  -1   0   0   1   2   0   0   0   0  -1  -2   3   0    8   5   0   4   0   5   1   4   2   4  13  14   2   4   3   8   2   0  15   5  0.11 0.16
  118 F    -2  -2  -2   0  -1  -1  -1  -3   0   2   2   0   1   1  -3  -1   0  -2   3   0    2   1   1   6   1   3   3   1   2  15  23   8   4   5   0   3   7   0  12   3  0.18 0.19
  119 S     3  -2  -2  -3  -3   1  -1  -1  -1   0   1  -1  -2  -1  -1   1  -1  -3  -1   0   35   0   1   0   0   7   2   4   1   4  13   4   0   2   2  11   2   0   2   8  0.25 0.26
  120 V     0  -1  -2  -2  -3   0  -2  -3  -1   2   2  -2  -1  -1  -3  -1  -1   0   2   1    9   3   2   2   0   4   2   0   2  17  26   2   0   1   0   5   3   1   8  12  0.22 0.22
  121 K    -1   2   1   1  -4   1   0   0   0  -1  -2   3  -1  -3  -3   0   0   3  -3  -3    5  14   8   7   0   6   3   5   2   4   4  23   1   0   0   7   6   5   0   0  0.29 0.25
  122 K     0   1   2   0  -3   2   0  -3  -2   0  -2   1  -2  -3  -1   1   0  -3   1  -1    8   6  13   5   0  11   6   0   0   6   3  12   0   0   2  13   7   0   7   2  0.20 0.22
  123 A    -1  -2   2   0  -3   2  -1  -2  -2   0   1  -1   2  -3  -3  -1   3   2   0   0    4   0  11   6   0  14   2   1   0   7  13   2   6   0   0   4  20   3   3   5  0.23 0.27
  124 K    -2   2   1   1  -4   1   2  -3  -2  -1  -3   3  -3  -2   0   2   0  -4  -2  -2    2   9   6   6   0   7  16   0   0   3   0  18   0   2   5  15   6   0   1   2  0.32 0.27
  125 I     0  -1   1  -1   1  -1  -1  -1  -2   2   1  -1   1   1  -1  -1   0  -3  -1   0    8   2  11   2   3   2   4   3   0  18  17   3   4   6   2   4   5   0   2   4  0.07 0.12
  126 K     0  -1  -1  -1  -2  -1  -1  -1   1   1   0   2   1   0  -1   0   1  -2   1   1    6   2   2   2   0   0   3   4   3  11   9  16   4   5   2   4   9   0   6   9  0.05 0.11
  127 T    -1  -1   1   0   0   0  -1   1   1  -2  -2   1  -1  -3  -1   2   2  -3  -1  -1    4   2   8   4   2   3   1  12   4   1   2  13   2   0   3  16  14   0   3   4  0.17 0.19
  128 V     1  -1  -2  -2  -2   0  -1  -3  -3   2   1   0   0  -1   1   0  -1   1  -2   1   14   2   1   2   0   5   3   1   0  18  17   5   2   3   8   6   2   2   0   8  0.13 0.15
  129 N    -1   0   2   3  -3   1   1   0   0  -2   0  -1  -2  -3  -1   0  -1  -4  -2  -3    3   4  11  22   0   6  10   8   2   2  14   3   0   0   3   7   4   0   1   0  0.22 0.20
  130 D    -1  -1   0   3  -3   1   2   1  -2  -2  -1   0   0   0   0   1   0  -3  -2  -1    2   1   4  18   0   5  15  11   0   1   5   4   4   4   4  11   4   0   0   4  0.19 0.18
  131 T     1   0  -1  -1  -1  -1  -2  -1  -2   0   0   0   1   2  -2   0   1  -2  -1   1   14   7   2   3   1   2   0   3   0   7   8   8   5  11   0   7  10   0   0   9  0.07 0.12
  132 D    -1  -1   3   2  -3   1   1   0   0  -3   0   2  -2  -3  -3   0   0  -4  -3  -3    4   0  18  14   0   8  10   6   2   0   9  15   0   0   0   5   6   0   0   0  0.30 0.24
  133 F    -1  -2  -1  -1  -2  -1  -2  -1  -2   1   2  -1   1   2   1  -1  -1   1   0   1    2   0   4   4   0   2   1   4   0   9  29   4   3  12   7   3   3   2   2   8  0.17 0.16
  134 K     0   0   2   1  -3   0   1   0   1  -2  -2   1  -2  -2  -1   2   1  -3  -2  -1    5   4   9   7   0   2   7   8   4   2   4   8   0   2   3  20  10   0   0   3  0.15 0.15
  135 E     0   1   1   1  -3   1   1  -1   0  -1  -2   1  -2  -3   1   1   0  -3  -2  -1    5   8   5   8   0   6  13   5   3   4   3   9   0   0   7  16   4   0   0   4  0.17 0.14
  136 Y    -1   1   2   1  -3   0   0  -2   1   0   0   0  -1   1   0   0   0  -2   2  -2    4   8  11   7   0   5   6   1   5   6   9   6   0   7   4   5   6   0  10   0  0.10 0.12
  137 N     0   1   1   1  -3   1   1   0   2  -3  -3   1  -2  -3   1   1   1  -3  -2  -2    8   8   8   8   0   8   8   8   8   0   1   8   0   0   8   8   8   0   0   0  0.22 0.12
  138 K    -1   2   1  -1  -3   1   1  -2  -1  -2  -3   5   0  -3   0   0   0  -3  -2  -1    0   5   7   0   0   3   5   0   0   0   0  59   3   0   4   3   4   0   0   5  0.48 0.14
  139 V     0  -3  -3  -4  -1  -2  -3  -3  -3   3   3  -3   2   0  -3  -2  -1  -3  -2   3    7   0   0   0   0   0   0   0   0  30  32   0   7   0   0   0   0   0   0  25  0.34 0.06
  140 Y    -2  -2  -2  -3  -3  -2  -2  -4   3  -1   0  -1  -1   3  -3  -2  -2   4   7  -1    0   0   0   0   0   0   0   0   6   0   6   5   0   5   0   0   0   5  67   5  0.83 0.13
  141 I    -1  -3  -3  -3  -1  -3  -3  -4  -3   4   2  -3   1  -1  -3  -2   1  -3  -2   3    0   0   0   0   0   0   0   0   0  45  15   0   0   0   0   0   9   0   0  31  0.39 0.08
  142 L     1  -1  -1  -2   1   1  -2  -2   1   1   1  -2   0  -1   0   0   0   2   0   1   13   3   3   1   4   8   0   1   6  10  20   0   0   1   3   7   3   4   3  11  0.07 0.06
  143 G     1  -4  -2  -3  -4  -3  -4   6  -4  -5  -5  -3  -4  -5  -4   0  -3  -4  -5  -4   11   0   0   0   0   0   0  83   0   0   0   0   0   0   0   6   0   0   0   0  1.55 0.32
  144 H    -2  -3   0   0  -5  -2   0  -2  10  -5  -5  -3  -4  -4  -4  -3  -4  -5   1  -5    3   0   3   5   0   0   4   2  81   0   0   0   0   0   0   0   0   0   2   0  2.12 0.43
  145 G    -2  -4  -2  -3   2  -4  -4   7  -4  -6  -6  -4  -5  -5  -4   0  -3  -5  -5  -5    0   0   0   0   4   0   0  91   0   0   0   0   0   0   0   5   0   0   0   0  1.79 0.36
  146 S     1   1   1   0  -1   1   0   0  -1  -2  -1   0   0  -1  -2   2   0  -3  -2  -2   14   8   6   3   1   8   4   6   1   2   5   6   3   2   0  29   1   0   0   0  0.18 0.10
  147 P     4  -4  -1  -4  -4  -1  -1  -4   0  -2  -3  -1  -4  -5   5  -1  -3  -5  -1  -1   39   0   3   0   0   2   3   0   2   2   2   3   0   0  32   4   0   0   2   5  0.92 0.42
  148 G     0  -5   1  -4  -6  -5  -1   7  -5  -7  -7  -5  -6  -7  -5   0  -5  -6  -6  -6    7   0   7   0   0   0   4  76   0   0   0   0   0   0   0   5   0   0   0   0  1.77 0.60
  149 S     0  -1  -1   2   0   0   0   1  -2  -1   0  -1   0  -1  -3   2  -1  -3   0  -1    5   3   2  14   2   5   5  12   0   2   9   3   3   2   0  22   2   0   4   5  0.14 0.14
  150 H    -1  -1   3   3  -4  -1   1   1   3  -4  -3   1  -4  -4   2   1   0   0  -3  -4    5   2  16  18   0   2   7   9   9   0   2   8   0   0   9   9   4   2   0   0  0.40 0.23
  151 Q     0   0   0   1  -1   0   1   1   2  -1  -1   0  -1   0  -3   0  -1   1   1  -1    5   3   5   7   2   3  11  11   7   5   6   7   2   3   0   7   3   2   7   5  0.06 0.07
  152 L    -2  -5  -6  -6  -4  -5  -6  -6  -6   5   3  -5  -1   1  -5  -5  -1  -5  -4   2    3   0   0   0   0   0   0   0   0  43  31   0   0   5   0   0   4   0   0  14  1.08 0.42
  153 G     1   0  -1  -1  -3  -1  -1   1  -1  -3  -3   0  -3  -2  -3   3   2  -3   3  -2   15   6   2   3   0   3   2  11   1   0   1   5   0   0   0  23  11   0  14   3  0.32 0.27
  154 L     2  -3   0  -1   3  -1   0   0  -3  -1  -2  -2  -3  -4  -1   3   0  -4  -2   0   15   0   3   2   7   2   7   6   0   4   4   0   0   0   3  32   6   0   1   7  0.31 0.26
  155 G    -2  -1   2   4  -5  -1  -1   4  -3  -5  -4   0  -4  -5  -4  -1  -1  -1  -5  -5    2   4  12  25   0   3   3  37   0   0   1   6   0   0   0   2   4   1   0   0  0.78 0.40
  156 S     0   0   2   3  -4   0   1   2  -1  -4  -4   0  -3  -4  -1   2   0   0   0  -3    5   3  11  16   0   4  10  16   1   0   1   6   0   0   2  16   4   1   4   1  0.32 0.22
  157 E    -1   0   1   0  -4   3   3   0  -2  -4  -3   2  -3  -4  -1   0   1  -4  -2  -3    4   4   6   4   0  13  26   8   0   0   2  14   0   0   3   6   7   0   1   1  0.40 0.28
  158 L     0  -1  -3  -3   0  -2  -1  -3  -2   1   0   1   1   1  -2   0   1  -2   4   1    6   2   0   1   2   1   3   1   0   7  10  11   4   7   1   5  13   0  17  10  0.19 0.19
  159 I    -1  -1  -4  -4   1  -3  -2  -4  -3   3   2   1   2   3  -4  -2  -1  -3   1   2    3   2   0   0   3   0   2   0   0  19  19  11   4  16   0   2   3   0   3  12  0.37 0.25
  160 D    -2  -2   1   0  -4  -2  -2   0  -1  -4  -4  -3  -4  -2   0   4   4   1   1  -4    1   2   6   5   0   1   2   5   1   0   1   0   0   1   4  38  26   2   5   0  0.63 0.43
  161 V     1  -3   0  -3  -3   0  -3  -1   2   0   0  -1   3   0   1   0   1  -4  -2   2   12   0   4   0   0   4   0   4   7   4   7   4  10   4   9   8   8   0   0  15  0.18 0.21
  162 Q     0   1   1   0   1   1   0  -1   1  -3  -2   2   0   1   0   0   0  -3  -2  -1    9   7   7   4   4   5   6   5   3   0   3  18   3   7   3   5   6   0   0   4  0.12 0.15
  163 T    -1  -1   0   4  -5   2   3  -2   2  -4  -4   0   0  -2  -3   0   0  -4  -1  -2    3   2   2  30   0   8  23   2   6   0   0   6   3   2   0   4   5   0   2   2  0.53 0.27
  164 I    -1  -3  -3  -4  -2  -2  -3  -4  -3   3   2  -3   3  -1  -3  -2   1  -3  -2   3    0   0   0   0   0   0   0   0   0  26  24   0  12   0   0   0  10   0   0  28  0.40 0.11
  165 I     2  -2  -2  -2   2  -2  -2   0  -2   1  -1  -2  -1   0  -2   1   1  -3  -1   2   32   0   0   0   7   0   0   7   0  10   0   0   0   7   0  10   6   0   0  22  0.19 0.08
  166 S    -1   1   0   3  -4   2   1  -1   0  -4  -4   1  -1  -2  -3   2   0  -4  -2  -2    2   6   4  21   0  10   8   4   2   0   0  10   2   2   0  23   5   0   1   2  0.37 0.24
  167 R    -1   2   0   1  -4   2   3  -2   1  -1  -1   0   1  -1  -3   0   0  -4  -2  -1    4  15   4   7   0  11  20   2   3   3   3   3   6   3   0   6   6   0   1   3  0.23 0.18
  168 M    -4  -5  -6  -6  -4  -5  -6  -6  -5   3   5  -5   3   2  -6  -5  -4  -4  -3  -2    0   0   0   0   0   0   0   0   0  15  70   0   8   7   0   0   0   0   0   0  1.32 0.50
  169 K     0   0   0   0  -1   0   2  -3   1   0  -2   4  -1  -3  -3   0  -1  -4   0   0    6   2   5   4   1   2  16   0   3   7   2  31   1   0   0   6   2   0   3   8  0.29 0.22
  170 D     0   0   1   2  -4   1   1   2  -1  -4  -3   2  -3  -3  -3   1   0  -4  -3  -3    8   3   6  13   0   5  10  15   1   0   1  19   0   1   0  12   4   0   0   1  0.32 0.19
  171 C    -1  -3   1  -2   0  -2  -2   0   3   2   1  -1   4   1  -3   0  -2  -3   1   0    2   0   7   1   3   0   2   9   9  13  14   4  15   6   0   7   0   0   4   3  0.18 0.20
  172 G    -2  -2   1   0  -1   0  -1   4   1  -4  -2   2  -1  -4  -1  -1  -3  -4  -1  -1    0   0   8   5   1   5   2  40   4   0   5  16   2   0   3   3   0   0   2   5  0.47 0.29
  173 I    -1  -2  -5  -5  -3  -4  -4  -5   0   2   4  -4   1  -2   0  -4   0  -4  -3   2    3   3   0   0   0   0   0   0   3  13  52   0   3   0   5   0   5   0   0  13  0.67 0.36
  174 L    -1   0   0   1  -4  -2   0  -1   2  -3   0   2  -2  -4   5   0   0  -4  -3  -3    3   4   3   7   0   0   4   3   7   0  14  15   0   0  28   6   5   0   0   0  0.45 0.28
  175 N     0   1   2   2  -3   1   1   0   1  -4  -3   1   0  -4   0   1   0  -4  -3  -3    6   7  13  16   0   8   6   7   3   0   0   9   3   0   5  12   4   0   0   0  0.29 0.20
  176 V    -1  -1   0   0  -3   0  -1  -3   1   1  -1  -1   1   3  -3   0   1  -2   1   1    4   2   6   6   0   3   2   0   5  11   3   4   3  17   0   6   8   0   4  14  0.12 0.15
  177 K     0   1   1  -1  -2   0   0   0  -2   0  -1   1  -1  -3   0   1   1  -3  -2   1    4   8   7   2   0   3   5   5   0   7   4  14   0   0   3  13  10   0   0  14  0.10 0.09
  178 D    -3   1   2   5  -5   1   1  -3  -2  -2  -4   1  -4  -5  -1   0   0  -5  -4  -4    0   8   8  47   0   5   6   0   0   2   0  10   0   0   2   6   6   0   0   0  0.76 0.31
  179 I    -3  -5  -5  -5  -3  -5  -5  -6  -5   6   1  -5  -1   3  -5  -4  -3   2  -2   2    0   0   0   0   0   0   0   0   0  59   8   0   0  15   0   0   0   3   0  15  1.11 0.40
  180 R    -2   6  -3  -4  -5  -1  -2  -4   2  -5  -2   3  -3  -4  -4  -3  -1  -4   1  -4    2  59   0   0   0   0   0   0   5   0   3  21   0   0   0   0   3   0   7   0  1.19 0.44
  181 F     0  -3  -4  -4   0  -3  -4  -4  -4   2   3  -3   3   2  -4  -2   0  -3  -2   2    9   0   0   0   2   0   0   0   0  13  35   0   8   9   0   2   5   0   0  17  0.45 0.21
  182 T     0  -1   1   1  -3  -2  -2  -2  -1  -1   1  -1   1  -1  -2   0   3  -3   0   0    6   3  10   7   0   0   1   1   1   1  13   4   4   3   1   3  32   0   4   6  0.21 0.16
  183 S     2  -3  -1  -2  -1   0  -2  -1  -3  -2  -3  -2  -3  -1   1   4   1  -4  -3  -2   23   0   2   0   1   5   0   4   0   1   1   0   0   4   6  46   6   0   0   1  0.55 0.28
  184 C    -3  -6  -5  -1  11  -6  -6  -5  -6  -4  -4  -6   0  -5  -6  -1  -2  -5  -5  -4    0   0   0   3  87   0   0   0   0   0   0   0   2   0   0   5   2   0   0   0  3.03 0.68
  185 G    -2  -3   3  -2  -4   1   2   0   5  -4  -4  -2  -3   1  -4  -2  -3   6   4  -4    2   0  16   0   0   7  14   8  17   0   0   0   0   7   0   0   0  15  15   0  0.78 0.30
  186 S    -2  -3  -2  -3   0  -3  -3   0  -4  -5  -5  -3  -4  -5  -3   6   1  -5  -4  -4    0   0   0   0   2   0   0   5   0   0   0   0   0   0   0  86   7   0   0   0  1.48 0.52
  187 A     6  -4  -3  -2  -3  -3  -3   2  -4  -4  -4  -3  -3  -5  -3  -1  -2  -5  -4  -2   77   0   0   2   0   0   0  17   0   0   0   0   0   0   0   2   0   0   0   2  1.19 0.42
  188 D    -3  -3   1   6   1  -2   1  -2  -3  -4  -4  -3  -4  -5   0  -1   0  -5  -4  -1    1   0   5  59   4   0   8   2   0   0   1   0   0   0   4   3   7   0   0   6  1.05 0.39
  189 K     2   1  -2   0   0   0   0  -1  -2   0  -1   1  -2  -3  -1   1   1  -3  -1   0   18  10   0   5   2   3   7   4   0   8   4   8   0   0   2   9  11   0   2   6  0.12 0.15
  190 V    -1   2   0  -2   1   0   1  -2   1  -1   0   1   1   0  -1  -1   0  -3   0   0    2  16   6   0   3   3  13   3   3   3   8   9   4   6   2   2   8   0   3   6  0.11 0.14
  191 A     1   0   0   1  -3   0   1  -2  -1   0  -1   3  -2  -3   1   0   1  -3  -1  -1   13   4   4   7   0   3   7   1   1   6   4  20   0   0   6   4  12   0   2   4  0.17 0.18
  192 P    -1  -1  -1  -1  -4  -3   0  -4  -4   3   0  -3  -3  -1   5  -3  -1  -4  -4  -1    5   3   3   4   0   0   7   1   0  16  11   1   0   2  37   1   3   0   0   4  0.71 0.40
  193 K     0   0   1   0   0   0   1  -1   1   0  -2   1  -1  -2   1   0   2  -3  -2  -1    5   4   9   4   2   3  10   3   3   7   3   8   2   2   7   7  17   0   0   3  0.13 0.14
  194 N     0  -1   1   1  -2  -1   0   0   2   0  -2   0  -1   1   1   0   0  -3  -1   0    8   0   7   8   0   0   8   8   7   8   1   8   0   7   8   8   8   0   0   8  0.08 0.10
  195 F    -2  -1  -4  -1  -4  -4  -4  -1   0   2   1  -4   3   6  -4  -1   0  -3   0   0    3   5   0   3   0   0   0   5   2  10  10   0   7  36   0   5   6   0   2   6  0.55 0.37
  196 N     0  -1   1   2  -3   1   0  -1   2  -2  -2   1   0  -4  -1   2   0  -4  -3  -1    5   2   6  14   0   5   5   3   7   2   3  11   3   0   3  21   5   0   0   5  0.23 0.24
  197 N     0   0   2   2  -4   0   0  -1   0  -1  -3   2  -3  -4   3   1   0  -4  -3  -2   10   5  10  12   0   4   6   3   2   4   2  13   0   0  14   8   4   0   0   3  0.27 0.23
  198 A     1  -1   0   2  -3   0   1  -2  -2  -1  -1   0  -2   1   1   1   1  -3   0  -1   12   2   3  15   0   3  10   2   0   3   8   5   0   7   7   9   8   0   3   3  0.13 0.16
  199 P    -1  -1   0   3  -3   0   2  -1   0  -1  -2   0  -1  -1   2   1   0  -3   0  -2    4   3   2  17   0   4  14   5   2   3   4   6   2   3  10  11   4   0   3   2  0.21 0.20
  200 A     0  -1  -1  -2  -3   0  -1   0   2   1   2   0   1   0  -2   0  -1  -3   0  -1   11   3   2   2   0   3   4   7   7   7  27   6   2   3   2   5   2   0   3   3  0.09 0.15
  201 E     0   1   1   1  -3   2   2  -1   2  -2  -1   0  -2  -3  -1   0  -1  -3   1  -2    8   7   8  10   0  10  17   3   6   2   5   6   0   0   2   5   3   0   5   2  0.21 0.20
  202 S     1   1   1   1  -3   1   0  -1   1  -1  -1   2  -2  -1  -2   1   0  -3  -2  -1   14   6   9   8   0   6   5   3   4   3   4  13   0   4   1  12   5   0   0   5  0.12 0.14
  203 L     2   0   0  -1  -3   0  -1  -2   1  -1  -1   0  -2   1  -1   1  -1  -3   2   0   24   6   5   2   0   4   3   1   4   3   7   4   0   5   3  12   3   0   8   6  0.16 0.20
  204 S     2   0   1  -1  -3  -1   0   1   0   0  -3   1   0  -3  -1   2   0  -4  -3  -1   17   6   7   3   0   2   7   8   3   7   1   7   2   0   2  17   6   0   0   3  0.17 0.19
  205 C    -1   1   1   0   1   3   0   1  -2  -3  -2   2  -1  -3  -1   0   1   3  -1  -3    3   7   8   4   3  13   7  10   0   1   3  16   1   0   2   5   9   5   1   1  0.27 0.25
  206 I     0   0   0   0  -2   0   0  -1  -2   1   0   1   1   1  -1   0   1  -2   0   0    6   4   5   6   0   4   7   3   0  11  10   9   5   7   2   6   8   0   3   4  0.03 0.07
  207 L     0   0   0  -1  -1   0   0   0  -2   0   0   0  -1   0   1   1   1   0   0   0    4   5   5   2   1   2   6   8   0   5  10   6   1   4   9  13   8   2   3   5  0.05 0.07
  208 N     0   0   2   1   0  -1   1   2   0  -1  -2   0   0  -2  -1   1   0  -3  -3  -2    8   4  11   9   2   2   9  18   3   4   2   4   3   1   3   9   4   0   0   3  0.16 0.15
  209 S     0   1   1  -1  -3   0   0   1  -2  -1  -1   1   0   1   0   0   0   2   0  -2    6  11  10   2   0   3   7   9   0   4   6  12   2   6   4   6   4   3   3   2  0.09 0.11
  210 L     0   0   0  -1  -3   1   0  -1   0   0   2  -1   1   1  -1   0  -1   2   0  -1    6   4   4   2   0   9   5   5   2   4  22   3   5   9   3   7   4   3   2   1  0.08 0.13
  211 P     0   0  -2  -1   0  -1   1   1   1  -1  -1   0  -1  -1   3   0   0   1  -2  -1    7   5   1   2   2   2   8  12   4   3   6   5   1   4  19   8   6   2   0   3  0.20 0.16
  212 F     0  -1   0   0  -3  -2  -2   0   1   0   1   0   0   4  -2   0   0  -2  -1   0    8   2   4   6   0   1   1   6   4   3  17   5   3  20   2   7   5   0   0   5  0.14 0.16
  213 F     1  -1  -3  -3   0  -3  -1   1  -3   2   1  -1   0   4  -2  -2  -1  -2   0  -1   12   4   1   1   2   1   4  10   0  12  12   3   1  25   2   2   3   0   2   3  0.27 0.23
  214 K    -1   1   0   1  -1   0   1   3  -1  -2  -2   1  -2  -3   1  -1  -1   0  -3  -1    3   7   4   9   2   4   9  25   1   2   5   8   0   0   6   4   3   2   0   6  0.21 0.18
  215 E     0   0   0   0  -1   1   2   0   1   0  -2   1  -1   0   0   0   0   0  -2  -2    7   4   5   4   1   6  17   8   4   6   3   9   1   5   4   7   5   2   0   1  0.11 0.13
  216 K     0   2   1   0  -3   0   0   1  -2  -2  -1   2   0  -1  -1   0   0  -3  -1  -2    6  14   9   4   0   2   7  11   0   3   4  15   3   3   2   8   7   0   1   1  0.17 0.17
  217 E    -1   1   1   0  -3   2   1   0   1  -2  -2   3   0  -3   0   0   0  -4  -3  -1    3   9   6   3   0   9  11   6   3   2   3  21   2   0   5   6   5   0   0   4  0.23 0.21
  218 S    -1  -2   0   1   1  -3  -1  -2  -4  -2  -3  -1  -4  -2   3   4   1  -1  -4  -1    2   1   4   8   3   0   4   3   0   2   2   4   0   1  17  35   8   1   0   5  0.51 0.43
  219 L    -1   0  -4  -5  -1  -4  -2  -3  -4  -2   3  -2   1   5  -3  -1   0  -3  -1   0    6   5   0   0   1   0   3   2   0   0  34   2   3  25   1   4   6   0   1   7  0.53 0.39
  220 L     4  -1  -4  -1  -3  -1  -1  -1  -4   0   2  -1  -1  -1  -1  -1  -3  -4  -3  -1   43   2   0   4   0   3   4   5   0   5  19   3   1   3   2   2   0   0   0   4  0.42 0.38
  221 E     0   0  -1   0  -4   4   2   2  -2  -2  -2   1  -3   0  -2  -1  -2  -4   0  -2    9   5   2   4   0  21  14  15   0   2   4   8   0   4   2   3   2   0   4   2  0.30 0.30
  222 Q     1   0  -2  -1  -4   2   1   0   3  -4  -3   1  -3  -3   1   1  -1  -4   2  -3   13   5   0   3   0  10   9   8  10   0   2  10   0   0   7  13   2   0   7   1  0.31 0.30
  223 I    -2  -4  -4  -4  -3  -3  -3  -3   0   1   3  -3   3   3   2  -3   0   0  -1   2    3   0   0   0   0   0   2   2   2   8  27   1   9  15  10   0   5   1   1  13  0.45 0.34
  224 K     3  -1  -1  -1  -3   0   1   0  -1  -3  -1  -1  -2   1  -1   2   0  -3   0  -1   30   3   2   3   0   3   8   5   1   0   5   2   0   7   2  16   6   0   3   3  0.25 0.27
  225 K     0   0   3   1  -3   3   0  -2   0  -2  -2   2  -3  -2  -1   0  -1  -4  -2  -2   10   5  19   8   0  14   4   2   2   1   3  12   0   2   3   7   3   0   1   2  0.27 0.25
  226 H     1  -2  -1   0  -4   2   4  -3   4  -4  -3   1  -3  -2  -1   1  -1  -4   1  -2   15   0   2   3   0   8  28   1  11   0   2   7   0   1   2   9   3   0   4   3  0.45 0.36
  227 L    -1  -1  -2  -4   1  -3  -3  -4  -4   1   5  -3   1   1  -4   0  -2  -3  -1  -1    4   3   2   1   3   0   2   1   0   8  54   1   3   6   1   7   2   0   2   2  0.64 0.40
  228 E     1   0  -1  -2  -1   1   0  -2  -1   0   1   0  -1   0  -1   0  -1   3   1  -1   12   5   3   1   2   7   6   2   1   5  19   5   0   3   3   9   3   6   6   2  0.09 0.11
  229 N    -1   0   4   1  -3  -1   0  -1  -2  -3  -1   2  -2  -1  -2   1   0  -3  -2  -1    4   4  22   8   0   2   3   5   0   1   7  16   0   2   1  12   6   0   1   4  0.27 0.22
  230 D     0   0   0   0  -3   1   0  -3   2   0   0   0   1   1  -3   0   0   3   1   0    6   6   6   6   0   6   6   0   6   6   6   6   6   6   0   6   6   6   6   6  0.09 0.13
  231 E    -1   1  -2  -1  -3   2   2   1  -1  -1  -2   3   0  -1  -3   0  -1   2  -1  -3    4   8   0   1   0  12  12  14   1   4   4  21   3   2   0   5   2   3   2   1  0.24 0.20
  232 S     0  -1  -1   0  -1  -1   0   3   0  -1  -1  -1  -1  -1   1   0  -2  -3   0  -1    9   2   2   5   1   2   5  28   3   4   7   4   2   2   9   6   1   0   3   5  0.18 0.13
  233 L    -1   0   0   0  -3  -2  -1   2   1  -1  -1   0  -2   2   0  -1  -1  -2   3  -2    5   6   6   6   0   1   4  21   4   3   6   5   0   9   5   1   4   0  12   2  0.15 0.14
  234 S     0   2  -3  -3   0  -2  -1   1  -2  -3  -3   0  -2   4  -3   0   2  -2   3  -1   10  14   0   0   2   0   3  10   0   0   1   4   0  21   0   5  15   0  11   3  0.36 0.28
  235 D    -1   0   4   2  -3   0   1  -2   0   0  -3   0  -2  -3   1   1   1  -4  -3  -2    4   6  23  12   0   4   9   2   2   7   1   4   0   0   6   8   8   0   0   3  0.28 0.20
  236 G     0   0   2   0  -2   2   1   1   0  -1  -2   0  -2  -3   0   0   0  -3  -2  -2    8   5  12   4   0  11   9  14   2   5   4   5   0   1   5   7   6   0   1   1  0.15 0.11
  237 L     0  -2  -2  -2   0  -2  -2   0  -2   1   0  -2   0   2   2  -1  -1  -2   1   2    9   1   1   1   2   1   1   9   0   9   7   1   2  12  13   4   4   0   6  16  0.19 0.14
  238 K    -2   2   0  -2  -4   2   2  -3   0  -3  -2   4   0  -4  -3   0   2  -4  -3  -2    2  13   4   0   0   8  12   1   2   0   3  32   2   0   0   4  13   0   0   3  0.47 0.30
  239 I    -3  -5  -5  -5  -4  -5  -1  -6  -5   3  -2  -5  -2   0  -5  -4  -1  -5  -4   6    0   0   0   0   0   0   4   0   0  13   0   0   0   3   0   0   3   0   0  74  1.47 0.65
  240 S     0  -1  -2  -3  -3  -1  -2  -2   0   0  -3   1  -2   1  -3   2   4  -3   2   0    9   2   0   0   0   1   0   2   2   4   0   8   0   7   0  18  32   0   8   5  0.38 0.27
  241 G     1  -5  -4  -5  -5  -5  -5   7  -5  -7  -7  -5  -6  -6  -5  -3  -5  -6  -6  -6    9   0   0   0   0   0   0  91   0   0   0   0   0   0   0   0   0   0   0   0  2.19 0.70
  242 Y    -6  -6  -6  -7  -6  -5  -6  -7  -2  -5  -5  -6  -5   2  -7  -6  -5  -2  10  -5    0   0   0   0   0   0   0   0   0   0   0   0   0   5   0   0   0   0  95   0  3.17 0.95
  243 H    -4   1   1  -4  -5   1  -2  -5   8  -1   0  -3   1  -2   1  -2  -4  -5   0  -2    0   6   5   0   0   7   1   0  52   3   8   0   3   1   6   2   0   0   2   3  1.18 0.46
  244 G    -2  -5  -3  -4   0  -5  -5   7  -5  -7  -6  -4  -6  -6  -5  -2  -4  -6  -6  -6    2   0   0   0   2   0   0  93   0   0   0   0   0   0   0   3   0   0   0   0  2.15 0.64
  245 Y     2  -1   1  -1  -2   0   0  -1  -2  -1   0   0   2  -1  -2   1   0  -3   0  -1   28   2   9   2   0   2   6   3   0   1   9   5   6   2   0  10   6   0   3   4  0.15 0.15
  246 G    -1  -2  -2  -2  -4  -3  -3   6  -4  -1  -4   0  -4  -5  -4   0  -2  -4  -4  -1    2   1   0   2   0   0   1  70   0   4   0   8   0   0   0   5   1   0   0   4  1.16 0.42
  247 V    -1  -1  -3  -1   0  -1  -2  -4  -4   2   1  -1   2  -3  -4  -1  -1  -4  -3   5    3   4   0   4   2   3   1   0   0   8   9   5   6   0   0   3   2   0   0  50  0.49 0.28
  248 H    -1   0  -1  -2  -2   0  -1  -2   2   1   0   0   0   2  -2   0   2  -2   1   0    2   7   2   0   0   3   3   1   7  11   4   4   3  12   0   9  15   0   6   8  0.11 0.11
  249 Y    -2   1   0  -1  -3  -2  -1  -2  -1  -1   0  -1  -1   3  -3  -2  -1   4   5   1    1   8   5   4   0   0   3   3   0   2   8   2   1  16   0   1   4   5  23  13  0.35 0.20
  250 G     0  -2   0   0  -3  -2  -2   3  -3  -2  -2  -1  -3  -4   2   4   1  -4  -3  -2    4   2   4   5   0   0   0  22   0   2   3   1   0   0   9  37   7   0   0   3  0.44 0.26
  251 Q    -1   1   0   1  -3   2   1   2  -2  -3  -2   1  -1  -1   3   0  -1  -3  -1  -3    4   7   3   7   0  13   8  15   0   0   3   8   2   4  16   6   1   0   3   0  0.28 0.17
  252 E    -1  -1   1   3  -4   1   3  -1   0  -3  -3   1  -3   1   1   0  -1   0  -2  -3    3   2   7  21   0   4  22   3   2   1   2   9   0   7   6   8   1   1   0   0  0.34 0.20
  253 L    -1   1   2   0  -3   0   1   1   2  -1  -1   1  -1  -1  -2   0   0  -2   1  -2    2  11  12   5   0   2   9  13   7   5   5   7   2   3   0   4   7   0   6   1  0.12 0.10
  254 F    -2   0  -1   0   0  -2  -1   1   4   0   0  -2  -1   3  -3  -1  -1  -2   1  -1    1   5   3   6   3   1   2  13  17   8   8   1   0  18   1   4   2   0   5   4  0.23 0.16
  255 P    -1   1  -1  -2  -3   1   0  -1   3  -3  -2  -1  -1  -2   5   0   0  -3  -1  -3    5  10   2   2   0   6   5   5  11   1   4   2   1   2  29   7   6   0   2   1  0.47 0.22
  256 Y    -1  -1   0   0  -3   1   1  -1   1  -1   0   1   0   0  -1   0   0  -2   2  -1    3   2   2   6   0   7  13   4   5   2  10  12   3   5   2   4   8   0  11   4  0.09 0.10
  257 S     0   1   2   0  -3   1  -1  -1   5  -2  -2  -2  -2   0  -3   1   2  -3   0  -2    7   7   9   4   0   6   3   4  21   2   3   0   0   4   0  11  15   0   3   1  0.32 0.22
  258 H    -2   1   2  -1  -4   0  -1  -1   7  -3  -2  -1  -3  -3  -3   1   1  -4  -2  -1    1   7   8   3   0   5   3   3  37   0   3   2   0   0   0  12   9   0   0   5  0.72 0.35
  259 Y    -2  -1  -2  -2   2   1  -2  -2   2   1   2  -2   1   0  -3  -2   1  -2   1   0    2   4   0   2   6   7   1   3   7   9  31   0   3   3   0   2   8   0   6   4  0.20 0.17
  260 R    -2   6  -2  -3  -4   1   0  -2   2  -2   0   0  -3  -4  -4  -1  -3  -4  -3  -3    2  57   1   0   0   5   4   3   5   2   9   4   0   0   0   5   0   0   0   2  0.92 0.44
  261 S     2   0   1  -1   0   0  -1  -2   0  -1  -2   0  -1  -3  -2   2   2  -4  -3   1   22   4   5   3   2   3   2   0   2   3   2   4   1   0   0  19  15   0   0   9  0.22 0.20
  262 T     0   1  -1   0  -2   0   0   0  -2   1   0   0  -1  -2   1   0   1  -2   0   0    6  12   0   4   0   4   7   9   0  10  12   2   0   0   6   7   9   0   3   6  0.05 0.08
  263 S    -1   1   1   1  -2  -1   1   0  -1  -1   0   1   0   0  -2   0   0  -3  -1   0    2   9   7  11   0   0   8   6   0   2   8  13   3   5   1   7   6   0   2   9  0.08 0.09
  264 I     0  -2  -2  -3  -2  -1  -2  -1   0   2   2  -1   1   1  -1  -1   0  -2   0   1    6   0   0   0   0   4   0   5   3  19  21   5   3   6   2   5   7   0   4   9  0.14 0.13
  265 P     0  -1  -1   2  -4  -2   1  -2   1  -1  -3   1  -3  -2   5  -2  -1  -4  -1  -2    7   4   3  13   0   0  11   3   3   6   1   8   0   1  32   0   4   0   2   1  0.56 0.28
  266 A     0  -1   1   0  -3  -1   0   3   1  -1  -2   0  -2  -3  -2   1   0  -3  -3  -1    9   2   9   5   0   1   5  24   5   5   3   7   0   0   0  15   6   0   0   4  0.23 0.16
  267 D     0   1   2   4  -3   1   1   0  -1  -2  -3   1  -3  -4  -1   1   0  -4  -3  -2    7   6  13  25   0   5   8   6   1   3   1   7   0   0   2   9   4   0   0   1  0.33 0.19
  268 P     0   0   1   1  -3   0  -1   2  -2  -1  -1   0  -1  -3   3   1   0  -3  -3  -1    8   5   9   7   0   4   1  15   0   3   5   6   2   0  17   9   5   0   0   3  0.22 0.13
  269 E    -1   1   0   2   0   1   3  -1   0  -3  -3   1  -1  -3  -1   1   0  -3   1  -2    4  10   3  12   2   5  24   3   2   0   1   7   1   0   2   9   6   0   5   3  0.26 0.18
  270 H    -1  -1   1   3  -3   2   1  -1   1  -1   0   1  -2   0  -1  -1  -1  -3  -1  -1    5   1   8  19   0  10  10   3   4   4   9   9   0   5   2   4   1   0   2   5  0.16 0.13
  271 T    -1   1  -2   1  -3   0  -2  -3  -2   1  -1   0   2   2  -1   0   2   0   0   0    4   9   0  10   0   5   0   1   0  12   4   4   7  11   2   5  15   1   2   7  0.12 0.15
  272 V     1  -2  -3  -2  -2  -1  -3  -3  -3   3  -1  -1   2   1  -1  -1   0  -3   2   3   13   1   0   1   0   3   0   0   0  18   3   4   6   5   2   5   4   0   9  25  0.26 0.21
  273 K    -4   7  -2  -5  -6  -2  -3  -5   0  -6  -3   3  -4  -6  -1  -4  -4  -6  -5  -6    0  77   1   0   0   0   0   0   2   0   2  14   0   0   3   0   0   0   0   0  1.88 0.74
  274 R     3   6  -3  -4  -4   1  -3  -2  -3  -5  -4  -1  -4  -5  -1   2  -3  -5  -4  -4   26  45   0   0   0   7   0   2   0   0   0   0   0   0   3  16   0   0   0   0  0.96 0.49
  275 S    -1   0  -2  -3  -4  -3   0  -2  -4  -5  -5   0  -4  -5  -4   6  -2  -5  -4  -4    4   5   0   0   0   0   4   2   0   0   0   6   0   0   0  78   0   0   0   0  1.36 0.64
  276 S    -1   0  -1   3  -4   1   2  -2  -2  -3  -2   0  -1  -4  -2   2   2  -4  -2  -2    1   4   1  18   0   8  14   2   0   0   4   5   2   0   1  22  15   0   1   1  0.37 0.26
  277 Q     0  -2  -4  -4   0  -1   0  -4   1   0   1  -3  -1   0  -4  -1  -1  -4   1   4    7   1   0   0   2   2   6   0   4   0  15   0   0   4   0   4   2   0   4  47  0.47 0.32
  278 K     0   6  -3  -1  -5  -2  -2  -1  -3  -5  -5   4  -4  -5  -4   0  -3  -5  -4  -5    8  47   0   3   0   0   0   4   0   0   0  31   0   0   0   7   0   0   0   0  1.12 0.50
  279 K    -1   4  -2  -2  -4   3   2  -4   2  -3  -2   3  -3  -4  -3  -1   0  -4  -3   0    5  23   0   0   0  16  16   0   5   0   3  18   0   0   0   1   7   0   0   7  0.53 0.31
  280 T     0   0  -2  -1  -3  -1   1  -3  -3   2  -1   0  -1  -2   0  -1   2  -4  -3   3    7   6   0   2   0   2  10   0   0  14   1   8   1   1   5   2  16   0   0  25  0.22 0.20
  281 F    -5  -5  -5  -6  -5  -6  -6  -6  -4   1   0  -4  -3   8  -6  -2  -4  -2   1  -3    0   0   0   0   0   0   0   0   0   7   6   1   0  79   0   3   0   0   2   0  1.96 0.65
  282 I    -2  -3  -3  -1  -2  -3  -3  -4  -3   4   1  -3   0   3  -3  -2   2  -2   1   1    0   0   0   4   0   0   0   0   0  38  10   0   0  19   0   0  18   0   3   7  0.41 0.19
  283 I     2  -2  -1  -2  -2  -1  -1  -2   2  -1  -1  -1  -2  -3   4   2   1  -4  -2  -1   21   0   0   0   0   0   0   0   7   6   4   0   0   0  28  25  10   0   0   0  0.50 0.14
  284 N    -1  -1   4   1  -3   1   3   0  -1  -4  -4  -1  -3  -4   1   2   0  -4  -3  -3    0   0  27   6   0   7  25   7   0   0   0   0   0   0   6  19   4   0   0   0  0.44 0.13
  285 K     0  -1  -2  -2  -2  -1  -1  -2  -2   2  -1   2  -1  -1  -2   1   1  -2   2   2    7   0   0   0   0   0   0   0   0  23   0  23   0   0   0  12   8   0  10  17  0.15 0.09
  286 E     0   0   0   4  -3   3   3  -2  -1  -3  -3   1  -2  -4  -2   1  -1  -4  -3  -3    8   0   0  30   0  21  23   0   0   0   0   9   0   0   0   8   0   0   0   0  0.52 0.11
  287 L    -1  -3  -3  -4  -1  -3  -3  -4  -3   2   3  -3   1   2  -3  -2  -1  -2   0   3    0   0   0   0   0   0   0   0   0   0  45   0   0  14   0   0   0   0   0  41  0.37 0.05
  288 D    -2  -2   1   6  -4   0   1  -2  -1  -3  -4  -1  -3  -4  -2   0  -1  -5  -3  -3    0   0   0 100   0   0   0   0   0   0   0   0   0   0   0   0   0   0   0   0  1.03 0.03

                      K         Lambda
Standard Ungapped    0.1341     0.3165
Standard Gapped      0.0385     0.2670
PSI Ungapped         0.1257     0.3173
PSI Gapped           0.0385     0.2670
