
Last position-specific scoring matrix computed, weighted observed percentages rounded down, information per position, and relative weight of gapless real matches to pseudocounts
            A   R   N   D   C   Q   E   G   H   I   L   K   M   F   P   S   T   W   Y   V   A   R   N   D   C   Q   E   G   H   I   L   K   M   F   P   S   T   W   Y   V
    1 M    -1  -2  -2  -3  -2  -1  -2  -3  -2   1   2  -2   6   0  -3  -2  -1  -2  -1   1    0   0   0   0   0   0   0   0   0   0   0   0 100   0   0   0   0   0   0   0  0.40 0.02
    2 N    -2  -1   6   1  -3   0   0  -1   1  -3  -4   0  -2  -3  -2   1   0  -4  -2  -3    0   0 100   0   0   0   0   0   0   0   0   0   0   0   0   0   0   0   0   0  0.76 0.01
    3 I    -1  -3  -3  -3  -1  -3  -3  -4  -3   4   2  -3   1   0  -3  -3  -1  -3  -1   3    0   0   0   0   0   0   0   0   0 100   0   0   0   0   0   0   0   0   0   0  0.42 0.01
    4 N    -2   4   4   0  -3   1   0  -1   0  -3  -3   1  -2  -3  -2   0  -1  -3  -2  -3    0  50  50   0   0   0   0   0   0   0   0   0   0   0   0   0   0   0   0   0  0.53 0.01
    5 S     1  -1   0   0  -1   0   0   0  -1  -3  -3   0  -2  -3  -1   4   1  -3  -2  -2    0   0   0   0   0   0   0   0   0   0   0   0   0   0   0 100   0   0   0   0  0.51 0.03
    6 I    -1  -2   0   3  -2  -1   0  -2  -2   0  -1  -1  -1  -2  -2   1   3  -3  -2   0    0   0   0  36   0   0   0   0   0  12   0   0   0   0   0   0  51   0   0   0  0.34 0.02
    7 R    -1   5   0  -2  -3   1   0  -2  -1  -2  -2   2  -1  -3  -2   0   2  -3  -2  -2    0  71   0   0   0   0   0   0   0   0   0   0   0   0   0   0  29   0   0   0  0.53 0.02
    8 S     1  -1   0  -1  -1   0   0  -1  -1  -2  -2   0  -1  -2  -1   4   3  -3  -2  -1    0   0   0   0   0   0   0   0   0   0   0   0   0   0   0  71  29   0   0   0  0.43 0.02
    9 Y    -1  -2  -1  -2  -2  -1  -2  -2   3  -2  -2  -2  -1   2  -3   1  -1   1   6  -2    0   0   0   0   0   0   0   0   8   0   0   0   0   0   0  22   0   0  70   0  0.63 0.05
   10 D    -2  -1   3   5  -4   0   3  -1  -1  -3  -4   0  -3  -4  -2   0  -1  -4  -3  -3    0   0  22  53   0   0  25   0   0   0   0   0   0   0   0   0   0   0   0   0  0.68 0.03
   11 L    -2  -1  -1  -2  -2  -1  -1  -3   5   0   2  -2   0  -1   2  -2  -2  -2   0  -1    0   0   0   0   0   0   0   0  38   0  48   0   0   0  14   0   0   0   0   0  0.37 0.04
   12 S    -1  -2   0   3  -2  -1   0  -2  -2  -2   0  -1  -1  -2   5   1   0  -3  -2  -2    0   0   0  25   0   0   0   0   0   0  14   0   0   0  35  26   0   0   0   0  0.56 0.03
   13 M    -1   3  -1  -2  -2   0  -1  -2  -1   0   0   2   4  -1  -1  -1  -1  -2  -1  -1    2  26   1   1   0   1   1   2   0   1   2  16  39   1   1   2   1   0   1   1  0.18 0.02
   14 A     4  -2  -1  -2  -1  -1  -1   0  -2  -1  -2  -1  -1  -2  -1   1   2  -3  -2   0   75   0   0   0   0   0   0   0   0   0   0   0   0   0   0   0  25   0   0   0  0.38 0.04
   15 A     3  -2  -1  -2  -1  -1  -1  -1  -2  -1  -2  -1  -1  -2  -1   1   3  -3  -2   0   64   0   0   0   0   0   0   0   0   0   0   0   0   0   0   0  36   0   0   0  0.37 0.04
   16 P     2   1   0  -1  -1   0  -1  -1  -1  -2  -2   0  -2  -3   2   3   1  -3  -2  -2   25  13   0   0   0   0   0   0   0   0   0   0   0   0   9  53   0   0   0   0  0.35 0.03
   17 E    -1   0   0   1  -4   3   5  -2   0  -3  -3   1  -2  -4  -1   0  -1  -3  -2  -3    0   0   0   0   0  22  78   0   0   0   0   0   0   0   0   0   0   0   0   0  0.74 0.05
   18 K     0   2   0  -1  -3   1   0  -1  -1  -3  -3   4  -2  -3  -1   2   0  -3  -2  -2    0   0   0   0   0   0   0   0   0   0   0  75   0   0   0  25   0   0   0   0  0.46 0.04
   19 S    -1   0  -1  -1  -3   0  -1  -2  -2  -3  -3   2  -2  -4   7   0  -1  -4  -3  -3    0   0   0   0   0   0   0   0   0   0   0  25   0   0  66   9   0   0   0   0  1.24 0.04
   20 A     3  -2  -2  -2  -1  -2  -2   3  -2   1  -1  -1  -1  -2  -2   0  -1  -3  -2   0   53   0   0   0   0   0   0  25   0  22   0   0   0   0   0   0   0   0   0   0  0.27 0.03
   21 V    -1  -2  -2  -2  -1  -2  -2  -3  -2   1   0  -2   2   3  -2   0   3  -1   0   2    0   0   0   0   0   0   0   0   0   0   0   0  13  25   0   0  36   0   0  26  0.21 0.03
   22 T     2  -1   0  -1  -1  -1  -1  -1  -2  -1  -2  -1  -1  -2  -1   2   3  -3  -2  -1   27   0   0   0   0   0   0   0   0   0   0   0   0   0   0  25  48   0   0   0  0.36 0.03
   23 N    -2  -1   3   4  -3   2   1  -2   0  -3  -3   0  -2  -1  -2   0  -1  -2   2  -3    0   0  26  38   0  22   0   0   0   0   0   0   0   0   0   0   0   0  14   0  0.45 0.03
   24 K    -1   3   0   0  -4   1   3  -2  -1  -3  -3   4  -2  -3  -1   0  -1  -3  -2  -3    0  27   0   0   0   0  25   0   0   0   0  48   0   0   0   0   0   0   0   0  0.51 0.03
   25 A     3  -1  -1  -2  -1  -1  -1  -1  -2  -1  -2  -1  -1  -2  -1   1   4  -3  -2   0   42   0   0   0   0   0   0   0   0   0   0   0   0   0   0   0  58   0   0   0  0.38 0.04
   26 T     1  -1  -1  -1  -1  -1  -1  -2  -2  -1   0  -1  -1  -2  -1   1   5  -3  -2   0    8   0   0   0   0   0   0   0   0   0   8   0   0   0   0   0  83   0   0   0  0.44 0.05
   27 L    -1   1  -3  -3  -2  -2  -2  -4  -1   1   3  -1   1   1  -3  -2  -1  -1   3   2    0  12   0   0   0   0   0   0   0   0  50   0   0   0   0   0   0   0  18  20  0.26 0.04
   28 P     1  -3  -2  -2  -3  -2  -2  -2  -3  -3  -3  -1  -3  -4   7  -1  -1  -4  -3  -2   19   0   0   0   0   0   0   0   0   0   0   0   0   0  81   0   0   0   0   0  1.70 0.12
   29 V     2  -2  -2  -1  -2   0   3  -2  -2   0  -1  -1  -1  -2  -2   0  -1  -3  -2   2   28   0   0   0   0   0  32   0   0   0   0   0   0   0   0   0   0   0   0  40  0.23 0.06
   30 N    -1  -1   4   2  -3   0   2  -1   0  -3  -3  -1  -2  -1  -2   2   0  -2   2  -3    0   0  43   9   0   0  15   0   0   0   0   0   0   0   0  20   0   0  14   0  0.44 0.09
   31 A     2  -1  -1  -1  -2   0   2  -1  -2  -1   0  -1  -1  -2  -2   0   2  -3  -2  -1   37   0   0   0   0   0  28   0   0   0  14   0   0   0   0   0  20   0   0   0  0.24 0.07
   32 G     1  -2  -1  -2  -2  -2  -2   4  -2  -3  -3  -2  -2  -2  -2   1   1   6  -1  -2   14   0   0   0   0   0   0  45   0   0   0   0   0   0   0  15  13  14   0   0  0.56 0.08
   33 N     0  -1   1  -1  -2  -1  -1  -2  -2  -1   0   1  -1  -2  -2   3   2  -3  -2   0    0   0   5   0   0   0   0   0   0   0  14  14   0   0   0  38  20   0   0   9  0.20 0.06
   34 N     0   1   1  -1  -2  -1  -1  -2  -1  -2   0   0  -1  -2   3   2   2  -3  -2  -1    0  14   5   0   0   0   0   0   0   0  14   0   0   0  15  36  16   0   0   0  0.28 0.06
   35 D    -1  -1   3   3  -3   0   2   1  -1  -3  -3  -1  -2  -3  -2   0   2  -4  -3  -2    0   0  18  25   0   0  19  13   0   0   0   0   0   0   0   0  25   0   0   0  0.42 0.09
   36 A     2  -1  -1  -1  -2   2   1  -2  -2   1   0  -1   0  -2  -2   1   0  -3  -2   1   30   0   0   0   0  13  13   0   0  13  11   0   0   0   0  12   0   0   0   8  0.14 0.06
   37 P    -1  -1   2   0  -2   0   1  -2   3  -3  -3  -1  -2  -3   3   2   2  -3  -2  -2    0   0  18   0   0   0  13   0  12   0   0   0   0   0  15  18  25   0   0   0  0.40 0.09
   38 T     0  -2  -1   2  -3  -1   1  -2  -2  -3  -3  -1  -3  -4   6  -1   1  -4  -3  -2   11   0   0  12   0   0  11   0   0   0   0   0   0   0  51   0  14   0   0   0  0.96 0.12
   39 T     0  -2   0   1  -2   0   2   1  -2   0  -2  -1  -1  -2  -2   2   0  -3  -2   0    6   0   3   6   0   0  17  10   0  11   0   0   0   0   0  32   3   0   0  11  0.17 0.07
   40 R     2   2  -1  -1  -2   0   1  -1  -1  -3  -3   3  -2  -3  -1   2   1  -3  -2  -2   22  12   0   0   0   0  10   0   0   0   0  29   0   0   0  16  11   0   0   0  0.31 0.09
   41 Q     1   2   0  -1  -2   4   2  -2   3  -3  -2   0  -1  -3  -1   1  -1  -2  -1  -2   11  10   1   1   0  35  12   1  12   1   1   1   0   0   1  12   1   0   0   1  0.37 0.10
   42 S     2  -1  -1  -1   3   1   1  -1  -1  -2  -2   1  -1  -1  -2   0   1  -2   2  -1   34   0   0   0  11  10  11   0   0   0   0  10   0   0   0   3   9   0  12   0  0.23 0.09
   43 K    -1   0   1  -1  -3   0   1  -2   3   0  -2   2  -1   1   2  -1   1  -3  -1  -1    0   0  10   0   0   0  11   0  11  10   0  25   0  11  10   0  12   0   0   0  0.19 0.08
   44 L    -1  -3  -2  -3  -1  -2  -3  -3  -3   3   2  -2   1  -1  -3   0   1  -3  -2   2    0   0   0   0   0   0   0   0   0  32  26   0   0   0   0  12  11   0   0  19  0.28 0.09
   45 D    -2  -2   2   6  -4  -1   0  -2  -2  -4  -4  -1  -3  -4   2  -1   1  -5  -4  -3    0   0  10  68   0   0   0   0   0   0   0   0   0   0  12   0  10   0   0   0  0.91 0.17
   46 T    -1  -1   3  -1  -2  -1  -1  -2  -2   1  -2   1  -1  -3  -2   1   4  -3  -2  -1    0   0  21   0   0   0   0   0   0  12   0  11   0   0   0  10  46   0   0   0  0.37 0.13
   47 Y    -1  -2  -2  -2  -3   1   1  -3   0   1  -1  -1  -1   1  -3   0  -1   5   5   0    0   0   0   0   0  10  11   0   0  12   0   0   0   0   0  11   0  10  36  10  0.41 0.12
   48 T     0  -1  -1  -2  -2  -1  -1  -2  -2  -1   0   1  -1  -2  -2   2   4  -3  -2   1    0   0   0   0   0   0   0   0   0   0  11  10   0   0   0  21  46   0   0  12  0.32 0.12
   49 A     3  -1  -2  -2   5  -1  -1  -1  -2  -1  -1   0  -1  -2  -2   0   1  -3  -2   1   37   1   1   1  21   0   1   1   0   1   1  10   0   0   1   1  11   0   0  12  0.30 0.09
   50 S     1  -1   0   1  -2  -1  -1   1   3  -2  -2  -1  -2  -2  -1   2   2  -3  -1  -1   11   1   1  11   0   0   1  12  12   1   1   1   0   0   1  22  26   0   0   1  0.25 0.07
   51 H    -1  -2   0   4  -2  -1   0   1   3  -2  -1  -1  -1  -1  -2   1  -1  -2   2  -2    1   1   1  34   0   0   1  11  13   1  11   1   0   0   1  13   1   0  11   1  0.27 0.08
   52 K    -1   1   3  -1  -2   0  -1  -2  -1  -2   0   1  -1  -2   2   0   2  -3  -2  -1    1  12  21   1   0   1   1   1   0   1  11  13   0   0  11   1  24   0   0   1  0.23 0.07
   53 Y     0  -1   1  -2  -2   1  -1  -2   0  -1  -1  -1  -1   3  -2  -1  -1   0   4   0   11   1  11   1   0  12   1   1   0   1   1   1   0  23   1   1   1   0  23  11  0.24 0.08
   54 D     0  -1   2   3  -2   2   1  -1  -1  -2   0   0  -1  -2  -1   1  -1  -3  -2  -2   12   1  11  24   0  12  11   1   0   1  12   1   0   0   1  11   1   0   0   1  0.21 0.05
   55 S     1  -1   2   2  -2   2   1  -1  -1  -2  -2   0  -2  -3  -1   2   1  -3  -2  -2   11   1  12  11   0  12  12   1   0   1   1   1   0   0   1  24  11   0   0   1  0.26 0.06
   56 S    -1  -1  -1   1  -1   0   1  -2  -1   0  -1  -1  -1  -1  -1   1   1   5  -1   1    2   1   1  12   0   1  13   2   0   1   2   1   0   1   1  14  11  11   1  24  0.17 0.05
   57 G     0  -2   2   3  -2  -1  -1   2  -1  -3  -3  -1  -3  -3  -2   3   1  -4  -3  -3    0   0  12  21   0   0   0  22   0   0   0   0   0   0   0  35  10   0   0   0  0.44 0.11
   58 R     0   4   2  -1  -3   0   1  -2  -1  -3  -3   2  -2  -3  -2   1   1  -3  -2  -2   11  35  12   0   0   0  10   0   0   0   0  11   0   0   0  10  11   0   0   0  0.36 0.09
   59 P     1  -2   1   1  -2  -1  -1  -1  -2  -2  -2  -1  -2   1   4   2   1  -3  -1  -2   11   0  10  11   0   0   0   0   0   0   0   0   0  10  23  22  12   0   0   0  0.39 0.09
   60 A     2  -2  -1  -2  -1  -1  -2  -2  -2   0   1  -1   0  -2  -2   1   3  -3  -2   1   27   0   0   0   0   0   0   0   0   0  20   0   0   0   0  12  30   0   0  11  0.24 0.09
   61 E     2   1  -1   1  -2   0   2  -2  -2  -2  -2   1  -2  -3   3   0  -1  -4  -3   0   26   8   0  10   0   0  17   0   0   0   0  11   0   0  19   0   0   0   0   9  0.34 0.09
   62 A     2  -2  -1  -2  -2  -1  -2   1   3  -2  -2  -1  -2  -2  -2   0   4  -2   2  -1   26   0   0   0   0   0   0   9  11   0   0   0   0   0   0   0  46   0   9   0  0.38 0.15
   63 P     1  -2  -2  -1   3  -1   1  -2  -2  -3  -3  -1  -3  -4   6   2  -1  -4  -3  -2   10   0   0   0   9   0  10   0   0   0   0   0   0   0  45  26   0   0   0   0  0.89 0.16
   64 E     2  -1   2   0  -2   0   2  -1  -1  -3  -3  -1  -2  -3  -2   2   1  -3  -2  -2   21   0  17   0   0   0  24   0   0   0   0   0   0   0   0  28  11   0   0   0  0.37 0.12
   65 T     1  -1  -1  -1  -2   1   1  -2   2   0   0  -1  -1  -2   1   1   1  -3  -1   1   12   0   0   0   0   9  10   0  10   0  11   0   0   0   8   9  14   0   0  16  0.14 0.07
   66 A     3  -1  -1  -1  -2   0   1  -1  -2  -2  -2   2  -2   0  -2   2   1  -3  -2  -1   37   0   0   0   0   0  10   0   0   0   0  20   0   6   0  17  10   0   0   0  0.27 0.11
   67 P    -1  -1  -1   1  -3  -1  -1  -2  -2  -3  -3   3  -3  -4   6   1   1  -4  -3  -3    0   0   0   9   0   0   0   0   0   0   0  30   0   0  42  10   9   0   0   0  0.84 0.16
   68 V    -1  -2  -2  -3  -2  -2  -2  -3  -3   3   0   0   0  -2  -3   0   1  -3  -2   4    0   0   0   0   0   0   0   0   0  19   0  10   0   0   0   9  10   0   0  52  0.33 0.13
   69 Y    -2  -2  -3  -3  -3   1  -2  -4   0  -1  -1  -2  -1   3  -3  -2   0   0   6   1    0   0   0   0   0  10   0   0   0   0   0   0   0  11   0   0   9   0  51  19  0.64 0.18
   70 T    -1  -2  -1   1   5  -1   1  -2  -2  -2  -2  -1  -2  -3  -2   1   4  -3  -3  -1    0   0   0   8  20   0  11   0   0   0   0   0   0   0   0  10  51   0   0   0  0.55 0.17
   71 K     0   2  -1   1  -3   0   0  -2   4  -2  -2   2  -2  -2   2  -1  -1  -3  -1   0   10  13   0  11   0   0   1   1  19   0   1  22   0   0  11   1   1   0   0   9  0.26 0.08
   72 A     1  -1  -1  -2  -2  -1  -1   1  -1  -1   0   0   1  -1  -2   1   2  -1   2  -1   18   0   0   0   0   0   1  11   0   0   9  10   7   0   0  11  19   0  11   1  0.12 0.06
   73 L    -1  -2  -2  -3   3   0  -2   0  -2   1   2  -2   3  -1  -2  -2  -1  -2  -2   2    1   0   0   0  11   8   1   8   0   8  21   0  19   0   0   1   1   0   0  19  0.20 0.09
   74 L    -1  -2   1  -1  -2  -1   0   0  -2   0   2  -1   0  -1  -2   0   1  -2  -2   1    1   0   8   0   0   0  11   8   0   0  31   0   0   0   0  10  10   0   0  17  0.09 0.06
   75 N     1  -1   2  -1  -1  -1  -1  -1  -1   0  -2  -1  -1  -2  -2   2   2  -3  -2   0   16   0  16   0   0   0   0   1   0   7   1   0   0   0   0  29  16   0   0  10  0.24 0.10
   76 R     1   3  -1   1  -2   0   1  -2   2  -2  -2   1   1  -2  -2   0   1  -2   1  -2   16  21   0   8   0   0   7   1   9   0   1  10   7   0   0   1  10   0   7   0  0.18 0.08
   77 N     0  -1   5   0  -2   1  -1   1  -1  -2  -1  -1  -2  -3  -2   1  -1  -3  -2   0    9   0  44   0   0   6   0   9   0   0   7   0   0   0   0  14   0   0   0   8  0.37 0.16
   78 A     2  -2   2  -2  -2  -1  -2   0  -2  -2  -1  -1  -1  -3   1   1   3  -3  -2  -1   29   0  12   0   0   0   0   7   0   0   8   0   0   0   6   5  29   0   0   0  0.29 0.15
   79 Q     0   2   0  -1  -3   3   1   0  -1  -2  -1   1  -1  -3  -2   0   1  -3  -2  -2    7  14   5   0   0  27   6   8   0   0   6   7   0   0   0   6  12   0   0   0  0.27 0.13
   80 L     1  -2   2   0  -2  -2  -2   0  -2   0   2  -2   0  -1  -2   1  -1  -2   1  -1   13   0  13   6   0   0   0   8   0   7  33   0   0   0   0  11   0   0   6   0  0.11 0.10
   81 Q     0   2  -1   1   2   3   2  -2   2  -3  -3   1  -2  -4   1   0  -1  -3  -2  -3    7  11   0   7   6  23  16   0   6   0   0  10   0   0   7   7   0   0   0   0  0.38 0.15
   82 K    -1   0   2  -2  -3  -1  -1   2  -2  -2  -1   4  -2   0  -2  -1   0  -3  -2   0    0   0  13   0   0   0   0  18   0   0   7  38   0   5   0   0   5   0   0  12  0.27 0.18
   83 S     1   0  -1  -1   2   0   1   0  -2  -1  -1  -1  -1   0  -2   1   2  -3  -2   1   14   5   0   0   6   5  11   6   0   0   5   0   0   5   0  14  16   0   0  12  0.11 0.09
   84 A     1  -2   0  -2  -2   1  -1  -2  -2   0   1   0   0  -2  -2   1   2  -3  -2   1   11   0   4   0   0   7   0   0   0   5  21   4   0   0   0  15  21   0   0  11  0.16 0.12
   85 A     3  -2   1  -2  -2   1   0  -2  -2  -2  -2   0  -2  -2  -2   1   1   4   1   0   31   0   8   0   0   7   5   0   0   0   0   4   0   0   0  14  11   6   5   8  0.25 0.16
   86 P     1  -2  -1  -2  -2  -1   0   2  -2  -2  -3   0  -2  -3   3   2   0  -4  -3   0   15   0   0   0   0   0   5  17   0   0   0   4   0   0  16  28   4   0   0  10  0.37 0.18
   87 S     2  -1  -1  -2  -2   1   0   0  -2  -2  -2   2  -2  -3  -2   2   0   3  -2   1   20   0   0   0   0   9   4   6   0   0   0  16   0   0   0  21   4   6   0  14  0.24 0.17
   88 D     0   1   1   4   2  -1   1  -2  -2  -3  -3   1  -3  -4   0   1   2  -4  -3  -3    6   7   4  32   5   0   6   0   0   0   0  10   0   0   5   9  16   0   0   0  0.39 0.18
   89 T     1  -2  -1   2  -2  -1   1  -1  -2  -1   1  -1  -1  -3  -2   1   3  -3  -3  -1   14   0   0  14   0   0  11   4   0   0  17   0   0   0   0  10  26   0   0   4  0.23 0.16
   90 A     2  -1  -1   0  -2  -1   0  -2  -2  -3  -3   1  -2  -3   2   2   2  -3   1  -2   26   0   0   5   0   0   6   0   0   0   0  14   0   0  10  16  18   0   5   0  0.32 0.18
   91 P     1  -2  -2   0  -3   0  -2   1  -3  -2   0   0  -2  -3   5   0   0  -4  -3  -1   13   0   0   6   0   4   0  13   0   0  12   9   0   0  33   4   4   0   0   4  0.49 0.19
   92 A     2  -2   0  -2  -2  -2   0  -1  -2  -1   0  -2   0  -3   2   1   3  -4  -3  -1   21   0   4   0   0   0   6   4   0   3   8   0   3   0   9  13  29   0   0   0  0.29 0.20
   93 G    -1  -2   0  -3   3  -2  -3   2  -3   1   0  -1   0  -2  -3   1   1  -3   0   2    0   0   4   0  10   0   0  16   0   5   6   4   3   0   0  12   9   0   4  27  0.19 0.16
   94 Q     0   1   0  -1  -2   1   1  -1  -1  -1  -2   0  -2  -2  -2   3   1  -3   0  -1    8   6   4   0   0   9   9   3   0   3   3   4   0   0   0  31   9   0   5   5  0.21 0.16
   95 Q     1  -1   1   0  -3   3   1   1  -1  -1  -2   1  -2  -3  -2   1  -1  -3  -3  -1   12   0   7   5   0  21   8  13   0   5   3   8   0   0   0  14   0   0   0   4  0.23 0.16
   96 Q     1   0  -1   0   1   2   2  -2   1  -2   0   1  -1   0   1   0   0  -3  -2  -2   12   4   0   5   4  10  21   0   4   0  12   8   0   4   5   6   4   0   0   0  0.15 0.11
   97 V     0  -2  -2  -3  -2  -2  -2   0  -3   2   2  -2   1   0   0   1   1  -3  -2   2    4   0   0   0   0   0   0   8   0  13  21   0   3   3   3  12  11   0   0  20  0.17 0.13
   98 A     3  -1   0  -2  -2   0  -2   0  -2  -2  -2   0  -2  -3  -2   2   3  -4  -3  -1   36   3   5   0   0   3   0   7   0   0   2   5   0   0   0  16  20   0   0   4  0.36 0.24
   99 T     2  -3  -1  -1  -2  -2  -1  -2  -3  -1   0  -2  -1  -3   1   0   4  -4  -3   1   23   0   3   3   0   0   3   0   0   0  10   0   0   0   8   3  34   0   0  12  0.35 0.25
  100 A     2   0  -1  -2   2   2   0  -2  -2  -1  -1   0  -2  -3  -2   1   1  -4  -3   1   25   4   3   0   4  12   3   0   0   0   3   3   0   0   0  14  12   0   0  16  0.24 0.20
  101 V     3   0  -2  -1  -2  -1  -2  -2  -3   0   0   2  -1  -3   0   1   1  -4  -3   0   34   3   0   4   0   0   0   0   0   4   8  15   0   0   3  13   7   0   0   8  0.23 0.20
  102 T     0  -2   1   0   0  -2  -2   0   1   0  -2   1  -2  -3   4   0   1  -4  -3   0   10   0   7   7   2   0   0   5   5   7   3   9   0   0  24   4  12   0   0   5  0.31 0.18
  103 K     1  -2   0   0  -2   0  -1   1  -2  -2  -1   0   0  -1   1   2   1  -3  -2  -1   12   0   4   4   0   4   0   9   0   0   9   5   2   4   8  27  12   0   0   2  0.20 0.17
  104 N     0  -2   3   1  -3  -2  -2   1  -2  -1  -1  -2   0  -3   1   1   3  -3   0  -2    9   0  17   6   0   0   0  12   0   3   5   0   3   0   8   8  25   0   4   0  0.29 0.22
  105 A     3  -2   2   0  -2   0   0   1   0  -2  -2  -2  -2  -3   0   1   1  -4  -3  -1   31   0  13   6   0   4   4  10   3   2   3   0   0   0   4   7  11   0   0   2  0.25 0.20
  106 L     1  -3  -2  -1  -2  -3  -3   0  -3   2   3  -3   0  -1  -1  -1   0  -3   0   1   13   0   2   3   0   0   0   9   0  14  35   0   0   0   3   4   4   0   3  10  0.21 0.18
  107 Q     1  -1  -1  -2  -3   2  -2   0   0  -3  -2   0  -3  -4   1   3   2   2  -3  -3    9   2   0   0   0  14   0   8   3   0   3   3   0   0   6  36  13   3   0   0  0.41 0.30
  108 S     2   0  -2   0  -3  -2  -2   0  -3  -3  -3   0  -3  -4   2   3   0  -4  -3   0   22   6   0   5   0   0   0   6   0   0   0   6   0   0  10  32   5   0   0   7  0.39 0.28
  109 N     1  -2   0   0  -2   0   0  -1   1   0   0  -2   1  -2   0   1   2   2  -2   1   11   0   6   7   0   2   5   3   4   5   7   0   5   0   3   9  19   3   0  11  0.11 0.13
  110 A     2  -1   1   0  -2  -1   0   1  -2  -1  -1  -1   0  -3   1   1   1  -3  -3   0   21   2   9   4   0   0   5  12   0   2   7   2   3   0   8   7  12   0   0   6  0.15 0.13
  111 V     0  -2   1   0  -2   0  -1  -2   0   0  -1  -1  -1  -2  -1   2   2  -3  -1   1    8   0  10   4   0   5   2   0   2   7   3   2   0   0   3  21  16   0   2  14  0.18 0.18
  112 T     2   1   4  -1  -3   0  -2  -1   0  -3  -3   0  -3  -4   1   1   1  -4  -3  -1   20   8  30   2   0   4   0   2   2   0   0   3   0   0   6   8  10   0   0   4  0.40 0.28
  113 V     1  -2   0  -2  -2   1  -1   1  -2   1   0   0   1  -1  -1  -1   1  -3  -2   2   12   0   6   0   0  10   3  10   0  10   6   5   4   2   2   2  10   0   0  19  0.09 0.13
  114 E     0   0   0  -1  -3   1   1   1  -2  -1  -2   1  -2  -1   2   1   0  -3  -2   0    8   2   5   2   0   9  11  10   0   2   2   9   0   2   9  13   7   0   0   8  0.15 0.11
  115 E     1  -3  -2   2   0   1   1  -1   0  -1  -2  -2  -2   2   3  -1  -2  -3  -2  -2   19   0   0  14   3   6  12   4   2   3   3   0   0  15  18   2   0   0   0   0  0.33 0.24
  116 K    -1   2  -2  -2  -4   4   1  -3   0  -3  -3   2  -2  -3  -1   1   2  -3   1   0    3  10   0   0   0  24   7   0   2   0   0  16   0   0   3  10  13   0   6   7  0.39 0.29
  117 V     0  -1  -2  -3  -3   0  -1  -3   2   0   0  -1  -1  -3  -2   1   0  -4  -2   4    9   3   1   0   0   6   2   0   7   3  10   3   0   0   2  11   5   0   0  38  0.28 0.26
  118 S     3   0   1   0  -3   0   0   1   1  -3  -3   0  -3  -4  -1   2  -1  -4  -3  -1   28   4   5   6   0   3   5   8   4   0   0   7   0   0   2  23   0   0   0   5  0.30 0.25
  119 G     1  -3   0  -1  -4  -1  -1   5  -3  -4  -3  -1  -4  -5  -3   1  -1  -4  -4  -4   10   0   3   4   0   3   3  55   0   0   3   3   0   0   0  12   2   0   0   0  0.83 0.40
  120 P     0   0   0   0  -3   2   0   1  -3  -3  -4   0  -3  -4   3   1   3  -4  -3  -1    5   6   3   5   0  10   5  10   0   0   0   4   0   0  17  11  21   0   0   3  0.37 0.27
  121 T    -1  -2   0  -1   1   1   0  -1  -2   2   0   0  -1   1  -3   0   2  -3   0   0    1   0   3   2   3   7   7   5   0  15   6   5   0   9   0   7  21   0   3   6  0.13 0.18
  122 P    -2  -3  -3  -4  -3   0  -1  -4  -3   3   2  -3  -1   2   2  -1   1  -3   1   2    0   0   0   0   0   5   4   0   0  19  23   0   0  10  10   4   8   0   4  13  0.33 0.25
  123 N    -1   0   1   0  -1  -1   0  -3   1  -1   0   0  -2   0   0   0   0   1   3  -1    4   5  10   6   1   2   6   0   4   2  10   8   0   2   5   8   4   2  17   6  0.13 0.15
  124 A     1  -1  -1   2   2   0  -1   0  -2   0  -2  -2  -2   0   1   1  -1  -3  -1   1   11   4   2  18   5   3   2   9   0   4   2   0   0   5   7  13   0   0   1  14  0.13 0.16
  125 S     1   0   1   0  -3  -1  -1   2  -2  -3  -2   0  -2  -4   2   2  -1  -4  -3  -2   14   4   7   4   0   2   2  15   0   0   4   7   0   0  11  24   2   0   0   3  0.29 0.22
  126 N    -1  -3   5   1  -4  -2  -1   2  -2  -4  -4  -1   0  -1  -3   0   1  -4  -3  -2    4   0  39   8   0   0   3  19   0   0   0   2   4   3   0   6   9   0   0   3  0.61 0.37
  127 A     1  -1   1  -1  -3  -1  -2   4  -3  -1  -2   0  -2  -1  -3   0   2  -4  -3  -1   13   2   7   3   0   2   0  34   0   5   2   5   0   3   0   6  14   0   0   3  0.35 0.24
  128 D     0   0   2   2  -3   1   2   0   0  -1  -2   1  -2  -1   0   0  -1  -3   1  -1    6   5  12  11   0   6  15   5   1   4   4   8   0   2   3   8   1   0   6   3  0.14 0.12
  129 T    -1  -1  -3  -2  -3  -2   0  -2  -3  -1   0  -1   1   4   3   0   0  -3  -1   0    3   4   0   1   0   0   9   3   0   3  11   3   4  21  19   8   4   0   0   6  0.29 0.23
  130 G    -1  -3  -3  -1  -3  -3  -3   2  -3   0   1  -3  -1   4  -4  -2  -1   3   3   1    4   0   0   4   0   0   0  20   0   6  11   0   0  23   0   2   3   4  10  13  0.36 0.26
  131 S     1  -1  -2   1  -2  -2   1  -3  -3   2   0  -2   0  -1   0   1   0  -3  -2   2   12   2   0   9   0   0   9   0   0  13   5   0   3   3   4  16   4   0   0  17  0.15 0.18
  132 H     0   2   0  -2  -3   0  -1  -2   2   0  -1   0   3   1   0  -1  -1   4  -1  -1   11  12   4   0   0   4   3   2   8   5   5   6  14   7   5   3   3   6   0   2  0.17 0.18
  133 G     0   2   1  -2   0  -1  -1   3  -2  -3  -3   2  -3   1  -1  -1  -1   2  -2  -3    6  16   7   0   2   0   3  24   0   0   1  17   0   9   3   4   3   4   0   0  0.31 0.23
  134 G     0  -4   1  -3  -4  -3  -4   6  -4  -4  -5  -1  -4  -5  -4   0  -1  -4  -4  -1    5   0   6   0   0   0   0  70   0   0   0   4   0   0   0   6   3   0   0   4  1.22 0.51
  135 A     1  -2   0  -2  -2   1   0   0  -2   1  -2   0  -1  -1   2   0   1  -3   0   1   17   0   6   0   0   9   4   5   0  11   0   4   0   2  10   5   8   0   4  15  0.13 0.16
  136 N    -2  -3   6   0  -4  -1   0   1   2  -5  -5  -1  -4  -1  -1   0   0  -5  -3  -4    2   0  53   5   0   2   6   9   5   0   0   2   0   3   3   4   5   0   0   0  0.88 0.49
  137 V     0  -3  -2  -2  -3  -2  -3  -2   2   2   1  -1   1   2  -3  -2   0   4   1   2    6   0   2   3   0   0   0   3   6  13  11   5   3   9   0   0   6   6   5  22  0.20 0.19
  138 D     1  -2   3   0  -3   0  -2   1   2   0  -1  -1   0  -2  -3  -1  -2   1   1   1   15   0  17   5   0   4   0  13   6   5   6   3   3   0   0   0   0   2   7  12  0.16 0.20
  139 P    -2  -1   0  -2  -4  -1  -3   1   3  -1  -1  -2   2  -1   5  -2  -1   4   1  -3    0   3   4   2   0   2   0  12   9   4   7   0   6   2  30   0   4   6   6   0  0.54 0.32
  140 G     0   1   0   2  -3   0   0   2  -2  -3  -2  -1  -2  -3   1   0   0   3   0  -3    9  12   4  13   0   5   4  22   0   0   4   0   0   0   6   4   6   6   4   0  0.25 0.20
  141 D    -2   1   2   1  -3   0   0   1   2  -3  -3   0  -3   0  -3   1   0   5   1  -1    0   8  13  10   0   3   5  10   5   0   0   4   0   3   0  10   4  10   7   5  0.27 0.22
  142 I    -2   0  -2   0  -3  -2  -1  -1  -2   2   0  -2   1   2  -3  -1   0   4   4   0    1   5   0   7   0   0   4   5   0  14  10   0   3   8   0   4   5   8  18   5  0.26 0.22
  143 A     0  -1   2   1  -3  -1   0   1   2  -2  -2   0   0   1  -2  -1   0   5   1  -1   10   3  12   7   0   0   5   9   5   0   1   5   4   7   0   3   5  10   6   4  0.20 0.17
  144 T    -2  -1   2   0  -3  -2  -2  -3   4  -1  -3   0  -2  -1  -1   1   2   5   3  -1    1   2  13   5   0   0   1   1  12   3   1   4   0   2   3  11  17  10  10   4  0.40 0.28
  145 P     0  -1  -3  -1  -3   0  -1  -3  -3  -1  -3   0   0  -3   6  -2  -1  -4   0  -2    8   3   1   4   0   5   4   1   0   4   1   5   2   0  51   1   4   0   4   3  1.01 0.41
  146 A     1   0   1   1  -2   1   0   0   2  -1  -2   0  -2  -1  -1   0   1   1  -1  -2   19   3   5   8   0   8   4   7   6   4   2   6   0   2   2   7  12   2   2   1  0.12 0.12
  147 A     2   0   0   0  -2   0   1  -1  -2   0  -1  -1  -1  -2  -1   1   0  -3   0   1   19   4   5   4   0   4  10   4   0   7   3   2   0   0   2  13   4   0   4  14  0.09 0.12
  148 A     4  -1  -1  -2  -2   0   0  -2   0  -1  -2   0  -2  -1  -2   2   2  -4  -3   0   41   3   1   0   0   3   6   0   2   2   2   4   0   2   0  14  12   0   0   5  0.37 0.29
  149 T     0   1  -1   0  -2   1   0  -2  -2   0  -1  -1  -1  -1   0   1   3  -3   0   0    4   8   2   6   0   9   4   2   0   8   4   2   0   2   4  11  23   0   5   5  0.14 0.16
  150 K     0   1   1   0  -2   1   1  -1  -1  -2  -1   2  -1  -2   0   1   0  -2   1  -1    7   6  10   5   0   8  12   3   0   1   5  15   0   1   3  10   5   0   6   2  0.15 0.11
  151 M     1  -1  -1   0  -2   1   0  -1  -1  -1  -1  -1   2   1   0   1   1  -2   1   0   12   1   1   5   0   6   6   3   0   2   4   1  11   8   4  13   9   0   7   5  0.09 0.11
  152 I    -1  -3  -3  -1  -2  -2  -2  -1  -3   3   2  -1   1   2  -3  -2  -2  -2   1   1    6   0   0   5   0   0   3   5   0  29  21   3   3   8   0   1   0   0   5  10  0.25 0.18
  153 Q     1   0   1   2  -3   2   1   0  -2  -3  -2   2   0  -3   1   0   0  -3  -3  -2   11   2   6  12   0  11   9   6   0   0   4  15   3   0   5   6   7   0   0   0  0.20 0.15
  154 D     0  -2   2   4  -3   0   1   1  -2  -3  -1  -2  -2  -3   0   0   1  -3  -1  -1   10   0   9  28   0   2   8  11   0   0   6   0   0   0   3   4  10   0   3   4  0.29 0.20
  155 L    -1  -3  -1  -3  -2  -1  -3  -4  -3   4   1  -3   1   2  -3  -1  -2  -3   1   3    4   0   4   0   0   4   0   0   0  32  13   0   3   9   0   4   0   0   4  21  0.39 0.24
  156 K     1   0   0   0  -3   1   1  -2   2  -1  -3   2  -2   0   0   0   0   3  -1  -2   17   5   4   4   0   4   8   0   8   4   0  18   0   5   4   8   4   6   0   0  0.21 0.20
  157 G     0   0   2   1   2   0   0   2  -2  -3  -2   1  -2  -3  -2   1   0  -3   0  -1    9   5  11   6   5   5   5  15   0   0   4  11   0   0   0  11   4   0   5   4  0.16 0.15
  158 I     0  -1  -2  -4  -3  -1  -3  -4  -3   3   1   0   2   1  -4  -1   3   5   0  -1    8   2   1   0   0   3   0   0   0  18  12   6   5   6   0   3  21  11   2   2  0.36 0.26
  159 G    -2  -3   2  -3  -4  -1  -3   6  -4  -2  -4   0  -4  -4  -4  -2  -3   0  -4   0    1   0  10   0   0   3   0  64   0   3   1   7   0   0   0   0   0   2   0   7  1.12 0.45
  160 G     4   0  -3  -1  -1  -3  -3   2  -3  -1  -3  -3   2   2  -3  -1  -1  -3  -3  -1   48   5   0   3   1   0   0  14   0   3   1   0   7   9   0   2   2   0   0   3  0.53 0.33
  161 G    -2  -1   8  -2  -6  -3  -3   0  -3  -6  -4  -4  -5  -6  -5  -1  -1  -7  -5  -1    2   3  75   1   0   0   1   7   0   0   2   0   0   0   0   2   3   0   0   5  1.76 0.72
  162 T     0   0  -3  -4   1  -3  -4  -4  -4   1  -2  -3  -1  -2  -4   2   5   2  -4   0    9   5   0   0   3   0   0   0   0   7   3   0   1   2   0  13  48   2   0   7  0.73 0.45
  163 L    -2  -5  -6  -6  -4  -5  -3  -6  -6   4   2  -5   0  -1  -5  -4  -3  -5  -4   5    3   0   0   0   0   0   2   0   0  22  18   0   2   2   0   0   0   0   0  51  1.08 0.50
  164 R    -6   8  -2  -6  -8  -3  -4  -3  -4  -7  -6  -2  -6  -7  -1  -5  -5  -7  -6  -7    0  91   2   0   0   0   0   3   0   0   0   0   0   0   4   0   0   0   0   0  2.57 1.01
  165 I    -3  -5  -6  -6  -4  -5  -6  -6  -6   4   3  -5   1   1  -5  -5  -2  -5  -4   4    1   0   0   0   0   0   0   0   0  26  31   0   2   6   0   0   2   0   0  32  1.03 0.51
  166 Q    -2   0   3  -2  -1   5  -1  -4  -3  -3  -4  -1  -1  -5   1  -1  -3  -5  -2   3    2   5  14   1   1  35   3   0   0   0   0   3   1   0   6   3   0   0   1  25  0.76 0.53
  167 M    -3  -1  -2  -4  -1  -3  -3  -5   2   1   3  -2   4   0   2  -2  -3   3   0   2    0   4   2   0   1   0   1   0   5   6  33   2  11   2   9   3   0   5   3  13  0.45 0.33
  168 T     0   1   0   0  -3   0   1  -1  -1  -3  -2   0  -2  -3  -2   2   2   1  -1  -1    9   7   5   5   0   2   9   4   1   0   3   5   0   0   1  20  17   2   2   6  0.21 0.22
  169 H    -1   0   2   1  -1   1  -1  -1   3  -1   1   0   0  -2   0   0   0  -1   0  -1    4   6  10   9   1   7   1   3   9   3  14   6   3   0   5   8   4   1   4   2  0.10 0.13
  170 D    -1  -3   1   2  -1  -1   0   3   0  -2  -2  -1  -1   1  -1  -1  -1   3   2  -2    3   0   6  12   1   2   5  28   2   1   3   3   1   7   4   2   3   5   9   3  0.29 0.22
  171 Q    -1   0  -1   1  -2   4   0   3   0  -4  -2  -1  -3  -4   0   0  -1  -1   0  -2    5   5   1   9   1  26   4  21   2   0   3   2   0   0   5   5   4   1   3   3  0.36 0.29
  172 I    -1   1  -1   0  -3   2   0   0  -2   0   0   0  -1  -1   2  -1   0   1   1   0    5   9   2   4   0  13   6   7   0   7  10   4   0   2   9   3   5   2   6   5  0.09 0.12
  173 Q    -2   0   3  -2  -4   1  -1  -1  -2  -2   0   0  -2   1   1   0  -1   6   1  -3    1   6  19   1   0   6   3   4   0   2  11   5   0   7   7   6   2  13   6   0  0.37 0.28
  174 D    -1  -3   4   4  -4   0   1   0  -1  -4  -4  -2  -4  -2  -1   1   1   1  -1  -4    3   0  23  22   0   4   7   7   1   0   0   0   0   2   3  11  11   2   2   0  0.49 0.33
  175 T     1   0   1  -1  -3   0   0  -2   0  -1  -2   2  -2  -2   1   0   0   1   0   0   16   5   9   3   0   3   6   0   2   3   3  19   0   2   8   6   4   2   3   7  0.15 0.16
  176 K     1   0   1   0  -3  -1   1  -1  -2  -3  -1   1  -1   0  -1   1   2   1   2  -2   16   3   8   5   0   1  10   3   0   0   5   8   1   5   3   8  15   2   8   1  0.15 0.17
  177 E    -1  -1   1   4  -4   1   3  -2  -2  -2  -4  -2  -1  -4  -1   1   0   0   0  -2    4   3   6  22   0   7  23   1   0   2   0   0   2   0   2  13   7   2   4   2  0.42 0.30
  178 M     1  -1  -1   0  -2  -1   0  -3  -2   0   2   0   2  -1   0  -1   0  -3  -1   1   16   1   2   6   0   2   7   0   0   3  22   7   8   1   3   2   7   0   2  11  0.11 0.15
  179 D     2  -1   1   3  -3   0   0   1  -1  -2  -4  -1  -3  -4  -2   2   0   1  -3  -3   20   2   7  22   0   5   6   9   1   3   0   3   0   0   1  14   4   2   0   0  0.34 0.24
  180 K    -1   3   1   1  -3   1   1  -3   0  -2  -1   1  -1  -1  -2   0   0  -3   0  -1    3  24   7   8   0   6  12   1   2   0   7   9   1   2   0   4   5   0   4   4  0.24 0.17
  181 L    -2  -2  -4  -4  -3  -3  -4  -4  -4   3   4  -2   1   0  -4  -3  -2  -3  -1   3    3   3   0   0   0   0   0   1   0  14  42   3   3   3   0   0   0   0   2  24  0.58 0.30
  182 T     0   1   0   2  -3   2   1  -3   1   1  -2   2  -2  -3  -2  -1   0  -3  -1   0    8   8   4  14   0  10   8   0   3  10   2  13   0   0   0   2   7   0   2   9  0.17 0.16
  183 A     2   1   2   1  -3   1   0   0   0  -3  -2   1  -2  -3  -2   1   1  -4  -1  -2   22   8  12   6   0   6   3   5   2   0   3  10   0   0   0  10   9   0   1   2  0.22 0.19
  184 L    -1  -3  -4  -4  -3  -3  -2  -4  -3   3   3  -3   3   2  -4  -2   0   3   0   2    5   0   0   0   0   0   2   0   0  22  28   0   8   8   0   2   5   4   2  12  0.42 0.25
  185 V    -1  -4  -4  -2   3  -4  -4  -5  -1   4   1  -4  -1  -1  -4  -2  -1  -4  -3   4    4   0   0   2   7   0   0   0   2  28   9   0   0   2   0   3   3   0   0  39  0.65 0.36
  186 N     0   1   3   4  -3   0   1   0  -2  -4  -4   1  -3  -4  -3   1   0  -4  -3  -3    8   6  16  26   0   4   7   5   0   0   0   9   0   0   0  12   5   0   0   0  0.43 0.25
  187 E     2   0  -1  -1  -2   1   2  -1   0  -1   0   1  -1   0  -2   0   0   2  -1  -1   20   5   2   2   0   7  17   2   2   2  11   8   1   4   0   8   4   3   1   2  0.13 0.14
  188 G     2  -3   0  -3   4  -2  -2   0   0   1   0  -2   0   1  -3  -1  -1  -2   2   0   20   0   5   0  13   0   2   7   2   8   7   0   2   6   0   4   3   0  11   8  0.20 0.18
  189 D    -1  -1   0   2  -3  -1   0  -1   0   1  -2   2  -3  -4  -3  -2   4  -4  -3   0    3   3   4  10   0   1   5   4   2   9   3  13   0   0   0   1  34   0   0   5  0.40 0.33
  190 K     3   0   0   1  -4   1   1  -2  -3  -4  -4   3  -3  -1  -2   1  -2  -4  -1  -3   26   4   3   7   0   7   7   2   0   0   1  23   0   3   1  12   1   0   2   0  0.41 0.33
  191 Q     0   3   3  -2  -4   2  -1  -4   2  -4   0   3  -1  -4  -4  -2  -2  -5  -4  -3   10  18  17   1   0  11   2   0   5   0  12  17   1   0   0   1   2   0   0   1  0.50 0.39
  192 G    -2  -1   2   0  -5  -1  -3   5   0  -2  -5   2  -4  -5  -2  -1  -4  -5  -2  -2    3   3   9   4   0   3   1  48   2   2   0  14   0   0   2   3   0   0   2   3  0.79 0.47
  193 V     0  -2  -4  -5  -1  -2  -4  -2  -4   3   2  -3   4  -1  -4  -1  -1  -4  -2   3    9   2   0   0   1   2   0   3   0  17  20   1  13   2   0   4   2   0   1  22  0.48 0.33
  194 K    -2  -1  -1  -5  -4  -2  -4  -5   0   2   0   0   1  -1  -5  -3   0  -1   3   4    2   3   4   0   0   1   0   0   2  14   5   6   3   2   0   1   7   1  13  37  0.59 0.41
  195 V     1  -5  -5  -5   3  -5  -5  -3  -5   2   0  -5  -1  -3  -1  -2  -1  -5  -4   5   12   0   0   0   7   0   0   2   0  10   9   0   1   1   4   2   4   0   0  48  0.83 0.50
  196 Q    -1  -1  -3  -1   0   1   1  -4  -3   4  -1  -3   5  -1  -1  -3  -3  -4  -3   2    4   2   0   4   2   8  12   1   0  26   4   1  17   2   3   1   1   0   0  12  0.50 0.36
  197 F    -3  -5  -5  -6  -1  -5  -5  -6  -5   4   3  -5   1   3  -2  -4  -1   0  -1   3    1   0   0   0   1   0   0   0   0  25  30   0   2  11   2   0   3   1   2  20  0.80 0.45
  198 T    -3  -3   0   4  -1  -2   3  -4   4   0   0  -3   1  -4  -4  -1   1   3  -3  -1    0   0   4  21   1   1  24   0   9   5   9   0   4   0   0   4   8   4   0   4  0.53 0.40
  199 F     0  -3  -1   2  -1  -2   0  -2  -3   1   1  -3   0   0   1  -1  -2   3   1   1    8   0   2  16   1   1   8   2   0   9  17   0   2   4   7   3   1   5   5   9  0.19 0.20
  200 R    -1  -1  -1  -2  -5  -1  -1   0   9  -3  -1  -4   0  -4   0  -3  -1   1  -3  -1    6   4   2   2   0   2   5   6  48   1   5   0   2   0   5   1   4   2   0   5  1.20 0.64
  201 D    -4  -2   2   6  -2  -3   1  -3   5  -4  -3  -4   0  -5  -2  -2   0  -6  -1  -3    0   2   8  47   1   0   7   2  14   1   2   0   2   0   2   2   6   0   2   2  1.05 0.58
  202 N    -1  -1   2   2  -3  -1  -1   2   4  -2  -2  -2  -1   0  -3  -1   0   0   3  -1    3   4  12  11   0   1   4  16  10   2   3   1   2   4   1   3   6   1  12   3  0.28 0.23
  203 A     2   0   0   0   0  -1  -1   0   1  -1  -2  -1  -2  -1  -1   1   3  -3   1  -1   18   5   3   4   2   1   4   5   4   3   1   3   1   3   3   8  21   0   7   4  0.17 0.20
  204 N     0   1   2   0  -1   0   0   2   1  -1  -2   0   0   0  -1   0   0  -2   1  -2    8   7  15   4   2   2   4  15   3   4   2   4   3   3   3   3   8   0   7   2  0.12 0.12
  205 G     0   1   0   0  -2   1   0   2   0  -2  -2  -1  -2  -1  -1   1   0  -2   2  -1    6   7   3   6   0   7   4  18   2   2   4   3   0   2   2  15   5   0  10   3  0.16 0.15
  206 G    -1  -1   2   2  -3  -2  -1   4   0  -2  -3  -2  -3  -2  -1   1   0  -3   1  -2    3   3  11  11   0   1   3  32   2   3   1   1   0   2   2   9   6   0   7   3  0.39 0.27
  207 G    -1  -3  -1   1  -3  -1  -1   3  -1  -2  -3  -2  -3   0  -3   1   0   5   4  -2    3   1   3   8   0   2   4  24   1   2   2   2   0   4   1  12   5   9  14   3  0.42 0.30
  208 G     1  -1   0   1  -1   0   0   4   1  -3  -4  -1  -3  -1   0   0  -2  -4   0  -3   12   2   4   9   1   4   5  35   4   1   1   2   0   3   4   5   2   0   3   1  0.40 0.28
  209 S     0   0   1   1  -3   0   2   0  -1  -1  -1   0  -2  -2   0   1   1  -3  -1   0    7   6   9   6   0   3  15   5   1   4   5   6   0   2   3  14   8   0   2   6  0.12 0.13
  210 V     0   0   0   1  -1  -1   0  -3  -1   1   1  -1  -1   0  -1   0   0  -1   1   1    7   5   4   9   1   2   5   1   1  11  13   2   0   2   3   6   4   1   7  16  0.06 0.10
  211 L     0  -2  -2  -2  -1  -1  -2   1  -1   0   1  -1   0   0   0   1   0  -2   1   0   10   1   1   2   1   3   2  13   2   7  16   3   2   3   5  12   6   0   5   8  0.08 0.11
  212 T     1  -3   2   0  -1   0   1   0  -3  -1  -3  -1  -3  -4   0   1   3  -4  -1  -3   13   0   9   6   1   5   8   7   0   4   2   2   0   0   5  12  22   0   2   0  0.28 0.28
  213 G     1  -2  -1   0   0  -1   0   3   0  -2  -2  -2  -1   0  -1   1   0   1  -3  -3   13   1   2   5   2   2   6  27   2   3   4   1   1   4   3  12   6   2   0   1  0.26 0.22
  214 D    -1  -1   1   3  -1   1   2  -1   0  -2  -2  -1   1  -1   1   0   0  -4  -3  -1    4   3   7  19   2   8  16   3   2   2   2   2   5   3   6   6   5   0   0   4  0.27 0.24
  215 K     0   0   0   1  -3   0   1  -1   1  -1  -1   1   0  -1   1   1   0   1   0  -1   10   3   4   9   0   5   8   2   4   2   5  10   2   2   7  11   5   3   4   4  0.10 0.11
  216 L    -1  -3  -4  -2  -3   0  -3  -2   0   2   3  -1  -1   0   0  -3  -1   4   1   1    4   0   0   2   0   4   0   3   3  10  37   5   0   3   5   0   4   5   5   9  0.38 0.30
  217 N     0   0   3   0  -4   1   1  -1  -2  -3  -2   1  -3  -3  -1   0   1   2   1  -2   10   4  17   4   0   6   9   3   0   0   5  11   0   0   3   6  11   3   5   3  0.21 0.23
  218 Q     0   1   1   1  -3   3   2  -2   0  -1  -2   1  -1   0  -1   0   0  -3   0  -2    9   6   8   9   0  14  12   2   2   3   3   7   2   4   2   4   8   0   3   3  0.17 0.18
  219 A     3   0  -3  -1  -3  -2   0  -3   1   0   0  -2   1   1  -3   0   0   3   1   1   27   5   0   4   0   0   5   0   4   4  10   0   4   5   0   4   6   4   5  11  0.20 0.23
  220 S     1   0   0  -1  -2   0  -1  -1  -2   0   0   0  -1   0  -1   0   0   4   0   0   18   4   5   3   0   4   4   4   0   7   7   8   0   3   3   4   5   8   3   8  0.11 0.13
  221 T     1  -1   1   4  -4   0   2  -2  -2  -2  -3  -2  -3  -1  -2   1   0  -4  -2  -2   16   2   7  32   0   4  14   1   0   2   1   1   0   3   1  10   5   0   1   1  0.47 0.29
  222 D    -3  -3  -4   2  -4  -4  -1  -3  -2  -2  -1  -3  -3   5  -5  -3  -2   5   5  -3    1   1   0  15   0   0   3   1   0   2   5   1   0  31   0   2   2   9  25   0  1.00 0.45
  223 I    -3  -4  -6  -6  -5  -5  -5  -3   0   2   0  -5   1   3  -6  -5  -4  10   1   1    2   1   0   0   0   0   0   2   2  15   7   0   4  11   0   0   0  43   4   8  1.68 0.60
  224 S     1   2  -1  -2  -3   0   0  -1   0   1  -2   3  -2  -2  -3   1   0  -4  -2  -1   10  11   1   0   0   3   6   5   2   9   2  27   0   1   0  11   6   0   1   5  0.25 0.21
  225 N    -1   2   2   3  -4   1   3  -1  -2  -4  -4   1   0  -4  -1   1   1  -4  -3  -3    5  12   9  15   0   7  20   4   0   0   0   6   3   0   2  12   7   0   0   0  0.38 0.24
  226 V    -2  -4  -5  -5  -3  -3  -4  -5  -1   4   3  -2   4  -1  -4  -4  -2  -4  -1   3    3   0   0   0   0   1   0   0   2  25  28   2  15   1   0   0   1   0   2  19  0.70 0.35
  227 V     4  -2  -3  -4  -3  -1  -3  -2  -3  -1   1   1   1  -1  -3  -1  -2  -4  -1   0   46   1   0   0   0   2   0   2   0   3  14  11   5   2   0   4   1   0   2   7  0.45 0.32
  228 K     0   0   1   2  -3   1   1   0   0  -2  -2   1  -1  -3   0   1   0  -4  -3  -2    8   5   7  11   0   6  10   7   2   1   4  11   1   0   4  15   5   0   0   3  0.18 0.13
  229 K     0   3  -1   0  -3   1   0  -3   0  -1   0   1  -1  -2  -3  -1   1  -3  -2   1   11  19   1   5   0   6   6   0   3   3   9  11   1   1   0   2  10   0   1  10  0.16 0.15
  230 F    -2  -3  -4  -5  -4  -3  -4  -5   2   0   2  -4   1   5  -3  -4  -4   0   6  -1    2   1   0   0   0   1   0   0   6   4  22   0   3  24   1   0   0   1  30   2  0.95 0.43
  231 G     0   0   0  -2  -5   2  -1   3  -3  -4  -5   5  -4  -5  -2   0  -2  -5  -3  -4    7   3   4   1   0  10   3  22   0   1   0  39   0   0   1   7   1   0   1   0  0.65 0.36
  232 G    -1  -1   3   3  -4   0   1   2   2  -5  -5   0  -4  -4  -3   1  -1  -4   0  -4    4   1  15  20   0   4   8  20   5   0   0   6   0   0   0  11   2   0   4   0  0.48 0.27
  233 H    -3   0   5   0  -5   2   2  -3   4  -4  -4   0  -3  -1  -4  -2   0  -4   0  -2    0   6  33   4   0  11  14   0  12   0   0   4   0   3   0   0   6   0   4   2  0.69 0.37
  234 S    -1  -1   0   1  -4  -2   2  -3  -2  -4  -4   1  -4  -5   6   0   1  -5  -4  -4    5   2   5   8   0   1  14   1   1   0   0   8   0   0  37   6  11   0   0   0  0.82 0.36
  235 S    -2   0   2   1  -1  -2  -3  -2   2  -4  -1   0  -2   0  -4   1  -1  -2   6  -3    2   6  11  10   1   0   0   3   6   0   7   5   1   2   0  10   3   0  33   0  0.56 0.34
  236 F    -2  -1  -5  -6  -4  -5  -5  -6  -5   2   0  -5  -2   2  -5  -4  -2  -4   1   6    2   3   0   0   0   0   0   0   0  10   8   0   0  10   0   0   2   0   6  59  1.01 0.46
  237 V    -3  -5  -1  -6  -4  -5  -5  -6  -5   4   1  -5   1  -3  -6  -5  -2   9  -3   3    1   0   3   0   0   0   0   0   0  29  14   0   3   0   0   0   2  28   0  19  1.34 0.52
  238 L    -4  -5  -6  -6  -4  -5  -5  -6  -4   3   3  -5   1   6  -6  -5  -4  -3   3   0    0   0   0   0   0   0   0   0   0  21  28   0   2  35   0   0   0   0   9   5  1.08 0.45
  239 D    -1  -3   6   2  -5  -2   2   2  -3  -1  -4  -1  -4  -5  -4  -2  -3  -6  -5  -5    5   0  49  10   0   0  15  13   0   4   1   2   0   0   0   0   0   0   0   0  1.03 0.49
  240 T    -2  -4   1  -4  -4  -4  -2  -3  -4   5   2  -4   0  -3  -1  -3   2  -5  -4   0    3   0   8   0   0   0   3   2   0  44  19   0   2   0   4   0  13   0   0   4  0.63 0.36
  241 F     2  -3  -1  -1  -1  -2  -1   0   0   0  -1  -3   4   3   0  -1  -2   3   2  -1   22   0   3   3   1   1   3   8   2   5   2   0  18  12   4   2   0   5   6   2  0.30 0.26
  242 N    -2  -4   8  -3  -6  -4  -2  -2  -1  -7  -7  -4  -6  -6  -6  -3  -4   2   0  -6    3   0  86   0   0   0   2   2   1   0   0   0   0   0   0   0   0   3   3   0  2.28 0.82
  243 E    -4  -3   0  -1  -7   0   7  -2  -3  -7  -6  -1  -5  -7  -2  -3  -4  -6  -5  -6    0   0   5   2   0   3  82   3   0   0   0   3   0   0   2   0   0   0   0   0  1.83 0.73
  244 G    -1  -4   0  -3  -4  -1  -1   3  -4  -5  -4  -3  -1  -4   6  -2  -3   6  -1  -4    3   0   5   1   0   3   3  22   0   0   1   1   2   0  39   1   1  14   2   0  1.13 0.45
  245 G    -1  -3   2  -1  -4  -1  -2   5   3  -4  -3  -3  -2  -3  -2  -1  -1   2  -1  -1    2   0  11   3   0   3   2  48   8   0   2   0   1   1   2   4   4   3   2   4  0.67 0.31
  246 T     0   0   2   1  -3   0   0   1  -2  -2  -2   1  -2  -2   0   2   0   3  -1  -2    5   4  13   8   0   4   5  10   0   1   3   9   0   1   4  18   6   5   2   2  0.19 0.15
  247 S     1  -2   2   0  -3  -1   0   0   0   0  -1  -1   2  -2   0   1   0   3  -1   0   10   0  12   4   0   1   6   7   3   7   4   1   8   0   5  15   6   5   1   5  0.14 0.15
  248 A     0  -2   2   2   0   0   0   0   0  -3  -2   0  -2  -3   1   1   0   1   0  -1   10   0  10  13   2   5   6   6   2   0   4   7   0   0   8  11   6   2   4   5  0.16 0.17
  249 T     0  -1   1   2   1  -1   0   0  -2  -2  -2  -1  -2  -3   1   1   2   2   1  -1    6   2   8  13   3   3   4   5   0   2   4   2   0   0   6  12  18   3   5   4  0.18 0.22
  250 Q     1  -1   0   1   0   3   2  -1   0  -4  -4   1  -3  -4   0   1   0   0  -1  -2   10   2   5   7   2  18  13   5   3   0   0   8   0   0   3  10   7   2   3   2  0.26 0.26
  251 G     0   0   1   2  -3   1   0   0   1  -1  -1   0  -2  -3  -1   0   1  -3   0   0   10   4   8  11   0   9   6   7   5   2   4   4   0   0   3   6  11   0   4   7  0.12 0.15
  252 W    -6  -7  -8  -8  -6  -6  -7  -7  -6  -3  -5  -7  -5  -1  -8  -7  -6  12   3  -2    0   0   0   0   0   0   0   0   0   2   0   0   0   2   0   0   0  84   8   4  3.99 1.03
  253 A     1   1  -2  -3  -2  -1  -1  -2  -2   1   1   0   0  -1  -2  -1   0  -3   0   2   14  10   1   0   0   2   3   1   0  10  18   7   2   2   1   2   6   0   4  16  0.11 0.11
  254 D    -1  -1   3   4  -3   1   2  -1   1  -4  -4   0  -3  -4  -1   1   1  -4  -1  -3    5   2  15  24   0   5  11   3   4   0   0   4   0   0   2  11  10   0   3   1  0.39 0.21
  255 M     1  -2  -1   0  -1   0  -1   1  -2   1  -1  -2   3   0  -2  -1   1   3   1   0   16   0   1   6   1   5   4  10   0   8   3   0  11   4   1   1   9   4   5   8  0.11 0.13
  256 E     2  -2   1  -3  -4   2   0  -2   5  -4  -4   0  -1  -2  -4  -1   1  -3   4  -2   18   0   7   0   0   9   6   1  19   0   0   5   2   0   0   3   8   0  20   2  0.55 0.32
  257 S     0   1   2   0  -3   2   1  -1  -2   0  -2   2  -1  -3  -3   0   0  -4  -3   0    7   6  15   2   0  14   7   3   0   8   2  14   0   0   0   7   7   0   0   7  0.22 0.17
  258 T     2   0   0   1  -3   2   2  -2  -1  -3  -3   1  -3  -4   0   1   2  -4  -3  -3   21   5   4   9   0   9  13   2   1   0   1   9   0   0   3  10  16   0   0   0  0.32 0.22
  259 L     3  -4  -4  -4  -3  -3  -3  -3  -3   2   1  -3   2   0  -1  -1  -2  -3   0   2   35   0   0   0   0   0   1   1   0  11  16   0   5   4   3   2   1   0   4  17  0.40 0.26
  260 I    -3  -5  -1  -5  -4  -5  -5  -6  -5   7   0  -5  -2  -3  -5  -3  -2  -5  -1   3    2   0   3   0   0   0   0   0   0  70   4   0   0   0   0   1   1   0   2  16  1.37 0.52
  261 K     0   1   1   2  -4   2   1   0  -1  -3  -3   3  -3  -4   0   1  -1  -4  -3  -3    7   8   6  13   0   9   8   5   1   1   1  23   0   0   4  11   3   0   0   1  0.32 0.19
  262 S     4   1  -1  -2  -3  -1  -1  -1  -3  -1  -1   0  -1  -4  -3   1   1  -4  -2  -1   44   7   2   2   0   2   3   4   0   3   5   4   1   0   0  10  10   0   1   4  0.37 0.26
  263 A    -1  -2  -6  -6  -4  -5  -5  -6  -5   6   2  -5   2  -1  -5  -4  -3  -5  -4   1    4   2   0   0   0   0   0   0   0  62  22   0   4   2   0   0   0   0   0   5  1.18 0.47
  264 R    -5   8  -4  -2  -7  -2  -4  -6  -4  -6  -6  -1  -5  -6  -6  -4  -5  -6  -5  -2    0  95   0   2   0   0   0   0   0   0   0   0   0   0   0   0   0   0   0   3  2.47 0.81
  265 N     2  -1   2   3  -3   0   1   0  -2  -4  -4   1  -3  -4  -3   2   0  -5  -4  -3   25   2  10  21   0   2   8   4   0   0   0   8   0   0   0  14   5   0   0   0  0.44 0.26
  266 A     4  -2   0  -1  -3  -2  -1  -1  -2   0  -2  -3   0  -3  -3   0   3  -4  -1   1   42   1   4   3   0   0   3   2   1   5   1   0   3   0   0   3  22   0   2   8  0.46 0.30
  267 G    -1  -5   0   1  -5  -4  -3   7  -4  -6  -6  -4  -5  -6  -5  -2  -4  -5  -6  -6    4   0   5   7   0   0   2  81   0   0   0   0   0   0   0   1   0   0   0   0  1.73 0.58
  268 Y     4  -3   1  -3  -1  -2  -3  -3  -3   0  -1   0  -1   2   0   0  -2   0   2  -2   40   0   7   0   1   1   0   0   0   7   6   7   1  12   4   4   0   1   9   0  0.39 0.29
  269 K    -1   2   2   1  -3   1   1  -3  -1  -3  -3   3  -3  -4  -1   0   2   0  -3  -3    3  11   9  10   0   6   8   0   1   0   0  21   0   0   2   6  20   2   0   0  0.38 0.21
  270 G    -2  -3   7  -1  -5   1  -2   0   4  -5  -5  -2  -1  -5  -4  -1  -1  -5  -3  -3    3   0  64   1   0   6   0   7  11   0   0   0   2   0   0   3   2   0   0   2  1.24 0.48
  271 S    -1  -3  -1  -2   0  -1  -3  -3  -3   3   1  -2   1  -2   3  -1   2  -4  -3   1    4   0   4   1   2   4   0   0   0  23  15   1   5   0  16   2  14   0   0  10  0.31 0.19
  272 I    -3  -5  -5  -5  -3  -5  -5  -6  -5   6   2  -5  -1   0  -5  -4  -3  -4  -3   2    0   0   0   0   0   0   0   0   0  68  17   0   0   3   0   0   0   0   0  12  1.24 0.44
  273 V    -2  -4  -5  -5  -3  -4  -4  -5  -4   3   2  -4   5   0  -4  -3  -1  -4  -3   4    1   0   0   0   0   0   0   0   0  14  16   0  18   4   0   0   2   0   0  45  0.80 0.34
  274 V     0  -4  -5  -5   2  -2  -4  -5  -5   3   0  -4   1  -3  -4  -3  -2  -4  -2   6    6   0   0   0   4   2   0   0   0  13   6   0   3   0   0   0   0   0   1  66  0.93 0.39
  275 E    -3  -3   0   5  -5  -1   1   1  -3  -4  -5  -2  -4  -5   3  -1  -2  -5  -4  -2    0   0   3  47   0   2  10  12   0   0   0   0   0   0  18   2   1   0   0   3  0.91 0.35
  276 D     2  -3  -1   1   1  -1  -1   4  -3  -3  -4  -2  -3  -4  -1   0   1  -4  -3  -3   25   0   2  10   3   2   4  36   0   0   0   0   0   0   2   4  10   0   0   0  0.50 0.24
  277 S     1  -2   2  -1  -2  -1  -1   1   1  -1  -1  -2  -1  -3   3   2   0  -1  -1   0   14   0  10   2   0   1   2   9   4   2   4   0   1   0  19  17   5   1   2   6  0.28 0.16
  278 N     0   0   3   1  -3   0  -1   2   2  -2  -3  -1  -2  -1  -2   0   0   1   0  -1    9   5  19   9   0   3   2  18   7   1   1   1   1   3   0   5   5   2   4   4  0.20 0.13
  279 W    -2  -4  -5  -5   1  -3  -4  -4  -4  -4  -4  -3  -4   1  -1  -3  -2  11   3  -4    3   0   0   0   3   1   0   0   0   0   1   2   0   5   3   1   2  67   8   0  2.59 0.64
  280 G    -1  -3   0   0   1  -3  -3   5  -3  -4  -4  -3  -4  -4  -3   1   1  -4  -1  -4    2   0   4   5   3   0   0  60   0   0   1   0   0   0   0  13   8   0   2   0  0.91 0.33
  281 G     0  -1  -1  -2  -4   5   0   3  -1  -4  -2  -1  -3  -4  -3   0  -2  -4  -1  -4    7   1   1   1   0  42   3  29   1   0   4   0   0   0   0   5   2   0   3   0  0.72 0.35
  282 G     1  -1   1   3  -1  -2   0   4  -2  -3  -3  -2  -3  -2  -2   0  -1  -3  -1  -3   16   2   7  20   1   0   7  32   0   0   1   1   0   1   1   4   2   0   2   1  0.44 0.20
  283 L     0  -1  -1  -2  -3  -1  -1  -2   1   0  -1  -1   1   1   0   0   0   5   2   1    8   4   3   2   0   2   5   3   4   5   6   2   3   7   4   7   6  10   7  10  0.17 0.16
  284 T     0   0   1   1  -3  -1  -1   0  -1   0  -2   0  -2  -1  -1   1   2   0  -1   1    7   6   9   9   0   2   3   5   2   5   3   5   0   2   2  13  15   2   2  10  0.11 0.15
  285 A     1  -2  -1   1  -3   1  -1   1  -3  -1  -2  -1   1  -1   0   1   1   4  -2  -1   14   1   2   8   0   6   2  10   0   4   3   3   4   3   5  14   9   7   0   5  0.18 0.20
  286 G     1  -2   1   1  -2   0   0   2  -2  -1  -1  -1  -2  -2   0   0   0   1  -1   0   11   1   9   8   0   3   6  20   0   5   5   3   0   1   4   6   5   2   3   8  0.14 0.14
  287 P     2  -1   0   0  -3   0   0   1   0  -2  -3   0  -2  -2   2   1   0   1  -1  -2   18   3   4   5   0   4   5  11   3   2   1   5   0   2  12  12   4   2   2   3  0.19 0.17
  288 E    -1   1   2   2  -3   3   2  -3   1  -2  -3   0   1  -1  -1   1   0  -3   0  -2    3   6  13  11   0  14  11   1   3   2   1   5   4   2   3   9   5   0   4   2  0.25 0.22
  289 S     0  -3   1   1  -4   0  -1   1   0  -4  -2  -1  -3  -2  -3   4   0   2   1  -4    7   0   7   7   0   5   2   9   2   0   4   3   0   2   0  38   3   3   5   0  0.45 0.39
  290 G     2  -2  -1  -2  -3   0  -2   3  -3  -2  -2   0  -3  -1   1  -1   0   2   1  -1   20   2   2   1   0   4   1  28   0   2   3   5   0   2   6   4   7   3   5   4  0.31 0.26
  291 L    -2  -2  -4  -4  -1  -3  -2  -1  -4   4   2  -2   3   0  -4  -1  -1   0  -1   2    3   2   0   0   1   0   3   5   0  30  16   2   8   4   0   4   4   1   1  14  0.41 0.29
  292 V     0   0  -1  -2  -2  -2  -1  -3  -1   1   2  -2   1   0   0  -1   0  -3  -1   2    9   5   3   2   0   1   3   1   1   8  28   2   3   3   5   3   6   0   1  15  0.18 0.17
  293 K    -1   1   3   2  -3   0   0  -1  -1  -2  -2   1   0  -1   0   1   1  -3  -1  -1    5   7  15  13   0   4   3   4   1   1   4   7   3   2   4   9  12   0   2   4  0.17 0.17
  294 Y     0   0   2  -1  -4   0  -1  -2   1  -3  -1  -2  -1   2   0  -1  -2   3   5  -2    8   5  13   3   0   4   3   3   4   1   6   2   2  10   4   3   2   3  22   2  0.36 0.29
  295 A     4  -4  -1  -1  -4  -1  -1   4  -4  -2  -3  -2  -1  -4  -2   0  -2  -4  -2  -2   37   0   3   4   0   2   3  29   0   2   2   2   2   0   2   5   1   0   2   2  0.61 0.42
  296 D     1  -1   1   3  -1   2   0  -2   1  -3  -3   1  -3  -2   0   0   0  -4  -1  -1   16   2   7  17   1  10   5   2   4   0   2   9   0   1   5   5   5   0   3   5  0.22 0.22
  297 Q     0   0   0   0  -3   3   2  -2   1  -2  -2   0   2  -3   1   0   1   1   0  -2    6   3   5   6   0  17  13   2   3   1   2   5   5   0   6   7  10   2   3   3  0.24 0.24
  298 L    -1  -3  -4  -1  -3  -2  -2  -4  -4   1   4  -3   2   0  -1  -3  -2  -3   0   2    5   1   0   4   0   1   3   1   0   8  41   1   4   3   3   1   1   0   4  17  0.49 0.34
  299 K     0   1   0  -1  -2   1   0  -1   0   0   1   2   0   0  -1   0   0  -2  -1  -1    7   6   6   3   0   6   3   5   2   6  16  16   3   4   2   5   4   0   2   3  0.06 0.09
  300 A     2  -1   1   1  -2   1   0   0  -2   0  -2   0  -2  -1  -1   1   0  -3   0   0   23   2   8   7   0   5   7   6   0   5   1   6   0   3   2   8   5   0   3   7  0.12 0.15
  301 A     2  -1  -2  -1  -1  -1  -1  -1   0   0  -1   0  -1   3  -1   1   1  -2   2   0   22   3   1   3   1   2   3   2   2   5   4   6   1  13   2   9   8   0   7   5  0.14 0.16
  302 N    -2  -2   3   5  -4  -2  -1  -1  -1  -3  -1  -1  -3  -1  -1  -1  -1  -3   2  -1    3   2  15  38   0   1   3   4   1   1   6   3   0   3   2   3   3   0   7   5  0.58 0.35
  303 G     0  -2  -2   2  -1  -1   0   2  -3  -2  -3  -1   0  -2   4   1  -1  -3  -2  -1    6   2   1  12   1   2   5  17   0   1   2   3   3   2  22   9   3   0   1   5  0.38 0.26
  304 K    -1   0   2   2  -3   0   0  -1   0  -1   0   1  -2  -1   1   1   0  -3  -1  -2    4   5  11  13   0   4   5   4   2   3  11  10   0   2   6  11   4   0   2   2  0.13 0.14
  305 G     0  -1   2   1  -3   0  -1   3   1  -3  -2   1  -3  -3   1   0  -1  -3  -3  -2    6   3  12   6   0   3   2  27   3   1   4  11   0   1   8   5   3   0   1   3  0.33 0.22
  306 N    -3   0   6   2  -4  -1  -2  -2  -1  -4  -3  -1  -1  -1  -3  -1   0  -4   1  -4    1   5  46  10   0   2   2   2   1   1   3   4   1   2   1   4   6   0   6   1  0.85 0.46
  307 P     0   0   0   1   0   0   0  -1   0  -1  -2   0  -1  -1   2   0   2  -2  -1  -1    5   5   5   8   2   2   6   4   2   3   3   7   1   3  13   8  16   0   3   4  0.14 0.09
  308 G     0   0   5   0  -2  -1   0   0  -1  -2  -2  -1   2   0  -2  -1  -1  -2  -2  -2   10   4  35   5   1   2   4   8   1   2   4   2   6   5   2   4   2   1   1   3  0.40 0.21
  309 L    -1  -4  -4  -4  -3  -3  -4  -4  -4   4   2  -3   1   2  -4  -1   1  -3  -1   2    3   1   1   1   0   0   1   1   0  25  21   1   3  11   1   5   8   0   2  17  0.49 0.30
  310 I     0  -4  -4  -4   0  -3  -2  -4  -4   4   1  -3   3  -1  -4   0  -1  -4  -3   4    8   0   0   0   2   0   3   1   0  22  12   1   7   2   0   6   3   0   0  30  0.54 0.34
  311 G    -3  -4  -4  -3  -4  -4  -5   1   0   0  -1  -4  -3   7  -5  -4  -3  -2   3   0    1   0   0   2   0   0   1  12   2   6   6   0   0  49   0   1   1   0  10   8  1.11 0.52
  312 S     0  -4  -3  -1  -4  -3   2   0   3  -5  -5  -3  -5  -5  -2   5   1  -6  -4  -5    6   0   0   3   0   0  12   7   7   0   0   0   0   0   2  53  10   0   0   0  0.97 0.61
  313 I    -2  -4  -3  -3  -2   0  -4  -5   0   3   2  -2   2   1  -4  -3  -1  -1  -1   4    3   0   1   2   1   5   0   0   2  21  16   2   5   6   0   2   2   1   2  30  0.50 0.33
  314 H    -6  -5  -4   0  -7  -2  -5  -6  10  -7  -7  -5  -6  -5  -3  -5  -3  -6   2  -7    0   0   0   5   0   1   0   0  82   0   0   0   0   0   2   0   2   0   7   0  3.20 1.19
  315 E    -1  -2   1  -3  -4   3   1  -4  -3   0   0  -3   6   1  -1  -3   0  -4  -3   1    6   1   7   0   0  13  11   0   0   4   5   0  24   7   3   0   6   0   0  10  0.49 0.39
  316 Y    -5  -6  -6  -2   3  -1  -6  -6  -3  -5  -5  -6  -5  -2  -6  -5  -5   3   9  -2    0   0   0   3   5   3   0   0   0   0   0   0   0   0   0   0   0   3  79   3  2.64 1.04
  317 A     1  -2   0   2   2  -1   1   1   0  -1  -1  -2  -2  -1  -1   1  -2  -3  -1   0   16   0   3  12   5   2  11  13   2   3   4   0   0   3   3  11   0   0   2   8  0.16 0.17
  318 R    -1   0   1   2  -1   1   0   2  -3  -3  -2  -1  -3  -3  -3   2  -1   3  -1   1    4   4   7  11   2   8   4  15   0   0   2   3   0   0   0  20   2   4   2  11  0.24 0.24
  319 G     1  -2  -2   0  -4  -1   1   1  -3  -2  -2  -1  -3  -1   0   1   0   7   2  -1   10   1   1   5   0   2  10  11   0   1   3   3   0   2   5  10   7  18   6   5  0.41 0.29
  320 A     1  -1   1   0  -3   0  -1   1   0  -2  -3   0  -1  -1   0   1   2   3   1  -1   13   2   9   5   0   4   2   9   3   2   0   6   1   2   4  11  15   5   5   4  0.17 0.18
  321 D    -1  -1   3   3  -4   0   1   0  -1   1  -3   0  -3   0  -2   0  -1   2   0  -1    3   2  16  16   0   3   7   8   1   9   0   7   0   4   1   7   4   3   4   3  0.21 0.20
  322 A     2  -1   1   0  -3  -1  -1   2   1  -1  -2  -1   0  -2  -1   2   0   1  -1  -2   17   2   6   5   0   2   2  18   4   5   2   3   3   1   3  15   7   2   2   0  0.20 0.20
  323 S     1  -1   0   2  -1   2   0   0   0  -3  -3   0  -3  -4  -1   3   1  -4  -1  -2   12   2   3  10   1  10   6   6   2   1   1   6   0   0   3  23   8   0   3   2  0.26 0.25
  324 A     2  -2   2   1  -4   2   2  -1  -1  -4  -3   1  -3  -4  -1   1   1  -1  -4  -2   17   0   9   6   0  10  16   4   1   0   2   7   0   0   2  11  10   1   0   2  0.31 0.28
  325 R    -2   5   0  -1  -4   0   0  -3   0  -2  -3   3  -1  -2  -2  -1   1   1  -3  -2    1  32   4   2   0   3   6   1   2   3   2  22   2   2   1   3   8   2   0   3  0.55 0.36
  326 L    -2  -4  -4  -3  -3  -4  -3  -5  -4   3   3  -2   2   1  -4  -2  -1  -4   0   3    2   0   0   1   0   0   2   0   0  21  28   2   5   6   0   3   3   0   3  22  0.54 0.32
  327 G     1   1   1   0   0   1   1   1  -1  -2  -2   1  -1  -2  -1   1   1  -3   0  -2   11   8   7   5   2   6   8   9   1   3   1   9   1   2   2   9  12   0   3   2  0.13 0.13
  328 N     0   0   4   3  -4   1   0   0   0  -4  -4   1  -4  -4  -2   1  -1  -4   1  -4    8   4  21  18   0   5   6   6   2   0   0   7   0   0   2  12   3   0   5   0  0.42 0.30
  329 E     1  -1   1  -2  -1  -1   0  -2  -1  -2  -1   0   0   3  -4  -3  -2  -2   5   0   13   3   7   2   1   2   7   2   1   2   3   5   3  14   0   0   2   0  26   7  0.44 0.33
  330 I    -1  -2  -2  -2  -3  -3  -3  -3  -4   3   2  -2   2   2  -4  -2   2   0  -2   2    5   1   2   2   0   0   1   1   0  21  17   2   5  11   0   2  15   1   0  13  0.35 0.27
  331 K     0  -1   1   4  -5   2   1  -1   1  -5  -3   1  -4  -5  -4   0   1   0  -2  -4    6   2   6  31   0  10   6   5   3   0   2  11   0   0   0   5  10   2   2   0  0.51 0.35
  332 A     2   2   1  -1  -4   0  -2  -2  -1  -3  -2   0  -3   0  -4   2  -1   6  -1  -2   23  10   6   4   0   4   2   2   1   1   2   5   0   5   0  15   3  14   2   3  0.42 0.33
  333 L     2  -4  -2  -5   0  -2  -4  -3  -4   1   3  -4   2   2  -4  -2  -2  -4  -1   3   17   0   2   0   2   1   0   1   0   5  30   0   5  10   0   2   1   0   1  21  0.47 0.33
  334 Q    -1   3  -1  -1  -3   1  -1  -3   2   0   1   2   0  -2  -3  -1   0  -3  -1   0    4  21   2   3   0   8   3   0   5   6  16  12   2   1   0   4   5   0   2   5  0.23 0.21
  335 N     2   0   3   2  -4   0   2  -1  -3  -3  -3   1  -3  -4  -3   1   1   1  -4  -3   21   4  17  10   0   2  12   3   0   1   1   8   0   0   0   9   8   2   0   0  0.38 0.31
  336 A     0   0   3  -1  -4   1   0  -3   2  -1  -1   3   1  -2  -3   0   0  -4  -1  -3   10   4  18   2   0   7   5   0   5   3   7  21   4   1   0   5   7   0   1   0  0.30 0.27
  337 G    -3  -2   3  -1  -5   0  -2   6  -4  -6  -6   1  -5  -6  -5   0  -4  -5  -5  -6    0   2  15   2   0   4   2  59   0   0   0   8   0   0   0   5   0   0   0   0  1.26 0.60
  338 Y    -1  -1  -3  -5  -4  -4  -3  -5   1   1   3  -1   1   2  -5  -4  -3   1   4   1    4   4   1   0   0   0   1   0   4   7  38   4   3   8   0   0   0   2  17   7  0.56 0.34
  339 K     2   1  -2  -4   3  -2  -2  -4  -4  -5  -4   2  -4  -5   6  -1   0  -6  -2  -3   18   8   2   0   6   1   1   0   0   0   1  11   0   0  40   3   6   0   1   2  0.96 0.48
  340 P     0  -4  -4  -4  -1  -3  -4   1  -4   2   3  -4   0   1   1  -3  -2  -1  -2   2    9   0   0   0   1   1   0  10   0  12  31   0   2   7   7   0   1   1   0  17  0.37 0.25
  341 Q    -2  -4  -1  -5  -1  -1  -4  -5  -1   4   1  -4   1   4  -4  -4  -2   3  -2   2    2   0   3   0   1   4   0   0   2  29  14   0   4  18   0   0   1   4   0  17  0.64 0.34
  342 I    -3  -5  -5  -5  -4  -5  -5  -6  -5   5   2  -5   0   0  -5  -4  -3  -4  -1   4    0   0   0   0   0   0   0   0   0  37  21   0   2   3   0   0   0   0   2  34  1.07 0.47
  343 G    -2  -5  -3  -2  -5  -4  -2   7   0  -6  -6  -4  -5  -6  -5  -3   1  -5  -5  -5    2   0   0   2   0   0   3  78   2   0   0   0   0   0   0   0  10   0   0   0  1.73 0.67
  344 E    -2  -4  -4  -2  -7  -2   8  -5  -4  -6  -6  -3  -5  -6  -5  -4  -4  -6  -5  -6    3   0   0   0   0   0  93   0   0   0   0   0   0   0   0   0   0   0   0   0  2.38 0.92
  345 V    -4  -1  -5  -6  -5  -5  -5  -5  -4  -1  -2  -5  -3   7  -5  -5  -1   5   4   1    0   3   0   0   0   0   0   0   0   2   1   0   0  55   0   0   4   7  14  10  1.54 0.60
  346 G     1  -5  -3  -4  -5  -4  -5   7  -5  -6  -6  -4  -5  -5  -1  -2  -4  -5  -5  -5    9   0   0   0   0   0   0  81   0   0   0   0   0   0   4   2   0   0   0   0  1.82 0.66
  347 N     0  -1   3   1  -3  -2  -1   1   2  -2  -2  -1  -1   0  -3   0   0   1   2   0    9   3  17  10   0   0   2  11   7   0   4   2   2   4   0   5   5   2   9   7  0.17 0.15
  348 A     2   0  -1  -1   1   0   0  -1   0   0  -2  -1  -1  -2  -2   1   1  -3   0   0   25   7   1   2   3   3   8   4   3   6   1   2   0   1   1  14   7   0   4   9  0.14 0.13
  349 N    -2   0   5   2  -3   1   1   1   2  -3  -3  -1  -1  -3  -2   0   1  -3  -2  -3    1   4  31  11   0   5  11   9   5   1   2   3   2   1   1   4   9   0   1   1  0.43 0.22
  350 W     1  -2  -2  -1  -2  -1  -2   0   1  -2  -1  -2  -1   2  -2   0  -1   7   1  -1   15   2   1   3   1   3   2   8   5   2   6   2   1  12   2   7   3  20   3   3  0.42 0.16
  351 L     0  -1   0  -1  -2   1  -1  -1   0   0   2  -1   1   0  -1   1   1  -2  -1  -1    6   1   5   3   1   7   3   5   2   3  24   2   5   4   1  13  11   0   1   3  0.08 0.08
  352 G     0  -2   1   0  -1  -2  -1   4   0   0  -2   0  -2  -1  -2  -1   0  -3  -1  -1    6   1   7   5   2   1   4  41   2   7   2   5   0   2   1   2   5   0   2   4  0.36 0.17
  353 G     0  -1   2   1  -3   0   1   4  -2  -3  -3  -1  -3  -3   0  -1  -2  -3  -3  -3    6   2  10   7   0   4  13  42   0   1   1   3   0   1   4   3   1   0   0   1  0.54 0.23
  354 D     0  -1   3   2  -3   0   0   3  -2  -3  -1  -1  -2   0  -2   1  -1  -3  -2  -3    5   2  20  12   0   3   3  23   0   1   6   2   0   6   1  13   2   0   0   1  0.31 0.18
  355 K    -1  -1   5   1   2  -1  -2   0  -2  -3  -3   0  -3  -2  -3   1   2  -4  -3  -2    2   3  37   7   6   2   1   8   0   1   1   5   0   2   1  10  13   0   0   2  0.50 0.26
  356 F     0  -3  -3  -2  -2  -2  -3  -2  -2   2   1  -2  -1   4   1  -2  -1  -2   1   1    7   1   0   2   0   2   1   3   0  12  15   2   0  27   6   2   2   0   3  14  0.27 0.16
  357 E    -1  -1   2   3  -3   2   2  -1  -1  -2  -2   1  -2  -2  -2   1   0  -3  -2  -1    4   0   9  17   0   9  18   2   0   0   3  12   0   2   0   9   7   0   0   7  0.27 0.16
  358 E     0   0   1   0   2   1   0   0   2  -2  -1   0  -1   1  -2   0   0  -2   1  -1    6   6   6   6   6   6   6   6   6   0   6   6   0   6   0   6   6   0   6   6  0.06 0.10
  359 R    -1   2   1   0  -3   2  -1   0   1  -1  -1   1   0  -2  -2   1   0  -3   0  -1    3  14   5   4   0  10   0   7   4   3   5  11   3   0   0  12   7   0   5   5  0.14 0.17
  360 D    -1  -1   1   3  -3   1   1  -1  -2  -2  -1  -2  -2   0   0   0   1   3   0  -1    3   4   8  25   0   6   7   3   0   0   8   0   0   3   4   5  10   4   5   4  0.23 0.23
  361 G     1   0  -1   0  -2   0   0   1   1   0   0  -1  -1  -2  -2   0   1   1   0   0   12   4   2   4   0   5   5  12   5   5  11   3   0   0   0   3  15   3   2   7  0.07 0.12
  362 A     3  -3  -1  -4   3  -3  -3  -1  -3   0   0  -1   2  -3  -3  -2   1   2  -3   2   34   0   4   0   6   0   0   3   0   6   9   5   7   0   0   0   8   3   0  14  0.36 0.31
  363 T    -1   0   1  -1  -3  -1  -1  -1  -2   0   1   1   2   0   0   0   2   2  -2  -1    3   4   9   3   0   2   2   4   0   6  14   9   6   3   5   6  17   3   0   3  0.09 0.14
  364 K     0   0   2   1  -4   3   2  -1  -2  -2  -3   2  -3  -3   0   0  -1  -3   1  -3    6   4   9   9   0  14  17   4   0   2   0  14   0   0   4   8   2   0   6   0  0.31 0.24
  365 A     4  -3  -3  -1  -3  -3  -3   1  -3  -3  -1  -3   0   0   0   0   0   2   1   0   49   0   0   4   0   0   0   9   0   0   4   0   3   4   3   4   5   2   5   6  0.49 0.37
  366 V     1  -3  -3  -4  -3  -1  -1  -3  -3   2   1   0   1   0  -3  -2  -1  -4  -2   4   14   0   0   0   0   3   3   0   0  12  15   6   3   3   0   0   3   0   0  35  0.37 0.28
  367 R    -2   2   0   1  -4   4   1  -1   1  -3  -3   0  -2  -3  -1  -1   0  -3   1  -2    1  15   5   9   0  29   7   5   4   1   1   4   0   0   3   4   5   0   7   3  0.41 0.29
  368 D     0   1   3   4  -3  -1   2  -2  -1  -1  -3  -1  -2  -1  -2   0   0  -3   0  -2    7   7  18  25   0   1  12   1   0   5   1   1   0   3   1   6   6   0   4   1  0.34 0.21
  369 N    -2   0   5  -1  -3  -1   0   0  -1  -2  -2  -1   2  -3  -2   1   0  -3  -3   0    1   4  44   1   0   1   5   7   0   1   1   3   6   1   1   8   4   0   1  10  0.53 0.29
  370 L     1   0  -3  -3  -2  -2  -2  -3  -2   1   2  -2   4   2  -3  -1  -1  -2   1   1   18   7   0   0   0   0   1   1   0   7  19   1  15  10   0   5   1   0   5  11  0.22 0.18
  371 A     1  -1   0   1  -2   0   1   2  -2  -2  -1   0   0  -3  -1   0   1  -3  -2  -2   11   1   4  11   0   3   8  23   0   1   8   5   3   0   3   6  12   0   0   1  0.18 0.12
  372 A     2  -1  -1  -3  -2   0  -2  -2  -2   2  -1  -2  -1   0   1  -1  -1  -2   1   3   24   4   3   1   0   4   1   1   0  15   1   1   0   3   6   1   1   0   6  29  0.21 0.17
  373 L     1  -2  -2  -3  -2  -2  -2  -1   1   1   2  -2   1   1   0  -1  -1  -2   1   1   17   0   0   0   0   0   1   4   5   4  29   0   4   8   4   1   3   0   5  14  0.16 0.12
  374 K    -1   3   0  -2  -4   2   1  -3  -2  -3  -3   4   0  -3   0   0  -2   3  -2  -2    4  14   4   0   0  10   8   0   0   0   0  38   4   0   4   4   0   5   0   4  0.46 0.24
  375 A     3  -1   1  -1  -2   0   0   0  -2  -2  -2   2  -2  -3   2   0  -1   3  -2  -2   37   1   8   1   0   5   7   5   0   1   1  16   0   1  10   1   1   4   1   1  0.31 0.17
  376 A     2   2   0  -2  -2   0   0   0  -2   0  -1   2  -1  -2  -2  -1  -1  -3  -2   0   27  14   6   1   0   0   3   7   0   5   6  23   0   0   1   1   1   0   0   5  0.19 0.12
  377 G     0   0  -1  -2  -3   0  -2   5  -2  -3  -3  -2  -3  -3  -2   0  -2  -3  -3  -3    6   5   1   1   0   5   1  66   0   1   1   1   0   1   1   7   1   0   0   1  0.85 0.24
  378 G     1   0  -1   0  -1  -1  -1  -1  -2   2  -1   0  -1  -2  -2   1  -1  -2  -2   2   18   6   1   6   0   1   1   3   0  20   2   5   0   1   1  12   1   0   1  21  0.12 0.10
  379 D     0  -2  -1   1  -2  -2  -1   4  -2  -2  -2  -2   0  -2  -2   0  -1  -3  -2   0    8   1   1  12   0   1   1  46   0   1   2   1   5   1   1   7   1   0   1  11  0.43 0.15
  380 I     0   1  -2  -2  -2  -1  -2  -2  -2   2   0  -1   2  -1  -2  -1   0   5   0   2    6  11   1   1   0   1   1   1   0  13   5   1   7   1   1   1   7   9   3  27  0.21 0.11
  381 L    -2  -3  -4  -4  -2  -3  -3  -1  -3   2   4  -3   2  -1  -3  -3  -2   6   1   0    1   0   0   0   0   0   0   7   0  11  56   0   4   0   0   0   0  13   4   0  0.63 0.24
  382 P     2  -3  -3  -3  -3   0  -1   0   1  -3  -2  -2  -2  -3   5  -1  -2   3   0  -1   26   0   0   0   0   5   4   8   4   0   3   0   0   0  38   0   0   5   3   3  0.72 0.25
  383 W    -4  -5  -6  -6  -5  -4  -5   1  -5  -5  -4  -5  -4   2  -6  -5  -5  12   0  -5    0   0   0   0   0   0   0  10   0   0   0   0   0   9   0   0   0  81   0   0  3.19 0.66
  384 K    -1   1   0  -1  -2   0   1  -2   4  -2  -2   2   1  -2  -1   0   1  -2  -1  -2    2   9   1   1   0   1   8   1  20   1   2  22   8   1   1   9  11   0   1   1  0.22 0.08
  385 D     0  -2   1   5  -2  -1   0  -1  -1  -2  -2  -1  -2   1  -1  -1  -1  -2   2  -2   10   1   5  52   0   1   1   2   0   1   2   1   0   7   1   2   1   0   9   1  0.43 0.09
  386 Q    -1   0   3  -1  -3   4   0  -2   2  -3  -2   0  -1  -1  -2   1  -1   4   2  -2    1   1  19   1   0  36   1   1   8   1   1   1   0   1   1  10   1   9   8   1  0.40 0.11
  387 F     0  -2  -2  -2  -2  -2  -2  -2   2  -1  -1  -2  -1   5   1  -1   0   5   1  -1    9   1   1   1   0   1   1   1   9   1   1   1   0  45   7   1  11   9   0   1  0.41 0.11
  388 Q    -1   0  -1  -1  -2   3   2  -2  -1  -2  -2   1  -1  -2  -1   1   2   4  -1  -2    1   3   1   1   0  28  14   1   0   1   1   8   0   1   1  10  18   9   0   1  0.33 0.08
  389 D    -2  -2   2   6  -4  -1   0  -2   2  -4  -4  -1  -3  -4   2   1  -1  -5  -3  -4    0   0  11  63   0   0   0   0   7   0   0   0   0   0   9  10   0   0   0   0  0.81 0.16
  390 G     1  -3  -1  -2  -3  -2  -3   6  -3  -4  -4  -2  -3  -4  -3  -1  -2  -3  -4  -3    9   0   0   0   0   0   0  91   0   0   0   0   0   0   0   0   0   0   0   0  1.23 0.17
  391 K    -1   1   0   2  -3   1   1  -1  -1  -3  -3   4  -2  -3  -1   2   0  -3  -2  -3    0   0   0  17   0   0   0   0   0   0   0  59   0   0   0  24   0   0   0   0  0.42 0.05
  392 L     1  -2  -2   1  -2  -2  -1  -2  -2   1   2  -2   2  -1  -2  -1  -1  -2  -2   0   17   0   0  16   0   0   0   0   0  10  44   0   7   0   0   0   0   0   0   0  0.13 0.03
  393 R    -1   5  -1  -2  -3   0  -1  -2  -1  -1  -2   2  -1  -3  -2   0  -1  -3  -2   0    0  58   0   0   0   0   0   0   0   0   0  10   0   0   0   9   0   0   0  18  0.38 0.05
  394 H    -1   2   2  -1  -3   0  -1  -2   6  -3  -3   0  -2  -2  -2   0   1  -3   0  -2    0  19  16   0   0   0   0   0  42   0   0   0   0   0   0   0  18   0   0   0  0.42 0.05
  395 H    -1   1   1   5  -3   0   1  -2   3  -3  -3   0  -2  -3  -2   1  -1  -3  -1  -3    0  10   0  51   0   0   0   0  16   0   0   0   0   0   0  17   0   0   0   0  0.47 0.05
  396 V     2  -2  -2  -2  -1  -1  -1  -1  -2   0   1  -1   0  -1  -2   1   0  -3  -2   2   37   0   0   0   0   0   0   0   0   0  16   0   0   0   0  17   0   0   0  24  0.14 0.03
  397 G     0  -2  -1  -1  -2  -2  -2   5  -2  -3  -3  -1  -2  -3  -2   0   1  -3  -3  -2    0   0   0   0   0   0   0  73   0   0   0   0   0   0   0   0  19   0   0   0  0.68 0.04
  398 F     1  -2  -3  -3  -2  -2  -2  -2  -1   0   1  -2   3   4  -3  -1  -1   0   2   0   19   0   0   0   0   0   0   0   0   0  10   0  20  43   0   0   0   0   7   0  0.31 0.03
  399 S     2  -1   0  -1  -1   0   0   0  -1  -2  -2   1  -1  -3  -1   3   1  -3  -2  -1   30   0   0   0   0   0   0   0   0   0   0  10   0   0   0  60   0   0   0   0  0.36 0.03
  400 K    -1   1  -1  -1  -3   3   2  -2  -1  -2  -1   3   2  -2  -2  -1  -1  -3  -2  -2    0   0   0   0   0  20  11   0   0   0   0  48  21   0   0   0   0   0   0   0  0.33 0.03
  401 S     1  -2   0  -1  -2  -1  -1   4  -2  -3  -3  -1  -2  -3  -2   2   0  -3  -3  -3    0   0   0   0   0   0   0  57   0   0   0   0   0   0   0  43   0   0   0   0  0.61 0.02
  402 D    -2  -2   1   6  -4   0   2  -1  -1  -3  -4  -1  -3  -4  -2   0  -1  -4  -3  -3    0   0   0 100   0   0   0   0   0   0   0   0   0   0   0   0   0   0   0   0  0.97 0.01
  403 Q    -1   3   0  -1  -3   5   2  -2   0  -3  -2   1  -1  -3  -2   0  -1  -2  -2  -2    0  20   0   0   0  80   0   0   0   0   0   0   0   0   0   0   0   0   0   0  0.61 0.01
  404 Y    -2  -3  -3  -4  -3  -3  -3  -3  -1   0   0  -3   0   6  -4  -2  -2   1   4  -1    0   0   0   0   0   0   0   0   0   0   0   0   0  82   0   0   0   0  18   0  0.73 0.01

                      K         Lambda
Standard Ungapped    0.1265     0.3079
Standard Gapped      0.0366     0.2670
PSI Ungapped         0.1195     0.3175
PSI Gapped           0.0366     0.2670
