
Last position-specific scoring matrix computed, weighted observed percentages rounded down, information per position, and relative weight of gapless real matches to pseudocounts
            A   R   N   D   C   Q   E   G   H   I   L   K   M   F   P   S   T   W   Y   V   A   R   N   D   C   Q   E   G   H   I   L   K   M   F   P   S   T   W   Y   V
    1 M    -3  -4  -5  -6  -4  -3  -5  -5  -4   2   0  -4  10  -2  -5  -4  -3  -4  -3  -1    0   0   0   0   0   0   0   0   0  10   3   0  87   0   0   0   0   0   0   0  2.11 0.53
    2 A     2   0   0   0  -2  -1  -1  -2  -2  -2  -1   0   4   1   2   1   1  -2  -1  -2   19   4   3   4   0   1   1   0   0   0   2   5  20   6   9  11  10   0   2   0  0.22 0.18
    3 I    -2  -3  -3  -3  -1  -2  -3  -4   3   4   1  -3   2   0  -3  -2   1  -1  -1   2    1   0   0   1   1   1   0   0   9  31  15   1   4   4   1   0  13   1   1  17  0.38 0.20
    4 S    -1  -2  -1  -2   1  -3  -3  -1  -3  -5  -5  -3  -4  -5  -3   7   0  -5  -4  -4    1   1   1   1   3   0   0   2   0   0   0   0   0   0   0  87   3   0   0   0  1.44 0.58
    5 V     0  -4  -3  -5   0  -4  -4  -4  -4   4   2  -4   1   0  -3  -3  -1  -4  -3   4    9   0   1   0   2   0   0   0   0  33  18   0   2   3   1   0   2   0   0  29  0.59 0.27
    6 F    -3   0  -3  -4  -1  -3  -2  -4  -3  -2   0   0   0   7  -5  -2  -3  -2   0  -1    0   5   1   1   2   0   3   0   0   0   7   6   1  66   0   2   1   0   0   3  1.17 0.45
    7 D    -3  -2   3   6  -5   0   3  -3   0  -5  -5  -2  -5  -5  -4  -1  -2  -6  -4  -5    1   1  18  53   0   2  19   0   2   0   0   1   0   0   0   3   2   0   0   0  1.15 0.42
    8 L    -3  -4  -5  -5  -3  -4  -5  -5  -5   4   4  -4   3   0  -2  -3  -2  -4  -3   1    0   0   0   0   0   0   0   0   0  34  43   0   9   2   2   1   1   0   0   7  0.80 0.33
    9 F    -2  -4  -4  -5  -2  -4  -5   2  -3   0   0  -4  -1   6  -5  -2  -3  -1   4  -2    3   0   0   0   1   0   0  18   0   6   8   0   1  48   0   2   0   0  12   1  0.91 0.37
   10 K    -1   2   0  -3  -4  -1  -1  -3  -2  -4  -4   4  -4  -5   5   1  -2  -5  -4  -3    3  11   3   0   0   1   1   0   1   1   0  35   0   0  30  11   1   0   0   1  0.84 0.37
   11 I    -1  -2  -2  -3  -2  -3  -2  -4  -4   5   0  -2  -1  -2  -2  -3  -2  -4  -3   4    5   1   2   1   1   1   3   0   0  46   4   2   0   0   1   1   1   0   0  28  0.63 0.31
   12 G    -1  -3   0  -3  -2  -3  -3   5  -3  -2  -2  -3   6  -3  -4  -2  -2  -4  -4  -2    3   0   5   1   1   0   1  50   0   2   1   0  29   0   0   2   2   0   0   2  0.93 0.39
   13 I    -2   1  -2  -3  -1  -1  -3  -4  -1   4   0  -2  -1  -1   2  -2   1  -3  -1   2    1   9   1   0   1   2   0   0   2  35   5   1   1   2  13   2   8   0   1  14  0.33 0.20
   14 G    -1  -3   1  -2  -4  -3  -1   6  -4  -5  -5  -3  -4  -5  -2  -2  -3  -4  -5  -3    2   1   7   1   0   0   5  78   0   0   0   0   0   0   2   0   0   0   0   2  1.38 0.44
   15 P    -2   0  -4  -4  -1  -3  -3  -3  -4  -4  -2  -3  -4  -5   8  -1  -3  -5  -5  -4    2   5   0   0   2   0   0   2   0   0   5   0   0   0  78   3   0   0   0   0  2.00 0.52
   16 S    -1   0  -2  -2  -3  -2  -2  -2  -2  -4  -2  -2  -3  -3  -1   6  -1  -4   1  -3    1   5   0   0   0   0   1   1   0   0   5   1   0   0   2  77   1   0   6   1  1.00 0.42
   17 S    -1   0  -2  -3  -3  -2  -2  -3  -3  -4  -4  -1  -3  -1  -3   6   0  -4  -3  -4    2   5   0   0   0   0   0   1   0   0   1   2   0   4   0  80   2   0   0   1  1.20 0.50
   18 S    -1  -3  -1  -2  -3   0  -2  -3  -3  -4  -2  -2  -3  -4  -3   6   0  -4  -4  -1    1   0   2   0   0   4   0   1   0   0   3   0   0   0   0  80   2   0   0   4  1.18 0.49
   19 H    -3  -2  -1  -4  -6  -3  -3  -3  10  -6  -4  -4  -4   1  -5  -3  -5  -5   1  -6    2   1   2   0   0   0   0   2  78   0   2   0   0   6   0   1   0   0   3   0  2.41 0.77
   20 T    -2  -4  -3  -4   2   0  -4  -4  -5  -2  -2  -4  -3  -5  -2   0   7  -5  -5  -2    2   0   0   0   4   4   0   0   0   2   4   0   0   0   1   6  75   0   0   2  1.36 0.61
   21 V     3  -3  -2  -4   0  -3  -3  -2  -1   1   1  -3   4  -1  -3  -1  -1  -4   0   2   36   0   1   0   2   0   0   1   1   6  15   0  13   1   0   4   2   0   3  14  0.41 0.28
   22 G     2  -2  -3  -1  -4  -3  -3   6   0  -5  -5  -1  -4  -5  -4  -1  -3  -5  -4  -4   17   2   0   4   0   0   0  65   2   0   0   3   0   0   0   3   0   0   0   0  1.18 0.46
   23 P     2  -4  -4  -4  -1  -3  -3  -4  -4  -4  -4  -3   0  -5   7   0  -2  -5   0  -2   21   0   0   0   1   0   0   0   0   0   0   0   3   0  58   6   2   0   4   3  1.45 0.52
   24 M     1  -1  -2  -5   2  -1  -2  -3   0  -1  -1  -2   7   0  -5  -2  -2   4   1   1   10   4   2   0   4   2   2   2   2   2   5   2  34   3   0   2   2   5   5  11  0.72 0.46
   25 R     0   6  -1  -2   0  -1  -2  -3   0  -2  -2   2   0   0  -4  -2  -2  -5  -1   0    9  41   3   2   2   2   2   2   2   3   3  10   2   4   0   2   2   0   2   6  0.59 0.38
   26 A     4  -1  -4  -5   2  -4  -4  -1  -5   4  -1  -4   1  -4  -1  -1  -3  -5  -4   0   41   4   0   0   3   0   0   4   0  26   6   0   3   0   4   4   0   0   0   4  0.72 0.45
   27 A     5  -5  -5  -3   3  -5  -4   5  -5  -3  -4  -5   0  -6  -3  -1  -2  -6  -6  -2   41   0   0   1   5   0   1  36   0   1   2   0   2   0   2   4   2   0   0   2  1.07 0.61
   28 R     0   3   1  -2   0   1   0  -2  -1  -3   0   2   0  -1  -4  -1  -2  -1   2  -2    9  15   9   1   3   7   7   2   1   1  10  15   2   2   0   3   2   1   8   2  0.23 0.23
   29 Q     1   2  -2   0   0   0  -1  -3   1   1   1  -1   2  -1  -3  -1  -1  -1  -1   0   11  16   1   6   2   5   4   1   3  11  14   2   6   3   0   4   4   1   1   6  0.13 0.16
   30 F     1  -2  -5  -5   1  -5  -5  -4  -4   0  -2  -5  -1   7  -5  -3  -1   3   1   0   13   2   0   0   3   0   1   1   0   4   3   0   1  49   0   2   4   4   3   7  1.15 0.57
   31 I     1   3  -2  -3   1  -2  -3  -2  -2   2   1   0   0  -1  -3  -1  -1  -3   1   1   13  17   2   0   4   1   1   2   1  11  16   7   1   1   0   3   2   0   5  10  0.20 0.20
   32 S     0   1   1   2  -2   1   2   0   1  -3  -2   2  -1  -2  -1   0  -1  -4  -3  -3    9   6   7  11   1   8  12   8   3   1   4  13   1   2   2   7   3   0   0   1  0.18 0.17
   33 R    -1   2  -1   1  -1   1   2   0   0  -1   1   0   0  -1  -3  -1  -1   0  -1  -1    6  11   3   8   1   6  13   7   2   4  19   4   2   2   1   4   3   1   1   3  0.10 0.14
   34 L    -1  -2  -2  -5   2  -2  -4  -3   1   0   4  -3   2   1  -1  -2  -2   1   1   0    5   2   2   0   5   2   1   2   4   5  40   2   5   6   3   3   2   2   5   7  0.44 0.34
   35 E     1   0  -1  -1  -1   0   1   1  -1   0  -1   1   1  -2   2  -1   0  -3  -2  -1   15   5   2   3   1   4   8   9   1   5   7   8   4   2  11   4   5   0   1   4  0.10 0.12
   36 K     1   2   1   1  -1   1   2   0   1  -2  -3   1  -1  -2  -1   0  -1  -4  -2  -2   11  10   7   9   1   6  13   8   3   2   2   9   2   2   3   6   4   0   2   2  0.17 0.18
   37 D     1   0   0   0   1   2   0  -1   2  -1   0   1   0  -2   1   0   0  -3  -1  -1   10   5   5   6   3  10   7   3   5   2   9   7   2   2   7   6   5   0   2   3  0.08 0.12
   38 G    -1  -1   0   0  -3   0   0   2   1   1  -1  -1   0   0   2  -1  -1   0  -1  -1    5   3   6   7   0   3   6  17   4   9   7   4   2   5  11   2   4   1   2   3  0.11 0.12
   39 Q     0  -1   0   0   0   0  -1  -1   0   0   1  -1   0   1   0   0   0   1   0   0    7   4   4   5   2   4   4   6   3   4  19   4   2   7   4   4   4   2   2   8  0.01 0.04
   40 L    -1   0   0   0   0   0   0   1   0   0   2  -1   0   0  -1  -1  -1   0   0   0    4   4   4   5   3   4   6  12   2   4  25   3   2   4   3   3   3   1   3   6  0.05 0.09
   41 D     0  -1   0   2  -1   1   2   0   0  -1  -2   0  -2  -2   2   0   0  -3  -3  -1    8   3   5  13   2   6  13   7   2   4   3   5   0   2  12   4   4   0   0   6  0.17 0.15
   42 A     0   2   0   1  -3   1   1   0   0  -2  -1   2  -1  -2  -1   0  -1  -3  -2  -2    7  11   3   9   0   7   7   7   3   2   6  17   2   1   3   8   3   0   0   3  0.16 0.15
   43 T     0  -1  -2  -2  -1  -2  -1  -2   1   2   0  -1   0   0   2  -1   1  -3  -2   3    7   3   2   2   1   1   3   3   4  13   6   3   1   3  12   4   8   0   0  23  0.20 0.20
   44 V     1   0  -1   0  -1   0   0  -1   2   0  -1   0  -1   0  -1   0   1  -3  -1   1   13   3   3   5   1   3   8   4   6   7   4   7   0   5   2   5   8   0   2  13  0.04 0.10
   45 H    -1   4   0  -1  -4   1   0  -2   3  -2  -3   2  -1  -1   0   0   0  -4  -1  -2    4  24   3   2   0   5   7   3   8   2   2  14   2   3   5   8   5   0   2   2  0.33 0.29
   46 V     1  -1  -3  -4   1  -3  -3  -1  -3   3   0  -1   1   1   0  -1  -1  -3   1   3   11   4   0   0   4   0   0   4   0  17   7   4   4   5   4   4   4   0   5  24  0.25 0.22
   47 S     0   2   0   1   0   1   1  -1   1  -1  -2   1   0  -1  -3   1   0  -3   0  -1    5  12   3   9   3   7  10   5   3   3   3   8   3   3   0   9   4   0   3   5  0.11 0.12
   48 A     0  -4  -4  -4   1  -4  -4  -2  -4   3   0  -2   1   3  -4  -2  -1  -3   0   3    9   0   0   0   3   0   0   3   0  22   5   2   4  16   0   3   3   0   2  26  0.46 0.32
   49 E    -1   0   0   4   1   1   1  -1   2  -1  -2  -1  -3  -1  -3   0   0   2   1  -1    5   5   3  23   3   6  10   3   6   3   3   3   0   3   0   8   5   3   4   4  0.23 0.21
   50 M    -3  -1  -4  -1   1  -3  -1  -5  -4   1   4  -1   1   2   0  -1  -1  -3   1   0    0   4   0   4   3   0   4   0   0   6  41   4   4   9   4   4   4   0   4   5  0.38 0.30
   51 F    -2  -1   1  -1   0  -1  -1  -2   5  -4  -2   0   1   2  -4  -2  -3   1   6  -2    2   3   7   3   2   2   3   4  13   0   4   5   3   8   0   3   0   2  31   3  0.65 0.43
   52 G    -1  -3   0  -2  -5  -4  -2   6   0  -5  -3  -2  -5  -5   0  -1  -4   2  -1  -5    3   1   5   2   0   0   2  65   3   0   3   2   0   0   5   4   0   3   2   0  1.16 0.55
   53 S     1  -2  -3  -3   1  -1  -2   1  -4  -2  -3  -1  -4  -5  -4   6  -1  -5  -4  -2    8   1   0   0   3   3   2   9   0   3   2   2   0   0   0  62   1   0   0   3  0.94 0.58
   54 L    -2  -4  -5  -5   1  -1  -4  -5  -4   0   4  -4   1   5  -1  -4  -3   3   2  -2    4   0   0   0   3   3   0   0   0   5  37   0   3  27   3   0   0   5   6   0  0.77 0.40
   55 G     4  -1  -2  -1  -3  -2   0   1  -1  -1  -2  -1   1  -3   0   1   0  -4  -1  -1   36   3   0   3   0   0   7  11   2   3   2   3   4   0   4  11   5   0   2   2  0.30 0.25
   56 A     1   0  -1   0  -2   0   1   0   0  -1   0   0   0  -1   0   0   0   0  -1  -1   14   4   2   6   0   3  12   7   2   0  15   8   3   2   5   3   8   1   2   4  0.06 0.09
   57 T     0   1   1  -1   2  -1   0   0   2  -1   0   0   1  -2  -2   0   0  -3  -2   0    8   8   7   0   7   0   8   8   7   0   8   8   7   0   0   8   8   0   0   8  0.08 0.12
   58 G    -1   0   1   0   1  -1  -1   1   1  -2  -1  -2  -2   2  -1   0  -1   3   3  -1    5   5   7   7   3   3   3  15   3   0   7   0   0  10   3   5   3   5  10   4  0.13 0.15
   59 K     0   2  -1   0  -3   0   0   0   1   0  -1   2  -1  -1   0   0  -1  -3  -1  -1    8  14   2   5   0   3   5   9   5   7   4  13   2   2   5   7   2   0   2   4  0.10 0.11
   60 G    -1   2  -1  -1   2  -1  -1   5   2  -5  -5  -3  -4  -5   0   0  -1   1  -4  -5    3  10   2   3   4   2   4  47   6   0   0   0   0   0   4   6   3   2   0   0  0.78 0.45
   61 H    -4   1   0  -4   2   4  -1  -5   8  -5  -4  -3   3  -4   1  -2  -4  -5   0  -5    0   6   3   0   4  17   3   0  44   0   0   0   9   0   6   3   0   0   2   0  1.32 0.65
   62 G     0  -1   1   0   1  -2  -2   4   1  -1  -1  -1   2  -1  -1  -1  -2  -1  -2  -3    7   3   6   4   3   1   2  35   4   4   6   3   5   3   3   4   1   1   1   1  0.35 0.26
   63 T     0   1  -1  -1  -2   1   1   0  -2   0  -1  -1   1  -2   2   0   1  -3  -2   0    9   9   0   0   0   9   9   9   0   9   1   0   9   0   9   9   9   0   0   9  0.11 0.11
   64 D    -1  -2  -1   6   0  -3   0  -2   0  -1  -2  -2   0  -1   2  -3  -2  -5  -4  -2    4   2   3  47   2   0   4   3   3   3   5   2   3   3  10   0   3   0   0   2  0.76 0.41
   65 V    -1   1   0   0  -3   1   0  -1   0   0  -1   2   1  -1  -1   0   0   1   0   0    4  10   3   4   0   7   5   4   2   7   6  14   6   3   2   6   7   2   3   5  0.06 0.08
   66 A     5  -4  -4  -4  -4  -4  -4   1  -5   2  -4  -4  -4  -5  -4   1   0  -5  -4   0   56   0   0   0   0   0   0  10   0  11   1   0   0   0   0   8   5   0   0   6  0.93 0.50
   67 V     0  -2  -1   0   3  -1  -1   0  -2   1   0   0   2   1  -2   0   1  -2  -1   0    8   0   0   8   8   0   0   8   0   8   8   8   8   8   0   8   8   0   0   8  0.05 0.10
   68 L    -1  -1  -1  -3   1   0  -1  -2   0   2   2  -1   2   0  -1  -1   0  -3   0   1    5   3   3   0   3   6   3   3   3  17  19   3   5   3   3   3   6   0   3  10  0.12 0.13
   69 L     2  -1   0   0  -1   0   0   0  -2  -1   1   1   2  -2  -3  -1  -1   1  -1  -1   18   3   3   5   2   4   7   9   0   2  19   8   7   0   0   4   3   2   2   3  0.10 0.13
   70 G    -1  -4  -3   1  -4  -4  -1   6  -4  -4  -5  -4  -4  -5  -1   0   2  -5  -5   0    5   0   0   7   0   0   5  53   0   0   1   0   0   0   3   5  11   0   0   7  0.92 0.45
   71 L    -1  -1  -4  -2  -3  -1  -4  -2  -4   2   4  -3   2   0   0  -3  -1  -4  -3   1    4   3   0   3   0   3   0   3   0  10  48   0   5   4   4   0   3   0   0   8  0.50 0.34
   72 Q     0   0  -1  -1   0   0   2   0   1   0   1   0   1  -1  -1   0  -1  -3   0  -1    7   3   2   2   2   3  16   9   4   4  19   4   6   2   3   7   2   0   3   2  0.06 0.12
   73 G    -1  -1  -1  -1  -4  -1  -1   5  -3  -2  -2  -1  -3  -4   2   0  -3  -4  -1  -2    4   3   3   3   0   3   4  48   0   3   5   3   0   0   9   6   0   0   3   3  0.62 0.37
   74 E     0   0  -1   0   2   0   1  -1   1  -1   1   1   1   1  -3  -1  -1   1   1  -1    7   3   3   5   5   5  10   4   4   4  12   8   5   8   0   2   3   2   5   3  0.07 0.10
   75 Q     0   1  -1   3  -4   1   1  -2   3  -2  -1   0   0  -4   0   0   0   0  -1  -1    7   7   2  21   0   8   9   2   7   2   5   4   2   0   4   7   5   1   2   5  0.24 0.22
   76 P    -1  -2   0   0   2   0   0  -1   2   0  -1   0   1   0   0   0   0   3   1   0    5   0   5   5   5   5   5   5   5   5   5   5   5   5   5   5   5   5   5   5  0.07 0.11
   77 D    -1   0   1   3   1   0   2  -2   1  -1  -1   1   0  -1  -3   0   0  -4   0   0    6   5   5  20   3   3  11   3   3   3   5   7   3   3   0   5   5   0   3   6  0.17 0.18
   78 L    -2  -1   1   3   1  -1   0  -1   1  -1  -1  -1   0  -1  -1   0   3  -4   0  -1    2   3   7  20   4   2   4   4   4   3   6   3   2   3   3   5  18   0   3   3  0.23 0.24
   79 V     0   0  -2   0   2  -1   0   0   1   0   0   0   1   1   1   0   0  -2   1   0    6   6   0   6   6   0   6   6   6   6   6   6   6   6   6   6   6   0   6   6  0.03 0.09
   80 D    -2   2   0   5   0   0   1  -1  -3  -2  -2   0  -3  -4   0   0  -1  -5  -4  -2    3  15   4  31   2   4  10   4   0   3   3   3   0   0   5   5   4   0   0   3  0.44 0.34
   81 T    -1  -2  -1  -1   0  -2  -1  -2  -1   2   0  -1   0  -1   4  -1   1   1  -3   1    5   2   3   3   2   0   3   3   2  16  10   2   2   3  19   5   8   2   0   9  0.23 0.21
   82 D     0   2   0   3  -3   0   2  -1   0  -2  -2   0  -1  -2   1   0   0  -4  -3  -2   10  12   4  16   0   3  14   4   2   2   4   5   2   2   7   5   5   0   0   3  0.20 0.19
   83 A     0   0   1   1  -1   0   1  -1   0   0  -1   0  -1  -1  -1   0   1   0   0   0    6   6   6  10   1   4  12   2   2   6   5   6   2   2   3   7   9   1   3   5  0.07 0.09
   84 V     2  -1  -3  -4  -1  -1  -2  -3  -1   4   0  -1   2  -1  -1   0  -2   0  -1   1   20   3   1   0   1   3   2   2   1  22   6   4   4   3   3   8   2   1   2  11  0.26 0.25
   85 D     0   0   0   1  -2   0   2  -2   0  -1   0   0   0   1   3  -1  -1  -1   0  -2    7   4   5  10   1   3  12   2   2   4   9   5   2   8  13   5   3   1   3   1  0.14 0.16
   86 G     0   0   0   0  -3   1   1   1   1  -1  -1   0   0  -1   1   1   0  -3  -2  -1   10   6   4   6   0   6  10  10   3   4   5   5   3   4   6   9   7   0   0   4  0.07 0.09
   87 M    -1   2  -2   0   1   0   0  -1   0   1   1   0   1   1  -3  -1   0   2   1   0    5  12   0   5   3   3   5   4   3  10  13   5   3   7   0   4   5   3   4   5  0.05 0.10
   88 L     0  -1  -1  -3   0  -1  -1  -1   0   2   2  -1   1   1  -1  -1   0   1   1   1    9   3   3   0   2   2   4   4   2  12  19   4   3   6   2   2   5   3   5  10  0.08 0.11
   89 A     1   0   0   1  -3   0   2  -1   1  -1  -2   1   0  -2   0  -1   0  -4  -1  -1   16   5   4   9   0   4  16   5   4   3   3   9   3   2   3   3   5   0   2   3  0.15 0.18
   90 A     2   1   1   1  -3   1   1  -1   1  -1  -2   1   0  -2   0   0   0  -4  -1  -2   18   7   5  10   0   5  10   4   4   3   3   8   2   2   4   6   4   0   2   2  0.14 0.17
   91 I     0  -1   0  -1   1  -1   0  -2   1   3   0   0   0  -1  -1  -1  -1   1  -1   1    7   3   4   4   3   2   5   3   3  21   8   5   2   2   2   5   4   2   2  10  0.10 0.12
   92 R     0   2   0  -1  -1   0   1   0   1  -1  -1   2   0  -2   1  -1  -1   0  -1  -2    7  14   5   3   2   3   9   9   4   4   7  13   2   2   6   4   2   2   2   3  0.12 0.14
   93 E     0   0   1   0  -1   1   2  -1   0   0   0   1   0  -2  -2   0   0   0  -2  -1    8   5   7   5   1   6  12   4   2   5   8   7   3   2   2   7   7   1   1   4  0.07 0.08
   94 Q    -1  -1   3   1   0  -1   2   0   1  -3  -3   0  -1  -2  -1   1   2   0  -2  -3    4   4  12   7   2   2  11   8   3   2   3   5   2   2   3  12  13   1   2   2  0.24 0.22
   95 R    -2   0   0  -1   0   0   0   2   2   1  -1   2   0  -1  -2  -2  -1  -5   2  -1    4   6   4   4   2   4   6  15   5   7   6  12   2   3   2   3   4   0   8   4  0.16 0.13
   96 K    -2   2  -1  -2  -2   0   2  -2   0   0  -3   2   0  -1  -2   1   2  -1  -1   0    3  10   4   2   1   5  13   3   2   5   3  12   3   3   3  12  10   1   3   6  0.22 0.20
   97 L    -3  -2  -2  -3  -1  -3  -4  -2  -3   4   4  -4   0   3  -1  -5  -2  -1   1   0    2   2   2   2   1   2   2   3   1  18  30   1   2  10   4   1   3   1   5   7  0.60 0.33
   98 K     0   0   0   0   2   0   0  -1   1   0  -1   0   1   0   0   0   0  -2   1   0    5   5   5   5   5   5   5   5   5   5   5   5   5   5   5   5   5   0   5   5  -0.00 0.06
   99 L    -1   0   0   0  -3   0   0  -1   2   0  -1   0   1   0   0   0   0   3   1   0    5   5   5   5   0   5   5   5   5   5   5   5   5   5   5   5   5   5   5   5  0.06 0.08
  100 L     0   0   0   0   2   0   0  -1   1   0  -1   0   1   0   0   0   0   3  -2   0    5   5   5   5   5   5   5   5   5   5   5   5   5   5   5   5   5   5   0   5  0.05 0.09
  101 G    -1   0   1   1  -4   1   0   2   1  -1  -2   0   0  -1   1   0  -1   2  -3  -1    5   6   6   7   0   6   6  19   4   4   4   5   3   3   6   5   4   3   0   4  0.12 0.14
  102 K     0   0   0   0   2   0   0  -1   1   0  -1   0   1   0   0   0   0  -2   1   0    5   5   5   5   5   5   5   5   5   5   5   5   5   5   5   5   5   0   5   5  0.03 0.05
  103 R     0   0   0   0   2   0   0  -1   1   0  -1   0   1   0   0   0   0  -2   1   0    5   5   5   5   5   5   5   5   5   5   5   5   5   5   5   5   5   0   5   5  0.03 0.05
  104 E     0   0   1   0   1   0   1  -1   1   0  -2   0   0   0   1  -1   0   2   0  -1    7   6   7   6   3   5  10   4   4   5   4   5   3   3   7   5   6   3   3   4  0.07 0.08
  105 I    -2  -2  -1  -1  -4  -2  -2  -2  -4   4   0  -4   1   0  -1  -2  -1   2   1   3    4   3   3   4   0   2   2   4   0  28   7   0   3   4   4   3   3   3   5  18  0.41 0.31
  106 D     1   0   0   1   0   0   1  -1   3  -1  -2   0  -1  -2   2   0   0  -4   0  -1   11   5   4  10   2   3   8   5   8   3   3   5   2   2  11   7   5   0   3   5  0.14 0.15
  107 F    -2  -2  -3  -2  -1  -5  -3  -2   3  -1  -1  -2  -1   7  -1  -3  -3   0   2  -1    3   2   2   2   1   0   2   3   6   3   5   3   1  45   4   2   2   1   6   4  1.01 0.58
  108 V    -1  -1   1   3   1  -1   0  -2   1   0  -2  -2  -1  -2   2   0   0  -4  -1   0    4   3   8  20   3   2   5   3   4   6   4   2   1   2  10   8   7   0   2   6  0.21 0.22
  109 E    -1   0   0   0   2   0   0  -1   2   0  -1   0   2   1   0  -1   0   4   1  -1    5   5   5   5   5   5   5   5   5   5   5   5   5   5   5   5   5   5   5   5  0.09 0.08
  110 G     0   0   0   1   0   0   1   1   1  -1  -1   0   0  -1   0   0   0  -3   0  -1    8   3   5   9   3   5   9  12   3   3   4   7   3   3   3   6   8   0   3   4  0.06 0.08
  111 E    -1   1   1   1   1   1   1  -1   1  -1  -1   1   0  -1  -3  -1   1   2   0  -1    4   9   7   7   3   6  10   4   3   3   4  10   3   3   0   4   8   3   3   5  0.09 0.13
  112 H     0   0   0   0   2   0   0  -1   1   0  -1   0   1   0   0   0   0  -2   1   0    5   5   5   5   5   5   5   5   5   5   5   5   5   5   5   5   5   0   5   5  0.03 0.05
  113 L     0   0  -1   0  -2   1   0   0   2   0   0   0   1   1   1   0   0  -2   1   0    6   6   0   6   0   6   6   6   6   6   6   6   6   6   6   6   6   0   6   6  0.04 0.08
  114 I     0   0   0   0   2   0   0  -1   1   0  -1   0   1   0   0   0   0  -2   1   0    5   5   5   5   5   5   5   5   5   5   5   5   5   5   5   5   5   0   5   5  0.03 0.05
  115 L    -2   0   0   0   2   0   0  -1  -2   0  -1   0   1   1   0   0   0   3   1   0    0   6   5   6   5   5   6   6   0   6   6   6   5   5   6   6   6   5   5   6  0.07 0.12
  116 H    -1   0   0   0  -3   0   0  -1   2   0  -1   0   1   0   0   0   0   3   1   0    5   5   5   5   0   5   5   5   5   5   5   5   5   5   5   5   5   5   5   5  0.06 0.08
  117 K    -1   0   0   0   2   0   0  -1   2   0  -1   0   2   1   0  -1   0   4   1  -1    5   5   5   5   5   5   5   5   5   5   5   5   5   5   5   5   5   5   5   5  0.09 0.08
  118 K    -1   0   0   0   2   0   0  -1   2   0  -1   0   2   1   0  -1   0   4   1  -1    5   5   5   5   5   5   5   5   5   5   5   5   5   5   5   5   5   5   5   5  0.09 0.08
  119 K     0   0   0   0   2   0   0  -1   1   0  -1   0   1   0   0   0   0  -2   1   0    5   5   5   5   5   5   5   5   5   5   5   5   5   5   5   5   5   0   5   5  0.03 0.05
  120 T     0   0   0   0   0   0   0  -1   0   0   0   0   0   0   1   0   0   2   0   0    6   6   4   6   3   3   5   5   3   4   9   4   3   5   7   6   5   3   3   8  0.02 0.02
  121 L    -1   0   0   0   2   0   0  -1   2   0  -1   0   2   1   0  -1   0   4   1  -1    5   5   5   5   5   5   5   5   5   5   5   5   5   5   5   5   5   5   5   5  0.09 0.08
  122 P     0   0   0   0   2   0   0   0   1   0  -1   0  -1   0   1   0   0  -2   1   0    6   6   5   6   5   5   6   6   5   6   6   6   0   5   6   6   6   0   5   6  0.03 0.06
  123 Y     0   0  -1  -1   2   0  -1   0   1  -1  -1   0   0   1   2  -1   0   2   1   0    8   5   3   4   4   4   4   6   3   4   6   6   3   5   9   3   6   3   5   7  0.06 0.06
  124 H    -3  -2  -1  -2   1  -1  -1  -2   9  -6  -3  -1   0   0  -2  -1  -2  -6   1  -2    2   3   3   3   3   2   5   3  47   0   3   3   3   4   2   5   2   0   5   3  1.31 0.76
  125 P     0   0   1   0  -3   1   0   0   2   0  -1   0  -1  -2   1   0   0   3  -2   0    6   6   6   6   0   6   6   6   6   6   6   6   0   0   6   6   6   6   0   6  0.09 0.10
  126 N     0   0   0   0   2   0   0   0  -1   0  -1   0  -1   0   1   0   0  -2   1   0    6   6   6   6   6   6   6   6   0   6   6   6   0   6   6   6   6   0   6   6  0.03 0.06
  127 G     0  -1   0   1   1   0  -1   2   0   0  -1   0   0  -2   0   0   0  -3   0  -1   10   3   4  10   4   4   0  16   3   6   6   5   3   0   5   4   7   0   5   3  0.07 0.12
  128 M     0   0   0   0   2   0   0   0   2   0  -1  -1   1   0   0   0   0  -2   1   0    6   6   5   6   5   5   6   6   5   6   6   0   5   5   6   6   6   0   5   6  0.03 0.09
  129 I     0   1   0  -1   0   0  -1   0   1   0   0   0   1   0  -3   0   0  -3   0   0    6  11   3   4   3   4   3   7   4   7   6   7   6   5   0   5   8   0   3   7  0.04 0.09
  130 F    -1  -1  -1  -1   1  -3  -3  -1   1   2   1  -1   1   4  -1  -2  -1   2   2   0    4   3   3   3   3   0   0   4   4  12  12   3   3  21   4   3   3   3   6   5  0.22 0.22
  131 E     0   1   0  -1   0   1   2  -1   1   1  -2   0   0  -1  -1   0   1   0   0  -1    6   6   5   2   2   6  18   4   4   8   4   6   2   2   2   6  10   1   3   2  0.12 0.16
  132 A     4  -1  -2  -2   1  -1  -2   0  -4   0   0  -2   1  -1  -2  -1  -1  -4  -4   1   35   4   2   2   3   2   2   7   0   5   9   2   4   3   2   3   4   0   0   9  0.31 0.30
  133 F    -2  -1  -2  -1   0  -2  -2  -3   1   1   1  -2   1   4  -2  -1   0   1   3  -1    3   4   1   4   2   1   2   2   3  10  16   3   3  15   2   5   5   2  12   3  0.26 0.23
  134 D    -1   0   0   3   1  -1  -1   0   1   1  -2   0   0   1  -1   0   0   2   0  -1    4   5   5  15   3   3   4   7   3   7   5   5   3   5   3   7   6   2   4   4  0.11 0.10
  135 A     1   0   1   1   2   0   1   1   1  -1  -2   0   0  -1   0   0  -1  -5   0  -1   13   4   7   9   4   5   7   9   3   3   4   5   3   3   4   6   4   0   3   4  0.09 0.09
  136 A     0   0   0   0   2   0   0  -1   1   0  -1   0  -2   0   0   0   0   3   1  -1    5   5   5   5   5   5   5   5   5   5   5   5   0   5   5   5   5   5   5   5  0.06 0.08
  137 G    -1   0   0   0  -4   0   0   3   0  -1  -2   0   0  -1  -1   0  -1   2   1  -2    4   5   5   6   0   4   6  25   3   4   3   5   3   3   3   5   3   3   6   3  0.18 0.19
  138 E    -1   0   1   0  -3   0   2   0   1  -1  -1   1   0   0   1   0   0  -3   0  -1    5   6   6   5   0   4  15   6   4   3   4   7   3   5   7   7   6   0   3   4  0.09 0.12
  139 S    -1   0  -1  -1   0   0   0  -1   0   1   1   0   1  -1   1   0   0  -1   0   1    3   4   2   3   2   5   7   5   2   9  12   5   3   2   6   5   7   1   3  14  0.04 0.07
  140 L    -1  -1  -1  -1   0   0  -1  -1   0   2   2   0   1  -1  -1  -1   0  -3   0   1    5   3   2   3   2   4   5   5   3  13  20   5   4   2   4   4   4   0   3  11  0.08 0.10
  141 S     0   0   0   1   1   0  -1  -1   2  -1   0  -1   0   1   0   1   0  -4   1  -1    9   4   4   7   3   5   4   5   4   4   9   4   3   5   4  10   5   0   5   5  0.04 0.06
  142 K    -1   0   0   0   2   0   0  -1   2   0  -1   0   2   1   0  -1   0   4   1  -1    5   5   5   5   5   5   5   5   5   5   5   5   5   5   5   5   5   5   5   5  0.09 0.08
  143 R    -1   2   1  -1   0   1   1  -1   0  -1  -1   1   1   0  -1  -1   0   3   0   0    4  11   9   2   2   6   9   4   2   4   7   7   4   5   3   4   5   4   3   6  0.08 0.11
  144 A     0   0   0   0   0   0   1   0   0   1  -1  -1   0  -1  -4   0   2   1  -1   0    6   4   3   5   2   3  11   6   3   8   6   3   2   2   0   5  17   2   2   8  0.11 0.16
  145 Y    -1  -2  -2  -2   2  -5  -1  -1  -4  -1  -1  -5   0   2  -1  -1  -2   4   6   0    6   3   2   2   4   0   4   6   0   4   5   0   3   7   4   4   3   4  31   6  0.67 0.47
  146 Y     0   0   0   0   2   1   0  -2   2   0   0   0   1   1  -2   0   0  -2   1   0    6   6   6   6   6   6   6   0   6   6   6   6   6   6   0   6   6   0   6   6  0.06 0.10
  147 S     0  -1   0  -1   1  -2  -1  -3   1   0   0   0   1   0  -1   3   0  -3   1  -1    6   3   4   3   3   0   4   0   3   5   8   4   4   5   3  31   5   0   4   4  0.19 0.27
  148 V    -1  -1   0  -1   3  -1  -1   0   1   2   0  -1   0  -1   0   1   0   1   0   1    4   2   5   2   7   3   4   6   4  15   8   3   2   2   4  11   4   2   3  10  0.06 0.11
  149 G     0   0  -2   0  -3   0   0   3  -3  -1  -1   0   1   0   0   1   0  -3  -3  -1    8   6   0   6   0   4   4  25   0   4   4   5   4   4   4  11   4   0   0   5  0.17 0.18
  150 G     0  -2   1   0  -3   1   1   1   0  -1  -1   0   0  -2   1   1   0   2   0  -1    6   0   6   3   0   7  10  12   3   4   7   4   3   0   8  11   7   3   3   4  0.10 0.13
  151 G     0   0   0   0   2  -1   0   0   1   0  -1   0  -1   0   1   0   0  -2   1   0    6   6   6   6   6   0   6   6   6   6   6   6   0   6   6   6   6   0   6   6  0.03 0.07
  152 F    -1   0   0  -1  -3   0   0  -1  -2   1   0   0   1   3  -1  -1   0   1   0   0    5   6   5   4   0   4   5   5   0  12   8   4   5  15   3   4   7   2   2   4  0.06 0.11
  153 V     0   0   0   0  -2   1   0   0  -2   0   0   0   1   0   1   0   0  -3  -2   0    6   6   6   6   0   6   6   6   0   6   6   6   6   6   6   6   6   0   0   6  0.04 0.06
  154 V     0   0   0  -1   1   1   1  -1   1   1   0  -1   1   0  -2   0   0  -2   1   1    5   5   4   3   4   6   9   5   4  10   8   3   4   3   0   6   6   0   5  11  0.03 0.07
  155 D    -1   0   1   1   0   0   0  -1   0   0  -1   0   0   0   0   0   0   3   1   0    4   6   7   8   2   3   7   4   2   8   4   6   2   4   3   5   7   4   5   7  0.04 0.06
  156 E     0   0   1   0  -2   1   0   0   2   0  -1   0   1  -2   1   0   0  -2   1   0    6   6   6   6   0   6   6   6   6   6   6   6   6   0   6   6   6   0   6   6  0.05 0.08
  157 A     0   0   0   1   1   0   2   0   0   0  -2   0   0  -1  -1   0   0   2   0  -1    7   6   5   8   3   5  12   8   3   5   4   6   3   3   3   5   6   3   3   4  0.07 0.08
  158 A     0   0   0   0   2   0   0  -1   1   0  -1   0   1   0   0   0   0  -2   1   0    5   5   5   5   5   5   5   5   5   5   5   5   5   5   5   5   5   0   5   5  0.03 0.05
  159 I    -1   0   0   0  -3   0   0  -1   2   0  -1   0   1   0   0   0   0   3   1   0    5   5   5   5   0   5   5   5   5   5   5   5   5   5   5   5   5   5   5   5  0.06 0.08
  160 D     0   0   1   1  -3   0   0   0   1   0   0   0   0   0   1   0   0  -3  -2  -1    9   6   8   7   0   4   7   8   4   5   7   5   3   5   7   5   4   0   0   5  0.06 0.07
  161 A     0   0   0   0   2   0   0  -1   1   0  -1   0   1   0   0   0   0  -2   1   0    5   5   5   5   5   5   5   5   5   5   5   5   5   5   5   5   5   0   5   5  0.03 0.05
  162 G     0   0   0   1   1   1   1   1   1  -1  -1   0   0  -3   1   0   0  -3   0   0    7   4   5   7   3   6   9  11   3   3   4   6   4   0   7   6   4   0   3   6  0.08 0.10
  163 F    -1   0   0   0   2   0   0  -1   2   0  -1   0   2   1   0  -1   0   4   1  -1    5   5   5   5   5   5   5   5   5   5   5   5   5   5   5   5   5   5   5   5  0.09 0.08
  164 V     0   0   0   0   2   0   0  -1   1   0  -1   0   1   0   0   0   0  -2   1   0    5   5   5   5   5   5   5   5   5   5   5   5   5   5   5   5   5   0   5   5  0.03 0.05
  165 P     0   0   0   0   2   0   0  -1   1   0  -1   0   1   0   0   0   0  -2   1   0    5   5   5   5   5   5   5   5   5   5   5   5   5   5   5   5   5   0   5   5  0.03 0.05
  166 P     0   0   0   0  -3   1   1   0   0   0  -1   0   0   0   1   0   0  -3   0   0    8   4   6   5   0   6  10   6   3   5   6   4   3   4   8   6   7   0   4   6  0.06 0.08
  167 G     0   0   0   1   0   0   0   0   1  -1  -1   0   0   0   0   0   0  -2   0  -1    9   4   5   9   3   5   7   8   4   4   4   6   3   4   5   6   5   0   4   4  0.04 0.04
  168 V     0   0   0   0   2   0   0  -1   1   0  -1   0   1   0   0   0   0  -2   1   0    5   5   5   5   5   5   5   5   5   5   5   5   5   5   5   5   5   0   5   5  0.03 0.05
  169 T    -1   0   0   0   2   0   0  -1   2   0  -1   0   2   1   0  -1   0   4   1  -1    5   5   5   5   5   5   5   5   5   5   5   5   5   5   5   5   5   5   5   5  0.09 0.08
  170 E     0   0   0   0   2   0   0  -1   1   0  -1   0   1   0   0   0   0  -2   1   0    5   5   5   5   5   5   5   5   5   5   5   5   5   5   5   5   5   0   5   5  0.03 0.05
  171 L    -1   0   0   0  -3   0   0  -1   2   0  -1   0   1   0   0   0   0   3   1   0    5   5   5   5   0   5   5   5   5   5   5   5   5   5   5   5   5   5   5   5  0.06 0.08
  172 K     0   0   0   0  -3   1   0   0   1   0  -1   0   1   0   0   0   0   3  -1   0    6   6   5   6   0   5   6   6   5   6   6   6   5   5   6   6   6   5   0   6  0.06 0.09
  173 H    -1   0   0   0  -3   0   0  -1   2   0  -1   0   1   0   0   0   0   3   1   0    5   5   5   5   0   5   5   5   5   5   5   5   5   5   5   5   5   5   5   5  0.06 0.08
  174 P     0   0   0   0   2   0   0  -1   1   0  -1   0   1   0   0   0   0  -2   1   0    5   5   5   5   5   5   5   5   5   5   5   5   5   5   5   5   5   0   5   5  0.03 0.05
  175 F    -7  -1  -7  -1   1  -1  -2  -7   3   0  -1  -1   1   6  -1  -2  -2  -6   3  -1    0   3   0   3   3   3   4   0   7   5   6   4   4  32   4   4   3   0   8   5  0.85 0.43
  176 K    -1   0   0   0   2   0   0  -1   2   0  -1   0   2   1   0  -1   0   4   1  -1    5   5   5   5   5   5   5   5   5   5   5   5   5   5   5   5   5   5   5   5  0.09 0.08
  177 S    -1   0   0   0   2   0   0  -1   2  -2  -1   0   1   0   0   0   0   3   1  -1    5   5   5   5   5   5   5   5   5   0   5   5   5   5   5   5   5   5   5   5  0.08 0.12
  178 A     0   0  -2   0   2   0  -1   0   2   0   0   0   1   1   1   0   0  -2   1   0    6   6   0   6   6   6   0   6   6   6   6   6   6   6   6   6   6   0   6   6  0.04 0.10
  179 A    -1   0   0   0  -3   0   0  -1   2   0  -1   0   1   0   0   0   0   3   1   0    5   5   5   5   0   5   5   5   5   5   5   5   5   5   5   5   5   5   5   5  0.06 0.08
  180 E     0   1   1   1  -3   1   0   0   2  -2  -1   0   1  -2   1   0   0  -3  -2   0    7   7   7   7   0   7   7   7   6   0   7   7   6   0   7   7   7   0   0   7  0.09 0.10
  181 L     0  -2  -2  -3   3  -2  -2  -3   2   1   0   0   2   1  -3   0   0   4   2   0    8   0   0   0   7   0   0   1   7   8   8   8   7   7   0   8   8   7   7   8  0.17 0.16
  182 L    -1  -1   0  -4   1   0  -1  -2   1   1   3  -1   2   0  -4  -1  -1  -4   0   0    5   4   5   0   3   5   4   3   4   9  28   4   6   3   0   4   3   0   3   6  0.21 0.21
  183 A     1   0   0   1  -4   1   1  -1   1  -1  -2   1   1  -1   0   0   0   2   0  -1   13   6   4   7   0   6  10   4   3   4   3  10   4   3   3   8   4   3   3   3  0.09 0.13
  184 L    -1   0   0   0   2   0   0  -3   2   0  -1   0   1   1   0   0   0   3   1   0    5   5   5   5   5   5   5   0   5   5   5   5   5   5   5   5   5   5   5   5  0.08 0.12
  185 C     2  -4  -1  -1   7  -1  -2  -1  -5  -1  -1  -1   2  -1  -1  -1   0   2  -4  -1   16   0   4   4  25   3   3   5   0   3   5   4   5   3   3   4   6   3   0   4  0.54 0.39
  186 Q     0   0   0   0   2   0   0  -1   1   0  -1   0   1   0   0   0   0  -2   1   0    5   5   5   5   5   5   5   5   5   5   5   5   5   5   5   5   5   0   5   5  0.03 0.05
  187 R     0   0   0   0   2   0   0   0   1   0  -1   0  -1   0   1   0   0  -2   1   0    6   6   5   6   5   5   6   6   5   6   6   6   0   5   6   6   6   0   5   6  0.03 0.06
  188 H     0   1   2   0  -4   1   1  -1   3  -1  -2   1  -2   0   0   0   1  -3   2  -3    7   8  11   4   0   5  10   4   9   3   4   7   0   3   4   7   8   0   7   0  0.16 0.19
  189 G     0   0   0   0   2   1   0   0   1   0  -1   0   1  -2   1   0   0  -3  -2   0    6   6   6   6   6   6   6   6   6   6   6   6   6   0   6   6   6   0   0   6  0.06 0.09
  190 K    -2  -1  -4  -1   2  -1  -2  -3   0   1   3   2   3  -1  -2  -1  -1   1   0  -1    3   3   0   4   5   2   2   2   2   9  26  13   7   3   2   4   4   2   3   3  0.26 0.23
  191 S    -1   1  -1  -1   0  -1  -1  -3   0  -2  -3  -1  -1  -1   1   4   2   2  -1  -3    5   6   3   4   2   3   4   2   2   2   3   4   2   2   7  33  10   2   2   2  0.38 0.36
  192 I    -1  -1  -5  -1   1  -5   0  -6  -5   4   3  -5   1   0  -1  -1  -2  -5   0   1    4   4   0   3   3   0   6   0   0  27  23   0   3   4   3   5   2   0   4   8  0.49 0.34
  193 S     1  -1  -2  -2  -5  -2   0   1   1  -2  -2  -2  -1  -1  -1   2  -2   7   0   0   14   4   2   3   0   1   6   9   3   2   4   2   2   2   3  16   2  15   3   6  0.40 0.33
  194 Q     0  -1  -1   3   0   2   4  -1   1  -3  -4   0   2  -2  -5  -2  -2  -5  -1  -2    9   3   3  14   2   9  29   4   4   2   2   4   5   2   0   2   3   0   2   2  0.50 0.39
  195 I    -1  -5  -3  -5   1  -2  -3  -3  -4   3   3  -2   3   0  -2  -3  -2   1   3   2    4   0   2   0   3   2   2   2   0  18  25   2   6   4   2   2   3   2  10  12  0.46 0.32
  196 M     1   1   0   0  -2   0   0  -3  -1   0  -1  -1   4  -2  -3  -2  -1  -5  -1   3   13   7   4   5   1   5   7   1   1   5   4   3  11   2   1   2   4   0   2  22  0.22 0.24
  197 L    -2   2   0  -1  -1  -1   0  -2  -1  -1   1   0   3   1  -1  -3  -2   3   5  -2    3  10   4   3   2   2   5   4   1   3  14   6   7   4   4   1   2   4  19   2  0.30 0.27
  198 E     0   0  -3   1  -6   1   6  -3   0  -3  -3   0  -2  -6  -2  -3  -2  -6   0  -3    9   4   1   6   0   6  47   2   2   2   3   5   1   0   2   1   2   0   4   2  0.85 0.58
  199 N    -1   0   0   0   2   0   0  -1   2   0  -1   0   2   1   0  -1   0   4   1  -1    5   5   5   5   5   5   5   5   5   5   5   5   5   5   5   5   5   5   5   5  0.09 0.08
  200 E     0   0  -1   0   0   1   5  -1   1  -2  -3   0  -4  -2  -2  -1  -1  -5  -1  -2    9   4   3   4   3   6  37   4   3   3   3   4   0   2   2   4   3   0   2   3  0.45 0.40
  201 L     0   0   0   0   2   0   0   0   1   0  -1   0   1   0  -2   0   0  -2   1   0    6   6   5   6   5   5   6   6   5   6   6   6   5   5   0   6   6   0   5   6  0.03 0.07
  202 S     1  -1   0  -1   1   0   0  -1   1  -1  -1   0   1  -1  -1   1   1  -3   0   0   16   4   3   3   3   4   4   4   4   3   5   5   4   3   3  13   8   0   4   7  0.07 0.11
  203 W    -2   1   1  -1   0  -1   0   2   0  -2   0   0   0   1  -2  -1  -2   4   0  -2    3   9   6   4   2   2   7  19   3   3  10   5   2   6   2   3   2   7   3   3  0.18 0.18
  204 R    -2   4   0  -2   0   0  -1  -1   2   0   0   0   2   0  -4  -1  -1   2   1  -2    2  25   4   2   2   5   4   5   6   5   8   6   5   3   0   3   3   3   4   3  0.31 0.27
  205 S    -1  -1   0   1  -1  -1   0  -1  -1  -3  -3  -1  -1  -2   2   3   3  -5  -2  -2    4   4   5   7   2   2   5   5   2   2   3   3   2   2   9  26  16   0   2   2  0.31 0.33
  206 E     0   3  -3   2  -1   0   3  -2   0  -2  -2   1  -2  -2   1  -1  -1  -5  -2  -2    8  15   0  10   1   3  24   3   2   2   3   8   1   2   7   3   4   0   1   3  0.34 0.32
  207 E     1  -2   0   2  -5   1   4  -2  -1  -3  -3   0  -2  -3   1   0  -1  -5  -3  -2   12   2   4  12   0   6  30   3   2   1   2   5   1   1   6   5   3   0   1   2  0.45 0.39
  208 E     0  -1   0   2  -6   2   5  -3  -4  -4  -3   0  -2  -3  -1  -1   0  -2  -3  -3    7   3   3  13   0   8  39   2   0   1   3   4   1   2   3   4   5   1   1   2  0.63 0.50
  209 V    -1  -1  -3  -1  -3   0  -1  -1   1   3   1  -1   1   0  -3  -1   0  -4  -2   2    5   3   0   4   0   3   4   4   4  25  13   3   3   4   0   4   6   0   0  14  0.20 0.20
  210 R     0   2   0   0  -3   0   0  -1   1   0   0   1   1   2  -3  -1  -1   2   0  -1    6  13   4   6   0   3   4   3   3   8  10   7   5  10   0   3   3   3   3   4  0.08 0.11
  211 A     1   0   1   1   0   1   1  -1   1  -2  -2   1  -2  -2  -1   0   1  -4  -1  -2   17   5   9   9   2   5  10   3   4   2   3   9   0   2   3   6   8   0   2   2  0.15 0.17
  212 G    -1   1  -1  -1  -4   0   1   1   2  -2  -2   2   0   1  -2  -1  -1   0   4  -2    4   7   2   2   0   5  10  11   6   2   3  15   3   5   2   3   2   1  14   2  0.24 0.25
  213 L     0  -2  -2  -4   1  -3  -2  -2  -4   1   3  -2   5   0  -1  -2  -1  -4  -3   0   10   2   2   0   3   0   2   3   0   8  30   2  19   4   3   3   3   0   0   4  0.44 0.35
  214 L     0   0   0   2  -3   0   1  -1   0  -1   1   0   1  -1  -1   0   0   1  -1  -1    9   6   3  13   0   4   8   3   2   2  17   7   4   2   2   6   5   2   2   2  0.08 0.12
  215 N     0   0   0   0  -2   1   0   0   2   0   0   0   1   0  -2   0   0  -2   1   0    6   6   6   6   0   6   6   6   6   6   6   6   6   6   0   6   6   0   6   6  0.04 0.07
  216 I    -1   0   0  -1   1   0  -1  -2   1   3   0  -1   1  -1  -1  -1  -1  -3   0   1    4   6   4   3   3   4   4   3   4  23   9   3   3   3   3   3   4   0   4  11  0.13 0.16
  217 W    -2  -2  -2   0   0  -2  -2  -3   0   0   2  -3   0   1  -2  -3  -3   8   3  -1    3   3   2   6   2   2   3   2   2   5  18   2   2   6   2   3   2  23   9   4  0.77 0.49
  218 N     0   2   1   3  -1   2   2  -3   1  -3  -3   1   0  -2  -3   0  -1   2  -1  -2    8  10   5  13   1   9  11   2   3   2   3   7   3   2   1   6   5   3   2   4  0.26 0.22
  219 V     1   0  -1  -1  -3   0  -1  -4   1   2  -1  -1   0  -1  -1  -1   1  -4  -1   3   15   5   2   4   0   4   4   0   4  13   3   2   2   2   3   4   7   0   2  24  0.21 0.24
  220 M    -2  -5  -1  -2   1  -1  -1  -2  -5   0  -1  -1   8   0  -1  -2  -2   2   0  -2    3   0   3   3   3   3   4   3   0   5   4   4  42   4   3   3   3   3   3   3  0.98 0.64
  221 Q     0   1  -1   0   2   0   1  -1   1  -1   0   1   0   0   0   0   0  -3   2   0    7   9   3   4   5   4   9   3   3   3   9   8   3   5   4   5   4   0   8   5  0.05 0.09
  222 A     0   0   0   0  -3   1   0   0   2   0  -1   0   1   1  -3   0   0   3   1   0    6   6   5   6   0   5   6   6   5   6   6   6   5   5   0   6   6   5   5   6  0.06 0.10
  223 C     0  -1   1  -1   2   1   0   0  -2   0   0   0  -1  -2   1   0   1  -3  -2   0    8   0   7   0   7   7   8   8   0   8   8   8   0   0   8   8   8   0   0   8  0.09 0.10
  224 V     0  -1  -3  -3   1   0   0  -2   1   2   0  -1   2   0  -3  -1   0   2   1   2    6   4   0   0   4   5   7   3   5  17   6   4   6   3   0   3   5   3   4  15  0.12 0.15
  225 K     0   1   0   1   0   1   1  -2   1  -1  -1   1   0  -1  -1  -1   0  -3   1  -1   10   6   4   9   2   6  12   2   4   4   5  10   3   2   3   3   5   0   6   4  0.08 0.10
  226 R     0   3   1   1  -4   1   0  -1   1   0  -1   1  -1  -2  -1   0  -1   0  -1  -2    6  17   8   7   0   5   6   3   4   7   5   7   2   2   3   9   4   1   2   2  0.14 0.15
  227 G     0  -4  -1  -1  -5   1  -1   6  -4  -2  -3  -2  -5  -5   0  -1  -2  -5  -1  -3    7   0   2   3   0   6   4  56   0   2   3   2   0   0   4   4   3   0   2   2  0.95 0.53
  228 C    -2  -1   0  -1   3  -1  -1  -4  -3   2   3  -2   2   0  -2  -1   0  -3   0   1    2   3   4   3   6   2   4   0   0  13  29   3   5   3   2   5   4   0   3   8  0.23 0.21
  229 E     0   1   1   1  -1   1   2  -1   3  -3  -2   1  -1  -4   0   1   0  -4  -1  -2    9   6   6   8   1   5  14   4   7   0   4   8   1   0   3  10   7   0   2   2  0.18 0.19
  230 R     1   1   1   0  -2   0   1   0   1  -2  -3   1  -1  -2  -1   0   2  -4  -2  -2   12  10   8   6   1   4   8   6   3   2   1   9   1   2   3   5  16   0   1   2  0.17 0.19
  231 E    -1  -1   0   2  -5   1   4  -2  -1  -3  -2   0  -2  -5   2  -1   1   0  -4  -3    5   3   4  11   0   5  31   3   2   1   3   5   1   0   9   4  10   2   0   2  0.43 0.36
  232 G    -1   0   0   0  -4   0   1   3   0  -1  -2   0  -2  -1  -1   0   0  -4   0  -1    4   5   4   4   0   3  10  28   2   4   5   6   1   3   3   5   5   0   4   4  0.20 0.19
  233 I    -1   0   0   0   0   0   0  -1   0   1  -1   0   0   0   1  -1   1  -3   1   0    3   6   6   6   2   3   5   3   3  10   4   7   3   4   8   4   8   0   6   8  0.05 0.08
  234 L    -1  -1   0   1  -3   0   0  -1   1   0   1   0   1   0  -3   1   0   2  -2  -1    4   4   3   7   0   4   6   4   5   5  18   5   4   5   0  13   7   3   0   4  0.09 0.15
  235 P    -1   0   0   1   1   0   0  -1   0  -1  -1  -1   1   0   3   0   0  -3   0  -1    5   4   4  10   4   5   6   4   3   4   6   3   4   4  14   8   5   0   3   5  0.12 0.13
  236 G    -1   1  -1  -1  -4  -1  -3   4   1  -1  -2  -3   0   1  -1   1  -1  -4   0  -1    3   8   3   4   0   3   0  35   3   3   3   0   2   6   3  11   4   0   4   4  0.37 0.32
  237 G    -2  -1   0  -2  -1  -2  -2   3  -1   1  -1   1   3   0   0   0  -1   0  -1  -2    3   4   4   2   2   2   3  27   2   7   5   7   7   4   5   6   4   1   2   2  0.23 0.21
  238 M    -2   0   0  -2   1  -1  -1  -2   0   1   3   0   2   0  -1  -1   0  -4  -1   0    3   5   4   2   3   3   4   3   3   7  31   6   5   4   3   4   6   0   1   4  0.17 0.18
  239 K     0   0   0  -1   1   0  -1   0   1  -1  -2   1   1   0  -1   0   0   2   2   0    8   4   5   4   3   5   4   8   3   4   4   8   3   4   4   8   5   3   9   6  0.07 0.08
  240 V    -1   0   0  -1   1   0  -1   0  -4   0   0  -1   1   0   0  -1   0   2   1   2    4   6   4   3   3   4   4   7   0   4  10   3   3   4   5   5   6   3   4  17  0.10 0.09
  241 K    -2   2  -1   2   0   1  -1   1   1  -2  -2   1   1  -2   1   0  -1   1   0  -2    4   9   3  11   2   6   3  11   3   3   4   9   3   2   8   6   5   2   3   3  0.15 0.15
  242 R     0   0   0   0  -3   1   0   0   2   0  -1   0   1  -2   0   0   0   3   1   0    6   6   5   6   0   5   6   6   5   6   6   6   5   0   6   6   6   5   5   6  0.07 0.10
  243 R     1   1   0   0   0   0   0  -1   0   0  -1   0   0  -1   1   0   0  -3   0  -1   13   9   4   4   3   5   8   4   3   5   6   7   3   3   7   5   4   0   3   4  0.05 0.07
  244 A    -1   0   0   0   2   0   0  -1   2   0  -1   0   2   1   0  -1   0   4   1  -1    5   5   5   5   5   5   5   5   5   5   5   5   5   5   5   5   5   5   5   5  0.09 0.08
  245 A     0  -1  -1  -1   0   0   0   1   0   0   0   0   1  -1   0   0  -1   2   1   0    9   4   3   3   3   4   5  12   3   6   8   7   5   3   4   5   3   3   5   6  0.04 0.05
  246 D     0   0   0   0   2   0   0  -1   1   0  -1   0   1   0   0   0   0  -2   1   0    5   5   5   5   5   5   5   5   5   5   5   5   5   5   5   5   5   0   5   5  0.03 0.05
  247 M    -1   0   0   0   1   1   0  -2   1   0   2  -1   2   0  -1  -1   0   3   0   0    4   5   4   5   3   7   5   4   4   6  17   3   6   3   3   4   5   4   4   5  0.10 0.09
  248 H     1   0   0  -2   0   0  -1  -1   4  -2  -2  -2   1   1  -3   1  -3   2   4  -1   11   4   5   3   2   4   4   5   9   3   4   3   3   6   2  10   2   2  14   4  0.32 0.24
  249 R    -1   0   0   0   2   0   0  -1   2   0  -1   0   2   1   0  -1   0   4   1  -1    5   5   5   5   5   5   5   5   5   5   5   5   5   5   5   5   5   5   5   5  0.09 0.08
  250 K     0   0   0   0   2   0   0  -1   1   0  -1   0   1   0   0   0   0  -2   1   0    5   5   5   5   5   5   5   5   5   5   5   5   5   5   5   5   5   0   5   5  0.03 0.05
  251 L    -1   0   0   0  -3   0   0  -1   2   0  -1   0   1   0   0   0   0   3   1   0    5   5   5   5   0   5   5   5   5   5   5   5   5   5   5   5   5   5   5   5  0.06 0.08
  252 L    -1   1   0  -1   0   1   0  -2   1   0   2   0   2  -1   0  -1   0   1   0  -1    4   8   4   2   2   6   5   3   4   4  20   7   6   3   4   3   5   2   3   4  0.07 0.11
  253 A     1   0   0   0  -3   1   1  -1   0   0  -1   1   0  -1  -1   0   0   1   0  -1   11   6   5   5   0   6  10   5   2   6   5   9   2   3   3   6   5   2   3   5  0.05 0.07
  254 S     0   1   1   0   1   0   1   0   2  -1  -1   0   1   0  -1   0  -1  -4   2  -1    8   6   6   5   3   5   8   6   4   4   6   6   3   3   4   7   4   0   8   4  0.07 0.07
  255 P    -1   0   0   0   2   0   0  -1   2   0  -1   0   2   1   0  -1   0   4   1  -1    5   5   5   5   5   5   5   5   5   5   5   5   5   5   5   5   5   5   5   5  0.09 0.08
  256 E    -1   1   0   1   1   1   2  -2   1  -1  -2   1   0  -1   0   0  -1   2   1  -2    6   7   4   9   3   6  11   4   3   4   4   9   3   3   5   7   3   3   4   4  0.11 0.12
  257 A    -1   0   0   0  -3   0   0  -1   2   0  -1   0   1   0   0   0   0   3   1   0    5   5   5   5   0   5   5   5   5   5   5   5   5   5   5   5   5   5   5   5  0.06 0.08
  258 A    -1   0   0   0  -3   0   0  -1   2   0  -1   0   1   0   0   0   0   3   1   0    5   5   5   5   0   5   5   5   5   5   5   5   5   5   5   5   5   5   5   5  0.06 0.08
  259 M     0   1   0   0  -1   0   0   0   0   0  -1   2   1  -1   0   0   0   0  -1  -1    8   9   5   5   1   5   6   6   3   5   6  11   4   3   5   7   5   2   2   3  0.06 0.06
  260 R     0   2   0  -1   0   0  -1  -1   0  -1   0   1   0   0   1   1   0  -3   0   0    6  12   5   3   2   4   3   3   3   3  10   7   3   4   6  11   6   0   3   5  0.06 0.09
  261 D     0  -1   0   1  -3   0   0  -1   0   0   1   0   0   0   0   0   0  -3   0   0   10   3   5  10   0   3   7   4   3   7  13   4   3   5   5   5   6   0   2   5  0.03 0.06
  262 P    -1   0   0   0   2   0   0  -1   2   0  -1   0   2   1   0  -1   0   4   1  -1    5   5   5   5   5   5   5   5   5   5   5   5   5   5   5   5   5   5   5   5  0.09 0.08
  263 L    -1   0   0   0   2   0   0  -1   2   0  -1   0   2   1   0  -1   0   4   1  -1    5   5   5   5   5   5   5   5   5   5   5   5   5   5   5   5   5   5   5   5  0.09 0.08
  264 T     0   0   1   1   0   1   0   1   1  -2  -2  -1   0   0   1   0   0  -5   0  -2    8   6   5   8   2   5   7  10   3   3   4   4   2   5   8   7   6   0   4   3  0.08 0.09
  265 V    -1   0   0   0   2   0   0  -1   2   0  -1   0   2   1   0  -1   0   4   1  -1    5   5   5   5   5   5   5   5   5   5   5   5   5   5   5   5   5   5   5   5  0.09 0.08
  266 M     0  -1   0  -1   1   0  -1  -2   1   0   1  -2   3   1  -1  -1   1   2   0   0    8   3   5   4   3   5   3   3   4   5  14   3   6   5   4   4   9   3   3   6  0.08 0.08
  267 D     0   0   1   0  -2   1   0   0   2   0  -1   0   1  -2   1   0   0  -2   1   0    6   6   6   6   0   6   6   6   6   6   6   6   6   0   6   6   6   0   6   6  0.05 0.08
  268 W    -1   1   0   0  -3   0  -1  -1   1   0   0   1   0   0  -3   0  -1   5   1  -1    5  10   5   5   0   4   4   3   3   6   9  11   3   4   0   5   4   9   6   4  0.13 0.14
  269 V     2   0  -3  -3   2   0  -1  -1  -3   1   0  -1   1  -3   0   0   0  -4  -3   2   21   4   0   0   4   4   4   5   0   9  11   4   4   0   5   5   4   0   0  14  0.16 0.18
  270 N     1  -1   2  -1   2  -1  -1  -1   0   1   0  -2   3  -1  -1   1   0  -3  -1   1   11   3  12   2   4   3   3   3   2  11   5   0  10   3   3  10   4   0   2   8  0.10 0.18
  271 L     2  -1  -1  -1   1   0  -1  -1   0   0   1   0   1  -2   0   0   0  -3   0   0   18   4   3   3   4   3   4   4   3   4  15   4   5   0   5   8   5   0   3   6  0.06 0.11
  272 Y     0   0   0   0   2   0   0  -1   2   0  -1   0   1   1  -3   0  -2   3   1   0    6   6   5   6   5   5   6   6   5   6   6   6   5   5   0   6   0   5   5   6  0.07 0.12
  273 A     3   0  -1  -1   1  -1   0   0  -2  -1  -1  -2  -2  -2  -1   1   0  -3   1   0   32   6   3   3   3   2   5   6   0   4   3   0   0   0   2  12   4   0   8   7  0.19 0.23
  274 L     1  -1  -2  -1   0   0   1  -3  -2   0   1  -2   2   1   1  -1   1  -3   1   0   11   2   0   4   2   4  10   0   0   5  18   0   8   6   6   4   9   0   5   7  0.10 0.15
  275 A     0   0   1   0  -2  -1   0   0   2   0  -1   0  -1   1  -2   0   0  -2   1   0    7   7   7   7   0   0   7   7   6   7   7   7   0   6   0   7   7   0   6   7  0.04 0.07
  276 V     1  -3  -3  -1   2   0  -1  -1  -3   2   0  -2   1   0   0   0   1  -3  -2   2   12   0   0   4   5   4   4   5   0  11   8   0   5   4   4   6  10   0   0  18  0.14 0.17
  277 N     1  -1   1  -1   1   0  -2   0   1   0  -1   0   4  -1   1   1   0  -3  -2   0   12   3   8   3   3   3   0   5   3   6   4   5  14   3   7  11   4   0   0   4  0.12 0.17
  278 E     0   0   0   0   2   1   0   0   2   0   0  -1   1   0   1  -1   0  -3  -1   0    6   6   6   6   6   6   6   6   6   6   6   0   6   6   6   0   6   0   0   6  0.04 0.11
  279 E     1  -1   0  -2   1   0   2  -1   1  -1  -1  -2   0   0  -1   0   0  -2   2   0   14   3   3   0   4   4  15   5   4   3   6   0   3   5   2   5   7   0   9   8  0.09 0.16
  280 N    -1  -2   5   1   1   0  -2  -1   0  -1  -3   0   1  -1  -1   1  -1  -4   0  -1    5   0  31   8   3   3   0   4   2   3   1   6   5   2   3  10   3   0   4   5  0.35 0.32
  281 A     0   0   0  -2   2   1   0   0  -2   0   0   0   1  -2   1   0   0  -2   1   0    6   6   6   0   6   6   6   6   0   6   6   6   6   0   6   6   6   0   6   6  0.05 0.10
  282 A     2   0   0   0   2  -2   0  -1   0  -1  -2   0  -1  -4   2   3  -1  -4  -2  -1   21   6   5   4   5   0   4   3   2   3   2   4   1   0   8  23   1   0   1   4  0.27 0.28
  283 G     0  -2  -2  -3  -1   1   0   3   0  -2  -2  -2   5   0   1   0  -1  -4  -2  -3    7   2   2   0   1   8   5  27   2   2   2   2  18   4   6   7   4   0   1   0  0.42 0.36
  284 G    -1   1  -1   0  -1   0  -1   4   1  -3  -2  -1   0   1  -4   1   0  -4  -2  -1    4   8   2   5   1   4   3  34   4   0   4   2   3   6   0  10   5   0   1   5  0.32 0.27
  285 R     0   4   1  -2   0  -1  -1  -2   0  -1  -1   0   2  -3  -1   0  -1  -4  -1   0    9  28   8   2   2   2   3   2   2   4   6   4   7   0   3   5   2   0   2   9  0.25 0.25
  286 V     0  -1  -1  -3   0  -3  -1  -1   1   3  -1  -2   0  -1  -1   0  -1  -4  -3   3    8   3   3   0   2   0   5   4   4  24   4   2   2   2   4   9   3   0   0  21  0.22 0.24
  287 V     0  -2   1   0   2  -2   0   0  -2   0   0  -2   1   1   1   0   0  -3  -2   0    7   0   7   7   7   0   7   7   0   7   7   0   7   7   7   7   7   0   0   7  0.08 0.12
  288 T     2   0  -2   1   2  -2   0  -3  -3   0   0  -2  -2  -3   2   1   2  -4  -3   0   19   5   0   8   6   0   7   0   0   5   8   0   0   0  12   9  17   0   0   5  0.23 0.20
  289 A     0  -2   0  -2   2   1   0   0  -2   0   0  -2   1   1   1   0   0  -2   1   0    7   0   7   0   7   7   7   7   0   7   7   0   7   7   7   7   7   0   7   7  0.07 0.13
  290 P     0   0   1  -2  -3  -2   1   1  -2  -3  -1  -2  -3  -4   5   0  -2  -4  -3  -3    8   5   9   0   0   0  10  11   0   0   8   0   0   0  38   9   0   0   0   0  0.66 0.26
  291 T    -1   0  -1   0  -3   2   0  -1   2  -2  -2   0   0  -3   1   0   4  -3  -2  -2    1   5   0   6   0  11   6   4   7   0   1   5   3   0   8   6  35   0   0   1  0.33 0.22
  292 N     0   1   1  -1   3   1   0   0  -2  -1   0  -1   1  -2   1   0   0  -3  -2   0    8   8   7   0   7   7   8   8   0   0   8   0   7   0   8   8   8   0   0   8  0.10 0.12
  293 G     0   0   1   0   1   1   1   3  -2  -3  -1   0  -2  -3  -2   0   0  -3  -3  -2    6   6   5   5   4   8   8  32   0   0   8   5   0   0   0   6   6   0   0   0  0.26 0.17
  294 A     2  -2  -1  -2   1   0   0   2  -2  -3  -3  -2  -3  -3   2   3  -1  -3  -3  -3   19   0   0   0   4   5   6  16   0   0   1   1   0   0  11  34   1   0   0   1  0.43 0.24
  295 A     1   1   1  -2   4  -1  -1   1  -2  -1  -1  -1  -2  -3  -2   1   0  -3  -2   0   17  12   6   0  14   0   4   9   0   4   3   1   0   0   0  15   4   0   0   8  0.20 0.15
  296 G     0   2  -1  -2   1  -2  -2   5  -2  -3  -3   0  -3  -3  -3   0   1  -3  -3  -1    6  13   0   1   3   0   1  48   0   0   1   4   0   0   0   4  13   0   0   4  0.56 0.24
  297 I     0   0  -2  -3  -1  -2  -2  -2  -2   3   0  -2   0  -1  -1  -1   1  -2   0   3   10   6   1   1   1   1   1   2   0  25   2   1   0   2   3   5   8   0   5  27  0.20 0.15
  298 I     0  -2  -1  -1  -1  -2  -1  -3  -3   3   2  -2   1  -1   2  -2  -1  -3  -2   2    9   1   2   2   1   0   5   1   0  28  19   1   3   2  13   1   1   0   0  11  0.25 0.14
  299 P     1   1  -2  -2  -3  -2  -2  -1   1  -2  -3  -1  -1   0   6   0  -1  -3   0  -1   15   9   1   1   0   0   1   3   5   1   1   1   2   4  39   6   4   0   4   4  0.64 0.23
  300 A     1   1  -1  -1  -2  -1  -1   2  -1  -2  -2   0  -1  -2   3   1   1  -2  -2  -1   15  15   1   1   0   1   1  15   0   1   1   1   0   1  15  15  15   0   0   1  0.26 0.05
  301 V     1  -1  -1  -2   1   0  -2  -2  -2   1   0  -2   1   0  -2   0   1  -3  -2   3   17   4   3   1   4   5   1   1   0   7   6   1   3   5   1   7   8   0   0  27  0.14 0.13
  302 M     0   0  -2   0   2  -2  -2   0  -2   0   0  -2   1   1   1   0   0   4  -1   0    7   7   0   7   7   0   0   7   0   7   7   0   7   7   7   7   7   7   0   7  0.10 0.13
  303 H    -1   0   0   0   2   0   0  -1   2   0  -1   0   1   0  -3   0   0   3   1   0    5   5   5   5   5   5   5   5   5   5   5   5   5   5   0   5   5   5   5   5  0.06 0.10
  304 Y    -1   0   0  -2   2   0   0  -1   2   0  -1   0   1   1   0   0   0   3   1   0    5   5   5   0   5   5   5   5   5   5   5   5   5   5   5   5   5   5   5   5  0.07 0.11
  305 Y     0  -5  -5  -6   2  -5  -5  -2   1   1   2  -5   2   1  -6  -2   0   3   5   2    9   0   0   0   4   0   0   3   3   8  17   0   6   5   0   3   5   4  20  12  0.60 0.39
  306 A     2  -1  -1   0   0   2   0   0   0   0   0   0   2  -1  -1  -1  -1   2   0   0   19   4   2   4   2  10   4   7   3   5  10   5   5   2   2   3   3   3   3   5  0.09 0.13
  307 R    -1   0   0   0   2   0   0  -1   2   0  -1   0   2   1   0  -1   0   4   1  -1    5   5   5   5   5   5   5   5   5   5   5   5   5   5   5   5   5   5   5   5  0.09 0.08
  308 F    -2   0  -1   2   1   1   2  -3   2  -1  -2  -1   1   4  -2  -2  -1   2   1  -1    3   5   3   9   3   6  11   3   4   3   4   3   3  17   3   3   4   3   5   5  0.31 0.23
  309 V     0   0   0   0   2   0   0  -1   1   0  -1   0   1   0   0   0   0  -2   1   0    5   5   5   5   5   5   5   5   5   5   5   5   5   5   5   5   5   0   5   5  0.03 0.05
  310 P     0   1   1   0   1   0   0  -1   2  -1  -1   0   0   0   2   0  -1  -3   1  -2    6  10   7   5   3   3   6   4   6   3   7   7   3   5  10   6   3   0   5   0  0.10 0.13
  311 G    -1  -1   1   1   0   0   0   2   1  -2  -1   0   0  -1   1   0  -1  -4  -1  -2    5   3   6   9   2   4   5  21   4   2   8   5   2   3   6   6   3   0   2   3  0.13 0.14
  312 A     0  -1  -1   0   0  -1  -1  -1  -1   0   1  -1   1   2   0   0   0   1   2   0    9   2   2   6   2   2   3   3   2   6  13   3   3  10   4   7   5   2   7   7  0.05 0.08
  313 S     0   0   1   2   0   0   0  -1   0  -2  -2  -1   1  -1   2   1   1  -4  -1  -2    6   4   7  15   2   5   4   4   2   2   4   3   4   3   9  14   7   0   2   3  0.15 0.19
  314 D     0   0   0   1   1   1   3  -3   1  -1  -2   0   0  -1   1   0   0   2  -3  -1    6   6   3   7   3   5  20   0   3   3   4   6   3   3   8   6   6   3   0   4  0.17 0.20
  315 D    -1   1   1   2  -4   1   2  -1   1  -1  -2   0   0  -1   0   0  -1  -4   0  -2    5   7   6  15   0   7  15   4   3   3   3   6   3   3   4   8   3   0   3   3  0.16 0.18
  316 G     0   1   0   2   0   1   1   0   1  -1  -2   1  -1  -3   1   0   0  -4  -3  -1    7   8   2  11   2   8   9   8   3   3   4   7   2   0   7   8   7   0   0   4  0.12 0.14
  317 I    -1  -2  -2  -3   0   0  -2  -2  -4   3   2  -2   2  -1   0  -2   0   0  -1   2    5   2   1   1   2   4   3   3   0  21  18   1   6   2   5   2   7   1   2  12  0.21 0.19
  318 V     0   2  -2  -2   1  -1  -1  -3   0   2   1  -1   1  -1   1  -2   0  -4  -1   2    7  13   2   2   4   2   5   1   2  13  11   2   3   1   7   2   5   0   2  16  0.13 0.15
  319 R     0   3   0   1  -3   0   1  -1   0   0   0   2   0  -1  -2  -1   0  -3  -1  -2    7  18   5  10   0   3   8   3   2   6   8  13   4   3   0   3   4   0   2   0  0.14 0.13
  320 F     1   1  -2  -3   3  -2  -2   0   1  -2  -1   0   0   2   2   0   0  -2   1  -1   16   8   0   0   9   0   0   9   4   0   4   5   4  10   9   8   4   0   6   5  0.15 0.15
  321 L     0  -2  -2   1  -2   1  -1  -3  -2   1   0  -2   2   2   2  -1   1  -2   2   1    9   0   0   9   0   9   0   0   0   9   9   0   9   9   9   0   9   0   9   9  0.14 0.13
  322 L     0  -2  -1  -4  -1  -1  -2  -4  -3   1   3  -1   2   3  -2  -1  -1   1   0   0    9   2   3   0   1   2   1   0   0   5  35   5   5  14   1   3   2   2   2   7  0.27 0.21
  323 T     1  -2   0   1   2  -2  -1  -1   2   1  -1  -2   1  -3   1   0   2  -3  -2   1   12   0   4   8   6   0   4   4   8   9   4   0   4   0   6   4  17   0   0  11  0.13 0.15
  324 A     4   1  -3  -3   2  -2  -3   1  -3  -1  -3  -2   1   1   0   0   0  -3   1  -2   40   8   0   0   5   0   0   8   0   5   0   0   5   8   5   6   5   0   5   0  0.34 0.29
  325 G     2  -3   0  -3   1  -2  -2   3   0   0   0  -2   0  -3  -3   1   0  -4  -3   0   24   0   4   0   4   0   0  27   3   4   9   0   4   0   0  13   4   0   0   6  0.29 0.21
  326 A     2  -3  -2  -1   2  -1  -1   0  -3   0   1  -2   1  -1  -3   1   0   2  -2   0   25   0   0   4   4   2   2   8   0   5  16   0   6   2   0  13   3   4   0   5  0.16 0.16
  327 I     0  -3  -3  -3   4  -3  -3   1  -3   3   0  -3   1   2  -3  -1   0  -2   1   1    5   0   0   0  11   0   0  11   0  23   5   0   5  14   0   5   5   0   5  13  0.23 0.14
  328 G     1  -3  -3  -3   4  -2  -3   1  -2  -1   0  -2  -1   2   2  -1  -1  -1   2   1   12   0   0   0  12   0   0  13   0   0  12   0   0  12  12   0   0   0  12  12  0.23 0.10
  329 I     1  -1   1  -1   1   0  -1  -1  -2   0   0  -1   1   0  -3   0   0   4   0   0   11   4   9   3   4   4   3   4   0   6  11   3   5   3   0   7   4   7   3   8  0.10 0.11
  330 L     0  -3  -2  -3   3  -2  -3   0  -2   1   0  -2   2   2  -3   0   1  -2   2   1    9   0   0   0   9   0   0   9   0   9   9   0   9   9   0   9   9   0   9   9  0.15 0.13
  331 F     0  -2  -2  -5   1  -2  -2  -5   0   4  -1  -4   2   3  -5  -2  -2  -4   3   2    9   3   2   0   4   2   2   0   2  30   5   0   4  11   0   2   2   0  11  11  0.52 0.38
  332 K     2   0  -1  -1  -4   0  -1   0   0  -2  -2   3   1   0  -4   0  -1  -4   2  -1   22   3   3   3   0   3   2   7   2   2   3  24   4   4   0   5   3   0   7   4  0.28 0.31
  333 L    -1   2   2  -1   0   1   1  -1   2  -1  -2   1   0  -2  -3  -1   0   1   0  -2    6  13  14   3   2   6  11   3   4   3   4   9   3   2   0   3   8   2   3   2  0.17 0.20
  334 N     0   0   1   0  -3   1   0   0   2  -2  -1   0   1   0   1   0   0  -2   1  -1    6   6   6   6   0   6   6   6   6   0   6   6   6   6   6   6   6   0   6   6  0.05 0.09
  335 A     3  -3  -1  -1   1  -3  -3   0  -3   0  -1  -3   0   0   1   1   0   2   1   0   31   0   4   4   3   0   0   6   0   5   6   0   2   5   6  10   6   3   5   6  0.21 0.26
  336 S     0   0   1   0   2  -1   0   0   2  -2  -1  -1   1   1   1   0   0  -2   1   0    6   6   6   6   6   0   6   6   6   0   6   0   6   6   6   6   6   0   6   6  0.06 0.12
  337 I     0  -2  -2  -2  -2  -2  -2   0   2   1   0  -2   2   1   1   0   0  -2   2   0    8   0   0   0   0   0   0   8   8   8   8   0   8   8   8   8   8   0   8   8  0.10 0.11
  338 S     2  -2   0  -2  -2   1  -1   0   2  -2  -1  -1  -2   1  -2   3   1  -2   1  -2   18   0   5   0   0   6   1   5   6   0   5   0   0   6   0  29   9   0   7   1  0.23 0.19
  339 G     1   2  -1  -2  -3   1  -2   4  -2  -3  -3  -1  -2  -3  -2   2   1  -3  -3  -3   13  12   1   1   0   9   1  35   0   1   1   1   0   1   1  16   8   0   0   1  0.43 0.19
  340 A     0  -2   1   1  -2   1   0   0  -2   0   0  -1   1   1  -2   0   0  -2  -1   0    8   0   7   8   0   7   8   8   0   8   8   0   7   7   0   8   8   0   0   8  0.05 0.09
  341 E     0   1   0   0   0   0   2   0  -1  -1  -1   0   0  -1   0   0   0  -2   1   0    8   7   3   6   2   2  21   8   0   3   3   4   3   2   4   4   5   0   6  10  0.09 0.10
  342 V     0  -1  -3  -3   2  -3  -3   3   1   1   0  -3   0  -2  -3  -2  -1   5   2   0    8   3   0   0   5   0   0  29   4   8   9   0   3   0   0   1   3   8  10   8  0.34 0.22
  343 G     0   0   0   0  -4  -3  -3   6  -4  -4  -1  -3  -3  -4  -4  -2  -3  -4  -4   0    8   5   5   5   0   0   0  61   0   0   6   0   0   0   0   0   0   0   0   7  0.94 0.41
  344 C    -1   0  -4  -4   9  -4  -4  -4  -4  -3  -1  -4   0  -4   0   0   1   3   0  -3    4   6   0   0  49   0   0   1   0   0   7   0   3   0   6   7   8   4   3   0  1.31 0.48
  345 Q    -1  -1   0  -2  -3   4   0  -1   1  -1  -1   0   1   0  -2   1   1  -3  -2  -1    4   0   4   0   0  30   4   4   4   4   6   5   4   4   0  13   8   0   0   4  0.26 0.23
  346 G     0   1   1  -2  -2  -1  -2   1  -1  -1   0  -1  -1   1   2   0  -1  -1   2   0   10  10   9   0   0   0   1  10   0   0  10   1   0   9  10  10   1   0   9  10  0.09 0.09
  347 E     1   0   0   2  -2   0   2  -1  -1  -2  -2   2  -1  -2  -1   0   1  -2  -2  -1   18   1   1  18   0   1  18   1   0   1   2  18   0   1   1   1  18   0   1   1  0.21 0.03
  348 V     0   0   0   0   2   0  -2   0   2   0  -1  -2   1  -2   1   0   0   3   1   0    6   6   6   6   6   6   0   6   6   6   6   0   6   0   6   6   6   6   6   6  0.09 0.15
  349 G     1  -2   2   2  -2  -1  -1   2  -2   0  -2  -1  -1  -3  -2   1   1  -3  -2  -1   14   0  14  14   0   0   0  14   0  14   0   0   0   0   0  14  14   0   0   0  0.19 0.07
  350 S     0  -2   1  -2   3   1  -2  -3  -2   1   0   0   2   1   1   0   1  -3  -2   0    8   0   8   0   8   8   0   0   0   8   8   8   8   8   8   8   8   0   0   8  0.11 0.14
  351 A     3  -3  -2  -3   5  -3  -3   3  -3  -4  -4  -3  -3  -4  -3   2   2  -4  -4  -3   30   0   0   0  15   0   0  23   0   0   0   0   0   0   0  18  14   0   0   0  0.69 0.26
  352 C     1  -3   0  -2   5   0  -2   2  -3   1  -1  -2  -1   0  -3   1   0  -3  -2   0   13   0   5   0  17   5   0  17   0  11   5   0   0   5   0  13   5   0   0   5  0.23 0.15
  353 S     1  -2  -1  -2   4  -2  -2   1   3   1  -2  -2  -1  -2   2   1   1  -3  -2   1   11   0   0   0  11   0   0  11  11  11   0   0   0   0  11  11  11   0   0  11  0.21 0.12
  354 M     0   2  -3  -3  -3   0  -2  -1  -2   1   1  -1   6   1  -3  -1  -2  -3  -2  -1    7  15   0   0   0   4   0   4   0   9  12   0  37   7   0   6   0   0   0   0  0.37 0.24
  355 A     3  -2  -2   0  -2  -1   0   0  -2  -1  -2  -2  -2   1   2   1   0  -3  -2   0   38   0   0   6   0   0   7   7   0   3   0   0   0   8   9  10   4   0   0   6  0.23 0.15
  356 A     3  -2  -2   1   2  -1   0   0  -2  -2  -2   0  -2   1  -2   1   0  -3  -2   0   38   0   0   7   5   0   7   5   0   0   0   8   0  10   0   9   4   0   0   6  0.20 0.15
  357 G     1   1   1  -2   3  -1  -2   1  -2  -1  -2  -1  -1   1  -2   1   1  -2  -1   0   10  10  10   0  10   0   0  10   0   0   0   0   0  10   0  10  10   0   0  10  0.07 0.11
  358 A     0  -2   1  -2   3  -1  -2   0  -2  -1   0  -2   2   1  -2   0   1  -2  -1   0    9   0   9   0   8   0   1   9   0   0   9   0   9   9   0   9   9   0   0   9  0.04 0.11
  359 L     0  -2  -2  -3   2  -2  -2   0   3   1   1   0   1   0   0  -1   0  -2   0   1    6   0   0   0   6   0   0   8  10   8  18   7   4   5   4   4   4   0   4  11  0.09 0.13
  360 C     0   0  -2  -2   2   0  -2   0  -2   0   0  -1  -1  -1   1   0   0   4   1   0    7   7   0   0   7   7   0   7   0   7   7   0   0   0   7   7   7   7   7   7  0.08 0.15
  361 E     1  -1  -1  -1   1   1   2  -2   2  -3  -2   0   1   0   1  -1  -1   4   1  -2   16   3   3   3   3   7  13   3   5   0   4   7   3   3   6   3   3   6   5   3  0.16 0.20
  362 V     0   0  -2   0   2   0   0   0   2   0   0  -1   1   1   1   0   0  -2   1   0    6   6   0   6   6   6   6   6   6   6   6   0   6   6   6   6   6   0   6   6  0.04 0.10
  363 M     0   1  -2  -2   1  -1   0  -1   1  -1   1  -1   3   1  -1  -1  -1   2   1   0    7   7   2   2   3   2   5   4   3   3  16   4   9   8   3   4   3   3   4   6  0.08 0.12
  364 G    -2   1   1   0  -5  -1  -1   5   0  -5  -2  -1  -4  -5  -5   0   0  -5  -2  -3    3   8   6   5   0   2   4  45   3   0   4   3   0   0   0   6   5   0   2   2  0.68 0.43
  365 G     0   0  -1   0   1  -1  -1   4   0  -4  -1  -1   0  -1  -1  -1  -1  -4   0  -1    9   5   3   6   3   3   4  35   2   0   5   2   3   2   3   2   3   0   4   4  0.34 0.28
  366 T    -1   0   2   2   2   0  -1  -1  -4  -1  -2  -1   1  -5   0   2   3  -5  -4  -1    5   4   8  11   4   3   3   3   0   4   4   3   4   0   4  18  18   0   0   3  0.28 0.28
  367 P     0  -1   0  -1   2   0  -1  -2   1   0   0  -1   0   1   4  -1  -1  -4   1  -1    8   3   6   3   4   5   4   3   3   5   8   3   3   6  20   4   3   0   4   5  0.22 0.20
  368 E     0   0   0   2  -4   2   3  -2   1  -2  -2   1   0  -2  -1   1   0  -4   0  -2    7   5   3  10   0   9  20   2   3   3   2   9   2   2   2  10   6   0   3   2  0.21 0.20
  369 Q    -1   0   0   0  -4   4   1  -3   3  -1  -2   0   2  -3  -1  -1   1  -4   0  -1    5   3   3   5   0  23   9   0   7   4   3   4   6   0   3   3   9   0   3   4  0.24 0.27
  370 V     0   0   1  -2   3   1  -2   0  -2   0   0  -1   2  -2   1   0   0  -3   1   0    7   7   7   0   7   7   0   7   0   7   7   0   7   0   7   7   7   0   7   7  0.09 0.14
  371 E     0   0  -2   0   4   0   3  -1   0   0   1  -1   0   1  -3  -1  -1  -4  -2  -1    6   4   0   6  11   2  21   4   2   4  14   2   3   8   0   4   4   0   0   5  0.19 0.18
  372 N     0   1   2   0   2   1   1  -1   3  -1  -3   0   0  -1  -3   0   1  -3   1  -1    6   7   9   6   6   9   7   3   8   3   0   3   4   3   0   7   9   0   5   6  0.14 0.13
  373 A     5  -5  -4  -5  -4  -4  -4   1   3  -4  -5  -4  -4  -5   1   1   1  -6  -5   0   52   0   0   0   0   0   0   8   8   0   0   0   0   0   8   9   8   0   0   7  0.90 0.43
  374 A     4   1  -3  -1   2  -3  -3  -1  -3  -1  -2  -3   1   1  -3   0  -1  -4   0   0   46   8   0   4   5   0   0   3   0   3   3   0   5   6   0   6   3   0   3   6  0.41 0.29
  375 E     3  -1  -3  -2   0   0   3   0  -3   0  -2  -1   0  -4  -1   2   0  -4  -4  -1   29   2   0   0   2   3  23   6   0   5   3   2   3   0   2  14   3   0   0   2  0.34 0.27
  376 I    -2  -3  -1  -2   1  -3  -3  -2  -3   4   2   0   4   1  -4  -2  -1  -3  -1   0    2   0   4   2   4   0   0   3   0  28  21   7  14   5   0   3   2   0   1   4  0.35 0.24
  377 G     2  -1  -2  -2   2  -2  -2   2  -2   0  -1  -2   1   0  -2   0   1  -3  -2   0   30   4   0   0   5   0   0  20   0   5   5   0   5   5   0   6   8   0   0   6  0.20 0.15
  378 M     0  -2  -2  -2  -2   1  -2   1  -2   1   1  -2   2   1  -2   0   1  -2  -1   1   10   0   0   0   0  10   0  10   0  10  10   0  10  10   0  10  10   0   0  10  0.10 0.11
  379 E    -2  -1  -1   0  -4   5   3   0  -2  -2  -2   2   2  -4  -3  -1  -1  -4  -1  -2    2   2   2   5   0  28  20   7   0   2   3  11   5   0   0   3   2   0   2   2  0.47 0.34
  380 H    -1  -1   5  -1   1   0  -2   0   5  -1  -2   0   1  -2  -1   0  -1  -4  -2  -1    4   3  30   2   4   3   0   6  16   4   2   4   4   2   2   5   2   0   0   6  0.43 0.31
  381 N    -1  -2   0  -2   0  -1  -2   0   3   1   0   0   1   0  -2   1   0   1   0   0    3   0   5   0   2   2   1  10  12  13  12   6   3   3   0  11   5   2   2   5  0.07 0.11
  382 L    -1   0  -2  -3  -2   0  -2  -3   1   0   2  -2   1   2   1   0   0  -2  -1   0    1   7   0   0   0   5   1   1   4   5  33   0   5  11   9   9   5   0   0   5  0.17 0.14
  383 G    -1   0  -1  -2  -3  -1   0   4   1  -2  -2   0  -2   1  -2   0   0   3   1  -1    1   5   0   0   0   0   9  37   4   0   1   5   0   9   0   5   9   5   4   5  0.31 0.18
  384 L     0   1  -2  -2  -2   1  -1  -2  -2   1   0  -1   2  -2   1   0   1   4  -1   1    9   9   0   0   0   9   1   1   0   9   9   0   9   0   9   9   9   8   0   9  0.16 0.13
  385 T    -1  -1   1   1  -3  -2  -1  -1  -3   1  -1  -2  -2  -3  -1   0   3  -4  -3   2    4   4   9   9   0   0   2   4   0   6   3   0   0   0   3   6  26   0   0  21  0.23 0.22
  386 C    -1  -4  -4  -4   9   0  -4  -4   2  -3   0  -4  -3  -3  -4  -1  -3  -3   1  -3    5   1   0   1  56   4   1   1   6   1  11   1   0   0   1   6   1   0   5   1  1.50 0.51
  387 D     0  -3   0   6  -4   0   1  -3   1  -4  -4  -2  -3  -4   1  -2   0  -4  -3  -4    9   1   3  53   0   5   7   1   4   1   1   1   0   0   6   1   7   0   0   1  0.86 0.37
  388 P    -1  -1  -3  -3  -4   0  -1  -3  -3   1  -1  -1   0  -1   6  -1  -1  -4  -3  -1    5   3   0   0   0   6   3   1   0   9   5   3   3   3  48   3   3   0   0   4  0.89 0.42
  389 V    -1  -3  -3  -3   1   0  -3  -1  -3   3   0  -1   2   0   1  -1   0  -3  -2   3    5   0   0   0   4   4   0   5   0  19   7   4   5   4   9   4   4   0   0  25  0.26 0.23
  390 G     0   0   1   0   2   1   0   0   2  -2  -1   0   1  -2   1   0  -1  -3   1  -1    6   6   6   6   6   6   6   6   6   0   6   6   6   0   6   6   0   0   6   6  0.08 0.12
  391 G     0   1   1   1   3  -1   1   0  -2   0  -2   1  -1  -3  -2   1   1  -3  -2   0    8   8   8   8   8   0   8   8   0   8   1   8   0   0   0   8   8   0   0   8  0.10 0.09
  392 L    -1   0  -2  -1   1   0  -1   2   1  -1   0   0   0   0   0  -1   0  -3   0  -1    4   7   0   3   3   5   4  22   3   3  10   4   3   3   5   4   7   0   3   5  0.09 0.12
  393 V     0  -2   0  -2   2  -1   0   0  -2   0   0   0   1   1  -2   0   0  -2   1   0    7   0   7   0   7   0   7   7   0   7   7   7   7   7   0   7   7   0   7   7  0.05 0.10
  394 Q    -1  -1   0   2  -4   2   3   0   3  -1  -2  -1   0  -3  -3  -1  -2  -3   0  -1    3   3   4  14   0  10  27   9  10   4   3   0   3   0   0   3   0   0   3   4  0.34 0.24
  395 V    -1  -3  -2  -1   4  -1  -1  -1   0   2   1  -2   1   0  -3  -1   2   2   0   1    4   0   0   3  13   3   3   4   3  13  14   0   3   3   0   4  13   3   3   8  0.19 0.16
  396 P     0   1   2   1  -2   1   0  -2  -1  -2  -2   0  -2  -2   2   1   1  -2   2  -2   11  11  10  11   0  10   1   1   0   1   1   1   0   0  11  11  11   0  10   1  0.21 0.10
  397 C    -1  -2  -4  -4  10  -4  -4   0  -4  -4  -4  -4  -4  -4  -4  -3   1  -4   1  -3    5   3   1   1  63   1   1   7   0   1   1   1   0   1   1   1   8   0   5   1  1.96 0.57
  398 I    -1  -2  -2  -3  -3  -1   0  -4   3   4   1  -2   0   1  -3  -2   2  -3  -2   1    3   2   2   0   0   3   7   1   8  28  11   0   2   6   0   2  13   0   0  10  0.28 0.20
  399 E    -1  -1  -1   1  -3   0   2   1  -1  -1  -2   1  -1  -1   0   0   0  -3   0   0    3   2   2   6   0   2  21  14   1   5   3  10   2   2   3   8   4   0   4   8  0.12 0.11
  400 R    -2   5   2  -2  -4  -1  -2   0   2   1  -1   1  -2  -3   0  -2  -2  -3  -2  -2    1  48  10   1   0   0   1   7   5  10   5   7   0   0   4   1   1   0   0   1  0.54 0.28
  401 N     0  -3   6   2   3  -3  -3   0  -3  -4  -4  -3  -3   1  -4  -2   0  -4  -3   0    9   0  45   9   6   0   1   6   0   0   1   0   0   6   0   1   7   0   0   7  0.78 0.38
  402 A     0   0   0  -2   2   0   0   0  -2   0   0  -1   1   1   1   0   0  -2   1   0    6   6   6   0   6   6   6   6   0   6   6   0   6   6   6   6   6   0   6   6  0.04 0.10
  403 M    -1  -1  -1  -1   1  -1  -2  -1   0   1   1  -2   2   2  -3   0   1  -2   0   1    5   3   3   3   3   3   0   4   3  11  13   0   8  12   0   6  10   0   3   8  0.09 0.14
  404 A     0  -2   0  -2   2   0   0   0   2   0   0  -2   1   1   1   0   0  -2   1   0    6   0   6   0   6   6   6   6   6   6   6   0   6   6   6   6   6   0   6   6  0.06 0.12
  405 S     4  -1  -3  -3  -3  -2  -1   0  -3   0  -1  -2   1  -3   0   1   0  -4   0   1   38   4   0   0   0   0   4   7   0   4   4   0   4   0   4   9   6   0   4  10  0.30 0.27
  406 V     1  -4   0  -3   2   0  -1  -1   1   1  -1  -3   2  -4   0   2   0  -5  -4   2   13   0   5   0   4   5   4   5   4   7   6   0   5   0   4  16   6   0   0  17  0.22 0.24
  407 K     0   0   0   0   2   0   0  -1   1   0  -1   0   1   0   0   0   0  -2   1   0    5   5   5   5   5   5   5   5   5   5   5   5   5   5   5   5   5   0   5   5  0.03 0.05
  408 A     6  -5  -4  -5   2  -4  -4  -1   2  -4  -5  -4  -4  -5   0   0  -1  -5  -5   0   60   0   0   0   4   0   0   5   4   0   1   0   0   0   5   7   4   0   0   7  1.10 0.57
  409 I    -1   0  -2  -2   0  -1  -2  -3   0   2   2  -3   1   3  -2  -3  -2   4   1   1    6   6   2   2   2   2   2   2   2  14  17   0   3  16   2   0   2   6   4   8  0.28 0.20
  410 N     0  -3   4   2   0  -1  -1  -2   0  -1  -1  -1   0  -1  -3   1   2  -4  -1  -1   10   0  21  12   2   2   3   2   2   3   5   4   3   3   0  11  13   0   2   5  0.25 0.24
  411 A     4  -3  -1  -3   3  -3  -3   0   0  -1  -1  -3   0  -1   0   1  -1  -4  -1  -1   42   0   3   0   7   0   0   5   2   3   5   0   2   3   5  13   3   0   3   4  0.42 0.35
  412 V     4  -1   0  -4   3  -3  -4  -1  -4  -1  -1  -3  -3   1  -4   1   0   3   2   0   35   4   4   0   6   0   0   5   0   4   5   0   0   5   0  10   4   4   6   6  0.42 0.34
  413 R     0   0   0   0   2   0   0   0   1   0  -1   0   1   0  -2   0   0  -2   1   0    6   6   5   6   5   5   6   6   5   6   6   6   5   5   0   6   6   0   5   6  0.03 0.07
  414 M     0   0  -2   0   2   1   0  -3   2   0   0  -2   2   1  -3  -2  -2   4   2   0    7   7   0   7   7   7   7   0   7   7   7   0   7   7   0   0   0   7   7   7  0.15 0.17
  415 A     6  -6  -5  -3  -5  -5  -5  -5  -6  -1  -3  -5   2  -6  -2   1  -1  -6  -6   0   66   0   0   2   0   0   0   0   0   3   2   0   4   0   2  10   3   0   0   8  1.34 0.75
  416 L    -1  -2  -2  -6  -1  -3  -3  -6  -2   1   5  -2   5  -2  -6  -2  -2   0  -1  -1    5   3   2   0   1   1   2   0   1   6  48   3  13   2   0   4   2   1   2   4  0.78 0.52
  417 R     2   2   0  -2   0   0  -1  -1   1  -1   0  -1   1   0  -3   1  -1   1   0  -1   23  10   4   1   2   4   4   5   3   2  12   2   4   3   0  10   3   2   2   3  0.14 0.20
  418 G     0   1   0  -1   2  -1   0   4  -1  -2  -2  -1  -4  -4  -1   1   0  -4  -2  -3    6   8   3   3   4   2   6  32   2   3   4   3   0   0   3  11   7   0   2   2  0.36 0.30
  419 D    -1  -2   0   3  -1  -1  -1   2   0   1  -2  -2  -1  -2  -1  -1   0  -5  -1   1    5   2   4  21   1   2   3  18   2   9   3   2   1   2   3   4   6   0   2   9  0.24 0.25
  420 G    -1   1   0  -1  -1  -2  -2   3  -1  -1  -3  -1  -1   1   1   0  -1  -3   1  -2    5   7   4   3   1   2   3  28   2   5   2   3   2   8   7   6   4   0   6   3  0.24 0.23
  421 Q     0   0   0   0   2   0   0   0   1   0  -1   0  -1   0   1   0   0  -2   1   0    6   6   5   6   5   5   6   6   5   6   6   6   0   5   6   6   6   0   5   6  0.03 0.06
  422 H    -1  -1   1  -1   1   1  -1  -1   6  -2  -2  -1   0  -1   2   1  -1  -5   1  -2    5   4   8   3   3   7   3   4  20   3   3   3   3   3  10  10   3   0   4   3  0.37 0.33
  423 F    -1   2   0  -2   0  -1  -2  -4   1   0   0   1   0   1  -1   0  -1   3   0   1    4  11   4   2   2   2   2   0   3   6  10  10   2   8   3   8   3   4   4  13  0.11 0.14
  424 V    -3  -6  -2  -2  -5  -5  -2  -3  -6   6  -1  -1   1  -5  -2  -5  -2  -6  -5   5    2   0   2   2   0   0   3   2   0  37   6   4   3   0   2   0   2   0   0  34  1.05 0.58
  425 S    -2  -2   0   1  -1  -4  -1  -2  -1  -6  -4  -2  -6  -3   5   3   2  -7  -6  -6    2   2   4   7   2   0   5   3   2   0   1   2   0   1  32  25  13   0   0   0  0.89 0.59
  426 L    -1  -6  -7  -7   0  -6  -7  -7  -6   1   5  -6   0   5   0  -3  -3   1   0  -1    5   0   0   0   2   0   0   0   0   6  49   0   2  22   5   2   2   2   3   3  1.06 0.55
  427 D    -4  -2  -1   8  -8  -5  -1  -6   0  -7  -8  -5  -7  -7  -6  -3  -5  -8  -1  -4    2   2   2  83   0   0   2   0   3   0   0   0   0   0   0   2   0   0   3   2  2.30 0.94
  428 R    -2   0  -1   1   0   2   5  -2   0  -6  -5   1  -1  -4  -1  -2  -1   1   0  -4    2   4   3   9   2   7  40   3   2   0   1   9   2   1   3   3   4   2   3   1  0.68 0.43
  429 V     1  -6  -6  -6   3  -5  -6  -6  -6   1  -1  -5   3   0  -6  -3   1  -6  -5   6   12   0   0   0   5   0   0   0   0   6   4   0   7   4   0   2  10   0   0  51  1.02 0.52
  430 I    -3  -6  -7  -7   0  -6  -6  -3  -6   6   1  -6   0  -4  -6  -4  -3  -6   0   4    2   0   0   0   2   0   0   2   0  50   9   0   1   0   0   1   1   0   4  27  1.29 0.56
  431 K     0   0  -1   2  -3   2   3  -2   2  -3  -2   2  -1  -3  -2  -1  -1  -1  -4  -2    9   5   2  13   1   9  22   3   4   2   4  13   2   1   2   3   4   1   0   2  0.33 0.24
  432 T     5  -5  -5  -5   0  -2  -5  -5  -5   0  -3  -3  -2  -6  -5   0   5  -6  -2   0   42   0   0   0   2   2   0   0   0   5   1   1   1   0   0   6  31   0   1   7  1.00 0.55
  433 M    -2  -6  -6  -7  -2  -2  -6  -7  -2  -2   0  -6  10  -3  -7  -3   0  -6  -5   0    4   0   0   0   1   1   0   0   1   2   8   0  69   1   0   1   7   0   0   6  2.22 0.88
  434 R    -2   3   0  -1  -3  -1  -2  -3   0  -2   0   2   2  -1  -4  -3  -3   3   4   0    4  18   5   4   0   2   1   2   2   1   9  12   6   2   0   1   1   4  17   7  0.37 0.27
  435 D    -1   2  -1   1  -3   3   4  -4  -2  -3  -2   1   1  -5  -4   0  -2  -5  -3  -2    4  10   3   7   1  13  33   0   1   1   5   8   3   0   0   6   2   0   1   2  0.56 0.36
  436 T    -2  -5  -3  -4  -4  -5  -5  -4  -1   3  -2  -5  -3  -3  -2  -2   5  -6  -5   4    2   0   1   1   0   0   0   1   2  14   2   0   0   1   2   2  42   0   0  30  1.05 0.54
  437 G     1  -6  -4  -5  -2  -2  -4   7  -6  -7  -7  -5  -6  -7  -6  -2  -5  -6  -2  -5   12   0   0   0   1   2   1  78   0   0   0   0   0   0   0   3   0   0   2   1  1.88 0.73
  438 M     0   3   1   0  -4   1   1  -3   0  -3  -1   4  -1  -4  -4  -1  -1  -5  -4  -2    9  18   6   6   0   5   8   1   2   1   8  25   2   0   0   4   2   0   0   3  0.39 0.27
  439 D     1   1   0   5  -3  -1   0  -1  -3  -3  -1   0   2  -4  -4   0  -1  -5  -2  -2   12   7   2  34   0   3   5   4   0   1   6   5   7   0   0   8   3   0   1   3  0.43 0.29
  440 M    -5  -5  -4  -6  -5  -5  -6  -6  -6   2   4  -5   9  -4  -3  -5  -2  -5  -3  -2    0   0   1   0   0   0   0   0   0  10  31   0  51   0   1   0   3   0   1   1  1.80 0.72
  441 S    -3  -1   2  -2  -3  -2  -2  -3   5  -4  -3   0  -1  -6   6   1  -3  -6  -5  -5    2   4  10   2   1   2   2   1  13   1   3   5   2   0  41  12   1   0   0   0  1.06 0.52
  442 T     1   0  -1   1  -2  -1   1  -2   1  -2  -2  -1  -1  -2   2   2   1  -3  -2   0   13   6   2   9   1   1   7   1   3   1   4   3   1   2  12  15   9   0   1   6  0.19 0.17
  443 K     0   1  -1   1  -1   0   3  -2   2  -3  -4   4  -4  -5  -2   1   0  -5  -4  -4    6   6   2   7   1   4  23   2   5   2   1  27   0   0   2   9   4   0   0   0  0.52 0.34
  444 Y    -5  -2  -4  -7  -1  -5  -6  -7  -1  -2   4  -6   0   2  -7  -6  -5  -3   7  -3    0   2   1   0   1   0   0   0   1   1  42   0   2   7   0   0   0   0  41   1  1.55 0.67
  445 K    -5   6  -4  -5   0  -3  -3  -5  -4  -6  -2   6  -5  -6  -5  -2  -3  -6  -5  -5    0  41   0   0   2   0   0   0   0   0   5  45   0   0   0   2   1   0   0   0  1.56 0.68
  446 E    -5  -5  -3  -1   7  -3   7  -2  -5  -6  -6  -4  -6  -7  -5  -4  -5  -7  -6  -5    0   0   1   2  22   0  69   3   0   0   0   0   0   0   0   0   0   0   0   1  2.06 0.81
  447 T    -3  -5  -1  -5  -1  -5  -5  -3  -6  -5  -5  -5  -1  -1  -5  -1   8  -6  -6  -4    1   0   2   0   1   0   0   2   0   0   0   0   1   2   0   3  86   0   0   0  2.10 0.85
  448 A     3  -4  -2  -4   0  -2  -4   3  -4  -4  -5  -4  -1  -5  -4   5  -1  -3  -3  -4   28   0   1   0   2   2   0  21   0   0   1   0   2   0   0  40   2   0   1   1  0.91 0.49
  449 R    -1   3  -1  -2  -2   1   1  -2  -1  -1   3   0   2  -2  -4  -2   0  -4  -1  -2    4  16   3   2   1   5  11   3   1   3  30   6   5   1   0   1   5   0   2   1  0.23 0.22
  450 G     0  -6  -3  -4   1  -5  -5   7  -6  -7  -7  -5  -6  -7  -3   0  -5  -7  -7  -7    7   0   1   0   3   0   1  81   0   0   0   0   0   0   2   7   0   0   0   0  1.96 0.71
  451 G    -4  -7  -3  -6  -3  -4  -6   7  -6  -8  -8  -6  -7  -7  -4  -3  -6  -7  -7  -7    0   0   1   0   1   1   0  96   0   0   0   0   0   0   1   1   0   0   0   0  2.55 0.84
  452 L    -5  -6  -7  -7   3  -6  -6  -7  -3   1   6  -6   0  -1  -6  -6  -1  -5  -4  -2    0   0   0   0   5   0   0   0   1   7  79   0   1   2   0   0   4   0   0   1  1.51 0.59
  453 A     6  -5  -5  -5   4  -5  -5   0  -5  -5  -5  -4  -5  -6  -5   0  -4  -6  -6  -3   79   0   0   0   8   0   0   6   0   0   0   0   0   0   0   7   0   0   0   1  1.63 0.65
  454 I     1  -2  -1  -3   1   0  -3  -2  -2   2   0   0   0  -3  -3  -1   2  -4  -3   3   11   1   2   1   3   4   0   3   1  11   8   5   2   0   0   3  17   0   0  27  0.27 0.20
  455 N    -2  -4   4  -3  -4  -3  -3  -4   0  -3  -3  -1  -4  -4  -4   2   6  -5  -4  -2    1   0  18   0   0   0   0   1   2   1   1   3   0   1   0  12  58   0   0   2  1.16 0.50
  456 V     1  -3  -3  -3  -1  -2  -2  -3  -3   0   0  -1   1  -2   4  -1  -2  -1  -1   3   12   0   0   0   1   1   1   1   0   5   9   3   4   1  20   5   1   1   2  31  0.39 0.21
  457 I    -1  -2  -2  -3  -2  -1  -2  -3  -2   2  -1  -1  -1  -3   2   0   4  -3  -3   2    4   1   1   1   0   2   2   1   1  16   3   3   1   1   9   4  32   0   0  18  0.40 0.21
  458 E     2   0   0   0  -3  -1   3   1   1  -3  -3   1  -3  -2  -1  -1  -2  -4  -3  -3   25   4   4   3   0   1  26  13   4   0   1  10   0   2   2   3   1   0   0   1  0.36 0.20
  459 V    -1  -1  -3  -3   7   0  -2  -1  -3   2   0   0  -2  -3  -3  -1   0  -3  -3   1    3   3   0   1  30   5   3   4   0  17   8   8   0   0   0   3   5   0   0   9  0.55 0.23
  460 P     2   0  -2  -2  -3  -1  -1  -2  -3  -4  -4   4  -3  -4   5   0  -1  -4  -4  -3   24   5   0   1   0   1   2   2   0   0   1  28   0   0  31   4   2   0   0   0  0.76 0.27
  461 V    -1  -3  -4  -4  -2  -3  -4  -4  -4   3   3  -3   0  -1  -4  -2   0  -3   0   3    3   0   0   0   0   0   0   0   0  23  34   1   1   0   0   2   6   0   3  25  0.52 0.21
  462 N     3   2   2  -2  -2  -1  -1  -1  -2  -3  -3  -1  -2  -4  -2   2   1  -4  -3  -2   29  13  14   0   0   1   2   3   0   0   0   1   0   0   0  22  11   0   0   1  0.40 0.19
  463 I     0   0  -3  -3   6  -2  -2  -3  -1   2   1  -2   2  -2  -3  -1  -1  -3  -1   3    5   6   0   0  20   0   2   0   1  10  14   0   7   0   0   4   0   0   2  26  0.35 0.14
  464 V     1  -1  -3   0  -3  -2  -1  -3  -3  -1  -2  -1  -2  -4   6   0  -1  -4  -3   2   15   2   0   4   0   0   3   0   0   2   0   3   0   0  39   6   1   0   0  23  0.70 0.20
  465 E     1  -1  -1   3  -3   1   4  -1  -2  -3  -2  -1   0  -2   0   0  -2  -4  -3  -2   17   2   0  19   0   5  35   5   0   0   3   0   4   2   3   2   0   0   0   3  0.37 0.15
  466 C    -3  -6  -5  -6  11  -5  -6  -5  -5  -4  -4  -5  -4  -5  -5  -3  -3  -5  -5  -3    0   0   0   0 100   0   0   0   0   0   0   0   0   0   0   0   0   0   0   0  3.16 0.50

                      K         Lambda
Standard Ungapped    0.1358     0.3193
Standard Gapped      0.0274     0.2670
PSI Ungapped         0.0895     0.3177
PSI Gapped           0.0274     0.2670
