
Last position-specific scoring matrix computed, weighted observed percentages rounded down, information per position, and relative weight of gapless real matches to pseudocounts
            A   R   N   D   C   Q   E   G   H   I   L   K   M   F   P   S   T   W   Y   V   A   R   N   D   C   Q   E   G   H   I   L   K   M   F   P   S   T   W   Y   V
    1 M    -6  -7  -8  -8  -7  -6  -8  -8  -7   0   1  -7   9   6  -8  -7  -6  -5  -4  -4    0   0   0   0   0   0   0   0   0   5  13   0  51  31   0   0   0   0   0   0  2.36 0.96
    2 E    -4  -4   1   7  -8   2   4  -5  -2  -6  -8   1  -7  -8  -6  -5  -3  -8  -3  -8    1   1   5  49   0   9  22   1   1   0   0   8   0   0   0   0   1   0   1   0  1.52 0.76
    3 K    -2   0  -1   0  -6   2   3  -3  -2  -3  -3   3  -5  -3   4  -1   0  -6  -5  -4    3   5   3   5   0   9  22   1   1   2   2  16   0   1  18   5   5   0   0   1  0.58 0.41
    4 D    -3   5   0   0  -3   0   0  -6  -2   0  -1   2   1  -4  -4  -3  -2  -4   0  -4    1  36   5   6   1   4   6   0   1   6   6  13   3   1   0   1   3   0   4   1  0.68 0.43
    5 L    -3  -6  -5  -6  -4  -3  -5  -8  -5   3   5  -4   2  -1  -7  -6  -3   1   0   1    2   0   1   0   0   1   1   0   0  17  55   1   4   2   0   0   1   2   3   9  1.14 0.57
    6 I    -2   2   0   2  -4   2   4  -4  -2  -3  -4   2  -5  -6  -4  -1   0  -6  -4  -3    4  10   4  11   0  10  30   1   1   2   2  13   0   0   0   5   5   0   0   2  0.65 0.43
    7 K    -1   4   2  -2  -7   1   0  -5  -3  -6  -7   6  -2  -7  -6  -2  -2  -7  -4  -5    5  21   8   2   0   6   6   0   0   0   0  44   1   0   0   3   2   0   1   1  1.17 0.64
    8 Y    -5  -7  -8  -8  -5  -6  -8  -6   1   0   4  -7   1   2  -8  -7  -6   1   8  -3    1   0   0   0   0   0   0   1   3   5  31   0   3   6   0   0   0   2  46   2  1.77 0.82
    9 A     7  -8  -6  -8  -3  -7  -7  -3  -8  -4  -6  -7  -5  -8  -7  -3  -5  -9  -5  -4   92   0   0   0   1   0   0   2   0   1   1   0   0   0   0   2   1   0   0   1  2.45 1.13
   10 E    -2   3   0   4  -7   2   4  -3   1  -7  -5   3  -6  -7  -6  -1  -3  -4  -3  -7    3  13   4  20   0   7  23   2   4   0   1  19   0   0   0   4   1   0   1   0  0.84 0.52
   11 L    -3  -2  -3  -5  -4  -3  -6  -7  -4   2   4  -2  -2  -1  -7  -5   0  -6  -3   4    2   2   2   1   0   1   0   0   0  12  44   3   1   2   0   0   6   0   1  23  0.89 0.50
   12 I     1  -7  -7  -8  -2  -7  -7  -6  -7   5   4  -7   2  -4  -7  -5  -3  -2  -6   2   12   0   0   0   1   0   0   0   0  26  43   0   4   0   0   0   2   1   0  11  1.17 0.60
   13 I    -2  -6  -8  -6   0  -7  -6  -7  -8   4   1  -7  -1  -1  -7  -6  -2  -7  -4   6    3   0   0   0   2   0   0   0   0  19  14   0   1   2   0   0   3   0   1  53  1.40 0.68
   14 L    -2   3   4   2  -4   0   2  -2   3  -5  -5   2  -5  -5  -5  -2  -1   3  -3  -4    3  14  18  12   0   5  12   3   6   0   1  12   0   0   0   2   4   4   1   1  0.60 0.40
   15 K    -1   0  -2  -2  -2  -1  -2  -4   4   0  -3   0  -2   1  -5  -2   0   0   6   2    5   4   2   2   1   2   3   1   9   5   2   6   1   5   0   3   6   1  25  17  0.57 0.37
   16 G     0  -7  -6  -6   5  -3  -5   5  -7  -6  -6  -6  -7  -8  -7   5  -4  -8  -8  -5    8   0   0   0  10   1   0  42   0   0   1   0   0   0   0  36   0   0   0   1  1.54 0.81
   17 I     0  -5  -5  -7   0  -5  -6  -6  -7   2   4  -4   0  -4  -7  -4   1  -3  -3   3    9   1   0   0   2   0   0   0   0  12  42   1   2   0   0   1   9   0   1  20  0.89 0.51
   18 N    -1   2   6   2  -4   0   1  -1   0  -7  -6   2  -4  -7  -3  -1  -3  -3  -3  -6    5   9  35  10   0   3   9   6   2   0   1  11   0   0   2   4   1   1   1   0  0.82 0.51
   19 L    -2  -7  -8  -8  -6  -6  -7  -7  -8   4   3  -7  -1  -1  -4  -5  -3  -7  -3   5    4   0   0   0   0   0   0   0   0  22  29   0   1   3   1   1   1   0   1  37  1.24 0.62
   20 Q    -4   2  -2  -4  -5   7   0  -2  -1  -6  -6   5  -6  -8  -7  -3  -3  -8  -5  -4    2   8   2   1   0  40   6   3   1   0   0  30   0   0   0   2   2   0   0   1  1.44 0.80
   21 K     0   1  -2  -3  -8  -1   2  -5  -4  -6  -5   4  -4  -8   5  -1  -3  -8  -7  -5    7   7   2   2   0   3  12   1   0   0   1  27   0   0  31   5   1   0   0   1  1.06 0.63
   22 N    -6  -3   1   1  -5  -4  -3   7  -3  -7  -8  -1  -6  -6  -8  -3  -6  -3  -5  -9    0   2   5   8   0   1   2  73   1   0   0   5   0   0   0   2   0   0   1   0  1.88 0.90
   23 Q    -6  -4  -4   5  -6   6   4  -5  -1  -9  -9  -3  -5  -9  -7  -3  -5  -1  -8  -9    0   1   1  29   0  34  27   1   1   0   0   2   0   0   0   2   1   1   0   0  1.72 0.91
   24 C    -2   2   1  -1  -1   0   0  -3   0   0   0   2  -1  -2   0   0   2   0  -1   1    2  13   6   4   1   3   5   1   2   6   7  11   1   2   5   5  12   1   2   9  0.13 0.15
   25 V    -3  -8  -9  -9  -1  -8  -8  -9  -9   2   4  -8  -2  -2  -8  -7  -4  -8  -7   6    2   0   0   0   1   0   0   0   0  10  31   0   1   2   0   0   1   0   0  53  1.66 0.79
   26 L    -1  -1  -2  -5  -1  -1  -3  -4   0   1   3  -3   2   1  -6  -2  -2   1   1   3    4   4   2   0   1   3   2   1   2   8  31   2   4   6   0   4   2   2   5  18  0.42 0.29
   27 I    -5  -9  -9  -9  -3  -9  -9 -10  -9   7   1  -9  -2  -2  -9  -8  -7  -8  -7   3    1   0   0   0   1   0   0   0   0  62  14   0   1   1   0   0   0   0   0  20  2.07 0.92
   28 Q    -1   2   3   0  -3   2   1  -2   1  -1  -3   0  -1  -2  -5   1   1  -2   0  -1    3  13  13   5   1   9   8   3   3   3   2   4   2   2   0  11  10   1   3   4  0.24 0.24
   29 G     4  -6  -4  -5   2  -5  -5   3  -2   0  -3  -5  -2  -1  -5   2   1  -3   1   0   30   0   0   0   4   0   0  19   1   5   2   0   1   3   0  13  10   0   6   6  0.59 0.43
   30 S    -2  -2   1   2  -3  -1   2   1  -1  -4  -4  -4  -2  -2   4   1   1  -1  -2  -4    3   2   6  13   1   3  12  10   2   1   1   0   1   2  21  12   8   1   1   1  0.47 0.38
   31 I     0  -2  -3   0  -3  -2   0  -1  -1   2   0  -3  -1  -2   2  -1   0  -2   0   3    7   2   1   5   0   1   6   5   2  14   9   1   1   1  12   4   7   1   3  19  0.22 0.21
   32 D     0  -2  -1   1  -1   0   4   0   1  -1  -1  -2  -3  -3  -1  -1  -1  -3  -1   0    8   2   3   9   2   3  31   8   4   3   7   1   1   1   3   4   3   0   2   6  0.33 0.30
   33 N     4  -4   0  -1   3   1  -3   0   3  -4  -4  -3  -1  -3  -2   1   1  -6  -1  -3   37   1   5   3   5   7   1   8   6   1   1   1   1   1   2   8   9   0   2   1  0.56 0.43
   34 Y     1   0  -2  -2  -2   0   2  -2   0   0   1   1   1  -1  -2  -1  -1   1   0  -1   16   6   1   2   1   3  14   2   2   5  15   9   4   2   1   4   3   2   4   3  0.13 0.17
   35 N    -1  -2  -2   3  -7  -1   3  -3  -2  -7  -5  -2  -4  -5   6  -1  -3  -2  -2  -5    6   3   2  15   0   3  21   2   1   0   1   2   0   1  35   4   2   1   2   1  1.00 0.62
   36 F    -3  -8  -5  -9  -7  -8  -8  -7  -7   0   5  -8   1   6  -8  -6  -7  -1  -1  -2    2   0   1   0   0   0   0   0   0   4  58   0   3  26   0   1   0   1   2   2  1.61 0.78
   37 L     4  -6  -4  -7  -1  -6  -6  -2  -6   3   1  -4   0  -3  -5  -3   0  -7  -3   4   30   0   1   0   1   0   0   3   0  14  11   1   2   1   0   1   6   0   1  28  0.80 0.50
   38 K    -3   5  -1   0  -3   0   3  -4   1  -2  -1   2  -2  -4  -3  -2  -2  -6  -2   0    2  31   3   4   1   3  17   1   3   2   8   9   1   1   1   3   2   0   1   6  0.56 0.40
   39 I     4  -1  -3  -3  -3  -1   3  -4   0   0   1  -1   0  -3  -3  -2  -2  -6  -2  -1   30   3   1   1   1   2  23   0   3   5  13   4   3   1   1   2   2   0   2   4  0.47 0.39
   40 L    -2  -7  -8  -8   1  -7  -7  -8  -7   4   4  -7   0   0  -7  -5  -4  -7  -5   4    3   0   0   0   2   0   0   0   0  24  38   0   2   4   0   1   1   0   0  25  1.23 0.62
   41 A     3  -2  -4  -5   0   0  -2  -4   0   1  -2  -3   0   0  -6  -2   1  -4   5   3   21   2   1   0   2   5   2   1   2   8   2   1   2   4   0   3   8   0  18  17  0.51 0.40
   42 K     0   4  -1  -1  -6   1   3  -2  -1  -3  -3   3  -3  -5  -4  -1  -2  -3  -2  -2    7  21   3   3   0   5  21   3   1   2   2  20   1   0   0   3   3   0   1   3  0.59 0.43
   43 K     2   1  -3  -3  -3   1   4  -4   0  -1  -2   2  -1  -4  -5  -1  -2  -6   0  -2   15   7   1   1   1   6  32   1   2   4   4  11   1   0   0   3   3   0   3   3  0.51 0.42
   44 A     5  -7  -7  -7   4  -6  -6  -3  -7   2   1  -6  -2  -2  -6  -2  -2  -7  -6   3   44   0   0   0   7   0   0   2   0  12  12   0   1   2   0   2   2   0   0  16  1.04 0.63
   45 Y    -2  -1  -3  -5  -2  -2  -3  -3   0   0   2  -2   0   0  -7  -3  -2   0   7  -1    4   3   1   0   1   2   2   3   2   6  22   3   2   3   0   2   3   1  34   4  0.82 0.54
   46 E     0   3  -2   1  -7   3   3  -3   0  -3  -3   4  -1  -7  -6  -2  -2  -7  -6  -4    8  14   1   7   0  10  19   2   2   2   3  25   1   0   0   2   2   0   0   1  0.67 0.49
   47 H     4   3  -1  -4  -1   0  -2  -3   0  -1   0   2   2  -4  -5  -1  -2  -6  -3   0   30  17   3   1   1   4   2   1   2   4   7  10   4   1   0   3   2   0   1   6  0.46 0.38
   48 G    -4  -3  -1  -3  -3  -4  -5   7  -1  -9  -9  -2  -8  -5  -8  -4  -3  -8  -8  -6    1   2   3   1   1   1   1  80   2   0   0   3   0   1   0   1   2   0   0   1  2.10 1.05
   49 A     6  -6  -6  -7  -1  -4  -6   3  -3  -2  -1  -4   0  -4  -3  -2  -4  -2  -4  -2   58   0   0   0   1   1   0  17   1   2   6   1   2   1   1   2   1   1   1   3  1.20 0.74
   50 K    -1   2   1  -2  -1   1  -2  -1   5  -1  -2   2  -1   0  -1   0  -1  -4   1  -1    4  10   7   2   1   5   2   5  16   4   3  12   1   4   3   9   3   0   4   4  0.28 0.23
   51 Y    -1  -2  -1   0  -1  -2  -1  -4   0  -2  -1  -2  -1   2   5  -3  -2   0   4  -1    4   3   3   6   1   2   5   1   2   2   6   2   2   7  32   2   2   1  12   4  0.66 0.46
   52 V    -2  -5  -5  -5  -5  -5  -4  -4   0   2   0  -5   0  -1   1  -5  -2  -5  -1   6    3   1   0   1   0   0   2   2   2  11   9   1   2   3   7   1   2   0   2  51  1.06 0.58
   53 K    -1   0  -1   0  -1   0   0  -2   1   1   0  -1   1   2   0  -1   1   1   2   0    4   4   2   7   1   4   7   2   5   8   8   3   3   8   5   5   8   2   7   7  0.06 0.09
   54 L    -2  -1  -2  -2   0  -2  -2  -5   0   2   1  -2   1   1  -1  -2   0   1   1   4    3   4   2   3   2   2   2   0   2  11  13   2   4   5   3   2   7   2   4  26  0.29 0.26
   55 N    -1   1   1   1  -3   1   1  -2   1  -1   0   0   1   0  -1   0   0   1   0   0    4   8   9  10   0   7   7   2   3   4   9   5   4   5   3   5   5   2   3   6  0.08 0.12
   56 I    -2  -2  -2  -3   0  -1  -2  -3  -1   2   1  -4   1   1  -1  -2   0   7   4   1    3   2   2   2   2   4   3   2   2  11  12   0   3   5   3   3   5  13  12   9  0.45 0.33
   57 K    -1   1   1   0  -4   1   1   0   1  -1  -1   0   0   0   0   1   1   0   0  -1    4   7   6   5   0   6   8   7   3   5   7   4   2   3   4  13  10   1   3   3  0.07 0.12
   58 D    -2  -2   1   5   0  -1  -1  -2   0  -2  -1  -2  -1  -1   0   1   0   0  -1  -3    2   2   6  36   2   2   4   3   2   2   6   2   2   3   5  10   5   1   2   2  0.55 0.43
   59 I    -1   0   0   0  -3   0   0  -1   2   0  -1   0   1   0   0   0   0   3   1   0    5   5   5   5   0   5   5   5   5   5   5   5   5   5   5   5   5   5   5   5  0.06 0.08
   60 D     0   1   0   1  -6   1   2   0   2  -1  -2  -1   0  -1  -1   0   0   2   1  -2    7   6   4   6   0   6  15   8   4   4   4   4   2   3   4   6   6   3   5   3  0.14 0.15
   61 I    -1  -2   0  -2   0   0  -2  -3   0   2   2  -2   3   1  -2  -1  -1   1   0   2    5   2   4   3   2   4   3   2   2  10  20   3   7   5   2   4   4   2   3  12  0.22 0.15
   62 L    -1   1   0   0   0   1   1  -2   1  -1  -1   1   0  -1  -2   0   2   1  -1  -1    5   7   5   6   2   7   9   4   3   4   6   7   3   3   2   7  13   2   2   4  0.11 0.12
   63 K     0   5  -2  -2  -6  -1   1  -3   1  -3   0   3  -2  -2  -3  -2  -3  -6   0  -2    7  34   2   2   0   2   8   2   3   2   9  15   1   1   2   3   1   0   3   2  0.61 0.46
   64 S     1  -1  -1  -1   0   1   0  -2  -1   2   1  -1   1  -1  -3   0   0  -1   0   0   15   3   3   4   2   6   8   2   2  13  16   2   4   2   0   5   5   1   3   4  0.10 0.15
   65 R    -1   4  -1  -1  -5  -1  -1  -2   1   0   1   0   1   3  -5  -2  -1   1   2  -2    6  21   3   4   0   3   3   3   4   5  15   5   3  11   0   2   3   2   6   2  0.27 0.25
   66 L     0  -2  -2  -2  -1  -2  -2  -4  -1   1   2  -3   0   3  -5  -3  -2  -3   5   0    7   3   2   2   1   2   2   2   1   9  22   1   2  13   0   2   2   0  20   5  0.50 0.37
   67 K     0   1   0   0  -4   2   2  -2   0  -2   0   2   0  -2  -2  -1   0  -4   0  -2    6   9   5   6   0  10  15   3   2   2  11  11   3   1   2   4   5   0   3   2  0.18 0.20
   68 F    -1  -1   1   0   0  -1   0   0   4  -2  -1  -1   0   1  -3  -2  -1   0   4  -2    5   4   8   5   2   3   5   7  12   2   6   4   2   6   1   3   5   1  16   2  0.26 0.25
   69 S     4  -2  -1  -1   0   0   0   1   1  -1  -2  -2   0  -2  -2   1  -1  -1  -1  -1   31   2   3   4   2   4   5  12   3   4   4   2   2   2   1   8   3   1   2   5  0.25 0.26
   70 Q    -1   0   1   2  -1   0   0  -2  -1  -5  -3   1  -1  -3   3   2   1  -5   0  -3    5   6   7  10   1   3   4   3   2   0   2   7   2   1  15  17   9   0   3   2  0.31 0.30
   71 E    -1  -2  -1   4  -2   0   4  -3  -3  -1  -2   0  -1  -1   1  -1  -2  -2  -2  -1    5   2   3  18   1   4  24   2   1   4   4   5   2   3   7   5   3   1   1   4  0.43 0.33
   72 E     1  -1  -1   3  -1   0   5  -2   0  -3  -4   0   1  -2  -3  -1  -1   0  -2  -3   10   4   4  13   1   4  29   4   2   2   2   6   3   2   2   5   4   1   1   2  0.47 0.36
   73 S     0   0   0   0   0   3   0  -2   2  -1  -1   0   0   1  -1   0   0   1   1   0    6   3   4   5   2  16   6   3   5   3   4   4   2   6   3   6   5   2   6   8  0.10 0.16
   74 L    -1  -1  -1  -1  -3  -1  -1  -2  -3   1   2  -1   1   2  -1  -1   0   2   0   0    4   3   3   4   0   3   4   3   0   9  27   4   4  11   3   4   5   3   4   4  0.14 0.18
   75 K     0   1   0   0   0   1   1   0   1  -1  -1   0   0  -1   0   0   0  -3  -2  -1    8   7   3   6   3   5  12   6   3   4   7   7   3   3   3   8   5   0   0   3  0.04 0.08
   76 F     0   0   1  -1   0   0   1  -1   2  -1  -1   0   0   2  -1  -1   0   3   2  -2    6   5   6   4   2   4  12   3   5   3   6   6   2   9   2   4   5   4   9   3  0.11 0.15
   77 I    -1   0   0   0   2   0   0  -1   2   0  -1   0   2   1   0  -1   0   4   1  -1    5   5   5   5   5   5   5   5   5   5   5   5   5   5   5   5   5   5   5   5  0.09 0.08
   78 P     1  -2   0  -1   0  -1  -1  -1   1  -2  -2  -1   0  -1   5   1  -1  -6  -1  -3   11   2   4   4   2   2   3   4   4   2   4   3   3   3  30  10   3   0   3   2  0.49 0.40
   79 N     0   0   0   2  -7   1   2  -1   1  -2  -3   1   1  -1   3  -1  -1   2   0  -2    7   4   4   9   0   6  12   4   3   3   3   7   3   3  14   4   4   3   3   3  0.22 0.21
   80 A    -1  -1  -1  -2   1  -1  -2  -2   2  -1  -1  -2   1   2  -1  -1   0   8   2  -2    5   3   4   3   3   3   4   3   5   4   6   3   4   8   4   5   6  19   7   3  0.59 0.37
   81 E    -1   1   0   0   0   1   2  -3   0  -1   0   0   1   0  -1  -1   0   2   1  -1    4   7   5   6   2   7  13   2   3   4   9   6   3   5   3   4   5   2   4   4  0.08 0.10
   82 K     1   1  -2  -1  -5   0  -1  -2   0   0   1   2   1  -1  -1  -1  -1   1   1   0   11   9   2   3   0   4   4   3   2   6  12  12   3   2   4   4   4   2   5   8  0.10 0.10
   83 S     1   0   0   2  -1   2   2  -2   1  -2  -2   1   0  -1  -1   0  -1  -4   0  -2   12   4   4  12   1   9  16   2   4   2   4   7   2   3   3   5   3   0   4   3  0.20 0.21
   84 F     0   1  -1  -1  -3   0   0   0   1   0   0   0   1   1  -1   0   0   2   1  -1    9   9   3   3   0   5   7   6   3   6   9   6   4   6   2   5   4   3   5   4  0.03 0.06
   85 L     0   0  -1   0   0   0   0  -2   1   0   1  -1   3   1  -4  -1  -1   2   3   0    7   6   3   4   3   3   6   2   3   5  12   3  10   5   0   4   3   3  10   6  0.13 0.16
   86 E    -1   0   0   0   2   0   0  -1   2   0  -1   0   2   1   0  -1   0   4   1  -1    5   5   5   5   5   5   5   5   5   5   5   5   5   5   5   5   5   5   5   5  0.09 0.08
   87 E     0  -1   0   1  -1   1   2  -2   2  -1  -2   0   1   0  -3  -1   1   3   2  -1    9   4   4   6   1   6  13   4   4   3   4   6   3   3   2   5   8   3   6   5  0.13 0.13
   88 M     1   0  -1  -2   1  -1  -2  -2   1   2   1  -1   3   0  -3  -2  -1   3   2   1   12   4   3   2   3   3   3   3   3  10  12   4   7   4   2   3   4   4   8   8  0.20 0.14
   89 V     1  -1   0   1   1   0  -1  -1   1   1   0  -1   1   1  -1  -1   0   2   1   1   13   3   4   7   3   4   3   4   3   7   7   3   4   6   3   4   5   3   4   9  0.05 0.05
   90 Q    -1   1   0   1   1   1   3   0   1  -2  -2   1  -5  -1  -1  -1  -1   2   0  -1    6   7   4   8   3   6  16   7   3   3   4  10   0   3   4   4   3   3   3   4  0.17 0.16
   91 D    -1   0   0   0   2   0   0  -1   2   0  -1   0   2   1   0  -1   0   4   1  -1    5   5   5   5   5   5   5   5   5   5   5   5   5   5   5   5   5   5   5   5  0.09 0.08
   92 K     1   0   1   0   1  -1  -1   2   0   0  -1   0   0   0  -1  -1  -1  -3   0  -1   10   5   8   5   4   3   3  17   2   7   6   6   3   5   2   3   4   0   4   5  0.06 0.09
   93 W     0  -2   0   2   2   1  -1   0   1  -1  -2  -2   0   1  -1  -1  -1   4   3   0    9   3   4  11   4   5   4   6   3   4   4   3   3   7   3   4   4   5   8   7  0.16 0.13
   94 A     0   0   0   0   2   0   0  -1   1   0  -1   0   1   0   0   0   0   3  -2   0    5   5   5   5   5   5   5   5   5   5   5   5   5   5   5   5   5   5   0   5  0.05 0.09
   95 R    -2   3   0   0   2  -1   0  -2   2   0  -1  -2   2   2  -1  -1  -1   3   1   0    3  14   5   6   3   3   5   3   5   5   6   3   4   8   3   4   4   4   5   7  0.18 0.13
   96 I     0   0   0  -2   2  -1   0   0  -2   0   0   0   1   1   1   0   0  -2   1   0    6   6   6   0   6   0   6   6   0   6   6   6   6   6   6   6   6   0   6   6  0.04 0.09
   97 N    -1   0   1   0   1   0   0   0   1  -1   0  -1   0   1  -1   0   0   2   0  -1    5   5   8   5   3   4   6   7   4   4  11   3   3   5   3   8   5   3   3   4  0.03 0.04
   98 V     0   0   0  -2   2   0   0   0   2   0  -1   0   1   0   0   0   0  -2   1   0    6   6   5   0   5   5   6   6   5   6   6   6   5   5   6   6   6   0   5   6  0.04 0.08
   99 D    -1   1  -1   2  -1  -1   0  -1   0   1   0   0   0   1  -1   0   0   2   0   0    4   9   3  12   1   2   7   4   2   8   9   5   2   6   3   6   5   3   3   6  0.05 0.07
  100 D     1  -1   0   0   2   0  -1   2   1  -1  -2  -3  -3  -1   0   2  -1  -4   0  -1   13   3   4   6   4   3   4  18   3   4   3   0   0   3   5  16   3   0   3   3  0.17 0.21
  101 T     0   0   0   0   2   0   0  -1   1   0  -1   0   1   0   0   0   0  -2   1   0    5   5   5   5   5   5   5   5   5   5   5   5   5   5   5   5   5   0   5   5  0.03 0.05
  102 E     0   0   0   1   0   0   2  -1   1  -1  -2   0  -1   0   0   0   0   1   1  -1    7   5   4   9   2   4  17   4   3   3   3   4   2   4   5   7   6   2   5   5  0.10 0.13
  103 N    -2  -1   5   3   0  -1  -1  -1   0  -2  -3  -2  -1  -1   0   0  -1  -5  -1  -2    4   3  30  15   2   2   4   4   2   3   3   2   2   3   6   8   3   0   2   2  0.47 0.39
  104 F    -1  -1  -1   0  -4  -1  -1  -2   1   0   0  -1   1   1   4   0   0  -4   0  -1    5   4   3   7   0   3   4   3   4   5   8   4   3   6  23   5   7   0   3   4  0.26 0.23
  105 E     0   0   0   0   2   0   0  -1   1   0  -1   0   1   0   0   0   0  -2   1   0    5   5   5   5   5   5   5   5   5   5   5   5   5   5   5   5   5   0   5   5  0.03 0.05
  106 D     0  -2  -1   0   0  -1   3  -2   1  -1   2  -3   1  -2   0  -1  -2   2  -1  -1    9   2   3   5   2   2  20   4   3   3  17   2   4   2   6   4   3   3   2   5  0.24 0.23
  107 L     0  -1  -1  -1   2  -1  -1  -3   1  -1   2  -1   3   2  -1  -2  -2   2   1  -2    9   3   4   3   4   3   4   3   4   3  22   3   6   8   3   3   3   3   4   3  0.21 0.17
  108 K     1   0   0   0   1   0  -1  -2   0  -1  -2   1   0   0   0   2   0   2   0  -1   12   4   4   5   2   4   5   4   3   3   4   7   2   4   4  13   6   3   4   4  0.07 0.12
  109 E     0   0   1   2  -4   0   1   2   0  -2  -2   1  -1  -2   0   0  -1   0  -3  -2    5   4   7  11   0   3   7  18   2   2   3   8   2   2   5   8   4   2   0   3  0.15 0.19
  110 S    -1  -1   0   0   0   0   0  -1   0   1   0   0   0  -1   0   0   0  -3   0   2    4   3   3   5   3   3   5   5   2  11   6   7   3   3   4   6   4   0   3  17  0.02 0.08
  111 I     0   0   0   0  -3   1   0   0   2   0  -1   0  -1   0   1   0   0   3  -1   0    6   6   6   6   0   6   6   6   6   6   6   6   0   6   6   6   6   6   0   6  0.06 0.09
  112 G     1  -1  -1  -1   0   0   0  -1   0  -2  -2  -2  -1  -2   5   0   0  -5  -1  -1   12   3   3   3   2   5   5   6   2   2   4   2   2   2  27   8   7   0   2   4  0.39 0.33
  113 Q     0   0   0   1   1   0   3  -1   1  -2  -2   1   0  -4   0  -1  -1   2   0  -1    8   5   4   7   3   4  21   4   3   3   3  10   3   0   5   4   3   3   3   4  0.18 0.20
  114 K    -1   4   0   0  -5   0   0  -2   1  -1  -1   3   0  -1  -4  -1  -1  -4   0  -1    4  21   4   5   0   4   4   3   4   3   6  21   3   3   0   4   3   0   3   4  0.31 0.28
  115 M    -1  -1  -1  -2  -4   1  -2  -3  -1   3   2  -2   3  -1  -1  -1  -1   0  -2   1    4   4   3   2   0   7   3   1   2  20  19   3   9   3   3   4   2   1   1  11  0.28 0.25
  116 S     2   0   0  -1   0   1  -1   0   0  -1  -2   0   1  -1  -2   1  -1   1  -3  -1   22   5   5   4   2   7   4   6   2   3   4   6   3   2   2  12   3   2   0   5  0.14 0.19
  117 I     1   2  -1  -1  -3   0   0  -2   0   0   1   1   1  -1  -1  -1   0   1  -1  -1   14  13   2   3   0   4   5   2   2   6  14   9   4   2   3   4   5   2   2   4  0.10 0.14
  118 Y     1   2  -1  -2   0  -1  -1  -2   2   0  -1  -1   1   2  -2  -1  -1   3   3   0   13  10   3   2   2   2   3   3   5   6   5   3   4   7   2   4   3   4  12   5  0.16 0.18
  119 Q     0   1   1  -1  -3   2   0  -1   1  -1  -1   0   1  -1  -1   1   0   2   0  -1    9   8   7   3   0  12   4   4   4   4   5   6   4   3   3   9   5   3   3   4  0.09 0.14
  120 K     0   0   0   0   2   0   0  -1   1   0  -1   0   1   0   0   0   0  -2   1   0    5   5   5   5   5   5   5   5   5   5   5   5   5   5   5   5   5   0   5   5  0.03 0.05
  121 A     5  -2  -1  -3  -1  -2  -3  -1   0  -2  -3  -2  -1  -2  -2   1   1  -1   1   0   37   3   3   2   2   2   2   5   3   2   4   3   2   2   2   8   8   1   5   6  0.50 0.36
  122 L     0   2   0  -2  -1   1  -1  -1   2  -1   0   0   2   0  -2   0   0   1   1  -1    7  15   5   2   1   6   3   5   5   4   9   4   5   4   1   6   6   2   5   5  0.10 0.13
  123 N     1   2   1  -1  -4   1  -1   0   1  -2  -1   2   0  -1  -2   1  -1   1   0  -1   12  11   6   2   0   7   4   7   3   2   6  11   3   3   2  11   3   2   3   3  0.12 0.15
  124 L     0   1  -1   0  -4   1   2  -2   0  -1  -1   2   0  -2   2   0   0   1  -1  -2    6   7   3   4   0   7  12   3   2   3   6  12   2   2  11   6   5   2   2   3  0.15 0.18
  125 A     2  -1  -1  -1  -3   0  -1  -1   0   1   0  -1   0   0  -1   0  -1   2   1   0   19   3   3   4   0   4   3   4   3   9  11   4   3   3   3   6   4   3   5   6  0.07 0.12
  126 S    -1   0   0   0   2   0   0  -1   2   0  -1   0   2   1   0  -1   0   4   1  -1    5   5   5   5   5   5   5   5   5   5   5   5   5   5   5   5   5   5   5   5  0.09 0.08
  127 K    -1   2   0   1  -5   2   1  -2   1  -2  -2   3   0  -2  -1  -1  -1  -4   0  -1    5  10   4   7   0   8  10   3   3   2   4  18   3   2   4   5   4   0   3   5  0.20 0.21
  128 T    -1   0   0   0  -4  -1   1  -2   0   1  -1   0   0   0   3  -1   0   2   0  -1    5   6   5   4   0   3   9   3   3  11   6   5   2   4  15   4   5   3   3   4  0.14 0.15
  129 L    -1   0   0   0   2   0   0  -3   2   0  -1  -2   1   1   0   0   0   3   1   0    6   6   5   6   5   5   6   0   5   6   6   0   5   5   6   6   6   5   5   6  0.09 0.14
  130 S    -1   1   0   0  -3   1   0  -1   1   0   0   0   2   0  -1   0  -1   2   1  -1    4  11   6   5   0   6   4   4   4   5   9   4   8   5   3   6   3   3   6   4  0.07 0.12
  131 Q    -1   1   1   1  -6   1   2  -1   2  -1  -2   1   0  -1  -1  -1   0   2   0  -2    6   6   6   8   0   6  14   5   4   4   4   9   3   3   3   5   5   3   3   3  0.15 0.15
  132 A    -1   0   0   0   2   0   0  -1   2   0  -1   0   2   1   0  -1   0   4   1  -1    5   5   5   5   5   5   5   5   5   5   5   5   5   5   5   5   5   5   5   5  0.09 0.08
  133 I    -1   0   0   0   2   0   0  -1   2   0  -1   0   2   1   0  -1   0   4   1  -1    5   5   5   5   5   5   5   5   5   5   5   5   5   5   5   5   5   5   5   5  0.09 0.08
  134 M     0   3   0   1  -6   0  -1  -1   2  -1  -1  -1   4   0  -1  -1  -1   2   0  -2    8  13   4   9   0   4   4   4   5   4   6   4   9   3   4   5   4   3   3   3  0.20 0.17
  135 S    -1   0   0   0   2   0   0  -1   2   0  -1   0   2   1   0  -1   0   4   1  -1    5   5   5   5   5   5   5   5   5   5   5   5   5   5   5   5   5   5   5   5  0.09 0.08
  136 N    -1   0   0   0  -3   0   0  -1   2   0  -1   0   1   0   0   0   0   3   1   0    5   5   5   5   0   5   5   5   5   5   5   5   5   5   5   5   5   5   5   5  0.06 0.08
  137 E    -1   0   0   0  -3   0   0  -1   2   0  -1   0   1   0   0   0   0   3   1   0    5   5   5   5   0   5   5   5   5   5   5   5   5   5   5   5   5   5   5   5  0.06 0.08
  138 I    -1   0   0   0   2   0   0  -1   2   0  -1   0   2   1   0  -1   0   4   1  -1    5   5   5   5   5   5   5   5   5   5   5   5   5   5   5   5   5   5   5   5  0.09 0.08
  139 A    -1   3   1  -1   1   2  -2  -2   1  -6  -3   1   0  -1   1   1   0  -7   0  -1    5  15   6   3   3   9   3   4   4   0   3   9   3   3   8   9   6   0   3   5  0.27 0.24
  140 W    -2  -1  -2  -2   0  -2  -3  -3  -1  -3  -4  -3  -7   1  -3  -2  -2  11   0  -3    4   4   2   3   2   2   2   2   2   2   2   2   0   6   2   3   3  51   3   2  2.09 1.09
  141 C    -1  -1   0  -2   6  -4  -1  -2  -1   0   0  -2   1  -5  -5   1   3  -6  -5   1    6   3   4   3  15   0   4   3   2   5   9   2   4   0   0  10  20   0   0  11  0.47 0.36
  142 V    -1  -2  -1  -1   0  -2  -1  -1  -3   3   2  -2   1  -1  -2  -1  -1  -3   2   2    4   1   3   3   2   1   4   6   0  18  16   2   3   2   2   5   3   0   9  15  0.20 0.20
  143 V     1  -3  -2  -4   3  -4  -3  -1   0   3   0  -4   0  -1  -2  -1   2  -4  -1   3   13   1   1   0   5   0   2   5   2  16   8   0   2   3   1   5  13   0   2  18  0.31 0.27
  144 C     2   0  -1  -1   0   0  -1   0  -1   0   0   0   0  -2   2   1  -1  -4   0   0   18   5   2   2   2   4   2   6   1   4  12   5   2   2  12   9   3   0   3   5  0.12 0.15
  145 A     1  -1  -5  -3   1  -5  -3  -2   0  -1   0  -3  -1   4  -1  -3  -3   4   5   1   10   3   0   1   3   0   1   4   2   4   9   1   1  16   3   1   2   6  23   9  0.61 0.43
  146 P     0   0  -1   0  -2  -1  -1   0   2   0   0   0   1   1   1   0   0  -2   1   0    7   7   0   7   0   0   0   7   6   7   7   7   6   6   7   7   7   0   6   7  0.04 0.10
  147 G     0  -2   1   0   1   0   1  -1   1   0  -1   0   0   0   1   0   2  -3   1  -1   10   0   7   3   3   3  11   4   3   5   4   5   3   4   7   5  14   0   7   3  0.09 0.13
  148 P     0   0  -1  -1   0   0   0  -2   0  -1  -1   0   1  -1   4  -1   1  -4   1  -1    8   5   3   3   2   5   5   2   2   4   6   6   4   2  23   3   8   0   5   5  0.26 0.23
  149 K     0   0   1   0  -3   1   0   0   2   0  -1   0   1  -2   1   0   0  -2   1   0    6   6   6   6   0   6   6   6   6   6   6   6   6   0   6   6   6   0   6   6  0.05 0.08
  150 W    -1   0   0   0   2   0   0  -1   2   0  -1   0   1   0  -3   0   0   3   1   0    5   5   5   5   5   5   5   5   5   5   5   5   5   5   0   5   5   5   5   5  0.06 0.10
  151 A     5   0   0  -4   3  -4  -4   0  -5   0  -4   0  -4  -5   0   0   0  -5  -5  -1   46   5   4   0   5   0   0   7   0   5   1   6   0   0   5   5   5   0   0   5  0.68 0.41
  152 S     0   1   0   0  -1   4   1  -2   1  -1  -2   3   0  -4  -1  -1   0  -4  -4  -2    8   6   4   4   2  21   8   2   3   4   4  16   3   0   3   4   4   0   0   3  0.30 0.26
  153 K     0   1  -1  -1   0   1   0  -1   0   0   0   2   0  -1  -2   1   0  -3  -1  -1    7   5   3   4   2   6   5   3   2   7   9  18   3   2   1  10   7   0   3   4  0.08 0.10
  154 V     0   0   0   0   2   0   0   0  -2   0   0  -1   1   1   1   0   0  -2   1   0    6   6   6   6   6   6   6   6   0   6   6   0   6   6   6   6   6   0   6   6  0.03 0.09
  155 L    -1  -1  -1  -2  -4  -1   0   0   1  -1   0  -1   0   5   0  -2  -1   1   3  -1    5   3   3   2   0   2   5   9   3   2   9   3   2  25   4   2   3   2  10   3  0.32 0.27
  156 N    -1  -1   0  -1   2  -1  -1   1   0  -1  -2  -1   1   0   5  -1  -1  -4   0  -1    5   3   4   4   4   3   3  12   3   4   4   4   4   4  26   4   3   0   3   4  0.35 0.28
  157 K     0   0   0   0  -2   1   0   0   1   0   0   0   1   0   1   0   0  -3  -1   0    6   6   6   6   0   6   6   6   6   6   6   6   6   6   6   6   6   0   0   6  0.04 0.07
  158 K    -1  -1   0   0   0   0   0  -1   0   0   1   0   1   0   1  -1   0   1   0   0    4   4   4   5   2   4   8   3   2   4  20   4   4   4   7   4   4   2   4   5  0.05 0.07
  159 E     0   0   0   0   2   1   0   0   2   0  -1   0   1  -2   1   0   0  -3   1   0    6   6   5   6   5   5   6   6   5   6   6   6   5   0   6   6   6   0   5   6  0.04 0.08
  160 G     1  -1   0   1  -3   0   1   1   1  -1  -1   0  -2  -1   1   0   0  -3   0  -1   16   3   3   7   0   3  10  10   4   4   4   4   0   3   7   6   5   0   5   5  0.08 0.11
  161 S     0  -1   0   1  -3   0   3   1   1  -1  -2   0   0   0   0   0  -1   2  -2  -1    6   3   5   9   0   4  20  10   3   3   4   5   3   4   4   6   4   3   0   3  0.14 0.17
  162 Q     0   0   1   0  -2   1   0   0  -1   0   0   0   1  -2   1   0   0  -2   1   0    6   6   6   6   0   6   6   6   0   6   6   6   6   0   6   6   6   0   6   6  0.05 0.08
  163 T     0   0   1   0   2   1   0   0   1   0  -1   0   1  -2   1   0   0  -3  -2   0    6   6   6   6   6   6   6   6   6   6   6   6   6   0   6   6   6   0   0   6  0.06 0.09
  164 L    -2  -2  -2  -3  -1  -1  -1  -3  -1   2   3  -2   1   2  -3  -3   0   1   2   1    2   2   2   1   1   3   3   2   2  10  28   2   3   9   1   2   7   2   9  10  0.29 0.23
  165 E     0   0   1   3  -5   0   4  -2   0  -3  -2   0  -1  -2  -1   0  -1  -1  -2  -3    6   6   7  15   0   4  26   3   2   1   3   5   1   2   2   8   3   1   1   1  0.38 0.31
  166 E     1   1   0   0   0   0   2  -1   1  -3  -1   2   0  -3  -1  -1   0   2   1  -1   14   6   3   5   3   3  14   4   3   0   5  13   3   0   3   3   5   3   6   3  0.12 0.15
  167 F     0  -2  -2   0   3   1  -2   0  -2   1   0  -2   2   1  -3  -1   0   4   2   0    8   0   0   8   7   7   0   8   0   8   8   0   7   7   0   1   8   7   7   8  0.13 0.15
  168 F    -1   0   0   0   2   0   0  -1   2   0  -1   0   1   0  -3   0   0   3   1   0    5   5   5   5   5   5   5   5   5   5   5   5   5   5   0   5   5   5   5   5  0.06 0.10
  169 K    -1   1   1   4  -5   1   2  -1   2  -4  -2   0   1  -5  -4   0   0  -5  -4  -1    6   7   7  21   0   6  14   5   5   0   4   6   3   0   0   5   7   0   0   4  0.34 0.27
  170 I     1  -1  -1   0   0   1   0  -2   0   1   0  -1   2   3  -4  -1  -1   1   1  -1   11   3   3   5   2   8   7   2   2   7  10   3   5  17   0   3   4   2   5   3  0.15 0.17
  171 Q    -2  -5  -5  -5  -1  -2  -2  -5  -1   4   2  -4   1   3  -5  -2  -1  -4   2   3    2   0   0   0   2   2   3   0   2  25  17   0   2  12   0   3   3   0   6  21  0.58 0.37
  172 K    -1  -1   0  -2  -1  -1  -2  -2   0   0   1   1   0   5  -4  -2  -1   2   3   0    6   2   4   2   1   2   2   3   2   4  12  10   2  24   0   2   3   2  11   5  0.33 0.26
  173 K     0   2   0   2  -2   0   1  -1   0  -2  -3   3  -1  -2   0   0  -1   3  -1  -3    6  10   4  10   1   4  10   4   3   2   2  20   2   2   4   8   3   4   2   1  0.24 0.22
  174 I     2  -1  -2  -1   1  -2  -2  -1  -3   1   0  -1   1   0   0   0   1   2   0   1   24   3   0   4   4   0   0   5   0   9   5   3   5   4   3   6   7   3   3  11  0.11 0.17
  175 L     0   0   1  -3   5  -2  -1  -1   1   0   0  -2   1   0  -3   0   0  -3   0   1    5   5   9   0  18   0   4   4   4   5   8   0   5   4   0   8   7   0   4  10  0.21 0.21
  176 L    -1   3   0  -1   0  -1  -1  -2   0   0   1   0   1   2   0  -1   0   2   0  -1    3  20   6   3   2   2   2   3   3   5  12   5   5   9   4   3   5   3   3   5  0.12 0.16
  177 L     0  -1  -3  -3   0  -1  -2  -1  -1   2   3  -2   1  -1  -2  -2  -1  -4  -1   2    9   3   1   2   2   2   3   4   2  14  29   2   3   2   2   2   4   0   1  13  0.26 0.22
  178 D    -3  -3   3   6  -6  -2   1  -2   0  -2  -3  -2  -5  -3  -3  -2  -1  -6  -1  -4    2   2  13  48   0   2   8   3   2   3   3   2   0   1   1   2   4   0   2   1  1.03 0.60
  179 S    -1   0   0   1  -1   1   2   1   0  -2  -2   0   0  -2  -1   0   0   3   1  -1    4   6   4   8   1   8  13  10   2   3   4   5   2   1   3   6   6   5   7   3  0.12 0.13
  180 E     0   0   0   0  -3   1   0   0   2   0  -1   0  -1  -2   1   0   0   3   1   0    6   6   6   6   0   6   6   6   6   6   6   6   0   0   6   6   6   6   6   6  0.08 0.10
  181 N    -2   0   3   4   0   0   0  -1   0  -2  -2   1  -1  -4  -1  -1  -1   1   0  -2    3   4  15  24   2   4   6   4   2   2   3  10   2   0   3   4   3   2   3   3  0.33 0.30
  182 P    -1   0   0   0   2  -2   0  -1   2   0  -1   0   1   0   0   0   0   3   1   0    5   5   5   5   5   0   5   5   5   5   5   5   5   5   5   5   5   5   5   5  0.05 0.09
  183 I    -1  -1  -1  -1   1   0   1  -2   1   1   0   0   1  -1  -1  -1   0   2   0   2    6   3   3   3   3   4   9   3   3   9   7   5   3   3   3   5   5   3   4  17  0.10 0.09
  184 E     0   0   0   0  -3   1   0   0   2   0  -1   0   1  -2   0   0   0   3   1   0    6   6   5   6   0   5   6   6   5   6   6   6   5   0   6   6   6   5   5   6  0.07 0.10
  185 S     0   0   0   0   2   0   0  -1   1   0  -1   0   1   0   0   0   0  -2   1   0    5   5   5   5   5   5   5   5   5   5   5   5   5   5   5   5   5   0   5   5  0.03 0.05
  186 W    -2  -2  -2  -5   1   1  -2  -3   0  -1  -1  -2   3   0  -6  -2  -2  10   3  -2    3   2   2   0   3   5   3   2   2   4   6   3   7   3   0   3   3  37   8   3  1.28 0.70
  187 E    -1   2   1   0   0   2   2  -2   1  -2  -1   2   0  -3  -3  -1  -1   1   0  -2    5  10   8   5   2  10  12   3   4   3   7  12   2   0   0   4   4   2   3   3  0.18 0.20
  188 S     0   0   0   0   2   0   0  -1   1   0  -1   0   1   0   0   0   0  -2   1   0    5   5   5   5   5   5   5   5   5   5   5   5   5   5   5   5   5   0   5   5  0.03 0.05
  189 H     0   0   0   0   2   1   0  -3   2   0   0   0   1   1  -2   0   0  -2   1   0    6   6   6   6   6   6   6   0   6   6   6   6   6   6   0   6   6   0   6   6  0.06 0.10
  190 G     0   1   0   0  -1   0   0   0   1   0   0   0   0   0  -2   0   0  -2   1   0    8   7   6   4   1   4   4   6   3   9   7   7   4   4   0   8   6   0   6   6  0.02 0.06
  191 E     1   2   0   2  -1   1   2  -2  -1  -2  -2   2  -1  -4  -2   0  -1   0  -4  -2   15  13   4  11   2   7  15   3   1   2   3  11   1   0   2   5   3   2   0   2  0.25 0.25
  192 K    -1   2   0   0  -3   1   1  -2   0   0  -1   2   0  -1  -2   0   0   0  -1  -1    5  13   5   4   0   6  10   2   2   7   7  14   2   3   2   5   6   2   2   3  0.12 0.15
  193 L    -2  -4  -2  -3  -5   4  -4  -3  -1   0   4  -2   3   1  -5  -2  -1   0  -1  -1    3   0   2   2   0  17   0   2   2   5  41   2   8   5   0   2   3   1   2   3  0.59 0.46
  194 H     1   1   0   1  -1   3   2  -1   1  -2  -2   1   0  -2  -3  -1  -1   0  -1  -2   11   6   5   8   2  14  14   3   4   3   3  10   2   2   0   4   3   2   2   3  0.21 0.23
  195 K     0   3  -1   0  -2   1   3  -2   1  -3  -3   3  -2  -3  -3   0   0   0  -2  -3    8  14   3   5   1   6  17   3   3   1   2  20   1   1   1   5   4   1   1   2  0.36 0.31
  196 R    -1   3   0  -1  -4   0  -1  -2   2   1   0   1   1   0  -1  -1  -1   2   1   0    5  19   4   3   0   4   3   3   6   8   9   7   3   3   3   3   3   3   5   6  0.14 0.17
  197 C    -1   0   0   0   2   0   0  -1   2   0  -1   0   1   0  -3   0   0   3   1   0    5   5   5   5   5   5   5   5   5   5   5   5   5   5   0   5   5   5   5   5  0.06 0.10
  198 K     0   1   1   2   1   1   1  -1   1  -1  -1   1   0  -3   0   0   1  -4   0  -1    7   6   7  12   3   6   8   4   4   3   4  10   3   0   4   5   8   0   3   4  0.10 0.13
  199 T     0   0   0   0   0   0  -1  -2   0   0   0   1   0   1  -1  -1  -1   5   2   0    8   6   4   5   2   4   3   2   2   5   7  12   2   8   2   4   3   9   7   6  0.13 0.13
  200 L     0  -1  -1  -1  -3  -3  -1  -2   0   1   4  -1   2   0  -3  -1  -1  -3  -2   0    8   3   3   3   0   0   3   3   3   5  44   3   5   4   0   4   3   0   0   4  0.31 0.28
  201 N    -1   0   3   2  -3   0   1  -1   0  -1  -1   1   0  -1  -3   0   1  -4  -1  -1    4   4  20  10   0   4   7   3   2   4   5  11   2   2   0   5   8   0   2   5  0.18 0.19
  202 E     0   0   1   0  -3   1   0   0   2   0  -1   0   1  -2   1   0   0  -2   1   0    6   6   6   6   0   6   6   6   6   6   6   6   6   0   6   6   6   0   6   6  0.05 0.08
  203 L     0   1  -1  -1   1   0  -1  -1   2  -1   1   2   1  -1  -1   0  -1   2   0  -1    7   7   3   3   3   4   3   6   4   3  13  13   4   3   3   6   3   3   4   5  0.08 0.07
  204 N     0   0   1   0  -3   1   0   0   2  -2  -1   0   1  -2   1   0   0  -3   1  -1    6   6   6   6   0   6   6   6   6   0   6   6   6   0   6   6   6   0   6   6  0.07 0.10
  205 L    -1  -2  -1  -1   0   0   0  -1   0   2   0  -2   0   3  -2  -2   0   0   2   1    4   2   3   4   2   4   7   4   3  16   8   2   2  13   2   3   6   1   6   8  0.13 0.14
  206 E    -1   1  -1   2  -1   0   1  -2   1   0  -1   1   0  -1  -3  -1   1   1  -1   1    5   7   2  13   2   4   8   2   4   5   4  11   2   3   0   4   9   2   2  12  0.13 0.15
  207 K     1   2   0  -1  -4   0   0  -2   2  -2  -2   2  -1  -1  -2   1   0   1   1   0   10  13   3   3   0   4   7   2   5   2   2  12   2   2   2  10   6   2   6   8  0.16 0.19
  208 V    -1   0   0   0  -3   0   0  -1   2   0  -1   0   1   0   0   0   0   3   1   0    5   5   5   5   0   5   5   5   5   5   5   5   5   5   5   5   5   5   5   5  0.06 0.08
  209 I     0   0   0  -2   2   0   0  -1   2   0  -1   0   1   1  -3   0   0   3   1   0    6   6   5   0   5   5   6   6   5   6   6   6   5   5   0   6   6   5   5   6  0.08 0.12
  210 F    -1   0   0   0   2  -2   0  -1   2   0  -1   0   1   0   0   0   0   3   1   0    5   5   5   5   5   0   5   5   5   5   5   5   5   5   5   5   5   5   5   5  0.05 0.09
  211 K    -1   0   1  -1  -3   0   0  -1   0  -1  -1   1   0  -1   2   0   2   1   0  -1    4   6   8   3   0   4   7   5   2   3   4  10   2   2  10   7  13   2   3   5  0.12 0.15
  212 T     0  -3   2   1   0  -1   0   4   0  -2  -3   0   0  -4  -1   1  -1   1  -1  -2    7   0   9   7   2   2   7  29   2   2   3   5   3   0   3  10   3   2   2   2  0.32 0.29
  213 E     0   0   0   0   2   0   0  -1   1   0  -1   0   1   0   0   0   0  -2   1   0    5   5   5   5   5   5   5   5   5   5   5   5   5   5   5   5   5   0   5   5  -0.00 0.06
  214 K    -1   0   2   2  -4   0   0   2   1  -1  -2   1  -3  -1  -4  -1   0  -4   0  -2    5   5  12  13   0   3   6  18   4   3   3   8   0   3   0   4   5   0   3   3  0.22 0.21
  215 T     0   0   0   0   2   0   0  -1   1   0  -1   0   1   0   0   0   0   3  -2   0    5   5   5   5   5   5   5   5   5   5   5   5   5   5   5   5   5   5   0   5  0.05 0.09
  216 N    -1   0   4   3   1   0   1  -2   1  -2  -2   0  -4  -1  -1   0  -1   2  -1  -2    5   5  21  14   3   4   8   3   3   3   3   5   0   3   3   6   4   3   3   3  0.26 0.26
  217 L    -2  -1  -1  -1   1  -1  -1  -2  -4   1   4  -1   2   1  -1  -4  -1  -4  -3   0    3   4   3   4   3   3   3   3   0   7  39   3   4   6   3   0   4   0   0   5  0.34 0.28
  218 E    -1   1  -1   0   1   0   0  -1   0  -1  -1   0   0   1  -4   0   3   2   0   0    3   7   3   4   3   3   6   4   3   4   4   6   3   7   0   6  24   3   3   5  0.17 0.21
  219 V     0   0   0   0   2   0   0   0   1   0  -1   0   1   0  -2   0   0  -2   1   0    6   6   5   6   5   5   6   6   5   6   6   6   5   5   0   6   6   0   5   6  0.03 0.07
  220 Y     0   1   0  -1  -2   0   0   0   0   0   0   0   0   0   0   1   0   1   0   0    4   8   3   4   0   3   5   8   2   7  11   7   4   4   4  11   5   2   3   5  0.02 0.05
  221 L     0   0   0   0   2   0   0  -1   1   0  -1   0   1   0   0   0   0  -2   1   0    5   5   5   5   5   5   5   5   5   5   5   5   5   5   5   5   5   0   5   5  0.03 0.05
  222 L     0   0   0  -1   0  -1  -1   0   0   0  -1   0   0  -1   3   0   0   2  -3   0    6   5   4   3   3   3   4   6   3   7   5   5   3   3  16   7   6   3   0   9  0.13 0.14
  223 E    -1   0   0   1  -4   0   1   1   1  -1  -2   2   0  -1   3  -1  -1  -4   0  -2    5   4   4   8   0   4   8  12   4   3   3  13   3   3  13   3   3   0   3   3  0.17 0.18
  224 T    -1   2   1   1   0   0   0   1   0  -1  -1   0   1  -1  -1   0   0   1  -1  -1    3  12   8   7   2   4   4  11   3   4   7   7   4   3   3   6   4   2   2   4  0.07 0.09
  225 S    -1   0   0   0   2   0   0  -1   2   0  -1   0   2   1   0  -1   0   4   1  -1    5   5   5   5   5   5   5   5   5   5   5   5   5   5   5   5   5   5   5   5  0.09 0.08
  226 L     0   1   0   1   3   0  -1  -2   1   1  -1   0   1   1   0  -1  -1   4   0   0    7   7   4   7   5   4   3   3   4   8   6   6   4   5   6   4   4   6   4   6  0.11 0.09
  227 W    -4  -3  -4  -2   2  -3  -3  -2  -2   2   1  -4  -1   2  -3  -1  -4  10  -1  -1    2   2   1   3   4   1   2   4   1  10  12   2   2   7   2   6   2  31   2   5  1.20 0.66
  228 T     1   0   1   0   2  -1   0  -2  -1   2   0   0   1  -2  -2  -1   0   1  -1   1   11   4   7   5   4   3   5   3   2  10   8   7   3   2   2   4   7   2   2  10  0.08 0.07
  229 G     0  -3  -1   2   3  -4  -4   5  -2  -2  -5  -3   0  -1  -4   1  -4  -7  -7  -3    7   2   3  12   5   1   2  38   1   2   2   2   2   3   1  12   2   0   0   2  0.81 0.50
  230 G     1  -1  -1   3   1  -1  -2   3   0  -2  -3  -2  -2  -3   2   0  -1  -6  -1  -2   12   3   2  14   3   3   3  21   2   3   3   3   1   2   9   6   4   0   2   3  0.32 0.24
  231 S     0  -1   0  -1   1   0  -1   3   1  -1  -2  -1   0  -1  -1   0  -1   2  -1  -1    9   4   4   4   3   4   4  23   3   4   5   4   3   3   3   8   4   3   3   5  0.17 0.14
  232 E    -1   0   0   0   2   0   0  -1   2   0  -1   0   2   1   0  -1   0   4   1  -1    5   5   5   5   5   5   5   5   5   5   5   5   5   5   5   5   5   5   5   5  0.09 0.08
  233 K    -1   0   0  -1   1   1   1  -1   3   0  -1   1   1   1   0  -1  -1   2   0  -1    5   6   4   4   3   5   8   5   6   6   5   8   4   7   4   4   4   3   4   5  0.07 0.07
  234 I     0   1   1   0   1  -1  -1  -2  -4   1  -1  -1   1  -1  -4   0   3  -4  -1  -1    8   7   6   5   3   3   4   4   0   8   7   4   3   3   1   8  18   0   3   5  0.17 0.14
  235 K    -1   0   3   1   0   0   0  -2   1  -1  -2   1  -1  -1   1   1   1  -4  -1  -1    5   5  13   7   2   4   5   3   4   3   4  10   2   2   7  10   7   0   2   4  0.13 0.15
  236 G     0  -1  -1   1   1   0   1  -1  -5   0  -2   0   1   3  -1  -1  -1   4   0  -1    8   4   3   7   3   5   8   6   0   6   4   5   3  12   4   4   3   6   3   5  0.17 0.14
  237 T    -1   0   0   0   2   0   0  -1   2   0  -1   0   2   1   0  -1   0   4   1  -1    5   5   5   5   5   5   5   5   5   5   5   5   5   5   5   5   5   5   5   5  0.09 0.08
  238 E    -3   0   4  -1  -7  -1  -1   4   0  -2  -3  -1   0  -2   0  -2  -2  -7  -1  -1    3   4  16   3   0   4   4  31   2   3   3   5   2   2   5   3   3   0   2   5  0.55 0.37
  239 I    -1   1  -1  -1   6  -1  -1  -2   1   1  -2  -1   0  -1  -2   0   0   2   0   1    4   7   3   4  14   3   4   4   3   9   4   4   3   3   3   6   5   2   3  11  0.26 0.18
  240 E    -1   0   0   0   2   0   0  -1   2   0  -1   0   2   1   0  -1   0   4   1  -1    5   5   5   5   5   5   5   5   5   5   5   5   5   5   5   5   5   5   5   5  0.09 0.08
  241 F    -1   0   0   0   2   0   0  -1   2   0  -1   0   2   1   0  -1   0   4   1  -1    5   5   5   5   5   5   5   5   5   5   5   5   5   5   5   5   5   5   5   5  0.09 0.08
  242 N    -1   0   0   0   2   0   0  -1   2   0  -1   0   1   0  -3   0   0   3   1   0    5   5   5   5   5   5   5   5   5   5   5   5   5   5   0   5   5   5   5   5  0.06 0.10
  243 A     1   0  -1  -2   0  -1  -1  -2   1  -1  -1  -1   0  -2   3   1   1  -3   0   0   16   5   2   1   2   2   4   2   4   2   5   3   2   2  18  12   8   0   3   8  0.22 0.14
  244 N    -1  -1   6   0  -3  -1  -1   1   0  -3  -2  -2  -1  -3  -3   0   0   0  -1  -3    5   2  49   3   0   2   3  10   2   1   5   1   2   0   1   4   6   1   2   1  0.64 0.29
  245 M    -1  -2  -3  -3  -2  -3  -3  -3  -3   4   2  -3   4   2  -3  -3  -1   1   0   1    4   2   1   1   0   1   1   1   0  30  24   1  13   9   1   1   3   2   3   4  0.41 0.20
  246 P    -3  -4  -4  -4  -4  -3  -3  -4  -4  -4  -4  -3   4  -4   8  -3  -3  -4  -4  -4    1   1   1   1   0   1   1   1   0   1   1   1  12   1  76   1   1   0   0   1  2.12 0.56
  247 T     0  -2   0   1   2  -1   0   1   0  -1   0  -2   0  -1  -2   1   2   2  -1   0    8   0   2   9   5   0   6  11   2   2   7   0   4   2   0  12  15   3   2   6  0.10 0.13
  248 E    -1  -2   0   0  -3   1   2   3  -2  -2  -2   0  -2   1   0   0  -2  -2   0  -1    4   0   5   4   0   9  17  26   0   0   4   4   0   8   4   4   0   0   4   4  0.22 0.17
  249 E    -1   1   0   1  -4   1   5  -1  -2  -4  -3   0  -3   0   0   0  -2  -4  -3  -3    5   8   5   5   0   5  46   5   0   0   1   5   0   5   5   5   0   0   0   0  0.51 0.29
  250 V     0  -3   0  -3   2  -3  -3  -1  -3   3   1  -3   1   0  -3  -1   0  -3  -2   3    5   0   5   0   4   0   0   6   0  22   9   0   4   5   0   6   5   0   0  27  0.26 0.20
  251 F    -1  -3  -1  -3   1  -3  -1  -3   1   0  -1  -3   1   6  -4  -1   0   3   3  -1    5   0   4   0   4   0   4   1   4   6   4   0   4  38   0   5   5   4  10   4  0.50 0.28
  252 T     0  -3  -1  -3   2  -2  -3  -2   0   0  -1  -2   1   0  -3   1   4   1   0   1    5   0   3   0   5   0   0   3   2   6   4   0   4   3   0   8  39   2   4   9  0.34 0.28
  253 T     0  -2  -2  -2   3   1   0   0  -2   1   0  -2   2  -2   1   0   1  -3  -2   0    8   0   0   0   8   8   8   8   0   8   8   0   8   0   8   8   8   0   0   8  0.13 0.13
  254 P     1  -3  -2  -3  -2  -2  -2   1  -3   1   1  -2   0   2   2  -1   1  -2  -1   1   13   0   0   0   0   0   0  13   0  13  13   0   0  13  12   0  13   0   0  13  0.16 0.08
  255 N    -2  -1   1   4   1   0  -2  -2   4   0  -1  -1   1  -1  -2  -2  -2  -7   0   1    4   4   6  22   3   4   3   3   9   5   6   4   3   3   3   3   3   0   3  10  0.36 0.25
  256 Y    -1   2  -1  -1   1  -1   1  -3   1  -1   0   3   0  -1  -1  -2  -2   2   0   0    5   9   3   4   3   3  11   3   3   3   8  19   3   3   3   3   3   3   4   6  0.21 0.18
  257 K    -1   0   0   0   2   0   0  -1   2   0  -1   0   2   1   0  -1   0   4   1  -1    5   5   5   5   5   5   5   5   5   5   5   5   5   5   5   5   5   5   5   5  0.09 0.08
  258 K     0   0   0   0   2   0   0   0   2   0  -1   0  -1   1  -3   0   0   3   1   0    6   6   5   6   5   5   6   6   5   6   6   6   0   5   0   6   6   5   5   6  0.06 0.10
  259 T     2   1  -3  -4   2  -3  -3   0  -4   0   0  -3   2  -3   0   0   3  -4  -3   2   16   8   0   0   5   0   0   7   0   5   6   0   5   0   5   5  22   0   0  17  0.29 0.25
  260 K     0   0   1   0   2   1   0  -3   2   0  -2   0  -2   1   1   0   0  -3   1   0    6   6   6   6   6   6   6   0   6   6   0   6   0   6   6   6   6   0   6   6  0.10 0.14
  261 G    -4  -6  -5  -6  -6  -6  -6   7  -6  -6  -7  -6  -6  -6  -6  -4  -5   5  -6   1    0   0   0   0   0   0   0  82   0   0   0   0   0   0   0   0   0   9   0   9  2.15 0.68
  262 I    -1   1  -1  -1  -3   0  -1  -4   2   1  -1   0   0   0  -3  -1   1   5   3   1    3   7   3   3   0   3   4   0   5   8   4   5   3   3   0   3   9   9  10   9  0.15 0.19
  263 V     0   1  -2   1  -2  -2  -2  -3  -2   1   1  -2   2   2  -3  -1   1  -2   2   1   10  10   0  10   0   0   0   0   0  10  10   0  10  10   0   0  10   0  10  10  0.12 0.11
  264 Y    -1   3  -1  -2   1  -1  -2  -3   3  -1  -2   0   0   3  -2  -1   2   2   3   0    5  13   3   3   3   3   3   3   5   3   4   5   2  11   3   5  11   2   8   6  0.28 0.16
  265 A     1  -4   0  -1   1  -3  -3  -1   0   0  -1  -2   0   4  -2   1   0  -3   2   1   14   0   4   3   3   0   0   4   2   4   5   2   2  20   2  10   6   0   6  12  0.25 0.24
  266 T    -1  -1   2   2  -4  -1  -1  -2   2  -4  -3  -1  -1  -4   0   2   4  -5   0  -1    3   3  10  11   0   2   4   2   4   0   2   3   2   0   4  16  27   0   3   5  0.39 0.33
  267 R    -1   0   0   0   2   0   0  -1   2   0  -1   0   2   1   0  -1   0   4   1  -1    5   5   5   5   5   5   5   5   5   5   5   5   5   5   5   5   5   5   5   5  0.09 0.08
  268 P     0   0  -1   0  -7  -6  -1  -2   1  -1  -2  -1  -6  -7   6   0  -1  -7   0  -1    7   5   4   6   0   0   4   4   3   4   4   4   0   0  34   8   4   0   3   4  0.68 0.43
  269 V     0  -1  -1  -2   1  -1  -2  -2   1   0   1  -1   1   2  -1   0   1  -5   0   1    7   3   3   3   3   3   3   4   3   6  16   3   3   8   3   7   8   0   3  12  0.10 0.09
  270 M    -1   0   0   0   2   0   0  -1   2   0  -1   0   2   1   0  -1   0   4   1  -1    5   5   5   5   5   5   5   5   5   5   5   5   5   5   5   5   5   5   5   5  0.09 0.08
  271 V    -2   1  -1  -1   1  -1  -2  -2   2   0   1  -2   1   2  -2  -2  -1   2   5   0    3   7   3   4   3   3   3   3   5   5  11   3   3   7   3   3   3   3  17   8  0.30 0.21
  272 L    -1   1   2   0  -4   1   0   2   1  -2  -1   0   1   0  -1  -1  -1   1   0  -2    4   7  11   6   0   7   4  17   3   3   6   4   4   4   3   4   4   2   4   2  0.13 0.15
  273 E    -1  -1   0   0  -5   0  -1   5   1  -5  -2  -1   1   0  -5  -1  -4  -5   0  -5    4   4   5   5   0   4   4  45   4   0   4   4   4   4   0   4   0   0   4   0  0.69 0.42
  274 T    -1   1   0  -1   0   1  -1   2   2   0  -1   0   1  -1   0  -1   0  -3   0  -1    3  10   4   3   3   8   4  15   5   8   5   5   4   3   4   4   6   0   3   4  0.08 0.11
  275 L    -1   1  -1  -1   0   0   2  -2   0   0   1   1   0   0   0  -1   0   1  -1   0    3   7   2   3   2   5  13   2   2   6  15   8   3   4   5   3   7   2   2   7  0.07 0.10
  276 I    -2  -5  -2  -5   0  -5  -2  -6  -1   4  -1  -3   2   4  -3  -3  -2   1   2   4    3   0   2   0   2   0   4   0   2  22   4   2   4  14   2   2   2   2   7  24  0.66 0.38
  277 Y    -3   1   0   3  -1   1   4  -3   1  -1  -3   2  -4  -3  -2  -1   1  -6  -1  -3    1   8   4  16   1   5  24   2   4   3   2  11   0   1   2   5   8   0   2   1  0.42 0.35
  278 G    -3  -3   4   4  -6  -2   0   4  -2  -4  -7  -2  -6  -3  -1  -2  -2   0  -3  -4    1   1  22  20   0   2   5  32   1   1   0   3   0   1   3   2   2   1   1   1  0.85 0.52
  279 M     0  -6  -6  -7  -1  -6  -6  -4  -1   4   3  -6   1   3  -3  -5  -3  -5  -4   3    8   0   0   0   1   0   0   1   1  23  25   0   3  12   1   0   1   0   0  22  0.80 0.46
  280 W    -2   3  -3  -2  -1   0   2  -3   0  -1  -4   2  -1  -1  -5   0   2   5   1  -2    2  18   1   1   1   3  16   1   2   3   1  11   1   2   0   7  12   8   5   2  0.45 0.35
  281 L     0  -3  -2  -3  -2  -2  -3   0   3   1   0  -3   2   2  -3  -2   0   5   2   1    9   0   0   0   0   0   0   9   9   9   9   0   9   9   0   0   9   9   9   9  0.24 0.16
  282 K    -2   3  -1   0  -5   0   2  -2   1  -1  -2   1   0  -1  -1  -1   1   2   0   0    3  20   3   5   0   3  13   3   3   3   3   9   3   3   3   3   8   3   3   8  0.22 0.19
  283 F    -4  -5  -6  -6   2  -5  -6  -6  -4   1   0  -6   2   7  -6  -5  -4   4   2   0    0   0   0   0   4   0   0   0   0   9   7   0   5  58   0   0   0   4   4   7  1.42 0.53
  284 E    -1   1   0   0   1   1   2  -2   1  -1  -2   3   0  -1  -4   0  -1  -4   0  -1    5   7   3   4   3   5  18   3   3   3   3  23   3   3   0   6   3   0   3   4  0.26 0.23
  285 N     0   1   1   1  -3   1   1   0   2  -2  -2   1   1  -3  -2   0  -1  -3  -2   0    8   8   8   8   0   8   8   8   8   0   1   8   8   0   0   8   0   0   0   8  0.13 0.12
  286 G    -3  -4  -3  -4  -5  -4  -4   7  -4  -5  -5  -4  -5  -5  -4   0  -4   4  -4  -5    1   0   0   0   0   0   1  79   0   0   1   0   0   0   0   7   1   6   0   1  1.76 0.51
  287 K    -2   3  -1  -2  -1   0   1  -3   0  -2   0   4   1  -2  -3  -2  -1   0  -1  -1    2  17   1   2   2   3   7   2   2   2   8  35   4   2   0   2   2   1   2   5  0.37 0.22
  288 V     0  -4  -4  -4   1  -4  -4   1  -4   3   1  -4   1  -3  -4  -3  -1  -4  -3   4    6   0   0   0   3   0   0  11   0  21  10   0   3   0   0   0   3   0   0  39  0.59 0.27
  289 V     0   0  -2   0   2   1   0  -3   2   0   0   0   1   1  -2   0   0  -2   1   0    6   6   0   6   6   6   6   0   6   6   6   6   6   6   0   6   6   0   6   6  0.06 0.11
  290 D     0   1   2   2  -3   0   1  -1   1  -3  -2   1  -2  -3   1   0   0   2   0  -1    7   7   9  16   0   3   9   4   3   0   4   9   0   0   6   7   4   3   3   4  0.17 0.15
  291 F     0  -3  -1   0   0  -2  -1  -2   0   0  -1  -3   0   3  -3  -1  -1   4   4   1    9   1   3   5   2   0   4   3   2   6   5   1   3  13   1   4   3   5  21  11  0.28 0.24
  292 G     0   1   1   0   0   0   1   0   1  -1  -2   1  -2  -1   0   1   1   0  -1  -1    4   7   6   4   2   4   7   8   3   3   3   8   0   2   4  15  12   1   2   4  0.10 0.11
  293 C     5  -4  -4  -4   6  -3  -3  -1  -1  -2  -2  -2   0  -4  -1   0  -1  -4  -4   0   49   1   1   1  17   0   1   3   2   2   3   2   2   0   2   4   3   0   0   6  0.82 0.48
  294 D     0   0   1   0   2   1   0   0   2  -2  -1   0  -2   0   1   0   0  -2   1  -1    6   6   6   6   6   6   6   6   6   0   6   6   0   6   6   6   6   0   6   6  0.06 0.09
  295 D     0   0   1   0   2   1   0   0   2   0  -1   0  -1  -2   1   0   0  -3  -2   0    6   6   6   6   6   6   6   6   6   6   6   6   0   0   6   6   6   0   0   6  0.07 0.08
  296 E     0   1   0   1   0   1   2   0   0  -2  -2   1  -1   0   1   0   0  -3  -1  -2    6   7   4   6   2   4  15   7   2   2   3   9   2   5   6   8   5   0   2   3  0.11 0.12
  297 K     0   0   0   0  -2   1   0   0   1   0  -1   0   1   0   1   0   0  -2   1   0    6   6   5   6   0   5   6   6   5   6   6   6   5   5   6   6   6   0   5   6  0.03 0.06
  298 Q    -3  -3   4   1  -5  -2  -2   5   0  -3  -3  -1  -1  -1  -5  -2  -2   0  -2  -3    2   2  18   8   0   2   3  41   2   2   3   4   2   3   0   2   3   1   1   2  0.79 0.48
  299 K    -1   1   0   0  -1   2   3  -2   0  -2  -1   2  -1  -2  -1  -2   0   0  -1  -1    6   6   5   5   1  10  24   3   2   2   5  11   2   2   3   2   5   1   2   4  0.25 0.24
  300 E     1  -1  -1   3  -1   0   4  -2   1  -3  -2   1  -2  -5  -2  -1  -2  -6  -5  -3   11   2   2  19   1   4  26   3   3   2   4  10   1   0   2   4   2   0   0   2  0.49 0.38
  301 I     1   0  -1  -1  -1  -1   1  -3   0   0   1  -1   0   3  -2  -2   0   0   1   0   11   5   3   3   1   2   9   1   2   6  11   4   2  16   1   2   6   1   4   8  0.12 0.14
  302 L     0  -2   0  -2   2  -1   0   0  -2   0   0   0   1   1  -3   0   0   4   1   0    7   0   7   0   6   0   7   7   0   7   7   7   6   6   0   7   7   6   6   7  0.09 0.13
  303 K    -1   3   0   0   0   1   1  -1   1  -2  -2   3   0  -1  -4  -1   0   2   0  -1    4  15   4   4   3   6  11   5   3   3   3  17   3   3   0   3   5   3   3   4  0.19 0.19
  304 S    -1   0   0   0  -3   0   0  -1   2   0  -1   0   1   0   0   0   0   3   1   0    5   5   5   5   0   5   5   5   5   5   5   5   5   5   5   5   5   5   5   5  0.06 0.08
  305 H    -1   1  -1  -1  -3   0  -1  -2   2   1   1  -1   2   1  -4  -1  -1   4   3   0    3  11   3   3   0   3   4   3   5   9  14   3   6   5   0   3   3   6  10   5  0.16 0.18
  306 I     0  -2   0   0   2   1   0  -3   2   0   0  -2   1   1  -3   0   0   4   1   0    6   0   6   6   6   6   6   0   6   6   6   0   6   6   0   6   6   6   6   6  0.12 0.16
  307 E     1   0   0   1  -3   1   1  -1   2  -2  -1   1   0   0  -2   0   0  -3   0   0   14   4   4  11   0   5  11   4   5   0   8   8   3   4   0   5   4   0   3   6  0.08 0.11
  308 T     0   0   0  -1  -3   0   0  -2   0   0  -1   0   1   0  -1   0   2  -3   1   0    9   4   4   3   0   3   5   2   3   5   4   7   6   3   2   7  20   0   5   7  0.09 0.16
  309 D     0  -2   2   6  -1  -1  -1  -2   1  -3  -4  -2  -1  -5  -2  -1  -1  -6   0  -3    7   2  11  45   2   2   2   3   4   2   2   2   2   0   2   4   3   0   3   2  0.79 0.51
  310 I     0   0  -1   1  -5   0   4   0   3  -2  -2   0  -3  -3   1  -1  -1   0  -1  -2    9   6   2   6   0   2  29   7   8   2   4   6   0   1   7   3   3   2   2   2  0.33 0.31
  311 Q     0   0   0   0   2   0   0  -1   1   0  -1   0   1   0   0   0   0  -2   1   0    5   5   5   5   5   5   5   5   5   5   5   5   5   5   5   5   5   0   5   5  0.03 0.05
  312 A     2  -1   0  -1   1   0  -3   0   2  -1  -2   0   1   1  -4   2   1  -5  -3  -1   20   3   5   3   3   3   0   8   5   3   3   6   4   6   0  15  10   0   0   3  0.21 0.25
  313 K    -1   3   1   0   1  -1  -1  -2   1  -1   0   1  -1  -4   2   0  -1   1  -1  -1    3  19   6   6   3   2   3   2   4   3  11   8   2   0   9   7   2   2   2   5  0.20 0.21
  314 Y    -1   0   0   0   2   0  -1  -1   2   0  -1   0   2   0   0  -1   0   4   1  -1    5   5   5   5   5   5   5   5   5   5   5   5   5   5   5   5   5   5   5   5  0.04 0.10
  315 I    -1  -9 -10 -10   3   1  -9 -11 -10   3   4   0   3   2   0  -9  -1 -10  -8   2    5   0   0   0   5   6   0   0   0  15  29   5   6   7   5   0   5   0   0  12  0.88 0.41
  316 G     1  -5   0   0   2  -4  -4   6  -4  -1  -2  -4  -4  -5  -5   0  -3   3  -5  -4   11   0   4   5   4   0   0  58   0   4   5   0   0   0   0   6   0   4   0   0  1.00 0.47
  317 E    -1  -3  -3   1  -6   0   6   0  -3  -5  -5  -1  -5  -1  -4   0  -4  -6  -5  -2    5   0   0   6   0   3  65   7   0   0   0   3   0   3   0   6   0   0   0   3  1.14 0.52
  318 V    -1  -4  -5  -5   1  -4  -4  -5  -4   3   2  -4   0   4  -4  -2  -2   4   0   2    5   0   0   0   3   0   0   0   0  17  17   0   2  25   0   2   2   7   2  18  0.60 0.27
  319 A     3   0   0  -3  -3  -2  -3   3  -3  -1  -1  -2  -2  -4  -3   2  -1  -4  -4  -1   36   4   4   0   0   0   0  20   0   3   8   0   0   0   0  19   2   0   0   5  0.43 0.27
  320 L    -2  -3  -3  -1  -3  -3  -3  -2  -3   3   3  -1   2   2  -1  -3  -2  -3  -2   1    1   0   0   4   0   0   0   4   0  23  39   4   4  10   4   0   0   0   0   5  0.39 0.23
  321 V     0  -3  -1  -3   1  -3  -3   4  -3   2  -1  -3   1  -3  -1  -2   0  -4  -3   3    4   0   3   0   3   0   0  32   0  15   4   0   4   0   3   0   4   0   0  24  0.37 0.24
  322 D    -1  -2   1   1   1  -1  -1   3   0  -1  -1  -2   0  -1   3   0   1  -3  -2  -1    3   0   8   9   3   2   3  24   2   3   4   0   3   4  14   3   9   0   0   6  0.21 0.15
  323 S    -1  -1   4  -1   0  -1   0  -1   2  -1  -1  -1  -1  -2  -2   0   1   1   2  -1    3   3  26   2   2   2   5   4   6   4   5   3   2   2   1   8  10   2   7   4  0.26 0.22
  324 N    -2   0   4   3  -2  -1  -1   0   0  -5  -4  -1  -2  -3   3   1   0  -5  -2  -4    3   6  19  16   1   2   4   7   2   0   2   4   1   1  14   9   6   0   1   0  0.44 0.31
  325 S     0  -1  -1  -1   1   0  -1   0   1   1  -1  -1   1   0   1   1   1  -3   1   0    6   3   3   3   4   4   3   6   4  12   3   3   3   4   6  13   8   0   6   4  0.07 0.12
  326 P     0   0   0   0  -2   0  -1   0   1   0   0   0   0   0   2   0   0  -2   0   0   10   6   4   5   0   4   3   9   3   9   6   4   3   4   9   5   5   0   4   7  0.04 0.05
  327 I     0   2   0  -1   0   0  -1  -2   1   3   0   1   1   0  -3  -1   0  -3   0   0    6  12   4   3   2   4   3   3   3  21   6   8   4   4   1   4   4   0   4   5  0.12 0.16
  328 Y     1   0  -1  -1   0   1  -1  -1   0  -1  -2   0  -2   2  -1   1   0   1   3  -1   12   6   3   3   2   6   2   4   2   4   2   7   0  11   2  11   5   2  11   5  0.14 0.18
  329 Q    -1   2   0  -2  -1   2   0  -2   0  -3  -3   2   4  -2   2  -1   2  -1  -2  -2    4  13   4   2   1   8   5   3   3   1   2  12  10   1  10   5  12   1   1   3  0.28 0.29
  330 S     0   0   0   0   2   0   0  -1   1   0  -1   0   1   0   0   0   0  -2   1   0    5   5   5   5   5   5   5   5   5   5   5   5   5   5   5   5   5   0   5   5  0.03 0.05
  331 N    -1   0   2   0   1   0   0   1   1  -1  -1   0   1  -3   0   0   0  -3   0  -1    5   4  12   6   4   4   5  13   4   4   5   6   4   0   3   7   6   0   3   4  0.10 0.13
  332 L    -2   2   0  -1   1   1  -1  -2   1   1  -1   1   2  -1  -1  -1   0   2   0   0    3  13   4   3   3   6   5   3   4   8   6   9   5   3   3   4   6   3   4   6  0.14 0.12
  333 I     0   0   0   0   2   0   0  -1   1   0  -1   0   1   0   0   0   0  -2   1   0    5   5   5   5   5   5   5   5   5   5   5   5   5   5   5   5   5   0   5   5  0.03 0.05
  334 F    -3  -2  -1  -4   0  -2  -1  -2   1  -1  -1  -2   2   6  -4  -1   1   3   3  -1    1   2   3   1   2   2   4   4   4   4   5   2   5  33   1   6   8   3   8   3  0.51 0.35
  335 Y    -2  -1   0   1  -1  -1  -2   2   1  -1   0   0   1   1  -3  -1  -1   1   3  -2    2   3   5  11   2   2   2  19   3   4  10   8   4   6   0   2   2   2  10   2  0.16 0.19
  336 S    -2  -1   4   2  -1   0   3  -4   2  -3  -2  -2  -1  -4   2  -1   0  -5   1  -3    2   3  22   9   2   3  17   0   6   2   4   2   2   0  11   4   5   0   5   2  0.44 0.38
  337 T    -2  -2  -1  -4  -4  -2  -2  -3  -4   4  -1   0   0  -1   1  -2   3  -5  -1   1    2   2   3   0   0   2   2   2   0  30   5   6   3   2   8   3  22   0   2   7  0.44 0.40
  338 L    -1  -2   0  -1  -3  -2  -3  -1   1   1   3  -1   3   1  -3  -1  -1  -3   0   0    5   0   4   4   0   0   0   5   4   8  31   4  13   5   0   4   4   0   4   5  0.19 0.20
  339 Y    -1  -2  -2  -2   1   0   0   1   1   1   0  -2   1   2  -3  -2  -1   2   2   0    4   0   0   0   4   4   8  14   4  13  11   1   4   8   0   1   4   4  10   6  0.11 0.14
  340 D    -1  -2   1   5  -3  -1   0   1  -2  -1  -2   1   0  -3  -2  -1   0  -3  -1  -1    6   1   4  38   0   1   3  11   0   3   4   8   3   1   1   3   6   0   3   5  0.36 0.24
  341 E    -1   2   0   0  -4   1   5  -3  -2   0  -3   0   0  -4   0  -1  -1  -4  -3  -3    5  10   3   4   0   4  42   1   0   6   1   5   3   1   5   3   4   0   0   1  0.51 0.32
  342 N    -1   0   3  -1  -4  -1  -1   1   2  -2  -2   3  -1  -1  -1  -1   0   0  -1  -2    4   3  15   2   0   2   2  10   6   3   3  29   2   3   3   3   5   1   2   2  0.25 0.24
  343 A     2  -1  -2  -2   0  -2  -2   4  -2  -3  -2  -1   2  -4   0  -1   0  -4  -4  -2   18   4   0   1   3   1   2  39   1   0   4   2   7   0   4   3   7   0   0   3  0.46 0.30
  344 S     1   0   2  -2  -1  -2  -3   2  -3  -2  -2  -2  -3  -3  -3   3   3  -4  -4  -2    9   6  11   0   1   1   0  16   0   1   3   0   0   1   0  22  26   0   0   2  0.45 0.34
  345 C     0  -2   0  -1   4  -2  -2   0   1   0   0  -2   1   0   0   1   0  -3  -2   0    9   0   5   4  11   0   1   6   4   7   9   0   4   4   4  17   7   0   0   6  0.11 0.12
  346 H    -3   0   1  -3  -4   1  -2   0   8   0  -4   0  -3  -3  -3   0   1  -4  -1  -3    1   6   5   0   0   5   1   7  44   6   1   6   0   0   0   6  11   0   0   1  0.88 0.39
  347 I     0  -2  -2  -3   2  -2  -2  -2  -2   2   2  -2   2   1  -2   0   0  -2  -1   1    6   1   0   1   5   0   1   1   0  18  26   1   6   9   1  11   6   0   0   8  0.15 0.08
  348 A     3  -2  -2  -2  -1  -1  -1   0   1   0  -2  -1  -1  -2   2   1   1  -3  -2   0   45   1   0   1   0   0   1   6   6   6   1   1   0   0  11   6   8   0   0   6  0.28 0.14
  349 L    -1  -3  -3  -3   3  -2  -3  -3  -3   1   2  -3   1   1   0  -2   0   6   1   0    5   0   0   0   9   0   1   1   0  11  25   1   5   6   5   1   5  14   5   6  0.37 0.12
  350 G     1  -3  -2  -2  -3  -2  -2   5  -3  -3  -3  -2  -3  -3  -2   1  -2   6  -2  -3   12   1   1   1   0   1   1  55   0   1   1   1   0   1   1  11   1  12   0   1  0.83 0.20
  351 A     2   1   1   0   0   2   0  -1   0  -1  -1   0   1  -1  -2   0  -1  -3  -1  -1   25   7   6   5   2  14   3   4   3   2   3   4   4   2   1   6   3   0   2   3  0.13 0.12
  352 A     3  -3   0  -1   2  -2  -2   2   0  -1   0  -2   0  -1  -1   1   0  -3  -3  -1   27   1   4   2   5   0   1  20   2   3   8   1   2   2   2  13   4   0   0   3  0.26 0.18
  353 Y    -2   0   1   0   2  -1   0  -3   2   0   0   0   1   1   1   0   0  -2   1   0    0   6   6   6   6   0   6   0   6   6   6   6   6   6   6   6   6   0   6   6  0.07 0.12
  354 P     0   0  -1   0  -3   0   1  -1   0   0  -1  -1   0   0   3  -1   0   2   1  -1    8   5   3   4   0   4   8   6   3   6   5   3   3   3  17   5   5   3   7   4  0.16 0.15
  355 S    -1  -1   0   2  -1   0   3  -2   0  -1  -2  -1   1   1  -2   1   0   0   0  -2    4   3   5  10   1   4  19   3   2   3   4   4   5   7   2  11   6   1   3   3  0.18 0.20
  356 C     0   0   1  -2   6  -1  -2   0   2  -2  -2  -2  -1  -1  -2   0   2   1   1  -1    8   4   7   2  19   3   2   7   5   2   3   2   2   2   3   8  11   2   4   4  0.38 0.28
  357 L     0   0   0   0   2   0   0  -1  -2   0  -1   0   1   0   0   0   0   3   1   0    5   5   5   5   5   5   5   5   0   5   5   5   5   5   5   5   5   5   5   5  0.05 0.08
  358 S    -1   0   0   0  -4   0   3  -1   1  -1  -2   0   1  -1   1   0   0  -3   1  -1    4   5   4   4   0   4  21   6   3   4   4   6   3   3   7   6   5   0   5   5  0.14 0.17
  359 N    -1  -1   2   3  -1  -1   1   3   1  -3  -3  -1  -1  -5  -2   0  -2   1  -1  -3    5   3  10  15   1   2   8  25   3   2   3   4   1   0   2   6   2   2   2   2  0.38 0.30
  360 E    -1  -2   0   1  -1  -2  -1   4   0  -2  -3  -1  -2  -2   0   0  -2   0  -1  -2    4   2   5   9   2   2   4  36   2   2   3   4   1   2   5   8   2   2   3   3  0.44 0.32
  361 E     0   0   0   0  -1   0   2  -1   1  -1  -1   0   1  -2   1   0   1   1  -1   0    9   5   4   6   1   3  17   4   3   3   6   5   3   1   6   5   7   2   2   6  0.10 0.12
  362 D     0   0   0   0  -2   1   0   0   1   0  -1   0   1   0   1   0   0  -2   1   0    6   6   5   6   0   5   6   6   5   6   6   6   5   5   6   6   6   0   5   6  0.03 0.06
  363 L    -1   0   1  -1   0  -1  -1  -2   0   0   1  -1   4   0  -2  -1   0   1   1   0    5   5   7   4   2   2   3   3   2   6  16   4  15   4   2   5   5   2   5   6  0.13 0.17
  364 K     0   0   1   1  -2   0   0  -1   1  -1  -1   1   0  -1   1   1   0  -3  -2  -1    9   4   7   8   0   3   5   4   4   3   6  11   4   3   7  10   7   0   0   4  0.08 0.09
  365 T     0   0   0   0  -3   0   0  -1   1  -2  -1   0  -2  -1   1   1   1   2   0  -1    5   6   4   7   0   4   4   4   3   0   6   6   0   3   7  14  13   3   3   5  0.10 0.13
  366 D    -2  -1   1   5   0  -1   3  -1   1  -2  -3   1  -1  -2  -1  -2  -2  -5  -1  -3    3   3   5  28   2   3  20   4   3   2   3   9   2   2   3   2   2   0   2   2  0.48 0.35
  367 A     0   0   0   0  -1   0   4   0   0  -2  -2   1   0   0   0  -1  -1  -3  -1  -2    9   5   4   4   2   3  26   8   2   3   3   8   2   4   4   3   3   0   2   3  0.21 0.20
  368 D    -1   0   0   2  -2   2   4  -2  -3  -3  -1   1  -1  -4  -3  -1  -1  -1  -4  -3    5   6   3  11   1   9  32   3   0   2   6   9   1   1   1   4   3   1   0   2  0.48 0.33
  369 K    -2   2  -1  -2  -2  -1   1  -3  -3   0   2   3   1   1  -3  -3  -2   3  -1  -2    3  11   2   2   1   2   8   2   0   4  25  19   3   5   1   2   1   4   1   3  0.33 0.27
  370 L     2   0  -1   1  -3   0   1  -2   0   0   0   1   1  -2  -1  -1   0  -3  -1  -1   17   4   2   7   0   4  12   3   2   8   9  10   3   1   2   4   6   0   2   3  0.10 0.13
  371 T     2   0  -1   1  -2   0   2  -1  -2   0  -3   2  -1  -2  -2  -1   0  -4   1  -2   22   4   3   8   1   4  13   4   1   5   2  12   1   1   2   4   5   0   6   3  0.21 0.23
  372 Y     2   1  -1  -2   0  -1  -2   1   2  -1   1   0   0   1  -1  -1  -1  -1  -1  -1   19   9   3   2   2   2   2  10   5   3  14   5   3   5   3   4   3   1   2   5  0.08 0.13
  373 G    -2   0   3  -3  -6  -3  -6   6  -2  -4  -7  -1  -6  -4  -6  -2  -5  -6  -1  -6    2   5  12   2   0   1   0  64   1   1   0   4   0   1   0   2   0   0   2   0  1.51 0.78
  374 C     0  -2  -2   0   3  -2  -1   1  -3   1   1   0   1   1  -4  -2  -1  -2   0   0    6   2   2   6   8   1   4  13   0   9  15   7   3   7   0   1   3   0   4   8  0.12 0.14
  375 N    -2  -5   9  -4  -6  -5  -3  -4  -5  -7  -7  -5  -6  -7  -6  -2  -3  -7  -6  -4    3   0  85   0   0   0   2   1   0   0   1   0   0   0   0   3   1   0   0   1  2.67 1.13
  376 V    -2   2   0   2  -3   2   2  -2   0  -1  -2   1  -2  -1  -3   0   0  -4   1   0    2  11   5  12   1   9  15   2   2   3   2   7   1   3   1   7   6   0   6   6  0.23 0.21
  377 S    -1  -4  -4  -4   0  -5  -5  -4  -5  -4  -6  -2  -5  -3  -3   7   0  -6  -4  -3    4   1   0   1   2   0   0   1   0   1   1   3   0   2   1  75   5   0   1   2  1.69 0.89
  378 L     2  -1   0  -1  -1  -1  -2  -1  -2   0   1  -1   1  -1  -1   2   0  -4  -2   0   16   2   5   4   1   3   2   3   1   4  15   4   5   3   3  18   6   0   1   5  0.12 0.16
  379 I    -2  -2  -2  -4   1   0  -2  -4  -2   5   1  -3   0  -1  -5  -3   0  -5  -1   3    3   2   2   1   3   4   2   1   1  29  13   2   2   2   0   2   7   0   2  22  0.53 0.33
  380 H    -8  -2  -3  -7  -9  -6  -6  -8  11  -9  -6  -4  -8  -7  -8  -4  -5  -8  -5  -9    0   3   1   0   0   0   0   0  91   0   1   1   0   0   0   1   1   0   0   0  4.03 1.54
  381 T    -2  -4  -3  -5  -2  -2  -1  -6  -2   1   0  -4  -1  -3  -6  -3   3   8  -3   3    3   1   1   1   1   2   5   0   1   7   7   1   2   1   0   1  20  23   1  23  1.04 0.56
  382 D    -7  -3  -1   8  -8  -6  -2  -7  -6  -8  -8  -6  -8  -8  -3  -3  -6  -9  -8  -8    0   2   3  88   0   0   2   0   0   0   0   0   0   0   2   2   0   0   0   0  2.78 1.13
  383 L    -4  -6  -6  -7   0  -6  -6  -7  -6   5   1  -6   4   6  -6  -6  -4   3  -3   1    1   0   0   0   2   0   0   0   0  26  13   0   9  35   0   0   1   3   0   8  1.31 0.59
  384 M    -4  -5  -5  -6  -5  -4  -5  -6  -2   1  -1  -3   8  -2   0  -3   3  -5  -5   2    1   0   0   0   0   1   0   1   1   6   4   1  41   1   5   2  20   0   0  14  1.37 0.67
  385 I    -4  -5  -6  -6   3  -5  -6  -6  -3   6   2  -2   0   2  -6  -4  -3  -5  -1   3    1   0   0   0   5   0   0   0   1  39  14   3   2  10   0   1   1   0   2  19  1.00 0.47
  386 G    -2  -3   0   1  -5  -1  -3   5  -3  -4  -3  -3   0  -5   3   0  -1  -3  -3  -5    2   1   5   8   0   2   2  44   1   1   3   1   2   0  17   6   3   0   1   1  0.83 0.45
  387 S    -2  -1  -1  -1  -1  -3  -3   1  -1  -4  -1  -2   2   0  -4   3   3  -2   4  -3    2   3   2   4   2   0   1  10   1   0   5   2   6   3   0  24  19   0  13   1  0.45 0.36
  388 D     0   1   0   2  -1  -1   2  -1   1  -5  -4   2  -2  -4   3   0  -1  -5  -4  -3    7   8   4  13   2   2  16   4   4   0   1  12   1   0  14   7   3   0   0   2  0.39 0.29
  389 D    -3  -1   0   5  -4   0   4  -3  -1  -5  -5   0  -2  -6  -1   0   0  -4  -3  -5    2   3   4  33   0   4  26   2   1   0   1   5   1   0   3   6   6   0   1   1  0.81 0.48
  390 L    -3  -1  -4  -4  -4  -4  -4   0  -5   1   4  -1   5  -1  -4  -4  -1  -3  -1   2    1   3   1   1   0   1   1   8   0   6  39   3  14   2   1   1   4   0   2  11  0.61 0.39
  391 N    -2   2   2   3  -2   0   2   1   0  -3  -4   0  -2  -4  -4   2   1  -1  -2  -3    2  10   8  15   1   3  12  11   2   1   1   5   1   0   0  13   9   1   2   1  0.32 0.26
  392 V    -1  -3  -4  -5  -2  -2  -1  -1  -3   5   0  -2  -2  -1  -4  -4  -3  -5  -4   4    4   1   1   0   1   2   4   5   1  33   6   3   0   3   1   1   1   0   0  33  0.81 0.45
  393 I    -2  -2  -1   4  -3  -2   0   0  -1   1  -3  -2  -2  -2  -3   0   3  -2   1   0    2   2   2  21   0   1   7   8   1  10   2   2   1   2   1   6  21   1   6   7  0.35 0.30
  394 G     3  -3  -3  -4  -5  -4  -1   5  -5  -1  -4  -3  -3  -4  -5  -3  -3   0  -2  -1   26   2   1   1   0   0   4  48   0   4   1   1   1   1   0   1   2   1   2   4  1.00 0.54
  395 V    -3   0  -3  -2  -1  -3  -1  -4  -2   5   0  -2  -1  -2  -4  -3   0  -5   0   4    2   6   1   2   1   1   4   1   1  29   8   2   1   1   1   1   6   0   4  28  0.60 0.36
  396 D    -2   1   0   1   1  -1  -1  -2   0  -2   1   0  -1  -1  -3  -1   3   1   3  -2    3   7   4  10   3   2   4   3   2   2  17   6   1   3   1   3  19   2  10   1  0.21 0.22
  397 K     2   0  -1  -1  -3   0   1  -1  -1  -1  -1   2  -2   1   1  -1  -2   0   0  -1   17   5   2   4   0   5   9   4   1   3   7  17   1   6   7   4   1   1   3   4  0.14 0.16
  398 N    -3  -3   2   7  -6  -2   0  -1  -3  -6  -4  -2  -6  -4  -5  -1  -2  -6  -4  -5    2   2   8  60   0   2   5   5   1   0   2   2   0   1   0   5   2   0   1   1  1.43 0.68
  399 G    -3  -4  -1   0  -5  -4  -3   7  -5  -6  -6  -3  -5  -6  -5  -4  -4  -3  -6  -6    1   1   4   5   0   1   2  78   0   1   1   2   0   0   1   1   1   0   0   1  1.92 0.81
  400 K    -2   2   0   0  -4   0   3  -2  -1  -2  -4   3  -1  -4  -3   1   2  -4  -3  -3    3   9   5   4   0   3  21   2   1   2   1  18   1   0   1  11  14   0   1   2  0.43 0.31
  401 E     0   3  -1  -1  -2   0   3  -2  -1   0  -1   2   0  -2  -1  -1   0  -1  -2   0    6  15   2   2   1   3  21   2   2   5   5  12   2   2   3   4   5   1   1   6  0.22 0.16
  402 Y    -2  -2  -3  -3  -2  -1   1  -3   0   3  -1   0   0   0  -3  -2   0  -3  -1   4    2   2   1   1   1   2  11   2   2  19   4   6   2   4   1   2   6   0   2  29  0.37 0.24
  403 T    -1  -3  -3   0  -1  -1  -1  -5  -4  -1   2  -1  -1  -2   4  -2   1  -5  -2   2    4   1   1   6   2   3   4   0   0   3  19   4   1   2  24   1   8   0   1  16  0.46 0.33
  404 I    -4  -5  -7  -7  -2  -6  -7  -7  -7   7   2  -6  -2   0  -7  -6  -5  -6  -5   3    1   1   0   0   1   0   0   0   0  54  18   0   1   4   0   0   0   0   0  20  1.57 0.70
  405 I    -5  -1  -5  -6  -5   1  -5  -6  -3   4   1  -5   6   4  -6  -4  -4  -2   4  -2    0   4   0   0   0   7   0   0   0  22  11   0  21  19   0   1   0   0  12   1  1.07 0.58
  406 K    -2   5  -3   0  -4   1   4  -5  -1  -4  -4   4  -3  -7  -5  -2  -3  -7  -6  -2    3  26   1   5   0   6  24   0   1   1   2  24   0   0   0   2   1   0   0   4  0.90 0.55
  407 A    -2  -1   6   5  -4   0   0  -1   0  -7  -8   1  -7  -8  -6  -2  -4  -8  -7  -7    3   3  33  34   0   3   6   5   2   0   0   7   0   0   0   2   0   0   0   0  1.25 0.67
  408 G    -4  -8  -3  -2  -4  -7  -8   8  -8  -9  -9  -7  -8  -9  -8  -5  -7  -2  -9  -9    1   0   1   2   0   0   0  94   0   0   0   0   0   0   0   1   0   1   0   0  2.74 1.13
  409 K    -2   4   2   0  -3   1   3  -4  -1  -2  -2   3  -2  -5  -5  -2  -1  -6  -4  -1    3  21  10   5   1   7  17   1   1   3   4  16   1   0   0   3   3   0   0   5  0.50 0.36
  410 F    -8  -9  -9 -10  -8  -8  -9  -9  -7  -1  -4  -9  -6   8  -6  -8  -8  10   0  -7    0   0   0   0   0   0   0   0   0   3   1   0   0  60   1   0   0  33   2   0  3.13 1.18
  411 A     2  -2  -5  -5   0   0  -4  -5  -6   2   0  -2  -1  -4  -5  -2   0  -6  -5   5   18   2   0   0   2   4   0   0   0  10   8   2   1   0   0   2   6   0   0  44  0.77 0.47
  412 I    -5  -6  -7  -7  -5  -6  -7  -7  -6   5   4  -6  -2   4  -7  -6  -5  -5  -4   2    0   0   0   0   0   0   0   0   0  36  33   0   0  19   0   0   0   0   0  12  1.35 0.59

                      K         Lambda
Standard Ungapped    0.1331     0.3149
Standard Gapped      0.0390     0.2670
PSI Ungapped         0.1273     0.3174
PSI Gapped           0.0390     0.2670
