
Last position-specific scoring matrix computed, weighted observed percentages rounded down, information per position, and relative weight of gapless real matches to pseudocounts
            A   R   N   D   C   Q   E   G   H   I   L   K   M   F   P   S   T   W   Y   V   A   R   N   D   C   Q   E   G   H   I   L   K   M   F   P   S   T   W   Y   V
    1 M    -4  -5  -5  -6  -4  -4  -5  -6  -5   3   2  -5   9  -3  -6  -5  -4  -5  -4   0    0   0   0   0   0   0   0   0   0  14  12   0  71   0   0   0   0   0   0   3  1.96 0.59
    2 N     0  -1   4   1  -4  -1   0   1  -1  -3  -4   0  -3  -4   0   2   2  -5  -4  -3    5   1  25   9   0   1   3  11   1   1   0   5   0   0   5  14  17   0   0   1  0.42 0.23
    3 K    -1   3   1  -1  -4   2   2  -3   0  -3  -4   4  -3  -4  -2   2  -1  -3  -3  -3    4  14   5   2   0  10  12   1   1   1   0  28   0   1   1  14   3   0   1   1  0.47 0.27
    4 K    -3   4   0  -3  -6   1   0  -5  -2  -4  -5   6  -3  -6   0  -2  -2  -6  -5  -5    1  22   5   0   0   6   5   0   1   1   0  51   0   0   4   2   1   0   0   0  1.12 0.52
    5 K    -2   3  -1  -1  -6   2   1  -2  -2  -4  -3   5  -3  -5   2  -2  -3  -5  -3  -4    3  15   3   3   0  10   7   2   1   0   3  39   0   0  11   2   0   0   1   1  0.74 0.42
    6 R    -4   7  -3  -5  -4  -3  -4  -6  -4   2  -4   0  -4  -5  -5  -4   1  -6  -5   2    0  53   1   0   0   0   0   0   0  13   1   4   0   0   0   1  11   0   0  15  1.27 0.62
    7 V    -2  -6  -6  -7  -5  -6  -6  -7  -7   6   1  -6   1  -2  -5  -4  -2  -6  -4   5    3   0   0   0   0   0   0   0   0  42  10   0   3   1   1   1   2   0   0  37  1.31 0.58
    8 L    -4  -6  -7  -7  -4  -6  -7  -6  -6   0   4  -3   0   6  -7  -6  -5  -4  -2   2    1   0   0   0   0   0   0   0   0   5  45   2   2  33   0   0   0   0   1  12  1.32 0.60
    9 T    -2  -6  -4  -5  -1  -5  -5  -5  -6  -6  -4  -4  -6  -7  -6   6   5  -7  -6  -6    2   0   0   0   1   0   0   0   0   0   2   0   0   0   0  65  30   0   0   0  1.83 0.90
   10 G    -2  -7  -5  -6  -2  -7  -7   8  -7  -8  -6  -6  -3  -8  -7  -4  -6  -7  -8  -8    4   0   0   0   1   0   0  93   0   0   1   0   1   0   0   1   0   0   0   0  2.59 1.00
   11 D    -3  -6  -6   1  -5  -6  -5  -5  -5   7  -1  -6   4  -1  -7  -5  -4  -6  -4   2    2   0   0   9   0   0   1   1   0  56   4   0  12   2   0   0   0   0   0  12  1.39 0.65
   12 R    -5   5  -4  -3  -8   7  -3  -6  -5  -8  -7   2  -6  -8  -5  -4  -1  -7  -6  -7    0  29   0   1   0  54   0   0   0   0   0  10   0   0   0   0   4   0   0   0  1.88 0.89
   13 P    -1  -7  -6  -7  -8  -7  -6  -7  -8  -6  -7  -6  -8  -9   9  -2  -2  -9  -8  -6    5   0   0   0   0   0   0   0   0   0   0   0   0   0  88   3   3   0   0   0  2.97 1.17
   14 T    -4  -6  -2  -6  -6  -5  -5  -6  -6  -6  -5  -6  -6  -7  -6   3   7  -8  -7  -5    0   0   2   0   0   0   0   0   0   0   1   0   0   0   0  23  74   0   0   0  2.15 0.99
   15 G    -3  -6  -3  -5  -7  -7  -6   8  -6  -9  -9  -5  -8  -8  -7  -2  -6  -8  -7  -8    2   0   1   0   0   0   0  92   0   0   0   1   0   0   0   3   0   0   0   0  2.52 1.00
   16 K    -1   2   1   1  -3   0   0  -2  -1   1  -2   1  -2  -3   0   0   1  -4  -3   1    5  13   7   7   0   5   6   2   2   9   2   8   0   1   5   8   8   0   0  11  0.14 0.15
   17 L    -4  -5  -6  -6  -5  -4  -6  -7  -6   1   5  -5   2  -1   5  -4  -5  -6  -4  -1    1   0   0   0   0   1   0   0   0   7  52   0   4   2  27   1   0   0   0   3  1.26 0.63
   18 H    -7  -6  -4  -6  -8  -3  -6  -6  11  -8  -7  -6  -7  -7  -5  -5   2  -8  -4  -8    0   0   0   0   0   1   0   1  84   0   1   0   0   0   0   0  12   0   0   0  3.51 1.27
   19 L    -5  -6  -6  -7  -5  -6  -7  -8  -7   5   6  -7  -2  -2  -7  -6  -5  -4  -3   0    0   0   0   0   0   0   0   0   0  26  65   0   0   1   0   0   0   0   1   5  1.61 0.71
   20 G    -3  -7  -5  -6  -7  -7  -7   8  -7  -9  -9  -7  -8  -8  -7  -5  -7  -8  -8  -8    2   0   0   0   0   0   0  97   0   0   0   0   0   0   0   0   0   0   0   0  2.82 1.09
   21 H    -6  -3   8  -4  -8  -4  -5  -5   6  -8  -8  -5  -7  -8  -7  -4  -5  -9  -6  -8    0   2  77   0   0   1   0   0  19   0   0   0   0   0   0   1   0   0   0   0  2.77 1.13
   22 W    -4  -7  -7  -7  -7  -7  -7  -8  -2  -4   0  -7  -4   1  -8  -7  -7   1  10  -4    2   0   0   0   0   0   0   0   0   1   8   0   0   4   0   0   0   1  81   1  2.89 1.15
   23 V    -2  -5  -6  -7  -1  -5  -4  -5   0   2   5  -5   0   4  -6  -5  -4  -3  -1   1    4   0   0   0   1   0   1   1   3   8  48   1   1  19   0   0   0   0   1  11  0.96 0.50
   24 G    -3  -5  -5  -6  -7  -7  -7   8  -7  -8  -8  -6  -7  -8  -7  -3  -6  -7  -8  -6    1   1   0   0   0   0   0  95   0   0   0   0   0   0   0   2   0   0   0   0  2.68 1.06
   25 S     6  -6  -3  -6  -1  -5  -5  -3  -5  -3  -5  -5   0  -2  -5   1   0  -7  -6   1   68   0   1   0   1   0   0   1   0   2   0   0   2   2   0   9   5   0   0   8  1.34 0.73
   26 I    -4  -6  -7  -7  -5  -6  -7  -7  -7   5   4  -6   3   0  -7  -6  -4  -6  -4   2    0   0   0   0   0   0   0   0   0  36  40   0   7   3   0   0   0   0   0  12  1.33 0.62
   27 K    -2   5  -2  -3  -5   2   0  -5  -1  -2  -2   5  -3  -5  -5  -1  -3  -6  -3  -3    4  28   1   1   0  10   6   0   2   2   3  33   0   0   0   5   1   0   1   2  0.87 0.52
   28 N    -4   0   6  -3  -7   4  -2  -3   1  -6  -6   0  -6  -6   4  -1  -2  -7  -4  -5    1   5  35   1   0  19   2   2   3   0   0   6   0   0  20   4   2   0   1   1  1.08 0.63
   29 R    -1   1  -6  -8   1  -4  -7  -7  -3  -2  -2  -6   2   3  -8  -5  -4  11  -1  -4    5   9   0   0   3   1   0   0   1   2   5   0   5  11   0   1   1  52   2   1  2.33 0.97
   30 L    -2  -2  -4  -6  -2  -4  -5  -6  -3   3   1  -1  -2  -2  -6  -4  -2  -6  -3   6    3   3   1   0   1   0   0   0   1  16  10   5   0   1   0   1   2   0   1  54  1.06 0.56
   31 D     1   2   1   2  -5   3   3  -3  -1  -4  -4   3  -3  -4  -3   0  -2  -6  -4  -4   11  12   5  13   0  11  16   1   1   1   1  17   0   0   1   6   2   0   0   1  0.49 0.35
   32 L    -2  -3  -5  -5  -5  -4  -6  -4  -5   1   6  -5   4   1  -6  -5  -4  -4   0  -2    3   2   1   0   0   1   0   1   0   6  65   0   9   5   0   0   0   0   3   1  1.21 0.61
   33 Q    -1  -4  -4  -5  -3   9  -3  -5  -1  -3  -5  -3  -4  -7  -5  -1  -5  -7  -5  -5    5   0   1   0   1  79   1   1   1   2   1   1   0   0   0   5   0   0   0   1  2.33 1.09
   34 N    -2   0   4   4  -4   0   2  -3   3  -5  -4   1  -4  -5  -4  -1  -3  -5  -1  -5    3   5  21  23   0   4  15   1   6   0   2   9   0   0   0   5   1   0   3   0  0.69 0.41
   35 N    -1  -1   2   3  -4   2   4  -2  -1  -4  -4   1  -3  -4  -3   1   1  -5  -3  -4    4   2  10  18   0  10  25   2   1   1   1   7   0   1   1   9   7   0   1   1  0.53 0.34
   36 P     0   0   0   0   0   0   0   1   0  -1  -1   0   0  -1   3   0   0  -2   0  -1   10   4   4   4   2   3   5  11   3   2   4   5   3   3  13   7   6   0   3   5  0.11 0.06
   37 A     0   0   1   2  -1   0   1   1  -1  -2  -1   0  -1  -2   0   1   0  -2  -2  -1    8   6   5  11   1   3  10  12   1   3   5   7   1   2   5  13   4   0   1   4  0.11 0.07
   38 Y    -1  -1   2   0  -2  -2  -3  -2   5  -2  -3  -2  -3   1  -1  -1   0  -1   6  -1    5   3   9   5   1   1   1   3  13   2   2   2   1   4   3   4   7   0  29   4  0.61 0.36
   39 D    -4   0   1   5  -4   2   4  -4  -1  -4  -5   1  -4  -5  -1   0  -1  -6  -4  -5    0   4   7  28   0   9  27   1   1   1   1   8   0   0   3   5   3   0   0   0  0.78 0.46
   40 C     0  -2   0  -4   7  -1  -4  -3  -4   0   1  -3   1  -3  -3   1   1  -5  -4   0    9   2   4   1  27   3   0   2   0   5  13   1   3   1   1  10  11   0   0   8  0.64 0.39
   41 F    -3  -4  -2  -6  -3  -5  -6  -5  -3   3   1  -6   1   6  -6  -5  -2  -1   4   1    2   1   2   0   0   0   0   0   0  16  15   0   3  35   0   0   2   1  16   7  1.04 0.51
   42 F    -5  -6  -7  -7   0  -4  -7  -7  -2   1   1  -6  -1   7  -7  -6  -5  -2   6   1    0   0   0   0   2   1   0   0   1   9  14   0   1  42   0   0   0   0  22   8  1.46 0.66
   43 I    -2  -6  -5  -6   6  -4  -5  -2  -5   1   0  -5   4   6  -5   2  -3  -4  -3  -2    2   0   0   0  18   0   0   3   0   7   8   0   9  31   0  17   1   0   0   2  1.05 0.56
   44 I    -3  -7  -7  -7  -2  -7  -7  -8  -7   7   1  -7  -2  -4  -7  -6  -4  -7  -5   5    2   0   0   0   1   0   0   0   0  53  11   0   0   0   0   0   0   0   0  33  1.66 0.72
   45 A     6  -6  -6  -7  -3  -6  -6  -3  -6  -4  -5  -6  -2  -6  -2  -2  -4  -7  -6   5   57   0   0   0   0   0   0   2   0   0   0   0   1   0   2   2   0   0   0  36  1.53 0.79
   46 D    -7  -7   1   8  -8  -5  -4  -2  -6  -8  -9  -6  -8  -9  -7  -4  -4  -9  -8  -7    0   0   6  88   0   0   0   3   0   0   0   0   0   0   0   1   1   0   0   0  2.71 1.11
   47 L    -5  -6  -4  -7  -3   0  -5  -7  -2  -1   5  -6   3  -1  -7  -4  -5   5   4  -1    0   0   1   0   1   4   0   0   1   3  56   0   6   2   0   1   0   9  13   3  1.24 0.64
   48 H    -6  -6  -5  -7  -9   2  -6  -8  11  -9  -8  -6  -7  -7  -8  -6  -4  -8  -4  -9    0   0   0   0   0   7   0   0  90   0   0   0   0   0   0   0   1   0   0   0  3.89 1.43
   49 T     6  -6  -5  -6  -4  -5  -5  -1  -6  -5  -5  -5   0  -5  -4   3  -1  -7  -5  -2   68   0   0   0   0   0   0   4   0   0   1   0   2   0   0  17   3   0   0   3  1.46 0.77
   50 L    -5  -5  -6  -7  -2  -4  -7  -7  -5   5   5  -6   2  -1  -7  -6  -3  -6  -2  -1    0   0   0   0   1   1   0   0   0  33  52   0   5   3   0   0   1   0   1   2  1.38 0.66
   51 T    -3  -6  -2  -4  -6  -5  -6  -5  -6  -4  -6  -5  -3  -7  -6   0   8  -7  -5  -5    1   0   2   1   0   0   0   1   0   1   0   0   1   0   0   6  85   0   0   0  2.32 1.07
   52 T    -1  -3  -1   0  -3  -1  -2  -3  -4   1   0  -3   1  -3  -3   1   4  -4  -3   3    4   1   3   6   0   3   2   2   0   7   7   1   4   1   1  12  25   0   1  20  0.37 0.30
   53 R    -1   1   0   0  -2  -1   0  -1   3  -1  -1   0  -1  -2   4  -1  -1   0   0   0    4   7   4   6   1   2   6   5   7   4   6   5   1   1  22   4   2   1   3   6  0.25 0.16
   54 V    -1   0   0  -2  -1   4  -1  -2   3   0  -2   0   0   1   1  -1  -1  -1   4  -1    5   4   4   2   2  19   2   2   7   5   4   6   2   6   6   3   4   1  14   3  0.26 0.19
   55 R    -2  -1   2   5  -3  -1   1  -1  -1  -2  -2   1  -2  -1   0  -1  -1  -3  -1  -1    3   4   9  32   0   2   8   4   1   3   3   8   1   3   4   5   3   0   2   5  0.39 0.23
   56 K     0   2  -1  -2  -1  -2  -2  -1   0  -3  -3   1  -4  -4   6  -1  -2  -3  -3  -3    7  11   3   2   1   2   2   4   2   2   3   7   0   1  44   5   2   0   1   2  0.92 0.44
   57 E     0  -1  -1   1  -4   4   3  -2   0  -3  -3   3  -3  -3   0   0   0  -4  -2  -3    8   3   3   7   0  17  19   2   2   1   2  16   0   1   5   5   6   0   1   1  0.38 0.26
   58 Q    -1   0   2   3  -3   2   2  -2  -1  -2  -1   1  -2  -2  -1   0   0  -3  -2  -2    5   3  12  16   1  11  13   3   1   2   5   7   1   1   3   7   6   0   1   3  0.25 0.16
   59 V     0   0  -1  -2  -1  -1  -1  -1  -1   0   1   0   1  -1   3  -1   0   0  -1   0    8   4   2   2   1   2   3   4   1   6  16   5   4   2  17   4   7   2   2   7  0.16 0.09
   60 V     1   0   0   0  -1   0   0   1   0  -1  -1   1  -1  -1  -1   1   0  -1  -1   0   15   5   4   5   1   3   6   9   3   4   6   8   1   2   2  10   5   1   2   8  0.04 0.04
   61 D     0   1   0   2  -3   1   3  -2   1  -1  -2   1  -2  -3  -2   0   0  -4  -2  -1    7   8   4  13   0   5  22   2   3   3   3   8   1   1   1   6   6   0   1   6  0.23 0.18
   62 V    -2  -2  -4  -5  -3  -4  -5  -4  -4   2   5  -4   2   0  -3  -3  -2  -1  -1   1    3   2   1   1   0   1   1   1   0  12  56   1   4   3   1   2   2   1   2   8  0.81 0.44
   63 D    -1   5  -1  -2  -4   2   0  -2   0  -3  -3   3  -3  -4  -1   0  -2  -4  -1  -2    6  34   2   2   0   8   5   4   2   1   2  16   0   1   3   8   1   0   2   3  0.57 0.37
   64 N     0   3   1   0  -4   3   2  -2   1  -4  -3   3  -2  -4  -1   0  -2  -1  -2  -3    8  15   6   5   0  15  14   2   3   1   2  16   1   1   2   5   2   1   1   1  0.39 0.28
   65 H     0   2   5   0  -2   1  -1  -2   1  -4  -2  -1  -3  -2  -4   1  -2   3   1  -4    9   9  34   4   1   6   3   2   4   0   3   3   1   2   0   9   2   4   4   0  0.53 0.37
   66 I    -2   0  -2  -4  -1  -3  -4  -4  -4   4  -1   1  -1  -4  -4   0   4  -5  -4   2    3   6   1   0   1   0   0   1   0  25   4   8   1   0   0   8  26   0   0  17  0.55 0.39
   67 Y    -2   4  -3  -3  -3  -1  -1  -4   1   1   2   1   1   1  -3  -3  -2   1   1  -1    3  23   1   1   0   1   3   1   4   9  23   8   3   5   1   1   2   2   6   2  0.32 0.26
   68 E    -1   0   2   3  -2   1   4  -1  -1  -3  -4   0  -4  -4  -3   0  -1  -5  -4  -3    3   4   9  18   1   6  32   5   1   1   1   4   0   0   1   7   4   0   0   2  0.53 0.36
   69 V     0  -4  -2  -5  -1  -3  -4  -4  -4   2   2  -4   6  -3  -5  -2   2  -5  -3   3    7   1   2   0   1   1   1   1   0  13  15   0  25   1   0   2  13   0   0  17  0.69 0.43
   70 L     4  -4  -5  -5  -3  -4  -3  -4  -5   1   2  -4   1   0  -4  -2   1  -5  -2   3   33   0   0   0   0   0   1   0   0   9  21   0   4   4   0   1   7   0   1  19  0.57 0.39
   71 A     5  -1  -4  -5   1  -3  -4  -3  -5   1   1   0  -1  -3  -4  -1  -1  -5  -4  -1   52   4   0   0   2   0   0   1   0   8  15   6   1   1   0   3   3   0   0   3  0.72 0.48
   72 D     1  -4  -1   4  -2  -1  -1  -2  -3  -1   0  -3   0  -3  -4   1   3   1  -3  -1   13   0   2  27   1   3   3   3   0   3   9   0   2   1   0   9  17   2   1   4  0.37 0.31
   73 W    -3  -4  -3  -6   1  -4  -4  -5  -4  -1   4  -5  -1   1  -6  -3  -5   6   6  -3    3   0   2   0   3   0   1   1   0   3  39   0   1   5   0   2   0  12  28   1  1.16 0.59
   74 L    -3  -5  -6  -6  -4  -5  -4  -5  -6   3   6  -5   1   0  -6  -5  -4  -5  -3   0    1   0   0   0   0   0   1   1   0  17  66   1   3   3   0   0   1   0   1   4  1.27 0.59
   75 S     7  -5  -4  -4  -3  -5  -5  -2  -5  -5  -5  -4  -5  -6  -4   1  -3  -6  -5  -4   80   0   1   1   0   0   0   3   0   0   1   0   0   0   0  10   1   0   0   1  1.69 0.82
   76 V     2  -5  -5  -5   7  -4  -4  -3  -5   2   1  -5   2  -1  -5   0  -2  -3  -4   2   19   0   0   0  27   0   1   1   0  10  11   0   4   2   0   6   2   0   0  14  0.83 0.45
   77 G    -4  -6  -4  -4  -6  -6  -3   8  -6  -7  -6  -4  -7  -7  -6  -5  -6  -6  -7  -7    0   0   1   1   0   0   2  92   0   0   1   1   0   0   0   0   0   0   0   0  2.44 0.97
   78 I    -3  -5  -6  -6  -4  -5  -5  -4  -6   6   4  -5   0   0  -6  -5  -4  -5  -3   2    1   0   0   0   0   0   1   1   0  40  38   0   1   3   0   0   0   0   1  12  1.16 0.55
   79 D    -5  -3   2   8  -2  -4  -1  -4  -3  -7  -7  -3  -6  -7  -4  -3  -3  -7  -6  -6    0   1   9  77   1   0   3   1   0   0   0   2   0   0   1   1   1   0   0   0  2.11 0.91
   80 P    -2  -5  -4  -5  -6  -5  -5  -6  -4  -2  -3  -5  -4  -4   8  -4   0  -7  -3  -3    3   1   1   0   0   0   1   0   0   2   3   0   0   1  77   1   6   0   1   2  2.26 0.98
   81 N    -1  -1   2   2  -4   1   4  -2   0  -4  -4   3  -4  -5  -1   0  -1  -5  -4  -4    6   3   9   9   0   5  29   3   2   0   1  16   0   0   3   8   3   0   0   1  0.52 0.36
   82 K    -3   5   0  -3  -4   1  -1  -3  -1  -4  -3   5  -2  -5  -5  -2  -2  -6  -3  -1    1  30   5   1   0   5   3   2   2   1   2  39   1   0   0   2   2   0   1   5  0.97 0.55
   83 S     1  -5   0  -4   6  -3  -4  -3   0  -2  -4  -4  -4  -2  -4   5   3  -6  -5   0   11   0   4   0  14   1   0   1   3   2   1   0   0   1   0  39  15   0   0   7  0.86 0.57
   84 S    -2  -2  -1  -3  -1  -2  -4  -4   0   3  -1  -2  -1  -2  -3   1   4  -3  -3   2    3   1   3   1   1   2   0   1   3  20   5   2   1   1   1  10  31   0   0  13  0.53 0.40
   85 I    -4  -5  -6  -6  -2  -5  -6  -6  -6   5   4  -5   0   4  -6  -5  -3  -4  -2   2    1   0   0   0   1   0   0   0   0  30  34   0   2  15   0   0   1   0   1  14  1.04 0.52
   86 Y    -5  -6  -5  -7  -2  -6  -3  -7   0  -1  -3  -6  -3   8  -7  -4  -4   1   5  -2    1   0   0   0   1   0   2   0   2   3   1   0   0  62   0   1   1   2  20   2  2.03 0.87
   87 L    -2   2  -1  -3   0   1  -2  -4   0   2   1  -1  -1   1  -2  -3  -2  -1   2   2    3  14   3   1   2   8   2   0   2  10  17   3   1   7   2   0   2   1   6  16  0.23 0.23
   88 Q    -6  -4  -4  -5  -8   9  -2  -7   1  -7  -7  -3  -3  -8  -4  -5  -6  -7  -6  -7    0   0   1   0   0  91   1   0   3   0   0   1   1   0   1   0   0   0   0   0  2.96 1.31
   89 S    -3  -4  -3  -3  -5  -3  -4  -4  -4  -7  -7  -2  -6  -5  -5   7  -1  -7  -2  -6    1   1   1   1   0   1   1   1   0   0   0   2   0   0   0  86   3   0   2   0  2.02 1.05
   90 A     0   1   0   4  -3   3   0  -3   4  -3  -3   0   0  -4  -4   1  -2  -1  -2  -4    8   7   4  21   1  16   5   1  11   1   2   4   3   0   0  12   1   1   1   0  0.48 0.37
   91 I    -3  -4  -1  -5  -3  -5  -5  -3  -5   4   0  -5  -1  -1  -5  -1  -3  -5  -3   6    1   1   4   0   0   0   0   2   0  18   8   0   1   2   0   4   1   0   1  55  1.08 0.58
   92 P    -1  -1  -3  -3  -5   0  -3  -3  -1  -2  -3   2  -3  -4   7   0  -3  -3  -3  -4    5   3   1   1   0   4   1   2   2   2   3  11   0   1  52   7   2   0   1   1  1.21 0.64
   93 E     1  -2  -2  -2  -2   3   5  -2  -1  -5  -2  -3   0  -3  -1  -2  -3   2  -2  -4   14   1   2   1   1  12  45   3   1   0   4   0   3   1   3   2   1   3   2   1  0.75 0.52
   94 I    -5  -2  -3  -4  -3  -1  -3  -6   9   2   1  -4  -1  -3  -5  -3  -2  -5  -2   0    0   2   1   1   1   3   2   0  53  11  12   0   2   1   0   2   3   0   0   8  1.58 0.74
   95 Y     3  -1  -1  -4   2  -2  -3  -2  -2  -2   0  -3   0  -2   0   2   3  -4   0  -2   28   3   3   0   4   2   1   2   1   1  10   1   2   1   4  13  20   0   3   2  0.36 0.34
   96 E    -2  -1  -2  -2  -6   3   6  -5  -2  -5  -4   0  -2  -5  -3  -1  -2  -2  -1  -4    3   2   1   1   0  12  56   0   1   0   2   6   1   0   1   5   2   1   3   1  1.08 0.64
   97 L    -4  -6  -5  -4  -3  -5  -6  -5  -6   0   6  -6   0   0  -6  -3  -4  -5  -4   0    1   0   1   1   1   0   0   1   0   4  78   0   2   4   0   2   0   0   0   5  1.43 0.70
   98 H     3  -3   1  -2   2  -1  -2   0   4  -3  -2  -3   2   1  -4   1   1  -4   1  -3   25   0   6   1   4   3   1   6  11   0   3   1   7   5   0   9   9   0   6   1  0.35 0.32
   99 L    -1  -5  -3  -6  -3  -3  -5  -4  -2  -2   0  -5   0  -1   0  -3  -1  11   2   0    5   0   1   0   1   1   0   1   1   2   9   0   3   2   4   2   5  49   5   7  1.87 0.82
  100 L    -3  -4  -3  -1  -1  -4  -4  -5  -3   5   3  -2   0   1  -2  -2  -2  -1   2   1    1   1   1   5   1   0   0   0   0  32  25   3   2   4   2   3   2   1   7  10  0.53 0.35
  101 F    -5  -5  -6  -6  -2  -5  -2  -6  -5   0   5  -5   1   4  -4  -5  -2  -4   0  -1    0   0   0   0   1   0   3   0   0   4  64   0   3  14   1   0   3   0   3   4  1.16 0.61
  102 S     0  -3   2   0  -2   1  -1   2   1  -5  -3  -2   0  -3  -4   4   0   1  -3  -4    8   1  11   5   1   6   2  14   3   0   3   2   3   1   0  33   5   2   0   1  0.45 0.38
  103 M    -2  -2   2  -1   8  -4  -5  -4  -3  -1  -2  -4   4  -4  -1   1   1  -1  -5  -3    2   2  11   3  35   1   0   1   0   3   2   1  12   1   4  11  10   1   0   1  1.10 0.61
  104 L    -2  -3  -1  -2  -2  -2  -2  -4   1   3   3  -3   1   2  -2  -2   0  -2   0   2    2   1   4   2   1   2   3   1   4  17  26   1   3   9   2   2   4   1   3  14  0.30 0.24
  105 I     1  -1  -2  -2   2   0  -3  -2  -2   1  -1  -3  -1  -2  -4   0   4  -4  -2   2   13   3   1   1   4   4   1   2   1  10   5   0   1   1   0   4  33   0   1  13  0.39 0.35
  106 S    -1  -1   1  -2  -4  -1  -2  -1  -1  -3  -4  -1  -2  -4   5   2   3  -5   1  -4    4   3   7   2   0   2   2   4   1   1   0   3   1   0  29  17  19   0   6   0  0.65 0.44
  107 V    -1  -2  -3  -3  -2  -2  -2  -4  -2   2   2  -1   3   1   0  -2  -1  -3   1   2    3   2   1   1   1   2   1   0   1  12  18   4  11   7   4   2   4   0   6  19  0.26 0.22
  108 N     1  -2   3  -1  -4   0  -2   4  -1  -4  -4  -2  -4  -1   2   2  -2  -4  -4  -3   10   1  14   3   0   4   2  30   1   0   1   1   0   4  10  14   1   0   0   1  0.49 0.35
  109 R    -1   3  -2   1  -4   1   2  -4   0  -3  -1   1  -1  -1  -2  -1  -1   6   0  -2    4  19   1   8   0   5  14   0   2   1   6  10   2   2   1   4   2  13   3   3  0.40 0.30
  110 I    -1  -4  -5  -5  -1  -1  -4  -2   0   0   5  -4   2  -1  -1  -4  -2  -4  -1   0    4   0   0   0   1   4   0   4   3   4  62   0   4   1   4   0   1   0   1   5  0.73 0.45
  111 M     0   0   1   0  -2   2   3  -2   0  -1  -1   1   0  -1  -3   1   0  -3  -1  -2    7   6   6   2   1  10  24   2   1   3   6   7   3   3   0  10   6   0   2   1  0.20 0.20
  112 G    -2   5   0  -1  -4   1  -1   0   3  -1  -3   2  -3  -4   0  -1  -2  -1  -3  -4    3  39   4   3   0   5   2   7   7   4   2  12   0   0   4   4   1   1   0   0  0.54 0.36
  113 I    -1  -2   1  -1   1   0  -2  -2   0   0   2  -1   4  -1  -1  -1   0   2  -2   1    4   0  10   4   3   4   0   3   3   4  21   3  15   2   3   2   6   3   0   9  0.17 0.20
  114 P     1  -3  -1   0  -3   1  -2  -1   3  -2  -2  -1   0  -4   5   0   1  -4  -1  -2   12   0   2   5   0   6   0   3   9   3   2   2   3   0  31   7   8   0   2   3  0.54 0.33
  115 S     0   1   0  -2  -3   4  -1  -2   0  -3  -1   0  -1  -2   0   2   2  -4  -3  -1    6   7   4   0   0  21   2   2   2   0   5   4   2   2   3  20  15   0   0   3  0.32 0.30
  116 L    -2  -2  -3  -3   2  -2   0  -3   1   1   1   0   3   3  -3  -1  -1   3   3   0    1   0   0   0   5   0   6   1   4   8  10   8  11  15   0   4   4   5  14   4  0.24 0.20
  117 K     0   1   1   1  -2   1   1  -2  -2   0   0   1   1  -2   1  -1   0  -3  -2   0    8   8   7   8   0   7   8   1   0   8   8   8   7   0   8   1   8   0   0   8  0.10 0.10
  118 E     1  -1   0   2   0   1   2  -1   0  -2  -2   0   0   0   0   0  -1  -3   0  -1   11   3   5  13   3   6  13   5   3   0   3   6   3   5   4   5   4   0   3   6  0.08 0.14
  119 M     0   0   0   0  -3   1   0  -1   1  -1   0   3   1   0  -3  -1  -1  -3   0  -1    7   4   4   4   0   5   6   5   3   4   9  24   3   4   1   4   3   0   4   3  0.13 0.17
  120 A     1   0  -1  -2  -3   0  -1  -1  -3   1   1   0   1  -1  -2   1   1  -1  -1   0   12   4   3   2   0   3   2   3   0   8  15   7   3   2   2  15   8   1   1   8  0.09 0.14
  121 K     1   1   1   0   1   2   1   0   1  -1  -2   1   0  -1  -1   0  -1  -4  -1  -2   12   9   6   5   3   9   9   6   3   3   4   9   2   2   2   7   3   0   2   3  0.11 0.13
  122 N    -1   0   1   0   0   2   1  -1   0  -1   0   1   1  -1  -1   0  -1   2  -1  -1    6   6   8   5   2   9   9   3   3   3   9  10   4   3   3   5   4   3   2   4  0.08 0.11
  123 A     0   0   0   0  -2   1   0   0   1   0  -1   0   1   0   1   0   0  -2   1   0    6   6   5   6   0   5   6   6   5   6   6   6   5   5   6   6   6   0   5   6  0.03 0.06
  124 S     0   0   1   0  -4   1   1   1   0  -2  -2   2  -1  -1  -1   1   0  -4  -1  -2    6   4   7   6   0   7   8  12   3   2   3  14   2   2   2  11   5   0   2   3  0.14 0.16
  125 I     0   1   1   1   0   1   0  -1   0  -1  -1   1   0   0   0   0   0  -2   0   0    8   9   6   7   3   6   6   5   3   4   5   8   3   5   3   7   4   0   3   6  0.03 0.04
  126 E    -1   0   0   0  -3   0   0  -1   2   0  -1   0   1   0   0   0   0   3   1   0    5   5   5   5   0   5   5   5   5   5   5   5   5   5   5   5   5   5   5   5  0.06 0.08
  127 E    -1   0   0   0   2   0   0  -1   2   0  -1   0   2   1   0  -1   0   4   1  -1    5   5   5   5   5   5   5   5   5   5   5   5   5   5   5   5   5   5   5   5  0.09 0.08
  128 G     0   0   0   0  -2   0   0   0   1   0  -1   0   1   0   0   0   0  -2   1   0    5   5   5   5   0   5   5   5   5   5   5   5   5   5   5   5   5   0   5   5  0.00 0.06
  129 G     0   0   2   1  -3   1   0   0   0  -1   0   0   1  -1   0   1   0   0  -1  -1    8   4  11   6   0   5   6   7   3   4   9   6   4   3   3  10   6   1   2   2  0.05 0.08
  130 L     0  -1  -1  -1   0  -1  -1  -1   1   1   1  -1   1  -1   0  -1   0  -3  -1   2    9   2   3   3   2   2   3   4   4   8  12   2   3   2   6   4   5   0   2  22  0.09 0.13
  131 S    -1  -1   2   0   1   0  -1   0   1  -3  -2   0   0  -1   1   2   1  -4   0  -2    3   4  13   6   3   3   3   7   3   0   3   4   3   3   7  21   8   0   3   3  0.18 0.22
  132 L     0  -2   0   0   2   0  -2   0   2   0  -1  -2   1   1   1   0   0   4   1   0    6   0   6   6   6   6   0   6   6   6   6   0   6   6   6   6   6   6   6   6  0.10 0.15
  133 G     0  -3   0  -1  -3  -3  -3   5  -3  -3  -1  -3  -3  -3   1   1  -1   0  -3  -2    6   1   4   2   0   1   1  52   0   1   6   1   0   0   8   9   2   2   0   3  0.68 0.27
  134 L    -2   0  -3  -2  -3  -1  -2  -3   0   0   3  -2   2   3   1  -2  -1  -2   0  -1    1   6   1   2   0   3   1   1   3   3  37   2   6  16   8   3   2   0   3   3  0.30 0.19
  135 M    -1  -3  -3  -3   3  -1  -3  -3  -2   0   2  -2   1   3   1  -2  -1  -1   3  -1    5   1   1   1   9   3   1   1   0   3  28   3   3  16   6   1   3   0  13   3  0.33 0.17
  136 G     1  -1   0  -1   2  -1  -1   1  -2   0   0  -1   0  -1   1   1   1  -2  -1   0   13   3   4   3   5   2   3  12   0   6  11   1   3   2   8  11   8   0   2   3  0.07 0.06
  137 Y    -1  -2  -1   0  -2  -1  -1  -2   0  -1   1  -2  -1   2  -2   0   1   4   5  -1    1   1   1   7   0   1   1   1   0   1  15   1   0   7   1   7  11   6  35   1  0.31 0.09
  138 P     1   1  -1  -1  -1  -1  -1  -1  -1  -1   0   0  -1  -2   3   1   1  -2  -2  -1   15  15   1   1   0   1   1   1   0   1  16   1   0   1  15  15  15   0   0   1  0.20 0.05
  139 V     0   0   0  -1   1  -2  -1  -3  -2   1   0  -2   1   1   0  -1   0  -3  -1   2    6   8   5   4   4   0   4   1   0  10   9   0   4   8   4   4   4   0   0  26  0.11 0.13
  140 L    -1  -2   0  -1  -3   1  -2  -1   1  -1   3  -2   2  -2   1  -1  -2  -3   1  -2    5   0   5   5   0   8   0   5   4   0  43   0   5   0   8   5   0   0   4   0  0.26 0.24
  141 Q    -1  -1  -1  -1  -3   5   2  -2  -1  -2  -1   0   5  -2  -2   1  -1  -2  -2  -2    1   1   1   1   0  37  11   1   0   1   1   1  26   0   1  16   1   0   0   1  0.48 0.18
  142 S     3  -2  -1  -2   2  -1   0   0   4   0  -2  -1  -1  -2  -2   1   1  -3  -1   0   34   0   0   0   5   0   5   6  15   5   1   0   0   0   0  10   8   0   0   8  0.21 0.10
  143 A     4  -2  -2  -2   1  -2  -2   0  -2   0  -2  -2  -1  -2  -2   1   0  -2   1   0   52   1   1   1   3   1   1   4   0   6   1   1   0   1   1  11   5   0   7   5  0.32 0.15
  144 D    -2   2   2   6  -4  -1   0  -2  -2  -3  -3  -1  -3  -3  -2  -1  -2  -4  -3  -3    1  12   8  62   0   1   1   1   0   1   1   1   0   1   1   1   1   0   0   1  0.82 0.24
  145 I    -2  -3  -3  -3  -2  -3  -3  -3  -3   5   1  -3   2  -1  -3   0   1  -3  -2   2    1   1   0   1   0   0   1   1   0  47  12   1   7   0   1   8   8   0   0  11  0.47 0.21
  146 L    -1  -2  -2  -3   1  -2  -2  -3   1   1   2  -2   1   1   1  -1   0  -2   1   1    5   1   0   1   4   0   1   1   4   8  32   1   4   4   8   5   5   0   4  12  0.18 0.10
  147 L     0  -3  -3  -3   3  -2  -3   0  -3   2   2  -3   2   1   0   0   0  -2   1   1    8   0   0   0   7   0   0   9   0  12  20   0   9   7   4   6   4   0   4   7  0.16 0.15
  148 A     0  -2   1  -2   2   1  -2  -3   2   0   0  -2   2   1   1   0   0  -2   1   0    7   0   7   0   7   7   0   0   7   7   7   0   7   7   7   7   7   0   7   7  0.11 0.15
  149 K     0   1   1   1   2   1   1   0   2  -2  -1   1  -2  -2  -2   0  -1  -2   1  -2    8   8   7   8   7   7   8   8   7   0   8   8   0   0   0   8   0   0   7   0  0.13 0.13
  150 A     0   1  -2  -3   3   1  -2   0  -2   0   0  -1  -1  -2   1   0   1  -2   1   0    8   8   0   0   8   8   0   8   0   8   8   0   0   0   8   8   8   0   8   8  0.10 0.13
  151 Q     0   0   1   0   2   1   0   0   2   0  -2   0   1   1  -3   0   0  -3   1   0    6   6   6   6   6   6   6   6   6   6   0   6   6   6   0   6   6   0   6   6  0.07 0.13
  152 L     0  -1  -1  -1   1   0  -1   1   2   0   1   0   0   1  -3  -1  -1   2   2   0    6   3   3   3   3   3   4  12   7   5  13   7   3   6   0   4   3   4   7   6  0.07 0.11
  153 V     0  -2  -2  -3  -2  -2  -1  -3  -2   2   1  -1   1   2  -2  -1   0  -2   1   3    7   0   0   0   0   0   6   1   0   7  11   5   5   9   0   1   7   0   5  35  0.16 0.13
  154 P     0  -2  -2  -2   3  -1  -2   0  -2   1   0   0  -1   1   2   0  -1  -2  -1   1   10   0   0   0   9   0   1  10   0  10  10  10   0   9  10  10   1   0   0  10  0.09 0.08
  155 V     1  -2  -2  -3  -2  -2  -2   0  -2   2   0  -2   0  -1  -2   0   0  -2   2   3   11   1   0   1   0   0   1   7   0  14   6   1   0   0   1   6   6   0  10  34  0.18 0.13
  156 G     1  -2   2  -1  -2  -1  -2   4  -2  -3  -3  -1  -2  -3  -2   1   1  -3  -3  -2   10   1  14   1   0   1   1  47   0   1   1   1   0   0   1  12   8   0   0   1  0.53 0.15
  157 K     0   0   0   2  -3   1   2  -1   0  -2  -2   2  -1  -3   0   0   0  -3  -1  -2    7   4   2  17   0   5  20   2   2   2   4  16   1   1   3   3   7   0   2   2  0.22 0.10
  158 D    -2  -2   0   6  -4   0   2  -1  -2  -4  -4  -2  -3  -4   1  -1  -2  -4  -4  -4    1   1   3  61   0   4  10   4   0   1   1   1   0   0   8   4   1   0   0   1  0.95 0.30
  159 N    -2  -1   4  -1  -4   7   0  -3   2  -4  -3  -1  -2  -4  -3  -1  -2  -3  -3  -3    1   1  20   1   0  63   1   1   5   1   1   1   0   1   1   1   1   0   0   1  1.09 0.34
  160 E     0   0  -1  -1  -1   1   0  -2  -1   1   1   2   0  -1  -2  -1   1  -2  -1   1    7   4   1   4   1   8   4   2   1   8  14  18   2   1   1   3  10   0   1  11  0.07 0.07
  161 A     1   0  -2  -1  -1   5  -1  -2   2  -2  -3  -1  -2   0   3   0  -2  -3  -2  -2   13   3   1   3   1  33   2   2   6   3   2   1   1   4  16   5   2   0   1   1  0.49 0.26
  162 H     0  -1   1  -2  -2   1  -1   1   2   1   0  -1   2  -2  -2   0  -1  -3  -1   1   10   0   9   0   0   9   1  10   9  10  10   1   9   0   0  10   1   0   0  10  0.08 0.10
  163 I    -2  -2  -3  -3  -2  -2  -3  -3   2   3   2  -2   2   1  -3  -2  -1  -2  -1   2    1   1   1   1   0   0   1   1   7  26  22   1   8   8   1   1   1   0   0  21  0.30 0.13
  164 E    -1  -1   0   1   0   1   5  -2   1  -3  -2  -1   0  -3  -2  -1  -1  -3  -1  -2    3   3   4   7   2   5  51   3   3   1   3   1   2   0   1   3   3   0   3   3  0.53 0.26
  165 L    -1  -1  -3  -3  -1   1  -3  -3   2   2   3  -2   2   1  -3  -3  -2  -3   0   0    3   4   0   1   1   8   1   2   6  10  40   2   5   7   1   1   2   0   2   6  0.32 0.20
  166 T     3  -3  -3  -3   2  -2  -1   0  -3   0   0  -3   1  -3  -3   0   4  -4  -3   0   29   0   0   0   5   0   5   5   0   4   8   0   3   0   0   4  28   0   0   7  0.39 0.28
  167 R    -1   6   2  -3  -1   2  -2  -2   0  -3  -3   0  -1  -3  -4  -2  -1  -4  -2  -2    6  52   9   0   1   9   0   2   2   1   2   4   1   1   0   2   2   0   1   2  0.82 0.39
  168 D    -1   0   0   4  -4   0   3  -1   2  -3  -3   0  -1  -2  -3  -1   0  -4   1  -3    4   4   4  28   0   3  24   4   4   1   2   6   2   1   0   3   5   0   5   2  0.45 0.27
  169 I    -2  -4  -5  -5   0  -4  -4  -5  -4   5   3  -4   1   0  -4  -4  -1   0  -1   2    3   0   0   0   2   0   0   0   0  37  32   0   3   3   0   0   2   1   1  11  0.72 0.34
  170 A     0   1   1  -2   2   1  -1   0  -2   0   0   0  -1   1  -2   0   0  -2  -1   0    8   8   7   0   7   7   0   8   0   8   8   8   0   7   0   8   8   0   0   8  0.05 0.09
  171 R    -1   3   0   0  -4   1   2  -1   1  -1  -2   1   0  -1  -1  -1   1  -3   0  -1    4  19   4   4   0   5  15   4   3   4   3   6   3   3   3   3   9   0   3   3  0.19 0.18
  172 N     0   4   0  -2  -4  -1  -1  -2   0  -1  -2   3  -1  -2  -3   1   0  -4  -1  -2    8  28   3   2   0   2   2   2   2   5   4  16   2   2   0  10   6   0   2   3  0.36 0.26
  173 F    -1  -5  -5  -6   1  -5  -5  -5  -4   0   0  -5   2   8  -5  -5  -2   4   2   0    5   0   0   0   3   0   0   1   0   4   6   0   4  55   0   0   3   5   5   6  1.37 0.58
  174 N    -2  -1   8  -1  -1  -2  -2  -3   2  -3  -4  -2  -5  -5  -2  -1  -2  -6  -2  -3    4   2  65   2   1   2   2   2   4   2   2   2   0   0   2   3   2   0   2   2  1.42 0.68
  175 R     0   2   2   0  -2   1  -1  -2   5  -3  -3   1  -2  -2  -3   0   1  -1  -1  -3   10  13   9   4   1   7   3   3  14   1   2   9   1   2   0   6  10   1   2   1  0.31 0.25
  176 L    -1   3  -2  -2  -2   1  -1  -3   0   0   1   1   1   0  -4  -2   1  -1   0  -1    4  18   2   2   1   6   4   1   2   4  17  10   3   4   0   2  11   1   4   4  0.19 0.20
  177 Y    -1   0   0   0   2   0  -2  -1   2   0  -1   0   1   1   0   0   0   3   1   0    5   5   5   5   5   5   0   5   5   5   5   5   5   5   5   5   5   5   5   5  0.06 0.11
  178 G    -1   0   0  -1   1   0  -1   2   0  -1  -1   1   0  -1   1   0   0  -4  -3  -1    4   6   4   3   4   5   4  19   3   4   5  10   3   3   6   5   8   0   0   4  0.11 0.14
  179 E     0   0   0   0   2   0   0  -1   1   0  -1   0   1   0   0   0   0  -2   1   0    5   5   5   5   5   5   5   5   5   5   5   5   5   5   5   5   5   0   5   5  0.03 0.05
  180 I    -1   0   1   0   0   0   1   0   1  -1  -1   1   0   0   0   0   1  -3   0  -1    3   5   6   5   3   5   8   9   3   4   6   9   3   5   3   4  10   0   3   5  0.02 0.06
  181 F    -1   0   0  -2  -3   1   0  -3   2   0   0   0   1   1   1  -2   0   4   1   0    6   6   6   0   0   6   6   0   6   6   6   6   6   6   6   0   6   6   6   6  0.07 0.16
  182 P    -1  -1  -1  -1  -4  -1  -1   0   0  -1  -2   0   0  -1   5   0   0  -4  -3   0    4   3   3   3   0   3   3   6   3   4   4   5   3   3  33   6   5   0   0   8  0.48 0.34
  183 E    -1  -1  -1   0  -3   0   3  -2   0   1   0   0   0   1   0  -1  -1  -3  -1   1    4   3   2   5   0   5  21   3   2  11   7   4   2   6   5   3   4   0   2  12  0.12 0.17
  184 P     0  -5  -5  -2   1  -2  -1  -2  -1  -2  -1  -3  -2  -1   7  -1  -1  -6  -2  -1    7   0   0   3   3   1   4   3   2   3   5   2   1   3  48   4   4   0   1   6  1.00 0.63
  185 E    -1   1  -1   0   0   2   2  -2   0   0  -1   1   1  -1   0  -1  -1   0   0  -1    4   8   3   4   2  10  15   2   2   5   7   9   4   3   5   3   4   1   4   4  0.10 0.15
  186 T     1  -2  -1  -3  -2  -1  -1  -2  -1   3  -1  -1   0  -1   2  -1   1  -1  -1   0   14   2   2   1   1   3   4   3   2  21   4   4   2   2  11   5   8   1   2   6  0.20 0.22
  187 L    -1   0   0   0   2   0   0  -1   2   0  -1   0   2   1   0  -1   0   4   1  -1    5   5   5   5   5   5   5   5   5   5   5   5   5   5   5   5   5   5   5   5  0.09 0.08
  188 Q    -1  -1  -1   0  -1   0   1  -2   0   1   2   1   0  -1   0  -1   0  -4  -1   0    3   3   3   4   1   4  10   3   2  11  20   9   2   3   4   5   5   0   2   6  0.09 0.12
  189 G     0  -1   1   0  -1  -1   1   1  -1  -2  -3   0  -4  -1   2   2   2  -5  -2  -2    7   2   6   4   2   3   9   9   2   2   2   5   0   2   9  15  15   0   2   3  0.21 0.24
  190 E     0   0   0   1  -1   0   2   2   0  -2  -3   1  -1  -2   1   0   0  -5  -1  -2    8   5   4   8   1   3  15  14   2   2   2   9   2   2   7   5   6   0   2   4  0.17 0.19
  191 L     2  -2   0  -1   0  -1   0   0   0  -1  -1   0   0  -1  -1   0   1   0  -1   1   18   2   4   4   2   3   5   7   3   4   4   5   2   3   3   8  10   1   2  10  0.08 0.12
  192 T     1   4  -1  -3   0  -1  -1  -1  -1  -2  -2   2   0  -3   3   0   0  -5  -2  -1   11  20   3   1   2   2   4   4   1   3   3  10   3   1  14   6   5   0   2   6  0.29 0.28
  193 S     0   0   0   0   2   0   0  -1   1   0  -1   0   1   0   0   0   0  -2   1   0    5   5   5   5   5   5   5   5   5   5   5   5   5   5   5   5   5   0   5   5  0.03 0.05
  194 L    -1   1  -1  -4   1  -1  -4  -4  -4   3   1   0   4   0  -4  -1  -1   3   1   1    6   7   3   0   4   3   0   0   0  16  14   6  10   4   0   4   4   4   4  10  0.28 0.24
  195 V    -1   0  -1   1  -3  -1  -2  -1  -1   1   0   0   2  -1   2   1  -1  -4  -1   1    3   5   2  10   0   2   2   5   2   9   9   5   6   2  10  12   3   0   3  12  0.12 0.17
  196 G    -2   0   0  -2  -4  -1  -1   3  -3   0   2  -1   2  -2   0   1  -2  -4   0  -2    2   5   5   2   0   2   3  23   0   6  19   4   5   1   4  12   2   0   3   2  0.19 0.24
  197 I    -1   0   0  -2  -1   1  -2   0  -1   1   2  -1   0  -1  -1   0   0  -4  -3   0    3   7   4   2   1   8   2   7   1   7  28   2   1   3   3   7   7   0   0   4  0.13 0.19
  198 D    -4  -2   2   6  -6  -1   1  -3  -1  -2  -2  -1  -3  -3  -3  -2   0  -6  -3  -4    1   2  10  50   0   2   8   2   1   2   4   3   1   1   1   3   5   0   1   1  0.99 0.59
  199 G    -2  -1  -1   1  -2  -3  -5   4  -5  -6  -5   0  -6  -7   6  -3  -3  -6  -6  -3    3   3   2   7   1   1   0  31   0   0   1   6   0   0  38   2   2   0   0   2  1.14 0.67
  200 Q    -1   3   1   0  -1   0   1   0  -1  -3  -2   1   1  -3  -2   1   3  -5  -3  -3    4  14   6   4   1   3   9   7   1   1   2   8   4   1   2  10  20   0   1   1  0.27 0.28
  201 G     0   1   1  -2  -5   1  -1  -1  -1  -2  -3   5   0  -4  -3   1  -2  -5  -4  -1    9   7   6   2   0   5   3   6   1   2   2  37   2   1   1  11   2   0   0   4  0.50 0.40
  202 K     0   1  -1  -2  -2  -1  -1   0   2  -1   0   0   1  -2   1   0   1  -3  -2   0    8   8   0   0   0   0   0   8   8   0   8   8   8   0   8   8   8   0   0   8  0.05 0.11
  203 M     0   1  -2  -2  -2   1  -2  -1  -2   0   0   1   5   1  -3   1   0  -3  -2  -1    8   9   0   0   0   5   0   5   0   4   6  12  26   6   0  11   5   0   0   0  0.19 0.21
  204 S     0  -2   0  -1  -3  -1   0   1   1  -1  -1   0   1  -1  -2   3   0  -2   3  -2    3   0   5   3   0   0   4   9   4   4   8   7   5   0   0  28   2   0  14   0  0.16 0.20
  205 K     0   1   0  -2  -3  -1   0  -1   3  -3  -2   3  -2  -2   0   1   1  -3   1  -3    6   8   2   0   0   0   3   2   8   0   4  31   0   0   5  12  10   0   6   0  0.28 0.23
  206 S    -1   0   0   2  -3   0   1  -1  -2  -4  -2   0  -3  -4  -3   4   1  -4  -3  -3    2   5   2   9   0   4   9   5   0   0   3   4   0   0   0  44   7   0   0   0  0.44 0.36
  207 A     0   0  -1   0  -2  -1   0   0  -1  -1   1  -1   0  -1   1   0   0  -2   2  -1    9   5   1   6   0   2   7   7   1   3  17   3   2   1   8   6   6   0  10   2  0.04 0.10
  208 N    -1   2   1   1   1  -1  -1   3  -1  -3  -3   2  -2  -2   1  -1  -2  -3   0  -3    5  13   8   7   3   1   2  23   1   0   2  13   1   2   6   3   1   0   4   1  0.22 0.21
  209 N    -2   0   5   0  -4  -1  -1   1   3  -5  -5   0  -4  -5  -2   3  -1  -5  -4  -4    2   4  31   3   0   1   2  10   7   0   0   7   0   0   1  29   2   0   0   0  0.69 0.43
  210 A     1   3  -2  -1   2  -1  -2  -2  -1  -2  -1   0  -2  -1  -1   1   2  -3   1  -1   14  23   1   3   5   1   1   2   1   1   5   3   0   3   2   9  16   0   6   5  0.22 0.23
  211 I    -1  -2  -5  -5  -4  -4  -5  -5  -1   7   1  -3  -2  -2  -5  -2  -3  -4   0   1    4   3   0   0   0   0   0   0   2  63   8   1   0   1   0   4   0   0   4   8  1.05 0.51
  212 Y    -1  -1   3   1  -2   0   1  -1   0  -1   0  -1  -1   2   1   0  -1   0   3  -2    5   2  15   6   1   5   9   4   2   3   8   1   1   8   7   8   1   1  14   1  0.18 0.18
  213 L    -4  -2  -3  -5  -4   0  -4  -5  -5   3   5  -4   2  -1  -3  -4  -3  -4  -4   0    0   2   1   0   0   6   0   0   0  18  59   0   4   1   1   0   1   0   0   4  0.95 0.46
  214 S    -1   0   0  -1  -1  -2   0  -1  -2  -1   2  -1   0   2  -1   1   2   0  -1  -1    5   4   4   3   1   0   7   4   1   3  22   2   1   9   3  11  17   1   1   1  0.13 0.17
  215 D     0  -4  -2   7  -2  -2   1  -1  -2  -4  -3  -1   0  -5  -1  -1  -3  -3  -5  -5    8   0   1  59   1   1   7   5   1   1   2   3   2   0   3   5   1   1   0   0  1.13 0.54
  216 D    -2  -2   0   3  -2  -2   2  -1  -2  -2  -4  -1  -4  -5   3   3   2  -5  -4  -4    2   1   4  17   1   1  13   4   1   2   1   3   0   0  13  24  12   0   0   0  0.49 0.34
  217 D     0  -2  -2   2  -5  -1   2  -3  -2  -3  -3   0  -3  -1   6  -1  -2  -3  -3  -3    9   2   1  13   0   2  13   2   1   2   2   4   1   3  36   4   2   0   1   1  0.75 0.42
  218 A    -1  -2  -1   5  -4  -1   4  -3  -3  -4  -5   2  -4  -6  -3   0  -3  -6  -4  -4    5   2   2  35   0   2  25   2   0   1   1  15   0   0   1   6   1   0   1   1  0.87 0.48
  219 T     0  -2  -1   1  -4   1   3  -4  -2   0  -1   0  -1  -3  -3  -1   1  -5  -3   2    9   2   2   9   0   7  24   1   1   5   6   4   1   0   1   4   9   0   0  15  0.30 0.26
  220 I    -2  -5  -4  -6  -4  -5  -6  -6  -6   6   2  -5   0  -2  -5  -4   0  -5  -1   2    4   0   1   0   0   0   0   0   0  50  19   0   2   1   0   1   5   0   2  14  1.11 0.52
  221 E     1   5  -2  -3  -3   1   1  -4   2  -1  -1   2  -2  -2  -4  -1  -1   0  -1  -2   11  29   1   1   0   5  10   1   5   3   7  10   1   2   0   4   4   2   2   3  0.40 0.31
  222 D     0   2   0  -2  -6   2   2  -3   0  -5  -3   5  -3  -4  -3   0  -2  -6  -4  -5    8   9   5   2   0   8  10   2   2   0   3  41   0   1   1   6   2   0   0   0  0.72 0.45
  223 K    -1   1  -4  -5  -2   0  -4  -5  -2  -4  -3   7  -4  -5  -5  -2  -2  -7  -3  -4    5   7   0   0   1   3   0   1   1   1   3  69   0   0   0   3   3   0   1   1  1.55 0.76
  224 V    -2  -3  -7  -7   0  -6  -6  -7  -6   6   0  -6   0   1  -6  -6  -3  -6  -2   4    3   1   0   0   2   0   0   0   0  50   6   0   2   5   0   0   1   0   1  27  1.34 0.62
  225 R    -2   5   0  -4  -2   0  -3  -4  -1  -4  -2   4   6  -3  -5   0  -3  -6  -4  -5    3  27   4   1   1   3   1   1   1   1   3  28  18   1   0   7   1   0   0   0  0.96 0.56
  226 R     0   4  -1  -3  -5   0  -1   0  -3  -4  -4   4  -1  -6  -3   2   0  -6  -4  -3    9  19   2   1   0   3   2   6   0   0   1  27   2   0   1  17   6   0   0   1  0.59 0.41
  227 M     5  -3  -2  -6   1  -5  -5  -3  -3   2  -1  -5   5  -4  -2  -1  -3  -6  -3  -2   51   1   2   0   3   0   0   1   1  13   4   0  14   1   2   4   1   0   1   2  0.98 0.58
  228 Y    -2  -2  -2  -4  -3  -1  -3  -3  -3   1   1   2   1  -1  -1  -1   0  -2   2   4    2   1   2   0   0   3   1   1   0   6  12  12   3   3   3   4   6   1   6  33  0.35 0.29
  229 T    -3  -6   0  -6  -6  -2  -5  -6  -6  -4  -4  -5  -3  -7  -6  -1   8  -7  -4  -2    2   0   4   0   0   2   0   0   0   1   2   0   1   0   0   4  81   0   1   2  2.08 0.97
  230 D    -3  -3  -1   8  -7  -3  -1  -2  -5  -7  -6  -5  -7  -7  -4  -2  -4  -7  -7  -7    3   2   2  81   0   1   3   3   0   0   1   0   0   0   1   3   1   0   0   0  2.19 0.90
  231 P     0  -3  -2  -3   0  -3  -1  -1  -3  -2  -4  -3  -2   0   4   5   1  -5  -4  -2    6   1   2   1   2   0   4   4   0   2   1   1   1   5  19  41   7   0   0   3  0.71 0.47
  232 N     0   0   1   1  -3   2   2   0  -1   1  -1   0  -1  -3  -2   0   2  -4  -3  -1    7   4   7   7   0  11  13   7   1   8   5   6   1   1   1   5  12   0   1   3  0.16 0.17
  233 R    -1   4   1  -1  -4  -1  -2   0   0  -4  -3   1  -2  -4   3   2  -1  -5  -1  -3    4  24   6   3   0   1   2   7   2   1   3   9   1   1  13  16   3   0   2   1  0.43 0.31
  234 I    -1  -1  -1  -1  -2  -1   1   1  -1   1   1   0   1  -1  -1  -1  -1  -3  -2   1    4   3   1   4   0   2  11  15   2  10  13   8   4   2   2   4   4   0   1  10  0.07 0.10
  235 H    -2   2  -3  -2  -4  -1   1  -3   1   4  -1   0   0  -2  -1   0  -1  -3  -1   2    1  13   1   2   0   2  10   2   4  24   3   5   2   1   3   8   2   0   2  15  0.30 0.25
  236 A     1   2  -1  -2  -3  -1  -1  -2  -2  -2  -2   1   1   0   1   1   2   0   0  -1   11  13   2   1   0   1   3   2   1   2   3  10   4   5   7  11  15   1   4   3  0.19 0.20
  237 S    -2  -3   1   2  -4  -2   0   0  -1  -3  -3  -2  -1   2  -3   1   1   0   6  -4    3   1   6  10   0   1   7   6   1   1   2   3   2   8   1  12   8   1  27   1  0.53 0.36
  238 T    -2  -1   1   7  -6  -2   2  -4  -2  -3  -4  -2  -1  -6  -4  -1  -2  -6  -5  -3    3   4   5  56   0   1  11   1   1   2   2   2   2   0   1   4   2   0   0   2  1.21 0.61
  239 P    -3   1  -4  -2  -4  -2   0  -5  -4  -5  -4  -1  -2  -5   8  -3  -3  -1  -6  -4    3   7   1   3   0   1   7   1   0   1   2   5   1   0  62   2   2   1   0   2  1.65 0.80
  240 G    -1  -3  -1   1  -3  -1   3   4  -3  -2  -3   2  -3  -5  -3  -1  -1  -5  -5  -2    6   0   3   6   0   3  19  32   1   2   2  14   1   0   1   3   3   0   0   4  0.53 0.37
  241 R    -1   4   3   2  -4   0   1  -2   2  -4  -3   1  -3  -5  -1   0   0  -5  -4  -3    4  20  16  13   0   3   8   2   6   1   3   7   0   0   2   6   4   0   0   2  0.44 0.31
  242 V    -1   4  -4  -3  -5  -1  -3  -3  -2  -1  -2   1  -3  -5   6  -4  -2  -3  -3  -1    5  23   1   1   0   2   2   2   1   3   5   7   1   0  39   1   2   0   1   5  0.98 0.54
  243 E    -1  -2  -1   2  -5  -2   4   1  -3  -3  -4  -2  -3  -1   5  -2  -3  -6  -3  -1    4   2   3  11   0   1  25  10   0   1   1   1   1   3  28   2   1   0   1   5  0.72 0.46
  244 G     0  -2   1  -2   0  -1  -2   4  -3   0  -2  -1  -2  -4  -4   1   0  -5  -4   1    8   2   6   2   2   2   2  36   0   6   3   4   1   1   0   9   5   0   0  10  0.42 0.30
  245 N    -3  -4   7  -2   7  -3  -4  -5  -3  -4  -5  -3  -6  -7  -4   1  -3  -7  -5  -4    2   1  51   2  23   1   1   0   0   1   1   2   0   0   1  10   1   0   0   1  1.74 0.83
  246 P    -2  -3   4  -4  -4  -4  -3  -4  -1  -2   4  -4   0  -4   3   0  -1  -3  -3  -1    3   2  18   0   0   0   2   1   1   2  41   0   1   0  12   6   4   0   1   4  0.65 0.45
  247 L    -2  -5  -2  -7  -3  -6  -5  -5  -4   4   4  -4   1  -3  -4  -5  -4  -6  -4   4    2   0   2   0   0   0   0   1   1  19  35   1   4   1   1   0   1   0   0  31  1.01 0.54
  248 F    -1  -1   0   0  -2  -2  -1  -2  -2  -1   0  -3   0   5  -5   0   1   4   2  -2    4   3   6   5   1   1   5   2   1   2  11   1   2  26   0   7   8   6   6   2  0.39 0.30
  249 I     0  -3  -1  -1  -5   2  -1  -4  -2   5   0  -2   0  -2  -2  -1   1  -5  -4  -1   10   1   3   4   0   9   4   1   1  38   8   3   2   1   2   3   8   0   0   3  0.50 0.38
  250 Y    -4  -5  -6  -6  -6  -3  -4  -4   3   2   4  -5   1   2  -7  -5  -5  -2   6  -2    2   0   0   0   0   1   1   1   6   9  36   0   3   8   0   0   0   0  30   2  1.16 0.63
  251 H     2  -2  -3  -3  -1  -1  -3  -3   6  -2   1  -3   0  -2  -5   2  -3   1   3  -3   17   2   0   1   1   3   1   1  20   2  14   1   2   1   0  18   1   2  10   1  0.59 0.44
  252 D     2   0  -1   1  -1   1   1  -1   1  -2  -1   2  -2  -3  -3   1  -2  -5  -3  -2   22   5   2   7   1   7   9   4   3   2   8  13   1   1   0   9   2   0   1   3  0.21 0.23
  253 I     2  -4  -4  -6   2  -3  -4  -4  -1   3   3  -3   1   1  -5  -3  -3  -5  -2   2   16   1   1   0   5   1   0   1   1  16  29   1   3   5   0   2   1   0   1  16  0.53 0.36
  254 F    -1  -2  -2  -4  -2  -2  -3  -4  -3  -1   0  -3  -2   6  -5   1   3  -4   3  -1    6   3   2   1   1   1   2   1   0   2   8   1   1  30   0  10  18   0  10   4  0.63 0.43
  255 N     0  -2   2   2   0  -1   0   3  -1  -3  -3  -2  -1  -3  -3   2   0  -4  -3  -2    7   2  11  11   2   2   6  26   1   1   2   2   2   1   1  15   5   0   1   2  0.36 0.26
  256 P     1   0  -1   0   0   1  -1   0  -1  -1  -1   1  -1  -3   2   1   1  -2  -2  -1   10   5   2   5   2   7   3   6   1   4   7   9   2   1  11   9  10   0   1   4  0.12 0.12
  257 N    -1  -3   2   4  -3  -1   1  -1  -2  -4  -4  -2  -4  -3  -1   3   3  -5  -5  -3    3   1   7  20   0   2   8   5   1   1   1   2   0   1   4  25  17   0   0   1  0.55 0.40
  258 K     0   0  -1  -1  -1   0   1   0  -1   1  -1   1  -1  -2   3  -1   0  -2  -1   0    7   6   2   3   1   4   9   8   1   9   5  11   1   1  13   4   5   0   2   7  0.11 0.11
  259 E     1   0  -1   3  -5   1   5  -3  -2  -4  -3   0  -2  -4  -2   0  -1  -5  -3  -3   11   5   2  13   0   6  36   2   1   1   2   5   1   1   2   6   3   0   1   2  0.57 0.39
  260 E    -1  -1   0   2  -4   3   4  -3  -2  -3  -3   1  -2  -3  -2   0   1  -2  -4  -2    4   2   3   9   0  11  30   2   1   1   3   6   1   1   2   8  11   1   0   3  0.46 0.36
  261 V     0  -1  -4  -4   0  -2  -3  -4  -1   3   1  -3  -1  -2   0  -2   0  -2  -1   4    8   3   0   1   2   2   1   1   2  18  14   1   1   1   5   2   5   1   2  30  0.44 0.31
  262 E     2   0  -1   1   2   1   4  -3  -2  -2  -2   0  -2  -4  -3  -1  -2  -3  -3   0   15   4   3   8   4   5  30   1   1   2   4   5   1   0   1   4   2   0   1   8  0.39 0.33
  263 E     1   0   0   2  -4   2   4  -3  -1  -2  -3   1  -3  -4  -4   0  -1   3  -3  -3   11   4   3  13   0   9  24   2   1   2   2  10   0   1   0   6   3   4   1   2  0.43 0.34
  264 F    -1  -3  -3  -1  -2  -1   2  -4  -1   3   2  -2   3   1  -3  -2  -2   1   0   1    4   1   1   3   1   3  12   1   2  18  20   2   6   5   1   2   2   2   3  10  0.28 0.22
  265 K     2   1  -1  -2   2   0   1  -2   0  -1  -1   2  -1   1  -3  -1  -2  -2   1   0   19   8   3   2   4   4  11   2   2   3   4  12   2   8   1   2   2   1   5   5  0.17 0.18
  266 T     2   1   0   1  -2   2   2  -2  -1  -3  -3   2  -2  -3  -3   1   0  -4  -3  -1   15   6   4   6   1   8  15   2   2   1   3  11   1   1   1  10   7   0   1   4  0.25 0.22
  267 R     0   3   0   2  -3   2   2   2   1  -3  -2   1  -2  -3  -3  -1  -2  -2  -2  -3    8  14   5  10   1   8  13  14   4   1   5   7   1   1   1   3   2   0   1   2  0.26 0.20
  268 Y    -1  -3  -4  -3   7  -3  -3  -3   2  -1   0  -1   1   3  -4  -3  -3  -2   6  -2    5   1   1   2  21   1   2   2   5   3   8   4   3  10   1   2   1   0  25   3  0.92 0.44
  269 R    -1   4   1   0  -1   2   2  -1   0  -2  -1   1  -1  -2  -2  -1   0  -2  -2  -2    6  23   6   4   2   9  11   4   2   2   5   7   2   2   2   4   5   0   1   2  0.28 0.21
  270 Q     1   0   1   0  -3   0   0   0  -1  -1  -2   0  -1   0  -2   1   1   1   1  -2   13   6   7   5   0   4   6   6   2   3   3   6   1   3   1  14  10   2   5   2  0.10 0.11
  271 G     3  -2  -2  -1  -2  -2  -2   5  -2  -3  -3   1  -3  -4  -2  -1  -2  -4  -3  -3   22   2   1   3   1   2   2  40   1   1   2   8   0   1   2   5   2   0   1   2  0.69 0.36
  272 C    -1  -1   2  -1  -3   0   0   4  -2  -3  -2   1  -2  -3  -2   1   1  -4  -3  -3    4   3   9   4   1   3   6  33   1   2   3   8   1   1   2   9   9   0   1   2  0.42 0.26
  273 I    -2  -1  -3  -2  -2  -1  -2  -2  -2   4   2   0   2  -1  -2  -2  -2   0   1   1    2   4   1   2   1   3   2   4   1  22  23   7   5   2   2   3   2   2   4   8  0.29 0.20
  274 K    -2   1   0   1  -5  -1  -3   5  -2  -5  -5   0  -3  -4  -2   1  -2  -5  -5  -2    2   7   4   9   0   3   2  44   1   1   1   6   1   1   2  11   3   0   0   3  0.76 0.44
  275 D    -3  -4  -1   1   7  -4  -4  -4   2  -3  -3  -3   3   0  -3  -3   1   4   6  -3    2   1   3   8  18   1   1   2   4   1   2   2   6   4   2   2   8   6  28   1  1.04 0.55
  276 V     1   0  -2  -3  -3  -1  -2   4  -3  -1  -1   0  -1  -3  -2   0  -2  -4  -3   2   12   5   2   1   1   2   2  28   0   4   6   7   1   1   1   8   2   0   1  16  0.34 0.26
  277 E     1  -2  -2   4  -4   2   4  -3   2  -4  -5   0  -4  -3  -2  -3  -1  -4  -3  -2   10   2   2  26   0  10  23   2   5   1   1   5   0   1   2   1   4   0   1   4  0.65 0.45
  278 I     0  -7  -5  -6   6  -7  -7  -7  -4  -1   3  -7  -1   6  -7  -5  -4  -4   2   0    8   0   1   1  16   0   0   0   0   3  27   0   1  29   0   0   1   0   6   5  1.22 0.64
  279 K    -6  -2  -7  -7 -10  -5  -5  -8  -4  -9  -9   8  -8 -10  -4  -7  -6  -9  -8  -9    0   2   0   0   0   0   1   0   0   0   0  95   0   0   1   0   0   0   0   0  3.09 1.39
  280 T    -1   1   0   0  -4   2   3  -2  -1  -3  -1   4   0  -5  -1   0  -1  -6  -5  -3    6   8   4   6   0   8  17   3   1   1   6  24   2   0   3   6   4   0   0   1  0.41 0.34
  281 R     1   1  -1   1  -1   0   1  -3   0   0   0   1   0  -2  -1  -1  -1  -2   0   0   15   9   2  10   1   4  11   1   2   7  10   8   3   1   2   2   3   1   3   6  0.10 0.14
  282 L    -4  -7  -8  -8  -1  -7  -8  -8  -8  -1   5  -7  -1  -3  -6  -7  -2  -7  -6   4    1   0   0   0   1   0   0   0   0   2  59   0   1   1   0   0   3   0   0  30  1.57 0.79
  283 A     5  -5  -3  -5  -2  -5  -3  -1  -3   1  -2  -4  -2   2  -5   0   2  -5  -1   0   45   0   1   0   1   0   1   4   1   7   4   1   1   8   0   7  11   0   3   6  0.72 0.50
  284 E    -1  -2   0   5  -5   0   5  -3  -3  -5  -6   0  -4  -8  -6  -3  -2  -8  -6  -4    5   2   4  30   0   4  40   2   1   1   1   5   0   0   0   2   2   0   0   1  1.18 0.69
  285 E     4   0   0  -2  -1  -2  -1  -2   0   0   0  -1  -2  -3  -4   0   0  -5  -2   2   33   4   4   2   1   1   3   2   2   6  10   4   1   1   0   8   4   0   1  12  0.33 0.30
  286 L    -3  -7  -7  -8  -4  -7  -7  -5  -3   5   3  -7   2  -1  -7  -6  -3  -7  -3   4    2   0   0   0   0   0   0   1   1  32  26   0   4   2   0   0   1   0   1  29  1.26 0.64
  287 I    -1  -4   3  -1   0  -1   0  -4  -4   4  -1  -2  -1  -3  -5  -2  -2   1  -2   3    5   1  14   3   2   2   8   1   0  24   6   2   2   0   0   3   2   2   1  21  0.49 0.36
  288 R     2   1   0   2  -6   1   4  -2  -1  -5  -5   1  -3  -6  -3   0  -1  -6  -5  -4   15   6   5  11   0   6  31   3   1   0   1   8   1   0   1   5   4   0   0   1  0.58 0.43
  289 F    -1  -1  -2  -3  -2  -1   2  -2   4  -2  -1   1   1   3  -4  -1   0   0   3  -1    5   4   1   1   1   2  14   4  11   2   7   9   4  13   0   3   6   1   8   3  0.30 0.26
  290 L     0   0   1  -2   3   1  -2  -3   2   1   0  -1   2   1  -3  -1   0  -2   2   0    8   8   7   0   7   7   0   1   7   8   8   0   7   7   0   1   8   0   7   8  0.10 0.14
  291 Q     2   1  -1   1   0   0   1   0   0  -2  -2   1  -1  -2  -3   0   1  -1  -2  -2   19   9   2   6   2   4  12   7   2   2   2  11   1   1   0   7   8   1   1   2  0.17 0.18
  292 P    -3  -3  -1   0  -5  -1  -1   0  -4  -3  -4  -1  -5  -6   7   0  -1  -6  -5  -2    2   1   3   5   0   2   4   8   0   2   2   4   0   0  52   6   4   0   0   3  1.17 0.61
  293 F    -1  -3  -3  -5  -4  -2  -3  -5  -2   5   0  -1   2   2  -1  -3  -2   0   0   1    4   1   1   0   0   1   2   0   1  43   6   4   6  10   4   1   1   1   3   6  0.62 0.41
  294 R    -2   6  -1  -3  -6   4  -3  -1   0  -2  -3   1  -2  -5  -3  -2  -2   0  -1  -5    3  47   2   1   0  19   0   4   2   3   2   6   1   0   1   2   2   1   2   0  1.01 0.60
  295 E     1   0  -1   1  -5   2   4  -2  -1  -3  -2   2  -2  -3  -3  -1  -1  -5  -4  -2   10   4   3   8   0   7  36   2   1   1   3  11   1   1   0   4   4   0   0   3  0.48 0.37
  296 K    -1   5   0  -2  -2  -1   2  -3  -1  -3  -4   4  -4  -2  -4  -2  -2  -5  -4  -3    4  33   3   1   1   2  13   1   1   1   2  29   0   2   0   2   1   0   0   1  0.83 0.53
  297 R    -1   3  -4  -5  -2  -2  -3  -4  -1   1  -2  -1   1   3  -5  -3  -2   0   6  -1    5  19   0   0   1   1   1   1   1  10   2   4   4  10   0   1   2   1  34   3  0.82 0.53
  298 A     1   1   2   0  -4   2   2  -2   1  -2  -1   2  -1  -1  -3   0  -2  -4  -1  -2   12   9   9   3   0   8  18   1   3   2   8  11   1   3   1   5   1   0   2   2  0.21 0.23
  299 E    -1   3  -1   1  -2   2   4  -3   1  -3  -3   1  -2  -2  -3  -1  -1  -1   2  -3    5  14   2   8   1   8  28   1   3   1   1  10   1   1   1   3   3   1   7   1  0.44 0.37
  300 L    -4  -4  -6  -6  -2  -4  -5  -6  -2   3   4  -4  -1   1  -3  -4  -2   3   4   0    1   1   0   0   1   1   1   0   1  16  46   1   1   6   1   1   2   3  15   4  0.91 0.54
  301 L     0   1  -2  -2  -1   0   1  -3  -2   1   2   0   4  -1  -4  -1  -1  -4  -2  -1    7  10   1   1   1   5  12   1   1   8  19   5  15   3   0   4   3   0   1   3  0.23 0.25
  302 A     2   0   3   1  -2   1   1  -1   0  -4  -3   2  -2  -4  -3   1  -1  -4  -1  -4   17   3  16   9   1   7   7   4   2   0   2  15   1   0   1  10   3   0   2   0  0.34 0.30
  303 H    -4   1   4   5  -3  -1   1  -4   2  -5  -6   1  -5  -6  -3   0  -2  -6  -5  -6    1   8  21  36   1   2   8   1   5   1   0   8   0   0   1   7   1   0   0   0  0.94 0.56
  304 P    -3   2  -3   0  -5   0   2  -3  -2  -2  -3   2  -2  -3   5  -1  -1  -5  -3  -3    1   9   1   6   0   3  12   2   1   2   3  12   1   1  34   4   3   0   1   1  0.70 0.46
  305 K     1  -1   1   3  -4   0   2   1   0  -4  -4   2  -4  -4  -2   0  -1  -5  -2  -3   13   2   6  20   0   4  14  11   2   1   1  11   0   1   2   6   4   0   1   1  0.36 0.30
  306 I    -1  -1  -3  -1  -1   0   3  -3   2  -2   0  -1  -1   0  -5  -2  -1   0   6  -2    5   3   1   4   1   4  19   2   5   2   9   4   2   3   0   2   3   1  29   2  0.56 0.43
  307 L    -4  -6  -7  -5  -2  -6  -5  -7  -6   4   4  -6   0  -4  -6  -4  -3  -6  -4   4    1   0   0   1   1   0   1   0   0  18  43   0   1   0   0   1   1   0   0  31  1.18 0.64
  308 Q    -1   2   0   3  -3   1   3  -3   1  -1  -1   1   0  -2  -3  -2  -2   0  -1  -2    4  10   5  17   0   6  19   2   4   4   6   9   3   1   1   2   2   1   3   2  0.28 0.26
  309 E     0   1   0   3  -5   2   3  -2   0  -4  -4   2  -3  -4  -4   0  -1  -2  -2  -4    8   7   5  15   0   8  22   3   2   1   1  14   1   0   0   8   2   1   2   1  0.46 0.36
  310 A    -2  -4  -6  -5  -2  -3  -3  -5  -2   6   1  -4   0  -2  -6  -3  -1  -2  -3   4    4   1   0   0   1   1   2   1   1  41  10   1   2   1   0   2   3   0   1  29  0.96 0.54
  311 L    -1  -3  -5  -7  -3  -4  -2  -7  -6   1   6  -6   2  -2  -6  -4  -4  -6  -3  -1    6   1   1   0   0   1   3   0   0   8  70   0   3   1   0   2   0   0   1   3  1.27 0.70
  312 Q     1   2   0   1  -4   2   2  -3   0  -1  -2   3  -2  -2  -4  -1  -1  -1  -2  -1   14  12   4   6   0   9  15   1   3   3   3  16   1   2   0   4   2   1   1   5  0.28 0.27
  313 K     0   0   0   3  -4   2   4  -4   0  -2  -2   2  -1  -4  -3  -1  -1  -3  -2  -2    9   5   4  14   0   8  27   0   2   2   4  12   1   0   1   3   3   0   1   3  0.43 0.36
  314 G    -3  -4   0  -4  -4  -5  -7   7  -3  -8  -8  -6  -4  -8  -7  -2  -5  -7  -7  -6    1   1   5   1   0   1   0  85   1   0   0   0   1   0   0   3   1   0   0   1  2.23 1.02
  315 T     5   0   0  -4   0  -1  -1   0  -3  -4  -4  -2  -3  -4  -4   2   1  -6  -3  -4   44   5   4   0   2   2   5   6   0   0   1   3   0   1   0  17   9   0   1   1  0.68 0.51
  316 E     1   1   1   1  -2   2   4  -3  -2  -2  -3   2  -1  -5  -3  -1  -2  -6  -3  -3   10   7   5   7   1   9  32   1   1   3   3  11   1   0   1   3   2   0   1   1  0.51 0.40
  317 N    -2   5  -1  -3  -7   0  -1  -6  -1  -2  -4   6  -2  -3  -5  -3  -3  -6  -1  -4    3  26   3   1   0   3   3   0   1   3   2  47   1   1   0   1   2   0   2   1  1.15 0.68
  318 M     7  -6  -6  -7   0  -4  -5  -4  -6  -4  -2  -6  -1  -7  -6  -3  -3  -7  -6   0   81   0   0   0   2   0   0   1   0   1   3   0   2   0   0   1   1   0   0   7  1.80 0.95
  319 C     0   6   1  -3  -3   2  -1  -4  -1  -4  -3   2  -4  -5  -5   0  -1  -6  -4  -5    7  48   7   1   1   7   4   1   1   1   2   9   0   0   0   7   3   0   1   1  0.98 0.60
  320 A     2   0  -2   0  -2   1   3  -2  -1  -1  -2   2  -1  -3   0  -1  -1  -3  -2  -1   17   5   2   4   1   5  23   2   1   4   4  14   1   1   5   4   3   0   1   3  0.27 0.27
  321 L    -2   1  -1  -4  -4  -1   0  -4  -2   4   0  -1   0  -2  -5  -1  -1  -5  -1   3    3   9   3   0   0   3   6   1   1  30   8   4   2   1   0   4   4   0   2  21  0.45 0.34
  322 A     7  -6  -6  -7  -2  -6  -6  -2  -7  -3  -6  -6  -6  -4  -6   0  -1  -7  -4  -2   82   0   0   0   1   0   0   2   0   2   0   0   0   1   0   6   3   0   1   2  1.86 0.98
  323 K     1   2   1   1  -3   3   3  -1   0  -3  -3   1  -1  -4  -4   1   0  -5  -2  -2   11   9   7   7   0  12  17   4   2   2   2   9   1   0   0  10   4   0   1   2  0.29 0.27
  324 E     1   1   0  -1  -4   2   3  -2  -1  -3  -3   3  -3  -4   1  -1  -1  -5  -3  -2   11   7   5   3   0  10  23   3   1   1   2  18   0   1   6   3   2   0   1   3  0.39 0.34
  325 T    -4  -2   2  -6  -2  -4  -5  -6  -3  -2  -3   1  -2  -3  -6  -3   7  -7  -4   1    1   2   8   0   1   0   0   0   1   2   2   9   1   1   0   0  63   0   1   8  1.44 0.84
  326 M    -5  -5  -7  -8  -2  -4  -6  -7  -6   2   4  -5   7  -3  -7  -5  -3   2  -2   1    0   0   0   0   1   1   0   0   0  10  43   0  30   1   0   0   2   3   2   7  1.43 0.74
  327 E     1   2   1   2  -3   2   2  -2   0  -3  -3   2  -3  -3  -4   0  -1  -3  -3  -2   11   9   7  11   0  10  14   2   2   1   2  15   0   1   0   7   4   0   1   3  0.32 0.28
  328 E    -1   2  -1   2  -3   1   5  -3  -2  -2  -2   2  -2  -4  -3  -2  -2  -6  -4  -4    6  11   2   9   1   6  35   1   1   2   5  12   1   0   1   2   2   0   0   1  0.59 0.44
  329 V     0  -7  -7  -8  -1  -7  -7  -7  -8   3  -1  -7   1  -2  -7  -6  -3  -7  -6   7    8   0   0   0   1   0   0   0   0  15   4   0   3   2   0   0   1   0   0  65  1.63 0.81
  330 H    -3   6  -2  -5  -3   0  -2  -6   0  -5  -3   5  -1  -2  -6  -4  -4  -1   2  -6    1  38   1   0   1   4   2   0   2   1   2  34   2   2   0   1   1   1   8   0  1.23 0.70
  331 N    -1   2   1   2  -6   2   3  -4   1  -4  -5   3  -4  -5  -4   0  -1  -6  -3  -4    5  10   6  10   0   9  22   1   3   1   0  21   0   0   0   7   4   0   1   1  0.57 0.41
  332 T     4   1  -2  -4  -1  -2  -2  -3  -1   1   0   3  -2  -4  -4  -1  -1  -5  -3   0   36   7   2   0   1   1   1   1   2   7  10  18   1   0   0   4   4   0   0   5  0.45 0.38
  333 L    -2  -6  -7  -7  -1  -6  -6  -7  -5   4   2  -6   7   0  -7  -5  -1  -6  -5   4    3   0   0   0   1   0   0   0   0  20  15   0  27   3   0   1   4   0   0  27  1.22 0.65
  334 E    -4  -3  -1  -5  -7  -3  -5   7  -1  -8  -7  -1  -5  -8  -7  -4  -6  -7  -8  -8    1   1   2   0   0   1   1  86   1   0   0   5   0   0   0   1   0   0   0   0  2.23 0.99
  335 L    -6  -7  -7  -8  -6  -7  -7  -8  -7   3   5  -7   2   5  -7  -5  -5  -5  -2  -2    0   0   0   0   0   0   0   0   0  15  57   0   4  21   0   1   0   0   1   1  1.49 0.71
  336 S     1  -1   2  -1  -3  -2  -2   2  -2  -2  -1  -2  -1  -2  -1   2   1  -1  -1   0   12   3  13   2   0   1   1  16   0   1   8   1   1   2   3  18  10   1   2   6  0.22 0.22
  337 R    -1   5   1  -2  -5   0  -2  -2  -2  -4  -2   2  -3  -2   1  -2  -2  -2   4  -4    4  35   6   1   0   3   2   4   0   0   5  11   0   1   6   2   2   0  17   0  0.61 0.37
  338 K    -2   5  -2  -3  -5   0  -2  -4   0  -4  -3   2  -3   0   2   2  -2  -4   0  -3    2  33   1   0   0   2   1   0   3   0   2  14   0   5  12  18   1   0   4   1  0.62 0.38
  339 W    -1   2  -2  -1  -4   1  -3   0  -1  -3  -1  -1  -3   0  -1  -1  -2   8   4  -2    4  15   1   4   0   7   0   7   1   1   5   3   0   4   2   3   1  22  15   4  0.59 0.29
  340 R    -3   6  -1  -3  -6   2   0  -2  -3  -5  -3   3  -4  -5  -1  -3  -3  -5  -1  -5    0  57   1   0   0   7   3   3   0   0   2  21   0   0   3   0   0   0   2   0  1.14 0.43
  341 S     2   0  -1  -2  -2  -2  -2  -1  -2  -3  -3  -1  -2  -3  -3   3   4  -3   2  -2   16   5   0   0   0   0   0   4   0   0   0   2   0   0   0  33  31   0  10   0  0.50 0.24
  342 R     0   5  -2  -3  -4   1  -1  -3  -2  -1  -1   3  -2  -3  -3  -2  -2  -3   0  -2   10  45   0   0   0   4   0   0   0   6   6  26   0   0   0   0   0   0   3   0  0.58 0.20
  343 L     1  -2  -2  -2  -2   0  -2  -2  -2   2   2  -2   2  -1  -2   1   1  -3  -2   1   12   0   0   0   0   6   0   0   0  24  21   0   6   0   0  19   7   0   0   5  0.17 0.08
  344 S     2  -2   0   1  -2  -1  -1   3  -2  -3  -3  -1  -2  -3  -2   2   1  -3  -3  -2   22   0   0   9   0   0   0  32   0   0   0   0   0   0   0  28   9   0   0   0  0.41 0.08
  345 L    -1  -3  -3  -4  -1  -3  -3  -4  -4   3   2  -3   1  -1  -3  -2  -1  -3  -2   4    0   0   0   0   0   0   0   0   0  17  16   0   0   0   0   0   0   0   0  67  0.40 0.04

                      K         Lambda
Standard Ungapped    0.1360     0.3180
Standard Gapped      0.0481     0.2670
PSI Ungapped         0.1572     0.3177
PSI Gapped           0.0481     0.2670
