
Last position-specific scoring matrix computed, weighted observed percentages rounded down, information per position, and relative weight of gapless real matches to pseudocounts
            A   R   N   D   C   Q   E   G   H   I   L   K   M   F   P   S   T   W   Y   V   A   R   N   D   C   Q   E   G   H   I   L   K   M   F   P   S   T   W   Y   V
    1 M    -1  -2  -3  -4  -2  -1  -3  -3  -2   1   2  -2   7   1  -3  -2  -1  -2  -1   0    0   0   0   0   0   0   0   0   0   0   0   0  93   7   0   0   0   0   0   0  0.58 0.06
    2 K     0   2   3   0  -2   0   0   0  -1  -2  -2   2  -1  -3  -2   2   0  -3  -2  -2    0  10  24   0   0   0   5   4   0   4   4  25   0   0   0  25   0   0   0   0  0.25 0.02
    3 R    -1   5  -1  -2  -4   1   0  -2  -1  -3  -3   4  -2  -3  -2  -1  -1  -3  -2  -3    0  55   0   0   0   0   0   0   0   0   0  45   0   0   0   0   0   0   0   0  0.68 0.05
    4 A     0  -3  -2  -3  -1  -2  -2   0  -3   3   1  -2   0  -1  -2   0   0  -3  -2   3    8   0   0   0   0   0   0   8   0  20   4   0   0   0   0   9   0   0   0  50  0.20 0.02
    5 K    -1   2   1  -1  -4   1   0  -2  -1  -3  -3   5  -2  -4  -2  -1  -1  -4  -2  -3    0   0   8   0   0   0   0   0   0   0   0  92   0   0   0   0   0   0   0   0  0.68 0.07
    6 R    -1   4   2  -1  -4   1   0  -2  -1  -3  -3   4  -2  -3  -2  -1  -1  -3  -2  -3    0  31  11   0   0   0   0   0   0   0   0  58   0   0   0   0   0   0   0   0  0.58 0.05
    7 S     2   1   0  -1  -1   0  -1  -1  -1  -2  -2   0  -2  -3  -1   4   2  -3  -2  -2   17  11   0   0   0   0   0   0   0   0   0   0   0   0   0  61  12   0   0   0  0.39 0.05
    8 F    -2  -2  -3  -4  -3  -2  -3  -3  -1  -1   0   0   0   6  -4  -2  -2   1   4  -1    0   0   0   0   0   0   0   0   0   0   4  11   0  72   0   0   0   0  14   0  0.69 0.06
    9 D    -2  -2   1   5  -4   0   2  -2  -1  -1  -3  -1  -2  -2  -2  -1  -1  -3   1  -2    0   0   3  62   0   0  19   0   0   8   0   0   0   0   0   0   0   0   9   0  0.60 0.05
   10 D    -2  -2   1   6  -4   0   2  -2  -1  -4  -4  -1  -4  -4  -2  -1  -1  -5  -4  -4    0   0   0  89   0   0  11   0   0   0   0   0   0   0   0   0   0   0   0   0  1.06 0.07
   11 Y    -2  -2  -3  -4  -3  -2  -3  -4   1  -2  -2  -2  -2   3  -4  -2  -2   2   8  -2    0   0   0   0   0   0   0   0   0   0   0   0   0   0   0   0   0   0 100   0  1.28 0.10
   12 A     1  -2  -3  -3  -1  -2  -2  -3  -3   3   1   0   1  -1  -2  -1  -1  -3  -2   3   13   0   0   0   0   0   0   0   0  43   0   9   6   0   0   0   0   0   0  29  0.24 0.03
   13 A     1  -3  -3  -3  -1  -2  -2  -2  -3   2   0  -2   1   1   1  -1  -1  -2  -1   3   20   0   0   0   0   0   0   0   0   3   0   0   8  11   8   0   0   0   0  50  0.22 0.04
   14 Y    -2  -2  -3  -4  -3  -2  -3  -4   1  -1   1  -3  -1   2  -4  -2  -2   1   7  -1    0   0   0   0   0   0   0   0   0   0  20   0   0   0   0   0   0   0  80   0  0.89 0.08
   15 F    -3  -3  -4  -4  -3  -4  -4  -4  -2  -1   0  -4   0   7  -4  -3  -3   1   3  -1    0   0   0   0   0   0   0   0   0   0   0   0   0 100   0   0   0   0   0   0  1.09 0.09
   16 S    -1   3   2   1  -3   1   1  -2   0  -3  -3   3  -2  -3  -2   1  -1  -3  -2  -3    0  29  18   9   0   0   8   0   0   0   0  27   0   0   0   9   0   0   0   0  0.40 0.03
   17 E    -1   0  -1   1  -4   2   5  -2  -1  -4  -3   3  -2  -4  -2   0  -1  -3  -2  -3    0   0   0   0   0   4  72   0   0   0   0  24   0   0   0   0   0   0   0   0  0.70 0.06
   18 G     0  -3  -1   0  -3  -2  -2   6  -2  -4  -4  -2  -3  -4  -3  -1  -2  -3  -4  -4    0   0   0   7   0   0   0  93   0   0   0   0   0   0   0   0   0   0   0   0  1.11 0.07
   19 S     0   3   0  -1  -2   1   0  -1  -1  -2  -1   3  -1  -2  -1   1   0  -2  -1  -2    2  31   1   1   0   1   1   1   0   1   8  27   0   1   1  19   1   0   1   1  0.26 0.02
   20 L    -2  -3  -4  -4  -2  -3  -3  -4  -3   1   5  -3   2   1  -3  -3  -2  -2  -1   0    0   0   0   0   0   0   0   0   0   0  95   0   0   5   0   0   0   0   0   0  0.59 0.06
   21 S    -1   0   4   1  -3   0   0  -1   0  -3  -3   2  -2  -3  -2   2   0  -4  -2  -3    0   0  42   4   0   0   0   0   0   0   0  27   0   0   0  27   0   0   0   0  0.45 0.05
   22 D    -2  -2   3   6  -4  -1   1  -2  -1  -4  -4  -1  -3  -3  -2  -1  -1  -3   0  -3    0   0  15  78   0   0   0   0   0   0   0   0   0   0   0   0   0   0   7   0  0.86 0.06
   23 V     2   0  -1  -2  -1  -1  -1  -1  -2   0   0   1   0  -2  -1   1   1  -3  -2   1   36   4   0   0   0   0   0   0   0   0  11  15   0   0   0   6  15   0   0  12  0.14 0.02
   24 E    -1   1   0   2  -4   3   5  -2   0  -4  -3   1  -2  -4  -2   0  -1  -3  -2  -3    0   4   0  11   0  23  60   0   0   0   0   0   0   0   0   3   0   0   0   0  0.65 0.05
   25 I    -2  -4  -4  -4  -2  -3  -4  -4  -4   5   1  -3   1  -1  -3  -3  -1  -3  -2   2    0   0   0   0   0   0   0   0   0 100   0   0   0   0   0   0   0   0   0   0  0.63 0.08
   26 A     4  -2  -1  -2  -1  -1  -1   0  -2  -2  -2  -1  -1  -3  -1   2   0  -3  -2  -1   82   0   0   0   0   0   0   0   0   0   0   0   0   0   0  18   0   0   0   0  0.49 0.06
   27 K     0   1   0   0  -3   2   0  -2  -1  -1  -2   4  -1  -3  -1   1   0  -3  -2  -1   10   0   0   6   0  11   0   0   0   8   0  52   0   0   0  13   0   0   0   0  0.29 0.04
   28 K    -1   1  -1   0  -3   1   4  -3  -1   1   0   2  -1  -2  -2  -1  -1  -3  -2  -1    0   7   0   0   0   0  49   0   0  20   8  16   0   0   0   0   0   0   0   0  0.29 0.04
   29 L    -2  -2  -3  -4  -2  -2  -3  -4  -3   1   4  -2   4   0  -3  -2   0  -2  -1   0    0   0   0   0   0   0   0   0   0   0  72   0  21   0   0   0   7   0   0   0  0.45 0.05
   30 G     0  -1   1  -1   2  -2  -2   5  -2  -4  -4  -1  -3  -3  -2   0  -1  -3  -3  -3    0   3   9   0   8   0   0  72   0   0   0   0   0   0   0   8   0   0   0   0  0.76 0.05
   31 V     0  -3  -3  -4  -1  -3  -3  -3  -4   2   0  -3   0  -1  -3  -2   0  -3  -2   5    6   0   0   0   0   0   0   0   0   0   0   0   0   0   0   0   0   0   0  94  0.49 0.07
   32 S     1  -1   1  -1   3  -1  -1  -1  -1  -3  -3  -1  -2  -3  -1   5   1  -3  -2  -2    0   0   4   0   9   0   0   0   0   0   0   0   0   0   0  87   0   0   0   0  0.55 0.07
   33 K    -2   5   0  -1  -4   1   1  -2   3  -3  -3   3  -2  -3  -2  -1  -1  -3  -1  -3    0  53   0   0   0   0  12   0  13   0   0  22   0   0   0   0   0   0   0   0  0.57 0.05
   34 V     2  -2  -2  -2  -1  -2  -2  -2  -2   1   0  -2   0  -2  -2   1   0  -3  -2   3   24   0   0   0   0   0   0   0   0   0   0   0   0   0   0  22   0   0   0  54  0.23 0.04
   35 N     0  -1   6   0  -3  -1  -1  -1   0  -3  -3  -1  -2   1  -2   0  -1  -3  -1  -3   10   0  78   0   0   0   0   0   0   0   0   0   0  12   0   0   0   0   0   0  0.61 0.07
   36 V     0  -3  -3  -4  -1  -3  -3  -3  -4   2   1  -3   1  -1  -3  -2   0  -3  -2   5    4   0   0   0   0   0   0   0   0   0   7   0   0   0   0   0   0   0   0  89  0.45 0.06
   37 W     1  -3  -2  -3   5  -2  -3   2  -2  -3  -2  -2  -2   0  -3   0  -1   8   0  -2   12   0   0   0  19   0   0  23   0   0   0   0   0   5   0  10   0  31   0   0  0.70 0.05
   38 R    -1   4  -1  -1  -4   1   0  -1  -1  -3  -3   5  -2  -3  -2  -1  -1  -3  -2  -3    0  30   0   0   0   0   0   4   0   0   0  66   0   0   0   0   0   0   0   0  0.60 0.05
   39 M     2  -2  -2  -3  -1  -1  -2  -2  -2   2   1  -2   4  -1  -2  -1  -1  -2  -2   1   33   0   0   0   0   0   0   0   0  33   0   0  33   0   0   0   0   0   0   0  0.18 0.02
   40 R    -2   6  -1  -2  -4   1   0  -3   0  -3  -2   2  -2  -3  -2  -1  -1  -3  -2  -3    0 100   0   0   0   0   0   0   0   0   0   0   0   0   0   0   0   0   0   0  0.84 0.03
   41 Q    -1   4   3   0  -3   3   1  -2   0  -3  -3   1  -1  -3  -2   0  -1  -3  -2  -3    0  43  26   0   0  31   0   0   0   0   0   0   0   0   0   0   0   0   0   0  0.50 0.02
   42 K    -1   4   0  -1  -3   1   0  -2  -1  -3  -3   5  -2  -3  -2   0  -1  -3  -2  -3    0  29   0   0   0   0   0   0   0   0   0  71   0   0   0   0   0   0   0   0  0.57 0.02
   43 W    -3   0  -3  -4  -3  -2  -3  -3  -1  -3  -2  -2  -2   1  -4  -3  -2  10   4  -3    0   7   0   0   0   0   0   0   0   0   0   0   0   0   0   0   0  67  26   0  1.63 0.04
   44 E    -1   0  -1  -1  -3   3   2  -2  -1  -2  -2   2  -1   2  -2   0   2  -2   0  -2    0   0   0   0   0  20  20   0   0   0   0  20   0  20   0   0  20   0   0   0  0.25 0.06
   45 S     1  -1   0   3  -2  -1   0   0  -2  -1  -3   0  -2  -3  -2   4   0  -4  -3  -2   11   0   0  20   0   0   0   5   0   7   0   7   0   0   0  50   0   0   0   0  0.37 0.13
   46 G    -1   1   2   2  -3   0   0   2  -1  -3  -2   1  -2  -3   1   2  -1  -4  -3  -3    0   8  12  14   0   0   0  18   0   0   5  14   0   0   7  23   0   0   0   0  0.27 0.08
   47 E    -1  -1  -1   2  -4   2   3   1   3  -4  -4   0  -3  -4   4  -1  -2  -4  -2  -3    0   0   0  11   0  12  30  10  10   0   0   5   0   0  21   0   0   0   0   0  0.55 0.12
   48 S    -1  -2   2   3  -3   0   2  -2  -1   0  -2  -1  -2  -2   2   1   0  -3   1  -2    0   0  14  24   0   0  21   0   0  10   0   0   0   0  11   9   3   0   7   0  0.34 0.09
   49 I    -1  -1   3  -1  -3  -1   0  -2   0  -1  -2   1  -2   1  -3   1  -1  -1   5  -2    0   0  23   0   0   0   8   0   0   3   0  11   0   6   0  16   0   0  33   0  0.37 0.13
   50 V    -1  -3  -3  -2  -2  -2   0  -3  -3   2   1  -2   0   2  -3   0  -1  -2  -1   3    0   0   0   0   0   0  11   0   0  16  11   0   0  15   0   9   0   0   0  39  0.23 0.10
   51 N    -1  -1   4   1  -3   0   2  -2  -1  -3  -3   1  -2  -3  -2   2   2  -4  -3  -2    0   0  33   7   0   0  18   0   0   0   0   8   0   0   0  14  20   0   0   0  0.44 0.12
   52 Q    -1  -1   1   0  -3   1   3  -1  -1  -2   0   0  -1  -3  -2   3   0  -3  -2  -2    0   0   6   0   0   4  35   3   0   0  12   5   0   0   0  34   0   0   0   0  0.32 0.11
   53 G     0  -1   0   4  -3   0   2   0   2  -3  -3  -1  -2  -3  -2   1   2  -4  -2  -2    8   0   0  31   0   3  12   4   7   0   0   0   0   0   0   9  24   0   0   0  0.37 0.09
   54 A     1  -2   2  -1  -2  -1  -1   1  -1  -2  -3  -1  -2   0   1   2   2  -3  -2  -2   15   0  15   0   0   0   0   9   0   0   0   0   0   5   7  28  20   0   0   0  0.30 0.08
   55 R    -1   3  -1  -2  -3   0   0  -3  -2  -2  -2   5  -2  -3  -2  -1   1  -4  -2   0    0  20   0   0   0   0   0   0   0   0   0  56   0   0   0   0  15   0   0   9  0.52 0.14
   56 V    -1  -2  -2  -3  -1  -2  -2  -3  -3   2   2  -2   1   1  -3   1   0  -2  -1   3    0   0   0   0   0   0   0   0   0   7  25   0   0   7   0  18   0   0   0  42  0.21 0.04
   57 T     0   1   0  -1  -2   2   0  -2  -1  -2  -1   0  -1  -2  -2   2   3  -3  -2  -1    0   8   0   0   0  15   0   0   0   0   8   0   0   0   0  30  38   0   0   0  0.29 0.06
   58 I    -1  -3  -2  -3  -2  -2  -3  -3  -3   4   1  -2   0   2  -3   1   0  -2  -1   2    0   0   0   0   0   0   0   0   0  54   0   0   0  12   0  18   0   0   0  15  0.26 0.06
   59 S     0   1   3  -1   4   1  -1  -1   2  -3  -3   0  -2  -3  -2   2   0  -3  -2  -2    0  10  24   0  16   9   0   0   7   0   0   0   0   0   0  34   0   0   0   0  0.35 0.07
   60 E    -1   2  -1   0  -4   1   5  -2  -1  -3  -3   2  -2  -4  -2   0   1  -3  -2  -3    0  13   0   0   0   0  62   0   0   0   0  16   0   0   0   0   9   0   0   0  0.59 0.09
   61 D    -2  -2   1   5  -3  -1   1   1   3  -2  -3  -1  -3  -3  -2   0   0  -4  -2  -3    0   0   5  53   0   0   6   9  13   4   0   0   0   0   0   0  10   0   0   0  0.52 0.07
   62 T    -1  -1   1  -1  -2  -1   1  -2  -2   0  -2  -1  -1  -3  -2   1   5  -3  -2  -1    0   0   8   0   0   0  11   0   0   6   0   0   0   0   0   9  65   0   0   0  0.42 0.09
   63 F    -2  -3  -3  -4  -2  -3  -3  -4  -2   0   3  -3   3   5  -4  -3  -2   0   1   0    0   0   0   0   0   0   0   0   0   0  32   0  17  51   0   0   0   0   0   0  0.52 0.06
   64 E     0  -1   5   2  -3   0   2  -1   0  -3  -3   0  -2  -3  -2   0   1  -4  -2  -2   11   0  47  11   0   0  18   0   0   0   0   0   0   0   0   0  13   0   0   0  0.44 0.05
   65 H    -1  -1   4   0  -2   0  -1  -1   4  -3  -3  -1  -2  -3  -2   2   3  -4  -2  -2    0   0  37   0   0   4   0   0  15   0   0   0   0   0   0  19  25   0   0   0  0.49 0.11
   66 L    -2  -3  -4  -4  -2  -3  -3  -4  -3   3   3  -3   3   3  -3  -3  -2  -2  -1   1    0   0   0   0   0   0   0   0   0  20  41   0  16  14   0   0   0   0   0   8  0.44 0.11
   67 L    -2  -3   1  -3   4  -3  -3  -3  -3   1   3  -3   1   1  -3  -2  -1  -2  -1   1    0   0  12   0  14   0   0   0   0   8  49   0   0   5   0   0   0   0   0  12  0.34 0.11
   68 S     2  -2  -2   1   4  -2  -2  -2  -2   1   0  -2  -1   0  -2   1   1  -3  -2   0   33   0   0   9  14   0   0   0   0  11  10   0   0   5   0   7  12   0   0   0  0.19 0.08
   69 Q    -1   3  -1  -2   2   2   0  -3   3  -1  -1   3  -1  -3  -2  -1  -1  -3  -2   0    0  26   0   0   8  14   0   0  10   0   7  22   0   0   0   0   0   0   0  12  0.30 0.10
   70 T     2  -2   1  -2  -2  -1  -1  -1  -2  -1   0  -1  -1  -2   3   1   2  -3  -2   0   28   0   8   0   0   0   0   0   0   0  12   0   0   0  14  14  14   0   0   9  0.24 0.08
   71 F    -1  -3  -2  -3  -2  -2  -3  -3  -2   2   2  -2   0   4  -3   1   1  -2   0   0    0   0   0   0   0   0   0   0   0  23  21   0   0  26   0  23   8   0   0   0  0.26 0.10
   72 R    -1   4  -1  -1  -4   2   3  -2  -1  -4  -3   3  -2  -4  -2   0  -1  -3  -2  -3    0  27   0   0   0  11  24   0   0   0   0  31   0   0   0   7   0   0   0   0  0.57 0.12
   73 S     2   0  -1  -2  -2  -1  -1  -1   1  -1  -1   1  -1  -2  -2   3   1  -3   0  -1   27   4   0   0   0   0   0   0   4   5   3   8   0   0   0  34  11   0   4   0  0.24 0.09
   74 E     0   0   2   0  -3   1   4  -2  -1  -3  -3   1  -2  -4  -2   2   0  -4  -3  -3    8   4  16   0   0   0  45   0   0   0   0   7   0   0   0  16   4   0   0   0  0.46 0.12
   75 V     2  -2  -1   0   3  -1   0  -2  -2   0  -1  -1  -1  -3  -2   1   2  -3  -2   2   32   0   0   4   8   0   8   0   0   0   0   0   0   0   0   8  19   0   0  21  0.23 0.09
   76 K    -2   0   2   0  -4   4   3  -2   4  -3  -1   2  -1  -3  -2  -1  -1  -3  -1  -3    0   0  12   0   0  27  21   0  16   0   8  15   0   0   0   0   0   0   0   0  0.45 0.12
   77 A     4  -2  -1  -2  -1  -1  -2  -1  -2  -1   0  -1  -1  -2  -2   3   1  -3  -2  -1   52   0   0   0   0   0   0   0   0   0  15   0   0   0   0  28   6   0   0   0  0.38 0.13
   78 R    -1   4   2  -1  -3   0   1   0   2  -4  -3   1  -2  -3  -2   1  -1  -3  -2  -3    0  44  15   0   0   0  10   5   5   0   0   3   0   0   0  17   0   0   0   0  0.45 0.09
   79 K    -1   3   3   1  -3   0   1  -1  -1  -2  -3   2  -2  -3  -2   1  -1  -4  -2  -1    0  19  18  10   0   0  10   4   0   0   0  20   0   0   0  10   0   0   0   9  0.28 0.06
   80 V     0  -3  -3  -3  -1  -2  -3  -3  -3   3   3  -2   1  -1  -3  -2   1  -3  -2   3   10   0   0   0   0   0   0   0   0  20  35   0   0   0   0   0   9   0   0  26  0.30 0.07
   81 R    -2   4  -1  -2  -4   1   0  -3  -1  -2  -3   5  -2  -4  -2  -1  -2  -4  -3  -3    0  31   0   0   0   0   0   0   0   4   0  65   0   0   0   0   0   0   0   0  0.74 0.14
   82 S     1  -2   3  -1  -2  -1  -1   1  -1  -3  -3  -1  -2   1  -2   3   0  -3  -2  -2    9   0  25   0   0   0   0  10   0   0   0   0   0   9   0  48   0   0   0   0  0.39 0.10
   83 E    -2   0   1   0  -4   5   4  -3   0  -4  -3   1  -2  -4  -2  -1  -1  -3  -2  -3    0   0   9   0   0  49  39   0   0   0   0   4   0   0   0   0   0   0   0   0  0.76 0.14
   84 L     0  -3  -3  -4  -2  -2  -3  -3  -2   1   3  -3   2   4  -3  -2  -1  -1   1   1   14   0   0   0   0   0   0   0   0   0  36   0   7  31   0   0   0   0   0  13  0.31 0.07
   85 D    -1  -1   0   3  -3   1   4  -2   4  -4  -3   0  -3  -3  -2   2  -1  -4  -2  -3    0   0   0  21   0   0  42   0  16   0   0   0   0   0   0  21   0   0   0   0  0.54 0.09
   86 L    -2   2  -2  -3  -2  -1  -2  -3   2   2   1  -1   5  -1  -3  -1   1  -3  -1   0    0  15   0   0   0   0   0   0   9  17  12   0  31   0   0   0  15   0   0   0  0.26 0.12
   87 E     1   1  -1  -1  -2   0   3  -2  -1  -1   1   0   3  -2  -2   0   1  -3  -2  -1   11   8   0   0   0   0  29   0   0   0  15   0  15   0   0   8  12   0   0   0  0.19 0.09
   88 R    -2   4  -2  -2  -3   0  -1  -3  -1   1  -1   3  -1   4  -3  -2  -2  -2   0  -1    0  30   0   0   0   0   0   0   0  14   0  27   0  29   0   0   0   0   0   0  0.35 0.10
   89 A     1  -2   4  -1  -2  -1  -1  -2   0  -2  -2  -1  -2   1  -2   2   1  -1   4  -2   11   0  29   0   0   0   0   0   0   0   0   0   0   4   0  19   9   0  27   0  0.36 0.10
   90 N    -2   1   4   0  -3   1   1  -2  -1   0   0   1   1  -2  -2  -1  -1  -3  -2  -1    0   9  34   0   0   9  12   0   0   9  11   9   5   0   0   0   0   0   0   0  0.24 0.07
   91 L    -2  -3  -4  -4  -2  -3  -4  -4  -3   3   4  -3   1   3  -4  -3  -2  -2  -1   1    0   0   0   0   0   0   0   0   0  33  53   0   0  15   0   0   0   0   0   0  0.50 0.10
   92 E     1  -2  -1  -1   4  -1   1   3   2  -2  -2  -1  -2  -3  -2  -1  -1  -3  -2   0   12   0   0   0  15   0  17  34   9   0   0   0   0   0   0   0   0   0   0  12  0.33 0.08
   93 L    -2  -3  -4  -4   4  -3  -4  -4  -3   2   4  -3   3   0  -3  -3  -2  -2  -2   1    0   0   0   0  14   0   0   0   0  14  59   0  13   0   0   0   0   0   0   0  0.51 0.09
   94 G     0  -1   0   1  -2   0   2   2  -2  -3  -3   1  -2  -3  -2   1   3  -3  -3  -2    0   0   0   8   0   0  17  21   0   0   0  12   0   0   0  14  28   0   0   0  0.31 0.06
   95 F    -3  -4  -4  -5  -3  -4  -4  -4  -2  -1   0  -4  -1   8  -5  -3  -3   0   2  -2    0   0   0   0   0   0   0   0   0   0   0   0   0 100   0   0   0   0   0   0  1.41 0.19
   96 I    -1  -3  -3  -3  -2  -2  -3  -4  -3   4   2  -3   4  -1  -3   0  -1  -3  -2   1    0   0   0   0   0   0   0   0   0  57  11   0  21   0   0  11   0   0   0   0  0.40 0.10
   97 N     0   2   2   2  -3   0   2  -1   1  -3  -3   2  -2  -3  -2   1  -1  -4  -2  -3    8  14  16  14   0   0  11   0   4   0   0  23   0   0   0  11   0   0   0   0  0.32 0.05
   98 A     2  -2   0   1  -1  -1   0  -1  -2  -2  -2  -1  -2  -3  -1   3   0  -3  -2  -1   30   0   0  11   0   0   5   0   0   0   0   0   0   0   0  48   0   0   0   6  0.36 0.08
   99 F    -3  -3  -3  -4  -3  -3  -3  -4   4  -1  -1  -4  -1   7  -4  -3  -3   0   2  -2    0   0   0   0   0   0   0   0  14   0   0   0   0  86   0   0   0   0   0   0  1.09 0.16
  100 K    -1   1   4   1  -3   0   0  -2   4  -4  -3   3  -2  -3  -2   1  -1  -4  -2  -3    0   7  32   7   0   0   0   0  14   0   0  31   0   0   0   7   0   0   0   0  0.45 0.08
  101 Q    -1   4   2  -1  -3   3   0  -2   0  -3  -3   2  -2  -3  -2   2  -1  -3  -2  -3    0  36  15   0   0  22   0   0   0   0   0   7   0   0   0  19   0   0   0   0  0.48 0.08
  102 Y    -2  -3  -3  -4   4  -2  -3  -4   2  -2  -2  -3  -2   2  -4  -2  -2   1   8  -2    0   0   0   0  14   0   0   0   5   0   0   0   0   0   0   0   0   0  81   0  1.20 0.16
  103 S    -1  -1  -1  -2   3  -1  -1  -2  -2  -1   1   2   0   2  -2   2  -1  -2  -1   0    0   0   0   0  11   0   0   0   0   0  25  21   0  12   0  26   0   0   0   5  0.15 0.07
  104 S    -1  -1   2   3   4   2   2  -2  -1  -3  -3   0  -2  -3  -2   2   0  -4  -3  -3    0   0  11  20  12  11  21   0   0   0   0   0   0   0   0  26   0   0   0   0  0.41 0.08
  105 V    -2  -3  -4  -4  -2  -3  -4  -4  -4   2   4  -3   1   0  -3  -3  -1  -3  -2   2    0   0   0   0   0   0   0   0   0   6  74   0   0   0   0   0   0   0   0  20  0.57 0.10
  106 E    -1  -1  -1   1  -4   1   6  -3  -1  -3  -3   0  -2  -4  -2   1  -1  -4  -3   0    0   0   0   0   0   0  79   0   0   0   0   0   0   0   0  11   0   0   0  10  0.76 0.14
  107 L    -2  -3  -4  -4  -2  -3  -4  -4  -3   1   5  -3   1   3  -4  -3  -2  -2   0   0    0   0   0   0   0   0   0   0   0   0  83   0   0  17   0   0   0   0   0   0  0.67 0.12
  108 V     2   0  -1   0  -2   2   1  -1  -1  -2  -2   3  -1  -3  -1   1   0  -3  -2   0   24   0   0   4   0  11  10   0   0   0   0  30   0   0   0  12   0   0   0   9  0.25 0.06
  109 S     1  -1   0   3  -2   0   1  -1  -1  -3  -3   1  -2  -3  -1   3   1  -4  -2  -2   14   0   0  21   0   0  10   0   0   0   0  12   0   0   0  35   8   0   0   0  0.35 0.07
  110 M    -2  -2  -2   1   3  -2  -2  -3   3   1   1  -2   4   0  -3  -2  -2  -1   4   0    0   0   0  11  10   0   0   0  11  11  10   0  22   0   0   0   0   0  21   3  0.26 0.08
  111 H    -2  -1   2   1  -3  -1  -1  -2   3   1   0   2  -1  -1  -3  -1  -1  -2   1   0    0   0  17  12   0   0   0   0  10  14  12  19   0   0   0   0   0   0   8   7  0.14 0.07
  112 T    -1   0   1   2  -3   1   2  -2   1  -3  -3   3  -2  -3  -2   1   1  -3   0  -3    0   0   4  15   0   3  19   0   3   0   0  25   0   0   0  16  10   0   4   0  0.33 0.08
  113 K    -1   0  -1   0  -4   3   4  -3  -1  -3  -3   4  -2  -4  -2  -1   1  -4  -3  -3    0   0   0   0   0  12  41   0   0   0   0  37   0   0   0   0  10   0   0   0  0.62 0.14
  114 I     2  -3  -4  -4  -2  -3  -3  -3  -4   5   0  -3   0  -1  -3  -2  -1  -4  -2   2   22   0   0   0   0   0   0   0   0  69   0   0   0   0   0   0   0   0   0   9  0.57 0.15
  115 E    -1  -1   2   3  -3   0   3  -2  -1  -3  -1   1  -2  -3  -2   1  -1  -4  -3  -3    0   0  15  18   0   0  26   0   0   0   9  14   0   0   0  18   0   0   0   0  0.36 0.09
  116 N    -2   2   4   1  -3   0   0  -2  -1   0   0   1   0  -2  -3  -1  -1  -4  -2   0    0  13  31  10   0   0   5   0   0   9  10  11   4   0   0   0   0   0   0   6  0.25 0.09
  117 L    -3  -3  -5  -5  -2  -3  -4  -5  -4   3   5  -4   1  -1  -4  -4  -2  -3  -2   0    0   0   0   0   0   0   0   0   0  16  84   0   0   0   0   0   0   0   0   0  0.87 0.19
  118 R    -2   3  -1   3  -4   0   4  -3   4  -4  -4   1  -3  -4  -2  -1  -2  -4  -2  -4    0  23   0  16   0   0  40   0  14   0   0   7   0   0   0   0   0   0   0   0  0.67 0.15
  119 A     0   1   2   1   2  -1  -1  -2  -2   0  -1  -1  -1   2  -2   1  -1  -3  -1  -1   10  14  14   9   7   0   0   0   0  10   5   0   0  14   0  17   0   0   0   0  0.12 0.07
  120 E    -2   0  -1   2  -4   3   4  -3  -1  -4  -4   3  -3  -4  -2  -1  -2  -4  -3  -3    0   0   0  13   0  16  41   0   0   0   0  30   0   0   0   0   0   0   0   0  0.72 0.16
  121 I    -2  -4  -4  -4  -3  -4  -4  -5  -5   7   0  -4   0  -2  -4  -3   1  -4  -3   1    0   0   0   0   0   0   0   0   0  91   0   0   0   0   0   0   9   0   0   0  1.03 0.24
  122 D    -1  -1   1   2  -2   0   1  -1  -1   0   1   1   2  -2  -2   1  -1  -3  -2  -1    0   0   9  19   0   0  10   4   0   9  14  11  11   0   0  11   0   0   0   0  0.13 0.06
  123 A     1   1   1  -1  -2   1  -1  -1  -1  -2  -2   1   1  -3  -2   3   1  -3  -2  -2   10  10   8   0   0   8   0   0   0   0   0  11   8   0   0  30  11   0   0   0  0.25 0.09
  124 L    -2  -3  -4  -4  -2  -3  -4  -5  -2   2   4  -3   1   2  -4  -3  -2  -1   3   0    0   0   0   0   0   0   0   0   0  14  67   0   0   6   0   0   0   0  14   0  0.61 0.15
  125 N    -1   2   3   1  -3   1   0  -2  -1  -3  -3   2  -2  -3  -2   2   1  -3   1  -3    0  11  21   6   0   7   0   0   0   0   0  18   0   0   0  24   8   0   6   0  0.33 0.10
  126 K    -1   0   2   0  -3   2   1  -2  -1  -1  -3   4  -2  -4  -2   1  -1  -4  -3  -2    0   0  13   4   0  14   7   0   0   6   0  45   0   0   0  12   0   0   0   0  0.43 0.13
  127 A     0   0  -1   2  -3   1   3   1  -1  -3  -3   3  -2  -4  -2  -1   0  -4  -3  -3    9   0   0  14   0   3  22  14   0   0   0  34   0   0   0   0   4   0   0   0  0.39 0.11
  128 S    -1  -1  -1  -3   5  -2  -3   0  -3   3  -1  -2  -1  -2  -3   0   0  -3  -3   1    0   5   3   0  22   0   0  10   0  38   0   0   0   0   0   9   6   0   0   6  0.32 0.12
  129 S     0  -1   5   2  -3  -1   0   0  -1  -3  -2   1  -2  -3  -2   1  -1  -4  -3  -3    9   0  43  11   0   0   6   5   0   0   5   8   0   0   0  13   0   0   0   0  0.43 0.13
  130 K    -1   1   1   1  -2   0   0  -2   1  -2   0   3  -1  -2  -2   2  -1  -3  -2  -2    1   7   7  10   0   0   1   1   6   0  17  27   0   0   0  22   0   0   0   1  0.18 0.09
  131 K    -1   2  -1  -1  -3   0   2  -2  -1  -3  -3   4  -2  -3  -2   2  -1  -3  -2  -3    1   9   0   1   0   0  19   1   0   0   1  41   0   0   0  25   1   0   0   1  0.45 0.14
  132 N    -1  -1   3   1  -2   1   1  -2   2   0   0  -1   1  -2  -2   1  -1  -3  -2  -1    1   0  24  10   0   6   9   1   8   7  10   1   6   0   0  15   1   0   0   1  0.19 0.08
  133 K     0   1   0   2  -2   3   2  -2  -1  -2  -1   2  -1  -3  -1   1  -1  -3  -2  -2    9   4   0  11   0  20  13   1   0   0   9  17   0   0   0  13   1   0   0   1  0.24 0.08
  134 Q    -1   0   0   2  -3   3   3  -2  -1  -1  -2   2  -2  -3  -2   0  -1  -3  -2  -2    1   0   4  14   0  25  22   1   0   6   1  15   0   0   0   8   1   0   0   1  0.37 0.11
  135 V    -1  -1   1   2   2   0   1  -2  -1   0  -1   1  -1   1  -2   0  -1  -2  -1   1    3   0   6  18   7   0   9   1   0   3   5  16   0   8   0   6   1   0   0  16  0.09 0.06
  136 V    -1   0  -1  -1  -2   0   1  -2  -2   1   1   2   0  -1  -2   0  -1  -2  -2   2    1   1   1   1   0   1   9   1   0   7  21  22   0   1   1   7   1   0   1  23  0.10 0.07
  137 N    -1   1   5   0  -3   0   0  -2  -1   0  -2   1   1  -3  -2   1  -1  -3  -2  -2    1   8  46   0   0   0   5   1   0   9   1   7   6   0   0  14   0   0   0   0  0.39 0.14
  138 G    -1   3   1  -1  -3   1   2   1  -1  -1  -2   2  -2  -3  -2  -1   0  -3  -2  -2    1  18  10   0   0   4  16  11   0   8   1  22   0   0   0   1   7   0   0   0  0.24 0.08
  139 E    -2   0   3   1  -4   2   3  -2  -1  -1  -1   2  -2  -3  -2  -1  -1  -4  -3  -2    0   0  19   6   0  11  32   0   0   6   9  18   0   0   0   0   0   0   0   0  0.37 0.13
  140 I    -2  -2  -4  -4  -2  -3  -3  -4  -4   3   4   0   1  -1  -4  -3  -2  -3  -2   0    0   0   0   0   0   0   0   0   0  21  70   9   0   0   0   0   0   0   0   0  0.60 0.19
  141 N     0   0   4   2  -3   2   3  -1   0  -3  -3   1  -2  -3  -2   0  -1  -3  -2  -2    6   1  30  12   0  10  23   1   0   1   1   9   0   1   1   1   1   0   0   1  0.40 0.10
  142 S    -1  -1   0   4  -2  -1   2  -2  -2  -1   1  -1  -1  -2  -2   2  -1  -3  -2  -1    1   1   1  30   0   1  13   1   0   1  25   1   0   1   1  21   1   0   0   1  0.26 0.10
  143 L    -1   2  -1  -2  -2   0  -1  -2  -1   0   1   2   3  -1  -1  -1  -1  -2  -1   0    2  21   1   1   0   1   1   1   0   1  22  21  20   1   1   1   1   0   1   1  0.14 0.03
  144 K    -1   2  -1  -1  -2   2   0  -2  -1   1  -1   3   0  -2  -1  -1  -1  -2  -1   0    1  15   1   1   0  12   1   1   0  25   2  34   0   1   1   1   1   0   1   1  0.16 0.03
  145 S     1  -1   2  -1   3  -1  -1  -1  -1   0   0   1  -1  -2  -2   2   0  -3  -2  -1   14   0  16   0  11   0   0   0   0   7  12  19   0   0   0  22   0   0   0   0  0.14 0.05
  146 E     0   1  -1   0  -4   2   4  -2  -1  -3  -3   3  -2  -4  -2   0  -1  -3  -2  -3    7   0   0   0   0   7  51   0   0   0   0  35   0   0   0   0   0   0   0   0  0.59 0.10
  147 L    -2   1  -3  -2  -2  -1   0  -4  -2   0   4   0   1   0  -3  -2  -2  -2  -1   0    0  11   0   0   0   0  11   0   0   0  67   7   0   3   0   0   0   0   0   0  0.30 0.08
  148 D    -1  -1   3   4  -3   0   2  -2  -1  -3  -2   1  -2  -3  -2   1  -1  -4  -3  -3    0   0  17  37   0   0  11   0   0   0   7  14   0   0   0  13   0   0   0   0  0.41 0.06
  149 E    -1   0   0   3  -4   2   5  -2  -1  -4  -3   2  -2  -4  -2   0  -1  -4  -3  -3    0   0   0  18   0   7  57   0   0   0   0  11   0   0   0   7   0   0   0   0  0.64 0.09
  150 Y    -2  -2  -3  -4  -2  -2  -3  -4  -2   2   3  -3   1   0  -3  -2   1  -1   3   1    0   0   0   0   0   0   0   0   0  11  50   0   0   0   0   0  11   0  17  11  0.32 0.06
  151 I    -1   0  -1  -1  -3   0   2  -3  -2   1  -1   3   2  -2  -2  -1  -1  -3  -2   0    0   0   0   0   0   0  26   0   0  20   0  35  13   0   0   0   0   0   0   6  0.24 0.07
  152 K    -1   3  -1  -2  -4   1   0  -2  -1  -3  -2   5  -2  -3  -2  -1  -1  -4  -2  -3    0  19   0   0   0   0   0   0   0   0   5  76   0   0   0   0   0   0   0   0  0.68 0.11
  153 A     1   0  -1   1  -3   2   4  -2  -1  -2  -1   3  -1  -3  -2   0  -1  -3  -2  -2   14   0   0   4   0   6  40   0   0   0  11  26   0   0   0   0   0   0   0   0  0.35 0.07
  154 C    -1   1  -2  -3   7  -2  -2  -3  -2   1   1   1   0   1  -3  -2  -1  -2   0   0    0   8   0   0  36   0   0   0   0  14  15  17   0   6   0   0   0   0   3   0  0.37 0.07
  155 S     0  -1  -1   0  -2   0   3  -2  -1   0  -2   0  -1  -2   0   2   1  -2   1  -1    1   1   0   1   0   0  33   1   0  12   1   5   0   0   3  26   7   0   7   1  0.20 0.05
  156 I    -1  -2  -1  -1  -1  -2  -2  -3  -2   2   2  -2   0   0  -2  -1   2  -2  -1   1    1   1   4   4   0   0   1   1   0  29  21   1   0   4   1   1  26   0   0   6  0.16 0.04
  157 R    -1   4  -1  -1  -3   1   0  -2   2   0  -2   4  -1  -2  -2  -1  -1  -3  -2  -1    1  29   0   1   0   0   1   1   6  12   1  44   0   0   1   1   1   0   0   1  0.37 0.07
  158 E    -1   1  -1   0   3   1   3  -2  -1  -3  -2   4  -2  -3  -1   0   0  -3  -2  -2    1   1   0   1  12   0  30   1   0   1   1  42   0   0   1   1   7   0   0   1  0.37 0.07
  159 M    -2  -2  -3  -3  -2  -1  -2  -3  -2   0   1  -2   8  -1  -3  -2  -1  -2  -2   0    1   1   0   1   0   0   1   1   0   1   1   1  90   0   1   1   1   0   0   1  0.85 0.16
  160 E     0   2   0   2  -3   2   3   0  -1  -3  -3   1  -2  -3  -1   1  -1  -3  -2  -2    6  12   0  10   0   6  36   5   0   1   1   7   0   0   1  13   1   0   0   1  0.32 0.04
  161 P    -2  -2  -3  -2  -2  -1   0  -3  -2   1   4  -2   1   1  -1  -2  -1  -2  -1   0    1   1   0   1   0   0  12   1   0   1  71   1   0   5   4   1   1   0   0   1  0.31 0.07
  162 Y    -2  -2   0   1   5  -2  -2  -3   0  -2  -1  -2  -1   1  -3  -1  -1   0   6  -1    1   1   7  12  19   0   1   1   0   1   7   1   0   0   1   1   1   0  47   1  0.47 0.08
  163 Y    -3  -3  -3  -4  -3  -2  -3  -4   1  -2  -2  -3  -2   4  -4  -3  -3   1   8  -2    0   0   0   0   0   0   0   0   0   0   0   0   0  11   0   0   0   0  89   0  1.32 0.16
  164 E    -1   0   1   3  -4   2   4  -2  -1  -4  -3   2  -2  -4  -2  -1  -1  -4  -3  -3    0   0   6  18   0  10  51   0   0   0   0  14   0   0   0   0   0   0   0   0  0.61 0.08
  165 C     1  -2  -2  -3   6  -2  -2  -2  -2  -1  -1  -2   1  -2  -2   0   3  -2   0   0   17   0   0   0  30   0   0   0   0   0   0   0   5   0   0   0  35   0   5   8  0.42 0.08
  166 M    -2  -2  -3  -4  -2  -2  -3  -4  -3   2   3  -2   7  -1   0  -2  -1  -2  -2   0    0   0   0   0   0   0   0   0   0   9  26   0  60   0   5   0   0   0   0   0  0.57 0.12
  167 K    -1   0  -2  -2  -2   1  -1  -3  -2   0   2   3   0  -1  -2  -1  -1  -3  -2   1    0   0   0   0   0   5   0   0   0   0  37  46   0   0   0   0   0   0   0  11  0.26 0.07
  168 K    -1   3  -1  -1  -4   1   0  -2  -1  -3  -3   5  -2  -4  -2  -1  -1  -4  -2  -3    0  19   0   0   0   0   0   0   0   0   0  81   0   0   0   0   0   0   0   0  0.78 0.12
  169 L    -2  -3  -4  -4  -2  -3  -4  -4  -4   1   5  -3   2   0  -4  -3  -2  -2  -2   0    0   0   0   0   0   0   0   0   0   0 100   0   0   0   0   0   0   0   0   0  0.73 0.12
  170 A     1   1   1  -1  -3   0   0  -1  -1  -3  -3   5  -2  -3  -2   1  -1  -4  -2  -2   20   0   6   0   0   0   0   0   0   0   0  65   0   0   0   9   0   0   0   0  0.46 0.09
  171 T     1  -1  -1  -1  -1  -1  -1  -1  -2   1  -1  -1  -1  -2  -1   2   2  -2  -2   0   17   1   1   1   0   1   1   1   0  18   1   1   0   1   1  29  24   0   0   1  0.19 0.04
  172 A     3  -2  -2  -1  -1  -2  -2  -1  -3   1   0  -2   1  -2  -2   0  -1  -3  -2   2   49   0   0   5   0   0   0   0   0   7   0   0   7   0   0   0   0   0   0  32  0.25 0.07
  173 N     0  -1   2   2  -2  -1   0  -2   4   0  -1  -1   1  -2  -2   0   2  -3  -1  -1    9   0  12  19   0   0   0   0  20  10   0   0   8   0   0   0  21   0   0   0  0.21 0.05
  174 E    -2  -1   2   4  -3   0   3  -2  -1  -2   0  -1  -1  -3  -2  -1  -1  -4  -3  -2    0   0  17  31   0   0  32   0   0   0  19   0   0   0   0   0   0   0   0   0  0.41 0.06
  175 A     1  -3  -2   2  -2  -2  -1  -2  -3   2   1  -2   0   1  -2  -1  -1  -3  -1   2   15   0   0  19   0   0   0   0   0  10   9   0   0  10   0   0   0   0   0  36  0.15 0.04
  176 E    -1   1   0   2  -4   1   5   1  -1  -4  -3   1  -3  -4  -2  -1  -1  -3  -3  -3    0   6   0  13   0   0  60  10   0   0   0  11   0   0   0   0   0   0   0   0  0.56 0.07
  177 S     0   2   2  -1  -2   0  -1   1  -1  -3  -3   0  -2  -3  -2   3   0  -3  -2  -1    0  21  12   0   0   0   0  12   0   0   0   0   0   0   0  50   0   0   0   5  0.33 0.06
  178 K    -1   4  -1  -1  -4   2   2  -2  -1  -3  -3   4  -2  -4  -2  -1  -1  -3  -2  -3    0  30   0   0   0   9  11   0   0   0   0  50   0   0   0   0   0   0   0   0  0.58 0.07
  179 S     0  -2   0  -1  -2  -1   1   1  -1   0  -1  -1  -1   3  -2   1   0  -2   0   1    0   0   6   0   0   0  11  10   0   0   0   0   0  26   0  25   0   0   0  21  0.12 0.04
  180 N    -1   3   3   0  -3   2   0  -2   0  -3  -3   3  -2  -3  -2   0  -1  -3  -2  -3    0  23  27   0   0  12   0   0   0   0   0  38   0   0   0   0   0   0   0   0  0.48 0.05
  181 Y    -2  -3  -3  -4  -3  -3  -3  -3   0  -1   0  -3  -1   6  -4  -2  -2   2   6  -1    0   0   0   0   0   0   0   0   0   0   0   0   0  50   0   0   0   0  50   0  0.80 0.04
  182 K    -1   2   0  -1  -3   1   2  -2  -1  -3  -3   5  -2  -3  -1   0  -1  -3  -2  -3    0   0   0   0   0   0   8   0   0   0   0  92   0   0   0   0   0   0   0   0  0.54 0.02
  183 N     0  -1   4   1  -2   0   0   0   0  -3  -3   0  -2  -3  -1   3   1  -3  -2  -2    0   0  49   0   0   0   0   0   0   0   0   0   0   0   0  51   0   0   0   0  0.46 0.01
  184 S     1  -1   2   0  -1   0   0   0  -1  -3  -3   0  -2  -3  -1   4   1  -3  -2  -2    0   0  13   0   0   0   0   0   0   0   0   0   0   0   0  87   0   0   0   0  0.43 0.00
  185 K    -1   2   0  -1  -3   1   1  -2  -1  -3  -3   5  -1  -3  -1   0  -1  -3  -2  -2    0   0   0   0   0   0   0   0   0   0   0 100   0   0   0   0   0   0   0   0  0.53 0.00
  186 G     0  -3   0  -1  -3  -2  -2   6  -2  -4  -4  -2  -3  -3  -2   0  -2  -3  -3  -3    0   0   0   0   0   0   0 100   0   0   0   0   0   0   0   0   0   0   0   0  1.05 0.00
  187 H    -2   0   0  -1  -3   0   0  -2   8  -3  -3  -1  -2   0  -2  -1  -2  -1   3  -3    0   0   0   0   0   0   0   0  87   0   0   0   0   0   0   0   0   0  13   0  0.78 0.01
  188 K    -1   2   0  -1  -3   1   1  -2  -1  -3  -3   5  -1  -3  -1   0  -1  -3  -2  -2    0   0   0   0   0   0   0   0   0   0   0 100   0   0   0   0   0   0   0   0  0.53 0.00

                      K         Lambda
Standard Ungapped    0.1247     0.3104
Standard Gapped      0.0393     0.2670
PSI Ungapped         0.1283     0.3174
PSI Gapped           0.0393     0.2670
