
Last position-specific scoring matrix computed, weighted observed percentages rounded down, information per position, and relative weight of gapless real matches to pseudocounts
            A   R   N   D   C   Q   E   G   H   I   L   K   M   F   P   S   T   W   Y   V   A   R   N   D   C   Q   E   G   H   I   L   K   M   F   P   S   T   W   Y   V
    1 M    -5  -6  -7  -8  -6  -5  -7  -7  -6  -3   4  -6  10  -4  -7  -6  -5  -6  -5  -3    0   0   0   0   0   0   0   0   0   0  32   0  68   0   0   0   0   0   0   0  2.61 0.91
    2 P    -4  -7  -4  -8  -6  -7  -8  -8  -7   6   1  -4   7  -2  -3  -7  -5  -7  -6   1    1   0   1   0   0   0   0   0   0  49  13   1  24   1   1   0   0   0   0   7  1.71 0.74
    3 K    -2   3   2   0  -6   2   1  -4   2  -3  -4   3  -3  -4  -2   0   1  -3  -3  -4    2  18  10   4   0   9  10   1   5   2   2  15   0   1   2   7   9   0   1   1  0.45 0.33
    4 V    -4  -8  -9  -9  -1  -8  -8  -9  -9   6  -3  -8  -5  -6  -8  -7  -6  -8  -7   7    1   0   0   0   1   0   0   0   0  36   1   0   0   0   0   0   0   0   0  60  2.20 0.92
    5 Q    -4  -4  -4   0  -3   2   6  -4  -3  -5  -6  -1  -4  -6  -6   1   1   0  -2  -6    1   1   1   4   1  10  54   2   1   1   1   3   0   0   0   9   9   1   2   0  1.23 0.71
    6 V    -4  -8  -8  -9  -2  -8  -8  -9  -8   4   1  -8  -2  -1  -8  -7  -6  -8  -3   7    1   0   0   0   1   0   0   0   0  19  10   0   1   2   0   0   0   0   1  66  1.87 0.84
    7 C     4  -5  -7  -7   4  -6  -7  -6  -7   3  -1  -6  -2  -3  -7  -4  -2  -7  -2   5   28   0   0   0   9   0   0   0   0  13   5   0   1   1   0   1   2   0   1  38  1.16 0.63
    8 Y    -4  -2  -6  -9   1  -5  -8  -6   1  -6  -1  -8  -4   3  -9  -5  -5   4   9  -3    1   2   0   0   3   0   0   1   3   0   6   0   1  11   0   1   1   4  63   2  2.29 1.05
    9 A     6  -5  -7  -7   1  -6  -7  -2  -3  -1  -4  -6  -4  -2  -3   0  -6  -8  -7   0   70   1   0   0   3   0   0   3   1   4   1   0   0   2   2   6   0   0   0   6  1.57 0.84
   10 L     0   0  -1   1  -3  -1   0  -1   0  -2   3  -1  -1  -1  -1  -1   2   3  -2  -1    8   5   2   8   0   2   6   4   2   1  27   4   1   2   3   3  12   4   1   3  0.17 0.21
   11 P     1  -2  -2  -3  -3  -2   0  -3  -7  -5  -4  -2  -4  -8   7   0  -3  -8  -4  -3   13   2   2   1   1   2   6   3   0   1   2   2   0   0  54   6   2   0   1   2  1.39 0.79
   12 E    -1   1   1   4  -6   1   3   2   2  -5  -5   0  -4  -5  -2  -1  -1  -7  -4  -4    6   6   6  21   0   7  17  13   5   0   1   6   0   0   2   5   3   0   0   1  0.50 0.36
   13 R    -1   4   0  -2  -1   3   1   0   2  -2  -3   3  -3  -6  -3  -1  -1  -3  -3  -2    5  23   4   2   1  11  10   8   4   3   2  15   1   0   1   5   3   0   1   2  0.46 0.34
   14 Q    -1  -5  -3  -5   2   7  -1  -5   0  -3  -4  -4  -4  -4  -2  -2  -3  -2   0   2    5   0   1   1   4  54   3   1   2   2   2   1   0   1   3   3   1   1   3  12  1.40 0.82
   15 T    -1   1  -2  -1  -1  -1   0  -5   2  -1  -1   0   0   2  -3  -2   1   6   3   1    5   8   1   4   1   2   6   0   5   3   6   7   3   9   1   2   8   9   9   9  0.29 0.23
   16 L    -2   1  -3  -3   1   0  -1  -5   0   3   3  -2  -1  -2  -3  -1  -1   3  -1   1    2   7   1   1   2   5   4   0   2  16  28   2   1   1   1   6   3   4   2  11  0.32 0.26
   17 V    -2   2  -3  -4   0   1  -1  -3  -1   3   1   0   0   1  -5  -2  -2   0   0   2    3  10   1   1   2   6   5   2   2  16  15   7   2   5   0   2   1   1   3  18  0.26 0.22
   18 A     0   2   0   0  -2   1   2  -3   1  -3  -3   2  -1  -3   0   1   1   0  -2  -2    9  10   4   5   1   6  14   1   4   1   2  11   1   1   4  13   9   1   1   2  0.23 0.22
   19 V    -4  -4  -6  -7   2  -3  -5  -7  -3   2   4  -6   1   1  -6  -4  -2  -5  -2   4    1   1   0   0   4   1   1   0   1  12  42   0   3   6   0   1   2   0   1  25  0.92 0.49
   20 D    -1   1   0   2  -1   1   3  -3   0  -3  -2   1  -1  -3  -1   1   1  -1  -1  -1    4   8   4  11   1   7  19   1   3   1   3   9   2   1   2   9   9   1   2   6  0.23 0.22
   21 V    -1  -6  -6  -7   1  -6  -6  -4  -6   2   3  -6   0  -1  -4  -4  -2   0  -2   5    4   0   0   0   2   0   0   1   0  12  30   0   2   3   1   1   2   1   2  40  0.91 0.49
   22 P     0  -1   0   1  -2   0   2  -4  -2  -4  -4  -1  -5  -6   6   0  -1  -6  -3  -3    9   3   5   6   1   3  11   1   1   1   2   3   0   0  41   7   4   0   1   2  0.87 0.50
   23 A     2  -1   0   1  -2   2   3  -3   0  -2  -3   0  -1  -2   2   0  -1  -1  -1  -1   16   2   4   7   1   8  23   1   2   2   2   5   1   1   9   5   3   1   2   5  0.28 0.25
   24 G    -3  -3   2  -1  -7  -1  -2   7  -1  -8  -8  -3  -7  -8  -2  -2  -3  -7  -7  -4    2   2   9   4   0   2   2  68   2   0   0   2   0   0   2   3   1   0   0   1  1.51 0.72
   25 A     3  -5  -2  -2   3  -2  -3  -3  -1  -1  -2  -3   0  -5  -5   3   4  -2  -3  -2   25   0   1   2   5   1   1   1   1   3   3   1   3   0   0  19  29   1   1   2  0.69 0.47
   26 T    -2  -1   0  -1   1  -2  -3  -4  -1  -2  -3  -1  -1  -5  -2   3   6  -5  -4  -2    2   3   5   3   3   2   0   0   1   2   3   3   1   0   2  22  46   0   0   2  0.83 0.53
   27 V     1  -5  -5  -5   0  -5  -5  -3  -5   4   0  -2   0  -1  -2  -2  -3  -5  -4   5   14   0   0   0   2   0   0   2   0  23   9   2   2   3   2   3   0   0   0  35  0.72 0.40
   28 R     1   1  -1  -1  -3   2   2   1   0  -2  -1   1   0  -1  -1   0  -1   1  -1  -2   13   8   3   3   0   8  15  10   2   3   5   8   2   2   2   7   2   2   2   3  0.13 0.15
   29 D     0  -1   0   3   1   2   3  -2   1  -1  -2  -1   0  -3  -3  -1  -1   2   0  -2    8   3   4  15   3  12  19   3   3   3   3   3   3   0   0   4   4   3   4   3  0.26 0.23
   30 A     0  -2  -2  -3   3  -2  -2   0  -2   1   0  -2   2   1  -3   0   0   4   2   0    8   0   0   0   8   0   0   8   0   8   8   0   8   8   0   8   8   8   8   8  0.17 0.14
   31 I    -2  -3  -6  -6   0  -5  -6  -6  -5   4   4  -3   2   0  -6  -5  -4   1  -1   3    3   2   0   0   2   0   0   0   0  23  39   2   4   3   0   0   0   2   2  16  0.88 0.51
   32 E     1   2  -1   0  -1   2   2  -2   0  -1  -1   1  -1  -2  -1   0   0   0  -1   0   13  11   2   6   1   9  13   2   2   3   6   9   1   1   3   4   4   1   2   6  0.11 0.16
   33 A     3   1   0  -1  -1   2  -1  -2   0  -1   0   0   1   0  -3  -1  -1  -3   1  -2   27   7   4   4   2  12   2   2   3   4   9   4   3   5   0   3   2   0   4   2  0.17 0.26
   34 S     2  -2   0  -1   1  -1  -3  -2  -3   0   0  -1   0  -1  -1   3  -1   1  -1  -1   19   2   4   3   3   3   0   2   0   4  10   2   3   2   2  29   3   2   2   4  0.26 0.31
   35 G     1  -1   1   1   0   0   0   3   0  -2  -2  -1  -1  -1  -1   0  -1  -3   0  -3   12   4   8   6   2   3   7  25   2   3   4   4   2   3   3   6   3   0   3   0  0.19 0.19
   36 L    -1   0  -1  -1  -3   0  -1  -2  -3   2   2  -1   2   0  -1  -2  -1   4   0   1    4   5   2   4   0   4   4   3   0  16  21   4   5   4   3   2   3   7   2   7  0.18 0.20
   37 L    -1   0   0   0   2   0   0  -1   2   0  -1   0   2   1   0  -1   0   4   1  -1    5   5   5   5   5   5   5   5   5   5   5   5   5   5   5   5   5   5   5   5  0.09 0.08
   38 A     1   1   0   2   0   2   2  -1   0  -2  -1   0  -1  -2   0   0  -1   0  -4  -2   13   7   5  12   2   9  14   4   2   2   5   4   1   2   4   6   4   1   0   3  0.17 0.20
   39 L     0   1   0   0   0   1   1  -1   1   0   0   0   1  -1   0   0   0  -3   0  -1    8   9   3   5   2   7  10   5   4   5   9   6   4   3   4   5   4   0   3   4  0.04 0.07
   40 H    -1   0   0  -1   3  -1  -2  -2   2   0  -1  -2   1   5  -2  -2  -2   2   2  -1    5   6   4   4   5   3   3   4   5   6   7   3   4  19   3   3   3   3   6   4  0.28 0.22
   41 P     0  -1   0   0   2   0  -1  -1   2  -2  -2   0   1  -1   5  -2   0   3  -6  -2    7   3   5   5   3   4   4   4   4   3   4   5   3   3  24   4   5   3   0   3  0.35 0.33
   42 D     0  -1   0   3  -5   1   3   2   0  -2  -3  -2  -1  -2  -1  -1  -1   1  -2  -2    6   3   4  14   0   6  23  14   3   3   2   2   2   2   3   4   3   2   2   3  0.32 0.31
   43 V    -1   0  -2   0   2   0   0  -1   1   0  -1   0   1   0   0   0   0   3   1   0    5   5   0   5   5   5   5   5   5   5   5   5   5   5   5   5   5   5   5   5  0.02 0.11
   44 D     0  -1   1   3   0   0   0  -1   0  -1  -1  -1   0  -1   1  -1  -1   1  -3  -1    9   4   8  18   2   4   6   5   2   3   7   3   2   3   7   5   3   2   0   4  0.12 0.16
   45 L     0  -1  -1   0   1   0   0  -1   0   0   1  -1   0   0   1  -1  -1   2   0   0    9   3   3   6   3   4   4   5   2   7  15   4   2   3   8   5   4   4   2   7  0.05 0.07
   46 A     1   0   1   2  -1   1   1   0   1  -2  -3   0  -3  -2  -2   0   0   2  -1  -1   10   4   5  14   1   5  10   7   3   2   3   7   0   2   2   8   6   3   2   4  0.16 0.18
   47 T     1   0   1   0   0   1   1   0   0  -1  -2   0  -1  -2   0   1   1   1  -3  -1   10   4   8   6   2   7   7   6   3   3   3   5   2   2   6   9  11   2   0   4  0.10 0.14
   48 L     1  -1   1   0   2   0  -1  -1   0  -1   1  -1   1  -1  -1  -1   0   4   0   0   12   3   9   5   4   4   4   5   3   3  16   2   3   3   3   3   4   6   3   5  0.08 0.13
   49 K     1   2  -1   0   0   0  -1   0   0  -2  -2   2  -1  -2   2   0  -1  -4  -1  -2   12  10   3   5   2   3   3   9   3   2   3  15   2   2   9   7   4   0   2   3  0.15 0.20
   50 T     0   0  -2  -3   2   1   0  -3   2   0   0   0   1   1   1   0   0   4   1   0    6   6   0   0   6   6   6   0   6   6   6   6   6   6   6   6   6   6   6   6  0.11 0.15
   51 G     2   1  -3  -3   3  -3  -3   5  -4  -4   0   0  -3  -4  -4   1  -3  -4  -4  -3   15   7   0   0   6   0   1  41   0   0  10   7   0   0   0   9   1   0   0   1  0.64 0.31
   52 I    -1   1  -2  -2   4  -1  -2  -3  -2   1   1  -1   2  -1  -2  -1   1  -2  -2   1    1  13   1   1  13   1   1   1   0  13  14   1  13   0   1   1  13   0   0  13  0.15 0.07
   53 F    -2  -3   0  -1  -3  -3  -3  -2   1  -2  -1  -3  -2   5  -4  -1  -3   7   3  -3    3   0   6   5   0   0   1   3   4   0   6   1   0  33   0   3   1  19  11   1  0.77 0.32
   54 G     1  -1   0  -1   0  -1  -1   5   0  -4  -3  -2  -1  -1  -1   1  -1  -3  -1  -3    9   3   3   3   2   2   2  46   3   0   1   0   2   2   2  13   2   0   2   0  0.49 0.23
   55 K     0   1   1   1   2   1   0  -2   2   0  -1   0  -1  -2  -2   0   0  -3  -2   0    7   7   7   7   6   7   7   0   6   7   7   7   0   0   0   7   7   0   0   7  0.04 0.11
   56 L     0   1  -1  -2   1   0   0  -1   1   0   0   1   0   0   0  -1  -1  -3   0   0    7  11   3   0   3   3   5   3   4   7  10   9   3   3   5   4   3   0   3   8  0.01 0.08
   57 A     2   1  -3  -2   4  -1  -1  -2   0   1  -1   0   0  -2  -4  -1  -1  -4  -3   4   16   7   0   2   9   3   4   2   2   5   3   7   2   2   0   3   3   0   0  30  0.32 0.30
   58 P     0   0  -1   1  -1   0   0  -1   0  -2  -3   2  -1  -4   4   1   1   0  -4  -2    7   6   2   7   2   3   6   5   2   2   2  14   1   0  19   9  10   1   0   2  0.30 0.26
   59 L    -1   0   0   0  -3   0   0  -1   2   0  -1   0   1   0   0   0   0   3   1   0    5   5   5   5   0   5   5   5   5   5   5   5   5   5   5   5   5   5   5   5  0.06 0.08
   60 D     0  -1   1   4   1   1   1  -1   1  -4  -2   0   1  -4  -4   0   1  -5   0  -2    6   3   6  25   3   6   8   5   4   0   4   5   3   0   0   8   7   0   3   3  0.32 0.27
   61 A     0   1  -1   1   0   2   0  -2   4  -4  -4  -1   0  -1  -4  -1   2   1   4  -2    8   6   2   7   2   9   6   2  11   0   0   3   2   2   0   3  17   2  14   2  0.35 0.33
   62 P    -1   0  -2  -3   0   0   0  -3  -1   1   0   0   0  -3   2  -1   0   0  -1   3    5   5   2   0   2   5   6   2   2   9  10   6   2   0  11   3   4   1   2  23  0.20 0.21
   63 V    -3  -3  -5  -6   0  -5  -5  -6  -5   0   5  -5   0  -1  -2  -5  -2  -4  -4   3    2   2   0   0   2   0   0   0   0   4  61   0   2   2   3   0   2   0   0  18  1.03 0.56
   64 A     0   3   1  -1  -1   3   1  -2   3  -4  -3   2  -3  -2  -3   0  -1  -4  -1  -2    9  18   6   2   1  13   9   2   8   0   3  13   0   1   0   6   3   0   1   2  0.34 0.29
   65 D     1  -2   1   5  -2   0   2  -2   2  -4  -4   0  -4  -5   2   0  -1  -5  -4  -3   11   1   5  30   1   4  14   2   5   0   2   4   0   0   9   5   3   0   0   2  0.50 0.37
   66 G    -2  -2   0  -1  -2  -2  -3   6   1  -6  -3  -2   0  -2  -2  -3  -3  -2  -3  -5    1   3   4   4   1   2   2  65   4   0   2   2   2   2   2   1   1   1   1   0  1.20 0.60
   67 D    -3  -5  -3   8  -1  -1   0  -5  -5  -3  -6  -4  -2  -6  -5  -3  -2  -7  -6  -3    2   0   0  77   1   2   6   0   0   2   0   0   1   0   0   2   3   0   0   2  1.94 0.87
   68 R    -5   8  -4  -5  -1  -1  -4  -3  -4  -6  -4  -2  -5  -6  -3  -3  -5  -6  -5  -4    0  85   0   0   1   2   0   2   0   0   2   0   0   0   1   2   0   0   0   2  2.31 0.95
   69 V    -3  -6  -7  -7  -4  -6  -6  -4  -7   5   2  -6   0  -4  -6  -5  -4  -6  -5   5    1   0   0   0   0   0   0   1   0  38  14   0   1   0   0   0   0   0   0  43  1.38 0.58
   70 E    -3  -4  -4   0  -8  -1   7  -6   0  -4  -7  -4  -6  -7  -5  -2  -3  -7  -3  -3    2   0   0   3   0   1  84   0   2   1   0   0   0   0   0   2   1   0   1   2  2.05 0.86
   71 L    -3  -4  -7  -7  -1  -6  -6  -5  -6   6   2  -6  -2  -1  -6  -5  -4   2  -4   3    2   1   0   0   1   0   0   1   0  55  17   0   0   2   0   0   0   3   0  17  1.31 0.56
   72 Y    -4  -6  -6  -7   2  -6  -6  -7  -3  -5   2  -6  -4   1  -7  -4  -2   0   9  -2    1   0   0   0   5   0   0   0   0   0  17   0   0   4   0   1   3   1  67   2  2.08 0.80
   73 R    -3   8  -4  -3  -3  -1  -2  -4  -3  -4  -5   0  -5  -4   0  -4  -3  -7  -4  -5    3  74   0   1   1   2   3   1   0   1   1   4   0   1   4   1   1   0   0   1  1.75 0.74
   74 P     0  -5  -3  -3  -3  -1  -3  -3  -2  -7  -6  -2  -4  -5   8   0  -4  -8  -7  -5    8   0   1   1   1   2   2   2   1   0   0   2   0   0  70   6   1   0   0   1  1.93 0.78
   75 L    -3  -4  -7  -7  -5  -6  -7  -7  -7   0   6  -6  -2  -2  -7  -6  -5  -6  -5  -1    3   1   0   0   0   0   0   0   0   5  87   0   0   1   0   0   0   0   0   2  1.78 0.71
   76 I    -1   1  -2  -3  -2   1  -2  -4  -2   3   2   1   0  -2  -1  -1   2  -4  -2   0    3   7   1   0   1   6   1   0   1  18  21   9   1   1   2   4  16   0   1   6  0.25 0.21
   77 V     3  -3  -2  -4   2  -1  -3  -3  -3   3   0  -2   1   1  -4  -2  -1  -2  -2   3   24   1   2   1   4   3   1   1   1  16   7   2   3   5   0   1   2   0   1  24  0.40 0.29
   78 D    -4  -4   0   8  -7  -5  -1  -6  -1  -7  -6  -2  -7  -8  -6   0  -3  -8  -7  -7    2   1   4  80   0   0   2   0   2   0   1   2   0   0   0   6   2   0   0   0  2.19 0.83
   79 P    -2  -4  -7  -6  -7  -6  -6  -7  -7  -7  -7  -4  -7  -5   9  -3  -6  -8  -7  -5    4   1   0   0   0   0   0   0   0   0   0   1   0   1  90   2   0   0   0   1  2.99 1.03
   80 K    -4   0  -2  -5  -6  -1  -2  -4  -3  -4  -4   7   4  -6  -5  -4  -2  -6  -5  -3    1   4   2   0   0   2   2   1   0   1   1  70  11   0   0   0   3   0   0   2  1.61 0.69
   81 A     0  -2  -2   2  -5   2   5  -3  -1  -4  -2   0  -1  -5  -4  -2   0  -5  -5  -1    7   1   1  12   0   9  44   1   1   1   4   4   2   0   0   2   5   0   0   5  0.72 0.41
   82 A     4   0  -3  -3  -3  -1  -2  -3  -4   0  -1   0   1  -3  -3   1  -2  -1  -4   2   44   6   1   1   0   3   2   1   0   5   5   5   4   1   1   8   2   1   0  13  0.49 0.34
   83 R    -5   8  -5  -6  -7  -3  -3  -6  -2  -5  -4  -1  -5  -4  -3  -5  -5  -1  -6  -6    0  90   0   0   0   0   1   0   1   1   2   2   0   1   1   0   0   1   0   0  2.47 0.86
   84 Q    -4   7  -3  -5  -4  -1  -3  -6  -2  -4  -1   3  -2  -1  -5  -3  -4  -6  -2  -5    1  64   1   0   0   2   0   0   1   1   6  17   1   2   0   2   0   0   2   0  1.50 0.62
   85 R    -1   4   0  -1  -3   3   1  -4  -1  -1   1   2  -1  -4  -4  -1  -2  -5  -4  -2    6  21   4   2   0  17  10   0   1   3  14  13   1   0   0   2   1   0   0   2  0.41 0.28
   86 R    -5   8  -1  -5  -7  -2  -4  -6  -4  -3  -2   2  -5  -3  -6  -4  -5  -7  -4  -5    0  78   3   0   0   1   0   0   0   2   5   8   0   1   0   1   0   0   0   1  1.97 0.74
   87 V     5  -2  -2  -4  -4  -3  -2  -3  -3   0  -2  -3  -3   1  -3  -1  -2  -5   1   2   58   2   2   0   0   1   2   1   0   4   3   1   0   5   1   2   2   0   4  12  0.78 0.44
   88 D     2   2   0   0  -4   1   3  -2  -2  -3  -2   3  -3  -3  -3   0  -1  -4  -3  -2   21  10   3   4   0   6  18   2   0   1   3  17   0   1   1   7   3   0   0   2  0.34 0.24
   89 K     1   3   0  -2  -4   2   0  -1   2  -2  -2   4  -1  -4  -1   0  -1  -5  -3  -2   11  15   4   2   0   9   4   3   5   2   4  28   1   0   2   5   3   0   0   2  0.36 0.25
   90 T     1   1   2  -2  -4   3  -1   1  -1  -2  -4   3  -3  -5  -3   0   0  -5  -4  -2   15   7   9   1   0  17   2   9   1   2   0  23   0   0   0   5   5   0   0   3  0.40 0.28
   91 R     0   5  -1  -3  -5   1  -1   1   1  -4  -4   4  -4  -5  -1  -2  -2  -5  -4  -4    6  29   2   1   0   5   3  11   3   1   1  33   0   0   3   2   1   0   0   0  0.73 0.37
   92 R     2   3   0   0  -2   0   0  -1  -2  -3  -3   3  -2  -4  -2   1   0  -4  -3  -1   18  17   3   5   1   4   5   4   0   1   2  22   0   0   1   8   4   0   1   4  0.31 0.21
   93 E     0   3  -1   1  -4   1   2  -1  -2  -3  -2   3   3  -3  -1   0  -1  -4  -3  -3    8  16   1   7   0   4  12   5   0   0   3  22  10   1   3   5   3   0   0   1  0.32 0.22
   94 G     1   2  -1  -2  -4   2  -1   4  -1  -4  -3   2  -2  -4  -2   0  -1  -4  -4  -4   12  11   1   1   0   9   2  37   1   1   1  13   1   0   2   4   3   0   0   0  0.50 0.25
   95 S     1   2   1  -1  -3   1   0   0  -1  -2  -2   2  -2  -3  -1   1   0  -3  -1  -2   15  14   7   2   0   4   3   8   1   1   4  14   1   1   1  12   7   0   2   3  0.18 0.13
   96 I     1   1  -1  -2  -1   2  -1   1  -2   1  -1   0   1  -1   0   0   0  -3  -2   0   17   9   1   1   1  11   3   9   1  12   4   5   4   2   3   6   3   0   0   8  0.08 0.09
   97 E     0   2   0   0  -4   2   1  -1  -2  -2  -1   2  -2  -3   2   0  -1  -4  -3  -2    6  14   5   5   0  12  10   5   0   2   6  16   0   1  10   4   3   0   0   1  0.26 0.15
   98 G     0   1   1  -1  -1   0  -2   3   1  -3  -4   2  -3  -1   1   0  -1  -4  -3  -3    7   8   7   1   1   4   0  26   3   1   0  18   0   4   8   7   2   0   0   1  0.32 0.17
   99 R    -1   4   1   0  -4   2  -1  -1   0  -4  -4   4  -3  -4  -1  -1  -2  -4  -2  -3    4  28   6   4   0   9   0   5   2   0   1  32   0   0   3   2   1   0   1   1  0.58 0.25
  100 K    -1   4  -2  -2  -5   3   0  -3   2  -5  -4   4  -3  -5  -1  -1  -2  -4  -3  -4    5  29   0   1   0  14   2   1   6   0   0  37   0   0   2   3   0   0   0   0  0.78 0.29
  101 W    -1   1   0  -3  -3  -1  -2  -3   4  -2  -1   0  -2   2   0   0  -2   7   1  -1    4   9   5   0   0   2   0   0  15   0   7   7   0  10   5   8   0  17   4   6  0.43 0.18
  102 L     0   3  -1  -3  -3   1  -1  -1  -1   0   2   1  -1  -2  -3  -1  -1  -3  -1   0    9  21   2   0   0   7   1   6   1   2  26   9   0   0   0   1   3   0   2  10  0.16 0.12
  103 P     0   1   0  -2  -4   2  -1   0  -2  -4  -4   4  -3  -5   5   0  -2  -5  -4  -4    7   8   4   0   0  10   1   6   0   0   0  29   0   0  30   5   0   0   0   0  0.71 0.23
  104 K    -2   3  -2  -2  -4   2  -1  -2  -2  -4  -4   4  -3  -2   4   0  -2  -4  -3  -2    0  16   0   0   0  13   0   2   0   0   0  34   0   2  24   7   0   0   0   2  0.69 0.22
  105 D     0   2   0   3  -3   0   1  -2   4  -4  -4   2  -3  -4  -1   1   0  -4  -2  -3    7  16   0  27   0   0   7   0  14   0   0  12   0   0   2   9   6   0   0   0  0.41 0.13
  106 S     1   1   1  -1  -2   0   0   2  -2  -3  -3   2  -2  -3  -2   2   0  -3  -3  -2   12   6   8   0   0   0   6  20   0   0   0  15   0   0   0  25   5   0   0   3  0.28 0.09
  107 R    -2   6  -1  -2  -4   2   0  -3  -1  -4  -3   4  -2  -4  -3  -1  -2  -4  -3  -3    0  54   0   0   0  11   0   0   0   0   0  35   0   0   0   0   0   0   0   0  0.90 0.17

                      K         Lambda
Standard Ungapped    0.1375     0.3190
Standard Gapped      0.0513     0.2670
PSI Ungapped         0.1677     0.3168
PSI Gapped           0.0513     0.2670
