
Last position-specific scoring matrix computed, weighted observed percentages rounded down, information per position, and relative weight of gapless real matches to pseudocounts
            A   R   N   D   C   Q   E   G   H   I   L   K   M   F   P   S   T   W   Y   V   A   R   N   D   C   Q   E   G   H   I   L   K   M   F   P   S   T   W   Y   V
    1 M    -6  -7  -7  -8  -7  -6  -7  -8  -7  -4  -3  -7  11  -5  -8  -7  -6  -7  -6   1    0   0   0   0   0   0   0   0   0   0   0   0  90   0   0   0   0   0   0  10  3.49 1.19
    2 I    -3  -2  -2  -6  -5  -1  -5  -1  -1   2   1  -5   7  -2  -5   0   0  -3  -2   3    1   2   2   0   0   3   0   4   1  12  12   0  31   1   0   7   5   0   1  18  0.77 0.47
    3 T    -3  -1   5  -4  -4   1  -3  -4   1  -3  -4  -1   0  -4  -4   2   4  -6  -3  -2    1   3  28   0   0   7   1   1   4   2   1   3   3   1   0  15  26   0   1   3  0.76 0.51
    4 D    -5  -6   2   8  -4  -5  -3  -6   0  -5  -8  -3  -8  -3  -6  -2  -6  -8   0  -8    1   0   7  79   1   0   0   0   2   1   0   1   0   1   0   2   0   0   4   0  2.26 0.97
    5 T    -3  -2  -1  -5  -4  -2  -5  -5   0   0  -1  -3  -5  -4   6   1   3  -3  -4  -2    2   2   3   0   0   1   0   1   3   6   7   1   0   1  44  10  16   0   1   2  1.05 0.60
    6 L    -5  -7  -8  -8  -6  -7  -7  -8  -7   7   4  -7  -1  -1  -5  -6  -4  -7  -5   2    0   0   0   0   0   0   0   0   0  50  32   0   1   2   1   0   1   0   0  11  1.52 0.71
    7 S     5  -4  -1  -4  -3  -4  -5   1  -2  -2  -6  -4  -5  -4  -5   4  -3  -1  -2  -4   42   1   3   1   0   1   0   9   1   3   0   0   0   1   0  33   1   1   1   1  1.01 0.66
    8 N    -4  -5   5   7  -5  -3  -3  -7   0  -7  -7  -4  -8  -8  -7  -3  -4  -9  -4  -6    1   1  22  65   0   1   1   0   3   0   0   1   0   0   0   2   1   0   1   1  2.05 0.96
    9 L     2  -6  -4  -6   0  -6  -7  -5  -6   0   3  -6   7   4  -7  -3  -1  -6  -2  -1   15   0   1   0   2   0   0   1   0   4  22   0  28  16   0   2   4   0   1   4  1.10 0.61
   10 F    -4  -7  -5  -8   3  -5  -8  -8  -7   3   6  -7   0   2  -6  -5  -4  -6  -2  -2    1   0   1   0   5   0   0   0   0  16  60   0   2   9   0   1   1   0   1   2  1.40 0.69
   11 S     0  -4   3  -4  -1  -5  -5  -5  -2   2  -4  -1  -2  -5  -6   2   5  -7  -5   0    7   1  11   1   1   0   0   1   1  12   1   4   1   0   0  16  38   0   0   6  0.86 0.58
   12 K    -1   6  -1  -4  -2   1  -5  -4   3  -2  -5   1  -3  -5  -6   1   0  -7  -5  -3    6  44   2   1   1   6   0   1   7   3   1   8   1   0   0  11   7   0   0   2  1.01 0.61
   13 I    -6  -8  -9  -9  -7  -8  -6  -9  -9   8   3  -8   1  -2  -5  -8  -4  -8  -7   0    0   0   0   0   0   0   1   0   0  66  21   0   3   1   1   0   1   0   0   6  2.01 0.89
   14 K    -5   6   1  -3  -2   2  -4  -6  -3  -4  -4   5  -1  -3  -7  -3  -2  -4  -1  -4    0  40   6   1   1   8   1   0   1   1   1  29   2   1   0   2   2   0   2   1  1.24 0.69
   15 N    -6  -7   9  -4  -9  -3  -5  -7  -2  -5  -7  -7  -4 -10  -9  -4  -3 -10  -9  -3    1   0  89   0   0   1   0   0   1   1   1   0   1   0   0   1   1   0   0   3  3.00 1.36
   16 G     6  -7  -2  -7   0  -6  -5   3  -2  -5  -7  -5  -7  -6  -6   0  -4  -8  -3  -4   66   0   2   0   2   0   0  17   1   1   0   1   0   0   0   7   1   0   1   1  1.56 0.86
   17 Y     0  -2   1  -1   0   4   1  -1  -1  -1  -1  -1  -2  -2  -4   1  -1  -3   3  -1    8   1   7   2   2  17  11   4   1   4   7   4   1   2   0  13   3   0  10   4  0.24 0.27
   18 L     0   3   0  -3  -3   0  -3  -3  -1  -2   1   3   5  -3  -5   0  -1  -6  -3  -4    9  16   4   1   1   4   1   2   2   2  16  16  14   1   0   6   4   0   1   1  0.47 0.37
   19 A     5   3  -1  -4  -3  -3  -4  -4  -3  -1  -3  -1  -2  -5  -6   0  -2  -7  -4   2   43  13   3   1   1   1   0   1   1   4   2   3   1   0   0   8   2   0   0  16  0.77 0.53
   20 K    -4   4   2  -3  -4   0  -2   4   0  -8  -5   4  -2  -3  -6  -2  -6  -7  -1  -7    1  21   8   1   0   4   2  28   2   0   1  22   1   1   0   3   0   0   3   0  0.90 0.55
   21 K    -3   2  -1  -5  -4  -1  -4  -5   6  -5  -1   6  -3  -2  -6  -3  -4  -8  -4  -5    2   9   3   1   0   3   0   1  16   1   7  49   1   2   0   2   1   0   1   1  1.33 0.75
   22 S     0   2   0   1  -3   1   2  -1   0  -3  -3   3  -3  -3   1   1   0  -3  -2  -3    6  11   3   9   0   5  11   4   2   1   3  18   0   1   6  10   6   0   2   1  0.27 0.25
   23 K    -2  -1   0  -1  -1   2   2  -2  -1   0  -1   0  -1   1  -3   1   2   0   1  -1    2   3   3   2   1   8  13   2   1   5   6   5   1   7   0  13  13   2   5   5  0.15 0.20
   24 I    -1  -8  -8  -8   2  -7  -8  -8  -8   4   0  -7  -2  -1  -8  -5   1  -2  -3   6    5   0   0   0   4   0   0   0   0  17   7   0   1   3   0   1   8   1   1  53  1.37 0.72
   25 S    -1   0  -1   0  -1  -1   1  -4  -2   0   1   0  -1   1  -4   1   1  -2   0   1    3   6   2   6   1   1   9   0   1   6  13   7   1   7   0  14   8   0   4  10  0.11 0.16
   26 H    -2  -5  -7  -7   1  -2  -6  -6  -1   5   2  -6   3   1  -7  -4  -2  -3  -2   4    3   1   0   0   3   2   0   0   2  26  15   0   6   5   0   1   3   0   1  31  0.89 0.51
   27 Q    -5   1  -2  -3  -4  -3  -5  -4  -3  -4  -4   1  -3  -4   8  -2  -3  -3  -2  -3    1   6   2   1   0   1   1   2   1   1   2   7   1   1  63   3   1   0   1   2  1.71 0.92
   28 K     1  -1   1  -3   2  -2  -3  -4   4  -2  -3   0  -3   2  -4   1  -2   0   5  -2   14   3   7   1   4   1   1   1   9   2   2   5   1   8   1  12   1   1  22   3  0.54 0.40
   29 S    -3  -6   0  -3  -2  -5  -4  -3  -3  -5  -7  -4  -3  -3  -4   6   3  -8  -7  -4    2   0   3   1   1   0   1   2   1   1   0   1   1   2   1  65  19   0   0   1  1.54 0.93
   30 K    -3   2   3  -3  -4  -1  -3  -3  -2  -4  -5   7  -3  -4  -5  -2  -3  -8  -4  -3    2  11  14   1   0   2   1   2   1   1   1  54   1   1   0   2   2   0   1   2  1.25 0.73
   31 Q    -3  -4  -3  -4  -2  -1  -3  -5  -2   3   3  -2   4   2  -6  -3  -2  -1  -1   2    2   0   1   1   1   3   1   1   1  15  29   2  11  10   0   1   2   1   2  15  0.57 0.38
   32 S    -2  -1   2  -3   1  -2  -2  -3   0   3   0   4  -1  -3  -5  -1   0  -5  -3   0    2   3   9   1   3   1   1   2   3  19   7  29   1   1   0   4   5   0   1   5  0.43 0.36
   33 I     0   1  -1  -2  -2   0   1  -2   0   0   1   1   1  -1  -3  -1  -1   1   1   1    6   8   3   2   1   3  13   3   2   6  16   8   4   3   0   3   2   2   5  10  0.08 0.12
   34 N     2   0   2   0  -2   1   2  -1   0  -3  -3   2  -2  -3  -3   2  -1  -2  -3  -3   16   6  10   5   1   5  13   4   2   1   2  14   1   1   1  13   4   1   1   1  0.26 0.25
   35 I    -3  -6  -6  -6   0  -5  -6  -6  -6   6   2  -6   2   3  -6  -3  -1  -5   0   3    2   0   0   0   2   0   0   0   0  44  14   0   4  10   0   2   3   0   2  16  0.99 0.50
   36 L     3  -5  -5  -6   2  -4  -5  -3  -1   0   4  -3   0  -1  -5  -1  -1   0  -4   1   24   0   0   0   4   0   0   2   2   4  40   1   2   2   0   3   3   1   0  10  0.58 0.42
   37 N     0   1   2   1  -4   1   2  -2   1  -1  -2   3  -1  -2  -2  -1   0  -4  -1  -2    6   7  11   9   0   7  12   2   3   3   4  18   1   1   1   4   7   0   2   2  0.21 0.20
   38 I     0  -2  -2  -4   0  -2  -3  -3  -4   4   1  -1   0   0  -4  -2  -1   0  -3   3    7   2   2   0   2   2   2   2   0  26  14   4   1   4   0   3   2   1   0  26  0.44 0.31
   39 F    -3  -5  -6  -6  -5  -5  -5  -3  -5   0   6  -3   4   1  -2  -3  -2  -5  -4  -1    2   0   0   0   0   0   0   2   0   3  65   2  10   6   2   3   2   0   0   2  1.11 0.61
   40 I    -1   0  -1  -3   1   1   0  -2   1  -1   0   3   1   0  -3  -1  -1   2   2   0    4   4   3   0   3   7   5   3   3   4   8  23   3   5   0   4   4   3   8   6  0.18 0.22
   41 K     0   0   0   0  -2   1   0   0   2   0   0   0   1   1  -2   0   0  -2   1   0    6   6   6   6   0   6   6   6   6   6   6   6   6   6   0   6   6   0   6   6  0.04 0.07
   42 E     0   0   0   0   2   1   0   0   2   0  -1   0   1   0  -2   0   0  -2   1   0    6   6   5   6   5   5   6   6   5   6   6   6   5   5   0   6   6   0   5   6  0.03 0.07
   43 G    -1   0   1   0  -5   0  -1   5   1  -4  -2   0  -4  -1  -4  -1  -1  -5  -4  -2    4   5   6   5   0   4   4  43   4   0   4   6   0   4   0   4   4   0   0   4  0.55 0.36
   44 F     0  -2  -2  -3   3  -2  -2   0   2   1   0   0   2   1  -3  -2  -2   4   2   0    8   0   0   0   8   0   0   8   8   8   8   8   8   8   0   1   0   8   8   8  0.17 0.15
   45 I     0  -1  -2  -2  -2   1   1  -2  -2   1   1  -1   2   1  -2   0   1  -2  -1   1   10   0   0   0   0   9  10   1   0  10  10   1   9   9   0  10  10   0   0  10  0.09 0.09
   46 K    -1  -1   0  -1   1   0   2   2   0  -2   0   1   0  -1  -1   0  -1   2   0  -1    6   4   4   4   3   3  12  14   3   3   8   8   3   3   4   8   3   3   4   4  0.09 0.07
   47 S     0  -1   2   2  -4  -1   1   1   0  -1  -4   0  -3  -2  -1   2  -1   1  -1  -2    7   2  12  12   0   2   9  12   2   4   1   6   0   2   2  16   3   2   2   2  0.20 0.21
   48 Y    -2  -2  -4  -4   0  -2  -1  -3   1   1  -1  -2   1   4  -5  -1  -2   2   4   2    3   2   0   0   2   2   4   2   3   8   6   3   4  19   0   5   2   2  17  15  0.43 0.32
   49 K    -1   1   0  -1   0   2   3  -1   1  -2  -2   2  -1  -2  -2   0   1   0  -1  -1    4   6   3   3   3   8  18   4   4   3   3  13   1   2   2   5   8   1   2   5  0.15 0.19
   50 I     0   0   0   0   2   0   0  -3   1   0  -1   0   1   0   0   0   0  -2   1   0    5   5   5   5   5   5   5   0   5   5   5   5   5   5   5   5   5   0   5   5  0.02 0.10
   51 N     0   0   0   0   2   0   0  -1   1   0  -1   0   1   0   0   0   0  -2   1   0    5   5   5   5   5   5   5   5   5   5   5   5   5   5   5   5   5   0   5   5  -0.00 0.06
   52 S     0   0   0   0   2   0   0  -1   1   0  -1   0   1   0   0   0   0  -2   1   0    5   5   5   5   5   5   5   5   5   5   5   5   5   5   5   5   5   0   5   5  0.03 0.05
   53 K     0   0   0   0   2   0   0  -1   2   0  -1   0  -2   0   0   0   0   3   1  -1    5   5   5   5   5   5   5   5   5   5   5   5   0   5   5   5   5   5   5   5  0.06 0.08
   54 N     0   0   0   0   2   0   0   0   1   0  -1   0  -1   0   0   0   0  -2   1   0    5   5   5   5   5   5   5   5   5   5   5   5   0   5   5   5   5   0   5   5  0.00 0.06
   55 Q    -2   2   0  -2   1  -1   0  -1   1  -1  -2   3   1   1  -1  -1   0   2   1  -1    4  10   5   3   2   3   6   6   3   4   4  15   3   6   3   5   6   2   5   5  0.15 0.13
   56 L     0   0   0   0   2   0   0   0  -1   0  -1   0   1   0   1   0   0  -2   1   0    6   6   5   6   5   5   6   6   0   6   6   6   5   5   6   6   6   0   5   6  0.03 0.06
   57 D    -1   2   0   1  -1   0   0  -3  -1   0  -1   2  -1  -2   0  -1   0   2   0   1    5  11   3   7   1   4   6   1   2   6   5  16   1   1   5   4   5   3   4  10  0.11 0.15
   58 I    -1  -2  -4  -5   0  -1  -2  -5   0   4   1  -2   0   0  -5  -2  -1  -4   0   4    3   3   0   0   2   3   3   0   3  23  12   2   2   3   0   3   3   0   3  27  0.45 0.36
   59 Y    -1   1   0   0   1   0   0  -1   0   0   0   1   0   1  -3   0   0   2   1   0    3   9   4   7   3   3   5   4   3   7  11  10   3   6   0   5   5   3   4   5  0.03 0.07
   60 L     0   0   0   0   2   0   0   0  -1   0  -1   0   1   0   0   0   0  -2   1   0    5   5   5   5   5   5   5   5   0   5   5   5   5   5   5   5   5   0   5   5  -0.00 0.06
   61 K     0   0   0   0   2   0   0  -1   1   0  -1   0   1   0   0   0   0  -2   1   0    5   5   5   5   5   5   5   5   5   5   5   5   5   5   5   5   5   0   5   5  -0.00 0.06
   62 Y    -2  -1  -1  -1  -5   0  -1   1   1  -1  -1  -1   1   1  -1  -1  -1   2   6  -1    3   3   3   4   0   4   3  10   3   4   6   3   3   5   3   4   4   3  27   4  0.38 0.35
   63 R    -1   2   0   1   1   0   0  -1   2   0  -2   1   0   1  -1  -1  -1   2   2  -1    4   9   5   7   2   4   5   5   5   5   4  10   3   5   4   4   4   3   8   4  0.12 0.11
   64 Q    -1   0   0   0   2   0  -1  -1   2   0  -1   0   2   0   0  -1   0   3   1  -1    5   5   5   5   5   5   5   5   5   5   5   5   5   5   5   5   5   5   5   5  0.03 0.09
   65 N     0   0   0   0  -3   1   0   0   1   0  -1   0   1   0   1   0   0  -2   1   0    6   6   5   6   0   5   6   6   5   6   6   6   5   5   6   6   6   0   5   6  0.03 0.06
   66 K    -1   2   0  -1   1   0   1  -1   0   0  -3   3   0  -1  -1  -1  -1   2  -1  -2    5  11   4   4   3   4  10   6   3   5   3  16   3   3   4   5   3   2   3   3  0.15 0.17
   67 A    -1  -1   0  -2   4  -1  -2  -2   1  -1  -3   0   0  -1   5   0  -1  -8   0  -2    5   4   5   3   7   3   3   4   3   3   3   6   3   3  27   8   5   0   3   3  0.48 0.38
   68 V     0   0   0  -1   1   0   0   0   1   0  -1   0   0   0   0   0   0  -2   0   0    9   6   5   3   3   3   5   8   4   6   5   8   3   5   4   4   5   0   4  10  0.01 0.03
   69 I    -1   0   0   0   2   0   0  -1  -2   0  -1   0   1   0   0   0   0   3   1   0    5   5   5   5   5   5   5   5   0   5   5   5   5   5   5   5   5   5   5   5  0.02 0.09
   70 S     0   0   0   0   2   0   0  -1   1   0  -1   0   1   0   0   0   0  -2   1   0    5   5   5   5   5   5   5   5   5   5   5   5   5   5   5   5   5   0   5   5  0.03 0.05
   71 E     0   0   0   0   2   0   0  -1   1   0  -1   0   1   0   0   0   0  -2   1   0    5   5   5   5   5   5   5   5   5   5   5   5   5   5   5   5   5   0   5   5  0.03 0.05
   72 I     0   0  -2  -3   2  -2  -2   0   2   0   0  -2   1   1   1  -1   0  -2   1   0    7   7   0   0   7   0   0   7   7   7   7   0   7   7   7   0   7   0   7   7  0.05 0.14
   73 K    -3   4  -1  -2   0   0   0  -3   1  -2  -3   4  -1  -1  -3  -1  -2   0   0  -1    2  25   2   2   2   4   7   2   3   2   2  26   1   3   1   5   3   1   3   4  0.55 0.41
   74 R    -1   3   0  -3   0  -1  -3  -2   2   0  -1   0   1   4   0  -1   0  -3   2  -1    4  17   5   0   2   3   0   2   5   5   6   4   3  18   4   3   5   0   8   4  0.25 0.26
   75 L    -1  -1   1   1   1  -2  -1  -1   0   1  -1  -1   0   1   0   0   0  -3   1   1    4   4   7  10   4   0   3   3   3  11   5   3   3   7   5   7   4   0   4  13  0.05 0.11
   76 S     0   0   0  -2   2   1   0   0  -1   0   0   0   1   1  -2   0   0  -2   1   0    6   6   6   0   6   6   6   6   0   6   6   6   6   6   0   6   6   0   6   6  0.00 0.10
   77 K    -1   1   0  -3   0   1  -1  -1   1  -2  -2   4  -3  -1   0   0   0   2   0  -2    5   6   3   0   3   5   3   6   3   3   4  31   0   3   5   5   5   3   3   3  0.25 0.30
   78 P    -1  -1   0  -1   1   0  -1  -2   1  -1   0   0  -3  -1   5   0   0  -4   1  -1    4   3   4   3   3   3   4   3   4   4   9   6   0   3  26   5   5   0   6   5  0.31 0.27
   79 G    -2   0   0   0   1  -1  -1   4   1  -7  -3   0  -6  -1  -1   2  -1  -7   0  -2    4   6   5   5   3   3   4  28   3   0   3   5   0   3   4  13   4   0   3   3  0.40 0.30
   80 K    -1   0   0   0   2   0  -1  -1   2   0  -1   0   2   0   0  -1   0   3   1  -1    5   5   5   5   5   5   5   5   5   5   5   5   5   5   5   5   5   5   5   5  0.03 0.09
   81 R    -1   0   0   0  -3   0   0  -1   2   0  -1   0   1   0   0   0   0   3   1   0    5   5   5   5   0   5   5   5   5   5   5   5   5   5   5   5   5   5   5   5  0.06 0.08
   82 L    -1   0   0   0   2   0   0  -1   2   0  -1   0   2   1   0  -1   0   4   1  -1    5   5   5   5   5   5   5   5   5   5   5   5   5   5   5   5   5   5   5   5  0.09 0.08
   83 Y    -1   0   0   0  -3   0   0  -1   1   0  -1   0   1   0   0   0   0   3   1  -1    5   5   5   5   0   5   5   5   5   5   5   5   5   5   5   5   5   5   5   5  0.02 0.09
   84 I     0  -1  -2  -5   1  -1  -2  -3   0   0  -1   0   2   1  -2   0  -1   7   2   2    9   4   2   0   3   3   2   2   2   6   7   6   4   5   2   6   4  14   8  13  0.35 0.28
   85 T    -1   0   1   0   0   0   1   2   0  -2  -3   2  -1  -5   0   2   0  -5  -4  -1    3   4   6   4   2   4   8  15   2   2   2  14   2   0   4  14   7   0   0   5  0.22 0.23
   86 N     1   0   1  -2   1   0  -1  -2   2  -1  -2   1   0   0  -1   1  -1   2   2   0   10   6   6   2   3   3   3   2   4   3   3  11   2   3   3  10   4   3   9   8  0.11 0.15
   87 K    -2   3   3   2  -1   1   0  -2   1  -3  -4   3  -1  -3  -4   0  -1   0  -2  -4    4  15  11   9   1   6   5   3   3   2   2  18   1   1   1   7   4   1   2   1  0.43 0.33
   88 N    -2   0   1   3  -2   1   3  -2   1  -2   0   1  -2   0  -2  -2  -2  -5   2  -3    3   4   6  15   1   5  19   3   3   3   8   9   1   4   2   3   3   0   6   2  0.25 0.26
   89 L    -4  -7  -7  -7  -6  -3  -3  -4  -7   5   5  -3   2   0  -7  -7  -4   0  -2  -1    1   0   0   0   0   1   2   2   0  28  45   2   4   3   0   0   1   1   1   4  1.16 0.64
   90 Y    -4   1  -3  -4  -3  -3  -3  -4   1  -1  -3   2  -3  -2   7  -3  -4   1   0  -2    2   7   1   1   1   1   2   2   3   4   3  12   1   2  48   2   1   2   3   3  1.18 0.74
   91 Q     1   4  -1  -3  -6   1  -2  -4  -2  -4  -4   4  -1  -3   1   1  -2  -1  -2  -3   10  21   3   2   0   6   2   1   1   1   2  21   2   1   8  12   2   1   2   2  0.56 0.43
   92 K    -3   2   1  -4  -1   0  -3   0   0   2  -1  -1  -2  -1  -2  -1  -3  -2  -1   4    2  13   6   1   1   4   1   8   2   9   6   4   1   3   2   6   1   1   2  27  0.33 0.28
   93 K    -2   1   1   0  -2   2  -3   4  -2  -3  -1   2   2  -3  -3  -1  -3  -6  -3  -3    3   7   7   5   1   8   2  31   1   2   6  11   4   1   2   5   2   0   1   2  0.46 0.35
   94 S    -2   0   2  -3  -3  -2  -3   0   0  -2   1   0   2   3  -2   1   0   0   0  -1    2   6  11   1   1   1   1   9   2   2  15   5   5  14   2   9   5   1   3   4  0.22 0.22
   95 G    -5  -5  -3  -3  -8  -5  -3   7  -3  -6  -6  -4  -3  -8  -5  -1  -4  -3  -4  -6    1   1   2   2   0   1   2  78   1   1   1   2   1   0   1   5   2   1   1   1  2.04 1.05
   96 F    -4  -3  -3  -4   1  -6  -4  -7   1   5   3  -4   3   3  -7  -4   0  -6   1   0    1   1   1   1   2   0   1   0   3  29  23   1   6  10   0   1   5   0   5   7  0.81 0.47
   97 Y     2  -3  -3  -4   0  -3  -4  -1  -3   2   2  -3   1   1  -4   0   0   1   1   1   17   2   1   1   2   1   1   5   1  11  19   1   4   5   1   7   7   2   5  10  0.27 0.22
   98 I    -5  -8  -8  -8  -7  -7  -8  -8  -8   7   0  -7  -2   1  -7  -7  -6  -7  -3   4    1   0   0   0   0   0   0   0   0  56   8   0   1   5   0   0   0   0   1  24  1.88 0.84
   99 I    -6  -7  -7  -7  -2  -7  -7  -8  -3   5   4  -7   1   0  -7  -7  -6  -7  -3   4    0   0   0   0   1   0   0   0   1  24  37   0   3   4   0   0   0   0   1  26  1.33 0.65
  100 S    -4  -1  -3  -4  -6  -2  -5  -5  -3  -7  -7  -6  -7  -5  -5   7   3  -7  -7  -5    1   3   1   1   0   2   1   1   1   0   0   0   0   1   1  68  17   0   0   1  1.80 0.94
  101 T    -3  -3  -6  -7  -2  -7  -7  -7  -7  -7  -7  -7  -7  -7  -7  -3   8  -8  -7  -6    3   2   0   0   1   0   0   0   0   0   0   0   0   0   0   2  89   0   0   0  2.82 1.25
  102 S    -4  -4   2   0  -2  -4  -5  -5  -2  -7  -7  -1  -6  -7   5   6  -1  -7  -7  -5    1   1   8   6   1   1   0   1   1   0   0   4   0   0  23  48   3   0   0   1  1.33 0.75
  103 I    -1   2   0  -3  -2   3  -1  -4   1  -3  -3   6  -3  -2  -6  -1  -4  -6   1  -5    5  10   4   2   1  12   4   1   3   2   3  40   1   2   0   4   1   0   4   1  0.83 0.49
  104 G    -6  -7  -2  -6  -7  -7  -3   8  -7  -8  -8  -7  -7  -8  -7  -4  -7  -7  -8  -8    0   0   2   0   0   0   2  91   0   0   0   0   0   0   0   2   0   0   0   0  2.66 1.07
  105 I    -5  -5  -7  -7  -5  -6  -4  -7  -7   6   2  -6   0  -2  -6  -6  -4   1  -3   5    0   1   0   0   0   0   1   0   0  37  20   0   2   1   0   0   1   2   1  31  1.34 0.58
  106 L    -5  -6  -5  -7  -3  -4  -6  -7  -6   2   4  -2   9  -2  -7  -6  -4  -6  -3  -1    1   0   1   0   1   1   0   0   0   9  29   3  47   1   0   0   1   0   1   4  1.88 0.79
  107 T    -2  -4  -1   2  -4  -5   1  -4  -4  -5  -5  -4  -6  -5  -3   3   6  -7  -5  -4    3   1   3  10   0   0   9   1   0   1   1   1   0   0   2  23  43   0   0   1  1.10 0.63
  108 N     0  -4   1   5  -3  -2  -2   2   6  -1  -3  -4  -4  -6  -5  -1  -2  -6  -4  -3    8   0   5  30   1   2   2  17  16   4   4   1   0   0   0   5   2   0   0   2  0.78 0.45
  109 L    -2   5   0  -1  -6   0   1  -4   2  -3  -3   4  -2  -2  -4  -1  -2  -2   0  -2    3  26   5   3   0   4  10   1   5   1   2  22   1   2   1   5   3   1   3   2  0.57 0.36
  110 Q    -3  -3  -2   2  -7   2   6  -5  -2  -5  -5   1  -2  -6  -6  -2  -1  -7  -4  -4    2   1   2  12   0   9  52   1   1   1   2   8   1   0   0   3   4   0   1   1  1.18 0.65
  111 A     7  -7  -7  -7   5  -7  -7  -6  -7  -5  -6  -7  -7  -8  -5  -2  -4  -8  -7  -4   83   0   0   0   9   0   0   0   0   1   1   0   0   0   1   3   1   0   0   1  2.26 1.02
  112 K    -3   6  -4  -6  -4  -1  -3  -6  -2   2   0   4  -2  -4  -6  -4  -4  -1  -1   0    2  38   1   0   0   2   1   0   1  10   8  24   1   1   0   1   1   1   3   6  0.99 0.54
  113 K    -1   3  -1  -2  -7   2   2  -5  -3  -4  -2   5  -3  -3  -5   0  -3  -7  -3  -4    5  13   2   2   0   8  13   1   0   1   5  39   0   1   0   6   2   0   1   1  0.81 0.49
  114 L    -1   2   0  -3  -6   2   1  -3  -2  -3   2   4   0  -2  -5   0  -3  -6  -1  -4    6   9   5   1   0  10   7   1   1   1  19  27   2   1   0   6   1   0   2   1  0.43 0.35
  115 N    -4   2   5  -4  -1   1  -3   3   3  -8  -6   4  -4  -7  -6  -2  -5  -7  -4  -7    1  10  22   1   1   6   1  22   6   0   0  27   1   0   0   2   0   0   0   0  1.03 0.59
  116 V    -3  -5  -7  -7  -3  -3  -4  -7  -2   4   3  -3  -2  -4  -7  -4   0  -4  -4   4    2   0   0   0   0   1   1   0   1  23  30   2   0   0   0   1   7   0   0  30  0.97 0.52
  117 G    -4  -8  -6  -2  -3  -8  -8   8  -8 -10 -10  -7  -9  -9  -5  -3  -5  -9  -9  -9    1   0   0   3   1   0   0  92   0   0   0   0   0   0   1   2   1   0   0   0  2.69 1.09
  118 G    -6  -4  -6  -7  -9  -8  -8   8  -8 -10 -10  -8  -9  -9  -8  -6  -8  -9  -9  -9    0   1   0   0   0   0   0  99   0   0   0   0   0   0   0   0   0   0   0   0  3.04 1.17
  119 E    -5  -1  -4  -4  -3  -1   7  -7  -3  -2  -4   2   0  -4  -7  -4  -5  -8  -7  -4    1   3   1   0   1   2  72   0   0   3   2  10   3   1   0   1   1   0   0   1  1.79 0.86
  120 L     0  -6  -7  -7  -4  -5  -6  -7  -4   4   3  -5  -1  -1  -3  -5  -4  -6  -2   5    8   0   0   0   0   0   0   0   0  21  30   0   1   2   2   0   0   0   1  33  1.00 0.51
  121 I    -6  -7  -8  -8  -6  -7  -8  -8  -8   5   6  -7   0  -2  -3  -7  -6  -7  -6   0    0   0   0   0   0   0   0   0   0  29  60   0   2   2   2   0   0   0   0   6  1.61 0.71
  122 C     2  -3  -7  -8  10  -7  -7   0  -7  -4  -1  -7  -2   5  -7  -5  -5  -6  -3  -3   16   2   0   0  46   0   0   7   0   1   5   0   1  19   0   0   0   0   0   2  1.87 0.78
  123 K    -3   2  -2  -4  -3   0   3  -4   2  -2  -3   1  -2   0  -5   0   0  -3   5  -3    2  13   2   0   1   4  17   1   5   2   3   9   1   4   0   8   5   0  22   2  0.53 0.37
  124 I    -4  -8  -8  -8  -6  -7  -8  -8  -8   6  -2  -7  -1  -2  -7  -7  -5  -7  -6   6    1   0   0   0   0   0   0   0   0  44   2   0   1   2   0   0   0   0   0  50  1.92 0.77
  125 F    -8  -8  -9  -9  -8  -7  -8  -8  -6  -7  -7  -8  -7   4  -9  -8  -8  12   6  -8    0   0   0   0   0   0   0   0   0   0   0   0   0  15   0   0   0  58  27   0  3.53 1.12

                      K         Lambda
Standard Ungapped    0.1353     0.3177
Standard Gapped      0.0548     0.2670
PSI Ungapped         0.1791     0.3171
PSI Gapped           0.0548     0.2670
