
Last position-specific scoring matrix computed, weighted observed percentages rounded down, information per position, and relative weight of gapless real matches to pseudocounts
            A   R   N   D   C   Q   E   G   H   I   L   K   M   F   P   S   T   W   Y   V   A   R   N   D   C   Q   E   G   H   I   L   K   M   F   P   S   T   W   Y   V
    1 M    -1  -1  -2  -3  -1   0  -2  -3  -2   1   2  -1   6   0  -3  -2  -1  -1  -1   1    0   0   0   0   0   0   0   0   0   0   0   0 100   0   0   0   0   0   0   0  0.33 0.00
    2 R    -1   6   0  -2  -4   1   0  -2   0  -3  -2   2  -1  -3  -2  -1  -1  -3  -2  -3    0 100   0   0   0   0   0   0   0   0   0   0   0   0   0   0   0   0   0   0  0.74 0.00
    3 M    -1  -1  -2  -3  -1   0  -2  -3  -2   1   2  -1   6   0  -3  -2  -1  -1  -1   1    0   0   0   0   0   0   0   0   0   0   0   0 100   0   0   0   0   0   0   0  0.33 0.00
    4 T     0  -1   0  -1  -1  -1  -1  -2  -2  -1  -1  -1  -1  -2  -1   1   5  -3  -2   0    0   0   0   0   0   0   0   0   0   0   0   0   0   0   0   0 100   0   0   0  0.46 0.00
    5 V     0  -3  -3  -3  -1  -2  -3  -3  -3   3   1  -2   1  -1  -2  -2   0  -3  -1   4    0   0   0   0   0   0   0   0   0   0   0   0   0   0   0   0   0   0   0 100  0.34 0.00
    6 M    -1  -1  -2  -3  -1   0  -2  -3  -2   1   2  -1   6   0  -3  -2  -1  -1  -1   1    0   0   0   0   0   0   0   0   0   0   0   0 100   0   0   0   0   0   0   0  0.33 0.00
    7 S     1  -1   0  -1  -1   0   0  -1  -1  -2  -2   0  -1  -2  -1   3   3  -3  -2  -1    0   0   0   0   0   0   0   0   0   0   0   0   0   0   0  65  35   0   0   0  0.41 0.01
    8 T     0  -1   3   0  -2  -1  -1  -1  -1  -2  -2  -1  -1   2  -2   3   2  -2   0  -1    0   0  21   0   0   0   0   0   0   0   0   0   0  17   0  42  21   0   0   0  0.27 0.04
    9 T     1  -1  -1   0  -2   0   2  -1  -1  -2  -2   0  -2  -3   4   2   2  -3  -2  -1   17   0   0   0   0   0  21   0   0   0   0   0   0   0  21  21  21   0   0   0  0.41 0.03
   10 I    -1  -3  -3  -3  -1  -2  -3  -3  -3   4   1  -2   1  -1  -3  -1   1  -3  -2   3    0   0   0   0   0   0   0   0   0  62   0   0   0   0   0   0  17   0   0  21  0.34 0.04
   11 S     3  -2  -1  -2  -1  -1  -1   2  -2   1  -1  -1  -1  -2  -1   1   1  -3  -2   0   43   0   0   0   0   0   0  15   0  15   0   0   0   0   0  15  12   0   0   0  0.24 0.05
   12 T     0  -2  -1  -2  -2  -2  -2   3  -2  -2  -2  -1  -2  -3  -2   0   4  -3  -3  -1    0   0   0   0   0   0   0  37   0   0   0   0   0   0   0   0  63   0   0   0  0.58 0.11
   13 A     2  -1  -2  -2  -1  -1  -1  -1   2   1   0   0   0  -2  -2   0  -1  -3  -1   1   40   0   0   0   0   0   0   0  12  14  10  11   0   0   0   0   0   0   0  13  0.14 0.05
   14 P    -1  -2  -2  -2  -3   1  -1   0  -2  -3  -3  -1  -3  -4   7  -1   1  -4  -3  -3    0   0   0   0   0  12   0  10   0   0   0   0   0   0  67   0  11   0   0   0  1.34 0.14
   15 S     2   1   0   1  -2  -1  -1  -1   2  -2   0  -1  -1  -2  -2   2   1  -3  -1  -1   22  10   0   8   0   0   0   0   9   0  10   0   0   0   0  30  11   0   0   0  0.19 0.06
   16 G     0  -2   2  -1  -2  -1  -1   3  -2  -3  -3  -1  -2  -3   1   2   2  -3  -3  -2    0   0  12   0   0   0   0  30   0   0   0   0   0   0   8  31  20   0   0   0  0.42 0.08
   17 A     2  -2  -1   1  -1  -1  -1   1  -2  -1   0  -1  -1  -2  -2   1   3  -3  -2  -1   28   0   0  10   0   0   0  11   0   0  12   0   0   0   0   8  32   0   0   0  0.22 0.07
   18 A     0  -1   1   1  -2   1   1   0  -1  -1  -1   1  -1   1  -2   0  -1  -2  -1   0   10   0  12  11   0  11  12   8   0   0   8  10   0   9   0   0   0   0   0  10  0.09 0.03
   19 L     1  -2  -2  -3  -1  -2  -2  -2  -3   1   2  -2   1   1  -2  -1   1  -2  -1   2   24   0   0   0   0   0   0   0   0   0  31   0   0  10   0   0  12   0   0  23  0.19 0.06
   20 A     3   1  -1   1  -1  -1  -1  -1  -2  -2  -2   0  -1  -2   2   0   1  -3  -2  -1   50  11   1  12   0   1   1   1   0   1   1   1   0   0  10   1   8   0   0   1  0.27 0.07
   21 P     0   2   1  -1  -2   3   0  -1  -1  -2  -2   1  -1  -3   3   0   0  -3  -2  -2   11  12   8   1   0  22   1   1   0   1   1  11   0   0  20   1   8   0   0   1  0.35 0.05
   22 S    -1  -1   1  -1  -2  -1  -1   2  -1  -2  -1   1  -1  -2   4   1  -1  -3  -2  -2    1   0  12   0   0   0   1  18   0   0  12  12   0   0  29  11   1   0   0   1  0.42 0.06
   23 R     0   3   2  -1  -3   0  -1   3  -1  -3  -3   1  -2  -3  -2   0  -1  -3  -2  -3    7  31  19   0   0   0   0  27   0   0   1  10   0   0   0   1   0   0   0   1  0.38 0.08
   24 I     1  -2  -3  -3  -2  -2  -2  -3  -2   1   3  -2   1   0  -3   0  -1  -2   2   1   14   0   0   0   0   0   0   0   0   9  50   0   0   0   0   9   0   0  10   9  0.25 0.08
   25 D     0   1   2   3  -3   1   1   0  -1  -3  -3   1  -2  -3  -2   1   0  -3  -2  -2    6   9  10  27   0   9   7   8   0   0   0   9   0   0   0   9   6   0   0   0  0.31 0.06
   26 M     1  -1  -1   1  -2   0   1  -2  -2  -1   0  -1   1   1  -2   2   1  -2  -1  -1   14   0   0   9   0   0  14   0   0   0   8   0   8   8   0  30   8   0   0   0  0.17 0.08
   27 R     2   1   2  -1  -2   0  -1   0   2  -2  -2   2  -2  -3  -2   0   1  -3  -2   0   28   8  16   0   0   0   0   6   9   0   0  17   0   0   0   0   9   0   0   8  0.19 0.08
   28 A     3  -1  -2  -2  -2   1   1  -1  -2   1  -1   1  -1  -3   2   0   0  -3  -2   0   45   0   0   0   0   8   8   0   0  14   0   9   0   0   8   0   7   0   0   0  0.24 0.10
   29 P    -1  -3   0  -2  -4  -2   0  -1  -3  -4  -2   0  -3  -4   7  -2  -2  -5  -4  -3    4   0   4   0   0   0   5   5   0   0   3   6   0   0  73   0   0   0   0   0  1.59 0.31
   30 E     1   1  -1   1  -3   1   1   3  -2  -1  -2   0  -2  -3  -2   1  -1  -3  -3  -2   15   7   0   9   0   5  13  24   0   4   5   5   0   0   0  13   0   0   0   0  0.23 0.10
   31 P     3  -3  -3  -1  -3  -2  -2  -2  -3  -1  -2  -1  -2  -3   5  -1   0  -4   0  -1   31   0   0   4   0   0   0   0   0   5   3   3   0   0  39   0   8   0   4   3  0.73 0.24
   32 G     2  -1  -2  -2  -2   0  -2   2  -2   0   1   0  -1  -1   1  -1   0  -3  -2   0   23   4   0   0   0   4   0  19   0   3  18   4   0   3   8   0   8   0   0   7  0.15 0.11
   33 S     2  -2  -1   0  -2  -1   0  -2  -2   0  -2  -2  -2   0   0   3   2  -3   0  -1   27   0   0   3   0   0   7   0   0   7   0   0   0   4   3  28  17   0   4   0  0.30 0.20
   34 A     2  -1   3   1  -3  -1   1   2  -2  -3  -3   1  -2  -4   0   0   0  -4  -3  -1   25   0  18   7   0   0   8  18   0   0   0  10   0   0   3   4   4   0   0   4  0.29 0.16
   35 G     0  -1  -1  -2  -2   0  -1   2  -2  -1   0   1  -1   0  -2   2   1  -3  -2   0    7   0   0   0   0   3   3  19   0   0  11  10   0   6   0  22   9   0   0  10  0.15 0.13
   36 E     0   0   2   2  -3   3   2   0  -1  -3  -3   0  -2  -4  -2   1   1  -4  -3  -2    5   3  12  14   0  17  15   7   0   0   0   3   0   0   0  12   9   0   0   3  0.34 0.17
   37 G     1  -2   0   0  -3   1  -1   3  -2  -2   0  -2  -2  -3   0   1   2  -3  -3  -2   14   0   5   7   0   8   0  29   0   0  11   0   0   0   3   7  16   0   0   0  0.29 0.17
   38 A     3  -1   0  -2  -2   0  -2  -1  -2  -1   0   0  -1  -1  -1   0   2  -3   0   0   33   3   6   0   0   6   0   3   0   0  13   5   0   3   2   3  15   0   3   6  0.16 0.16
   39 G     1   0  -2  -2  -3   0  -1   3  -3  -2   0  -1  -2  -3   3  -1   1  -4  -3  -1   13   5   0   0   0   5   3  29   0   0  11   3   0   0  16   0  10   0   0   5  0.33 0.18
   40 I     1   0   0   1  -2   0   0  -1  -2  -1  -1   0  -1  -1   1   2   2  -3  -2   0   10   5   2   7   0   3   4   3   0   3   6   3   0   2   6  17  19   0   0  10  0.13 0.11
   41 L     0  -2  -2  -2  -2   0  -1   0  -3   2   2   0   1  -1  -3   0   0  -3  -2   1    9   0   0   0   0   6   4   8   0  14  31   5   3   0   0   6   5   0   0   8  0.14 0.13
   42 A     3  -1   0  -1  -2   1   0   0  -2  -2  -3   0  -2  -4   1   2   0  -4  -3   0   39   2   5   1   0   6   4   4   0   0   0   4   0   0   6  16   4   0   0   7  0.33 0.22
   43 P    -1   0   0   3  -3   3   1  -1   0  -1  -1   1  -2  -3   1   0   0  -4  -3  -2    2   5   3  21   0  17   7   3   2   6   7   9   0   0   8   3   6   0   0   0  0.25 0.16
   44 V     1  -1  -1  -2   1   1   0  -1   0   0  -1   0  -1  -2  -1   1   1   0  -1   2   15   0   2   0   3   8   4   2   2   2   5   7   0   0   2  16   8   1   2  20  0.11 0.13
   45 T     1   0   0   1  -3   1   0   0  -2  -2  -1   1  -2  -3   3   1   1  -3  -3  -1   12   4   4   9   0   8   2   7   0   1   6  10   0   0  15   8   9   0   0   3  0.21 0.12
   46 T     1  -1   1  -1  -2   1   1  -1  -2  -1  -1   1  -2  -1   2   1   2  -3  -1  -2   11   0   9   0   0   5   8   4   0   4   6   8   0   2  10   9  21   0   2   0  0.18 0.15
   47 L    -1  -2  -1   0  -2   0  -2  -1  -1   0   2   0   0  -1   1   1   2  -3  -2  -1    3   0   2   4   0   4   0   4   2   3  29   6   1   2   9  11  18   0   0   2  0.15 0.16
   48 A     2  -1  -2  -2  -2  -1   0   0  -1   0   0  -2   0  -2  -2   1   1  -3  -2   1   25   2   0   0   0   2   5   6   2   6  10   0   1   0   0  14  10   0   0  14  0.16 0.15
   49 L     0   0   1   0  -2   1   1  -1   2   0   0   0  -1  -1   1   0   1  -3  -1   0    6   4   8   6   0   5  10   2   8   6   8   5   0   2   6   9   8   0   0   7  0.08 0.07
   50 A     2   0  -2  -2  -2   1   1   1  -2  -1   0  -1   0  -1   0   1   0  -3  -2   0   28   4   0   0   0   7   8  10   0   2   9   2   2   2   4   9   7   0   0   4  0.15 0.13
   51 A     2  -2   3   0  -2   1  -1  -1  -2  -1   0  -1  -1  -3  -1   1   1  -3  -1   0   23   0  21   4   0   8   2   2   0   4  10   1   0   0   3   8   7   0   2   6  0.19 0.17
   52 G     1  -1  -1  -1  -3   0   1   3  -2  -1  -1   0   0  -3  -1   1   0  -3  -3   0   10   1   2   2   0   5   9  33   0   2   4   4   2   0   2   8   7   0   0   8  0.27 0.16
   53 R     2  -1   0   1  -3   1   1   0   0  -2  -3   0  -2  -3   1   1   0  -4  -3   0   22   2   3  10   0   7   9   8   2   0   0   6   0   0   8  13   3   0   0   8  0.22 0.15
   54 P     1  -2  -2   0  -4  -1  -1   0  -3  -3  -1  -2  -3  -4   6   0   0  -5  -4  -1   16   2   1   4   0   2   2   6   0   0   5   2   0   0  44   6   5   0   0   4  0.82 0.33
   55 A     1   0   1   0  -2   0  -1   1  -2  -2  -1  -1  -2   0   1   2   0   0  -2  -1   17   7   7   5   0   4   0   9   0   0   6   2   0   6   7  21   3   2   0   4  0.14 0.14
   56 L    -1   0   0   0  -2  -1  -2  -1  -3   0   2  -1  -1  -2   1   0   2  -3  -2   1    4   6   5   5   0   3   0   5   0   3  27   1   0   0   7   6  18   0   0  10  0.14 0.15
   57 P     1  -1  -1   1  -3   0  -2  -1  -3  -3  -2  -1  -3  -4   5   0   2  -5  -4  -1   11   3   2   9   0   4   0   4   0   0   2   2   0   0  38   7  12   0   0   5  0.68 0.31
   58 A     2  -1   0   0  -3   0   2   2   0  -3  -2  -1  -1  -3   0   1  -1  -4  -3  -1   22   3   5   4   0   2  14  17   2   0   3   2   1   0   3  14   2   0   0   5  0.23 0.17
   59 S     1   0   1   1  -2   0   0  -1  -1   0  -1  -1   0  -2   0   1   1  -3  -2   0   12   4   9  11   0   2   5   4   2   5   5   2   2   0   5   9  13   0   0  11  0.10 0.09
   60 P    -1  -1   1   0  -3  -1   0   1  -1  -2  -2   1  -1   0   4   0   0  -3   0  -2    5   3   6   6   0   0   4  11   1   2   3   9   2   5  24   6   7   0   3   2  0.29 0.16
   61 S     1   0   3   1  -2   0   0   0  -2  -2  -3   0  -2  -1   0   1   1  -3  -2  -1   12   3  16   9   0   3   3   8   0   1   1   5   0   3   5  15  10   0   0   6  0.19 0.15
   62 L     1   0  -1   0  -2   0  -1   0  -1   0  -1   0   0  -2   2   1   0  -3  -2   0   16   5   0   7   0   3   0   8   1   6   5   7   2   0   9  13   6   0   0  10  0.11 0.10
   63 R     0   2   2   0  -3   1  -1   0   0   0   0   0   1  -2  -1   1  -1  -3  -2   0    4  12  12   6   0   9   2   6   3   6   7   3   4   0   2  13   2   0   0   7  0.10 0.12
   64 T     1   0   1  -1  -3   0   0   3  -1  -3  -2   0  -1  -1   1   0  -1  -3   0  -1   10   4   6   2   0   4   6  30   1   0   3   4   2   3   7   7   3   0   3   5  0.22 0.15
   65 A     4  -2  -2  -2  -2   0  -1  -2  -1   0  -1  -1   1  -3   1   0   0  -4  -1   0   42   1   1   2   0   3   3   0   1   5   6   3   5   0   6   6   6   0   2   7  0.29 0.24
   66 P    -1  -4  -4  -4  -4  -2  -1  -1  -1  -3  -2  -1  -1  -5   7   0   0  -5  -4  -2    4   0   0   0   0   1   3   4   1   2   4   3   1   0  62   6   5   0   0   3  1.40 0.54
   67 V     1   1  -1   0  -2   1   1  -1  -2   0  -1  -1   0  -2   1   1   0  -1  -2   1   15   7   1   5   0   7   9   2   0   5   5   1   4   1   6  14   5   1   0  11  0.10 0.13
   68 L     0  -3  -3  -2  -3   0  -1  -3  -4   2   4  -1   0  -2  -2  -2  -2  -4  -3   1    7   0   1   1   0   4   3   1   0  12  52   4   0   0   1   2   2   0   0   9  0.46 0.31
   69 D     3  -1   0   3  -3   0   1  -1  -2  -3  -2  -2  -3  -2   1   1  -1  -4  -1  -2   27   3   2  22   0   4  11   4   0   1   3   0   0   1   8   9   2   0   2   1  0.34 0.25
   70 P     2   0  -1  -2  -3   0   0  -1  -2  -1   0   0  -1  -1   4   0   0   0  -1  -1   20   5   1   1   0   5   6   5   0   2   8   6   2   2  21   4   4   2   3   4  0.25 0.18
   71 P    -1  -2  -2  -2  -4  -1  -1  -1  -3  -2  -2  -1   0  -1   6   0   0   0  -2  -1    3   1   1   2   0   3   4   3   0   2   4   3   2   3  46   9   6   1   1   3  0.81 0.37
   72 V     1  -1  -2   0  -2   0  -1  -2  -1  -1   1   0   2  -1   2   1   1   2  -2   0   11   3   0   6   0   3   3   2   1   2  13   5   8   3  10  10   8   3   0   7  0.10 0.11
   73 R     0   1   0  -1  -2   0  -1   1   0  -1   0   0   0  -1   0   1   0   1   0  -1    5  10   4   2   0   4   2  12   3   4  11   7   4   2   5  10   8   2   2   2  0.05 0.06
   74 D     1  -1   3   2  -3   0   0   2  -2  -2  -2  -1  -1  -3  -1   1   0  -4  -3  -2   10   2  18  12   0   3   6  19   0   1   4   3   2   1   2  10   6   0   0   2  0.26 0.19
   75 L    -1  -2   0  -2  -3  -1  -2  -1   0   1   2   0   3   2  -2  -1  -1  -2   0   0    3   1   5   2   0   3   0   5   3   8  22   6  14  12   2   4   3   0   2   5  0.16 0.16
   76 S     0  -2   1   5  -4  -2  -1  -1  -3  -3  -3  -1  -4  -4  -2   4   0  -5  -4  -4    6   2   6  32   0   0   1   5   0   1   3   2   0   0   1  34   6   0   0   0  0.68 0.41
   77 P     1  -2  -1  -1  -2  -2  -1   0  -1   1   1  -1   3   0   3   0   0  -3  -2   0   12   0   2   2   0   1   2   6   2   8  12   3  10   6  14   6   7   0   0   7  0.16 0.15
   78 A     1  -2   0   3  -3   1   2   0  -2  -1  -2  -1   1  -3  -3   1   1  -4  -3   0   12   0   3  16   0   6  19   8   0   2   3   1   6   0   0   9   8   0   0   6  0.24 0.21
   79 D     1  -2  -1   5  -4   0   2  -2  -3  -2  -2  -2  -3  -2  -3   1   0  -5  -2  -1   12   1   1  35   0   4  13   1   0   2   4   1   0   2   0  14   4   0   1   3  0.50 0.33
   80 L     0  -3  -3  -4  -3  -3  -4  -4  -4   1   4  -3   3   2  -5  -3  -2  -4  -1   0    9   1   1   1   0   1   0   1   0   8  51   0   9   9   0   1   2   0   1   5  0.66 0.38
   81 A     2  -3   0  -2  -1   0   2  -3  -3   1   1  -2   4  -2  -3  -1   1  -4  -2   1   18   0   4   1   1   3  14   1   0   7  10   0  17   1   0   2   9   0   1  11  0.28 0.27
   82 D     2   0  -1  -1  -2  -1  -1  -1  -3   1   1  -2   2  -1  -2   0   1  -3   0   0   22   5   2   3   0   2   3   3   0   8  18   0   6   2   1   7   8   0   3   6  0.12 0.16
   83 L     1   1  -2  -3  -3   0   1  -4  -3   0   3  -1   3  -2  -4  -1  -1  -4  -2  -1   16   9   1   0   0   4  10   0   0   5  30   4  11   1   0   2   3   0   1   3  0.29 0.27
   84 L    -3  -3  -5  -5  -4  -4  -5  -5  -2   3   4  -4   4   1  -5  -2  -2  -4  -3   1    1   1   0   0   0   0   0   0   1  14  52   0  11   5   0   4   2   0   0  10  0.85 0.44
   85 R     1   0   1   0  -3   2  -1   1   1  -2   0   0   1  -2  -3   1   1  -3  -2  -2   14   5   5   5   0  12   2  12   3   2  10   3   4   1   0  10   8   0   1   1  0.12 0.15
   86 V     1  -1  -2  -1  -3   2   2  -1  -2  -1   1   1   0  -1  -3   1   0  -4  -3   0   16   2   1   1   0  10  19   3   0   1  13   9   2   2   0  10   5   0   0   5  0.19 0.21
   87 L    -1  -2  -5  -5  -3  -3  -3  -5  -5   3   4  -4   3   0  -5  -3  -2  -1  -3   2    4   2   0   0   0   1   1   0   0  14  50   0   9   3   0   1   2   1   0  13  0.77 0.41
   88 R    -1   2  -1  -2  -3   3  -1  -2  -2   1   0   1   3  -1  -3   0   1  -4  -2  -1    5  11   3   1   0  20   1   1   0  11   7  10   9   2   0   6  11   0   1   1  0.27 0.27
   89 S     1  -1   2   1  -3   0   1   1  -2  -2  -2   0   0  -3  -3   2   1  -4  -2  -1   12   1  10   7   0   4   8  11   0   2   2   5   3   1   0  18  11   0   1   3  0.20 0.19
   90 R     0   1  -1   0  -4   1   2  -3  -1  -3  -1   4   2  -4  -3   0   0  -5  -4  -3    6   4   2   4   0   7  13   1   1   1   5  37   6   0   0   5   6   0   0   1  0.47 0.34
   91 A     0  -3   1  -2  -3   0  -2  -2  -3   1   2  -3   3   0  -3   1   1  -1  -2   1    5   0   7   1   0   6   2   1   0   6  27   0   9   4   0  12   9   1   0  10  0.23 0.23
   92 V     1   0   2   0  -3   2   0   1  -2  -2  -2   0   0  -1  -3   1   1  -3  -1  -2   11   5  13   3   0  10   3  11   0   2   2   5   3   3   0  14  10   0   1   2  0.18 0.18
   93 D    -1   0   2   4  -4   1   3  -1  -2  -4  -1   0  -1  -4  -3   0   0  -5  -4  -2    3   6  10  23   0   7  24   3   0   0   6   4   1   0   0   7   4   0   0   3  0.44 0.30
   94 G     1  -1   1   1  -3   1   2  -1  -2  -1   0  -1   0  -3  -2   0   1  -4  -3  -1   16   2   9   6   0   7  15   2   0   3  13   1   3   0   1   5  12   0   0   4  0.16 0.18
   95 Q    -1   2   0  -1  -1   5   1  -2  -2  -2  -1   1   2  -4  -4   0  -1  -4  -4  -3    4  12   5   2   1  34   8   2   0   2   6   6   7   0   0   5   2   0   0   1  0.52 0.38
   96 L     0  -2   0  -1  -3   0   0  -2  -3   1   2  -1   2  -1  -3   0   0  -3  -2   0    9   0   5   2   0   6   5   1   0  10  26   4   8   1   0   8   6   0   1   6  0.15 0.17
   97 A     1   1   2   0  -4   1   2  -1  -2  -2  -3   3  -3  -4  -3   1  -1  -4  -2  -1   12   8   9   5   0   6  12   4   0   2   1  26   0   0   0  10   1   0   1   4  0.33 0.26
   98 T     1  -1   0  -1  -1  -2  -1  -1  -1   0   0  -1  -1   0  -1   2   2  -4  -2   0   15   3   5   3   1   0   4   3   1   4   8   2   1   5   2  21  17   0   0   6  0.16 0.19
   99 A     3  -2   0   0  -3   1  -1   1  -2  -2  -1   0   0  -4  -3   2   1  -4  -3  -2   28   1   4   5   0   6   3  12   1   1   5   5   3   0   0  17   8   0   0   1  0.29 0.26
  100 R     0   1   0  -1  -3   2   1  -3  -2   0   0   3   0  -3  -3   0  -1  -4  -3   0    7   8   3   1   0  12  11   0   0   5  10  23   2   0   0   9   2   0   0   6  0.25 0.22
  101 E     0  -1   2   1  -4   2   4  -3  -2  -3  -3   1  -3  -4  -3   0   1  -5  -2  -2   10   2   9   5   0   9  35   0   0   1   2   8   0   0   0   6   9   0   1   2  0.51 0.35
  102 N    -1   1   1   3  -3   1   1   0  -2  -2  -1   1  -1  -2  -3   1   0  -4  -3  -2    4   8   7  18   0   5  11   7   0   1   9  11   1   1   0   9   5   0   0   2  0.21 0.17
  103 L    -1  -3  -3  -3  -3  -1  -2  -4  -4   5   2   0   3   0  -4  -2  -1  -4  -1   2    6   0   1   1   0   2   2   0   0  37  17   7   8   2   0   2   3   0   2  10  0.49 0.32
  104 Q    -1   1   0   1  -2   3   3  -2   1  -3  -2   3  -1  -4  -3  -1  -1  -5  -3  -3    3   8   5   9   1  16  17   2   3   1   3  26   1   0   0   1   2   0   0   1  0.49 0.33
  105 D     0   0   2   0  -3   1   0  -1   0   0   0   0  -1   0  -2   0   1  -3  -1   0   11   5  12   4   0   7   6   4   3   5   9   7   1   4   0   3   9   0   1   9  0.06 0.10
  106 A     1   1   2   1  -3   1   0  -2  -2  -1   0   0   2   0  -3   1   1  -2  -2  -1   13   8  12   7   0   6   4   1   0   3   9   5   7   4   0  10   9   1   0   2  0.13 0.16
  107 Q     0   2   0   0  -4   3   0  -1  -1  -2  -1   2   1  -3  -3   0  -1  -4  -3  -2    9  13   3   4   0  17   6   5   1   2   7  16   6   1   0   7   2   0   0   2  0.26 0.23
  108 V     1   0   0   1  -3   2   3  -2  -2  -1  -1   1  -1  -4  -3   0   1  -4  -3  -1   11   3   5   9   0  10  19   1   0   4   5  11   2   0   0   3  11   0   0   4  0.24 0.22
  109 K     1   1  -1   1  -2   3   2  -2  -2  -2  -1   2   0  -4  -3   0   0  -4  -3  -1   10   7   2   8   1  19  12   1   0   2   7  13   3   0   0   7   4   0   0   3  0.27 0.24
  110 A     0   2   1  -2  -3   2  -1  -2  -1   0  -1   2   2  -1  -3   0   0  -4  -1  -1    9  14  10   0   0  12   2   1   1   8   5  14   7   2   0   6   5   0   2   4  0.20 0.21
  111 K     0   1   0   1  -3   4   3  -4   0  -2  -4   3  -1  -5  -3  -2  -2  -5  -4  -3    7   8   4   7   1  18  24   0   2   3   1  22   2   0   0   0   1   0   0   1  0.60 0.39
  112 Q     1   1  -1   1  -4   3   2  -2  -2  -1  -1   2  -2  -4  -3   1   0  -4  -3  -2   17   6   2   6   0  13  18   1   0   3   5  13   1   0   0   8   4   0   0   2  0.30 0.25
  113 N     1   1   1   1  -3   2   1  -3   0  -1   0   1   1  -2  -3   0  -1  -3  -1  -2   15   7   8   8   0  13   8   0   2   4   9  10   5   1   0   5   3   0   1   1  0.16 0.17
  114 T     1   0   2  -1  -3   1   0  -3   4   0  -1  -1   3   0  -3   0   0  -4  -1  -1   11   4  13   1   0   8   7   0  14   5   4   3  11   5   0   6   4   0   1   4  0.25 0.24
  115 Q     1   0  -1   1  -4   3   4  -3  -3  -4  -2   3  -2  -5  -3  -2  -1  -5  -4  -2   13   4   3   6   0  13  29   1   0   0   4  19   1   0   0   1   3   0   0   3  0.51 0.36
  116 A     0   1   0   1  -4   1   3  -2   0  -3  -2   3  -2  -3  -3   0  -1  -4  -2  -2    8   6   4   7   0   5  27   1   2   1   3  25   1   1   0   4   2   0   1   2  0.44 0.31
  117 Q     0   3   2  -1  -1   3   0  -3  -2  -1  -1   2   0  -4  -3   0   0  -4  -3  -1   10  16  12   2   1  17   2   0   0   4   5  15   3   0   0   6   4   0   0   3  0.33 0.27
  118 L     1   0  -1  -1  -3   2   1  -2  -3   2   1  -1   3  -2  -3   0  -2  -4  -3   0   13   5   2   3   0  12   9   2   0  15  17   3  10   1   0   6   0   0   0   2  0.20 0.23
  119 D     0   0   0   3  -5   2   3  -3  -2  -4  -3   3  -3  -5  -3  -1  -1  -5  -4  -4    8   5   4  16   0  11  25   1   0   1   2  21   0   0   0   3   4   0   0   0  0.57 0.35
  120 K     1   0  -1   0  -5   2   2  -4  -2  -4  -3   5  -1  -3  -3   0  -2  -5  -2  -4   10   2   2   4   0   9  11   0   1   0   2  48   1   1   0   6   1   0   2   0  0.74 0.44
  121 L    -1  -1  -2  -3  -1  -1  -2  -4  -2   4   2  -2   3   0  -4  -1  -2  -3   2   0    4   4   1   1   1   4   3   0   1  32  22   1  11   2   0   4   1   0   7   2  0.43 0.30
  122 D     0   0   0   1  -5   3   4  -2  -3  -2  -3   4  -1  -5  -3  -2  -1  -5  -4  -2    8   2   5   7   0  12  27   2   0   2   3  27   1   0   0   0   2   0   0   3  0.56 0.37
  123 A    -1  -2  -3   3  -6  -1   6  -4  -3  -5  -5   3  -5  -6  -4  -3  -2  -6  -5  -4    6   1   0  16   0   1  56   0   0   0   0  16   0   0   0   0   2   0   0   1  1.23 0.61
  124 W     3   0  -1  -3  -3   2   0  -3  -3  -2  -2   0   1   0  -3   2  -2   3   1  -2   32   4   2   0   0  13   6   0   0   2   2   5   4   3   0  15   1   5   4   2  0.38 0.32
  125 F     1  -1  -2  -2  -3   1   2  -3   1   3   0   0   1  -2  -3  -1  -1  -2  -2   1   16   4   1   1   0   5  14   0   3  22   7   4   5   1   0   3   2   1   1   9  0.20 0.21
  126 R     0   2   0   1  -5   2   4  -3  -3  -5  -5   4  -4  -5  -3  -2  -3  -5  -4  -4   10  12   3   8   0   8  30   1   0   0   0  27   0   0   0   1   0   0   0   0  0.77 0.44
  127 K     2   1  -1  -1  -4   1   1  -3   0  -2  -3   5  -3  -3  -3  -1  -3  -5  -2  -3   20   5   3   2   0   6   6   0   2   2   1  45   0   1   0   4   0   0   1   1  0.69 0.43
  128 A     3  -1  -2  -2   1   1   1  -1   0   0   0  -1   4  -3  -3   0  -1  -4  -2  -1   33   3   1   1   3   8   8   3   2   4   8   2  12   0   0   6   2   0   1   3  0.28 0.27
  129 E     2   1  -2   1  -5   2   4  -3   0  -5  -5   3  -4  -5  -3  -1  -3  -5  -4  -3   17   6   1   5   0   8  34   1   2   0   0  21   0   0   0   2   0   0   0   2  0.70 0.43
  130 D     0  -1  -1   1  -5   1   5  -4  -3  -5  -3   4  -2  -5  -4  -1  -2  -5  -4  -4    9   1   2   8   0   6  42   0   0   0   2  25   1   0   0   3   1   0   0   0  0.86 0.48
  131 A     5  -2  -2  -3  -2   1   0  -2  -3  -2  -1  -2   2  -4  -3   1  -2  -4  -4  -1   56   1   2   0   1   7   6   1   0   1   5   1   5   0   0   8   1   0   0   4  0.69 0.44
  132 E     1   1  -1   0  -4   3   2  -1  -1  -4  -3   4  -3  -4  -3   0  -2  -4  -4  -3   13   7   2   4   0  17  16   4   1   0   2  27   0   0   0   5   0   0   0   1  0.52 0.34
  133 S     1  -1   0  -1  -4   0   1  -3  -1  -2  -4   5  -3  -3  -3   0   0  -5  -4  -3   15   1   4   2   0   3   8   0   1   2   1  50   0   1   0   4   5   0   0   2  0.74 0.44
  134 K     3   0  -1  -2  -3   1  -2   0  -2  -3  -1   2   2  -3  -2   2  -1  -4  -3  -1   26   3   3   0   0   6   0   7   0   0   4  18   7   0   1  17   3   0   0   3  0.30 0.26
  135 G     1  -1   1   0  -3   1   0   4  -3  -4  -4   0  -3  -4  -3   1  -2  -4  -3  -3   13   4   6   4   0   6   7  38   0   0   1   4   0   0   1  13   1   0   0   1  0.55 0.30
  136 W    -1   0  -1  -2   3  -1   1  -1  -1   1   0   2   0   0  -3  -1  -1   3  -2   1    3   4   3   0   9   1   9   4   1   7  11  15   3   5   0   4   3   6   0  12  0.13 0.14
  137 L     1  -1  -1  -1  -2  -1  -2  -2  -2   1   1  -1   0   3  -2  -2  -2   5   0   1   16   3   2   3   0   2   2   2   0  11  13   4   2  16   1   1   1   8   3   9  0.22 0.17
  138 S     1  -2   1  -1  -3   0  -1   4  -3  -3  -1   0   2  -2  -3   2  -2  -4  -3  -2   11   0   8   2   0   3   3  31   0   0   7   5   6   1   0  18   0   0   0   2  0.38 0.26
  139 K     0   2  -1  -2  -4   0  -1   1  -3  -4  -4   5   0  -4  -1   0  -2  -4  -4  -4    6  10   2   1   0   4   3  11   0   0   1  51   2   0   2   5   2   0   0   0  0.77 0.42
  140 V     0  -4  -4  -4  -3  -4  -3  -5  -2   6   0  -1  -2   0  -3  -3   1  -4  -3   3    8   0   0   0   0   0   1   0   1  49   4   4   0   5   1   0   7   0   0  18  0.79 0.42
  141 F    -1  -3  -3  -5  -2  -2  -5  -2  -4   0   2  -4   4   7  -5  -2  -2   2  -1  -3    5   1   1   0   1   2   0   3   0   3  17   0  11  47   0   3   1   2   0   0  0.99 0.49
  142 G    -1  -3  -1   0  -4  -2  -2   6  -4  -5  -5   1  -4  -3  -4   1  -1  -5  -3  -5    3   0   3   5   0   1   2  60   0   0   0   8   0   1   0  11   3   0   1   0  1.04 0.49
  143 W    -4  -5  -6  -6   5  -5  -5  -6  -3   0  -2   0  -4   1  -6  -5  -4  11   1  -1    1   0   0   0  11   0   0   0   1   5   4   5   0   6   0   0   1  56   4   4  2.36 0.83
  144 I     0  -4  -4  -5  -1  -4  -4  -4  -4   5   2  -4   0   2  -4  -4  -3  -1  -3   3    8   0   0   0   1   0   0   0   0  44  15   0   1   8   0   0   0   1   0  18  0.79 0.39
  145 G     2  -2  -1  -3  -3  -1  -2   3  -3   0  -2  -1   0  -2  -3   2   1  -3  -3  -2   19   1   2   0   0   2   1  29   0   7   3   3   3   2   0  17   7   0   0   1  0.37 0.26
  146 K     2  -1   0  -1  -3  -1   0  -2  -2  -1  -1   4   0  -2  -2   0   1  -3  -2  -1   24   0   4   2   0   2   4   2   0   4   5  30   2   1   1   4  10   0   1   4  0.30 0.26
  147 V     2  -3  -2  -4   1  -3  -3   0  -2   4   0  -3  -1  -1  -3  -2  -1  -1  -3   3   17   1   1   1   3   0   1   8   1  30   6   1   0   2   1   1   3   1   0  23  0.44 0.28
  148 L     2  -3  -4  -4  -2  -3  -3  -2  -3   1   3  -3   0   3  -3  -2  -2  -3  -2   2   22   1   0   1   0   0   1   2   0   9  31   1   1  12   1   1   1   0   0  16  0.45 0.28
  149 A     2  -2  -1  -2  -3   0  -2   2  -3  -3  -2  -1   0  -3  -2   3   2  -3  -3  -2   19   1   2   1   0   4   1  19   0   1   4   3   3   0   1  27  14   0   0   1  0.42 0.29
  150 V     2  -2  -3  -3  -2  -2  -2  -1  -1   1   0  -1   0   1   0  -1   0   3   0   2   24   2   0   1   0   1   1   3   1  10   8   4   2   6   4   2   4   5   3  19  0.20 0.18
  151 V     1  -3  -4  -4  -3  -3  -3  -4  -4   4   1  -3  -1  -1  -3  -3  -1  -3   0   4   11   1   1   1   0   1   1   1   0  30  12   1   0   2   1   1   2   0   3  32  0.63 0.33
  152 A     3  -3  -3  -3  -2  -3  -3   2  -3   1   1  -3   1   0  -3  -1  -1  -3  -2   2   29   1   0   1   0   0   1  18   0   8  11   1   5   5   1   2   2   0   0  16  0.33 0.24
  153 S     3  -3  -2  -3  -1  -2  -2   2  -3  -1  -1  -2   0  -3  -1   2   2  -3  -2  -1   33   0   0   0   1   0   1  15   0   3   7   1   2   0   3  17  12   0   2   3  0.38 0.28
  154 A     3  -3  -3  -3  -2  -3  -3   0  -3   1   0  -2  -1   0  -1  -1  -1  -3   1   3   32   0   0   0   0   0   1   6   0  10   8   2   0   4   2   2   3   0   5  23  0.34 0.26
  155 L     2  -3  -4  -4  -1  -3  -3  -2  -4   3   1  -3   0   1  -3  -2  -2  -3  -2   4   18   1   0   1   1   0   1   3   0  20  11   1   2   8   1   1   1   0   0  31  0.48 0.29
  156 A     2  -3  -2  -3   0  -2  -3   2  -3  -1   0  -2   3  -1  -3   1   1  -3  -3   1   24   1   0   1   2   0   1  15   0   3  10   1  12   2   1   8  10   0   0   8  0.28 0.23
  157 V     2  -3  -3  -3   0  -2  -3  -1  -3   2   1  -3   1   0  -3  -1   1  -3  -1   3   17   0   0   0   2   2   1   6   0  14  10   0   4   4   0   2  11   0   1  24  0.27 0.21
  158 G     3  -4  -4  -4  -3  -3  -3   1  -4   1  -1  -3  -2  -2  -3  -2  -2  -4  -3   4   34   0   0   1   0   0   1  10   0   8   5   1   0   1   0   1   1   0   0  36  0.63 0.38
  159 F     3  -3  -3  -3  -1  -3  -3  -1  -3   0   0  -3  -1   0  -3  -1   1  -3  -2   3   36   0   0   1   1   0   1   3   0   5   9   1   1   5   0   2  10   0   0  23  0.42 0.30
  160 A     3  -3  -1  -2  -3  -3  -3   3  -3  -3  -1  -3  -3  -2  -2   2   2  -4  -3  -2   32   0   2   2   0   0   0  20   0   0   5   0   0   2   1  19  13   0   0   2  0.51 0.34
  161 A     2  -3  -3  -3  -1  -3  -3   1  -3   2   0  -3   0  -1  -2  -1   0  -4  -3   3   21   0   0   0   1   0   0  13   0  11   8   0   1   2   2   4   4   0   0  29  0.34 0.25
  162 V     2  -3  -3  -4  -3  -3  -3   2  -4   2   0  -3   0   2  -3  -2  -1  -3  -2   3   22   0   0   0   0   0   0  18   0  14   8   0   2   9   0   0   2   0   0  21  0.39 0.28
  163 A     5  -3  -3  -3  -3  -2  -3   0  -1  -2   0  -3   0  -2  -2   0   1  -4  -3   0   53   0   0   1   0   1   0   6   1   2   9   0   3   1   1   5   8   0   0   5  0.58 0.39
  164 S     3  -3  -2  -3   0  -3  -2   2  -3   0  -1  -2   0  -2  -3   0   3  -4  -3   0   26   0   0   0   2   0   2  15   0   4   4   2   2   1   0   6  26   0   0   6  0.40 0.30
  165 V     3  -3  -2  -3  -3  -2  -2   2  -3   1  -1  -3  -2   0   0  -2  -1  -4  -3   3   28   0   2   0   0   1   2  16   0   7   3   0   0   4   4   1   2   0   0  29  0.40 0.30
  166 V     3  -3  -3  -3  -1  -2  -3   0  -3   0   0  -2   0   2   0  -1   0  -3  -2   2   29   1   1   1   1   2   1   9   0   3  11   1   2  10   4   2   6   0   0  18  0.24 0.21
  167 T     1  -3  -2  -3  -3  -1  -2   1  -3  -1  -1  -2   0  -3   0   2   4  -3  -3  -2   13   1   1   1   0   2   1  13   0   4   4   1   2   1   4  15  38   0   0   2  0.49 0.32
  168 G     2  -3  -2  -3  -3  -3  -3   4  -3  -2   1  -3   0   0  -2  -2  -2  -3  -3  -1   19   1   2   1   0   1   1  41   0   1  19   1   2   3   1   1   2   0   0   4  0.56 0.31
  169 A     2  -3  -2  -3   0  -3  -3   5  -3  -1  -2  -3   1  -3  -1  -1  -2  -4  -3   0   23   1   1   1   2   0   1  44   0   4   4   1   4   0   3   2   1   0   0   8  0.66 0.34
  170 A     4  -3  -3  -2  -2  -2  -3   0  -3   0   1  -2  -1  -1  -1   0  -1  -3  -3   0   43   1   1   2   0   1   1   8   0   6  17   2   1   2   2   4   3   0   0   6  0.38 0.28
  171 A     4  -3  -3  -3  -3  -3  -2   2  -3  -3   0  -3   0  -1  -2   1   0  -3  -3  -2   46   1   1   1   0   1   2  19   0   1   8   1   2   2   2   8   5   0   0   2  0.55 0.34
  172 T     3  -2  -1  -2  -2  -2  -2   1  -3   0   0  -2   0  -2   0   1   0   2  -2   0   31   1   2   1   0   1   1  12   0   7   9   1   2   1   4  10   6   3   0   7  0.23 0.19
  173 P     1  -3  -1  -2  -2  -2  -2   1  -3   0  -1  -2  -1  -1   5   0  -1  -3  -3   1   15   1   2   1   0   1   1  13   0   5   6   1   2   2  27   6   2   0   1  14  0.44 0.24
  174 M     1  -2  -2  -1  -2  -1  -2   1  -3   1   3  -2   4   0  -1  -2  -2  -3  -2   1   13   1   1   3   0   2   2  10   0   6  29   2  13   3   2   1   1   0   0   9  0.23 0.19
  175 L     1  -3  -3  -3  -2  -2  -1  -2  -3   0   3  -2   4  -1  -3  -2   0  -3  -2   1   13   1   1   1   0   1   4   3   0   4  38   2  13   2   1   1   5   0   0   9  0.37 0.25
  176 V     4  -3  -2  -4  -1  -3  -2   0  -4   2  -1  -3  -1  -1  -3  -2  -1  -4  -3   2   47   0   1   0   1   0   1   5   0  13   4   0   1   3   1   1   3   0   0  15  0.54 0.35
  177 L     2  -3  -2  -2  -1  -2  -3  -1  -2   1   2  -2   2   0  -3  -1  -1  -3  -1   2   20   1   1   3   1   0   1   5   1   8  24   2   7   3   1   2   2   0   2  17  0.24 0.20
  178 S     4  -3  -2  -2  -2   0  -2   2  -3  -1  -1  -2   0  -2  -3   1   0  -3  -3   0   41   1   1   1   0   4   1  15   0   3   6   1   2   1   1   7   7   0   0   7  0.38 0.27
  179 G     3  -3  -2  -3   1  -3  -3   2  -3   1  -1  -3   1  -2  -2  -1   0  -4  -3   3   25   0   2   0   3   0   1  19   0   6   5   0   3   1   1   4   4   0   0  23  0.34 0.25
  180 M     1  -3  -2  -1  -2  -3  -3   0  -3   3   1  -3   3  -1  -2  -1   0  -3  -1   3   12   1   1   3   0   0   1   6   0  17  14   1  10   1   1   3   4   0   2  23  0.28 0.21
  181 A     2  -2  -1   0  -1  -1  -2   3  -3   0   0  -2   3  -1  -1   0   0  -3  -3  -1   19   1   2   6   1   2   2  24   0   6   6   1  12   2   2   5   5   0   0   2  0.23 0.20
  182 L     1  -3  -3  -3  -3  -1  -1  -1  -3   2   2  -1   4  -1  -3  -2  -1  -3  -2   2   14   0   0   0   0   3   5   4   0  10  26   4  13   2   0   0   2   0   0  15  0.31 0.24
  183 V     3  -3  -2  -4  -1  -1  -3  -1  -4   2  -2  -2  -2  -3  -3  -1   0  -4  -3   4   32   0   1   0   1   3   1   5   0  11   1   3   0   0   0   3   5   0   0  34  0.52 0.35
  184 S     1  -2   0   1   0   0  -1   2  -2  -1   0  -1   0  -2  -2   1   1  -3   0  -1   14   0   3   9   2   4   2  20   0   2   9   2   3   0   1  13   8   0   3   3  0.16 0.15
  185 A     3  -2  -2  -1  -2   1  -1   1   1  -1   0  -1   1  -1  -2   1   1  -3  -2  -1   29   0   1   2   0   6   3  11   3   3   8   3   5   2   0   9   8   0   1   4  0.19 0.19
  186 V     3  -3  -3  -3   0  -2  -1   0  -3   0   0  -1   1  -1  -3   0   1  -4  -2   2   28   0   0   0   2   0   4   7   0   4   7   3   5   2   0   5  11   0   1  21  0.27 0.25
  187 T    -1  -3  -3  -2  -1  -1  -2  -3  -3   2   2  -2   3  -1  -3  -1   1  -1   0   2    5   0   0   2   1   2   3   1   0  14  21   2  12   1   0   4  11   1   3  15  0.26 0.21
  188 S     1  -2   0   2  -3   1   0   2  -2  -3  -1   0   1  -1  -2   2   1  -3  -3  -2   10   0   5  12   0   6   3  15   0   0   4   5   5   4   1  15  11   0   0   2  0.19 0.18
  189 L     1  -2  -2  -2  -2  -1  -2   0  -1   1   2  -1   2   0  -2   0   0  -2  -1   1   13   0   0   1   0   2   2   7   1  10  22   5   6   4   0   5   6   0   2  12  0.13 0.13
  190 A     3  -3   0  -2  -1  -1  -2   1  -3   0  -1  -2   2  -1  -1   0   0  -3  -3   1   34   0   4   1   1   1   2  13   0   5   3   2   7   2   2   5   7   0   0  10  0.27 0.23
  191 D     0  -2   1   3  -3  -1   1   0  -2  -1  -1  -1   0  -3  -3   2   0  -4  -3   0    8   0   8  22   0   2   9   7   0   2   5   2   4   0   0  19   4   0   0   7  0.27 0.22
  192 Q     1  -1  -1   0  -3   2   1  -1  -2   0  -2   1   0   0   0   1   0   2  -2  -1   13   1   1   3   0  15   9   3   0   5   2   9   3   5   4  13   7   3   0   4  0.14 0.16
  193 I     0  -2  -2  -2  -3  -1  -2  -1  -3   4   0  -2   3   0  -3  -1  -1  -1  -2   2    8   1   1   2   0   3   2   4   0  37   4   3   8   3   1   4   2   1   0  15  0.39 0.26
  194 S     1  -2  -2  -1   0  -1  -1  -1  -2   0   0  -1   2  -2  -2   2   0  -3  -1   2   11   1   1   3   2   1   3   4   0   3  10   4   6   1   1  23   6   0   2  19  0.16 0.18
  195 R     0   0  -1   0  -1   4   2  -1  -2  -3  -1   2   1  -2  -1   1  -1  -1  -3  -2    7   3   1   4   1  22  14   3   0   0   5  12   4   1   3  13   1   1   0   3  0.29 0.24
  196 E     2  -1  -1  -1  -3   1   3  -1  -2  -1   0   0   1  -1   0  -1  -1  -1  -2  -2   23   2   2   2   0   4  28   3   0   3   8   6   4   4   3   2   4   1   0   2  0.26 0.22
  197 A     3  -2  -1  -1   2  -1  -1  -1  -2   0   0  -1   0  -1  -2   0   1  -3   0   1   30   1   3   2   5   1   4   2   0   4   8   4   3   3   1   3  11   0   3  12  0.16 0.17
  198 G     0  -3  -1  -1   1  -1  -2   4  -1  -2  -1  -2   1  -2  -3   0   2  -3  -3   1    8   1   2   3   3   2   2  37   1   1   5   1   5   1   1   5  13   0   0  10  0.38 0.24
  199 G     0  -2   1   1  -3   0  -1   4   1  -3  -2   1  -1  -3   0  -1  -1  -3  -3  -1    8   1   6   7   0   4   4  36   4   1   5   9   1   1   3   3   4   0   0   4  0.34 0.20
  200 P    -1  -1  -1   0  -2   0   1  -1   0   0   0   1   0  -1   3   0  -1  -1  -2   0    5   1   3   4   0   3   9   6   3   8   7  11   3   3  19   4   2   1   1   8  0.17 0.12
  201 P     0  -1  -1   1  -2   0   1   1  -2  -1  -1   0   0  -2   1   1   0  -3  -2   0    8   1   2  11   0   2   9  11   0   3   7   5   4   1   5  14   5   0   1  10  0.10 0.09
  202 I    -1  -2  -1  -1  -1  -1  -1  -1  -1   1   1   0   1   2  -2  -1   0  -2   0   1    5   1   2   2   1   2   3   6   1  11  19   5   6  13   2   2   5   0   2  11  0.08 0.09
  203 S     0   0   0   1  -2   0   1   0  -1  -1  -2   1   1  -1   2   1   1  -3  -2  -1    7   3   3  10   0   4   7   7   1   2   3   8   5   2   9  16  11   0   1   3  0.14 0.11
  204 L     0  -2  -2  -1  -2  -1  -1  -2  -1   2   3  -2   2   0  -1  -1   0  -2  -1   1    7   1   1   3   0   2   4   2   1  17  29   1   7   3   3   3   5   0   1  10  0.22 0.16
  205 G     1  -2   0  -1  -1  -1   0   1  -1   0  -1  -1   4  -1  -1   1   1  -3  -2   1   14   1   3   3   1   1   6  13   1   4   3   2  15   2   2  10   7   0   1  10  0.14 0.15
  206 G     1  -1   1   1  -2   0   1   1  -2  -2  -2   2  -2  -2  -2   1   0  -1  -2  -1   15   1   8   9   0   3  10  12   0   1   2  15   0   1   1  10   5   1   0   4  0.20 0.15
  207 F     1  -2  -2  -2  -1  -2   0   1  -2  -1   1  -1   1   1   0   0   0   3  -1   0   16   1   1   2   1   1   6  15   0   3  14   3   4   8   4   4   4   5   1   7  0.10 0.11
  208 L    -2  -3  -1  -2  -2  -2  -2  -2  -3   3   3  -2   3   1  -3  -2  -2  -3   0   1    2   1   3   2   0   2   2   3   0  22  29   2  10   5   1   3   1   0   3   9  0.33 0.22
  209 S     1  -1  -1   0   0   1   1   1  -2  -3  -1   0   0  -3  -2   2   2  -3  -3  -2   13   1   2   4   2   7   8  11   0   1   5   5   3   0   1  21  16   0   0   1  0.24 0.20
  210 G     0   0   1   1  -3   1   1   0   0  -3  -3   3  -2  -1  -1   0   0   0  -2  -2   10   3   7   7   0   5   7   8   2   0   1  25   0   3   3   7   7   2   0   3  0.20 0.17
  211 L     1  -2  -2  -3  -2  -1  -2   2  -1   1   2   0   2   0  -2  -1  -1  -3  -2   1   15   0   1   0   0   3   1  15   1   9  20   5   8   3   1   3   3   0   0  11  0.16 0.16
  212 A     1  -3  -2  -3  -1  -3  -2   0  -3   2   0  -3   2   2  -3  -1   0  -3   0   2   16   0   1   0   1   0   1   7   0  16   8   0   7  10   0   3   4   0   3  21  0.25 0.20
  213 G     1  -2   0  -1  -1   1   0   1  -1  -2  -3   0  -2  -3  -1   2   3  -4  -2  -1   13   0   5   2   1   5   7  11   1   1   2   5   0   1   2  15  24   0   1   3  0.26 0.23
  214 R     1   0   0   1  -3   1   1  -1  -1  -2  -2   2  -2  -2  -1   1   0   0  -3  -1   13   2   2   9   0   5  11   3   1   2   3  20   1   2   2  12   4   1   0   6  0.18 0.17
  215 L     1  -2  -2  -4  -3  -2  -2   0  -3   2   2  -3   3   0  -2  -1  -2  -1  -2   2   13   1   1   0   0   2   2   7   0  12  21   0  12   4   1   5   1   1   0  17  0.27 0.22
  216 L     1  -3  -4  -3  -3  -3  -3  -1  -2   0   4  -3   2   1  -2  -2  -1  -3  -2   0   12   0   0   1   0   0   1   4   1   2  54   1   6   4   2   2   2   0   1   5  0.54 0.34
  217 T    -1  -1  -1   0  -2   1   3   0  -2   0  -2   3   0  -3  -2  -1   0  -1  -3   0    3   2   1   5   1   5  25   6   0   8   2  21   3   0   1   4   6   1   0   6  0.27 0.23
  218 A     3  -2   0   0   0  -1   0   1  -1   0  -1   1  -1  -2  -2   0  -1   0  -3   0   34   0   4   4   2   1   6   9   2   5   4  11   2   1   0   7   1   2   0   5  0.21 0.20
  219 L    -1  -3  -3  -1   5  -3  -3  -3  -2   0   1  -3   4   4  -2  -1  -1   0  -1   0    6   1   1   4  15   0   1   2   1   6  16   1  12  22   1   5   2   1   0   6  0.45 0.27
  220 G     0  -3  -2  -1  -4  -3  -3   6   0  -3  -3  -3  -4  -4  -1  -1  -2  -4  -4  -2    7   2   1   3   0   1   1  68   2   1   2   1   0   0   3   3   2   0   0   3  1.17 0.48
  221 V     0  -2  -3  -2  -1  -3  -1  -1  -3   1   0  -2   5  -1  -2  -2  -1  -3  -1   4    6   1   0   3   1   0   3   4   0   8   6   2  17   1   2   2   2   0   1  39  0.46 0.31
  222 D    -1  -2   0   3  -3  -1   0  -1  -2  -2  -2   0  -2  -4   3   3  -1  -4  -3  -2    2   1   4  22   0   1   3   4   1   3   3   6   1   0  16  26   3   0   0   2  0.45 0.29
  223 Q     0   0  -1   2  -3   1   2  -1  -2  -2  -2   3   0  -3  -1   0  -1  -3  -2  -1    8   2   2  10   0   6  17   3   0   2   3  26   3   0   3   5   3   0   1   3  0.29 0.21
  224 S     0  -1   0   3  -4   0   4   0  -1  -3  -2   1  -3  -2  -1   0  -1  -4  -2  -2    6   2   4  16   0   2  34   6   1   1   4   7   0   2   2   7   2   0   1   3  0.39 0.26
  225 Q     0   0  -2   1  -3   2   0  -2  -2   0   0   2   2  -2  -2  -1   1  -3  -2   0   10   2   0   7   0  11   6   2   0   7   7  19   7   1   0   1  10   0   0   8  0.17 0.18
  226 A     5  -2  -2  -2  -3   0  -2   0  -3  -1  -2  -1  -1  -2  -3   0  -2  -4  -3  -1   62   2   1   2   0   3   1   5   0   2   4   3   2   2   0   5   1   0   0   4  0.73 0.43
  227 D     0  -1   0   1  -4   2   4  -1  -1  -3  -3   2  -2  -2  -2  -1  -1  -4  -3  -3    9   1   4   8   0   7  32   4   1   1   2  17   1   2   1   4   4   0   0   1  0.42 0.27
  228 Q     1  -1   0   1   0   0   0   0   0  -1  -1   2   2  -1   0  -1  -1   1   0  -1   16   2   5  10   2   4   6   7   2   3   5  13   6   2   4   3   3   2   4   4  0.09 0.13
  229 I     1  -2  -1  -1   0   0  -2  -1  -3   3   1  -1   1   0  -3  -1   0   4   0   1   13   2   2   3   2   4   2   4   0  18  12   3   3   3   0   3   5   6   3  10  0.16 0.17
  230 A     2   0   0  -3   1  -3  -2   3  -4   0  -2   0   1   0  -4   1  -1  -4  -4  -1   20   4   4   0   3   0   3  26   0   5   3   5   4   4   0   8   4   0   0   5  0.34 0.28
  231 K     0   0   2   1  -3   2   0  -1  -1  -1  -2   2   1  -3  -1   1   0  -3  -3   0   10   4  12   6   0  12   3   4   1   3   2  16   5   0   3   9   4   0   0   7  0.18 0.19
  232 I     1  -2  -2  -3  -3  -2  -2  -1  -3   5   0  -1   1   0  -3  -2  -1   1  -2   2   12   2   2   1   0   2   2   4   0  37   5   3   3   3   1   1   4   2   1  15  0.42 0.30
  233 V     1  -3  -2  -3  -2  -3  -3  -1  -3   2   1  -3   2  -2  -3  -1   1   0  -2   3   16   1   2   1   0   0   1   5   0  15  14   1   6   1   1   2   7   2   1  25  0.33 0.26
  234 A     3  -1  -2  -3  -3  -1  -1   3  -3   0  -2  -1   0  -3  -3   0   1  -1  -3   0   26   3   1   1   0   2   3  27   0   6   4   3   3   0   1   5   9   1   0   6  0.35 0.27
  235 G     2  -3  -1  -1  -3  -1  -1   3  -2   0  -1  -2   2  -2  -2   0   0  -3  -3  -1   19   1   2   2   0   3   3  29   1   5   7   2   7   1   1   6   5   0   0   4  0.29 0.24
  236 L     1  -2  -1  -3  -1  -2  -3  -2  -3   4   0  -2   1  -2  -2  -1  -2   1  -3   3   14   2   3   1   1   2   1   4   0  27   8   2   3   0   2   4   1   3   0  23  0.37 0.28
  237 A     2  -3  -2  -2  -1  -1  -2   0  -3   2   0  -3   0   0  -3   0   0  -3  -1   2   25   0   2   2   1   2   2   6   0  12   9   0   2   4   0   4   6   0   1  20  0.22 0.22
  238 V     3  -1  -1  -2  -1  -1  -2   0  -3   0   0   0   2  -2  -3   0   1   0  -3   1   30   2   2   2   1   3   1   6   0   6   7   7   6   1   0   4   8   1   0  12  0.19 0.22
  239 P     2  -3  -2  -2  -2   0  -1   1  -3  -1  -1  -2   1  -1   1   0   1   0  -2   1   24   0   1   1   0   4   3  10   0   3   6   1   5   2   6   7  11   1   1  11  0.18 0.20
  240 A     2  -3  -3  -3  -3  -1  -2   1  -4   2   1  -2  -1  -3  -2  -1  -1  -4  -3   3   23   0   0   0   0   2   2  12   0  13  11   2   1   0   1   3   4   0   0  26  0.36 0.29
  241 V     3  -3  -3  -2  -2  -1  -3   0  -2   1   1  -3   2  -1  -3   0   1  -3  -3   2   25   0   0   2   0   2   1   7   1   7  14   1   6   2   0   5  11   0   0  15  0.25 0.24
  242 L     0  -2  -3  -3  -3  -2  -2  -2   0   1   2  -1   4   1  -3   0   0  -3  -2   2   10   2   0   1   0   0   2   3   2   8  18   3  15   8   0   8   4   0   0  14  0.25 0.23
  243 L     1  -3  -2  -2  -2  -1  -2  -1  -3   3   2  -2   0  -1  -2  -1  -1  -3  -2   3   10   1   1   3   0   2   2   4   0  16  24   3   2   2   2   3   3   0   0  22  0.27 0.23
  244 I     3  -2  -1  -2  -2  -1  -2   0  -2   1   0  -2   0  -3  -2   0  -1  -3  -2   2   34   1   3   2   0   2   2   8   1   9   7   2   2   1   1   5   2   0   1  18  0.27 0.25
  245 E     2  -2  -1   2  -2  -2   0   1  -2  -1   0  -1  -1  -2   0   0   0  -3  -2   1   20   2   3  16   0   1   6  11   0   2   8   2   1   1   3   5   6   0   1  12  0.15 0.16
  246 P     2  -2  -2  -2  -1  -1  -2   1  -3  -1  -1  -1   1  -2   3   1   0  -3  -2   1   18   2   1   2   1   2   1   9   0   2   5   3   4   2  18  10   7   0   1  12  0.27 0.21
  247 Q     1  -1   0  -1  -2   0  -1   0  -2   0   0  -1   1  -2  -1   1   1  -3  -2   1   14   2   4   2   0   5   4   6   0   5   7   3   5   1   3  14   7   0   0  16  0.09 0.13
  248 M     2  -3  -2  -3  -1  -2  -2   0  -3   1   1  -2   1   0   0   0   0  -3  -1   2   20   1   2   1   1   1   1   8   0   6  17   1   4   5   4   5   4   0   1  18  0.17 0.18
  249 L     2  -2  -2  -2  -1  -1  -2   1  -3   1   1  -1   2   0  -1   0   0  -3  -2   2   22   1   1   2   1   2   2   9   0   6  13   3   6   5   2   6   6   0   0  14  0.14 0.16
  250 G     2  -3  -2  -1  -3   0  -1   4  -3  -1  -2   0   0  -3  -3   1  -1  -4  -3   0   19   1   1   4   0   3   2  36   0   3   2   5   3   0   1   9   2   0   0   6  0.46 0.31
  251 E     1   0   1   0   0   0   1   0   0   0  -1   1   0   0   0   1   0  -2  -1   0   11   3   8   4   2   3   9   6   1   5   4   9   3   4   3  11   6   0   1   7  0.05 0.06
  252 M     1  -2  -3  -2  -2  -2  -2   0  -3   2   1  -2   3   0  -2  -1   0  -3  -2   2   12   2   0   2   0   1   2   7   0  10  16   2  12   4   1   4   4   0   0  19  0.22 0.21
  253 A     3  -3  -2  -3  -1  -2  -3   2  -3  -1  -1  -1   1   1  -2   0  -1   1  -1   2   33   0   2   0   1   2   1  14   0   2   4   5   3   7   1   5   2   2   1  15  0.31 0.29
  254 E     1  -1   0  -2  -2  -2  -1   3  -3  -2  -2   2  -1  -1  -2   2  -1  -3  -3  -2   14   3   4   1   1   1   4  26   0   2   3  14   1   3   1  15   3   0   0   3  0.30 0.25
  255 G     2  -1   0  -2  -3  -1  -1   4  -3  -3  -3   1   0  -3  -2   1   0  -4  -3  -2   15   3   5   1   0   2   3  32   0   1   2  10   3   1   1  13   4   0   0   2  0.41 0.30
  256 V     2  -3  -2  -3  -2  -3  -1   0  -3   3   1  -2   1  -1  -2  -1   0  -3  -2   3   18   1   1   1   0   0   3   7   0  18  11   2   3   2   2   3   6   0   1  21  0.25 0.23
  257 A     4  -2  -1  -1   0  -2  -3   0  -3  -2  -1  -1  -1  -3  -3   1  -1   1  -3   0   46   1   3   3   1   1   1   7   0   1   6   3   1   1   1  12   3   2   0   6  0.50 0.38
  258 R     1   0   0  -1  -1   1   1   0  -2  -1  -1   2   1  -3  -2   1   0  -3  -3  -1   13   3   4   3   1   6   8   8   0   5   5  18   4   0   1  14   5   0   0   2  0.16 0.18
  259 L     2  -1  -2  -3  -2  -1  -1  -1   0   0   1   2   2  -2  -2   0   0  -3  -2   1   22   2   1   1   0   2   2   5   2   4  17  14   6   1   1   6   4   0   1  10  0.16 0.19
  260 A     2  -1  -2  -2  -1  -1  -2   0  -3   0   1  -1   2  -1  -2   0   0  -1  -2   1   26   3   2   2   1   2   2   6   0   6  14   4   6   3   1   5   4   1   0  14  0.16 0.18
  261 G     2  -2   0  -1  -3  -1  -2   3  -1  -1  -1   0   1  -2  -2   1   0  -3  -3  -1   17   1   3   2   0   1   1  28   1   4   6   7   5   1   1   8   7   0   0   5  0.26 0.22
  262 A     2  -1   0  -1  -2  -1  -1   1  -2   0  -1   1   0   1  -2   1   0  -3  -1   0   27   2   4   3   0   1   2   9   0   5   6  10   3   6   1   8   5   0   2   7  0.13 0.17
  263 G     1  -1   0   1  -2  -1  -1   2  -2  -1  -1   0  -1  -3   0   1   0  -3  -3   1   14   2   5  10   0   1   2  15   0   3   5   6   2   0   3  13   6   0   0  12  0.13 0.15
  264 D     1   0  -1   0  -2   0   1   0  -2   0   0   1   0  -1   1   0   0  -1  -2   0   12   3   2   6   0   3   9   6   0   4  10  14   2   2   6   7   6   1   0   7  0.07 0.09
  265 A     1  -1   1   0  -2   0   1   1  -2   0   0   0  -1  -2  -2   1   0  -3  -2   0   14   2  10   5   0   4   9   9   0   6   9   7   1   1   1  12   4   0   0   5  0.10 0.12
  266 T     1  -1  -1  -1  -2   0  -1  -1  -1   0   0   1   0  -2  -2   0   2   0  -2   1   16   2   3   2   0   5   4   5   1   5  11   9   2   1   1   7  13   1   0  11  0.08 0.13
  267 A     3  -2  -1  -2  -3   1   0   0  -3   0   0   0  -1  -3  -1   0   1  -2  -3   1   30   1   3   1   0   6   5   5   0   6  10   7   1   0   2   5   8   1   0  10  0.18 0.22
  268 G     2  -1  -1  -1  -1   0   0   1  -2   0  -1   1   1  -2  -1   0   0  -3  -2   0   24   2   2   3   1   4   8  12   0   5   5   8   5   1   2   5   4   0   1   6  0.13 0.17
  269 Y     1   0  -1  -2  -2   0  -1   0  -2   2   0   1   1  -1  -1  -1   0   1  -1   1   15   4   2   1   0   4   3   6   0  14   8  12   4   2   2   3   7   2   2   8  0.08 0.13
  270 I     0  -1  -2  -3  -2  -2  -1  -1  -3   2   1   0   2  -1  -1  -1   0   1  -2   3   10   2   2   0   1   1   3   6   0  14  11   7   7   2   3   2   6   2   0  22  0.18 0.20
  271 A     3  -2  -1  -1  -3   0   0   1  -3  -2  -2   2   0  -2  -1   1   0  -4  -2  -2   27   1   3   3   0   4   7  12   0   1   4  13   2   2   3   9   6   0   1   1  0.23 0.24
  272 M     1  -2  -1  -1  -3   0  -1   0  -3   0   0   1   5  -1  -3   0   0  -4  -3   0   15   0   3   3   0   5   3   6   0   6   8   9  18   2   0   8   5   0   0   8  0.21 0.25
  273 A     2  -2  -2  -1  -3   0  -1   0  -3   1   0   0   0   0  -1   1   0   1  -2   1   23   0   0   3   0   4   3   8   0   7   7   5   1   3   3   9   7   2   0  14  0.14 0.19
  274 M     0  -1  -2  -2  -1  -1  -1   1  -2   1   0   0   2   1   0   0   1  -1  -2   1    9   3   1   0   1   2   4  12   0   8   7   7   6   6   4   7  11   1   0  12  0.07 0.13
  275 S     2  -1   1  -1  -3   1   0   1  -1  -2  -3   1  -3  -2  -1   2   2  -4  -3  -1   16   3   5   3   0   6   4  11   1   1   2   9   0   1   3  16  14   0   0   5  0.21 0.22
  276 I     1  -1  -1  -2  -2  -1  -1   0  -3   2   1   0   2  -1  -2   0   0  -3  -1   1   15   2   3   2   0   1   3   6   0  14  10   8   6   2   1   6   5   0   1  14  0.10 0.14
  277 V     3  -2  -1  -4  -3  -3  -3   1  -4   2   1   0   4  -3  -3  -1  -1  -4  -3   2   26   1   3   0   0   0   1   9   0  10  10   5  12   0   1   2   4   0   0  13  0.34 0.32
  278 A     2  -1   0  -2  -1   1  -2   0  -1   0  -1   1   1  -2  -1   0   1  -4  -3   0   26   2   5   1   1   6   1   8   1   6   4   8   4   1   2   7   9   0   0   8  0.16 0.20
  279 A     2   0   1  -1  -2   0   0   1  -1  -2  -1   2   1  -3  -3   0   2  -1  -3  -1   19   4   6   2   1   4   5  11   1   1   4  13   5   0   0   7  13   1   0   4  0.18 0.21
  280 I     1  -2  -2  -2  -3   0  -1  -2  -3   3   1  -1   2  -2  -3   0   0  -4  -3   2   12   1   2   1   0   4   4   2   0  19  13   4   8   1   0   5   6   0   0  18  0.24 0.23
  281 A     3  -2  -1  -3  -3  -1  -2   1  -3  -1   0   0   0  -2  -1   1   1  -4  -2   0   27   1   2   0   0   3   1  12   0   4   9   6   3   1   2  10  12   0   1   7  0.22 0.24
  282 V     1  -1  -1  -1  -2   1  -1   0  -1   1   0   0   1  -2  -2   0   1  -3  -2   2   10   2   3   2   0   6   2   8   2  10   8   7   3   1   1   8   9   0   0  18  0.09 0.14
  283 A     2  -1  -1  -2  -1   0  -1   2  -3  -1  -1   2   2  -3  -3   1   0  -4  -3   0   25   1   3   2   1   3   3  14   0   2   4  13   6   1   0   8   7   0   0   8  0.22 0.25
  284 A     2  -1  -1  -2  -2  -1  -1   1  -1   1   0  -1   0  -1  -3   0   0  -3  -3   1   25   2   2   1   0   2   2  10   1  10   8   4   3   3   0   8   5   0   0  13  0.16 0.19
  285 I     2  -2  -1  -1  -1   0  -1   1  -3   0   0  -1   2   0  -3   0   0  -1  -2   1   20   1   2   2   1   4   4  11   0   6   5   4   8   5   0   6   5   1   0  14  0.12 0.18
  286 N     1  -1   1  -1   0   1  -1   0   0  -1  -1   1   1  -2  -1   1   2  -3  -2  -1   16   3   6   3   2   6   3   8   2   2   5   8   6   2   3  11  13   0   0   4  0.11 0.16
  287 A     1   0   0  -1  -2   0  -1   0  -2   0   0   0   0   0  -2   0   0  -2  -1   0   14   3   6   3   0   3   3   8   0   7  12   7   3   5   0   9   5   0   2   9  0.04 0.08
  288 A     2   1   0  -1   0  -1  -1   0  -1  -2  -1   0   2  -3  -3   0   0  -4  -1   1   23   8   5   4   1   2   2   8   1   0   6   5   7   0   0   4   7   0   2  15  0.15 0.21
  289 G     2   0  -1  -1  -2  -1  -1   0  -3   0   0   0   2  -1  -3   1   0  -3  -2   1   22   5   2   2   0   2   4   7   0   4  10   7   8   3   0   9   5   0   0   9  0.11 0.17
  290 T     1  -1   0  -1  -3   0  -1   1  -3  -1  -1   1   0  -1  -3   1   3  -3  -3  -1   13   2   4   2   0   3   2  12   0   3   7   9   3   4   0  10  20   0   0   4  0.16 0.20
  291 A     1   0   0  -1  -3   0  -1   2   0  -1  -1   1   1   0  -2   0  -1   0  -1  -1   18   3   4   3   0   4   2  15   2   4   7  10   4   5   0   7   3   2   2   3  0.09 0.13
  292 G     1  -2   1  -1  -3   0  -2   3  -1  -2  -1   1  -1  -2  -2   1   0  -3  -3   0   14   0   8   2   0   4   1  24   1   2   7  10   1   2   2  10   6   0   0   6  0.22 0.21
  293 A     3  -1   1  -2  -2  -1  -1   0  -2   0   0   1  -1  -1  -1   0   1  -3  -2   0   28   2   6   1   0   2   3   8   0   5  11   9   1   3   2   5   8   0   0   5  0.15 0.19
  294 G     1   0   0   0  -3  -1   0   2  -2   0  -2   1   1  -2  -2   1   0  -4  -3  -1   16   5   3   5   0   1   4  16   0   6   3  11   5   1   1  15   4   0   0   4  0.16 0.18
  295 S     2  -2   1  -1  -3  -1  -1   0  -3  -1   0   0   0  -2  -3   3   1  -4  -2  -1   19   1   6   4   0   2   3   6   0   3  12   5   3   1   0  24   7   0   1   4  0.19 0.23
  296 A     2  -2   1   1  -2   0  -1   0  -2  -1   0   0  -1  -2  -2   1   1  -3  -2   0   23   1   7   7   0   4   2   7   0   3   9   6   2   1   0  10  11   0   1   6  0.14 0.19
  297 S     1  -1   1   0  -3   0   1   0  -1  -1  -1   1   2  -1  -1   1   0  -1  -2  -1   13   1   6   4   0   3   8   7   1   2   5  12   9   3   2  12   7   1   0   4  0.10 0.15
  298 A     1  -1   0   0  -2   0   1   0  -1   0   0   1   0  -2  -2   1   1  -1  -1   1   16   0   5   4   0   4   8   5   1   5   7  11   3   0   0   9   8   1   2  10  0.08 0.13
  299 I     1   0  -1  -1  -2  -1  -1  -2  -2   1   0   1   0  -1  -2   0   1   0  -2   2   15   4   3   2   0   3   2   2   0  12  10  10   3   2   1   6   8   1   0  15  0.09 0.14
  300 R     1  -1  -2  -1  -2   0   0   1  -2   0   0   0   2  -1  -2   0   0  -3  -2   1   17   3   0   2   0   3   7  11   0   5   7   8   7   3   0   6   5   0   0  13  0.10 0.15
  301 G     1   0   0  -1  -3   2   0   2  -2  -2  -2   1   0  -1  -1   1   0   0  -1  -1   11   3   5   3   0  12   6  14   0   1   3  12   2   2   2  11   4   1   2   4  0.15 0.17
  302 A     1   1  -1  -1  -2   0   0   0  -1   1   0   2   0  -3  -1   1   1  -3  -2  -1   13   7   2   1   0   4   5   5   2   9   7  14   3   0   2  10  12   0   0   4  0.11 0.14
  303 W     1  -2  -1  -3  -2  -1  -2   0  -2   1   1  -1   2   0  -1  -1   1   2   0   1   16   2   3   1   0   1   1   6   0   9  16   4   6   4   2   3  10   3   2  10  0.10 0.14
  304 D     2   0   0  -1  -1   0   0   0  -2   0   0   0   1  -1  -2   1   0  -3  -2   0   22   4   4   3   1   4   6   8   0   4   9   5   6   2   1  11   4   0   0   6  0.09 0.13
  305 R     1   2   2   0  -3   1   0  -1   1  -1  -2   3  -2  -2  -2   0   1  -3  -2  -1   11  10   9   4   0   6   4   3   4   3   4  19   0   2   2   5  11   0   0   3  0.19 0.19
  306 A     0   1  -1  -2  -2  -1  -2  -1  -1   2   0   0   2  -1  -3   0   0  -1   0   1    9   9   3   0   0   2   0   5   1  14   9   7   6   2   0   8   4   1   4  12  0.08 0.13
  307 A     2  -3  -1  -2  -2   0  -2   1  -3   0   1  -1   1  -1  -1   0   0  -3  -3   2   22   0   2   2   0   4   1  10   0   3  12   3   5   2   2   6   7   0   0  19  0.17 0.21
  308 A     1   1   1   0  -3   2   1   0  -1  -3  -2   2   1  -3  -1   1   0  -3  -1  -3   10   8   6   6   0  10   7   8   1   0   2  17   4   0   2  11   5   0   2   0  0.21 0.21
  309 V     1   0  -1  -1  -2   0  -2  -1  -1   1   0   0   0  -2  -2   0   1  -1   1   2   15   6   3   2   0   5   0   4   1  11   6   6   2   1   1   4   8   1   5  17  0.08 0.14
  310 A     3  -3  -3  -3  -1  -1  -2   2  -3   1  -1  -2   1  -1  -3   0   1   0  -3   1   28   0   0   0   1   3   2  16   0   7   5   2   4   3   0   8   8   1   0  11  0.27 0.27
  311 T     2  -1   0  -2  -1   0   0   1  -1  -3  -1  -1  -1  -3  -3   2   2  -4  -2  -1   19   2   5   1   1   5   4  13   1   0   7   2   1   0   0  17  15   0   1   4  0.24 0.26
  312 Q     1   0   1  -1  -3   4   0   1   0  -2  -1   0  -1  -4  -2   0   1  -4  -3   0   12   4   7   2   0  21   5  10   2   1   5   6   1   0   1   7   9   0   0   7  0.24 0.26
  313 V     1  -3  -4  -4  -1  -1  -3  -1  -2   2   1  -3   1   1  -4  -2   0  -3  -1   3   14   0   0   0   1   3   0   5   1  14  13   1   4   6   0   2   5   0   2  29  0.34 0.28
  314 L     2  -3  -1  -1  -2  -2  -2  -1  -3   1   0  -2   1  -1  -2   0   1  -4  -1   2   25   0   2   3   0   1   1   4   0   7  10   1   3   2   1   7   8   0   2  21  0.23 0.25
  315 Q     0  -1   2   0  -3   3   1   1  -1  -3  -3   0  -1  -3  -3   2   0  -4  -3  -1    9   2  11   5   0  17   8  11   1   0   2   6   1   1   0  16   6   0   0   4  0.29 0.28
  316 G     2  -2  -2  -3  -3  -2  -3   4   0  -1  -1  -2  -1  -2  -4   1  -1  -4  -4   0   21   1   1   0   0   2   0  38   2   4   7   1   1   2   0   9   4   0   0   7  0.52 0.37
  317 G     3  -3  -2  -3  -1  -3  -2   2  -4  -1  -1  -1  -1  -4  -2   0   1  -4  -4   2   28   0   1   0   1   0   1  20   0   2   5   4   1   0   2   6   9   0   0  19  0.38 0.33
  318 T     2  -3   3  -2  -1  -2  -1   1  -3  -1   0  -2  -1  -3  -2   2   3  -4  -3   0   18   0  15   0   1   1   3   9   0   2   9   0   1   0   1  13  19   0   0   8  0.31 0.31
  319 A     1  -2   2   0  -3   3   0   1  -1  -3  -2  -1   1  -4  -3   2   1  -4  -2  -2   15   0  10   6   0  17   5   9   1   0   3   3   4   0   0  14   9   0   1   2  0.27 0.27
  320 V     1  -3  -4  -5  -3  -4  -4  -2  -4   3   0  -4   2  -1  -4  -1   0  -4  -3   4   12   2   0   0   0   0   0   2   0  20   6   0   4   3   0   3   6   0   0  40  0.64 0.41
  321 A     3  -2  -3  -3  -3  -1  -2   3  -4  -1  -2  -3  -3  -4  -3   1   1  -4  -3   0   30   1   0   0   0   3   2  28   0   4   3   0   0   0   0   8  11   0   1   8  0.51 0.38
  322 Q     0  -1   0   0  -4   4   0   1   0  -3  -1   0  -1  -4  -3   2   0  -4  -3  -1    6   2   5   4   0  28   5  10   2   0   5   5   2   0   0  16   5   0   0   5  0.37 0.34
  323 G     2  -3  -1  -3  -4  -3  -2   5  -4  -4  -4  -2  -4  -2  -4   1  -1  -5  -4  -2   17   1   3   0   0   0   2  52   0   0   1   2   0   2   0  12   4   0   0   3  0.91 0.50
  324 G     3  -3  -2  -2  -2  -3  -2   4  -4   0  -2  -2  -3  -2  -3   0   1  -4  -3   1   25   0   1   1   1   0   2  29   0   5   2   2   0   2   0   6   9   0   0  13  0.45 0.33
  325 V     1  -1  -2  -2  -1  -1  -2   0  -3   0   1  -2   2   0  -3   1   1  -3   0   1   14   4   1   1   1   3   1   6   0   4  15   1   7   3   0  13  11   0   3  12  0.13 0.17
  326 G    -1  -1   3   2  -4   2  -1   3  -3  -4  -4   1  -2  -5  -3   1   0  -5  -4  -3    2   2  18  12   0  10   3  24   0   0   0   7   1   0   0  11   6   0   0   1  0.51 0.35
  327 V     1  -4  -3  -4  -3  -4  -3  -1  -4   5   0  -2   3  -3  -4  -2   0  -4  -2   2   11   0   1   0   0   0   2   5   0  43   8   2   7   0   0   2   5   0   1  13  0.64 0.40
  328 S     2  -2   0   1  -3  -1  -1  -1  -1  -1  -1   0  -1  -2  -1   1   1  -3   1   1   24   1   3   7   0   1   3   4   1   3   5   7   2   1   2   9   7   0   6  14  0.13 0.19
  329 M     2  -1   1  -2  -3   1  -1  -2   0  -1  -1   0  -1  -3  -3   2   2  -4  -2   1   17   2   9   1   0   7   2   2   2   3   4   6   1   0   0  14  17   0   1  12  0.22 0.24
  330 A     4  -4  -2  -2  -3  -2  -2   2  -4  -4  -4  -2  -4  -5  -3   2   2  -5  -4  -1   44   0   1   2   0   1   2  16   0   0   0   2   0   0   0  15  13   0   0   4  0.73 0.48
  331 V     1  -1   0   0  -2   0   0   0   0   1  -1   1   0  -1  -3  -1   0   0  -1   2   12   2   3   5   1   5   5   9   2   7   2   9   2   3   0   1   6   1   1  24  0.10 0.16
  332 D     0   0  -1   1  -3   0  -1  -2   1   1   1   0   1   1  -3  -1  -1  -2   2   0   10   4   3   9   0   3   2   3   3   9  15   5   5   5   0   4   2   0  12   5  0.08 0.13
  333 R    -1   1   1  -1  -4   4   2  -2  -1  -4  -2   1   0  -4  -1   0   1  -4  -3  -2    5   6   7   3   0  27  14   3   1   0   4   8   3   0   2   6   7   0   0   3  0.40 0.33
  334 K     1   1   0  -2  -1  -1  -1  -2   2  -2   0   3  -1  -1  -2   0  -1  -2   3   0   13   6   4   1   1   2   3   1   5   0  10  21   1   2   2   6   2   0  14   7  0.20 0.22
  335 Q     0  -2   2   4  -4   2   3  -2   0  -3  -3   2  -3  -2  -3  -1  -3  -4  -2  -2    7   1   8  23   0  12  18   2   2   1   2  15   0   1   0   4   0   0   1   2  0.50 0.35
  336 A     5  -3  -4  -4  -3  -3  -3   0  -4   1   0  -3   0  -4  -4   0  -1  -5  -2   0   53   1   0   0   0   0   1   8   0   9   8   1   2   0   0   5   3   0   1   7  0.67 0.46
  337 D     2  -3   1   3  -4   0   1  -1  -3  -2  -2  -1   0  -4  -3   2   1  -5  -2  -2   22   0   5  22   0   4   7   3   0   2   3   3   2   0   0  17   8   0   1   1  0.39 0.33
  338 L    -1   0   1   2  -4   1   1  -2   0  -1   0   2   1  -2  -3  -1   0  -4  -1  -2    3   3   8  15   0   8  10   2   2   3   9  19   5   1   0   4   5   0   2   2  0.23 0.22
  339 L     3  -2  -1  -1  -3  -2  -2  -3   0   1   2   0   0   0  -3   0   1  -3   0   1   28   2   2   3   0   0   1   0   3   7  19   7   1   3   0   5   7   0   4   7  0.20 0.24
  340 V    -1   2  -1  -1  -4   4   1  -2  -2  -2   0   2   2  -2  -2  -1  -1  -4  -2  -1    5  12   3   2   0  20   9   2   0   2  10  17   6   2   1   4   2   0   1   4  0.30 0.28
  341 A     6  -1  -3  -3  -4  -2  -1  -2  -5   0  -4  -1  -4  -3  -4   0  -2  -6  -5   0   69   3   1   1   0   1   3   1   0   4   0   3   0   1   0   5   1   0   0   5  1.09 0.66
  342 D    -2  -2   1   6  -6   2   2  -2  -4  -5  -3   1  -5  -3  -4  -2  -4  -6  -5  -4    3   1   6  47   0   8  15   2   0   0   3   9   0   1   0   2   0   0   0   1  1.01 0.57
  343 K     2  -1  -2  -2  -1   0  -1  -2  -1   1   1   1   2  -1  -3   0   1  -4  -2   0   19   3   1   1   1   4   4   1   1  10  15  10   6   2   0   7   7   0   0   7  0.14 0.18
  344 A     1   0  -2  -1  -4   1  -1  -2  -2  -1   0   4   1  -3  -2  -1   1  -4  -2  -1   13   4   1   2   0   7   2   1   1   4   9  32   5   1   1   3   9   0   1   3  0.31 0.30
  345 D    -1   0   0   3  -4   1   4  -2  -1  -1   1   1   1  -2  -3  -1  -2  -4  -3  -2    4   5   3  16   0   6  27   2   1   3  14   8   5   2   0   2   1   0   0   1  0.37 0.31
  346 L     0  -1   1   0  -3  -2  -2  -3  -3   2   2  -2   1   1  -3   0  -1  -3   0   0    7   3   7   6   0   1   2   1   0  18  27   1   4   6   0   7   3   0   3   4  0.21 0.21
  347 A     0   2  -1   1  -4   2   3  -3  -1  -2  -1   1   1  -3  -3   0  -1  -4  -2  -2   10  11   2   9   0  11  21   1   1   2   8   9   5   1   0   5   4   0   1   2  0.29 0.26
  348 A     5  -1  -2  -3  -4  -1   0  -1  -4  -4  -4   2  -1   0  -2   1  -1  -5  -4  -1   51   4   2   1   0   2   5   3   0   0   0  13   1   4   1   9   2   0   0   3  0.65 0.47
  349 S     0  -1  -1   1  -2   0   2  -2  -2   1   0  -1   1   2  -3  -1  -1   0   0   0    6   3   1   9   1   5  16   2   0  11  11   4   5  10   0   3   3   1   2   8  0.10 0.14
  350 L    -1  -3  -1  -4  -2   0  -4  -3  -4   3   3  -2   5  -3  -4   0  -1  -4  -3   0    6   1   3   0   1   4   0   2   0  22  29   2  18   0   0   7   2   0   0   3  0.56 0.39
  351 T     1   0   1   1  -3   0   2  -2  -2  -1   0   1   1  -2  -3   0   1  -4  -3  -1   14   4   6   7   0   4  13   1   0   2  13  12   4   2   0   6   8   0   0   3  0.15 0.18
  352 K     1   2  -2  -1  -3   2  -1  -2  -3   0   0   3   2  -2  -3  -1  -1  -2  -2   1   11  11   0   3   0   9   3   3   0   4   9  22   7   1   0   3   3   1   1   9  0.22 0.24
  353 L    -1  -4   0  -3  -4  -4  -5  -4  -5   3   4  -2   2  -2  -5  -1  -2  -2  -4   0    4   0   5   1   0   0   0   1   0  19  50   3   5   1   0   6   1   1   0   5  0.71 0.45
  354 R    -2   2   2   0  -6   6   0  -3  -1  -5  -2   1   2  -5  -4  -1  -2  -5  -4  -5    3  10   9   5   0  42   6   1   1   0   5   8   7   0   0   3   2   0   0   0  0.87 0.57
  355 A     2   1   0   1  -4   3   2  -1  -1  -1  -2   1   1  -1  -3   0  -1  -4  -3  -3   19   6   3   9   0  17  11   4   1   3   2   8   4   2   0   6   3   0   0   0  0.27 0.27
  356 A     1  -2  -3  -3  -3   2  -1  -3  -2   2   2   0   2   0  -3  -1  -1   2   0   1   11   1   0   1   0  10   4   1   1  11  23   5   6   4   0   3   3   4   3   9  0.19 0.20
  357 M    -3  -4  -1  -1  -4   0  -3  -4  -4   3   2  -4   7   1  -5  -3  -1   0  -3   0    1   0   3   5   0   5   1   1   0  16  20   0  32   6   0   2   3   2   0   4  0.76 0.48
  358 E    -1   0   0   4  -5   1   4  -2  -1  -5  -4   0  -2  -5  -4   1  -2  -5  -4  -3    5   5   3  25   0   6  33   2   1   0   1   6   1   0   0  10   1   0   0   1  0.72 0.45
  359 R    -1   1   1   2  -4   3   3  -2   0  -3  -1   1   1  -4  -2   0  -1  -4  -3  -2    5   8   6  15   0  13  19   1   2   1   5   8   5   0   2   6   4   0   0   2  0.32 0.26
  360 E     1  -2  -1   1  -1   0   2  -1  -3   1   1  -2   1  -1  -3   0   0  -1  -2   0   15   0   3   8   1   3  14   5   0  10  19   1   4   2   0   5   5   1   1   4  0.11 0.17
  361 A     0   1  -1  -1  -3   2  -1  -3  -2   0   0   1   3  -1  -3   0   0  -4  -3   1    5   7   3   3   0  13   2   1   0   6  10  12  11   3   0   9   7   0   0  10  0.17 0.21
  362 D    -2  -2   0   5  -6   1   5  -2  -1  -6  -6   1  -5  -6  -4  -2  -2  -6  -5  -5    2   1   3  30   0   5  41   2   1   0   0  10   0   0   0   2   1   0   0   0  1.11 0.61
  363 D     0   2   0   1  -1   0   1  -2   1  -1  -1  -1   0  -1  -2   0   1   0  -1   0    8  16   3  10   1   3  11   1   5   3   7   1   3   3   1   4  10   2   2   7  0.10 0.14
  364 I    -3  -5  -5  -5   0  -3  -5  -6  -4   4   3  -5   3   3  -5  -4  -2  -1   1   1    1   0   0   0   2   1   0   0   0  26  36   0   7  12   0   0   2   1   4   8  0.80 0.44
  365 K     0   1   1  -1  -4   2   1  -2  -1  -3  -4   4  -2  -5  -3   0   0  -5  -4  -3    8   7   8   2   0  11  10   2   1   1   0  35   1   0   0   8   5   0   0   2  0.56 0.40
  366 K     0   3   0   1  -4   3   2  -2  -1  -4  -4   3  -3  -3  -2   0   0  -5  -4  -4    9  14   3   8   0  12  15   3   1   0   1  22   0   1   1   5   7   0   0   0  0.47 0.35
  367 I     1   0  -2  -4  -3   1  -2  -2  -3   2   2  -1   3  -1  -4  -1  -2  -4  -1   2   10   5   2   0   0   7   1   2   0  15  20   3  11   2   0   5   0   0   2  16  0.29 0.26
  368 L     0  -1   0  -4  -3  -2  -3  -3  -3   3   2  -3   5   1  -4   0   0  -4  -1   1    6   3   5   0   0   1   1   1   0  16  16   0  17   6   0   9   6   0   1  11  0.35 0.29
  369 A     0   0  -1   2  -5   4   4  -2  -1  -5  -3   2  -4  -5  -4   0  -2  -5  -4  -2    7   3   2  11   0  18  27   3   1   0   2  14   0   0   0   7   2   0   0   3  0.58 0.41
  370 Q     1   1   1   1  -3   2   1  -2   0  -2  -2   1  -1  -3  -3   2   0  -4  -1  -1   12   8   5   6   0  14   9   2   2   2   3   9   1   1   0  15   4   0   2   6  0.20 0.20
  371 F     0   0  -2  -4  -3  -2  -3  -2   0   1   2  -3   4   3  -4  -2  -1  -3   2   0   10   5   1   0   0   2   1   4   2   7  24   0  14  16   0   3   3   0   6   4  0.35 0.29
  372 D     0   0   3   0  -4   4   2  -2  -1  -1  -2   1   2  -4  -3  -1   1  -5  -4  -2    6   4  14   5   0  20  14   1   1   4   4   7   6   0   1   4   8   0   0   2  0.33 0.30
  373 A     0  -1   0   3  -5   3   4  -2   1  -5  -3   0  -4  -5  -4   1  -1  -5  -4  -4    7   2   3  18   0  16  30   2   3   0   2   5   0   0   0  10   3   0   0   1  0.65 0.44
  374 A     1  -3   0  -2  -2   1  -1   1  -1   1   0  -2   3  -1  -2   1   1   0  -2   0   12   0   4   1   0   7   2  11   2   9   6   0  10   3   1  12  10   2   0   7  0.13 0.19
  375 Y    -1  -2  -3  -3  -1   0  -3  -2  -3   1   1  -2   6   2  -3  -2   0   1   1   1    6   2   1   1   1   4   1   3   0   6  14   1  25  10   1   1   6   2   6  10  0.40 0.33
  376 H    -1  -1   1   2  -5   4   3  -3   0  -3  -4   1  -2  -5  -2   2   0  -5  -4  -4    5   2   8  12   0  20  20   1   2   2   1   8   1   0   1  15   4   0   0   0  0.53 0.39
  377 M     1   0   0   1  -1   2  -1   0  -2   1  -1   0   2  -3  -3   0   1  -4  -3   0   12   6   5   7   1  12   2   6   0  10   4   4   7   0   0   7  10   0   0   8  0.13 0.18
  378 I     1  -2  -3  -5  -1  -3  -4  -4  -4   4   1  -4   4   1  -4  -2  -2  -4  -1   3   15   2   1   0   1   1   0   1   0  24  10   0  15   5   0   2   1   0   2  21  0.59 0.39
  379 A     1  -1   1  -2  -3  -3  -3  -2  -3   0  -1   0   2   1  -3   3   2  -4  -3   0   12   2   6   1   0   0   0   2   0   5   4   5   6   6   0  30  15   0   0   7  0.33 0.33
  380 Q     0   0   1   3  -5   4   2   0  -1  -5  -3   1  -4  -5  -3   1  -1  -5  -4  -4    7   5   8  16   0  19  15   5   1   0   2   8   0   0   0  12   2   0   0   0  0.49 0.36
  381 M     1  -4   0  -2  -4  -1  -4  -3   0   3   0  -3   6  -3  -4   0   0  -4  -2   1   12   0   6   2   0   2   0   1   2  17   7   1  28   0   0   6   6   0   1   8  0.56 0.42
  382 I     0  -4  -2  -5  -3  -2  -4  -3  -4   4   2  -2   4  -1  -4  -1  -3  -4  -3   2    7   0   3   0   0   2   0   2   0  30  23   2  11   1   0   4   0   0   0  15  0.59 0.38
  383 S     1   1   2   1  -4   3   1  -1   0  -3  -3   2  -2  -4  -3   1  -1  -1  -2  -2   11   6  11   6   0  14   7   4   2   1   2  16   1   0   0  14   2   1   1   2  0.30 0.27
  384 D     1  -1   0   3  -4   2   1   0   0  -2  -3   0  -3  -3  -3   2   0  -4  -3  -2   15   2   4  17   0  13   7   8   2   2   1   4   0   1   0  17   6   0   0   2  0.30 0.27
  385 M     0   0   1  -1  -1   1   0  -1   0   1   0   1   2  -2  -3   1   0  -3  -2   0    8   4   8   3   1   8   6   3   3   9   7   8   9   0   0  10   6   0   1   6  0.08 0.13
  386 A     1  -2   1   0  -1   1  -1   2   1  -1  -1  -1  -2   0  -3   1   1   0  -1  -1   17   1   7   4   1   8   2  14   4   3   6   4   0   4   0  11   8   1   1   3  0.12 0.16
  387 S    -1  -1   1   4  -5   3   4  -4  -3  -4  -5   1  -2  -5  -4   0  -1  -5  -5  -5    4   2   5  25   0  16  25   0   0   1   0   9   1   0   0   8   4   0   0   0  0.74 0.46
  388 T     1  -3   1  -2  -3  -2  -2  -1  -4  -2  -2  -2   2  -4  -2   3   4  -5  -4  -1   14   0   6   1   0   1   1   4   0   1   3   1   7   0   1  26  30   0   0   4  0.57 0.44
  389 H     0   1   0  -2  -3   1  -1   1   1  -1   1   1   4  -3  -3   0  -1  -4  -1  -1    8   9   5   1   0   7   1  10   4   1  13  10  15   0   0   8   3   0   1   3  0.17 0.22
  390 S     1   0   0  -2  -3   2   0  -2   1   0  -1   1   2  -2  -3   2   0  -4  -3  -1   10   4   4   1   0  13   4   2   4   6   6   9   6   1   0  22   6   0   0   3  0.20 0.23
  391 Q     0   1   2  -1  -4   5   0  -3   0  -4  -2   1  -2   0  -4   0   1  -4   0  -4   10   6   9   3   0  33   4   1   2   0   2   7   1   5   0   5   9   0   4   0  0.49 0.38
  392 V     0  -3  -5  -5  -3  -3  -4  -5  -5   5   1  -3   2   0  -4  -2  -1  -4  -3   3    7   1   0   0   0   1   0   0   0  42  14   1   5   3   0   3   3   0   0  20  0.75 0.41
  393 S     3  -2   0  -3  -3   0  -3  -1  -3   2   0  -3  -1  -2  -3   1   3  -4  -3   0   26   1   5   0   0   4   0   3   0  16   7   0   1   1   0  12  18   0   0   5  0.33 0.30
  394 A     1   4   1  -1  -4   2   0   0   2  -4  -4   2  -1  -4  -3   1  -1  -4  -3  -4   16  25   8   2   0  11   4   6   5   0   0  11   2   0   0   9   2   0   0   0  0.45 0.32
  395 N    -2   2   6  -1  -5   1  -1  -3   2  -5  -5   1  -2  -4  -3  -1  -1  -5   1  -5    3  12  49   1   0   6   3   1   4   0   0   7   1   0   1   4   2   0   4   0  0.91 0.50
  396 L    -4  -5  -5  -6  -4  -4  -5  -6  -5   5   3  -5   7  -1  -5  -5  -3   0  -3   1    0   0   0   0   0   0   0   0   0  33  25   0  32   1   0   0   0   2   0   8  1.23 0.56
  397 G     2  -1   2  -1  -3   0  -2   4  -3  -4  -4  -2  -3  -4  -3   1   2  -4  -4  -2   18   3  11   3   0   5   0  35   0   0   0   0   0   0   0   7  16   0   0   2  0.53 0.28
  398 R    -2   5  -2  -3  -4   1  -1   0   3  -4  -2   4  -3  -4   0  -1  -2  -4  -3  -4    2  38   0   0   0   7   0   7   8   0   3  28   0   0   5   1   0   0   0   0  0.71 0.33
  399 R     1   5  -1  -1  -3   1  -1  -3  -2  -4  -3   1  -3  -4  -3   2   2  -4  -3  -3   15  41   0   3   0   4   0   0   0   0   0   3   0   0   0  20  12   0   0   0  0.60 0.30
  400 Q     1   0  -2  -3  -3   3   0  -1  -2  -2  -1   1   6  -3   0  -1  -2  -3  -3  -2   18   5   0   0   0  16   4   5   0   0   0  10  35   0   5   2   0   0   0   0  0.41 0.25
  401 A     4  -2  -2  -3  -2  -2  -2  -1  -3   0  -2  -2   0  -3   2   1   1  -4  -3   1   50   0   0   0   0   0   0   0   0   5   0   0   3   0  12  11   8   0   0  12  0.41 0.18
  402 V    -1  -3  -4  -4  -1  -3  -3  -4  -4   3   0  -3   0  -1  -3  -2  -1  -3  -2   5    0   0   0   0   0   0   0   0   0  19   0   0   0   0   0   0   0   0   0  81  0.63 0.13

                      K         Lambda
Standard Ungapped    0.1276     0.3160
Standard Gapped      0.0334     0.2670
PSI Ungapped         0.1092     0.3170
PSI Gapped           0.0334     0.2670
