
Last position-specific scoring matrix computed, weighted observed percentages rounded down, information per position, and relative weight of gapless real matches to pseudocounts
           A  R  N  D  C  Q  E  G  H  I  L  K  M  F  P  S  T  W  Y  V   A   R   N   D   C   Q   E   G   H   I   L   K   M   F   P   S   T   W   Y   V
    1 M   -5 -6 -7 -7 -5 -5 -6 -7 -6 -2  6 -6  6 -3 -7 -6 -5 -5 -5 -3    0   0   0   0   0   0   0   0   0   0  78   0  22   0   0   0   0   0   0   0  1.88 0.68
    2 E    0 -1 -2  1 -6  3  6  0 -2 -6 -6 -2 -5 -6 -3 -1 -2 -6 -5 -5   10   3   1   5   0  12  55   7   1   0   0   1   0   0   1   4   1   0   0   0  1.03 0.52
    3 S   -1 -2  2  5 -5 -1  2 -1  4 -6 -5 -1 -5 -4 -3  0 -3 -6 -3 -5    6   1   8  38   0   2  14   5  11   0   0   4   0   0   1   8   1   0   0   0  0.82 0.42
    4 L   -2  4 -2 -3 -2  1 -1 -4  2  0  2  2  1 -1 -4 -2 -2  0  0 -1    2  23   1   1   1   7   4   0   5   5  24  13   3   2   0   1   1   1   4   2  0.36 0.27
    5 V    3 -5 -5 -5  0 -4 -5 -4 -5  1 -1 -4 -2 -3 -5 -1  1 -5 -3  5   27   0   0   0   2   0   0   0   0   6   4   0   0   1   0   4   7   0   1  47  0.86 0.46
    6 S   -1  3 -4 -2 -5 -2  0 -3  2 -2 -3 -1 -2  2 -3 -2 -2  3  6 -3    6  19   0   2   0   1   8   2   5   2   2   2   0   6   1   3   2   3  34   2  0.72 0.40
    7 E   -2 -1 -2  2 -7  0  7 -5 -2 -5 -4 -1 -5 -4 -3 -3 -3 -2 -3 -5    3   3   1  11   0   3  69   0   1   0   1   2   0   1   1   0   1   1   1   0  1.39 0.63
    8 I   -4 -5 -6 -6 -4 -5 -6 -7 -6  6  4 -5  4  0 -6 -5 -4 -5 -2  1    0   0   0   0   0   0   0   0   0  42  40   0   9   3   0   0   0   0   1   5  1.22 0.51
    9 N   -1 -5  8 -3 -1 -4 -4 -4 -4 -4 -7 -4 -6 -7 -6  0 -2 -8 -6 -6    6   0  85   0   1   0   0   0   0   1   0   0   0   0   0   5   2   0   0   0  2.32 0.90
   10 L   -1  3 -2 -3 -4  0  0 -3 -1 -1  1  3  0  1 -4 -2 -1 -3  2  0    3  21   1   0   0   3   6   2   1   2  14  18   2   8   0   1   2   0   8   7  0.30 0.26
   11 A    3  1 -2 -2 -1  2  2 -3  0 -1 -1  1 -1 -4 -3 -1  0  0 -2 -1   29   8   1   1   1   9  18   1   2   3   5   7   1   0   0   3   6   2   1   3  0.29 0.26
   12 A    5 -4 -1 -3 -4 -4 -4  3 -4 -3 -3 -4 -1 -5 -4  2 -2 -5 -2 -4   52   0   2   1   0   0   0  23   0   1   2   0   1   0   0  14   1   0   1   0  0.96 0.52
   13 S    6 -5 -5 -5  0 -4 -4 -2 -5 -2 -4 -4 -2 -5 -4 -1 -1 -6 -5  2   69   0   0   0   2   0   0   2   0   2   0   0   1   0   0   4   3   0   0  15  1.22 0.61
   14 R   -1  5 -1 -2 -5  2  3 -3 -1 -3 -3  3 -2 -5 -4 -1 -1 -5 -4 -3    5  33   1   1   0   8  20   2   1   2   2  15   1   0   0   4   3   0   0   2  0.65 0.39
   15 L   -2 -2 -1 -5  0 -1 -5 -6 -5  5  4 -4  1 -3 -5 -4 -2 -5 -4  1    2   3   3   0   2   3   0   0   0  30  45   0   2   0   0   0   2   0   0   7  0.84 0.44
   16 E    6 -4 -4 -4  1 -4 -2 -1 -4 -2 -2 -4 -4 -5 -4 -1 -2 -5 -4  0   73   0   0   0   3   0   2   3   0   2   3   0   0   0   0   3   2   0   0   6  1.21 0.63
   17 R   -2  7 -2 -4  0 -1 -2 -3 -1 -3 -3  3 -2 -5 -4 -2 -3 -5 -2 -2    3  56   1   0   2   1   2   2   1   1   3  17   1   0   0   2   1   0   1   4  1.10 0.55
   18 E    1  3 -2  0 -1  2  4 -2 -1 -3 -3  2 -1 -5 -4 -1 -2 -5 -4 -3   12  16   1   4   1   7  33   3   1   2   1  11   1   0   0   4   2   0   0   1  0.52 0.37
   19 C    5 -1 -4 -4  2 -1 -1 -3 -4 -1 -2 -1  0 -2 -4  0 -1  1 -4  2   49   3   0   0   4   2   3   0   0   3   3   4   2   2   0   5   3   2   0  14  0.59 0.43
   20 A    4  0 -4 -4  4 -3 -1 -1 -4  1 -2 -1 -3 -1 -4  0  0 -4 -4  2   39   5   0   0  10   0   3   3   0   7   3   3   0   3   0   5   4   0   0  13  0.47 0.37
   21 D    0  0  0  4 -4  0  2 -1  1 -1 -2  0  0 -4 -1  0  0  2 -3 -1    7   4   5  29   0   3  11   4   3   3   4   5   3   0   3   4   4   3   0   3  0.30 0.26
   22 A    0  0  0  0 -2  1  0  0  1  0  0  0  1  0  1  0  0 -3 -1  0    6   6   6   6   0   6   6   6   6   6   6   6   6   6   6   6   6   0   0   6  0.04 0.07
   23 W   -1 -2 -2 -2  1 -1 -2 -4  2  0 -1 -2  1  5 -2 -2 -2  3  4  1    6   2   2   3   3   2   3   1   5   4   5   3   3  23   3   3   2   3  15  10  0.42 0.31
   24 S    0  0  1 -1  1  0  0 -1 -2 -1 -1  0  2 -1 -1  2  2 -3  0 -1    7   4   6   3   3   3   7   5   0   3   4   4   7   3   3  15  16   0   3   4  0.11 0.16
   25 V    2  0  0  0 -3  1  0  0  1 -1 -1  1  0 -1  0  1  0 -3 -2 -1   18   6   5   5   0   7   5   5   3   3   5   9   3   3   4   8   6   0   0   4  0.09 0.12
   26 R    0  0  1  0 -2  1  0  0  2  0 -1  0  1 -2  1  0  0 -3 -2  0    6   6   6   6   0   6   6   6   6   6   6   6   6   0   6   6   6   0   0   6  0.06 0.08
   27 T    0  0  1  1  1  0  0 -1  1 -1 -1  0  0 -2  0  0  3 -3  0 -1    6   4   6   7   3   4   7   5   4   4   4   4   3   1   5   5  22   0   3   4  0.12 0.15
   28 P    0  0  0  2  1  0  0  0  1 -3 -2 -1  0 -3  3  1  0 -4  0 -2    6   4   3  12   3   3   4   7   4   0   5   4   3   0  18  12   4   0   3   3  0.24 0.22
   29 N   -1 -1  0  0  1  0  0  4  1 -2 -3 -2  0 -1 -1 -1 -1  2 -1 -2    5   4   4   6   3   4   6  32   3   3   3   3   3   3   3   4   4   2   3   3  0.40 0.27
   30 K    0  0  1  0 -3  1  0  0  2  0 -1  0  1 -2  1  0  0  3 -2  0    6   6   6   6   0   6   6   6   6   6   6   6   6   0   6   6   6   6   0   6  0.08 0.11
   31 P   -1  0  0  0  2  0  0 -1  2  0 -1  0  2  1  0 -1  0  4  1 -1    5   5   5   5   5   5   5   5   5   5   5   5   5   5   5   5   5   5   5   5  0.09 0.08
   32 R    0  4 -1 -3  1  0 -2 -2  0  1 -1  0  0 -2 -1 -1 -1 -3 -1  2    5  29   2   0   3   2   0   3   3   8   3   5   2   0   2   3   2   0   2  24  0.25 0.19
   33 Y   -1 -3 -3 -4  1 -3 -3 -1  1  1  0 -3  1  5 -4 -3 -2  4  4  0    5   0   0   0   4   0   0   4   4  12   6   0   4  32   0   0   0   7  15   4  0.48 0.19
   34 V    1 -2 -2 -3  4 -2 -2 -2 -3  2  1 -2  2 -1 -2  1  1 -3 -2  1   12   0   0   0  12   0   0   0   0  12  12   0  12   0   0  12  12   0   0  12  0.21 0.10
   35 A    3 -3 -2 -3  2 -2 -2  0 -3  0  1 -2  1  1 -2  0  0 -3 -1  0   41   0   0   0   5   0   0   5   0   5  12   0   5   9   0   5   5   0   0   6  0.23 0.15
   36 G    1 -2 -2 -2 -2 -2 -2  2 -2 -1  1 -2  3  2 -2  1 -1 -2  0 -1   17   0   0   0   0   0   0  17   0   0  17   0  17  17   0  17   0   0   0   0  0.15 0.06
   37 V    2 -1  0  1  0 -1 -1 -1 -2 -1 -2 -1 -1 -3 -1  4  0 -3 -2 -1   16   2   2  11   2   0   2   2   0   2   4   2   2   0   2  44   2   0   0   4  0.29 0.15
   38 L   -1 -2 -2 -3 -1 -2 -2 -3 -2  2  2 -2  3  1 -2 -1 -1 -2 -1  2    1   1   1   1   0   1   1   1   0  23  26   1  13   8   1   8   1   0   0  15  0.19 0.04
   39 G    1 -2 -1 -1 -2 -1 -1  5 -2 -3 -3 -1 -2 -3  2  1 -1 -2 -2 -2   11   1   1   1   0   1   1  54   0   1   2   1   0   1  11  11   1   0   1   1  0.53 0.07
   40 P   -1 -1 -1 -1 -2  0 -1  0 -2 -2 -2 -1 -2 -3  7  0 -1 -3 -2 -2    1   1   1   1   0   7   1   8   0   1   2   1   0   1  60  10   1   0   1   1  1.04 0.08
   41 T    0 -2  0 -2  0 -1 -2  1 -2 -1  1 -2  0 -1 -2  1  4 -2 -2  0    5   1   3   1   2   2   1  11   0   2  15   1   2   2   1   7  38   0   0   4  0.20 0.13
   42 N    0  0  3  0 -2 -1 -1  3  0 -2 -3 -1 -2 -3  0  1  1 -3 -2 -1    6   4  22   2   0   2   2  26   2   2   1   2   0   0   5   7  11   0   0   4  0.28 0.11
   43 R   -1  0 -2  0  2  0  0 -1  1  0 -1  0  1  0  0  0  0  3  1  0    5   5   0   5   5   5   5   5   5   5   5   5   5   5   5   5   5   5   5   5  0.02 0.11
   44 T   -1  0 -1 -1  0 -1 -3 -1  0  0  1 -1  1  1  0  0  2 -3 -1  0    4   4   2   2   2   3   0   6   2   5  18   2   3   8   6   8  18   0   2   4  0.12 0.19
   45 A    0 -1 -1 -3  1 -1 -1 -1 -3  1  2 -1  1  1  0 -1 -1 -3 -2  1    9   4   3   1   3   3   3   5   0   6  28   3   4   5   5   4   4   0   0   8  0.10 0.16
   46 S    1 -1 -1 -2  0  0  0 -2 -1 -2 -2  0  0 -1  0  4  0 -4  0 -2   13   3   2   2   2   4   6   3   2   2   3   6   2   2   4  32   4   0   3   2  0.31 0.30
   47 I   -2 -1  0 -3  0 -1 -2 -3 -1  2  1 -2  3  0  3 -1 -1 -3 -1  0    2   4   5   1   2   3   3   2   2  13  16   2   8   3  17   4   4   0   2   7  0.25 0.22
   48 S    0 -2 -1  0 -1 -1  0  0 -3 -1  0 -1  0 -1  0  3  1 -3  0  0    6   2   2   4   1   2   6   8   0   4  11   2   2   3   5  24   8   0   3   7  0.12 0.18
   49 P   -1 -2 -2 -1 -3 -1 -1  3 -1 -1 -2 -1 -1 -1  5 -1 -1 -3 -3 -2    4   2   2   3   0   2   4  23   2   4   3   3   2   3  30   4   4   0   1   3  0.59 0.35
   50 N    0 -1  0  4 -1 -1  0  1  0 -2 -2  0 -1 -2 -1  1 -1 -1 -2 -2    7   3   5  27   1   2   6   9   2   2   4   5   2   2   3   9   3   1   1   3  0.25 0.19
   51 V   -1  0  0  0 -3  0  0 -1  2  0 -1  0  1  0  0  0  0  3  1  0    5   5   5   5   0   5   5   5   5   5   5   5   5   5   5   5   5   5   5   5  0.06 0.08
   52 N   -1 -1  1  2 -3  0  1 -1 -2  0  0  0  1  0 -1  0  0 -3  0 -1    5   3   8  13   0   5  12   4   0   6   9   4   4   4   3   5   7   0   4   4  0.09 0.12
   53 D   -2  0  2  4 -4  0  2  0 -1 -1 -2  0 -3 -2  0 -1 -1 -4 -3 -1    3   6  10  22   0   4  14   8   2   5   3   5   0   2   4   2   4   0   0   5  0.29 0.23
   54 P    0 -2 -4 -1  0 -3  0 -2  1 -1 -2 -1 -4 -5  7 -1 -1 -5 -4 -4    9   3   1   3   2   1   5   3   3   3   4   5   0   0  48   5   4   0   0   1  1.03 0.55
   55 A    1  0 -1  2 -2  0  1  2  0 -2 -2 -1 -1 -1  0  1  0  1 -1 -1   12   5   2  11   0   3   7  16   2   2   3   3   1   2   4  11   7   2   2   4  0.12 0.11
   56 Y    1 -1  0 -2  0  0 -1 -1 -1  0  1  0  0  2 -2  0 -1  1  2 -1   13   4   4   2   3   4   3   4   1   4  16   5   3  11   1   7   4   2   7   4  0.07 0.10
   57 R   -1  6 -2 -2 -1 -1 -1  2 -1 -4 -3  1 -1 -4 -3 -1 -2 -4 -1 -3    4  40   2   2   1   2   3  17   2   1   3   8   1   1   1   5   2   0   2   2  0.68 0.40
   58 N    2  0  3  2 -3  0  1  0  1 -2 -2  0 -2 -3 -1  1  0 -1 -3 -2   18   4  16  10   0   3   8   6   4   2   4   6   1   1   3   9   4   1   1   2  0.22 0.19
   59 I   -1 -3 -3 -4  0 -2 -3 -3 -1  4  1 -2  0  1 -2 -2  0 -3 -1  4    6   1   1   1   2   2   1   2   2  21  12   2   2   5   2   2   6   0   2  29  0.42 0.27
   60 D   -1 -2 -1  2 -2 -2 -2 -1  0 -3 -3 -2 -3 -3  1  3  5 -4 -1 -3    4   2   3  11   1   1   2   4   2   1   3   2   0   1   6  20  34   0   3   1  0.54 0.40
   61 F   -2 -3 -4 -2 -4 -2 -2 -4 -1 -2 -1 -2 -2  7 -1 -3 -4  5  4 -2    4   2   1   2   0   2   2   1   1   1   5   2   1  49   3   2   1   7  11   3  1.17 0.57
   62 D    0 -1  0  6 -5  0  3 -1 -1 -5 -4 -1 -3 -5 -3 -1 -2 -5 -5 -5    7   3   3  46   0   3  18   6   1   0   2   2   1   0   1   3   2   0   0   1  0.94 0.53
   63 Q   -1 -2 -2  2 -5  3  5 -3 -2 -3 -3 -2 -1 -2 -3 -2  1 -5 -3 -1    4   1   1  12   0  13  40   2   1   1   3   2   2   2   1   2   9   0   1   4  0.72 0.48
   64 L    1 -1 -5 -5 -4 -2 -4 -4 -5  2  4 -3  3  0 -5 -4 -3 -4 -2  1   13   3   0   0   0   1   0   1   0  10  46   1   8   3   0   0   0   0   1   9  0.70 0.43
   65 V    1  3 -3 -4 -2  0  0 -3 -1 -1 -1  1 -1  1 -4 -2 -1  0  2  3   10  18   0   0   1   3   7   1   1   2   4   9   1   5   0   2   3   1   8  24  0.31 0.30
   66 N    2 -1  0  4 -5  0  4 -2 -1 -3 -4 -1 -4 -3 -4 -1 -1 -5 -5 -4   17   2   3  26   0   4  29   3   1   1   1   4   0   1   0   3   3   0   0   1  0.67 0.46
   67 A    4 -3  1 -2 -1 -3 -3 -1 -3  1 -1 -4 -1 -2 -4  1  0 -5 -2  1   42   1   6   1   1   1   1   4   1   7   4   0   1   2   0  12   5   0   1  10  0.49 0.41
   68 C   -5 -7 -3 -5 -3 -6 -7 -7 -4 -1 -1 -7 -5  6 -7 -5 -6 -1  8 -3    1   0   1   1   1   0   0   0   0   3   5   0   0  34   0   1   0   1  52   1  2.19 0.98
   69 R    0  4 -2 -2  0  1  1 -2  0 -2 -2  2 -2  0 -4  0  0 -4  2 -2   10  24   0   2   2   5   8   2   2   2   4  14   1   3   0   5   5   0   9   3  0.32 0.29
   70 Q   -3 -1 -3  0 -2  2  6 -4  0 -2 -3 -1 -4 -5 -2 -3 -2 -6 -6 -1    2   3   0   5   1   8  60   1   2   2   3   2   0   0   2   1   2   0   0   5  1.14 0.69
   71 S    0 -4 -2 -4 -3  9 -3 -3 -1 -7 -6 -4 -3 -8 -4 -2 -5 -7 -6 -6    7   0   2   1   1  80   1   2   1   0   1   0   0   0   1   2   0   0   0   0  2.32 1.17
   72 A    4 -5 -5 -6 -1 -5 -5 -4 -6  4 -2 -5  1 -3 -5 -2 -1 -6 -5  3   39   0   0   0   1   0   0   1   0  26   3   0   4   1   0   3   4   0   0  19  0.93 0.57
   73 D    0  4 -1  1 -2  2  3 -3 -1 -2 -1  2 -2 -4 -4 -1 -2 -5 -3 -2    8  21   2   7   1   7  21   1   1   2   5  12   1   0   0   4   2   0   0   3  0.41 0.33
   74 G    5 -6 -3 -5 -3 -5 -5  6 -6 -4 -6 -5 -5 -6 -4 -1 -3 -6 -6 -4   40   0   1   0   1   0   0  52   0   1   0   0   0   0   1   3   1   0   0   1  1.49 0.75
   75 R   -5 -4 -7 -7 -5 -3 -6 -7 -6 -1  6 -6  1 -2 -6 -6 -5 -5 -5 -2    0   1   0   0   0   1   0   0   0   3  87   0   3   1   0   0   0   0   0   2  1.80 0.80
   76 R    0  0 -3 -4 -3 -2 -3 -4 -4  4  2 -1  1 -2 -4 -3 -2 -2 -2  2    8   5   1   0   0   1   2   1   0  32  23   3   2   1   0   1   2   0   1  15  0.51 0.31
   77 R    1  0 -1  4 -4  0  4 -1 -3 -4 -3  0 -4 -5 -3 -1 -2 -5 -4 -3   11   5   2  26   0   4  32   5   0   0   2   4   0   0   0   3   2   0   0   2  0.65 0.39
   78 R   -1 -3 -3 -4 -3 -4 -3  7 -4 -4 -2 -4 -2 -5 -4 -2 -3 -5 -5 -5    4   2   0   1   1   0   2  78   0   1   4   1   1   0   1   2   1   0   0   1  1.66 0.67
   79 S   -2 -3  0 -1 -4 -3 -3  6 -4 -2 -2 -3 -2 -4 -4 -2 -2 -4 -4  0    1   1   3   3   0   1   1  66   0   2   5   1   1   0   1   3   3   0   0   6  1.15 0.50
   80 H   -3 -5 -5 -2 -4 -3 -1 -6  1  3 -2 -5 -3 -1 -5 -4 -3 -5 -2  6    1   0   0   2   0   1   5   0   4  14   1   0   0   3   0   0   0   0   1  66  1.27 0.61
   81 N   -2 -6 -1  8 -7 -4 -2  1 -5 -7 -7 -5 -7 -7 -5 -3 -5 -8 -7 -7    4   0   2  80   0   0   2  11   0   0   0   0   0   0   0   1   0   0   0   0  2.13 0.88
   82 G   -1 -2 -3 -2 -5 -4 -3  7 -4 -6 -6 -3 -5 -5 -4 -1 -4 -5 -5 -5    3   3   0   1   0   0   2  89   0   0   0   0   0   0   0   3   0   0   0   0  1.71 0.48
   83 R    3 -1 -2 -3 -3 -3 -3  5 -3 -2 -2 -2 -2 -4 -3  0 -2 -4 -4  1   34   3   0   0   0   0   0  45   0   0   4   0   0   0   0   3   0   0   0  12  0.65 0.25
   84 N    0 -3  2  5 -1 -2  0 -3 -3 -1 -3 -2 -2 -4 -3 -1 -2 -5 -4  3    7   0   9  46   2   0   2   0   0   2   0   0   0   0   0   2   0   0   0  30  0.65 0.27
   85 H    1 -2  0  3 -3 -1  0 -3  6 -1  0 -2 -1  1 -3 -2 -2 -3  1  0   14   0   2  22   0   1   4   0  26   2  12   0   1   6   0   0   0   0   3   6  0.35 0.19
   86 L   -3 -4 -5 -5 -3 -3 -2 -5 -4  4  5 -4  1 -1 -4 -4 -2 -3 -3  1    0   0   0   0   0   0   2   0   0  24  65   0   2   0   0   0   0   0   0   5  0.81 0.27
   87 R   -1  0 -1 -4 -2 -3 -4 -4 -4  5  1 -3  0  0 -4 -3  0 -3 -2  1    5   6   3   0   0   0   0   0   0  69   9   0   0   4   0   0   4   0   0   0  0.55 0.21
   88 Y   -3 -4 -4 -4 -3 -4 -4 -4 -1 -1 -1 -4 -1  7 -5 -3 -3  1  5 -2    0   0   0   0   0   0   0   0   0   0   0   0   0  75   0   0   0   0  25   0  1.23 0.21
   89 S    1 -1  0 -1 -1  0 -1 -1 -1 -2 -2  0 -1 -2 -1  3  4 -3 -2 -1    0   0   0   0   0   0   0   0   0   0   0   0   0   0   0  50  50   0   0   0  0.39 0.00

                      K         Lambda
Standard Ungapped    0.1295     0.3165
Standard Gapped      0.0494     0.2670
PSI Ungapped         0.1615     0.3166
PSI Gapped           0.0494     0.2670
