
Last position-specific scoring matrix computed, weighted observed percentages rounded down, information per position, and relative weight of gapless real matches to pseudocounts
            A   R   N   D   C   Q   E   G   H   I   L   K   M   F   P   S   T   W   Y   V   A   R   N   D   C   Q   E   G   H   I   L   K   M   F   P   S   T   W   Y   V
    1 M    -1  -2  -3  -4  -2  -1  -2  -3  -2   1   3  -2   5   0  -3  -2  -1  -2  -1   1    0   0   0   0   0   0   0   0   0   0  35   0  65   0   0   0   0   0   0   0  0.38 0.02
    2 K    -1   3  -1  -1  -4   1   0  -2  -1  -3  -3   5  -2  -4  -2  -1  -1  -3  -2  -3    0  16   0   0   0   0   0   0   0   0   0  84   0   0   0   0   0   0   0   0  0.67 0.07
    3 V    -1  -3  -3  -3  -1  -2  -3  -3  -3   3   0  -2   0  -1  -3  -1   1  -3  -2   4    0   0   0   0   0   0   0   0   0  15   0   0   0   0   0   0  15   0   0  70  0.37 0.05
    4 N    -1   0   4   0  -3   0   1  -1   3  -3  -3   2  -2  -3  -2   1  -1  -4  -2  -3    0   0  38   0   0   0  13   0  13   0   0  23   0   0   0  14   0   0   0   0  0.44 0.07
    5 L    -2  -3  -3  -4  -2  -3  -3  -4  -3   2   4  -3   1   2  -3  -2   1  -2  -1   1    0   0   0   0   0   0   0   0   0  17  56   0   0   8   0   0  10   0   0   9  0.41 0.09
    6 E     0   1   2   2  -3   0   3  -2  -1  -2   0   0  -1  -3  -2   0  -1  -3  -2  -2    8   8  16   9   0   0  37   0   0   0  15   0   0   0   0   8   0   0   0   0  0.31 0.10
    7 Q     1   2  -1  -1   2   4   2   0  -1  -3  -3   2  -2  -4  -2   0  -1  -3  -2  -3   12  15   0   0   6  26  14   6   0   0   0  15   0   0   0   6   0   0   0   0  0.37 0.12
    8 N     1  -1   4  -1  -3   1  -1   0  -1  -4  -4   1  -3  -4   1   2  -1  -4  -3  -3   12   0  36   0   0   5   0   5   0   0   0  11   0   0   6  25   0   0   0   0  0.47 0.18
    9 H     1  -2  -2  -3  -3  -1   0  -3   5  -1  -1  -2   1   0   0   0   0  -1   4  -2   19   0   0   0   0   0   5   0  22   5   6   0   6   0   5   4   5   0  24   0  0.37 0.18
   10 Y     0  -2  -2  -3  -2  -2  -2   0   3   1   1  -2  -1   1  -3   0   1  -1   4   0    8   0   0   0   0   0   0   8   8   9  17   0   0   5   0   8   9   0  24   4  0.23 0.15
   11 Y     1   2  -2  -3  -3  -2  -1  -3  -1  -2  -1  -2  -2   2  -3  -1   1   2   5   0   16  15   0   0   0   0   3   0   0   0   6   0   0  10   0   3  13   3  25   5  0.34 0.20
   12 E     1   0  -1   0  -3   1   3  -2   0  -2  -3  -1  -2  -3  -2   3   1  -3   0   0    8   3   0   2   0   6  21   0   2   0   0   0   0   0   0  35   8   0   4  10  0.36 0.23
   13 Q     2   0  -2  -2  -3   5   2  -3  -2   0  -2   1   0  -4  -3   0  -1  -4  -3  -1   21   3   0   0   0  34  13   0   0   5   3   6   3   0   0   5   2   0   0   5  0.49 0.30
   14 R     0   3   1   0  -4   1  -2  -2  -3  -5  -4   0  -4  -5   5   2  -2  -5  -4  -4    8  22   9   5   0   8   0   2   0   0   0   4   0   0  26  16   0   0   0   0  0.68 0.34
   15 G    -1   1   1   2  -4  -1   0   1  -2  -1  -2   2  -1  -3   3   0  -2  -4  -2  -2    2   6   7  16   0   0   5  13   0   4   4  14   2   0  14   8   0   0   1   2  0.27 0.18
   16 G     1   0   0  -1   0   3   0   3  -1  -1  -1  -1  -1  -3  -1   1  -1  -3  -3  -2   13   4   4   2   2  16   5  22   1   4   5   0   2   0   2  12   2   0   0   2  0.22 0.17
   17 S     0  -1  -1  -2  -3   0   0   1  -1  -3   1   0  -2  -1   4   1  -1   1   0  -2    7   2   1   0   0   5   7  10   1   0  15   6   0   2  23  12   2   2   3   0  0.31 0.19
   18 D     0   0   1   3  -3   0   0  -1   0  -1  -2   1   0  -1  -1   0   1  -3  -2  -1    6   5   7  22   0   4   4   3   2   3   4  10   3   4   3   6  11   0   0   3  0.17 0.13
   19 L    -1   1  -1  -1  -1  -2  -1  -3  -1   2   2  -2   3   0  -2  -2   0   1   0   1    5   9   4   3   1   0   4   0   1  11  23   0  10   3   2   0   5   2   4  13  0.17 0.16
   20 R     0   2  -1   1  -4   0   0  -2   1  -2   0   3   0  -4   2   0  -1  -4  -3  -2    6  15   2  11   0   3   3   2   4   2  10  21   3   0   9   5   2   0   0   2  0.24 0.20
   21 E     0   1  -1   1  -4   1   3  -1  -1  -5  -3   2  -4  -5   2   1   0  -5  -4  -4    7   6   2   7   0   5  25   4   1   0   2  14   0   0  10  11   4   0   0   0  0.43 0.30
   22 Q     2  -1   1   1  -4   1   3  -2   0  -1  -3   0  -3  -4  -2   2   1  -4   0  -3   16   2   7   8   0   7  21   1   2   3   1   4   0   0   1  16   7   0   4   0  0.34 0.28
   23 L    -2  -3  -6  -6  -4  -2  -5  -6  -5   2   5  -3   3   0  -3  -3  -4  -5  -2  -2    4   1   0   0   0   1   0   0   0   9  66   2   8   3   1   2   0   0   1   1  1.09 0.55
   24 S     0   1   0   0  -2   1   1  -1   2   0  -1   1   0  -3  -1   0   1  -4  -2   0   10   8   4   4   1   7   9   3   5   6   4  11   2   0   1   7   8   0   1   7  0.10 0.11
   25 S     0  -1   1   1  -1   1   3   0   2  -3  -3   1  -3  -2   0   2  -1  -4  -3  -4    9   2   7   8   1   7  19   8   5   1   2   8   0   1   4  15   3   0   0   0  0.27 0.23
   26 Y    -2  -4  -6  -6  -6  -3  -1  -7  -1   2  -1  -2  -4   0  -6  -3  -5  -3   8  -2    3   1   0   0   0   1   5   0   1  13   6   2   0   2   0   2   0   0  61   3  1.68 0.76
   27 I     1  -1  -5  -5  -4  -2  -4  -2  -2   5   3  -1   1  -2  -5  -4  -3  -4   0   0   14   4   0   0   0   2   0   3   1  32  29   3   2   1   0   0   0   0   4   5  0.59 0.38
   28 D     1   0   2   2  -1   2   2  -2   2  -3  -2   1  -1  -4  -3   1   0  -5  -3  -3   15   5   9  15   2  11  11   2   5   1   3   7   2   0   0   9   4   0   0   1  0.30 0.25
   29 L     0   2   0   2  -4   2   2  -2   1  -2  -1   1  -1  -1  -2   0   0  -4  -1  -2    7  11   5  11   0   9  13   2   3   3   5   9   1   2   1   7   7   0   2   2  0.18 0.16
   30 M     1  -4  -4  -3  -1  -2  -4  -5   0   3   3  -4   2  -2  -5  -1  -1  -5  -3   2   13   0   0   2   1   2   0   0   3  18  34   0   4   1   0   4   4   0   0  15  0.53 0.34
   31 D    -1   1   0  -1  -1   0   4  -3  -1  -1   0   2   0  -4  -2  -2  -1  -4  -2   0    3   9   4   3   1   2  34   1   1   2  10  12   3   0   1   1   3   0   2   8  0.37 0.30
   32 D     1   2   2   2  -4   1   1  -2   2  -4  -3   0  -3  -4  -3   1   1  -4  -1  -3   14  12   9  13   0   5   7   2   6   0   2   5   0   0   0  13   9   0   3   0  0.31 0.26
   33 A     2   0   1   2  -2   1   0  -2   3  -2  -2   0  -1   0  -3   1   0  -4   0  -3   20   4   7  13   1   6   5   2   8   3   4   6   1   4   0  10   4   0   3   0  0.19 0.20
   34 I    -1  -2  -5  -3  -4  -2  -3  -5   0   3   4  -1   0   0  -5  -4  -3  -4   1   0    5   2   0   1   0   2   2   0   2  18  46   5   1   3   0   0   0   0   6   6  0.61 0.37
   35 R     1   2   1  -1  -3   0   1  -1  -1  -1   0   2  -2  -1  -1   1   0  -4  -3  -2   15  11   6   2   0   4  11   3   1   4  10  12   0   3   2  10   4   0   0   2  0.14 0.16
   36 Q     1   0   4   2   0   2   0  -3   2  -4  -3   1  -1  -3  -3   1   0  -5  -4  -4   12   5  23  10   2   9   4   0   5   0   2   8   1   1   0  10   5   0   0   0  0.42 0.31
   37 G    -2  -1   4   0  -5   1  -1   4   4  -2  -3  -2   1  -5  -4  -1  -3  -5  -4  -5    2   3  22   5   0   6   3  34  10   3   3   2   3   0   0   4   0   0   0   0  0.69 0.41
   38 K    -2   2   1  -1  -2   0   1  -3  -1   0  -1   2  -1  -2  -1   0   2  -4  -1  -1    1  13   9   2   1   2  11   0   1   8   5  16   1   1   3   8  13   0   2   3  0.22 0.21
   39 Q    -1  -2  -2  -2  -4   6   1  -1   0  -4  -4   0  -1  -1  -1  -1  -1   7  -2  -2    5   1   2   1   0  37  10   4   2   0   1   4   2   3   3   3   3  14   1   3  0.84 0.48
   40 L     0  -1  -2  -1  -1  -1  -2  -1   0   1   1  -1   1   1   1   0   0   0   1   0   10   2   1   3   1   3   1   4   2  11  15   3   3   9   9   8   4   1   5   6  0.07 0.08
   41 P    -1  -2  -1   2  -4  -2   0  -1   0  -3  -3  -3   1  -4   6   0  -1  -4  -1  -2    5   2   3  12   0   1   6   5   2   1   2   1   4   1  37   9   4   0   2   3  0.70 0.35
   42 K     0  -1   2   3  -3   0   0   1   0  -1  -2   1  -1  -3   1   0   0  -3  -3  -2    8   3  10  17   0   3   5   9   3   4   4   9   2   0   8   4   8   0   0   2  0.18 0.14
   43 D     0   1   1   1  -3   1   2  -2  -2   0  -1   0  -1  -1   0   1   0   1  -1   0    7   7   8   7   0   4  16   1   0   6   4   4   1   2   5  10   6   3   2   6  0.12 0.11
   44 T     0   0   1   0  -3   0   1  -2   0  -1  -2   0   0   0   1   1   1  -2   1  -1    8   4   9   5   0   3   9   1   1   4   3   4   3   5   6  14  11   0   6   3  0.11 0.12
   45 A     0  -2   1   0  -3  -1   0  -3  -2   1   0  -1   1   2   1   0   0   0   1   1    8   0   7   6   0   1   6   1   0  11   7   2   5  10   6   7   7   1   5   8  0.09 0.12
   46 A     2   1   0  -1   0  -1   0  -1  -1   0   0   0  -1  -2  -1   0   2  -1  -2   0   18   7   4   3   2   1   7   3   1   7  11   5   0   0   2   6  14   1   1   7  0.09 0.12
   47 A     0   0   1   1  -2   0   0  -1   1   1   0   0   0   0  -2   0   0  -3  -1   0    6   5   6   9   0   5   6   3   4  12  11   7   2   4   1   4   8   0   1   6  0.04 0.06
   48 N     0   1   0  -1  -3   0   0  -1   0   0   2  -1   1   1  -3   0   0  -1   0  -1    6   7   5   3   0   4   5   5   2   6  27   4   3   7   0   5   5   1   3   1  0.08 0.11
   49 D    -5  -5  -3   8  -7  -4  -1  -5  -5  -6  -3  -5  -6  -7  -5  -1  -5  -7  -6  -6    0   0   0  88   0   0   3   0   0   0   3   0   0   0   0   4   0   0   0   0  2.45 0.94
   50 I     1   1  -3  -2  -2   0   0  -2  -1   3   0   1   1  -1  -3  -1   0  -4  -3   0   13  10   0   1   1   5   4   3   2  20  10   9   4   2   0   3   6   0   0   6  0.15 0.17
   51 A     1   0   0   0  -3   2   2  -1   2  -2  -2   2  -1  -4  -1  -1   0  -4  -3   0   16   3   4   5   0   8  16   4   5   2   4  13   1   0   2   3   6   0   0   6  0.20 0.19
   52 L    -2  -4   3  -4  -4  -4  -4  -5   4   1   2  -3   2   3  -5  -3  -1   1   0   1    3   0  18   0   0   0   0   0  12   7  21   1   6  15   0   1   3   2   3   9  0.55 0.37
   53 M    -3  -4  -5  -5  -1   0  -5  -5  -5   3   4  -3   7   0  -5  -4  -1  -4  -4  -1    2   0   0   0   1   5   0   0   0  13  40   1  26   3   0   0   3   0   0   3  1.01 0.51
   54 D     0   0  -2   1  -5   0   0  -1   1  -4  -3   0  -4   0   6  -1  -3  -5  -2  -3    7   6   1  10   0   4   5   4   3   0   2   7   0   5  40   4   0   0   1   1  0.79 0.42
   55 D     1   0  -2   1  -2   1   0  -2   2  -1   1  -1  -2  -1   0   0   1  -3   1   0   17   4   0   9   1   6   4   2   5   3  13   2   0   1   4   6   9   0   7   6  0.10 0.15
   56 F    -2  -5  -6  -6  -4  -5  -6  -6  -6   4   5  -5   5   0  -2  -5  -3  -5  -4  -1    2   0   0   0   0   0   0   0   0  22  52   0  13   4   2   0   2   0   0   2  1.16 0.56
   57 I     1  -5  -6  -6   0  -5  -5  -5  -6   5   0  -5  -1  -4  -5  -4  -1  -5  -4   5   12   0   0   0   2   0   0   0   0  28   8   0   1   0   0   0   3   0   0  44  1.08 0.53
   58 A     2   2   1   1  -4   1   2  -3   0  -2  -3   1  -1  -3  -3   0  -1  -4  -1  -1   23  10   8   7   0   4  13   0   2   2   2   9   1   1   0   7   2   0   2   5  0.26 0.24
   59 I     3  -1   0  -2  -1   0  -2   0   0   0  -2  -1   1  -2  -2   2   0   0   0   1   26   2   5   1   1   4   1   6   2   4   3   2   5   1   1  19   5   1   3   9  0.23 0.25
   60 A     2  -4  -4  -2  -5   2   5  -5  -3  -2   1  -2  -1  -2  -4  -2  -4  -4   3  -1   19   0   0   1   0   7  36   0   0   2  14   1   1   1   0   2   0   0  11   3  0.65 0.48
   61 N    -4  -2   8   0  -6  -2  -4  -5  -4  -6  -4   0  -3  -7  -6  -2  -4  -7  -6  -4    1   2  78   3   0   1   0   0   0   0   2   6   1   0   0   2   0   0   0   2  2.12 0.92
   62 Q     2   1   1   0  -3   1   1  -2   1   0  -2   1  -1  -3  -3   0   0   0  -1  -1   21   9   6   6   0   7   7   1   4   8   3   8   2   0   0   8   4   2   1   3  0.17 0.20
   63 K     0   5  -1  -4  -2  -1   0  -3   0  -1  -3   5  -4  -6  -5  -2  -1  -6  -5  -5    7  35   3   0   1   2   5   2   2   3   3  32   0   0   0   2   3   0   0   0  0.91 0.54
   64 K    -4   1   3   1  -2  -1  -1  -4   5  -2  -3   3  -2   0  -5  -1  -1  -4   4  -5    0   6  15   6   1   1   3   0  15   2   2  19   1   3   0   5   3   0  18   0  0.66 0.45
   65 E    -1   0  -1  -2  -6  -4  -2  -3   0  -3  -5  -1  -5  -6   7  -1  -2  -7  -3  -3    4   5   4   2   0   0   3   2   2   2   1   4   0   0  60   4   2   0   1   2  1.47 0.72
   66 G    -1  -4   2   1  -5  -1   1   5  -2  -2  -4  -1   0  -5  -2   0  -3  -1  -2  -5    4   0  10   9   0   2   8  45   1   3   1   3   3   0   1   6   1   1   1   0  0.72 0.44
   67 L    -3  -1  -1  -6  -5  -3  -6  -6  -5   1   5  -4   4   0  -6  -2  -4  -5  -4   0    2   3   3   0   0   1   0   0   0   6  61   1  11   4   0   3   0   0   0   4  1.08 0.58
   68 N    -2   0   7   2  -7  -2  -2  -5   1  -7  -4   0  -6  -7  -2  -2  -2   1  -6  -4    4   4  61   9   0   2   2   0   4   0   2   5   0   0   2   2   2   2   0   1  1.47 0.75
   69 A     0  -3  -7  -7   0  -6  -6  -7  -6   2   6  -6  -2  -1  -2  -3  -3  -1  -5  -1    9   2   0   0   2   0   0   0   0   8  68   0   0   3   2   1   2   1   0   3  1.19 0.64
   70 H    -2   2  -1  -3  -2   0   1  -3   5   0  -3   2  -1   0  -4   1   1  -5  -1   0    1  11   2   1   1   3   8   1  18   6   1  13   2   5   0  12   8   0   1   6  0.37 0.33
   71 F    -1  -2  -4  -5   1  -2  -2  -4   3   0   1  -4  -1   4  -2  -1  -1  -3   5   1    5   2   0   0   3   2   3   1   7   4  13   0   1  17   2   4   4   0  21  12  0.50 0.37
   72 F     1  -3  -4  -2   4  -1  -3  -3   3   1   1  -3   1   4  -5  -2  -2  -3   1   0   12   1   0   2   8   3   1   2   9   9  15   2   3  22   0   1   1   0   4   5  0.43 0.33
   73 R    -1   0   2   4  -5   0   1  -1   2  -3  -2   0   1  -4  -1   1   1  -5  -2  -2    4   6   8  24   0   3   8   4   6   1   3   5   4   0   3   9   9   0   2   2  0.33 0.28
   74 S    -1  -3   2   2  -2  -1  -2   0  -1  -3  -3  -1   0  -1  -1   4   2   0  -2  -1    5   1  10  12   1   2   1   6   2   1   1   4   2   2   3  31  11   1   1   4  0.36 0.34
   75 P     0  -2  -4   0  -5   0  -2  -1   0   1  -1  -1  -2  -2   6   0  -1  -5  -4   0    8   3   0   5   0   5   2   5   2   8   6   3   1   1  36   6   4   0   0   5  0.61 0.40
   76 L     1   0   0   2  -1   1   1   0   1  -1  -1   0   0   0  -3   0   0   0   0  -2   12   4   4  15   1   5  11   6   4   5   6   6   3   4   0   4   4   1   4   0  0.11 0.14
   77 D     2  -2   1   4  -5   0   3  -2  -3  -3  -2  -1  -4  -3  -2   1  -1  -5  -4  -3   15   2   6  25   0   3  21   2   0   1   4   3   0   1   2   9   4   0   0   1  0.50 0.38
   78 M    -2  -5  -5  -2   2  -4  -1  -3  -4   0   4  -5   2   5  -5  -1  -1  -3  -1  -1    3   0   0   2   4   0   4   2   0   4  36   0   5  26   0   5   3   0   2   3  0.68 0.42
   79 V     1  -1  -3  -2   0   0  -2  -1  -1   2   1  -1   0   1   1   0   0  -3   0   2   13   3   0   2   2   4   2   3   2  12  13   2   1   5   9   5   4   0   4  15  0.11 0.13
   80 N     0  -2   2   3  -4   2   3  -2   0  -3  -3   1  -3  -2  -1   0  -2   0  -2  -2    9   1   9  15   0  10  20   2   2   1   2   9   0   2   3   8   1   1   1   3  0.33 0.28
   81 Y     1   0   0   0  -3   0   0  -1   2  -2  -1   1   1   1  -3   0  -1   4   1  -1   12   3   3   5   0   3   7   4   6   2   4  12   4   7   0   9   2   8   6   4  0.16 0.17
   82 V    -1  -1  -5  -5   1  -4  -4  -2  -4   4   4  -4   2   1  -4  -4  -1  -4  -3   1    5   3   0   0   3   0   0   4   0  24  36   0   4   6   0   0   3   0   0  10  0.61 0.36
   83 K     0   3   1   0  -3   1   0  -1   1   0  -1   2   0  -1  -3   0   0  -3  -2  -1    6  16   7   5   0   6   5   4   4   6   4  15   3   3   0   8   4   0   0   4  0.15 0.17
   84 S     0   1   1   0   1   1   1  -1  -2  -1  -1   1   0   0  -2   1   0  -3   0  -1   10   8   6   6   3   6  12   5   0   3   4   8   3   4   0  12   4   0   3   3  0.09 0.12
   85 L     1  -1  -1  -1  -1   1  -1  -2   0   0   1  -1   2   0  -3   0   1   2   0   0   11   3   2   3   1   8   4   2   3   5  18   4   7   4   0   5   9   3   4   6  0.09 0.13
   86 I     0   0   0  -1   0  -1   0   0   1   1   0   0   0  -1   0   0   0  -1  -1   0   10   4   6   2   2   2   5   8   4  13   7   6   4   2   5   7   3   1   1   8  0.02 0.05
   87 P     0   2   2   0  -4   0   1  -1  -3  -4  -1   1   2  -5   3   1   0  -5  -4  -3    6  12  10   4   0   3   8   5   0   0   6   8   5   0  15   9   6   0   0   2  0.30 0.28
   88 S     1   0   2   2  -4   0   0   1   1  -2  -2   1  -1  -4  -2   2   0  -4  -2  -1   11   4  12  10   0   3   4   9   4   2   3   7   2   0   2  15   6   0   1   4  0.20 0.21
   89 E    -1   1   0   1   0   1   1   2   0  -2  -2   0   0  -4   1   0   0  -4  -3  -1    4   7   4   7   2   5   9  20   2   2   3   7   2   0   7   7   5   0   0   5  0.18 0.17
   90 D     0  -1   0   0   0   1   0   1   1  -1  -1   0  -2  -1   2  -1   0   1   0   0    7   3   4   5   2   6   8  14   5   3   5   4   0   2   9   4   5   2   3   8  0.08 0.10
   91 T    -1  -1  -1  -1   0   1   1   0   2  -1  -1   1   0   0   1   1   0   3   0  -3    3   3   3   3   2   5  10   8   7   4   7   7   2   3   7  11   7   4   3   0  0.10 0.14
   92 T     0   2   0   0   2   2  -1  -1   2  -4  -3  -1  -4  -1   0   3   0  -5  -3  -4    9  13   4   4   5   8   4   4   6   0   3   3   0   3   4  21   6   0   0   0  0.30 0.30
   93 A     2  -3  -2  -3  -4  -1   0   0   1  -2  -2   1  -2   1   1   0  -1   6   2  -2   20   0   2   0   0   3   7   9   4   2   2   8   1   7   6   6   3  11   7   2  0.33 0.29
   94 R    -3   7  -2  -4  -6   4  -1  -5   0  -1  -5   0  -4  -5  -2  -2  -3  -5  -5  -3    1  55   2   0   0  19   4   0   2   4   1   4   0   0   2   2   1   0   0   2  1.32 0.70
   95 F     2  -2  -4  -4   0  -1  -2  -2  -3   1   0  -3  -1   5  -4  -1   0   3   1   1   21   2   0   0   2   3   1   3   0   6   6   0   1  26   0   5   5   5   4   8  0.41 0.33
   96 V    -2  -1  -5  -5   0  -1  -5  -5   0   5   1  -3   1  -3  -5  -3  -3   0  -2   4    3   3   0   0   2   4   0   0   3  41  10   1   3   0   0   2   0   2   1  25  0.78 0.48
   97 V     0  -4  -4  -2   0  -1  -3  -3  -1   2   1  -3   2   3  -1  -2   0  -3   2   3    7   0   0   2   2   3   1   1   1  12  11   0   5  13   3   2   5   0   7  25  0.30 0.27
   98 N    -2   2   3  -1   0  -1   1   0   0   0  -1   0   0  -1   1  -1  -1  -3  -1   0    2  13  17   3   2   1   8   6   3   7   4   5   3   2   9   4   3   0   2   7  0.13 0.17
   99 M    -1  -1  -1  -3  -3   0  -1  -2  -3   1   2  -1   4   0   0  -1   1  -3  -1   1    3   3   3   0   0   4   4   2   0   5  24   3  13   3   6   4  10   0   2  11  0.18 0.20
  100 G     0   1   1   2  -1  -1   0   3  -1  -2  -2   1  -3  -4   1   0   0  -4  -3  -2    9   8   6  11   2   2   5  23   2   2   3   8   0   0   8   5   5   0   0   2  0.22 0.18
  101 S    -1   1   0   2  -1   1   1   2  -2  -3  -4   0  -3  -3   2   1   0  -4   0  -2    4   8   3  14   1   6   9  16   0   2   0   6   0   0  11   9   6   0   4   2  0.26 0.22
  102 G     0   0   2   2  -3   1   1   0   1  -1  -1   0   0  -1   0   0   0  -3   0  -2    6   5  11  11   0   7   8   8   3   4   4   4   4   3   5   6   6   0   4   0  0.11 0.12
  103 G     0   0   1   0  -3   0   1   2   1  -3  -2   0   0  -3   1   1   0  -3   0  -3    7   6   6   5   0   3   9  17   4   0   5   4   4   0   6  11   7   0   4   0  0.17 0.17
  104 I     0  -1   1   1   0   0   0   0   0   0  -1   0   1  -1   0   1   0   1  -1   0    8   3   8   7   2   5   3   6   2  10   4   4   5   2   5  13   4   3   2   5  0.04 0.07
  105 H    -5  -4  -1  -5  -6  -1  -4  -6  11  -6  -6  -4  -5  -5  -6  -5  -1  -6   1  -6    0   0   2   0   0   3   0   0  84   0   0   0   0   0   0   0   4   0   4   0  3.08 1.00
  106 C     0   1  -2  -4   2  -1  -2  -1   5  -1  -3  -2   0   3  -4  -1  -1   2   3   0    9   8   1   0   5   2   1   4  19   3   0   2   3  15   0   3   3   3  10   8  0.41 0.27
  107 I     1  -2  -3  -4   1  -3  -3  -1  -4   2  -1  -3   0  -1  -3   1   1  -4  -1   4   14   2   0   0   3   0   0   4   0  11   4   0   1   3   0  10  10   0   2  35  0.38 0.28
  108 A     4  -3  -3  -3   2  -2  -2  -1  -3  -1  -1  -2   1   0  -2   0   1  -3   0   0   55   0   0   0   4   0   0   3   0   3   3   0   4   3   0   5   9   0   4   6  0.41 0.27
  109 V     1  -3  -1  -3   1  -3  -3  -1  -3   2   1  -3   1   1  -1  -2   0  -3  -2   3   14   0   4   0   4   0   0   6   0  11   8   0   6   7   3   0   4   0   0  33  0.21 0.17
  110 D    -2  -1   1   5  -4   0   1   0  -2  -2  -4  -1  -3   0  -3   0  -2  -3   2  -3    0   3   7  51   0   3   5   6   0   3   0   3   0   4   0   5   0   0   9   0  0.62 0.28
  111 C    -2  -5  -5  -5   4  -2  -5  -5   0   4   0  -4   2   1  -5  -4  -1  -4   3   4    2   0   0   0  10   2   0   0   3  22   7   0   5   4   0   0   2   0  11  31  0.71 0.39
  112 A    -1   5  -1   0   1   1   0  -4   1  -4  -2   1  -1  -1  -4   0  -3  -4   0  -2    4  43   1   5   4   6   5   0   4   0   4   6   2   3   0   7   0   0   3   3  0.60 0.38
  113 I    -1   0   1  -1   0  -1  -1  -2   2   1   0   1   0   1  -2  -1   1  -3  -1   1    1   4  10   4   2   2   1   2   6  11   9  12   2   8   2   3  10   0   1  11  0.07 0.12
  114 K    -1   1  -1   1  -3   0   1  -1   3   1  -1   1   0  -1  -2   1   1  -4  -2  -1    1  10   2   7   0   2  12   4  10  11   3   9   2   3   1   9  10   0   0   3  0.14 0.17
  115 N     0   0   2   2  -4   0   2   1   0  -4  -4   0  -3  -3   3   1  -1  -4  -2  -4   10   4  13  15   0   3  12   9   2   0   0   4   0   1  13  10   2   0   1   0  0.37 0.24
  116 G    -2   0   3   2  -1  -2  -1   5  -4  -6  -6  -2  -5  -6  -2   0  -3  -6  -5  -5    2   5  13  13   2   1   4  51   0   0   0   2   0   0   2   6   0   0   0   0  0.96 0.48
  117 K    -1   2   1   0  -3   1   0   0   1  -1  -1   3  -2  -3  -1   0  -1  -4  -3   0    4  11   7   5   0   5   6   9   3   3   7  23   0   0   3   5   2   0   0   7  0.16 0.15
  118 C     0   0  -1  -3   1  -1  -2  -2   1   2   0  -1   2  -2   2   0   0  -3  -2   2    6   4   2   0   3   2   1   2   4  11   7   4   8   0  12   6   7   0   0  19  0.16 0.15
  119 S     0  -1   0  -1  -3   0  -1  -2  -2  -3  -2   0  -3  -1   1   4   2  -3   0  -2    5   2   5   2   0   3   2   2   0   0   3   4   0   3   7  43  12   0   4   3  0.41 0.31
  120 L     0  -2  -2   0   3  -2  -2  -2  -2   1   1  -2   1   1  -2   0   1  -2  -1   1    7   0   0   6  10   0   1   1   0  10  19   1   6   8   0   5  10   0   0  13  0.13 0.09
  121 I     0  -2  -3  -3  -2  -2  -2  -3  -2   3   1  -2   2   2  -2  -2   0   4   1   2   11   0   0   1   0   0   1   1   0  24  14   1   6   9   0   1   6   6   6  12  0.22 0.12
  122 G    -1  -3  -2  -3   0  -2  -3  -1   0   2   2  -3   1   2  -3  -2  -1   1   0   3    5   0   2   0   2   0   0   5   3  15  19   0   2  11   0   1   3   2   2  27  0.20 0.11
  123 I    -1  -3  -3  -3  -2  -2  -3  -3   1   2   1  -3   2   3  -1  -2   0  -2   0   3    2   0   0   0   0   0   0   1   4  16  10   0   8  15   2   1   6   0   3  29  0.29 0.15
  124 D    -2  -2   0   5  -4   1   5  -3  -2  -4  -4  -1  -3  -4  -2   0  -2  -4  -3  -3    1   0   3  33   0   4  47   1   0   0   1   1   0   0   1   5   1   0   0   1  0.87 0.29
  125 P     0  -2  -2  -2   1  -2  -2  -1  -3  -3  -3   0  -3  -4   5   3   1  -4  -3  -3    7   0   0   0   3   0   0   3   0   0   1   5   0   0  34  33  11   0   0   0  0.74 0.26
  126 V     3  -1  -2  -2   0  -1  -1   0  -2   0   0  -2   0  -1  -2   1   0  -3  -1   1   35   3   0   0   1   2   3   6   0   3  11   0   1   1   0   7   6   0   1  17  0.17 0.14
  127 T     0   1   1   0  -3   0   1   2   0  -2  -2   0  -1  -1  -1   0   1   0  -1  -1    7  11   8   5   0   2   8  19   2   2   3   3   1   3   2   8   9   2   2   4  0.12 0.09
  128 M     0  -1  -1   0   0   0   0   0   2   1   0  -1   1   1   0  -1   0   1  -1   0   11   2   1   5   2   4   5   7   8  12   9   3   5   8   3   3   4   2   0   4  0.02 0.07
  129 N    -1   0   3   2   0   0   1  -1   1  -3  -2  -1   0  -1  -2   0   1  -3   1  -2    5   4  18  10   2   3  12   5   3   0   4   2   3   2   1   8   8   0   6   2  0.20 0.17
  130 S     0  -1   2   0  -4  -2  -1   2   3  -2  -4   0  -1  -2   0   2   2  -4   0  -3    6   3  11   5   0   0   3  18   7   2   0   5   1   2   4  16  13   0   4   0  0.28 0.22
  131 L     0   0   0   1  -1  -1   0   0  -2   0   0   0   1   1   0   0   1   0   0  -1    6   5   3  12   1   1   5   8   0   7   7   6   5   7   4   6  10   1   2   3  0.04 0.06
  132 G    -1   1   0   1  -3  -1   0   2   0  -1  -2  -1  -1  -1  -2   0   1   0   0   1    5   8   4   9   0   2   4  20   3   3   4   2   1   3   2   4  10   2   3  11  0.13 0.14
  133 A     2  -1  -1  -1  -3   0   0  -1   0  -1  -2   1  -2  -2   3   1   1  -1  -1   0   21   3   2   2   0   3   5   5   2   3   3   8   1   2  15   9   8   1   2   6  0.23 0.20
  134 S     2   0   0   1  -2   0   0  -1   0  -1   0   0   1  -2  -1   1   0  -4  -3  -1   22   6   3   7   1   5   5   5   2   2  10   6   4   2   3   9   6   0   0   2  0.12 0.15
  135 M    -2  -1   0   0  -1   0   0  -2   0   1   1   0   3   0   1  -2  -1  -3   3   0    3   3   5   4   1   4   5   3   3   7  16   5   9   3   7   2   3   0  12   5  0.13 0.18
  136 L    -2  -1  -1   0  -3  -1  -2   0  -3   2   2  -1   2   1  -4  -1   0  -3   0   0    3   4   4   7   0   2   2   9   0  12  26   3   5   5   0   4   5   0   4   4  0.17 0.19
  137 A     2   1   0   0  -3   0  -1   0   1  -1  -1  -1   0  -1   1   0   0  -4   1  -2   22   7   3   6   0   3   2   5   5   3   7   3   2   3   9   6   6   0   6   2  0.13 0.18
  138 I     0  -1  -2   0  -3   0   1  -2   0   0   0   1   1   1  -1   0  -1  -1   2   0    9   3   1   7   0   3   8   2   2   5  12   9   3   5   3   6   2   1   9   9  0.07 0.12
  139 R     1   2   0   2  -4   1   0  -2   1  -1  -1   1   0  -1  -1  -1  -1  -4   1  -2   13  15   4  13   0   8   4   2   3   3   4   8   3   3   2   4   3   0   4   2  0.17 0.20
  140 L     0  -1   0  -4   1  -1  -1  -4  -1   2   2  -3   2   0  -4  -1  -1   1   0   2    7   4   5   0   3   2   4   0   2  14  26   0   5   5   0   4   4   2   2  12  0.25 0.22
  141 Q     0   0   0   0  -4   2   2  -1   1  -2   0   2   0   0  -1   0  -1  -4  -1  -2    8   4   3   6   0  12  14   4   4   2   9  13   2   5   2   5   4   0   1   2  0.17 0.20
  142 S     0   1   1   1  -1   1   1   0   0  -1  -1   1   0  -3   0   1   0   0  -1  -1    6   7   8   8   1   5   8   7   2   5   4   8   3   0   4   9   7   2   2   4  0.08 0.10
  143 V     2  -1   1  -1   1  -1   0  -2   0   1   0  -1   0   0  -1   0   0  -3  -1   0   19   4   7   2   3   2   6   2   2   9  11   2   3   4   2   8   5   0   2   8  0.06 0.12
  144 C    -3  -3  -1  -2   0  -2  -1  -2  -2   2   3   0   2   2  -2  -1  -2  -4  -2   0    1   1   3   2   2   1   4   4   1  14  33   6   5   9   2   4   2   0   1   6  0.31 0.25
  145 K     0   0   2   1  -1   1   2   0   1  -4  -1   3  -1  -4  -2  -1  -1  -4  -2  -3    7   4  10   8   1   7  11   6   3   0   8  23   1   0   1   4   3   0   1   1  0.26 0.24
  146 R     1   3   1  -1  -4   2   0  -1  -1  -4  -2   2   0  -4  -1   2   0  -1  -1  -4   10  19   6   3   0   8   6   3   1   0   4  12   2   0   3  14   4   1   2   0  0.30 0.27
  147 E     1   0   1   1  -3   1   0   0   2  -1  -1   0  -2  -1  -3   1  -1  -3   0   0   15   4   6  10   0   8   6   7   5   4   7   5   0   3   0   9   2   0   4   6  0.09 0.12
  148 L    -1  -2   0  -4   0  -2  -3   1   1   1   2  -3   1   3  -2  -1  -1  -1   0   1    5   2   4   0   2   1   0  12   5   6  25   0   3  13   1   4   4   1   2   9  0.21 0.20
  149 P    -1  -2  -1   1  -5  -1  -1   0  -2  -2  -4   0  -5  -3   6  -1  -2  -5   2  -3    4   3   3   9   0   3   3   8   1   2   1   5   0   1  42   4   3   0   6   2  0.85 0.50
  150 E    -2   1   3   3   0  -1   1   0   3  -4  -3   1  -4  -3   0   0  -2  -5  -1  -2    3   9  14  16   2   2   9   8   7   0   2  10   0   1   5   5   2   0   2   3  0.33 0.25
  151 T     2  -2  -2  -2   3   0  -1  -2  -2   1   0   1   0  -1   0   0   0   0  -1   2   21   2   1   1   6   4   2   3   1   7   9   8   1   3   4   5   4   1   1  14  0.13 0.16
  152 S    -1   2   0  -2  -1   0  -1  -2   2  -2  -3   3  -3  -1  -1   2   1  -4   0  -1    3  10   3   2   1   3   2   3   6   2   1  25   0   3   3  17   7   0   4   4  0.30 0.28
  153 L    -2  -3  -5  -5   2  -4  -4  -5  -4   3   2  -2   2   4   0  -4   0   1   0   2    3   2   0   0   5   0   0   0   0  16  19   3   5  18   5   0   5   2   3  15  0.47 0.32
  154 V     1  -1  -1  -2   1  -1   0  -1   1   0   0   0   1   0  -1   1   1  -3   1   0   16   2   2   1   4   2   5   2   4   6   9   6   3   3   2  13   9   0   7   5  0.08 0.13
  155 I    -1  -4  -2  -5   2  -4  -4  -5  -4   3   0  -3   3   3  -3  -2  -1  -3   3   3    4   0   2   0   4   0   0   0   0  20   5   2   9  14   1   2   4   0  11  21  0.55 0.36
  156 M    -1  -4  -2  -2   0  -3  -4  -2  -4   4   2  -2   2   1  -4   0   0  -3  -1   2    4   0   2   2   2   0   0   3   0  25  19   2   5   7   0   6   6   0   2  14  0.34 0.25
  157 E     0  -1   2   1   0   0   3   0   1  -2  -2   0  -1  -1   0   0  -1  -4   0  -2   10   1  10   8   2   4  21   6   4   1   4   4   2   2   5   6   3   0   4   2  0.17 0.18
  158 T     0  -3  -1  -4  -4   1  -1  -2   0   0   0  -2   4  -4   0   1   4  -5  -4   1    5   0   3   0   0   5   3   3   3   6   9   2  12   0   5   9  25   0   0   8  0.34 0.33
  159 D    -1   0   3   3   0   1   1   2   0  -4  -3   0  -4  -1  -1   0  -1  -5  -4  -4    5   5  18  20   3   6   8  14   2   0   2   4   0   3   2   6   2   0   0   0  0.38 0.26
  160 M     2   0  -4  -4  -3  -1  -3  -4  -2   3   1  -2   2  -3  -4  -1   2  -4  -1   1   18   5   0   0   0   3   0   0   1  24  14   1   6   0   0   2  14   0   2  10  0.38 0.30
  161 Q    -5  -1  -5  -5  -7   9  -3  -6  -4  -7  -3  -3   0  -8  -6  -5  -2  -7  -6  -7    0   3   0   0   0  91   0   0   0   0   2   0   2   0   0   0   3   0   0   0  2.73 1.12
  162 R     0   3   1  -2  -5  -1  -2  -4   0  -5  -3   6  -2  -2  -4  -1  -2  -5   0  -4    8  16   7   1   0   1   2   0   2   0   2  48   1   2   0   4   2   0   3   1  0.85 0.48
  163 S    -1  -4   0   3  -5  -4  -3  -2  -1  -2  -6  -4  -5  -6  -2   6   1  -6  -5  -3    3   0   3  18   0   0   0   3   1   3   0   0   0   0   2  57   9   0   0   2  1.09 0.58
  164 Q     0  -1   0   0   0   0   0   0   1  -1  -1   0  -1   1   3   1  -1  -2   0  -2    6   3   4   5   2   5   4   8   4   3   6   5   2   7  14  14   2   0   3   2  0.12 0.10
  165 G     0  -1   0   1  -3   0   1   1   1  -1  -2  -1  -2   0  -2   2   0   1   2   0    8   3   4   8   0   3   8   9   3   3   2   1   0   5   1  16   4   2   8   9  0.11 0.13
  166 E    -3  -4   0   5  -6  -3   2   4   0  -6  -6  -4  -5  -6  -5   1  -2  -6  -6  -3    0   0   4  31   0   0  16  33   2   0   0   0   0   0   0  11   2   0   0   2  1.01 0.49
  167 C    -5  -8  -7  -7  11  -7  -2  -2  -7  -6  -6  -7  -6  -7  -7   0  -5  -7  -1  -2    0   0   0   0  82   0   3   3   0   0   0   0   0   0   0   7   0   0   2   3  3.31 1.04
  168 L     1   0  -1  -1  -2  -1  -2   2  -1   0  -1   0  -1  -2   0   1   0  -4  -3   0   14   4   1   2   0   2   1  21   2   7   6   7   1   1   4  11   7   0   0   8  0.15 0.14
  169 M    -1  -1  -1  -3  -3   0  -3  -4  -3   4   0  -2   3   0   0  -2   0  -3   0   2    4   4   4   0   0   4   0   0   0  39   4   0  10   4   4   0   4   0   4  12  0.32 0.19
  170 F    -3  -4  -4  -5  -4  -4  -4  -5   3   1   0  -4   3   7  -5  -4  -3  -1   3   0    0   0   0   0   0   0   0   0   7   7   7   0   8  55   0   0   0   0   8   7  1.03 0.33
  171 S     4  -4  -3  -2   4  -4  -4  -1  -4  -2  -5  -4  -4  -5  -4   5  -2  -6  -5  -2   32   0   0   1   9   0   0   3   0   3   0   0   0   0   0  49   0   0   0   3  1.07 0.53
  172 L    -2  -5  -3  -6  -4  -5  -5  -6  -5   1   5  -5   3   1  -6  -5  -2  -4  -1  -1    3   0   1   0   0   0   0   0   0   6  71   0   6   6   0   0   3   0   2   3  1.16 0.48
  173 F     2  -1   1   2   0   1  -1  -2   3  -3  -2   0  -3   0  -3   2  -1  -4  -1  -2   17   2   8  16   2   5   2   1   8   1   4   6   0   6   0  17   2   0   1   2  0.24 0.20
  174 L     2  -4  -1   0  -1  -2  -3  -4   3   0   2  -3   0   4  -4  -1  -1  -3   1  -1   18   0   3   5   2   2   0   0   7   6  22   0   1  22   0   2   4   0   5   1  0.36 0.25
  175 V     5  -4  -4  -5   0  -4  -4  -2  -5   0   0  -4   1  -4  -4  -1   0  -5  -4   0   64   0   0   0   2   0   0   2   0   6   9   0   4   0   0   4   5   0   0   5  0.94 0.47
  176 K    -2   1   0  -2  -1  -1  -1  -4  -1   1   2   3   1   0  -4  -1  -2  -4  -3  -1    2   6   5   1   2   1   4   0   1   7  28  28   3   4   0   4   1   0   0   3  0.31 0.24
  177 K     0   1  -1  -1   0   2   0  -4   4  -4  -3   5  -2  -2  -3  -2  -1  -4   1  -3    8   7   3   4   2   8   3   0  10   0   1  40   1   2   0   1   4   0   6   1  0.56 0.32
  178 M     2  -4  -1  -4   2  -3  -4  -4  -4   0   2  -3   7   1  -4  -1   0  -4  -3   0   17   0   4   0   4   0   0   0   0   3  17   0  32   7   0   5   4   0   0   4  0.66 0.42
  179 H     2   0   0  -1   1  -1  -2  -3   4  -1  -1   0  -2   1   0   0  -1   1   3  -1   19   6   3   3   3   3   0   0  13   3   4   4   0   7   4   5   2   2  15   4  0.24 0.22
  180 K     0   1  -2   1  -3   1   0  -1   1  -1   0   3   0  -1  -3   0  -1  -3  -1  -2    6   5   0  10   0   7   5   5   4   5   8  27   3   2   0   6   3   0   3   0  0.19 0.20
  181 E     0   0   2   2  -1   0   3  -3   3  -2  -2   1  -1  -2  -3  -1  -2  -4   0  -2    7   4  10  14   2   4  23   0   9   2   5   7   1   2   0   4   2   0   3   2  0.34 0.27
  182 C     0   1  -1   0  -1   0   1  -1   1  -3  -3  -1  -1   1   3   2  -1  -4   0  -2    9   7   1   6   1   5   9   5   4   0   2   3   1   8  15  15   2   0   3   2  0.23 0.23
  183 D     0   0   1   3  -3   0   1   0   0  -2  -2   1   0  -1   0   1   0  -3  -1  -2    7   6   5  17   0   3  11   8   2   1   4   7   2   3   4  10   5   0   1   2  0.15 0.14
  184 E     1   0   0   0   0   0   1  -2   1   0   0   1  -1   1  -2   0   1  -3   0   0   12   4   5   3   2   3  12   0   4   7   8   8   0   7   1   4  10   0   4   5  0.06 0.10
  185 F    -4  -5  -5  -6  -4  -5  -5  -6  -5   4   2  -5   3   6  -5  -3  -1  -3   1   1    0   0   0   0   0   0   0   0   0  25  21   0   6  31   0   2   3   0   3   6  1.02 0.51
  186 Q     0  -1   0   3  -3   1   1  -2   0   0  -1   1  -2  -1   0  -1   1  -4  -2   0   10   1   5  18   0   6  11   2   2   5   6   8   0   2   4   3   8   0   1   8  0.16 0.17
  187 S     0   2   0   2  -1   1   0  -2  -1  -2  -1   2  -1  -3  -1   1   0   0  -1  -2    9  11   4  15   1   7   5   3   1   2   5  15   1   0   2   9   4   1   2   2  0.19 0.18
  188 L    -4  -4  -5  -5  -1   0  -5  -5  -1   2   4  -3   4   2  -2  -4  -1   5  -3  -2    0   0   0   0   1   4   0   0   2  12  41   2  12   8   2   0   4   8   0   1  0.81 0.45
  189 H    -5  -3  -1  -3  -6  -1  -2  -6  10  -6  -2  -5  -1  -1  -6  -5  -4  -6   2  -3    0   2   2   2   0   2   3   0  71   0   4   0   2   2   0   0   1   0   6   3  2.47 0.97
  190 D     0   1   0   3  -4   3   3  -2   1  -1  -3   1  -3  -4  -3   0  -1   0  -3  -3    8   9   5  15   0  14  17   2   4   4   2  10   0   0   0   5   3   1   0   1  0.38 0.28
  191 K     0   0   0   0   2   1   0   0   2   0  -1   0   1   0  -3   0   0   3  -1  -2    6   6   6   6   6   6   6   6   6   6   6   6   6   6   0   6   6   6   0   0  0.08 0.13
  192 N    -1  -1   4  -1  -4   0  -1  -1   2   0   2  -3   1  -1  -4  -1  -1  -4  -1  -1    5   3  25   3   0   4   2   3   7   6  23   0   4   3   0   3   3   0   2   3  0.31 0.31
  193 I    -1   1   0  -1   0   0   0  -1   1   1   1  -1   0   1  -3   0   0  -2   0   0    4   8   4   3   2   5   6   4   5   8  16   2   2   8   0   8   5   0   2   6  0.03 0.08
  194 N     2   0   3   1  -1   0   0   0   0  -3  -2   1  -1  -1  -3   1   0  -4  -3  -1   16   6  14   9   1   5   5   5   2   0   3   9   2   3   0  13   4   0   0   4  0.21 0.23
  195 R    -1   0   2  -1  -1   1   0   4   2  -3  -4   0   0  -1  -2  -1  -1  -4  -1  -3    4   5  11   3   1   6   6  32   5   2   0   6   3   4   2   4   3   0   2   1  0.37 0.30
  196 E     1   1  -1   0  -3   0   1   1   1  -1  -2   1   0  -2  -1   1   0  -3   0  -1   12   9   1   5   0   3  13  10   4   4   3   9   2   1   2   8   6   0   3   3  0.10 0.13
  197 L     0   0  -1   0  -2   0   0  -1  -1   0   1   0   0   0   0   0   0   0  -1   0    8   6   2   5   0   4   5   4   1   7  16   6   3   4   4   8   6   1   2   7  0.02 0.04
  198 P     0  -1   0   0   3   0   1  -2  -1  -2  -2   1  -3  -2   4   1  -1  -4   0  -1    7   3   4   5   6   4   8   2   1   2   4   8   0   2  21  11   3   0   4   4  0.30 0.27
  199 L    -1  -1  -1   1   1  -1   0   2   0  -1   0   0  -2   2   0   0  -1   0   0  -1    4   3   3   8   4   1   7  15   3   3   8   8   0  11   5   6   3   1   3   4  0.07 0.11
  200 T     0   0   0   0  -2   1   0   0   1   0  -1   0   1   0   1   0   0  -2   1   0    6   6   5   6   0   5   6   6   5   6   6   6   5   5   6   6   6   0   5   6  0.03 0.06
  201 Q    -1   1   1   2  -4   1   1  -1   2  -2  -4   1  -3  -1  -1   1  -1  -4   0  -1    5   7   6  14   0   7  10   4   6   2   0   7   0   3   3  12   4   0   3   5  0.20 0.21
  202 G    -1   0   1   1  -3   0   0   2   0  -1  -1   0  -1   0  -1   0   0   2   1  -1    4   5   6  10   0   3   7  16   3   3   4   4   2   3   3   7   6   3   5   6  0.08 0.10
  203 L     0  -1   0   0  -2   0  -1   0   0   1   0  -1   0   1   0   0   0  -2   0   0    6   3   4   5   0   4   3   9   2  11   8   4   2   8   5   8   6   0   3   8  0.02 0.06
  204 L     0   0  -1   0  -1   0  -1   1   0   0   0  -1  -1   1   1  -1   0   1   1   0    6   6   2   5   1   4   2  12   3   8   9   4   1   7   8   4   5   2   7   6  0.04 0.07
  205 V     1  -2  -2  -4   1  -1  -2  -3  -1   2   1  -1   0   0  -1  -1   0   0   1   3   14   2   2   0   3   2   3   2   1  12  12   4   2   4   4   3   5   2   5  20  0.17 0.18
  206 S    -1   1   1   1   0   0   1  -2   1  -1  -1   0  -2  -1   1   1   0  -4   0   0    5   9   7   7   2   4  10   1   4   3   7   4   0   2   7  12   6   0   3   7  0.10 0.14
  207 V     0  -3  -2  -1   0  -2  -1  -2   2   1   1   0  -1   0   2  -1   0  -3   1   2    6   0   1   4   2   1   4   2   6   9  11   5   1   4  10   4   6   0   6  16  0.14 0.15
  208 K     0   0  -1   1  -3   0   1  -1   0   1   0   1   0  -1  -1   0   0   0  -1   0    6   5   2   7   0   2  10   4   3  12  11  13   2   3   2   5   6   1   1   5  0.05 0.09
  209 D    -2   1   1   4  -5   1   3  -3   0  -4  -3   2  -4  -5   0  -1   0  -5  -2  -1    3   7   5  25   0   6  17   2   2   0   3  10   0   0   4   4   5   0   1   4  0.46 0.33
  210 A     2  -3  -2  -1   2  -2  -1   2   1  -1  -1  -1  -1   0   0   0   0  -3   0   0   21   0   0   3   4   0   3  19   3   2   7   3   2   5   5   6   7   0   3   5  0.17 0.17
  211 D     1  -1   1   3  -3  -1   0  -1   0  -2  -2   0  -1  -1  -2   1   0   4  -1  -2   12   3   6  22   0   2   5   3   2   2   3   5   2   2   2  10   7   7   2   2  0.27 0.22
  212 S    -1   2   0   1   1   2   0  -1   1  -3  -2   2  -1  -2   1   0   0  -3  -1  -2    4  14   3   9   3   9   6   4   3   0   4  15   2   2   6   6   5   0   3   2  0.19 0.17
  213 L    -1  -1  -2   0  -3  -1  -1  -2   1   1   2  -2   0   1  -3  -1  -2  -2   2   1    5   4   2   5   0   3   5   3   4   6  29   2   2   5   0   4   1   0  10  11  0.17 0.18
  214 L    -2  -5  -6  -6   1  -5  -6  -6  -6   2   5  -5   4   0  -6  -5  -2  -5  -4   1    3   0   0   0   3   0   0   0   0   8  60   0   9   4   0   0   3   0   0   8  1.11 0.57
  215 P    -3  -6  -2   0  -7  -5  -2  -2  -6  -7  -4  -5  -1  -8   8  -1  -1  -8  -7  -7    1   0   2   6   0   0   3   4   0   0   1   0   1   0  75   4   3   0   0   0  2.18 0.87
  216 P     3  -4  -2  -4  -4  -4  -2  -3  -5   0  -2  -4   0  -2   6  -1   0  -5  -5   0   29   0   2   0   0   0   2   1   0   5   4   0   2   1  36   3   5   0   0   8  0.87 0.45
  217 S     0   0   0   1   0   0   0   0  -1  -1  -2   0  -1  -3  -2   3   0  -4  -1   0    7   6   4   9   2   4   6   6   2   4   3   4   1   0   1  26   5   0   2   7  0.16 0.16
  218 L    -1  -3  -3  -3   2  -2  -3  -3   2   1   2  -3   2   5  -3  -2  -2  -1   2  -1    6   0   0   1   6   0   1   1   6   6  20   1   8  34   1   1   1   0   7   1  0.43 0.20
  219 M    -1  -1  -3  -3  -2  -2  -2  -3   1   0   1  -2   4   3   0  -2  -2   3   4   0    5   5   0   1   0   0   1   1   5   5   9   1  18  18   5   1   1   4  16   6  0.33 0.17
  220 K    -3   2  -3  -4  -6   1  -1  -4  -3  -3  -3   7  -4  -5  -4  -3  -3   1  -4  -2    0  11   0   0   0   5   2   0   0   2   3  74   0   0   0   0   0   2   0   3  1.39 0.60
  221 H    -4  -3   1  -2  -5  -1  -3  -3   9  -1  -2  -4   1  -4  -5  -1  -1  -5   1  -5    0   0   7   1   0   2   0   2  64   3   4   0   4   0   0   4   4   0   5   0  1.68 0.64
  222 T     3  -3  -2  -2   1  -2  -3   0  -3   0  -2  -2   3  -1  -3   1   3  -4  -3  -1   29   0   1   1   3   0   0   7   0   7   2   2  10   2   0  11  23   0   0   3  0.36 0.28
  223 Q    -1  -2   0  -3  -5   6  -1  -3   6  -5  -3  -2   0  -5  -2  -2   2  -5  -3  -4    3   0   3   0   0  49   2   1  19   0   2   0   3   0   1   2  14   0   0   0  1.09 0.55
  224 S     0  -1  -2  -1  -4  -3  -3   0   0  -3  -3  -2  -4  -4  -2   6   0  -5  -1  -4    5   3   0   2   0   0   0   5   2   1   2   2   0   0   1  68   5   0   3   0  0.91 0.51
  225 P     0   4  -1  -2  -1   1   0  -2  -1  -1   0   2   0  -1   1   0   0  -3  -2  -1    6  28   2   0   1   5   7   2   1   2   8  11   3   3   6   7   5   0   0   4  0.22 0.17
  226 N     0   1   1   0  -1   0   0  -1  -2  -2  -2   2  -2   0  -2   2   2  -3  -2  -2    4   9   8   3   1   4   6   4   0   1   2  13   0   5   0  24  14   0   0   1  0.24 0.19
  227 R     0   3  -1  -2  -2   1  -1  -1  -2   0   0   0  -1   0  -1   0   1  -3  -2   1    6  21   2   0   0   8   3   4   0   4  11   3   0   5   2   9   9   0   0  12  0.12 0.13
  228 L    -1  -3  -4  -4  -2  -3  -3  -4  -3   3   3  -3   1   1  -1  -3   0  -3   1   1    5   0   0   0   0   0   0   1   0  21  39   0   3   4   4   1   6   0   5   8  0.44 0.23
  229 Q    -1   1   1   2  -3   2   1  -1   0  -3  -2   3  -2  -2  -2   0   0  -3  -2  -3    5   7   7  13   0  12   9   4   2   0   3  20   0   2   0   7   7   0   1   0  0.28 0.18
  230 K     0   1   1   2  -3   2   2  -2   0  -2  -2   1  -1  -3  -2   0   0   0  -3  -2   10  10   6  15   0  10  15   2   2   1   4   8   1   0   0   7   5   1   0   2  0.24 0.16
  231 Y    -2   0  -4  -4   0  -3  -4  -4  -2   0   2  -3   1   1  -4  -3  -1   2   6   1    2   5   0   0   2   0   0   1   0   5  25   0   3   3   0   1   2   2  34  12  0.68 0.37
  232 L    -1  -2  -3  -2   0  -1  -1  -2  -3   2   3  -3   2   2  -1  -2  -1   0  -2   1    5   1   0   2   2   2   4   2   0  15  33   0   4   9   4   2   2   1   0  11  0.27 0.19
  233 E     0   1   1   1  -3   1   2  -1   0  -3  -2   2  -2  -3   0   1   0  -3  -3  -2    8   8   6   8   0   7  19   4   2   1   3  13   0   0   5   9   5   0   0   2  0.25 0.16
  234 T     1   2   1   0  -1   0   1   0   1  -2  -2   1  -1  -3  -2   0   1  -3  -1  -1   18  11   7   4   2   4   8   6   3   2   3  10   1   0   1   6   9   0   2   4  0.13 0.11
  235 R    -2   3   3   1  -3   2  -1   0   3  -2  -1   0  -1  -3   0  -1  -1   1  -2  -2    2  18  18   8   0   9   2   6  10   3   6   3   1   0   4   4   2   2   0   2  0.28 0.21
  236 P    -1  -1  -2   1  -4  -1   1  -1  -1  -4  -2   0  -1  -4   6  -1  -2  -4  -4  -3    4   3   2   7   0   3   9   4   1   1   5   5   2   0  47   4   2   0   0   1  0.92 0.39
  237 E     0   1   1   1  -2   1   1   0   2   0  -2   1  -2  -3   1   0   0  -3  -2   0    7   7   7   7   0   7   7   7   7   7   1   7   0   0   7   7   7   0   0   7  0.11 0.10
  238 A     1   1  -1  -1  -1   0   1  -1   0   0   0   0  -2  -1  -3   1   0   1   0  -1   14  10   2   3   1   4  11   3   2   6  10   6   0   2   0  11   4   2   4   5  0.08 0.13
  239 M     1   1   0   1  -1   0   1   0   0  -1  -1   0   0   0   0   0   0   1  -1  -1   13   8   3   7   2   4  11   6   3   3   7   4   3   4   4   4   6   2   2   4  0.04 0.06
  240 N     0   0   2   3  -4   0   0   0   2  -2  -3   0   0  -4  -1   0   1  -5  -1  -3   10   5  11  21   0   4   5   6   6   2   2   6   3   0   3   5   7   0   2   2  0.28 0.25
  241 C     1   0  -1  -1   1   1   1   0   1  -1  -2   2  -2  -2  -1   0   1  -3   0   0   16   4   2   4   3   5   9   7   4   4   3  12   0   2   2   5  11   0   3   5  0.11 0.15
  242 V    -1   0   0   0   0   1  -1  -2  -3   1  -2   0  -3  -1   4   0   0  -4  -1   1    4   6   5   5   2   6   3   3   0  10   4   7   0   2  21   6   6   0   2  10  0.25 0.23
  243 V    -1  -5  -2  -5  -4  -4  -2  -5  -5   2  -1  -5   0   0  -5  -2  -1  -5  -4   6    6   0   2   0   0   0   2   1   0  12   4   0   2   4   0   2   4   0   0  57  1.06 0.56
  244 N    -1   1   1   1  -3   1   1   0   2  -2  -2   1   1  -2  -2   0   1  -2   1  -2    1   8   8   8   0   8   8   8   8   0   1   8   8   0   0   8   8   0   8   0  0.17 0.14
  245 K    -1   1   1   1  -3   1   1   0   2  -1  -2   1  -2  -2   1   0   0  -2   1  -2    1   8   7   8   0   7   8   8   7   8   1   8   0   0   8   8   8   0   7   0  0.15 0.13
  246 K    -1   2   1   0  -3   1   0  -1   1  -1  -2   3   0   0  -2   0   0  -3   0  -2    5  15   6   6   0   5   4   4   3   4   4  21   3   4   0   6   7   0   3   0  0.18 0.17
  247 G     0   2   2   0  -3  -1  -1   4   1  -3  -2   0  -3  -1  -2  -1   0  -1  -2  -3    5  13  12   4   0   2   2  32   3   1   3   5   0   3   2   3   7   1   0   1  0.35 0.23
  248 D    -3  -1   0   1  -4   3   5  -2  -1  -1  -2   0   1  -4  -1  -1  -1  -4  -3  -3    1   1   3   5   0  16  43   2   1   4   3   3   5   0   3   4   3   0   0   0  0.64 0.41
  249 T     0  -3   1  -1  -3   0  -2   0   0  -2  -2  -1  -1  -4   0   2   5  -4  -3  -2    6   0   7   2   0   5   0   8   2   2   3   2   1   0   3  16  39   0   0   1  0.48 0.36
  250 L    -1  -1  -5  -5  -3  -2  -2  -5  -4   1   5  -4  -1   0   1  -4  -3  -4   0   0    5   3   0   0   0   2   3   0   0   9  61   0   0   3   7   0   0   0   3   3  0.72 0.43
  251 K     0   1   0  -2  -3   0   1   0   2   0   1   0   2  -1   0   0   0  -3  -1   0    9   8   5   0   0   4   9   6   6   4  14   4   8   1   3   9   3   0   1   4  0.06 0.11
  252 T     1   0   0   2  -4   2   4  -2   1  -2  -4   0  -1  -4   0  -1   0  -4  -3  -3   11   4   5  11   0  11  29   2   4   2   0   5   2   0   5   3   6   0   0   1  0.39 0.29
  253 R    -1   6  -1  -2   0  -2  -1  -4   4  -4  -3  -1  -3  -2  -4   0   1   1   2  -4    4  49   1   2   3   0   3   0   9   0   2   0   0   1   0   9   8   2   6   0  0.84 0.50
  254 Q    -1  -1   0  -2  -2   2   0  -1   2   0   1   0   0   2  -3  -2  -1   0   1  -1    4   2   5   0   1  14   5   4   7   6  20   4   3  11   0   0   4   1   6   2  0.15 0.19
  255 Q     1   0   2   1  -2   3   3  -1  -1  -3  -2   1  -1  -4  -3   0  -1  -1  -2  -2   14   3  10   7   1  15  19   3   1   0   5   9   2   0   0   6   2   1   1   1  0.28 0.25
  256 R     1   3   0   2  -2   2   1  -2   0  -4  -4   2  -1  -4  -3   0   0  -4  -1  -3   17  22   3  12   1   8   8   1   2   0   0  12   1   0   0   6   4   0   2   0  0.38 0.28
  257 H    -4   3   2  -4  -5  -3  -3  -1   7  -4  -2   0  -3   2  -5  -1  -2  -3   5  -4    0  16  10   0   0   0   0   4  28   0   4   4   0   9   0   4   3   0  18   0  0.88 0.50
  258 I    -1   1  -2  -3  -1   0  -1  -3  -2   1   1   0   2   1  -3   0   0  -2   1   2    5  11   0   0   1   5   3   1   0   5  17   4   8   7   0   6   6   0   4  17  0.13 0.16
  259 T    -1   1  -1   0  -3   1   1  -2  -2   1  -1   0   0  -2  -2   0   2  -3  -2   2    5   7   3   4   0   7  11   1   0   6   3   6   2   1   0   5  13   0   0  24  0.16 0.18
  260 T     0   0   0   0  -2   1   1  -2   1  -1   0   0   0   0   1   0   1   0  -1   0   10   3   3   3   0   6   9   1   4   3   7   6   2   5   7   8  13   1   2   6  0.07 0.09
  261 I     0   4  -2  -2  -1  -1  -1  -1   0   1   1  -1  -1   2  -3  -2  -1  -2   0   0    7  26   1   2   1   1   3   6   2  11  12   2   1  11   1   1   4   0   2   6  0.20 0.19
  262 E     0   3   1   1  -3   0   2  -1   2  -2  -2   1  -1  -3  -1   0   1  -3  -2  -2    6  21   5   7   0   3  16   3   5   3   2   5   1   0   3   7  10   0   0   3  0.24 0.19
  263 L     0   0  -1  -1  -2  -1  -1   1  -1   1   0  -1   1  -1   0   0   1  -1  -1   1    6   5   3   4   0   1   4  14   1   9   5   4   4   3   5   4  11   1   1  14  0.05 0.08
  264 D     0   1   0   3  -3   1   1   1  -1  -2  -3   1  -2  -3   1   0   0  -3  -3  -2    6   7   5  17   0   6  11  11   1   2   2  11   0   1   7   6   4   0   0   3  0.23 0.17
  265 E    -1   3  -1   1  -1   1   1   2   0  -3  -3   1  -3  -2   1  -1  -1  -4  -1  -2    2  23   2   7   2   4  11  16   2   2   2   8   0   2   8   4   2   0   2   2  0.30 0.24
  266 K    -1   2  -1   0  -4   1   2   2   0  -3  -2   3  -2  -2  -1  -1  -1  -4  -3   0    3  10   2   4   0   6  12  17   2   0   3  21   1   2   2   2   4   0   0  10  0.25 0.23
  267 T     0   0   2   1  -3   0   2   1  -2  -1  -1   0  -2  -2   1   0   1  -4  -3  -1    6   4  12   8   0   4  17   9   0   3   6   4   0   1   6   6  10   0   0   4  0.17 0.16
  268 V    -1   4  -2  -3  -3   0  -2  -2   2   2   0   2  -1  -1  -2  -1   0  -3   0   0    3  27   0   0   0   3   1   3   5  13   7  14   2   2   2   5   5   0   3   5  0.30 0.26
  269 S     1   0   1  -2  -2   1   0  -2   0  -1  -2   0   0  -1   0   1   3  -3   0   0   10   5   6   1   0   7   5   1   2   4   2   5   2   3   5  12  22   0   3   5  0.16 0.18
  270 Y    -3  -1  -4  -3  -2  -1  -4  -4   0   0  -1  -2   1   3  -3  -2  -1  -2   7   0    1   3   0   1   1   2   1   1   1   5   5   2   3  13   1   4   3   0  45   7  0.98 0.50
  271 S    -3  -1   4  -3  -1  -3  -2  -4  -4  -5  -4  -2  -4  -5  -2   6  -1  -6  -5  -2    0   3  20   0   1   0   2   0   0   0   2   2   0   0   2  63   1   0   0   4  1.21 0.68
  272 N     2  -2   4  -1   0  -2  -2  -3   0   0  -2  -1   2  -4  -2   0   2  -4  -2   1   17   1  23   2   2   1   1   0   2   4   1   4   6   0   1   5  15   0   1  12  0.35 0.31
  273 S     0  -5  -2  -4  -5  -4  -4  -2   0  -6  -6  -4  -5  -6  -5   7  -1  -6  -5  -3    5   0   2   0   0   0   0   2   2   0   0   0   0   0   0  85   3   0   0   1  1.79 0.90
  274 I    -1  -6  -6  -6  -4  -5  -6  -6  -5   7  -1  -5   0  -2  -2  -2  -1  -5   2   1    5   0   0   0   0   0   0   0   0  69   3   0   2   1   2   4   3   0   7   6  1.38 0.67
  275 E    -2  -4  -2   1  -6   1   6  -4   5  -6  -2  -3  -2   0  -5  -3  -3  -6  -1  -5    3   0   1   7   0   5  59   1  12   0   5   0   1   4   0   0   1   0   2   0  1.22 0.67
  276 Q     1   0  -1   0  -1   1   0   0   3  -1   0   1   0   0  -3   0   0  -3   0  -1   13   6   2   4   1   7   6   8   9   2  12   9   2   3   0   4   6   0   3   3  0.08 0.12
  277 K    -2  -1  -4  -4   0   1   0  -5  -4  -5  -5   6  -1   2  -5   1  -2  -5  -4  -5    2   1   0   0   2   5   4   0   0   0   0  61   2  10   0  11   2   0   0   0  1.22 0.67
  278 R    -4   8  -5  -6  -7  -1  -4  -6  -4  -7  -6  -1  -5  -7  -6  -5  -5  -7  -6  -6    1  94   0   0   0   2   0   0   0   0   0   2   0   0   0   0   0   0   0   0  2.69 1.02
  279 I     0   0  -2  -4  -3  -2  -3  -4  -1   4   3   0   2  -2  -4  -3  -3   0  -2   1    8   5   1   0   0   1   2   1   2  30  28   6   6   1   0   1   0   1   1   6  0.44 0.30
  280 K     1   3   0   0  -4   2   1  -2   1  -2  -3   2  -2  -4  -3   0   1  -4   1  -1   11  17   4   6   0  12   7   2   3   2   0  15   1   0   0   4   9   0   5   3  0.29 0.24
  281 E    -3  -3  -4  -2  -5  -1   3  -5  -3   0   1   3   2   2  -4  -3  -3   0   4  -2    1   0   0   2   0   1  24   0   0   5  17  20   5   7   0   0   0   1  15   2  0.54 0.40
  282 A     0  -5  -5  -6  -2  -5  -5  -6  -1   5   2  -5   0   0  -5  -4  -4  -3   5   2    8   0   0   0   1   0   0   0   1  33  19   0   2   2   0   0   0   0  23  11  0.89 0.47
  283 K    -2   5  -1  -1  -6   1   3  -2  -3  -5  -2   4  -4  -5  -4  -2  -3  -1  -4  -5    3  34   2   3   0   6  20   3   0   0   5  22   0   0   0   1   0   1   0   0  0.81 0.46
  284 G     1   5  -1   1  -5   0   0  -3   1  -5  -4   3  -1  -5  -4   1  -1  -5  -4  -4   12  32   3   7   0   3   6   1   3   0   1  16   2   0   0  11   4   0   0   0  0.58 0.36
  285 L     5  -4  -5  -5  -3  -4  -4  -4  -5   1   2  -4   0  -2  -4  -2   1  -5  -2   0   52   0   0   0   0   0   0   0   0   6  24   0   2   1   0   0   8   0   1   6  0.81 0.49
  286 L    -3  -5  -5  -6  -4  -2  -5  -3  -2   4   4  -3   3  -1  -5  -4  -3  -4  -3   1    1   0   0   0   0   1   0   3   1  27  46   1   8   1   0   1   0   0   0   9  0.87 0.42
  287 N     3   0   1   1  -4   1   4  -2  -1  -4  -3   1  -3  -5  -3  -1  -2  -5  -4  -3   26   5   8   8   0   4  29   2   1   0   2   9   0   0   0   3   1   0   0   0  0.49 0.31
  288 N     0   1   2   0  -4   1   1  -3   4  -3  -4   0  -3  -1  -3   1   1   3   2  -3    6   8   9   3   0   5  11   0  14   1   0   6   0   2   0  13   7   4  10   0  0.34 0.23
  289 L    -4  -5  -6  -6  -4  -4  -5  -6  -5   1   6  -5   3  -1  -5  -5  -3  -4  -3  -1    0   0   0   0   0   0   0   0   0   6  83   0   8   1   0   0   0   0   0   2  1.36 0.48

                      K         Lambda
Standard Ungapped    0.1322     0.3171
Standard Gapped      0.0419     0.2670
PSI Ungapped         0.1368     0.3176
PSI Gapped           0.0419     0.2670
