
Last position-specific scoring matrix computed, weighted observed percentages rounded down, information per position, and relative weight of gapless real matches to pseudocounts
            A   R   N   D   C   Q   E   G   H   I   L   K   M   F   P   S   T   W   Y   V   A   R   N   D   C   Q   E   G   H   I   L   K   M   F   P   S   T   W   Y   V
    1 R    -1   5   0  -1  -3   1   0  -2   0  -3  -2   2  -1  -3  -2  -1  -1  -2  -2  -2    0   0   0   0   0   0   0   0   0   0   0   0   0   0   0   0   0   0   0   0  0.00     0.00
    2 D    -2  -1   1   5  -3   0   1  -1  -1  -3  -3  -1  -3  -3  -1   0  -1  -4  -3  -3    0   0   0   0   0   0   0   0   0   0   0   0   0   0   0   0   0   0   0   0  0.00     0.00
    3 R    -1   5   0  -1  -3   1   0  -2   0  -3  -2   2  -1  -3  -2  -1  -1  -2  -2  -2    0   0   0   0   0   0   0   0   0   0   0   0   0   0   0   0   0   0   0   0  0.00     0.00
    4 R    -2   6  -1  -2  -3   1   0  -2   0  -3  -2   2  -1  -3  -2  -1  -1  -3  -2  -3    0 100   0   0   0   0   0   0   0   0   0   0   0   0   0   0   0   0   0   0  0.80 0.02
    5 E    -1   0  -1   1  -3   3   4  -2   0  -3  -3   1  -2  -3   3   0  -1  -3  -2  -2    0   0   0   0   0  22  58   0   0   0   0   0   0   0  21   0   0   0   0   0  0.66 0.01
    6 R    -2   6  -1  -2  -3   1   0  -2   0  -3  -2   2  -1  -3  -2  -1  -1  -3  -2  -3    0 100   0   0   0   0   0   0   0   0   0   0   0   0   0   0   0   0   0   0  0.80 0.02
    7 L    -2  -2  -3  -4  -2  -2  -3  -4  -2   1   3  -3   2   3  -3  -2  -1  -1   0   0    0   0   0   0   0   0   0   0   0   0  79   0   0  21   0   0   0   0   0   0  0.42 0.01
    8 L    -1  -2  -2  -3  -1  -2  -2  -3  -2   1   3  -2   2   0  -2   0  -1  -2  -1   0    0   0   0   0   0   0   0   0   0   0  81   0   0   0   0  19   0   0   0   0  0.30 0.01
    9 R    -2   6  -1  -2  -3   1   0  -2   0  -3  -2   2  -1  -3  -2  -1  -1  -3  -2  -3    0 100   0   0   0   0   0   0   0   0   0   0   0   0   0   0   0   0   0   0  0.80 0.02
   10 S     1  -1   1   0  -1   0   0   0  -1  -2  -3   0  -2  -2  -1   4   1  -3  -2  -2    0   0   0   0   0   0   0   0   0   0   0   0   0   0   0 100   0   0   0   0  0.49 0.02
   11 R     0   2   0  -1  -1   0  -1  -2  -1  -1   0   0   2  -2  -1   2   3  -2  -2  -1    0  18   0   0   0   0   0   0   0   0   0   0  21   0   0  22  39   0   0   0  0.22 0.01
   12 P     4  -2  -2  -2  -1  -1  -1   0  -2  -2  -2  -1  -1  -2   3   1   0  -3  -2  -1   82   0   0   0   0   0   0   0   0   0   0   0   0   0  18   0   0   0   0   0  0.48 0.01
   13 L    -2  -2  -3  -4  -1  -2  -3  -4  -3   1   4  -3   2   0  -3  -2  -1  -2  -1   1    0   0   0   0   0   0   0   0   0   0 100   0   0   0   0   0   0   0   0   0  0.48 0.02
   14 S     1  -1   1   0  -1   0   0   0  -1  -2  -3   0  -2  -2  -1   4   1  -3  -2  -2    0   0   0   0   0   0   0   0   0   0   0   0   0   0   0 100   0   0   0   0  0.49 0.02
   15 R     0   4   0  -1  -2   1   0  -1  -1  -3  -2   1  -1  -3  -2   2   0  -3  -2  -2    0  59   0   0   0   0   0   0   0   0   0   0   0   0   0  41   0   0   0   0  0.46 0.01
   16 E    -1   3   0   0  -3   4   2  -2   0  -3  -2   1  -1  -3  -1   0  -1  -2  -2  -2    0  20   0   0   0  61  18   0   0   0   0   0   0   0   0   0   0   0   0   0  0.56 0.02
   17 T     0  -1   0  -1  -1  -1  -1  -2  -2  -1  -1  -1  -1  -2  -1   1   5  -3  -2   0    0   0   0   0   0   0   0   0   0   0   0   0   0   0   0   0 100   0   0   0  0.52 0.02
   18 R    -2   6  -1  -2  -3   1   0  -2   0  -3  -2   2  -1  -3  -2  -1  -1  -3  -2  -3    0 100   0   0   0   0   0   0   0   0   0   0   0   0   0   0   0   0   0   0  0.80 0.02
   19 E    -1   0   0   1  -4   2   5  -2   0  -3  -3   1  -2  -3  -1   0  -1  -3  -2  -3    0   0   0   0   0   0 100   0   0   0   0   0   0   0   0   0   0   0   0   0  0.78 0.02
   20 W    -2   2  -3  -4  -3  -1  -2  -3  -2  -3  -2  -1  -2   0  -3  -2  -2  10   2  -3    0  20   0   0   0   0   0   0   0   0   0   0   0   0   0   0   0  80   0   0  1.79 0.03
   21 L    -2  -2  -3  -4  -1  -2  -3  -4  -3   1   4  -3   2   0  -3  -2  -1  -2  -1   1    0   0   0   0   0   0   0   0   0   0 100   0   0   0   0   0   0   0   0   0  0.48 0.02
   22 E    -1   0   0   1  -4   2   5  -2   0  -3  -3   1  -2  -3  -1   0  -1  -3  -2  -3    0   0   0   0   0   0 100   0   0   0   0   0   0   0   0   0   0   0   0   0  0.78 0.02
   23 Q    -1   1   0   0  -2   4   1  -1   0  -2  -2   2  -1  -2  -1   0  -1  -2  -1  -2    2   1   1   1   0  59   1   2   0   1   2  22   0   1   1   2   1   0   1   1  0.39 0.01
   24 G     0  -1   0  -1  -2  -1  -1   4  -1  -2  -2  -1  -2  -2  -1   1   0  -2  -2  -2    2   1   1   1   0   1   1  60   0   1   2   1   0   1   1  22   1   0   1   1  0.49 0.01
   25 M    -1  -1  -2  -2  -1  -1  -2  -2  -1   1   1  -1   4   3  -2  -1  -1  -1   0   0    2   1   1   1   0   1   1   2   0   1   2   1  58  21   1   2   1   0   1   1  0.20 0.01
   26 P    -1  -2  -1  -1  -2  -1  -1  -2  -2  -2  -2  -1  -2  -3   7  -1  -1  -2  -2  -2    2   1   1   1   0   1   1   2   0   1   2   1   0   1  79   2   1   0   1   1  1.46 0.01
   27 P     0  -1   0  -1  -1  -1  -1  -1  -1  -1  -1  -1  -1  -2   3   1   3  -2  -1   0    2   1   1   1   0   1   1   2   0   1   2   1   0   1  20   2  61   0   1   1  0.39 0.01
   28 T     2  -1  -1   0  -1   0   1  -1  -1  -1  -1   0  -1  -2  -1   1   2  -2  -1   0   36   1   1   1   0   1  16   1   0   1   2   1   0   1   1   1  33   0   1   1  0.20 0.01
   29 A     2   0  -1   0  -2   2   3  -1   0  -2  -2   0  -1  -2  -1   0   0  -2  -1  -1   32   1   1   1   0  17  36   1   0   1   2   1   0   1   1   1   1   0   1   1  0.27 0.01
   30 E    -1  -1   0   2  -3   1   3  -1  -1  -2  -2   0  -2  -2   3   0  -1  -2  -2  -2    1   1   1  18   0   1  49   1   0   1   2   1   0   1  18   1   1   0   1   1  0.49 0.01
   31 A     4  -1  -1  -1   0  -1  -1   0  -1  -1  -1  -1  -1  -2  -1   1   0  -2  -1   0   83   1   1   1   0   1   1   1   0   1   2   1   0   1   1   1   1   0   1   1  0.32 0.02
   32 E     1   2   0   2  -2   0   1   1  -1  -3  -3   0  -2  -3  -1   1   0  -3  -2  -2   19  18   0  17   0   0  15  15   0   0   0   0   0   0   0  17   0   0   0   0  0.26 0.01
   33 V     2  -2  -2  -2  -1  -1  -2  -1  -2   1   0  -1   0  -2  -2   0   2  -3  -2   2   34   0   0   0   0   0   0   0   0   0   0   0   0   0   0   0  19   0   0  47  0.21 0.02
   34 R     1   4  -1  -2  -3   0  -1  -2  -1  -3  -2   1  -2  -3   5   0  -1  -3  -2  -2   17  50   0   0   0   0   0   0   0   0   0   0   0   0  34   0   0   0   0   0  0.68 0.02
   35 S     2   1   2  -1  -1   0  -1  -1  -1   0  -1   0  -1  -2  -1   1   0  -3  -2   0   35  17  18   0   0   0   0   0   0  15   0   0   0   0   0  15   0   0   0   0  0.15 0.01
   36 R    -1   5  -1  -2  -3   1   0  -2  -1  -3  -2   2  -2  -3   3  -1  -1  -3  -2  -3    0  83   0   0   0   0   0   0   0   0   0   0   0   0  17   0   0   0   0   0  0.74 0.03
   37 P    -1  -1  -1  -2  -2  -1  -1  -2   3   0   0  -1   0  -1   4  -1  -1  -2  -1   1    1   1   1   1   0   1   1   1  17   1  17   1   0   1  33   1   1   0   1  20  0.40 0.01
   38 H     1   0   0  -1  -2   4   1  -1   3  -2  -2   0  -1  -2  -1   0  -1  -2  -1  -1   18   1   1   1   0  51   1   1  15   1   2   1   0   1   1   1   1   0   1   1  0.32 0.02
   39 G     0   1  -1  -1  -2   0   1   3  -1  -1  -1   0  -1  -2  -1   0  -1  -2  -2   0    1  17   1   1   0   1  16  35   0   1   2   1   0   1   1   1   1   0   1  18  0.19 0.01
   40 S     2   1   0  -1  -1   0   0   0  -1  -1  -1   0  -1  -2  -1   1   2  -2  -1  -1   37  16   1   1   0   1   1   1   0   1   2   1   0   1   1  16  18   0   1   1  0.19 0.01
   41 A     3  -1  -1   0  -1   0   1   0  -1  -1  -1   0  -1  -1   0   1   0  -1  -1   0   50   2   2   2   1   2  19   3   1   2   3   2   1   1   2   3   2   0   1   2  0.17 0.01
   42 D     1   2   0   3  -1   0   0  -1  -1  -2  -1   0  -1  -2  -1   0   0  -2  -1  -1   18  18   2  34   1   2   2   3   1   2   3   2   1   1   2   3   2   0   1   2  0.20 0.00
   43 A     2  -1   2   0  -1   0  -1   2  -1  -1  -1   0  -1  -2  -1   0   0  -1  -1  -1   35   2  17   2   1   2   2  19   1   2   3   2   1   1   2   3   2   0   1   2  0.16 0.00
   44 A     2   2   0  -1  -1   0   0   0  -1  -1  -1   0  -1  -1   0   1   1  -1  -1   0   35  18   2   2   1   2   2   3   1   2   3   2   1   1   2   3  17   0   1   2  0.13 0.00
   45 A     2  -1   0  -1  -1   0   0   0  -1  -1  -1   0  -1  -1   0   1   2  -1  -1   0   33   2   2   2   1   2   2   3   1   2   3   2   1   1   2   3  35   0   1   2  0.16 0.01
   46 P    -1  -1  -1  -1  -1  -1  -1  -1  -1  -1   0  -1   0  -1   5  -1  -1  -2  -1  -1    3   2   2   2   1   2   2   3   1   2  20   2   1   1  49   3   2   0   1   2  0.67 0.01
   47 H    -1   2   2   0  -2   3   1  -1   3  -2  -2   1  -1  -2  -1   0  -1  -2  -1  -2    1  18  20   1   0  32   1   1  15   1   2   1   0   1   1   1   1   0   1   1  0.31 0.01
   48 A     3  -1  -1  -1  -1  -1  -1   0  -1  -1  -1  -1  -1  -2   3   1   0  -2  -2  -1   65   1   1   1   0   1   1   1   0   1   2   1   0   1  20   1   1   0   1   1  0.39 0.01
   49 P    -1   1  -1  -1  -2   0   1  -2  -1  -2  -2   0  -2  -3   6  -1  -1  -2  -2  -2    1  16   1   1   0   1  18   1   0   1   2   1   0   1  51   1   1   0   1   1  0.85 0.02
   50 A     4  -1  -1  -1   0  -1  -1   0  -1  -1  -1  -1  -1  -2  -1   1   0  -2  -1   0   84   1   1   1   0   1   1   1   0   1   2   1   0   1   1   1   1   0   1   1  0.32 0.02
   51 E     0   2   0   1  -2   1   3  -1   0  -2  -2   1  -1  -2  -1   1   0  -2  -2  -2    1  18   1   1   0   1  50   1   0   1   2   1   0   1   1  18   1   0   1   1  0.35 0.01
   52 T     1   2   0   0  -1   0   1  -1  -1  -1  -1   0  -1  -2  -1   1   2  -2  -1  -1   20  18   1   1   0   1  16   1   0   1   2   1   0   1   1   1  33   0   1   1  0.19 0.01
   53 R    -1   4   0  -1  -2   0   0  -1   0  -1  -1   1  -1  -2  -1   0   1  -1  -1  -1    3  51   2   2   1   1   2   3   1   2   3   2   1   1   2   2  19   0   1   2  0.27 0.01
   54 P     0   0  -1  -1  -1   2   0  -1  -1  -1  -1   0  -1  -2   4   0   1  -2  -1  -1    3   2   2   2   1  20   2   3   1   2   3   2   1   1  34   2  17   0   1   2  0.47 0.01
   55 R     0   2   0   0  -1   0   2  -1  -1  -2  -2   0  -1  -2  -1   3   1  -2  -1  -2    1  16   1   1   0   1  18   1   0   1   2   1   0   1   1  52   1   0   1   1  0.26 0.01
   56 P     1  -2  -1  -1  -2  -1  -1  -1  -2  -2  -2  -1  -2  -3   6   0  -1  -2  -2  -1   18   1   1   1   0   1   1   1   0   1   2   1   0   1  66   1   1   0   1   1  1.15 0.02
   57 Q    -1  -1  -1  -1  -2   2   2  -2  -1   0   1   0   0  -1  -1   0   1  -2  -1   0    1   1   1   1   0  16  20   1   0   1  33   1   0   1   1   1  18   0   1   1  0.12 0.01
   58 H     2  -1  -1  -2  -1  -1  -1  -1   3  -1  -1  -1  -1   1  -1   0  -1   0   4  -1   37   1   1   1   0   1   1   1  15   1   2   1   0   1   1   1   1   0  32   1  0.24 0.01
   59 A     1  -1   0   2  -1   0   0  -1  -1  -1  -1   0  -1  -1   0   1   2  -1  -1   0   18   2   2  19   1   2   2   3   1   2   3   2   1   1   2   3  34   0   1   2  0.15 0.01
   60 G     0  -1   0  -1  -2  -1  -1   5  -1  -2  -2  -1  -2  -2  -1   0  -1  -1  -2  -2    3   2   2   2   1   2   2  66   1   2   3   2   1   1   2   3   2   0   1   2  0.50 0.01
   61 V     3  -1  -1  -1   0  -1  -1   0  -1   0  -1  -1   0  -1   0   0   0  -1  -1   1   51   2   2   2   1   2   2   3   1   2   3   2   1   1   2   3   2   0   1  17  0.13 0.01
   62 I     0  -1  -2  -2  -1  -1  -1  -2  -2   2   1  -1   2   0  -1  -1   0  -1  -1   2    2   2   1   2   1   1   2   2   1  14   3   2  17   1   2   2   2   0   1  41  0.11 0.00
   63 A     2  -1  -1  -1  -2   3   0  -1  -1  -2  -2   0  -1  -3   4   0  -1  -3  -2  -1   42   0   0   0   0  32   0   0   0   0   0   0   0   0  26   0   0   0   0   0  0.49 0.01
   64 H    -1   3   0  -1  -3   3   1  -2   5  -3  -2   1  -1  -2  -2  -1  -1  -2   0  -3    0  26   0   0   0  32   0   0  42   0   0   0   0   0   0   0   0   0   0   0  0.53 0.01
   65 A     4  -1  -2  -2   0  -1  -1   0  -2  -1  -2  -1  -1  -2  -1   1   0  -3  -2   0  100   0   0   0   0   0   0   0   0   0   0   0   0   0   0   0   0   0   0   0  0.44 0.02
   66 N    -1   0   5   1  -3   0   2  -1   0  -3  -3   0  -2  -3  -2   0   0  -4  -2  -3    0   0  82   0   0   0  18   0   0   0   0   0   0   0   0   0   0   0   0   0  0.65 0.02
   67 S     0   4   0  -1  -2   0   0  -1  -1  -3  -2   1  -1  -3  -1   3   0  -3  -2  -2    0  44   0   0   0   0   0   0   0   0   0   0   0   0   0  56   0   0   0   0  0.40 0.01
   68 I    -1  -3  -3  -3  -1  -3  -3  -4  -3   4   1  -3   1   0  -3  -2  -1  -3  -1   2    0   0   0   0   0   0   0   0   0 100   0   0   0   0   0   0   0   0   0   0  0.44 0.02
   69 V     0  -3  -3  -3  -1  -2  -3  -3  -3   2   1  -2   1  -1  -2  -2   0  -3  -1   4    0   0   0   0   0   0   0   0   0   0   0   0   0   0   0   0   0   0   0 100  0.39 0.02
   70 Q    -1   1   0   0  -3   6   2  -2   0  -3  -2   1  -1  -3  -1   0  -1  -2  -2  -2    0   0   0   0   0 100   0   0   0   0   0   0   0   0   0   0   0   0   0   0  0.72 0.02
   71 Q    -1   1   0   0  -3   5   3  -2   0  -3  -2   1  -1  -3  -1   0   1  -2  -2  -2    0   0   0   0   0  68  18   0   0   0   0   0   0   0   0   0  14   0   0   0  0.53 0.01
   72 L    -2  -2  -3  -4  -1  -2  -3  -4  -3   1   4  -3   2   0  -3  -3  -1  -2  -1   1    0   0   0   0   0   0   0   0   0   0 100   0   0   0   0   0   0   0   0   0  0.49 0.01
   73 V     0  -3  -3  -3  -1  -2  -3  -3  -3   3   1  -2   1  -1  -2  -2   0  -3  -1   4    0   0   0   0   0   0   0   0   0  17   0   0   0   0   0   0   0   0   0  83  0.37 0.01
   74 S     0   2   0   0  -2   1   3  -1   0  -3  -3   1  -2  -3  -1   2   0  -3  -2  -2    0  18   0   0   0   0  40   0   0   0   0   0   0   0   0  42   0   0   0   0  0.38 0.01
   75 A     3  -1  -1  -1  -1   0   1   2  -1  -2  -2  -1  -1  -3  -1   1   0  -3  -2  -1   55   0   0   0   0   0  13  18   0   0   0   0   0   0   0  14   0   0   0   0  0.31 0.01
   76 G     0  -2  -1  -1  -3  -2  -2   6  -2  -4  -4  -2  -3  -3  -2   0  -2  -3  -3  -3    0   0   0   0   0   0   0 100   0   0   0   0   0   0   0   0   0   0   0   0  1.08 0.02
   77 A     4  -1  -2  -2   0  -1  -1   0  -2  -1  -2  -1  -1  -2  -1   1   0  -3  -2   0  100   0   0   0   0   0   0   0   0   0   0   0   0   0   0   0   0   0   0   0  0.44 0.02
   78 D    -2  -2   1   6  -4   0   1  -1  -1  -3  -4  -1  -3  -4  -2   0  -1  -4  -3  -3    0   0   0 100   0   0   0   0   0   0   0   0   0   0   0   0   0   0   0   0  0.99 0.02
   79 L    -1  -2  -3  -4  -1  -2  -3  -4  -3   2   4  -3   2   0  -3  -2  -1  -2  -1   1    0   0   0   0   0   0   0   0   0  13  87   0   0   0   0   0   0   0   0   0  0.44 0.01
   80 A     2  -1   3   0  -1   0   0   0  -1  -2  -2   0  -1  -3  -1   2   0  -3  -2  -1   38   0  32   0   0   0   0   0   0   0   0   0   0   0   0  30   0   0   0   0  0.33 0.01
   81 H    -2  -1   4   0  -3   0   0  -1   5  -3  -3  -1  -2   0  -2   0  -1  -1   3  -3    0   0  44   0   0   0   0   0  40   0   0   0   0   0   0   0   0   0  17   0  0.52 0.01
   82 T    -1  -2  -1  -2  -1  -2  -2  -3  -2   2   0  -2   0   2  -2   0   3  -2   0   2    0   0   0   0   0   0   0   0   0  26   0   0   0  14   0   0  42   0   0  18  0.20 0.01
   83 R    -2   6  -1  -2  -3   1   0  -2   0  -3  -2   2  -1  -3  -2  -1  -1  -3  -2  -3    0 100   0   0   0   0   0   0   0   0   0   0   0   0   0   0   0   0   0   0  0.81 0.02
   84 T    -1  -1   3   0  -1  -1  -1  -1  -1   1  -1  -1  -1  -2  -2   1   3  -3  -2   0    0   0  27   0   0   0   0   0   0  17   0   0   0   0   0   0  56   0   0   0  0.28 0.01
   85 M    -1  -2  -2  -3  -2  -1  -2  -3  -2   1   2  -1   6   0  -3  -2  -1  -2  -1   1    0   0   0   0   0   0   0   0   0   0   0   0 100   0   0   0   0   0   0   0  0.45 0.03
   86 L    -2  -2  -3  -4  -2  -3  -3  -3  -2   1   3  -3   1   4  -3  -2  -2   0   1   0    0   0   0   0   0   0   0   0   0   0  58   0   0  42   0   0   0   0   0   0  0.43 0.01
   87 R    -2   6  -1  -2  -3   1   0  -2   0  -3  -2   2  -1  -3  -2  -1  -1  -3  -2  -3    0 100   0   0   0   0   0   0   0   0   0   0   0   0   0   0   0   0   0   0  0.81 0.02
   88 N    -2  -1   6   1  -3   0   0  -1   0  -3  -3   0  -2  -3  -2   0   0  -4  -2  -3    0   0 100   0   0   0   0   0   0   0   0   0   0   0   0   0   0   0   0   0  0.79 0.02
   89 I     2  -2  -2  -2  -1  -1  -2  -1  -2   1   1  -1   3  -1  -2   0   0  -2  -1   2   44   0   0   0   0   0   0   0   0  12   0   0  26   0   0   0   0   0   0  18  0.18 0.01
   90 M    -1  -2  -3  -3  -1  -1  -2  -3  -2   2   3  -2   5   0  -3  -2  -1  -2  -1   1    0   0   0   0   0   0   0   0   0  17  26   0  58   0   0   0   0   0   0   0  0.34 0.01
   91 R    -2   3   4   2  -3   0   0  -1   0  -3  -3   1  -2  -3  -2   0  -1  -3  -2  -3    0  38  44  18   0   0   0   0   0   0   0   0   0   0   0   0   0   0   0   0  0.49 0.01
   92 G     0  -2   2  -1  -3  -1  -2   5  -1  -4  -4  -1  -3  -3  -2   0  -1  -3  -3  -3    0   0  18   0   0   0   0  82   0   0   0   0   0   0   0   0   0   0   0   0  0.85 0.01
   93 E    -1  -1   2   4  -3   1   3  -1   0  -3  -3   0  -2  -3  -1   0  -1  -4  -2  -3    0   0  18  44   0   0  38   0   0   0   0   0   0   0   0   0   0   0   0   0  0.62 0.01
   94 E     2  -1  -1   0  -2   0   3   2  -1  -2  -2   0  -2  -3  -1   0  -1  -3  -2  -1   45   0   0   0   0   0  38  17   0   0   0   0   0   0   0   0   0   0   0   0  0.33 0.01
   95 M    -1  -2  -3  -3  -1  -1  -2  -3  -2   2   1  -2   4  -1  -2  -2   0  -2  -1   3    0   0   0   0   0   0   0   0   0   0   0   0  38   0   0   0   0   0   0  62  0.30 0.01
   96 A     3  -2  -2  -2  -1  -1  -1  -1  -2   1   0  -1   0  -2  -1   0   0  -3  -2   1   74   0   0   0   0   0   0   0   0  26   0   0   0   0   0   0   0   0   0   0  0.26 0.01
   97 L    -2  -3  -3  -4  -2  -3  -3  -3  -2   1   2  -3   1   5  -3  -2  -2   0   2   0    0   0   0   0   0   0   0   0   0   0  38   0   0  62   0   0   0   0   0   0  0.51 0.01
   98 S     1  -1   1   0  -1   0   0   0  -1  -2  -3   0  -2  -2  -1   4   1  -3  -2  -2    0   0   0   0   0   0   0   0   0   0   0   0   0   0   0 100   0   0   0   0  0.49 0.02
   99 R    -1   5   0  -1  -3   2   0  -2   0  -3  -2   2  -1  -3  -2  -1  -1  -3  -2  -3    0  83   0   0   0  17   0   0   0   0   0   0   0   0   0   0   0   0   0   0  0.70 0.02
  100 A     3  -2  -2  -2  -1  -1  -2  -1  -2   1   0  -1   0  -2  -1   0   0  -3  -2   2   55   0   0   0   0   0   0   0   0   0   0   0   0   0   0   0   0   0   0  45  0.24 0.01

                      K         Lambda
Standard Ungapped    0.1265     0.3160
Standard Gapped      0.0316     0.2670
PSI Ungapped         0.1031     0.3176
PSI Gapped           0.0316     0.2670
