
Last position-specific scoring matrix computed, weighted observed percentages rounded down, information per position, and relative weight of gapless real matches to pseudocounts
            A   R   N   D   C   Q   E   G   H   I   L   K   M   F   P   S   T   W   Y   V   A   R   N   D   C   Q   E   G   H   I   L   K   M   F   P   S   T   W   Y   V
    1 K    -3   6  -2  -3  -6  -1  -2  -4   1  -5  -5   5  -4  -5  -4  -3  -3  -5  -4  -5    0  52   0   0   0   0   0   0   4   0   0  45   0   0   0   0   0   0   0   0  1.44 0.46
    2 L    -2  -4  -5  -6  -3  -4  -5  -5  -5   1   5  -5   2   3  -5  -4  -2   0  -2   0    3   0   0   0   0   0   0   0   0   6  64   0   4  15   0   0   2   1   0   6  0.92 0.37
    3 A     2   0   0   0  -2   0  -2   1   0  -1  -1   0  -2  -2  -3   1  -1  -1  -1   0   27   4   6   4   1   5   0  12   3   3   7   6   0   1   0  14   1   1   1   6  0.16 0.15
    4 R    -2   7  -1  -2  -6   0  -2  -1   2  -6  -5   2  -4  -6  -3  -1  -3  -6  -4  -5    3  64   2   2   0   2   1   5   5   0   0  10   0   0   1   3   1   0   0   0  1.28 0.51
    5 G     0   1   1   2  -4   0  -1   4  -2  -5  -3   0  -2  -5  -2   2  -1  -5  -4  -4    5   7   5  14   0   4   2  35   0   0   2   5   1   0   1  18   2   0   0   0  0.53 0.28
    6 P     2   2  -3  -1  -4   0  -1  -1   0  -4  -4   2  -4  -5   5   0  -1  -5  -4  -2   16  12   0   4   0   3   2   4   3   0   1  12   0   0  30   7   3   0   0   2  0.61 0.31
    7 D     0   0   1   3  -2   3   0  -2   4  -3  -2   0  -3  -3  -1   0  -1  -2  -1  -1    9   5   5  21   1  15   3   1  13   1   5   3   0   1   3   6   2   1   2   4  0.31 0.22
    8 A     3   1   0   0  -3   1   0   0   1  -2  -1   0  -2  -2  -1   1   0   2  -1  -1   30  10   3   6   0   6   4   5   5   2   5   3   0   1   2   8   4   4   2   2  0.19 0.17
    9 A     3   0  -1  -2  -3   2   0  -1  -1  -2   0  -2   0  -3  -1   0   0  -1  -3   0   32   4   2   2   0  12   4   4   1   1  13   0   2   0   3   7   5   1   0   6  0.22 0.21
   10 L     2   1  -1  -1  -3   2   0  -2   0  -1   1  -2  -1  -2   1  -1  -1   1  -1   0   18   8   2   2   0  14   7   3   3   2  19   0   1   1   6   3   3   3   1   6  0.14 0.17
   11 I     2  -2  -4  -3  -2  -3  -3  -3  -2   1   3  -3   1   0  -2  -2   0   1  -1   2   20   2   0   1   1   0   0   1   1   7  35   1   3   4   2   1   4   2   2  13  0.33 0.24
   12 P     2  -1  -2  -1  -3  -1  -2   0  -2   0   1  -2   1   1   2   0   0   2  -2   0   20   2   1   4   0   2   1   9   0   3  16   1   3   8   9   6   6   4   0   5  0.13 0.14
   13 Q     0   3   0  -1  -5   5   1  -2   2  -5  -3   1  -3  -5   1  -1   0  -5  -4  -3    7  17   4   3   0  28   9   2   4   0   2   5   0   0   8   4   5   0   0   1  0.53 0.32
   14 A     5  -3  -4  -4   0  -2  -2   1  -4  -2  -2  -1  -4  -4  -3   2  -1  -5  -4  -2   54   1   0   0   2   1   1  10   0   2   3   2   0   1   1  18   3   0   0   1  0.78 0.43
   15 L    -1  -2  -2  -5  -4  -3  -4  -2   0  -1   3  -3   1   4  -5  -3  -1   7   2   0    5   2   2   0   0   1   0   3   2   1  36   1   2  15   0   1   3  15   5   5  0.69 0.34
   16 L     0  -1  -2  -2  -2  -1  -2   0  -1   1   1  -2   0   1  -3   0   0   3   0   2   10   4   1   2   0   3   2   7   1   9  19   0   1   6   0   6   8   5   2  15  0.11 0.12
   17 D     0   3   0   0  -3   2   0   0   2  -2  -1  -1  -2  -4  -2   1   1  -4  -2  -2    9  17   4   5   0  11   6   8   5   2   7   1   0   0   1  13   9   0   1   1  0.19 0.18
   18 L    -1  -2  -3  -4  -2  -1  -4  -3   1   1   4  -3   2  -1  -3  -2   0   1  -1   2    3   2   0   0   0   4   0   2   4   6  43   1   4   1   1   1   7   2   2  15  0.42 0.27
   19 L    -1   0  -2  -2   0   0  -2  -3   1   0   3   0   1  -1  -3   0   0   1   1   0    5   7   1   2   2   4   0   1   5   5  35   5   3   2   1   6   5   2   6   3  0.18 0.17
   20 A     1   1   0  -1  -2   4   0   1  -1  -2  -1  -1  -2   0  -3   0   0  -2  -2  -2   15   8   4   2   1  22   4  11   1   1   7   2   1   6   0   6   5   0   1   2  0.21 0.20
   21 R    -1   5  -2  -2  -5   4  -1  -2   2  -5  -3   0  -3  -1  -1   0  -1  -4   0  -4    5  35   1   2   0  23   2   4   5   0   2   2   0   2   3   7   3   0   4   0  0.65 0.38
   22 A     1   1   0  -2  -2   2  -1   3   2  -3  -3   1  -2  -3  -1   0   0   0  -1  -3   16   6   5   1   1  14   1  21   7   1   2   7   0   0   2   8   4   1   2   1  0.28 0.21
   23 G     0   5  -2  -2  -1   0  -2   2   1  -4  -4   1  -4  -5   2   0  -1  -2  -3  -2    8  33   1   2   1   3   1  15   4   0   0   8   0   0  12   7   2   0   0   3  0.53 0.31
   24 A     1  -2  -3  -4  -2  -2  -3  -1   0   1   4  -3   1  -1  -2  -1  -1  -2  -1   1   14   2   1   0   0   2   1   5   2   5  43   0   2   1   1   4   3   0   2   9  0.33 0.24
   25 L     0  -1   0  -2  -3   0  -1   2  -2   0   1  -2   1   2  -3  -1   0   1  -1   0    9   2   5   2   0   7   2  17   0   5  19   0   4  10   1   2   7   2   1   4  0.11 0.14
   26 R    -1   5  -2  -3  -5   0  -2  -3  -1  -4  -2   2  -2   2   2  -1  -1   0   0  -3    5  39   1   0   0   4   1   2   1   0   3  13   1   9  10   2   4   1   4   1  0.61 0.35
   27 W    -1  -5  -5  -8  -4  -4  -6  -6  -4  -4  -2  -6  -2  -2   1  -5  -4  12   1  -5    5   1   0   0   0   1   0   0   0   1   4   0   1   1   8   1   1  73   3   0  3.16 0.97
   28 L     0   1  -3  -4  -3   0  -2  -1  -1   0   2  -2   0   0   2  -1  -1   4   0   0    7  11   0   0   0   6   1   4   1   5  26   1   2   5  11   3   3   7   3   4  0.22 0.19
   29 L     0  -3  -4  -5  -3  -4  -4  -3  -4   2   3  -3   2   4  -3  -2  -1   0   0   1    9   1   0   0   0   0   0   2   0  11  37   0   5  17   1   2   4   1   2   8  0.47 0.28
   30 G     1  -3  -2  -3  -3  -1  -3   3  -3  -2   0  -3  -1   3  -3   2  -2  -2  -1  -2   15   1   1   1   0   2   0  27   0   2   9   0   1  17   1  19   1   0   1   2  0.41 0.29
   31 A     1   2  -1  -3   0   0  -2  -1  -2   0   1  -1   1   0  -3   1   0   0  -1   0   15  12   2   0   2   3   0   5   0   6  18   3   3   3   0  11   6   1   1   6  0.09 0.12
   32 V    -1  -2  -4  -5  -2  -1  -4  -2  -4   3   3  -3   2   1  -4  -2  -1   1  -1   2    5   2   0   0   0   4   0   2   0  18  37   1   5   4   0   1   3   2   2  13  0.41 0.25
   33 S     1  -3  -1  -3  -2  -1  -3  -2  -3  -1   0  -3   1  -2  -3   4   3  -4  -3   0   11   0   1   0   0   2   0   2   0   3  11   0   5   1   0  37  16   0   0   7  0.40 0.33
   34 H    -4  -3   1  -4  -6   6  -2  -3   9  -6  -4  -2  -4  -5  -5  -2  -4  -5  -3  -5    0   0   5   0   0  38   0   1  48   0   1   1   0   0   0   3   0   0   0   0  1.88 0.70
   35 I     1   0  -2  -3  -1   0  -2   2  -2   0   2  -1   0  -1  -3   0   0   2  -2   0   13   5   0   0   1   4   1  16   1   4  26   2   2   1   0   9   5   3   0   4  0.15 0.15
   36 L     1  -3  -3  -4  -1  -4  -4  -1  -3   1   2  -4   0   5  -4  -1  -1   1   0   0   16   1   1   0   1   0   0   6   0   6  19   0   2  33   0   3   3   2   2   5  0.48 0.27
   37 W     2  -5  -5  -5  -5  -4  -5   2  -5  -5  -4  -5  -2  -2  -5  -1  -3  11  -2  -3   20   0   0   0   0   0   0  18   0   0   1   0   1   1   0   4   1  50   0   2  2.02 0.67
   38 L     1  -4  -4  -4   0  -3  -4  -3  -4   1   4  -4   0   0  -4  -1   0  -4  -3   2   12   0   0   0   2   0   0   1   0   8  45   0   1   3   0   4   6   0   0  16  0.49 0.28
   39 A     2  -3  -3  -4   4  -3  -3   1  -3   1   2  -3   0   0  -3   0   0  -1  -3   0   24   0   0   0   9   0   0  13   0   6  20   0   2   4   0   8   4   1   0   7  0.28 0.21
   40 A     0  -4  -4  -5  -2  -4  -4  -1  -3   1   0  -4  -1   7  -5  -1  -2  -1   4  -1   11   0   1   0   1   0   1   4   0   7   6   0   1  46   0   4   2   1  13   4  0.89 0.41
   41 L     0  -3   4  -2  -3  -2  -3  -1  -1  -2   3  -3   1   2  -4   1   0  -4  -2  -2    7   0  26   1   0   1   0   5   1   1  30   0   3   8   0  11   4   0   1   0  0.41 0.30
   42 C     1  -4  -4  -4   1  -3  -4  -1  -4   2   3  -4   0   0  -4  -1   0  -4  -3   2   11   0   0   0   3   0   0   4   0  12  37   0   2   3   0   4   6   0   0  17  0.42 0.25
   43 A     2  -4  -3  -4  -4  -4  -4   6  -4  -3  -2  -4  -4  -3  -4   0   0  -2  -5  -2   14   0   0   0   0   0   0  61   0   1   4   0   0   1   0   7   6   0   0   3  1.06 0.45
   44 A     4  -3  -3  -4   1  -3  -3   0  -4   1   1  -3   2  -2  -3   0   0  -4  -3   1   38   0   1   0   2   0   0   7   0   6  11   0   6   1   0   7   7   0   0  12  0.38 0.27
   45 L    -1  -4  -5  -5  -2  -4  -4  -5  -5   3   5  -4   2   1  -5  -2  -2   3  -3   1    4   0   0   0   0   0   1   0   0  14  53   0   4   6   0   2   2   5   0   7  0.75 0.36
   46 A     2  -4  -4  -4   0  -3  -4   0  -4   2   3  -4   0  -1  -3  -2  -1  -4  -3   2   20   0   0   0   2   0   0   8   0   9  37   0   1   2   1   2   2   0   0  16  0.42 0.27
   47 T     3  -3  -2  -3   1  -3  -3   2  -2  -1  -2  -3   1  -2  -3   2   3  -1  -2   1   23   0   0   0   3   0   0  16   1   2   2   0   5   1   0  14  19   1   1  10  0.39 0.29
   48 L    -1  -4  -4  -5   1  -4  -4  -4  -4   0   4  -4   2   4  -5  -2   2  -2  -1   0    5   0   0   0   3   0   0   1   0   4  42   0   5  17   0   2  13   0   1   5  0.61 0.34
   49 L    -1  -4  -5  -5  -2  -4  -5  -1  -4   1   4  -4   0   4  -5  -2  -2   3   0   2    5   0   0   0   1   0   0   4   0   7  42   0   1  16   0   2   1   4   2  14  0.58 0.31
   50 I     0  -3  -4  -4  -2  -3  -4   0  -4   1   2  -3   1   4  -4  -2   0   0   0   2    9   1   0   0   1   0   0   8   0   9  23   1   3  18   0   1   6   1   3  16  0.34 0.22
   51 V     0   1  -3  -4   0   0  -2  -2   1   0   3   1   3   0  -4  -1  -1  -3   0   0    7  10   0   0   2   4   1   3   4   3  34   9   7   3   0   4   2   0   3   5  0.23 0.20
   52 L    -2  -4  -5  -5  -4  -4  -3  -2  -4   1   4  -4   1   4  -3  -2  -2  -2  -2   3    3   0   0   0   0   0   2   4   0   7  37   0   2  19   1   3   2   0   0  19  0.58 0.31
   53 S     2  -4  -3  -4  -3  -3  -3  -3  -4   0   2  -3   1   0  -3   2   2   3  -2   1   20   0   1   0   0   0   0   1   0   6  20   0   4   4   1  19  12   4   1   8  0.33 0.26
   54 T     0  -3  -4  -5  -4  -4  -5  -1  -4   0   0  -4  -1   6  -5  -2   3  -1  -1   2    7   1   0   0   0   0   0   5   0   5   8   0   1  34   0   3  18   1   0  16  0.66 0.36
   55 A    -1   4   0  -3  -4   2  -1  -2   1  -4  -3   1  -1  -1  -4   1   2  -1  -2  -2    5  25   4   0   0  10   3   2   4   0   2   7   1   3   0  12  17   1   1   2  0.39 0.27
   56 S     0   2   0   5  -5   4   1  -3   2  -5  -5  -1  -4  -5  -4  -1  -3  -5  -2  -4    9  10   3  37   0  17   8   1   4   0   1   1   0   0   0   4   1   0   2   1  0.78 0.40
   57 Y    -4  -3  -5  -6  -5  -5  -5  -6  -1   2   2  -5   0   2  -2  -5  -2  -2   7   2    1   2   0   0   0   0   0   0   1  10  16   0   2   8   3   0   2   0  44  13  1.12 0.48
   58 R     3   1   0   1  -3   1  -1   1   0  -4  -4  -1  -3  -4  -2   1   1   0  -4  -1   30   7   4   9   0   8   1   9   3   0   0   1   0   0   1  11   9   1   0   4  0.32 0.25
   59 F    -4  -7  -7  -8  -7  -7  -7  -7  -6  -3   0  -7  -4   9  -3  -7  -6  -3   0  -3    2   0   0   0   0   0   0   0   0   1   7   0   0  86   2   0   0   0   1   1  2.62 0.84
   60 V     0  -2   0  -3  -4  -2  -3   4  -1   0  -3  -4  -3  -1  -4   0   0  -4   2   3    7   2   4   1   0   1   0  35   2   4   1   0   0   3   0   6   5   0   7  23  0.49 0.30
   61 W    -8  -8  -9 -10  -8  -7  -8  -8  -8  -7  -2  -8  -6  -1  -9  -8  -8  13  -3  -3    0   0   0   0   0   0   0   0   0   0   4   0   0   2   0   0   0  92   0   2  4.64 1.26
   62 A    -1   1  -2  -2  -6   5   5   1  -3  -6  -6  -2  -5  -3  -3   2  -3  -6  -5  -5    5   6   1   1   0  27  33  11   0   0   0   0   0   1   1  13   1   0   0   0  0.89 0.49
   63 T    -2  -5  -1  -5  -5  -4  -5  -5  -5  -6  -6  -5  -5  -6  -5   5   6  -7  -6  -5    3   0   2   0   0   0   0   0   0   0   0   0   0   0   0  49  46   0   0   0  1.68 0.76
   64 T    -3  -6  -5  -6  -5  -5  -5  -3  -6  -5  -6  -5  -5  -7  -6   0   8  -7  -6  -5    2   0   0   0   0   0   0   2   0   0   0   0   0   0   0   6  90   0   0   0  2.37 0.93
   65 L    -4  -6  -7  -7  -5  -3  -6  -7  -6   4   5  -6   0   2  -3  -4  -3   2  -4   0    1   0   0   0   0   1   0   0   0  25  53   0   1   8   2   1   1   3   0   3  1.12 0.54
   66 L    -2  -4  -3  -4  -4   0  -3  -4  -3   2   5  -5   0   2  -6  -4  -2   2  -3   1    4   1   1   1   0   4   2   1   1   8  56   0   2   8   0   1   2   2   0   8  0.78 0.44
   67 Q     0  -3   1   1  -4  -1   0   0  -1  -3  -3  -3  -2  -5   2   4   1  -6  -5  -3    6   1   7   7   0   3   5   8   1   1   3   0   1   0  10  36   9   0   0   1  0.47 0.37
   68 P     3  -3   0   2  -1   0   0   0  -4  -3  -4  -3  -4  -5   3   2   0  -1  -5  -3   25   1   4  10   1   4   7   6   0   1   1   0   0   0  16  18   4   1   0   1  0.48 0.35
   69 E     1  -2  -1   3  -5   2   3   1   0  -5  -4  -2  -4  -5   0   1   0  -5  -3  -4   12   1   2  18   0  11  21   9   2   0   1   1   0   0   5   9   7   0   1   0  0.47 0.34
   70 T     1  -1  -1   0  -3   2  -1  -1   2  -1  -1  -2  -2   1  -2   1   2   1  -1   1   13   3   2   5   0   9   2   3   6   2   5   1   0   6   1  12  17   2   1   9  0.15 0.19
   71 F    -3  -5  -5  -6  -4  -3  -5  -4  -5   2   3  -4   3   5  -4  -4  -2  -3   1   3    2   0   0   0   0   1   0   1   0  10  26   1   6  27   1   1   2   0   4  18  0.77 0.40
   72 V     1  -1  -2  -2  -1   1   1  -3   5   0  -1  -2   0   0  -2  -1  -1  -2   1   2   12   2   1   1   1   7   9   1  16   5   6   2   3   3   1   3   4   0   5  17  0.24 0.22
   73 T     1   2   0   0  -4   3   0   0   2  -4  -3   0  -1  -3  -1   1   1   2  -3  -1   15  13   3   4   0  14   4   5   5   0   2   5   1   1   3   9   9   3   0   4  0.22 0.22
   74 L     0  -5  -5  -3  -4  -4  -5  -4  -5   3   4  -5   2   2  -5  -1  -1   2  -3   1    9   0   0   2   0   0   0   1   0  15  38   0   5   9   0   4   4   2   0  11  0.59 0.35
   75 T     1  -5  -5  -5  -1  -3  -5  -3  -3   1   1  -5   1  -1  -5  -2   3  -5  -4   5   12   0   0   0   1   1   0   2   1   8  12   0   3   3   0   1  20   0   0  38  0.68 0.42
   76 Q     0   2   0   1  -3   3   2  -2   3  -3  -3   0  -2  -2  -2   1   0  -5  -2  -3    9  11   5   8   1  18  12   1   9   1   3   5   1   1   1   9   5   0   1   1  0.33 0.27
   77 A     1  -3  -1  -3  -2  -2  -3   0  -2   1   1  -2   1   1  -2  -1   1   5   0   2   13   1   2   1   0   1   0   7   1  10  14   2   3   7   1   5   8   8   2  14  0.20 0.18
   78 L    -3  -6  -6  -7  -5  -5  -6  -7  -6   4   5  -6   2   2  -6  -3  -1   1  -4   1    1   0   0   0   0   0   0   0   0  23  50   0   5   7   0   2   3   2   0   6  1.03 0.50
   79 G     4  -5  -1  -3  -4  -4  -4   3   0  -5  -3  -3  -1  -2  -5   3  -2  -1  -5  -4   35   0   3   1   0   0   0  23   2   0   2   1   2   2   0  27   1   1   0   0  0.82 0.50
   80 W     2  -2  -5  -4  -4  -2  -4  -3  -2  -1   1  -3   1   1  -5  -1   1   9   1  -1   20   2   0   1   0   1   1   2   1   4  14   2   3   5   0   5   8  25   4   4  0.78 0.44
   81 L    -1  -4  -6  -6  -1  -5  -5  -3  -6   0   3  -5  -2  -3   6  -3  -5   2  -5  -1    5   1   0   0   1   0   0   2   0   6  32   0   1   1  42   1   0   3   0   5  1.19 0.60
   82 P     0  -3  -6  -6  -7  -3  -6  -4  -2  -5  -2  -6   2  -2   7  -4  -4   8  -5  -6    7   2   0   0   0   1   0   1   1   1   5   0   4   2  53   1   1  22   0   0  1.95 0.86
   83 G     3  -2  -1   0  -4   1   0   1  -1  -3  -3  -2  -4  -3  -3   3  -1   4  -2  -3   23   2   2   5   0   7   6   9   2   2   2   2   0   1   1  28   2   6   2   1  0.44 0.36
   84 Q    -1  -1  -1  -5  -5   1  -2  -2   1  -1   2  -1   0   0  -2  -1  -4   9   0  -1    5   4   3   0   0   6   3   3   4   3  17   4   3   4   3   4   0  28   2   5  0.82 0.50
   85 L    -2  -4  -4  -5   0  -2  -2  -2   0   2   2  -4   2   3  -1  -2  -1   6   0   0    2   0   0   0   2   2   3   3   2  10  24   0   5  15   3   2   5  12   3   6  0.50 0.36
   86 G     0  -2  -1   0  -4   0  -2   4   0  -1  -1  -2   0  -1   2  -1  -2   1  -1  -2    6   2   3   5   0   5   2  33   2   3   7   2   3   2  10   5   2   2   2   3  0.31 0.27
   87 F     0  -4  -2  -1  -4  -1  -1  -2   1   0   1  -3   1   4  -1  -1  -2   3   3   1    8   0   1   4   0   3   4   3   3   4  15   1   3  17   3   4   2   4   9  12  0.23 0.23
   88 A     4  -4  -2   0  -4  -1   0   0  -2  -3  -3  -4   0  -2   4   1  -1  -5  -2  -2   31   0   1   5   0   2   6   7   1   2   1   0   2   2  20  10   4   0   2   2  0.53 0.44
   89 L     0   0   0   0   2   0   0   0   2   0  -1  -1   1   0   0   0   0  -2   1   0    6   6   5   6   5   5   6   6   5   6   6   0   5   5   6   6   6   0   5   6  0.03 0.09
   90 P    -2  -6  -6  -1  -7  -2  -2  -7  -6  -2  -1  -6  -6  -1   8  -2  -6   0  -6  -3    4   0   0   4   0   2   3   0   0   3   7   0   0   3  68   3   0   1   0   2  1.88 0.94
   91 D     0  -2   0   4  -4  -1   1  -2   1  -3  -2  -2  -1  -5   1   2   2  -5  -4  -1    6   2   4  22   0   2  10   3   4   1   4   1   2   0   6  14  16   0   0   4  0.38 0.33
   92 A     2  -1  -1   0  -3   0   0   0  -1  -1   1  -2   1  -1   1   0   0   0   0   0   21   2   2   4   0   5   4   7   1   3  18   2   3   3   7   5   4   1   3   4  0.09 0.14
   93 A     2  -2  -1   1  -4   0   3  -1  -1  -2  -1  -2   0  -1  -1   1   1  -4  -1  -1   18   2   2   7   0   4  21   3   1   1   8   1   2   2   2  11   9   0   3   4  0.22 0.25
   94 L     1   1  -1   1  -3   2   0  -2  -1  -1   0  -2   1  -1   0   0   0  -1  -1   0   11   9   2   9   0  12   5   2   2   3  11   0   4   3   4   5   7   1   2   8  0.09 0.15
   95 V    -2  -2  -3  -2  -1  -3  -3  -3  -5   5   2  -4   0  -1  -5  -4  -2   4  -3   3    2   2   1   3   1   1   2   3   0  33  17   0   1   3   0   0   1   5   0  22  0.69 0.41
   96 R     1   1   0  -1  -3   2   1  -1   0   1   0  -1   0  -2  -1  -1  -1   1  -1  -1   13  10   3   2   0  10  12   5   2  12   8   1   2   1   2   4   4   2   1   3  0.11 0.17
   97 A     4  -1  -1   0  -3   1   0   1   0  -2   0  -3  -1  -3  -1   0  -1  -4  -1  -2   33   2   2   6   0   7   6  11   2   2  10   0   2   1   2   6   4   0   2   1  0.27 0.27
   98 S     2  -2  -1  -1  -4  -1  -1   0  -4  -3  -2   0  -1  -2   0   4   1  -5  -4  -3   15   2   2   3   0   2   3   7   0   1   3   6   1   2   5  37   8   0   0   1  0.46 0.39
   99 D    -2   3   1   3  -2   3   0   2  -1  -2  -2  -2  -2  -3  -1  -1  -1  -4  -2  -2    3  16   5  14   1  13   4  17   1   3   4   0   1   1   2   5   3   0   2   4  0.30 0.28
  100 G     0   0   2   0  -3   0  -1   3   0  -1  -1  -1  -1   0  -2   0  -1   1  -1  -2   10   5  13   5   0   3   4  23   3   4   6   2   1   5   2   6   4   2   1   2  0.17 0.17
  101 A     1  -1   0   0  -3   1   0   1   0   1  -1  -1   0  -1   1   1   0   1  -2   0   15   3   3   4   0   6   4  11   2  11   4   2   2   2   6  10   6   2   1   5  0.08 0.12
  102 Q     1   1  -1   0  -3   1   0   1   0  -2  -1  -1   0  -2   2   0   0  -1   1  -2   14  10   2   6   0   6   5  11   2   2   7   1   3   1  10   6   4   1   6   2  0.12 0.16
  103 V     1  -1  -1  -1  -2   0   0   0   2   0   0  -1   1  -1   1   0   1  -3  -1   0   13   3   3   3   0   4   4   8   7   4  11   2   3   2   5   8   9   0   1   8  0.06 0.10
  104 L     1  -1   0  -2  -3   1  -1  -1   0  -1   2  -2   0  -1   1   0   0  -2  -1   0   12   2   5   2   0   7   3   3   3   2  24   2   2   2   8   8   6   1   2   5  0.12 0.17
  105 P     2  -2   0   3  -4   0   0  -2   0  -1  -2  -3  -2  -4   2   1   0   0  -3  -2   19   2   3  17   0   3   6   3   2   3   4   1   1   0  12  12   6   2   1   2  0.31 0.28
  106 A     3  -2   0   1  -3   0   1   0  -3  -1  -2  -2  -1  -2   1   0   1  -1  -2  -1   23   1   4   8   0   3  10   8   0   3   3   0   2   2   7   7  11   1   1   5  0.21 0.23
  107 T     2  -2   0   2  -3   1   2  -1  -1  -3  -2  -1  -1  -3   0   1   0  -4  -2  -1   22   2   4  11   0   5  13   4   1   1   4   2   2   1   3  12   6   0   1   4  0.23 0.24
  108 A     3  -2   1   2  -1   0  -1   0   1  -1   0  -2  -1  -2  -2  -1   0  -4  -2   1   25   1   6  13   1   4   3   7   4   3   8   1   1   1   1   3   6   0   1  10  0.18 0.21
  109 Q    -1   4   0  -1  -4   3  -1  -1   1  -3   1  -1  -2  -3  -1  -1  -1   0  -1  -2    5  27   5   3   0  12   2   5   4   0  16   2   1   1   3   4   4   1   2   3  0.34 0.32
  110 V     2   3  -3  -3  -4   2  -1   1  -1  -1  -1   0  -1  -3  -2   0  -1  -5  -4   1   18  18   1   1   0  11   3  11   1   3   7   4   1   1   2   6   3   0   0  10  0.26 0.27
  111 Q     3   0  -2  -1  -4   2  -1   0   0  -1  -1  -1  -1  -2  -2   2   0   0  -4  -1   24   6   1   4   0  10   3   8   2   3   6   2   2   1   1  15   6   1   0   3  0.22 0.26
  112 W    -1  -4  -8  -8  -7  -7  -7  -7  -7  -4  -3  -7  -6   0  -8  -5  -5  13  -4  -5    6   1   0   0   0   0   0   0   0   1   3   0   0   4   0   1   1  80   0   1  3.97 1.57
  113 S     4  -4  -6  -7  -6  -6  -6   1  -7  -3  -4  -6  -3  -5  -3   2  -5  10  -5  -3   34   1   0   0   0   0   0  10   0   2   2   0   1   0   1  13   0  35   0   2  1.78 0.93
  114 I    -1   2  -1  -4  -5   1  -3  -1  -1   0  -1   0   0  -4   4   0  -2   6  -1  -1    4  12   4   0   0   7   1   6   1   5   6   5   2   0  22   6   2  10   2   4  0.45 0.35
  115 W    -7  -8  -8  -9  -7  -8  -8  -8  -7  -3   1  -8  -3   7  -9  -8  -4  10   0  -6    0   0   0   0   0   0   0   0   0   1  13   0   1  45   0   0   1  36   2   0  2.69 1.14
  116 L    -4  -6  -7  -8  -6  -6  -7  -8  -7   1   6  -7   1  -1  -7  -4  -5  -6  -1   1    1   0   0   0   0   0   0   0   0   6  76   0   3   2   0   1   0   0   2   7  1.63 0.76
  117 L    -1  -5  -6  -6   3  -5  -6  -4  -6   3   4  -5   3   1  -6  -2  -1  -2  -4   2    4   0   0   0   6   0   0   1   0  13  37   0   7   6   0   3   4   1   0  16  0.74 0.42
  118 G     2  -4  -4  -5   0  -4  -5   3  -5  -1   1  -3   5   0  -5   0  -1  -1  -3   0   17   1   0   0   2   0   0  25   0   2  14   1  16   4   0   5   3   1   0   7  0.54 0.39
  119 A     2  -5  -4  -5   7  -1  -5  -1  -5  -2  -1  -5   0  -2  -5   3  -1  -6  -5   1   17   0   0   0  22   3   0   5   0   2   6   0   3   1   0  26   4   0   0  10  0.83 0.50
  120 L    -3  -5  -6  -6  -5  -1  -6  -6  -6   4   4  -5   2  -2  -6  -5  -1  -1  -4   4    1   0   0   0   0   4   0   0   0  19  32   0   5   1   0   0   5   1   0  30  0.98 0.51
  121 V     1  -5  -6  -6  -1  -5  -6  -4  -6   2   4  -5   1   2  -5  -4  -1  -1  -4   3   14   0   0   0   1   0   0   1   0   9  41   0   2   9   0   1   3   1   0  16  0.75 0.43
  122 C     0  -6  -6  -6   4  -5  -6  -5  -6   1   1  -5   0   3  -6  -3   1  -2  -2   5    6   0   0   0   9   0   0   0   0   6  12   0   2  14   0   2   7   1   1  39  0.83 0.46
  123 Y    -7  -7  -7  -8  -8  -7  -7  -8  -4  -7  -3  -7  -2   0  -8  -7  -7   5  10  -7    0   0   0   0   0   0   0   0   0   0   3   0   1   2   0   0   0   8  84   0  3.27 1.25
  124 G     1  -6  -2  -6  -1  -6  -6   7  -6  -4  -5  -6  -6  -7  -6  -2  -4  -3  -7  -1   12   0   1   0   2   0   0  74   0   1   1   0   0   0   0   2   1   0   0   4  1.77 0.77
  125 I    -3  -6  -7  -7  -1  -6  -7  -6  -7   4   4  -6   0   0  -7  -6  -3  -6  -5   4    2   0   0   0   1   0   0   0   0  24  42   0   2   4   0   0   1   0   0  23  1.16 0.55
  126 A     0  -6  -6  -7  -3  -6  -6  -2  -6   3   5  -6   1   0  -6  -4  -4  -5  -4   2    9   0   0   0   1   0   0   3   0  13  54   0   2   4   0   1   1   0   0  12  0.97 0.49
  127 P    -5  -8  -8  -7  -8  -7  -7  -8  -8  -3  -1  -7  -4  -5   9  -5  -5  -1  -8  -1    0   0   0   0   0   0   0   0   0   2   7   0   1   1  84   1   1   1   0   4  2.70 1.08
  128 R    -7   9  -6  -7  -8  -4  -5  -7  -5  -8  -7  -3  -7  -8  -7  -6  -6  -8  -7  -8    0  98   0   0   0   0   0   0   0   0   0   0   0   0   0   0   0   0   0   0  3.20 1.16
  129 L     1  -5  -6  -6  -2  -5  -6  -4  -6   1   5  -5   3   2  -6  -4  -1   0  -2   1   12   0   0   0   1   0   0   1   0   8  48   0   6   9   0   1   3   1   1   9  0.80 0.42
  130 L     0  -5  -6  -5   0  -5  -6  -3  -6   3   4  -5   2   1  -4  -5  -3  -5  -4   3    9   0   0   1   2   0   0   3   0  16  43   0   4   5   1   0   1   0   0  17  0.80 0.41
  131 A     3  -5  -6  -6   2  -5  -5  -3  -5  -2   4  -5   1   2  -5  -1  -2  -1  -4   0   22   0   0   0   4   0   0   1   0   1  48   0   3   9   0   4   3   1   0   4  0.80 0.44
  132 A     2  -4  -4  -6  -5  -5  -5  -3  -5  -2   3  -5   1   3  -5  -2  -1   7   3  -1   16   1   1   0   0   0   0   2   0   2  32   0   3  10   0   3   3  15   9   3  0.79 0.42
  133 L     2  -3  -5  -5  -2  -4  -5   1  -5   2   3  -4   1  -1  -5  -3   0  -1  -3   2   19   1   0   0   0   0   0   9   0  13  31   0   2   3   0   1   6   1   1  13  0.47 0.31
  134 Y     0  -5  -5  -6  -4  -5  -5  -1  -5   2   2  -5   1   4  -5  -4  -2   6   2   2    7   0   0   0   0   0   0   5   0  13  21   0   3  16   0   0   2  11   6  17  0.67 0.35
  135 C    -2  -6  -5  -6  10  -5  -6  -3  -6  -6  -6  -6  -5  -3  -6   5  -4  -6  -3  -5    3   0   0   0  55   0   0   2   0   0   0   0   0   1   0  38   0   0   1   0  2.30 0.81
  136 L     0  -3  -5  -5  -3  -4  -4  -2  -4   1   4  -4   2   2  -5  -3  -2   6  -2   2    8   1   0   0   0   0   0   4   0   4  44   0   4   9   0   0   2  11   0  13  0.62 0.30
  137 A     6  -3  -3  -3  -2  -2  -2  -2  -3  -3  -3  -2  -3  -4  -2   1   0  -4  -3  -2   90   0   0   0   0   0   0   0   0   0   0   0   0   0   0   4   6   0   0   0  1.09 0.34

                      K         Lambda
Standard Ungapped    0.1376     0.3275
Standard Gapped      0.0482     0.2670
PSI Ungapped         0.1575     0.3178
PSI Gapped           0.0482     0.2670
