
Last position-specific scoring matrix computed, weighted observed percentages rounded down, information per position, and relative weight of gapless real matches to pseudocounts
            A   R   N   D   C   Q   E   G   H   I   L   K   M   F   P   S   T   W   Y   V   A   R   N   D   C   Q   E   G   H   I   L   K   M   F   P   S   T   W   Y   V
    1 M    -1  -1  -2  -3  -1   0  -2  -3  -2   1   2  -1   6   0  -3  -2  -1  -1  -1   1    0   0   0   0   0   0   0   0   0   0   0   0 100   0   0   0   0   0   0   0  0.33 0.00
    2 D    -2  -1   4   5  -3   0   1  -1   0  -3  -4   0  -3  -3  -2   0  -1  -4  -3  -3    0   0  50  50   0   0   0   0   0   0   0   0   0   0   0   0   0   0   0   0  0.66 0.00
    3 S     1  -1   1   0  -1   0   0   0  -1  -2  -3   0  -2  -2  -1   4   1  -3  -2  -2    0   0   0   0   0   0   0   0   0   0   0   0   0   0   0 100   0   0   0   0  0.45 0.00
    4 I    -1  -3  -3  -3  -1  -3  -3  -4  -3   4   2  -3   1   0  -3  -2  -1  -3  -1   3    0   0   0   0   0   0   0   0   0 100   0   0   0   0   0   0   0   0   0   0  0.38 0.00
    5 H    -2   0   1  -1  -3   0   0  -2   8  -3  -3  -1  -2  -1  -2  -1  -2  -2   2  -3    0   0   0   0   0   0   0   0 100   0   0   0   0   0   0   0   0   0   0   0  0.84 0.00
    6 G     0  -2   0  -1  -3  -2  -2   6  -2  -4  -4  -2  -3  -3  -2   0  -2  -3  -3  -3    0   0   0   0   0   0   0 100   0   0   0   0   0   0   0   0   0   0   0   0  1.04 0.00
    7 H    -2   0   1  -1  -3   0   0  -2   8  -3  -3  -1  -2  -1  -2  -1  -2  -2   2  -3    0   0   0   0   0   0   0   0 100   0   0   0   0   0   0   0   0   0   0   0  0.84 0.00
    8 Y    -2  -2  -2  -3  -3  -1  -2  -3   2  -1  -1  -2  -1   3  -3  -2  -2   2   7  -1    0   0   0   0   0   0   0   0   0   0   0   0   0   0   0   0   0   0 100   0  0.85 0.00
    9 H    -2   0   1  -1  -3   0   0  -2   8  -3  -3  -1  -2  -1  -2  -1  -2  -2   2  -3    0   0   0   0   0   0   0   0 100   0   0   0   0   0   0   0   0   0   0   0  0.84 0.00
   10 I    -1  -3  -3  -3  -1  -3  -3  -4  -3   4   2  -3   1   0  -3  -2  -1  -3  -1   3    0   0   0   0   0   0   0   0   0 100   0   0   0   0   0   0   0   0   0   0  0.38 0.00
   11 Q    -1   1   0   0  -3   6   2  -2   0  -3  -2   1   0  -3  -1   0  -1  -2  -1  -2    0   0   0   0   0 100   0   0   0   0   0   0   0   0   0   0   0   0   0   0  0.64 0.00
   12 L    -2  -2  -4  -4  -1  -2  -3  -4  -3   2   4  -3   2   0  -3  -3  -1  -2  -1   1    0   0   0   0   0   0   0   0   0   0 100   0   0   0   0   0   0   0   0   0  0.45 0.00
   13 S     3  -1   0  -1  -1   0  -1   0  -1  -2  -2   0  -1  -2  -1   3   1  -3  -2  -1   50   0   0   0   0   0   0   0   0   0   0   0   0   0   0  50   0   0   0   0  0.35 0.00
   14 N    -2  -1   4   5  -3   0   1  -1   0  -3  -4   0  -3  -3  -2   0  -1  -4  -3  -3    0   0  50  50   0   0   0   0   0   0   0   0   0   0   0   0   0   0   0   0  0.67 0.00
   15 Y    -1  -2  -1  -2  -2  -1  -2  -2   0  -1  -1  -2  -1   4  -2   2   0   1   5  -1    0   0   0   0   0   0   0   0   0   0   0   0   0  28   0  35   0   0  38   0  0.38 0.01
   16 S     2  -1   0  -1  -1   0  -1  -1  -1  -2  -2  -1  -1  -2  -1   3   2  -3  -2  -1   22   0   0   0   0   0   0   0   0   0   0   0   0   0   0  56  22   0   0   0  0.37 0.02
   17 A     3  -2  -1  -2  -1  -1  -1  -1  -2  -1  -1  -1  -1  -2  -1   2   0  -3  -2   1   51   0   0   0   0   0   0   0   0   0   0   0   0   0   0  33   0   0   0  16  0.29 0.03
   18 G     0  -1   0   0  -2   2   1   4  -1  -3  -3   0  -2  -3  -2   2   0  -3  -2  -3    0   0   0   0   0  20  13  39   0   0   0   0   0   0   0  27   0   0   0   0  0.43 0.03
   19 E    -1   0   2   0  -4   5   4  -2   0  -3  -3   1  -2  -4  -2   0  -1  -3  -2  -3    0   0  12   0   0  52  36   0   0   0   0   0   0   0   0   0   0   0   0   0  0.66 0.08
   20 N     1  -1   5   0  -2  -1  -1  -1  -1  -2   0  -1  -1  -2  -2   1   0  -3  -2  -2   14   0  55   0   0   0   0   0   0   0  20   0   0   0   0  11   0   0   0   0  0.35 0.06
   21 L    -1  -2  -2  -2  -2  -1   0  -3  -2   0   3  -2   1   2   2   0  -1  -2  -1   0    0   0   0   0   0   0  12   0   0   0  53   0   0  11  14   9   0   0   0   0  0.25 0.04
   22 Q     1   1  -1   0  -3   2   3  -2  -1  -1  -2   1  -1  -3  -2   0  -1  -3  -2   0   13   8   0   0   0  16  38   0   0   0   0  10   0   0   0   0   0   0   0  16  0.31 0.05
   23 S     0   0   2   0  -2   1   3  -1  -1  -3  -3   2  -2  -3  -1   3   0  -3  -2  -3    0   0  11   0   0   0  33   0   0   0   0  14   0   0   0  42   0   0   0   0  0.43 0.08
   24 A     3  -2  -1  -2  -1  -1  -1   1  -2  -1  -1  -1   2  -2  -2   1   3  -3  -2  -1   35   0   0   0   0   0   0  11   0   0   0   0  10   0   0   7  36   0   0   0  0.31 0.08
   25 T    -1   0   2   3  -3   1   0  -1  -1  -3  -3   2  -2  -3  -2   2   1  -4  -2  -2    0   0  14  29   0   8   0   0   0   0   0  18   0   0   0  18  14   0   0   0  0.38 0.06
   26 L     0   2   2  -1  -2   0   0  -2   1  -1   1   0   2  -1  -2  -1   1  -3  -2  -1    6  18  17   0   0   0   6   0   6   0  26   0  10   0   0   0  10   0   0   0  0.14 0.05
   27 T    -1  -2  -1   1  -2  -1  -1  -2  -2  -2  -2  -1  -2  -3  -2   2   6  -3  -2  -1    0   0   0   7   0   0   0   0   0   0   0   0   0   0   0  10  83   0   0   0  0.72 0.15
   28 E    -1   0   0   1  -3   3   4  -2  -1  -4  -3   1  -2  -4  -2   2  -1  -3  -2  -3    0   0   0   6   0  17  51   0   0   0   0   6   0   0   0  20   0   0   0   0  0.58 0.10
   29 G    -1  -1   3   1  -3   1  -1   4  -1  -3  -3  -1  -2  -3  -2   0   1  -3  -3  -3    1   0  21   5   0  12   1  46   0   0   1   0   0   0   0   1  10   0   0   1  0.50 0.09
   30 V     0  -2  -1   1  -2  -1   1   1  -2   0  -1  -1  -1  -2   2   0   1  -3  -2   1    9   0   0  10   0   0  15  14   0   0   1   0   0   0  12   1  12   0   0  23  0.17 0.05
   31 I    -1  -1  -1  -1  -2  -1   1  -2   1   1   1   0   0  -1  -2   0   2  -2  -1   1    1   1   1   1   0   1  12   1   5  12  19   7   0   1   1   1  30   0   0   6  0.12 0.05
   32 G     1  -2  -1  -2  -1  -1  -2   2  -2   1   0  -1   0  -1  -2   1   0  -2  -2   2   13   1   1   1   0   1   1  18   0   7  10   1   0   1   1  14   5   0   0  27  0.12 0.04
   33 A     3  -1  -1  -1  -2   1   2   2  -1  -2  -2  -1  -2  -2  -1   1  -1  -2   0  -1   37   1   1   1   0   8  16  15   0   1   1   1   0   0   1  11   1   0   6   1  0.24 0.07
   34 H    -1  -1   0  -1  -2   1  -1  -2   3  -2  -2   0  -1   2   1   2   2  -2   0  -2    1   1   1   1   0  11   1   1  11   1   1   6   0  14   8  24  18   0   0   1  0.21 0.07
   35 R     2   2  -1  -1  -2   1  -1  -1  -1  -2  -2   2  -1  -3  -1   1   2  -3  -2  -1   25  14   0   1   0   4   1   1   0   0   1  20   0   0   1  11  19   0   0   1  0.27 0.09
   36 V    -1  -2  -3  -3  -2   0  -2  -1  -2   2   3  -2   1   0  -2  -2  -1  -2  -1   2    4   0   0   0   0   9   1   4   0  10  38   1   0   4   0   1   1   0   0  26  0.23 0.09
   37 K    -1   1  -1  -1  -3   2   3  -2  -1  -3  -2   4   2  -3   1  -1   0  -3  -2  -2    0   4   0   0   0   9  23   0   0   0   0  41   9   0   6   0   7   0   0   0  0.45 0.15
   38 V     0   1  -1  -2  -2  -1  -1  -2  -2   0   0   1  -1  -2   2   0   2  -3  -2   2   10  13   3   0   0   0   0   0   0   0   6  10   0   0  12   4  17   0   0  24  0.18 0.08
   39 E     1  -1   1   1  -3   0   2  -2  -1  -2   0   0  -1   2   2   0  -1  -2  -1  -2   13   0   6   9   0   0  24   0   0   0  10   6   0  13   9   9   0   0   0   0  0.18 0.08
   40 T     2   0   2   1  -2  -1  -1  -1  -2  -2  -1   0  -1  -1  -2   1   3  -3  -2  -1   22   3  12   9   0   0   0   0   0   0   6   4   0   4   0  12  26   0   0   0  0.21 0.10
   41 A     3  -2   0   1  -2   0  -1   0  -2  -1   0   0  -1  -2  -2   1   0  -3  -2   0   40   0   5   9   0   3   0   6   0   0  15   4   0   0   0   7   6   0   0   3  0.17 0.10
   42 L     0  -3  -3  -2  -2  -2   0  -1  -3   3   2  -2   0   2   1  -1  -1  -2  -1   1    8   0   0   0   0   0   9   4   0  36  19   0   0  13   6   5   0   0   0   0  0.18 0.11
   43 S     1   1  -1  -1  -2   1   0  -1  -2  -3  -3   1  -2  -3   1   3   2  -3  -2  -2   16  11   0   0   0   5   5   0   0   0   0   9   0   0   6  35  12   0   0   0  0.33 0.12
   44 H    -2   2   2   3  -3   1   2  -2   3  -3  -3   0  -2  -2  -2   0  -1  -3   0  -3    0  19  12  18   0   4  18   0  13   0   0   0   0   0   0   6   3   0   5   0  0.39 0.11
   45 S    -1  -1   0  -1  -2   0   3   0  -1   0   1   0  -1  -2  -2   2   0  -3  -2  -1    0   0   3   0   0   3  27   5   0   9  17   5   0   0   0  23   5   0   0   0  0.17 0.10
   46 N     0  -2   5   0  -3   0   0  -2  -1  -3  -2  -1   1  -3   0   1   1  -4  -3  -2    8   0  49   0   0   4   5   0   0   0   3   0   8   0   5   8  10   0   0   0  0.50 0.19
   47 R     2   3   1  -2  -2   0  -1  -1  -2  -2   1   2  -1  -2   0  -1  -1  -3  -2  -1   24  22   8   0   0   3   0   4   0   0  18  13   0   0   4   0   2   0   0   2  0.18 0.11
   48 Q     0   0  -1   0  -3   2   3  -2  -1  -1  -2   1  -2   0   0   1  -1  -2   1  -2   11   5   0   4   0  16  23   0   0   4   0   6   0   6   3  14   0   0   8   0  0.23 0.11
   49 K     2   3   0  -2  -2   2   0  -2  -1  -2   0   2  -1  -3  -2   0   0  -3  -2  -1   26  18   6   0   0  11   3   0   0   0  12  13   0   0   0   0   8   0   0   2  0.22 0.13
   50 K    -2   3  -1   0  -3   2   2   0  -1  -2  -1   2   2  -3  -2  -1  -1  -3  -2  -1    0  28   0   3   0   8  17   7   0   0   4  13  12   0   0   0   2   0   0   5  0.31 0.15
   51 L     1  -1   1  -2  -2   0   0  -2   2   0   1   0   0   0  -1   0   0  -3  -1   1   13   0   8   0   0   5   5   0   8   0  21   4   0   3   3   7   5   0   0  18  0.07 0.07
   52 S     0  -2   1   0  -2   0  -1   0  -2  -2  -2  -1  -2   1   1   3   1  -3  -2   0    6   0   8   5   0   3   0   6   0   0   0   3   0   8   8  38  10   0   0   7  0.25 0.14
   53 A     1   0  -1   0  -2  -1   1   2  -2  -1  -2   0  -2  -3  -2   2   1  -3  -2   0   18   5   0   2   0   0  12  17   0   3   0   5   0   0   0  20  11   0   0   6  0.20 0.10
   54 T     0  -1  -1   1  -2   0   1  -2  -2   0   0   0  -1   2  -2  -1   2  -2  -1   1    6   0   0   8   0   3  15   0   0   0   5   8   0  16   0   0  18   0   0  20  0.13 0.11
   55 I    -2  -3   1  -2  -2  -2  -2  -3  -2   3   1  -2   0   1  -3  -1   1  -3  -1   2    0   0  12   0   0   0   3   0   0  29  15   0   0   6   0   0  13   0   0  19  0.25 0.13
   56 K     0   2  -1  -1  -3   2   2  -2   3  -3  -3   2  -2  -3  -2   1   1  -3  -2  -3    6  16   0   0   0  13  16   0  13   0   0  18   0   0   0  10   9   0   0   0  0.39 0.15
   57 H     1   1   2   0  -2   0   1  -2   2  -3  -3  -1  -2  -1   0   1   0  -2   3  -2   19  11  12   5   0   0  11   1   5   0   1   0   0   0   3  14   2   0  15   0  0.22 0.12
   58 N     0  -2   3   1  -3   0   0  -1  -1  -3  -3  -1  -1  -3   4   1   1  -4  -3  -2    7   0  25   8   0   2   4   2   0   0   1   0   2   0  26   8  12   0   0   0  0.51 0.16
   59 Q     1   0  -1  -1  -2   1   2  -2  -2   0   1  -1  -1  -2   1   0   1  -3  -2   0   16   6   0   2   0   8  16   0   0   8  18   0   0   0   5   6  10   0   0   2  0.12 0.09
   60 S     0  -2  -2  -2  -3   0  -2  -2  -2   1  -2   1  -2  -3   6   1  -1  -4  -3  -1    7   0   0   0   0   5   1   1   0  12   1  10   0   0  44  12   0   0   0   5  0.77 0.21
   61 S     0  -1   0   1  -2  -1   0   0  -2   1   1   0   0  -2  -2   0   1  -3  -2   0    7   0   5  10   0   0   5   7   0  15  15  11   0   0   0   7   9   0   0   6  0.05 0.05
   62 R     0   3   1   0  -3  -1  -1  -2   1  -3  -3   1  -2  -3  -2   2   3  -3   0  -2    5  19   7   4   0   0   0   0   4   0   0  10   0   0   0  20  25   0   5   0  0.33 0.17
   63 S     1   0   0   0  -2  -1  -1   0   2  -2  -3   0  -2  -3   3   2   0  -3  -2  -1   15   4   2   6   0   0   0   7   8   0   0   4   0   0  14  28   4   0   0   6  0.29 0.13
   64 M     0  -1   0  -2  -2  -1   0  -2  -2   0  -1   0   2   3   1  -1   0  -2   0   2    8   3   6   1   0   0   8   1   0   1   1   8   9  20   7   1   5   0   0  22  0.12 0.11
   65 L    -1  -2  -2  -2   1  -2  -2  -3  -2   2   2   1   0  -1   3   0  -1  -3  -2   1    3   1   1   1   4   1   1   1   0  17  24  12   0   0  17   6   1   0   0  11  0.23 0.11
   66 D    -1  -2   0   5  -3  -1   1  -3  -2  -1   0  -2  -2   0   1  -1  -1  -4  -2   0    4   0   2  47   0   0   7   0   0   2  10   0   0   5   8   0   4   0   0   9  0.46 0.19
   67 R    -1   3  -1  -1   3   1   0   0  -2  -1  -1   0   1  -3  -2   2   0  -3  -2  -2    0  24   0   2   8   6   4   8   0   5   6   2   7   0   0  21   7   0   0   0  0.20 0.14
   68 K     0   0  -1   2  -3   0   2  -1  -1  -1  -2   0   1  -2   0   1   1  -3   1  -2    7   3   0  14   0   2  22   4   0   7   0   6   5   0   3   9  11   0   7   0  0.18 0.11
   69 L     0   0  -2  -3  -2  -2  -2  -1  -2   2   2   0   0   1  -3   0  -1  -2   1   2    5   7   0   0   0   0   0   3   0  11  27   9   0   7   0   7   0   0   7  16  0.14 0.10
   70 T    -1  -1  -1   0  -2   1  -1  -1  -2  -1  -2   1  -2  -3   1   2   3  -4  -3   1    0   0   0   7   0   9   0   3   0   1   0  13   0   0   8  17  26   0   0  17  0.26 0.17
   71 S     0   0   1  -1  -2   1   2  -2  -2   1  -1   0  -1  -3   0   1   1  -3  -2   0    9   3   6   0   0   7  21   0   0  12   6   6   0   0   5  12   8   0   0   6  0.15 0.10
   72 D     0   0   0   3  -3   2   2  -1  -1  -1  -3   0  -2  -2   1   1  -1  -3   1  -2   11   3   4  20   0  12  14   3   0   4   0   3   0   0   6  12   0   0   6   0  0.26 0.13
   73 G     0   0   1  -1  -3   0   2   4  -2  -3  -1   1  -2  -3  -2   1  -1  -3  -3  -3    5   4   7   0   0   4  16  36   0   0   7   9   0   0   0   9   2   0   0   0  0.36 0.16
   74 K     0   1   0  -1  -3   2   2  -2  -1   0   0   1  -1  -2   0   0  -1  -3  -2   1    6   9   5   1   0  13  14   0   0   4  11   9   0   0   5   4   1   0   0  17  0.14 0.11
   75 V     0   1  -3  -3  -2  -2  -2  -2  -3   2   2  -1   0  -1   1  -2   0  -3   0   2    6  11   0   0   0   0   0   3   0  15  30   3   0   0   6   0   4   0   4  17  0.20 0.14
   76 N    -1  -1   3   2  -4   3   1   0  -1  -2  -1   1  -2  -4   1  -1  -2  -4  -3   0    2   0  21  15   0  17   9   5   0   0   5  12   0   0   6   0   0   0   0   9  0.32 0.19
   77 Q    -2  -1   2  -1  -4   4   3   0  -1  -1   0   0  -2  -4   1   0  -2  -4  -3  -3    0   0  10   0   0  28  25   8   0   4   9   2   0   0   8   6   0   0   0   0  0.41 0.24
   78 R     0   3  -1   0  -4   1   3  -3  -1  -3  -1   1  -2  -3   1   0   0  -3   0  -2    5  25   0   4   0   6  24   0   0   0   5   8   0   0   7   4   6   0   4   2  0.35 0.18
   79 S     0   0   1   1  -3  -1   0   0  -2   0  -3   0  -2  -3   0   3   0  -4  -3  -1    4   5   5  10   0   1   5   6   0   6   0   5   0   0   4  41   4   0   0   5  0.28 0.19
   80 S    -1   3   1  -2  -3   2   0  -2  -1   0  -2   2  -2   0  -1   1   1  -3  -2  -2    0  24   6   0   0   9   5   0   0   9   0  11   0   5   3  16  10   0   0   0  0.26 0.18
   81 F     0  -3  -3  -1  -3  -3  -3  -2  -2  -1   2  -3   2   4  -3   0   0   3   1  -1    7   0   0   5   0   0   0   3   0   0  28   0   5  27   0   9   7   5   4   0  0.34 0.20
   82 T     1   0   0   1  -2   1   0  -2  -2   0   0  -1  -1  -1  -2   1   1  -3  -2   0   15   5   4  10   0  10   6   0   0   9   8   0   0   2   0  15   9   0   0   7  0.11 0.10
   83 F     0   1   0  -2  -2  -1  -2  -2  -2  -1   1   2  -1   2   2   0   0  -2  -1  -1    8   6   5   0   0   0   0   0   0   0  20  17   0  15  12   5   5   0   0   4  0.17 0.13
   84 S    -1   3  -1  -1  -3   2  -1  -2   2  -2  -1   0  -2  -2   1   1   0  -3   0  -1    0  24   0   3   0  14   0   2   5   0   8   4   0   0   8  15   7   0   5   4  0.25 0.17
   85 M     0   1   2   0  -2   1  -1  -2  -1  -1  -1   1   2   0  -2   1   0  -3  -2   0    6  10  13   3   0   6   1   1   0   4   1  12  11   6   1  16   4   0   0   6  0.13 0.12
   86 I     1  -2  -2  -3   1  -2  -2  -1  -3   3   1  -1   1  -1  -2  -1   0  -3  -2   1   15   1   1   1   4   1   1   6   0  31  17   5   3   1   1   1   4   0   0   9  0.20 0.13
   87 M     1  -1  -2  -1  -2   0  -1  -1   1  -1   0   2   2   2  -2  -1   1   3  -1  -1   17   2   0   3   0   6   0   3   4   2   8  17   7  12   0   2   9   5   0   3  0.12 0.14
   88 Y    -2  -3   0   5  -4   0   0  -3  -2  -3  -2   0  -3   1  -3  -1  -3   2   4  -2    3   0   3  46   0   4   2   0   0   0   4   7   0   5   0   4   0   3  17   3  0.67 0.33
   89 R    -1   3  -2  -2  -4   1   1  -1  -2  -2  -3   3   0  -3  -1   1  -1   1  -1  -3    3  19   0   0   0   6   8   5   0   2   0  29   3   0   2  15   2   2   2   0  0.39 0.23
   90 M    -1  -3  -3  -3  -2  -2   0  -4  -3   3   3  -3   2   2  -1  -2   0  -3  -2   1    3   0   0   0   0   0   9   0   0  18  38   0   6   8   2   0   8   0   0   8  0.36 0.21
   91 I     0  -2  -3  -1  -2   2  -2  -3  -3   3   2   0   0  -2   0  -1  -2  -3  -2   1    6   0   0   3   0  15   0   0   0  21  25   6   1   0   5   5   0   0   0  12  0.24 0.19
   92 H    -2  -1   2   1  -4   1   0  -3   6  -4  -2  -2   0  -3   2   1   1  -4   0  -3    0   3  10   9   0   5   4   0  30   0   4   0   2   0  12  10   8   0   3   0  0.56 0.29
   93 F     0   0   0  -2  -2   0  -1   0  -2   0   1  -1   0   1   1   0   0  -2  -1   0    9   5   7   0   0   5   1   9   0   8  15   2   2   8   8   7   7   0   0   5  0.06 0.06
   94 V     0  -1  -1   0  -2   0  -1   0  -2   1   1   1   1  -1  -2   0  -1  -2  -1   1    9   1   3   5   0   3   1   6   0  12  18  14   4   2   0   5   1   0   2  13  0.06 0.08
   95 L     0  -3  -3  -3  -2   0  -1  -2  -3   1   0  -2   1   2  -1  -1   1  -3  -1   3    7   0   0   0   0   5   4   3   0   2   7   0   3  13   3   3  10   0   0  39  0.25 0.19
   96 S     1   2   1  -1  -3   1  -1   0  -2  -3  -3   3  -2  -3  -2   2   1  -3  -1  -1   11  10   9   2   0   6   0   6   0   0   1  23   0   0   0  17   7   0   2   5  0.25 0.18
   97 T     0  -1  -1   0   1   1   0  -2   0   1   1   0   1  -2  -1   0   2  -3  -1  -1    5   0   0   5   3   7   5   1   3   9  14   8   3   0   3   7  23   0   2   0  0.12 0.14
   98 R     0   3  -1  -2  -3   0   0  -3   0  -3  -1   3  -2   2   0  -1   0  -3   0  -2    9  22   3   0   0   2   5   0   3   0   6  21   0  13   3   4   7   0   2   0  0.27 0.20
   99 V    -2  -1  -3  -3  -2   0  -1  -4  -3   3   2  -2   2  -2   0  -1  -1  -3  -2   3    1   3   0   0   0   4   4   0   0  26  19   0   6   0   4   6   2   0   0  23  0.33 0.21
  100 P     1   1   2   2  -3   0   1  -1  -1  -3  -2   3  -3  -4   0   0  -2  -4  -3  -3   17   6  10  14   0   3   8   4   1   0   3  24   0   0   4   5   0   0   0   0  0.31 0.21
  101 A     0   3   2   0  -3   0   1  -2   0  -2  -2   2  -2  -4   1   0  -2  -4  -3  -2   10  22  10   3   0   2  11   2   2   3   4  17   0   0   6   7   0   0   0   1  0.30 0.21
  102 V    -1  -3  -4  -4  -3  -3  -3  -4   0   3   1  -1   2   1  -4  -3  -1  -3  -2   4    3   0   0   0   0   0   0   1   3  16  13   5   4   6   0   1   3   0   0  42  0.54 0.30
  103 R    -1   5   1  -2  -4   4  -2  -2  -2  -2  -1   1  -3  -2  -4  -1  -1   0  -3  -4    4  35   6   2   0  26   0   2   0   2   7   6   0   2   0   4   3   2   0   0  0.66 0.40
  104 E     1   1   3   1  -3   2   1   0  -2  -3  -2   1  -2  -3   0   1   0  -4  -1  -3   11   9  15   7   0   9  10   5   0   0   3   9   0   0   3  10   6   0   2   0  0.25 0.19
  105 S     1  -3  -1   0  -3   0  -1  -1  -3   1   1  -1   0  -3  -3   3   2  -4  -1  -2    9   0   2   4   0   3   3   3   0  12  17   4   2   0   0  27  11   0   2   0  0.23 0.24
  106 V     5  -4  -1  -5   2  -4  -4  -2  -5   0  -2  -4   1  -1  -4  -1  -1  -5  -4   2   56   0   3   0   4   0   0   2   0   6   3   0   4   3   0   4   2   0   0  14  0.82 0.51
  107 A     1   2   0  -1  -3   2   2  -1   0  -2  -2   2  -2  -2   0   0   0  -4  -3  -1   14  13   5   2   0   8  13   3   2   2   3  13   0   2   4   7   5   0   0   3  0.20 0.19
  108 N     1   2   2   0  -4   1   1  -1   1  -4  -3   4  -3  -4  -3   0  -1  -5  -3  -2   13   9  11   5   0   7   9   4   3   0   2  26   0   0   0   7   2   0   0   2  0.40 0.30
  109 Y    -2  -4   0  -2   1  -4  -4  -3   5  -2  -3   0  -1   5  -5  -1  -4  -2   6  -4    4   0   5   2   3   0   0   2  15   2   2   5   1  21   0   4   0   0  31   0  1.03 0.52
  110 G    -2  -2   1   2  -4   0   1   4   3  -5  -3   0  -4  -5  -4   0   0  -5  -4  -4    2   2   7  11   0   4   8  38   7   0   3   5   0   0   0   6   5   0   0   0  0.59 0.36
  111 G     1  -2   0  -2   2  -4  -1   6  -5  -5  -6  -2  -5  -6  -5  -1  -4  -5  -5  -2    9   3   3   2   4   0   4  64   0   0   0   2   0   0   0   3   0   0   0   3  1.27 0.63
  112 N     0   1   0  -1   0   1   1  -3   2   0  -3   1  -2   0  -3   1   1  -3   1   0    8   8   4   2   3   8  12   0   5   7   0   7   0   5   0   8  11   0   5   6  0.15 0.20
  113 I    -1   0  -1  -2   4   0  -3  -2   0   1   1  -1   0  -1  -4  -1   0   3   0   2    3   4   2   2  11   5   0   3   2   7  16   4   2   2   0   3   5   5   4  18  0.22 0.22
  114 N    -1  -1   1  -1  -3   0  -1  -1   1   2  -1  -1   0  -1  -1   0   2  -3   0   1    5   2   7   3   0   4   4   4   5  13   4   2   2   2   2   7  16   0   4  14  0.11 0.17
  115 F     0   0  -2  -1   1   0  -1  -3   1   0  -1   2   1   2  -3  -1   0   5   2   0    6   3   0   3   3   4   4   0   5   4   4  14   5  10   0   4   6   9   6   7  0.22 0.23
  116 K     0   0   0   0  -3   1   0   0   2   0  -1   0  -1   0   1   0   0  -2   1   0    6   6   6   6   0   6   6   6   6   6   6   6   0   6   6   6   6   0   6   6  0.05 0.07
  117 F    -3  -5  -6  -6  -5   1  -5  -6  -4  -1  -1  -5   1   7  -1  -5  -2   2   5  -1    2   0   0   0   0   6   0   0   0   3   5   0   4  53   3   0   2   2  17   3  1.39 0.57
  118 A     0  -1   1   1   1   0   0   0   0   0  -2  -1  -3  -2  -3   3   1  -4  -3  -1    5   3   8   8   3   4   4   7   3   7   2   3   0   2   0  30   9   0   0   3  0.24 0.24
  119 Q    -1  -3  -4  -4  -6   8   0  -5  -3  -6  -5  -3  -4  -6   1   0  -4  -5  -5  -5    6   0   0   0   0  71   5   0   0   0   0   0   0   0   8   7   0   0   0   0  1.83 0.81
  120 T     0  -1   0  -1   2  -1  -1   1  -3   0   0  -1   0  -3  -3   2   0   4  -2  -1    5   4   5   3   5   2   2  12   0   6   8   3   3   0   0  23   6   7   0   4  0.19 0.18
  121 K     0   0   1   2  -2   0   0  -1   0   0  -1   1   0  -1  -1   0   1  -3  -2  -1    5   5   7  12   0   4   4   3   2   8   6  11   3   2   2   8  13   0   0   2  0.09 0.10
  122 G    -1  -1   0   1  -3   1   0   3   0  -2  -1   0  -1   0   1  -1   1   1   0  -2    3   4   4   9   0   6   7  22   2   2   6   4   1   5   7   1   9   2   4   2  0.15 0.15
  123 A     0   1   0   1  -3   0   2  -1  -2   0  -1   1  -2  -1   3   1  -1  -3  -1  -2    8   7   3   7   0   2  13   4   0   5   6   7   0   3  16  11   3   0   2   2  0.20 0.17
  124 F    -1   0  -1  -2   0  -2  -3  -2  -1   1   1  -2   1   2   0  -1   1   2   1   2    5   6   3   3   2   2   1   2   2   9  13   1   3  10   4   2   8   3   4  19  0.14 0.16
  125 L     1   0   0   0  -1   0  -1  -2   0   0   0   0   1   1  -3  -1  -1   3   3   0   11   6   4   5   1   5   2   2   3   4  11   8   4   5   1   4   3   5  12   5  0.10 0.13
  126 H     0   1   2   1  -3   0  -1   0   2  -3  -3   1  -3  -2  -1   1   1  -4  -1  -1    8  10  10  10   0   2   3   6   5   0   2  11   0   2   2  13   8   0   2   3  0.20 0.21
  127 Q     0   0   0   0  -3   1   0  -1   1   0   0   0   1   1  -3   0   0   3   1  -1    7   4   5   5   0   8   7   4   3   8   9   4   5   7   0   7   6   4   5   3  0.06 0.10
  128 I    -1  -1  -2  -1  -4  -1  -3  -2   0   4   1  -2   2   1   0  -1   0  -4   0   0    4   3   2   4   0   3   0   2   2  34  11   2   4   6   4   4   5   0   3   6  0.33 0.29
  129 I     0   0   0   0   2   1  -1   1  -2   0  -1   0   1   0  -1   0   0   2   0  -1    5   4   4   4   6   7   4  15   0   6   6   6   5   4   3   5   6   3   3   4  0.06 0.10
  130 K     0   1   0  -1  -3   1   0   0   1  -1  -1   1   0   0   0   0   0  -2   0   0    8   6   3   4   0   6   5   8   4   4   6  12   3   6   5   6   4   0   4   6  0.04 0.07
  131 H    -1  -1   1   3  -4   0  -2   0   5  -2   0  -2  -2   1  -1   0  -2   3   1  -2    5   4   7  16   0   4   1   7  16   2   8   1   1   6   3   9   1   5   4   2  0.29 0.22
  132 S     0   0   0   0  -3  -1   1   0   0  -1  -2   2  -1  -1   3   1   1  -3  -1   0    7   3   4   5   0   2   8   7   2   4   1  14   1   3  14   8   9   0   1   7  0.16 0.13
  133 D     0  -1   1   3  -3   0   2   0  -1  -2  -1   0  -1  -1  -1   1   0  -3  -2  -3    6   2   6  22   0   4  14   6   1   2   7   5   1   3   3  10   5   0   1   1  0.23 0.16
  134 T     0  -1   0  -2  -1  -1  -2   0  -1   0  -1  -1   0  -1  -2   1   4  -3  -3   1    6   3   4   2   1   3   1   8   1   4   4   4   3   2   1  12  31   0   0  10  0.27 0.21
  135 A     0   2   0   0  -3   2   0   1   0  -3  -3   2   0  -3  -1   1  -1   2  -1  -2    9  13   4   5   0  10   4  10   2   0   2  12   3   1   3  14   3   3   2   2  0.21 0.16
  136 R     0   0   1   2  -4   1   2   3   2  -4  -3  -1  -2  -2  -1   0  -2  -4  -2  -3    7   4   8  13   0   6  12  24   5   0   2   4   1   2   3   7   0   0   1   2  0.33 0.21
  137 G    -4  -7  -5  -2  -7  -6  -6   7  -6  -8  -8  -6  -7  -7  -6  -5  -6  -7  -7  -7    0   0   0   2   0   0   0  96   0   0   0   0   0   0   0   0   0   0   0   0  2.69 0.93
  138 A    -1  -3  -3  -5   1  -4  -2  -5  -5   4   0  -4   0  -1  -5  -3  -2   3   1   4    6   2   1   0   3   0   2   0   0  27   7   0   2   2   0   1   1   4   5  37  0.78 0.38
  139 C    -6  -9  -8  -9  12  -9  -9  -8  -9  -7  -7  -9  -7  -8  -9  -3  -6  -8  -8  -7    0   0   0   0  98   0   0   0   0   0   0   0   0   0   0   2   0   0   0   0  4.56 1.35
  140 E     2  -2   0  -2  -2   0   2  -2   1  -1   0  -1   1   3  -3  -1  -2   4   0  -1   20   1   5   2   1   3  14   2   4   3   9   2   4  12   1   4   1   6   3   4  0.21 0.20
  141 A     4  -5  -4  -5  -5  -3  -3   5  -5  -6  -6  -4  -1  -6   0   1  -1  -1  -6  -5   35   0   0   0   0   1   2  41   0   0   0   0   2   0   5  11   3   1   0   0  1.10 0.54
  142 L    -3  -5  -6  -7  -5  -5  -6  -7   0   1   5  -6   3   1  -6  -4   0  -4   2  -1    2   0   0   0   0   0   0   0   3   6  59   0   7   6   0   1   7   0   7   3  1.07 0.50
  143 C     2  -2  -4  -5   6  -4  -5  -3  -5  -3  -3  -4  -4  -6  -5   5   2  -6  -5   1   14   2   0   0  19   0   0   1   0   1   3   0   0   0   0  41  11   0   0   9  1.07 0.56
  144 A     3  -2  -4  -5   3  -2  -2  -4  -4   1   2  -4   3  -1  -4   0   0  -4  -1   0   29   2   0   0   7   1   2   0   0   9  23   0   7   2   0   5   6   0   2   6  0.45 0.31
  145 H    -1   1   0  -1  -1   1   1  -4   5  -1  -1   2   0   0  -4  -1  -2  -1   2  -1    3   7   3   3   1   7  11   0  15   4   7  15   2   4   0   3   2   1   7   4  0.28 0.22
  146 W    -8  -8  -3  -9  -8  -2  -8  -8  -7  -8  -7  -8   0   0  -9  -4  -8  12   2  -8    0   0   1   0   0   2   0   0   0   0   0   0   2   3   0   2   0  83   7   0  4.27 1.32
  147 I    -2  -6  -6  -6   1  -5  -6  -6  -6   6   3  -6   4  -2  -6  -5  -3  -5  -4   2    3   0   0   0   3   0   0   0   0  41  29   0  10   1   0   0   1   0   0  10  1.18 0.50
  148 R     2   2   0  -1  -3   0   0   0  -1   0  -2   2  -2  -2  -3   1  -1  -1  -1  -1   16  12   4   2   0   4   6   6   1   7   4  18   0   1   0   9   3   1   2   3  0.18 0.21
  149 S     0   1   0   0   2   0   1  -1   1  -2   0   1   0  -1  -3   0   0   0   2  -2   10   7   4   5   5   4   9   3   5   0  11   9   3   2   0   8   4   1   8   1  0.09 0.15
  150 H    -2   2   0  -2   0   1  -1  -2   7  -3  -1   3  -1  -2  -3  -2  -2  -5  -3  -2    3  13   4   2   2   6   2   2  29   2   6  18   2   2   1   2   2   0   0   2  0.73 0.48
  151 A     3   1   0  -3  -1   0  -2  -1   0   0   0   0  -1   0  -3   0  -1  -3   0   0   31   8   4   0   1   3   1   3   2   6   7   7   1   4   0   7   3   0   3   8  0.20 0.23
  152 Q    -1   0   3   0  -4   4   1  -3   2  -4  -2   2  -3  -3   0   0   1  -1  -1  -4    4   4  17   5   0  18   7   1   5   0   4  12   0   1   4   8   8   1   2   0  0.39 0.33
  153 G    -1  -1   0   2  -4   0  -2   4   0  -3  -3   0  -4  -2   0   0  -2   2  -1  -3    5   2   5  14   0   4   2  33   3   2   2   6   0   1   4   7   2   3   2   2  0.43 0.33
  154 Q    -1   2   1   0  -4   1   1   0   0  -2  -3   2  -3  -2   1   1   0  -4  -1  -2    4  12   6   6   0   7  11   7   3   3   2  13   0   2   7   9   4   0   2   3  0.19 0.19
  155 S    -1  -1   3   3  -4  -1  -1   0   2  -2  -3   0  -4  -2  -4   3   0  -5  -4  -2    4   2  13  17   0   2   2   7   5   2   2   5   0   2   0  27   6   0   0   2  0.44 0.37
  156 L    -2  -1  -2  -3  -4  -2  -2  -4  -1   1   3  -4   0   5   0  -3  -1   2   1   0    3   3   2   2   0   2   3   1   2   7  28   0   2  24   4   2   4   3   4   5  0.47 0.33
  157 F    -1  -1  -1  -1  -3   1  -1  -1   0   0  -1   0   1   4  -1  -1  -1   6   0   0    6   3   2   3   0   7   3   4   3   5   4   5   4  20   2   5   4  11   2   6  0.31 0.25
  158 D     0   1   3   2  -1   0   0   0   1  -2  -2   0   0  -2  -1   1   0  -4  -3  -1    6   9  17  10   1   4   7   6   4   2   4   6   3   1   3  11   4   0   0   4  0.18 0.17
  159 Q     0   1  -2   2  -4   1   0  -2   1  -1  -3   1  -1  -1  -3   0  -1   7  -1  -2    7   7   1  11   0   5   7   4   4   4   2   8   1   3   1   6   5  19   2   2  0.50 0.32
  160 L    -1   0  -1   0  -2  -2  -3  -2  -4   3   3  -2   3  -2  -3  -1  -3  -4  -2  -1    5   6   3   5   1   2   2   3   0  19  33   3   6   2   1   4   1   0   1   4  0.40 0.28
  161 Y    -1   2  -2  -1   2  -2  -1   1  -2   0  -1   0  -1   3  -3   0  -1   0   4  -2    4  12   2   4   4   1   4  10   0   5   5   7   2  11   1   9   3   1  15   3  0.25 0.21
  162 V     0  -1   0  -1  -3   1   1  -2  -1   0   0   0   1   0   2   1   1   0  -2   0    6   2   5   2   0   6   8   3   2   7   8   6   5   3  10   9  11   1   1   6  0.10 0.12
  163 G     0  -3   2   2  -1  -1  -1   2   0  -2  -3  -1   0  -3   2   0  -1  -4  -1  -1    8   1  10  13   1   3   4  16   2   2   3   3   2   1  11   8   4   0   2   5  0.24 0.21
  164 G    -1   0   0   0  -5  -2  -2   4  -4  -3  -2  -2  -4  -3   1   1  -1   0   1  -3    5   6   5   6   0   1   2  37   0   2   5   2   0   1   6   9   4   1   5   1  0.50 0.37
  165 R     0   2   0   0  -3   1   0   0  -1   0  -1   1   0  -1   0   0   1  -2  -2  -1    6  12   3   6   0   7   6   9   1   5   5   9   2   3   4   8   9   1   1   4  0.09 0.12
  166 K    -1   1   2  -1   0  -1   1  -2  -1   0  -1   2  -1  -1   1  -1   0  -1  -1  -1    6   6  13   3   2   1  10   3   2   7   7  15   1   2   6   3   6   1   2   5  0.13 0.15
  167 G     1  -1   1   0  -4  -2   0   4  -3  -1   0  -1  -1  -2  -3   0  -1   2  -2  -3   11   4   7   6   0   1   5  28   0   5  10   3   1   1   1   8   3   3   2   1  0.30 0.25
  168 K     0   2  -2   1  -1   1  -1   0   2  -1  -2   3   1  -2   1   1  -1  -4  -3  -2    6   9   1   7   1   6   4   7   6   3   4  21   3   2   6   9   4   0   0   2  0.23 0.23
  169 F     0  -1  -2  -2   0  -3  -2  -1  -3   1   2  -1   0   3  -2   0   0   1   2   0    7   3   1   2   2   0   3   4   0  10  21   4   2  11   2   8   4   2   6   7  0.16 0.17
  170 Q     1   2   3   2  -1   1   1  -3   1  -3  -2   1  -2   0  -3   0  -2  -2  -2  -3   11   9  17  10   1   6   8   1   3   2   4   9   1   5   1   8   1   1   1   2  0.27 0.25
  171 I     0  -1   0  -2  -2   2   0  -1   0   1   0   2  -1  -1   1  -1   0   0   0   1    6   2   4   1   1  10   6   4   2  10   8  12   1   2   7   4   5   1   3   9  0.08 0.12
  172 D     0   1   1   2  -4   1   2  -1  -3  -4  -1   1  -1  -2   2   0  -1   2  -1  -2    9   8   8  10   0   5  11   4   0   0   7   7   2   1   9   7   3   3   2   2  0.18 0.19
  173 T     2  -1  -2  -2  -3   0   0   0   0  -1  -1   1   0  -1   0   0   2  -1  -1   0   17   3   1   1   0   3   5   9   3   3   7   9   2   2   5   6  13   1   2   7  0.10 0.14
  174 L     0  -2  -3  -3  -4  -2  -1  -2   0   3   2  -3   2   1  -2  -2  -1   2   1   2    6   2   1   2   0   2   4   3   2  19  18   1   5   7   2   2   3   2   4  15  0.30 0.23
  175 Y    -1   2   2   1  -4   1   1  -2   2   0  -1   0  -3   1  -4  -1  -1   0   1   0    5  13   9   8   0   8  10   2   6   5   5   4   0   5   0   3   3   1   5   7  0.18 0.19
  176 S     1   1   2   1  -4   1   1   0   2  -3  -3   1  -3   1  -3   2   0  -1  -1  -4   11   7   9   7   0   5  10   6   4   2   2   8   0   6   0  14   5   1   2   0  0.21 0.22
  177 I     1  -4  -3  -2  -4  -2  -4  -3  -4   4   2  -3  -1   0  -2   0  -1  -1  -2   3   12   0   1   3   0   2   1   2   0  22  18   2   1   3   2   7   3   1   1  19  0.42 0.30
  178 K     1   1   1  -3   1   1  -1  -3   2  -2  -2   3   4  -4  -3   0  -1  -1  -1  -1   13   7   6   1   3   6   3   1   5   2   3  21  11   0   1   6   4   1   2   4  0.33 0.30
  179 Q     1   1   0  -1  -4   3  -1  -1   2  -2  -1   2   2  -1  -2  -1   0  -4  -3  -1   13   6   5   4   0  13   3   4   5   2   6  14   6   3   2   3   6   0   0   5  0.19 0.21
  180 L     1  -2  -1  -3   0   0  -1  -1  -1   0   3  -2   2   0  -4  -1  -1   0  -1   0   11   2   4   1   2   5   5   5   1   5  34   2   5   4   0   3   3   1   2   5  0.25 0.23
  181 Q     1   1  -1  -2  -5   7  -1  -5   0  -3  -2   0   1  -1  -5  -1   0  -5  -3  -5   10   7   2   2   0  43   4   1   3   2   3   6   3   2   0   5   5   0   1   0  0.95 0.63
  182 I     0  -1  -1  -1  -1   0  -1  -1  -1   2   0  -1   1  -1   0   1   1  -3   1   0    7   3   2   2   2   5   4   4   1  13   9   4   4   3   4  12  10   0   5   5  0.08 0.12
  183 D     0  -1   0   1  -1   1   2   0   1   1  -2   0  -1  -2   0  -2  -2   1   0  -1   10   3   5   9   1   6  14   8   4   8   4   6   2   2   6   1   2   2   4   3  0.11 0.14
  184 G    -1  -1   0   0  -1   1  -1   3   1  -1  -3   0   0   1  -3  -1   0  -4   2  -2    6   3   5   4   1   6   3  24   3   4   3   7   2   7   1   5   6   0   6   3  0.23 0.21
  185 C     0   0   2  -1   1  -2   0  -1   1   0   0  -1   1   0  -1   1   0   2  -1   0    9   6   9   3   4   0   6   4   3   7   9   3   4   4   2  10   6   3   2   6  0.06 0.10
  186 K     0   2   2  -1  -1   2   1   0   2  -2  -2   0  -1  -2  -2   1   0   0  -1  -2    8  10  11   3   1   8   8   6   5   3   4   6   2   2   2  11   4   1   2   2  0.16 0.18
  187 A     2   0   0   1  -1   0  -1   1   0  -1  -1  -1  -1  -1  -2   1   0   0   1   0   16   5   5   7   1   4   4  10   3   4   5   3   1   2   2  10   4   1   6   5  0.08 0.11
  188 D     1  -1   2   2  -1  -1  -1   2   0   0  -2   0  -1   1  -2   0  -1  -4   0  -1   12   4  10  11   1   2   3  13   2   5   4   5   2   7   2   5   4   0   3   5  0.12 0.13
  189 V     0   0  -1   0  -1   0  -1   0  -1   0   0   0   1   1   0   0   1   2   1   0    5   6   2   5   1   4   4   7   1   5   7   7   4   5   4   8   8   3   7   6  0.03 0.05
  190 D    -1   0   3   4  -5   2   1  -3  -1  -5  -2   0  -2  -2  -2   0  -1  -5   0  -3    5   5  11  25   0   8   8   2   1   0   5   6   1   2   3   7   4   0   3   2  0.44 0.35
  191 Q    -2   1   2  -1  -5   6  -1  -1   1  -3  -3   1  -1  -2  -3   0  -2   1  -2  -3    3   8  10   3   0  34   4   5   3   2   2   7   2   2   1   7   2   2   1   2  0.67 0.49
  192 D     1   0   0   3  -2  -1   0  -2   0  -1   0  -2  -3   2   0   0   0  -3   0  -2   11   6   4  20   1   2   5   3   2   3  11   2   0  10   5   8   5   0   3   1  0.18 0.21
  193 E     0   1   0   0  -3   1   1  -1  -1   0   0   2   0  -1   0  -1   0  -3   1  -1    7   9   4   4   0   7  10   4   1   5   8  13   3   2   4   3   5   0   5   4  0.09 0.12
  194 V     1  -1   1  -1  -3  -1  -1  -1  -1   0   0  -1   1   0  -1   0   0   3   1   1   14   3   7   4   0   3   3   3   1   5   9   3   4   4   3   7   5   5   5  12  0.07 0.11
  195 T    -1  -1  -1  -1  -1   1  -2  -1   2   2  -2  -1   0   0  -1   0   4  -4   1  -1    4   3   3   3   1   7   2   6   4  11   3   4   2   4   3   8  25   0   4   3  0.22 0.25
  196 L    -1   0   1   2  -2   1   3  -2  -3  -1   0   1  -1  -1  -4   0  -1  -1  -2  -4    4   4   6  14   1   7  23   2   0   4   9  10   1   3   0   5   3   1   1   0  0.32 0.29
  197 D     0   0   3   2  -4   0   0   1   0  -1   0  -1  -1  -3  -2   1   0   0  -1  -3    8   5  14  13   0   4   4  10   3   3  10   3   1   0   2   9   6   1   2   0  0.17 0.19
  198 W    -1  -2  -2  -4  -5  -4  -3  -2   1   1  -1  -4  -1   3  -3  -2  -2   9   4   0    6   2   2   1   0   0   2   3   3   9   6   1   2  10   2   3   3  26  12   7  0.94 0.52
  199 L    -1  -2  -3  -2  -4   0  -2  -1  -4  -1   4  -2   2   2  -4  -3   0  -4  -1   0    4   3   1   3   0   4   3   4   0   2  45   2   5   8   1   2   5   0   2   6  0.50 0.35
  200 K     0   2   1   0  -1   1   1   0   0  -2  -2   2   0  -1  -2   0  -1  -4  -2  -1    8  10   8   5   1   6  12   7   2   2   3  13   3   2   1   7   3   0   1   4  0.14 0.15
  201 K     0   0   1  -1  -3   1   1   0   0  -1   0   1  -1  -2  -1   2   0  -4  -2  -1    6   3   8   2   0   6  11   6   3   3  11  10   2   2   2  15   5   0   1   3  0.11 0.15
  202 N    -1  -1   3  -1   0   2   0   0   4  -2  -3   0  -1   0  -4   1  -2   0   2  -2    5   3  14   4   2  11   5   7  11   2   3   4   1   5   0  10   2   1   7   2  0.28 0.26
  203 G    -2   0   2  -1  -5  -1  -1   6  -4  -3  -4   0  -5  -5  -3  -1  -1  -5  -3  -5    2   4   8   4   0   3   4  53   0   2   2   5   0   0   1   5   4   0   1   1  0.94 0.54
  204 I    -1  -1  -4  -4  -3  -2  -3  -3  -4   3   3  -2   3   1  -2  -2  -2   3   0   2    6   4   0   0   0   1   2   2   0  15  28   2   6   5   2   2   2   3   3  15  0.41 0.28
  205 S     0   1   0  -1  -1   0  -1  -1   1   1   0   1   1  -1  -1   1   1  -3   0   1    6   7   5   3   1   2   3   3   4   9   6   9   5   2   3  12   7   0   5   9  0.05 0.09
  206 E     1   2  -1   1  -4   1   1  -2   0  -3  -1   0  -2  -2   4  -1  -3  -1   2  -1   11  11   3   7   0   6   9   2   2   1   6   5   1   2  18   4   0   1   6   5  0.28 0.26
  207 R     0   3   1   0  -2   1   1  -2   1  -2  -2   2   0  -2  -1   0   0  -4  -3  -1    7  19   6   4   1   4  10   2   4   2   4  14   3   1   3   6   6   0   0   3  0.25 0.23
  208 M     0   0   0  -1  -1   2   1   1   2   0  -1   0   1  -1   0  -1   0  -1  -2  -1   10   4   4   2   1  12   7  11   5   5   7   3   5   2   5   3   6   1   1   4  0.08 0.12
  209 I    -1  -1   1   0  -3  -1  -1  -1   1   1   0   1   1   2  -1  -1  -1  -2   1   0    5   3   7   4   0   3   3   6   4  10   8   9   5  11   3   2   4   0   5   6  0.07 0.11
  210 E    -1   0   0   0   2   0   0  -1   2   0  -1   0   1   0   0   0   0   3   1  -1    5   5   5   5   5   5   5   5   5   5   5   5   5   5   5   5   5   5   5   5  0.06 0.08
  211 R     0   1   0   0   1  -1   0   0  -3   0  -1   2  -2   0  -2   0   0   1  -1   0    7   9   4   5   3   2   5   6   0   7   7  13   0   5   1   6   7   2   2   8  0.06 0.09
  212 H     0   0   0   0  -1   0  -1   2   2  -1  -1   0  -1  -1  -2   0   0   2   1  -1   10   5   5   4   1   4   4  14   5   3   7   7   2   3   1   5   7   3   6   4  0.09 0.10
  213 C     0  -1   0   1   1  -1  -1   2  -3   0  -2  -1   1  -1  -1   1   1  -4   0  -1    7   3   4   8   3   2   4  17   0   5   4   4   3   3   3  13   9   0   4   5  0.13 0.15
  214 L     0  -1  -1  -1  -1   0  -1   1  -1   1   1  -1   1   0  -1   0   0   1   0   0    7   2   3   4   1   3   3  12   1   9  14   4   5   4   2   7   5   2   4   6  0.04 0.06
  215 L    -1  -1   1  -1  -1   0  -1   0   0   0   0   0   1   1   0   1   0  -3   0   0    5   3   7   2   1   3   4   6   2   6  12   8   4   6   5  11   5   0   3   6  0.03 0.07
  216 P    -1   2   1   0  -4   0   0   1   0  -2  -2   0   0   0   1   1  -1  -4   0  -2    6  12   7   6   0   4   6   9   3   2   5   6   3   4   8  12   3   0   3   3  0.13 0.15
  217 T     0   1   1   0  -1   1   0  -1   0   0  -1   1   0  -1   0   0   1  -3   0  -1    7   8   6   4   2   8   5   5   2   6   5   9   2   3   5   8   8   0   3   4  0.06 0.09
  218 V     0  -1   2   2  -1   0   0   0   0   0   0  -1   0  -2   0  -1   0   2  -1   0    9   3  10  11   1   5   5   6   2   6   9   3   2   1   4   4   7   3   2   8  0.06 0.09
  219 D    -1   1   1   1  -4   0   1   0   1   0  -2   2   1  -1  -1   0  -1   0   0  -1    3   6   7   9   0   4  11   7   3   5   4  14   3   3   2   6   3   2   3   4  0.12 0.14
  220 V     1   0   0  -1  -2  -2  -1   0  -2   1   0  -1  -1   1   0   0  -1  -2   0   1   11   6   6   3   0   0   4   7   0  10  12   3   1   8   5   6   2   0   4  11  0.05 0.09
  221 T     1   1   1  -1  -3   0   1   0   0  -1  -1  -1  -2  -2   1   1   1   0  -2  -1   15   8   9   3   0   3   9   5   2   3   6   2   0   2   6  11   8   1   1   5  0.10 0.14
  222 G     0  -2   0  -1  -2   0  -2   4  -3  -1  -1   0   0  -1  -1   0   1  -3  -2  -1    6   2   5   2   1   4   2  31   0   3   8   7   2   2   3   5  10   0   2   4  0.28 0.23
  223 T     0   1   1   0   0   0  -1  -1  -1  -2   0   0   0   0  -3   1   2   0  -1  -1    8   7   8   4   2   4   3   5   2   1   9   6   2   5   1  10  15   1   2   5  0.08 0.12
  224 T    -1   0   1   1  -3  -1  -2  -1  -3   0  -1   0   1  -1  -1   1   2   2  -1   1    5   4   6   7   0   3   2   4   0   7   4   6   3   3   2  13  13   3   2  14  0.11 0.16
  225 G    -1   0  -1   0  -3  -1  -1   3   0  -1  -2  -1  -3  -1   0   2   1   0  -2  -1    5   5   2   5   0   3   4  21   2   3   4   3   0   3   4  18  11   2   1   4  0.20 0.21
  226 S     1   2   1   0  -1   0   0  -1   0  -1  -1   1   0  -2  -2   1   0  -3   0  -1   12  10   9   5   1   4   4   3   2   4   6  10   2   2   1  13   5   0   3   4  0.11 0.14
  227 E     0   1   1   0  -3   0   2  -1   0   0  -1   0   0   0  -1   1   0  -3   0  -1    6   7   7   5   0   4  13   3   2   5   7   7   3   5   2  11   7   0   3   4  0.08 0.11
  228 G     0   0   2   2  -1  -1   0   1  -2  -1  -1  -1  -1   0   0   0   1  -1  -3  -1    6   7  11  13   2   1   4  12   1   4   6   2   1   5   6   5   9   1   0   3  0.12 0.15
  229 P     1   0  -1  -1  -3  -3  -2  -1  -3   1  -1  -1   1  -1   3   0   1  -4   0   1   12   5   3   3   0   0   2   5   0  10   4   3   4   3  14   7  11   0   3  11  0.17 0.19
  230 D     1   0   1   3  -4  -1   1   1   0  -2  -2   1  -1  -2   0   0  -1  -4  -2  -2   10   6   6  21   0   1   8  10   3   2   3   8   2   1   4   8   4   0   1   3  0.22 0.21
  231 Q     1   1   1   1  -3   1   1   0   1   0  -2   0   0  -1  -1   0  -1  -3  -1  -1   12   8   9   7   0   7  11   5   4   6   2   6   2   2   2   7   3   0   2   5  0.11 0.13
  232 L    -2  -2  -4  -3  -1  -2  -3  -3   0   1   4  -3   3   0  -4   0  -1   2   0   1    2   3   0   2   1   2   1   2   2   7  38   1   7   4   0   6   3   3   3  11  0.42 0.32
  233 L     2  -1   0   0  -3  -1  -1   0  -2   1   0   0   0  -1  -2   0   0   0   0   1   22   2   4   5   0   1   4   6   1   8  12   4   2   2   1   7   5   1   3   9  0.08 0.13
  234 N     0   1   2   2   0   1   0   1   1  -4  -2   1  -1  -2  -2   1  -1  -4  -3  -3    7   7  12  13   2   5   6  10   3   0   3  11   2   2   2  11   4   0   0   1  0.23 0.22
  235 A     2   0  -1   0  -1   0   1  -1  -1   0  -1   0  -1  -1  -2   1   0  -1  -1   0   21   5   3   5   1   3   9   4   1   5   7   6   1   2   1  11   5   1   2   5  0.08 0.12
  236 I    -1  -2  -3  -2  -1  -4  -3  -3  -4   5   2  -2   4   1  -4  -2  -2  -1   0   1    4   3   2   2   1   0   2   2   0  35  16   2   9   6   0   4   2   1   3   6  0.56 0.37
  237 L     0   0  -3  -1   0  -1   0  -3  -3   1   2  -1   1   0  -2   0   0   0  -1   1    7   6   0   4   2   1   6   1   0   7  26   3   3   3   1   6   6   1   1  12  0.14 0.17
  238 D     0   2   2   3  -4   2   0  -1  -3  -2  -2   0  -1  -1   0   1  -1  -4  -1  -2   10  10  10  18   0   9   5   3   0   3   3   5   2   2   4   9   3   0   2   2  0.23 0.24
  239 T     1   0   2  -2  -3   0  -1  -1   1   1   0  -1   0  -1   0   1   2  -3  -1  -1   11   4  11   2   0   4   3   4   3   8   8   2   2   2   5   9  17   0   2   4  0.13 0.18
  240 H     1   0   1  -1   0  -1   0   1   1  -1   0   0   1  -2   1   0   0   0  -1  -1   13   5   6   3   2   0   6  10   5   2   8   6   5   1   6   7   5   1   2   5  0.05 0.09
  241 G     0   0   2   0  -1   1  -1   3  -3  -2  -1   0  -3  -1   0   1   1  -4  -3  -2    6   4   9   6   2   7   4  23   0   2   6   5   0   2   5   9   8   0   0   2  0.21 0.21
  242 I    -1   0   0   1   2   1   0   0   1  -1  -2   2  -1  -1  -1   0   1  -3   1  -1    3   5   4   7   4   7   5   9   4   3   2  13   1   2   3   8   9   0   7   4  0.10 0.14
  243 G     1  -2   1  -1  -1   1  -1   2   0  -1  -2   1  -1  -2   1   0   1  -3   1  -3   13   1   6   4   1   7   3  15   2   4   3   8   1   1   7   5  12   0   6   1  0.16 0.19
  244 Y     0   0   1   1   0   0  -1   1   1  -3  -2   0  -1   0   0   1   0   2   3  -1    6   7   6   7   2   3   2  10   4   0   4   4   2   4   5  11   4   3  11   3  0.11 0.15
  245 G     0   0   0  -2   1  -1  -2   3   1   0   1  -2  -1  -1  -2   0   0   0   1  -1    6   7   4   1   4   2   2  24   3   6  14   1   1   2   1   5   7   1   5   3  0.16 0.18
  246 Y    -2  -5  -3  -3   1  -2  -3  -2   2   0  -1  -3   0   2  -2  -1  -4   1   7   0    4   0   1   2   3   2   1   3   5   4   7   2   2   7   3   4   0   2  41   7  0.92 0.58
  247 K     0   0  -1  -3  -3   1   0  -1   1  -1   1   2   1   1  -2   0  -1   0   2   0    9   6   3   0   0   5   4   3   4   3  12  14   5   6   1   8   2   1   7   7  0.09 0.15
  248 K    -1   0  -1  -2   0   0  -2  -1   1   1   1   1   3   1  -3  -1   0  -3   1  -1    5   6   2   3   2   4   1   4   3   8  17  10  11   8   0   4   5   0   4   3  0.14 0.17
  249 I    -2  -3  -2  -3  -1  -2  -2  -3  -1   5   1  -4   1   0  -4   0  -2  -4   0   1    3   2   2   2   1   2   3   2   1  40  12   0   3   4   0   7   2   0   3  10  0.58 0.39
  250 Y     1  -1   1   0   1  -2  -2   1   1  -1  -2  -3   0  -2  -2   3  -1   0   2  -1   10   4   6   6   3   2   2  11   4   3   4   0   2   2   1  24   2   1   9   4  0.21 0.26
  251 L     0   0   0   0  -3  -1   0   0   1   0  -1   0   1   1   0   0   0   3   1   0    6   6   5   6   0   0   6   6   5   6   6   6   5   5   6   6   6   5   5   6  0.06 0.09
  252 S    -1   1   2   0  -3   1   1   0   3  -2  -1   0   1   0  -1   0  -1   0   1  -1    3   6  10   6   0   6   9   6   8   2   5   4   4   5   2   8   3   1   6   5  0.09 0.10
  253 G     0  -1   0  -2  -2  -2  -2   5  -3  -2   0   0   0  -1  -1   0  -1  -4  -4  -3    5   4   4   1   1   1   3  41   0   2  12   5   2   2   3   8   4   0   0   0  0.47 0.26
  254 Q     0   0  -1   1  -2   1   1   0  -1  -2  -2   1  -2  -3   3   1   1  -3  -1  -2    5   4   2   8   1   7   9   6   2   2   3  11   1   1  13  11  10   0   3   2  0.20 0.14
  255 M     0  -1   2   1   0   0   0   2   0  -2  -2  -1   0  -1  -2   1   1  -3  -1  -1    5   3  10   6   2   4   7  20   2   2   4   3   3   2   1  10   8   0   1   6  0.14 0.11
  256 S     0  -1   0   0   0  -2  -2   4   1  -3  -4  -2  -2   0  -2   2  -1  -1  -1  -3    6   3   5   6   2   1   2  37   4   1   1   2   1   4   1  17   2   1   2   1  0.48 0.27
  257 G     1  -2  -1  -1  -4  -2  -3   5  -2  -4  -4  -1  -4  -3  -4   1  -2  -5  -2  -2   13   2   3   2   0   2   1  53   1   0   1   4   0   1   0  10   1   0   1   4  0.83 0.36
  258 H    -6  -4  -4  -5  -7  -4  -4  -6  11  -7  -7  -3  -6  -6  -6  -3  -6  -6  -3  -7    0   0   0   0   0   0   0   0  95   0   0   1   0   0   0   2   0   0   0   0  3.72 1.02
  259 T     5  -3  -2  -2   1  -2  -1  -1   1  -4  -4  -3   0  -5  -4   1   2  -5  -4  -2   56   1   1   2   3   1   3   4   4   0   0   0   2   0   0   9  14   0   0   3  0.83 0.42
  260 I    -2  -5  -5  -3   2  -4  -5  -5  -5   3   1  -4   6   0  -5  -3  -1  -5  -3   4    3   0   0   1   4   0   0   0   0  20   9   0  23   3   0   2   3   0   0  32  0.88 0.39
  261 A     5  -4  -4  -4   2  -4  -4   3  -5  -4  -3  -4  -4  -5  -4   2  -1  -5  -5   0   50   0   0   0   4   0   0  22   0   0   1   0   0   0   0  14   2   0   0   6  0.93 0.44
  262 A     3  -3  -4  -4   1  -3  -3  -3  -3   2   2  -3   3   1  -2  -1  -1  -3   0   1   29   0   0   0   3   0   0   1   0  14  18   0   8   7   2   2   4   0   3   7  0.37 0.23
  263 Y     0   1  -2  -1   0   0  -2  -3   3  -1  -2  -2   1   3  -4  -1  -2   5   5  -2    7   9   1   3   2   4   2   2   8   4   2   2   4  11   0   6   2   9  23   1  0.50 0.27
  264 V     0   1   0  -3   1   0  -2  -3   1   2   0   0   1   1  -3  -1   0  -3   0   2    6  10   4   0   3   3   0   1   3  14   8   4   3   6   0   5   6   0   2  19  0.12 0.12
  265 N    -1   0   1   3  -3   1   1   2   0  -2  -2   0  -3  -2  -3   0   0  -4  -2  -1    4   6   6  19   0   6   9  19   2   2   3   4   0   2   0   8   5   0   1   4  0.25 0.16
  266 E     0   1   1   1  -3   1   1  -1   1  -2  -2   2  -2  -4   1   0   0  -2  -3  -2    7   9   7   7   0   7  11   3   3   3   4  14   1   0   7   8   5   1   0   3  0.18 0.13
  267 N    -1   0   3   3  -4   1   1   3  -3  -4  -4   0  -4  -5  -1   0  -1  -5  -4  -3    3   4  15  19   0   8   8  22   0   1   1   4   0   0   3   6   4   0   0   2  0.46 0.25
  268 S     0   1   2   1  -3   0   0   3  -1  -3  -4   1  -3  -4  -1   0   1  -4  -3  -3    8  10  10   7   0   4   7  23   1   1   0   7   0   0   3   8   9   0   0   1  0.31 0.18
  269 G     0   2   1   0   0   0   1   1   2  -2  -2   2   0  -3  -1   0   0  -1  -1  -2    7  12   5   5   3   2   8  14   5   2   4  16   2   0   2   5   4   1   2   1  0.16 0.12
  270 V    -2  -4  -4  -5   0  -4  -4  -5  -1   4   1  -2   0   2  -3  -3  -2   1   4   3    3   0   0   0   2   0   0   0   2  23  13   2   2   8   1   1   1   2  17  23  0.59 0.29
  271 T    -1   2  -2  -1   2   0  -1  -2   3   0  -1   0  -1  -1  -3   0   2  -3   1   0    3  14   0   4   5   4   4   2  10   7   5   5   1   1   0   5  15   0   7   9  0.18 0.17
  272 F    -4  -6  -6  -7  -1  -6  -7  -7  -5   0   1  -6   0   8  -7  -6  -5   2   2  -2    1   0   0   0   2   0   0   0   0   4  13   0   2  70   0   0   0   2   4   2  1.97 0.66
  273 F    -6  -7  -7  -7  -6  -7  -7  -7  -5  -1  -1  -7   2   8  -7  -2  -6   2   1  -4    0   0   0   0   0   0   0   0   0   4   5   0   6  78   0   3   0   3   3   0  2.33 0.76
  274 D    -6  -6  -3   8  -8  -4   1  -6  -5  -8  -8  -5  -7  -8  -6  -5  -5  -9  -7  -8    0   0   0  92   0   0   8   0   0   0   0   0   0   0   0   0   0   0   0   0  2.78 0.90
  275 P     0  -6  -6  -6  -7  -5  -5  -6  -6  -3  -7  -5  -6  -8   8  -2  -2  -8  -7  -4    9   0   0   0   0   0   0   0   0   1   0   0   0   0  83   3   2   0   0   1  2.62 0.87
  276 N    -6  -5   9  -3  -7  -4  -2  -5  -4  -8  -4  -5  -7  -7  -7  -4  -5  -8  -7  -7    0   0  95   0   0   0   2   0   0   0   3   0   0   0   0   0   0   0   0   0  2.94 0.97
  277 F    -2  -1  -3  -5  -1  -2  -3  -3   3   1   0  -3  -1   5  -5  -1  -2   2   5  -2    2   3   1   0   1   1   2   2   8   7   7   1   1  31   0   4   2   2  22   2  0.76 0.36
  278 G    -4  -2  -4  -2  -7  -6  -6   7  -6  -8  -8  -5  -7  -2  -6  -4  -6  -7  -7  -7    0   3   0   3   0   0   0  92   0   0   0   0   0   2   0   0   0   0   0   0  2.39 0.79
  279 E    -2  -3  -4  -1  -2   1   5  -5   3  -1  -1  -2   0  -2  -4  -1  -2   2  -2   1    2   0   0   1   1   4  51   0   7   3   6   1   3   2   0   3   1   3   1  10  0.81 0.44
  280 F    -1  -6  -6  -6  -5  -6  -6  -3  -4   1  -1  -6   2   7  -6  -5  -4  -3   3   2    5   0   0   0   0   0   0   2   0   6   4   0   4  54   0   0   0   0   9  15  1.40 0.53
  281 H    -1   2  -2  -2  -3   1   0  -3   1  -1  -1   1  -1  -2  -3   1   2   5   0   0    5  13   1   1   0   5   7   0   4   4   6   8   1   1   0  11  14  10   3   8  0.27 0.20
  282 F    -1  -6  -6  -6   0  -6  -6  -3  -5   0   0  -4  -1   8  -6  -4  -4  -3   1   0    5   0   0   0   2   0   0   3   0   4   7   1   2  66   0   1   1   0   2   5  1.61 0.59
  283 S     0   1   2   2  -4   1   0  -3  -3  -2  -4   1  -4  -5   4   1  -1  -1  -2  -4    6   7   9  12   0   6   5   1   0   2   1  10   0   0  25  11   3   1   2   0  0.51 0.28
  284 D    -1  -2   2   3  -2  -2  -1  -1   3  -5  -4   0  -2  -5  -3   4   2  -5  -2  -4    2   1  11  20   1   0   3   4   7   0   1   5   1   0   1  31  11   0   1   0  0.59 0.35
  285 K     0   2  -2  -1  -4   0   1   0   3  -1  -2   2   0   0  -1   0  -1  -1   0  -2    9  11   0   2   0   4  11   6   8   5   2  19   3   4   3   5   2   1   3   3  0.18 0.16
  286 E     1   0   2   3  -4   2   1  -1   0  -4  -3   1  -2  -4  -1   1   0  -4  -1  -2   11   3  13  16   0   9  10   4   2   0   1   8   1   0   2   9   6   0   2   3  0.29 0.20
  287 Q     1   1   2   3  -4   1   1  -1   0  -4  -3   2  -2  -2  -3   1   0  -5  -3  -3   15   6  11  18   0   7   8   2   2   0   2  12   1   2   0   8   5   0   0   1  0.33 0.23
  288 F    -4  -6  -6  -7   0  -6  -7  -5  -5  -2   0  -6   4   8  -7  -3  -5   0   0  -3    1   0   0   0   2   0   0   1   0   2   8   0   9  72   0   2   0   1   1   1  2.04 0.73
  289 S     1   2  -1  -1  -3   1   1  -2  -1   1  -1   2  -1   0  -2   1   0  -3   0  -1   11  14   2   2   0   7   8   1   1   9   7  14   1   3   1   9   4   0   3   2  0.13 0.14
  290 K     0   2   2   1   0   0   1  -1   0  -3  -2   1  -3  -1   0   2   0  -1  -3  -2    7  10  12   8   2   3   8   3   2   1   2  10   0   2   4  16   5   1   0   3  0.19 0.16
  291 W    -2  -4  -4  -4  -4  -2  -4  -4  -3  -3  -2  -4  -1   5  -4  -1  -2  10   2  -2    3   1   1   1   0   2   1   1   0   1   3   1   2  25   1   4   2  41   7   2  1.74 0.53
  292 F    -5  -6  -6  -6  -5  -6  -6  -6  -5   0   2  -6   0   8  -6  -5  -5   2   2  -1    0   0   0   0   0   0   0   0   0   3  22   0   2  59   0   0   0   3   4   4  1.65 0.59
  293 T     0   1  -1  -1  -1   0  -1  -2  -1   1   0   1   2  -1   1   0   1  -3   0   1    6   7   2   3   1   3   3   1   1  11   9  11   8   1   6   7  10   0   3   9  0.07 0.09
  294 N    -1   1   3   3  -4   1   2  -2   1  -4  -3   0  -3  -3  -2   0   0  -4  -1  -2    5   6  14  22   0   8  15   2   3   0   1   5   0   1   2   5   5   0   3   2  0.39 0.23
  295 S     1  -2  -1   1   1  -2  -1  -2   1  -2  -1   0  -1   1  -3   0  -1   3   4   0   15   2   2  10   3   0   4   2   4   1   7   5   1   6   0   5   4   4  18   6  0.21 0.17
  296 F    -5  -5  -5  -6  -5  -5  -5  -6  -1  -2   0  -5  -3   7  -6  -5  -3   2   6  -4    0   0   0   0   0   0   0   0   1   2   9   0   0  48   0   0   1   3  32   0  1.74 0.60
  297 W    -3  -2  -4  -4   0  -3  -3  -2  -3   0   2  -1   3   1  -4  -2  -3   9   2  -2    2   2   0   1   2   0   2   3   0   5  21   5  10   5   1   2   1  30   7   2  0.98 0.37
  298 E     0   1   1   0  -3   2   1  -2   2  -1  -1   2  -2  -3   0   0   0  -1  -1  -1    6   8   8   3   0  10   6   2   7   3   6  17   0   0   4   8   6   1   2   3  0.15 0.12
  299 N     1   1   3   1  -3   0  -1  -3   0  -2  -2   3  -1  -3  -1   0   1  -4  -1  -2   12   6  16   6   0   4   2   0   2   2   4  27   1   0   2   4   7   0   2   2  0.31 0.21
  300 S     1  -1   1   0  -3  -1   0  -1  -3  -1  -2  -1   1  -2  -1   4   1  -4  -2  -1    9   3   6   5   0   1   4   2   0   4   3   3   5   1   3  36   9   0   1   4  0.29 0.23
  301 M    -1  -1  -1  -1   1  -1  -1   4  -2  -2   0   0   0   0  -2  -1  -1   1   2  -2    2   3   2   3   3   3   3  34   0   2  10   6   3   4   1   3   4   2  10   1  0.30 0.20
  302 Y    -4  -1  -2  -5  -5  -4  -3  -3   0  -4  -3  -2  -2   1  -2  -4  -1  -2   9  -2    0   4   2   0   0   0   2   2   2   0   2   2   1   4   3   0   4   0  69   2  1.81 0.66
  303 H     1   1   1   2  -1   0   1   0   3  -2  -3   0  -2  -2  -1   1   1  -4  -2  -2   13   8   7  13   1   3   6   8  10   1   2   4   0   2   2   8   9   0   0   2  0.19 0.14
  304 Y     0  -1  -1   0  -3   1  -1   1   1  -1   0  -1  -1   1  -1  -1   0   4   3  -1    6   2   3   5   0   8   3  13   4   2  10   2   1   6   2   3   5   8  14   4  0.18 0.14
  305 P     0   1  -1  -1  -3  -1   1   0  -2  -2  -2   2  -2  -3   3   1   1   3   0  -2    7   9   2   2   0   0   8   6   0   2   2  13   0   0  15  10  12   4   4   2  0.26 0.17
  306 L    -1   0  -2   0   0  -2  -3  -3  -2   1   0   0  -1   4  -3  -1  -2  -1   5  -2    6   4   1   6   3   1   1   1   0   8   8   7   1  23   1   5   1   0  22   1  0.43 0.24
  307 G     0  -1   3   0   0  -1   0   4  -2  -3  -2  -1   1  -3  -3   1   0  -3  -2  -2    7   3  15   5   2   1   8  31   0   1   2   2   5   0   1  10   4   0   2   2  0.35 0.20
  308 V    -1   0   0  -3  -2  -2  -2   1  -3   0   3   0   1   1  -1  -1   1  -2  -1   0    4   5   4   0   0   0   1  11   0   4  35   5   2   7   2   2   9   0   2   5  0.16 0.15
  309 G     0   1   1  -1   1  -1  -1   3  -2  -3  -2   1  -2  -3  -2   1   0  -3  -1  -2    8   7   6   3   4   0   2  29   0   0   5  12   0   0   0  13   4   0   3   2  0.28 0.17
  310 Q    -2   2   1   2  -4   3   0   1   3  -4  -4   3  -3  -4  -3  -1   1  -4  -3  -4    0  12   6  11   0  14   3  10   8   0   1  21   0   0   0   2   8   0   0   0  0.44 0.24
  311 S    -1   0   2   1   0  -1   0  -1   1  -2  -2   1  -2   2  -3   2   0  -3   1  -2    3   4   9   8   2   0   5   3   4   2   1  13   0  14   0  20   5   0   5   1  0.20 0.17
  312 F    -3  -5  -5  -4  -5  -5  -5  -6   1   0  -1  -5   0   7  -6  -5  -4   6   5  -2    2   0   0   1   0   0   0   0   3   6   3   0   2  44   0   0   0  12  24   2  1.48 0.51
  313 S     0   0   2   2   2   1   2  -3   2   0  -2   0  -2  -2  -3   1  -1   0  -1  -1    6   4   9  11   5   5  19   0   5   6   2   3   0   2   0  12   2   2   1   5  0.20 0.16
  314 V    -2  -3  -4  -5  -3  -4  -4  -2  -4   4   1  -2  -1  -2  -2  -3   0  -4  -1   5    2   1   0   0   0   0   0   3   0  26   9   3   0   0   2   0   7   0   3  45  0.69 0.34
  315 F    -2   0  -2  -1  -3  -1  -2  -4   1   1   1  -1   0   3  -3   0   1   3   1   1    2   6   0   3   0   3   0   0   5   9  11   3   1  17   0   5  14   5   4  14  0.20 0.16
  316 T    -1  -2   4   1  -2   0   1  -3   2  -1  -3  -1  -3  -3  -1   2   1   1  -1  -1    3   0  25   6   1   2  11   0   6   3   1   2   0   0   3  20   9   3   2   4  0.35 0.23
  317 F    -2  -4  -5  -6  -5  -4  -5  -5  -2  -3   1  -5   1   4  -5  -4  -4   3   8  -1    4   0   0   0   0   0   0   0   0   0  13   0   3  19   0   0   0   4  55   3  1.49 0.50
  318 D     1   0   1   2  -4   1   4   0   1  -4  -4   2  -3  -4  -3   0   0  -4  -3  -3   11   4   8   9   0   6  32   6   4   0   0  13   0   0   0   2   5   0   0   0  0.42 0.21
  319 S     1   2   0  -2  -4  -1  -1  -3  -2  -4  -2   4  -3  -4   3   1  -1  -4  -3  -3   11  13   3   0   0   0   0   0   0   0   5  40   0   0  15  12   1   0   0   0  0.57 0.27
  320 K     1   3  -2  -2  -3   0   1   0  -2  -2  -3   3  -2  -3  -1  -1   0  -4  -3   0   17  17   0   0   0   0   8   7   0   0   0  33   0   0   2   0   6   0   0  10  0.32 0.16
  321 E    -2   0  -1   0  -4   4   5  -3   4  -4  -3   0  -2  -4  -2  -1  -2  -3  -2  -3    0   0   0   0   0  23  64   0  13   0   0   0   0   0   0   0   0   0   0   0  0.80 0.14
  322 V     3  -2  -2  -3  -1  -2  -2  -1  -3   1   0  -2   0  -2  -2   0   0  -3  -2   3   48   0   0   0   0   0   0   0   0   0   0   0   0   0   0   0   0   0   0  52  0.25 0.03

                      K         Lambda
Standard Ungapped    0.1331     0.3191
Standard Gapped      0.0375     0.2670
PSI Ungapped         0.1225     0.3173
PSI Gapped           0.0375     0.2670
