
Last position-specific scoring matrix computed, weighted observed percentages rounded down, information per position, and relative weight of gapless real matches to pseudocounts
            A   R   N   D   C   Q   E   G   H   I   L   K   M   F   P   S   T   W   Y   V   A   R   N   D   C   Q   E   G   H   I   L   K   M   F   P   S   T   W   Y   V
    1 M    -1  -2  -2  -3  -2  -1  -2  -3  -2   1   2  -2   6   0  -3  -2  -1  -2  -1   1    0   0   0   0   0   0   0   0   0   0   0   0 100   0   0   0   0   0   0   0  0.42 0.03
    2 T    -1  -2  -2  -3  -2  -1  -2  -3  -2   1   2  -2   7   0  -3  -1   1  -2  -1   0    0   0   0   0   0   0   0   0   0   0   0   0  89   0   0   0  11   0   0   0  0.49 0.08
    3 Y    -2  -1   1   0  -3   0  -1  -3   7  -3  -2  -1  -2   1  -3  -1  -2   0   5  -3    0   0   6   5   0   0   0   0  51   0   0   0   0   0   0   0   0   0  38   0  0.67 0.06
    4 T     3  -2  -2  -2  -1  -1  -2  -1  -2   2   0  -1   0  -2  -2   0   1  -3  -2   1   57   0   0   0   0   0   0   0   0  22   0   0   0   0   0   0  11   0   0  10  0.22 0.03
    5 N    -2  -1   7   1  -3   0  -1  -1   0  -4  -4   0  -3  -4  -2   0   0  -4  -3  -3    0   0 100   0   0   0   0   0   0   0   0   0   0   0   0   0   0   0   0   0  0.90 0.07
    6 E    -1   2   0   0  -4   1   3  -2  -1  -3  -3   4  -2  -4  -1   0  -1  -3  -2  -3    0   0   0   0   0   0  33   0   0   0   0  67   0   0   0   0   0   0   0   0  0.54 0.05
    7 I    -1  -3  -3  -4  -1  -3  -3  -4  -4   4   1  -3   1  -1  -3  -2   0  -3  -2   4    0   0   0   0   0   0   0   0   0  42   0   0   0   0   0   0   0   0   0  58  0.41 0.04
    8 S     0  -1   0  -1  -1  -1  -1  -1  -1  -2  -1  -1  -1   3  -2   4   1  -2   0  -2    0   0   0   0   0   0   0   0   0   0   6   0   0  21   0  73   0   0   0   0  0.30 0.05
    9 D    -2  -2   2   6  -4  -1   1  -2  -1  -4  -4  -1  -3  -4  -2   0  -1  -5  -3  -4    0   0  10  90   0   0   0   0   0   0   0   0   0   0   0   0   0   0   0   0  0.97 0.06
   10 F    -3  -3  -4  -4  -3  -4  -4  -4  -2   0   0  -4   0   7  -4  -3  -3   1   3  -1    0   0   0   0   0   0   0   0   0   0   0   0   0 100   0   0   0   0   0   0  0.93 0.07
   11 D    -2  -2  -2   1  -3  -1   0  -3   1  -2  -2  -2  -2   2  -3  -2  -2   1   7  -2    0   0   0  11   0   0   9   0   0   0   0   0   0   0   0   0   0   0  79   0  0.73 0.06
   12 D    -2  -2   2   6  -3  -1   1  -2  -1  -2  -3  -1  -3  -4  -2   0  -1  -5  -3  -1    0   0  10  81   0   0   0   0   0   0   0   0   0   0   0   0   0   0   0   9  0.77 0.05
   13 N    -1  -1   5   2   4  -1  -1  -1   0  -2  -3  -1  -2  -3  -2   0   0  -4  -2  -1    0   0  65   9  17   0   0   0   0   0   0   0   0   0   0   0   0   0   0  10  0.49 0.05
   14 L    -2  -2  -3  -3  -1  -2  -3  -3  -2   1   4  -2   2   2  -3  -2  -1  -1   0   1    1   1   0   1   0   0   1   1   0   1  81   1   0  10   1   1   1   0   0   1  0.36 0.03
   15 Y    -1  -1   0   3  -2  -1   0   0   0  -2  -2  -1  -2   0  -1   1   0   0   4  -2    2   1   1  31   0   1   1   8   0   1   2   1   0   1   1  18   1   0  27   1  0.24 0.02
   16 K    -1   1   2   0  -2   1   0  -1   0  -2  -2   3  -1  -3   2   0  -1  -2  -2  -2    2   1  20   1   0   6   1   2   0   1   2  45   0   1  12   1   1   0   1   1  0.31 0.02
   17 K    -1   0   2   0  -2   1   2   1  -1  -2  -1   2  -1  -2  -1   0  -1  -2  -2  -2    2   1  15   1   0   1  15  13   0   1  12  31   0   1   1   1   1   0   1   1  0.15 0.01
   18 T     0  -1   0  -1  -1  -1  -1  -2  -2   0   1  -1   0  -2  -1   2   4  -2  -2   0    1   1   0   1   0   0   1   1   0   1  16   1   0   0   1  12  64   0   0   1  0.30 0.03
   19 K     0   1   0   2  -3   1   1  -1  -1  -3  -3   4  -2  -3  -1   0  -1  -3  -2  -2   12   0   0  20   0   0   1   1   0   0   1  62   0   0   0   1   1   0   0   1  0.35 0.03
   20 K    -1   3   0  -1  -3   3   1  -2  -1  -3  -2   4  -1  -3  -1   0  -1  -3  -2  -2    1  10   0   0   0  19   1   1   0   0   1  63   0   0   0   1   1   0   0   1  0.46 0.04
   21 E    -1   0   0   1  -3   2   5  -2   0  -3  -3   2  -2  -3  -1   0  -1  -3  -2  -2    1   0   0   0   0   0  81   1   0   0   1  12   0   0   0   1   1   0   0   1  0.63 0.05
   22 I     0   1  -1  -2  -1  -1  -2  -2  -2   3   0  -1   0  -1  -2   1   0  -2  -1   2    1  10   1   1   0   1   1   1   0  46   1   1   0   1   1  20   1   0   0  12  0.11 0.02
   23 D    -1   1   2   3  -2   0   1  -1   0  -2  -2   2  -1  -2  -1   0   0  -2  -1  -2    3   2  11  25   1   2   2   3   1   2   3  32   1   1   2   3   2   0   1   2  0.21 0.01
   24 K     0   2   0   0  -2   1   0  -1   0  -1  -1   3  -1  -2   0   0   0  -1  -1  -1    4   9   2   3   1   2   3   3   1   2   4  49   1   2   2   3   3   1   2   3  0.20 0.01
   25 L     1   0  -1  -1  -1   0   0  -1  -1   0   1   1   0  -1   0   0   0  -1  -1   0   23   3   2   3   1   2   3   4   1   3  21  14   1   2   3   4   3   1   2   3  0.03 0.00
   26 I     0  -1  -1  -1  -1  -1  -1  -1  -1   2   1  -1   1   0  -1   0   0  -1  -1   1   13   3   2   3   1   2   3   4   1  29  16   3   1   2   3   4   3   1   2   3  0.03 0.00
   27 N    -1  -1   3   0  -2   0   0  -1   3  -2  -1  -1  -1   2  -1   1   0  -1   2  -1    2   2  23   2   1   1   2   2  16   2   3   2   1  12   2  14   2   0  10   2  0.16 0.01
   28 K    -1   2   1   0  -2   1   1  -1   0  -2  -2   3  -1  -2  -1   0  -1  -2  -1  -2    2  11   7   2   1   1  11   2   1   2   3  46   1   1   2   2   2   0   1   2  0.25 0.01
   29 L    -1  -2  -2  -2  -1  -2  -2  -2  -2   1   3  -2   2   0  -2  -2  -1  -1  -1   1    2   1   1   1   0   1   2   2   1   1  66   1   1   1   1   2   1   0   1  13  0.23 0.02
   30 Y    -1  -1  -2  -2  -2  -1  -2  -2   1  -1  -1  -1  -1   2  -2  -1  -1   2   7  -1    2   1   1   1   0   1   2   2   1   1   2   1   1   1   1   2   1   0  76   2  0.63 0.04
   31 L    -1   3  -1  -1  -2   0  -1   2  -1  -1   0   1   0  -1  -1  -1  -1  -2  -1  -1    2  29   1   1   0   1   2  22   1   1  19  12   1   1   1   2   1   0   1   2  0.15 0.01
   32 T     0  -1   0  -1  -1  -1  -1  -1  -2   0  -1  -1   0  -2  -1   1   4  -2  -1   1    2   1   1   1   0   1   2   2   1   1   2   1   1   1   1   2  60   0   1  18  0.24 0.03
   33 S     0   0   1   4  -2   0   1  -1  -1  -2  -2   1  -2  -2  -1   1   1  -2  -2  -2    2   1   1  38   0   1   2   2   1   1   2  18   1   1   1  18   7   0   1   2  0.28 0.02
   34 Q    -1   1   0   0  -2   6   1  -1   0  -2  -2   1  -1  -2  -1   0  -1  -2  -1  -2    2   1   1   1   0  76   2   2   1   1   2   1   1   1   1   2   1   0   1   2  0.50 0.04
   35 I    -1  -2  -2  -2  -1  -1  -2  -2  -2   2   2  -2   1   0   3  -1  -1  -2  -1   1    2   1   1   1   0   1   2   2   1  18  39   1   1   1  17   2   1   0   1   8  0.21 0.01
   36 T     0  -1   1  -1  -1  -1  -1  -1  -1  -1  -1  -1  -1  -2  -1   1   4  -2  -1   0    2   1   7   1   0   1   2   2   1   1   2   1   1   1   1   2  71   0   1   2  0.32 0.03
   37 L    -1  -1  -2  -2  -1   1  -1  -2  -1   1   3  -1   2   0  -2  -1  -1  -1  -1   0    2   1   1   1   0  12   2   2   1   1  56   1  10   1   1   2   1   0   1   2  0.17 0.02
   38 K    -1   2   0   0  -2   1   3   0   0  -2  -2   2  -1  -2  -1   0  -1  -2  -2  -2    2  11   1   1   0   1  39   7   1   1   2  24   1   1   1   2   1   0   1   2  0.29 0.02
   39 Q    -1   2   0   0  -2   5   1  -1   0  -2  -2   2  -1  -2  -1   0  -1  -2  -1  -2    2  12   1   1   0  59   2   2   1   1   2   8   1   1   1   2   1   0   1   2  0.40 0.03
   40 K    -1   2   0  -1  -2   1   1  -1  -1  -2  -2   5  -1  -2  -1   0  -1  -2  -1  -2    2   1   1   1   0   1   2   2   1   1   2  77   1   1   1   2   1   0   1   2  0.38 0.03
   41 R    -1   5   0  -1  -2   1   0  -2   0  -2  -2   3  -1  -2  -1   0  -1  -2  -1  -2    2  49   1   1   0   1   2   2   1   1   2  29   1   1   1   2   1   0   1   2  0.40 0.02
   42 Q    -1   2   0   2  -2   4   1  -1   0  -2  -2   1  -1  -2  -1   0  -1  -2  -1  -2    2  16   1  18   0  44   2   2   1   1   2   1   1   1   1   2   1   0   1   2  0.33 0.02
   43 I    -1  -2  -3  -3  -1  -2  -2  -3  -2   4   1  -2   1   3  -2  -2  -1  -1   0   2    1   1   1   1   0   1   1   1   0  66   2   1   0  17   1   1   1   0   1   1  0.24 0.03
   44 Y    -2  -2  -2  -3   3  -1  -2  -3   4  -2  -1  -2  -1   2  -3  -2  -2   1   6  -2    1   0   0   1  11   0   1   1  15   0   1   1   0   0   1   1   1   0  64   1  0.61 0.05
   45 S     0   2   2  -1  -2   0   0  -1  -1   0  -2   1  -1  -2  -2   3   0  -3  -2  -1    0  17  16   0   0   0   0   0   0  15   0  10   0   0   0  42   0   0   0   0  0.21 0.03
   46 A     3  -2   1  -2  -1  -1  -2   2  -2   0   0  -1  -1  -2  -2   0   0  -3  -2   0   48   0  10   0   0   0   0  17   0  11   9   0   0   0   0   0   5   0   0   0  0.18 0.02
   47 V    -2  -2  -3  -4  -2  -2  -3  -4   1   0  -1  -2  -1   4  -3  -2  -2   1   7   1    0   0   0   0   0   0   0   0   0   0   0   0   0  17   0   0   0   0  67  17  0.68 0.05
   48 E     0   0  -1   1  -3   1   4  -2  -1  -1  -2   1  -1  -3  -2   0  -1  -3  -2   0    9   0   0   0   0   0  65   0   0   0   0  10   0   0   0   0   0   0   0  17  0.40 0.04
   49 K     3   0  -1  -2  -1  -1  -1  -1  -2   1  -1   1  -1  -2  -1   1   0  -3  -2   1   45   6   0   0   0   0   0   0   0  15   0  11   0   0   0  17   0   0   0   6  0.16 0.02
   50 M    -1  -3  -3  -3  -2  -2   0  -4  -3   4   1  -2   3  -1  -3  -2  -1  -3  -2   2    0   0   0   0   0   0   9   0   0  63   0   0  17   0   0   0   0   0   0  11  0.29 0.04
   51 Q    -1   0   3   0  -3   5   1  -2   3  -3  -3   1  -1  -3  -2   0  -1  -3  -1  -3    0   0  25   0   0  65   0   0  10   0   0   0   0   0   0   0   0   0   0   0  0.57 0.05
   52 K    -1   0   0   4  -4   1   4  -2  -1  -4  -3   2  -2  -4  -1   0  -1  -4  -3  -3    0   0   0  26   0   0  57   0   0   0   0  17   0   0   0   0   0   0   0   0  0.61 0.04
   53 Y    -1  -1  -1  -2  -2  -1  -1   1   1  -1  -1  -1  -1   2  -1  -1  -1   1   6  -1    3   2   2   2   1   2   2  12   1   2   3   2   1   1   2   3   2   0  56   2  0.35 0.02
   54 V     0   1  -1  -1  -1   0   0  -1  -1   1   0   3   0  -1  -1   0   0  -2  -1   1    3   2   2   2   1   2   2   3   1  12   3  40   1   1   2   3   2   0   1  19  0.09 0.01
   55 I    -1   4  -1  -1  -2   0   0  -1  -1   1  -1   2   0  -1  -1  -1  -1  -2  -1   0    3  39   2   2   1   2   2   3   1  19   3  12   1   1   2   3   2   0   1   2  0.17 0.01
   56 K    -1   2   0  -1  -2   1   1  -1  -1  -2  -2   4  -1  -2   0   0   0  -2  -1  -2    3   2   2   2   1   2   2   3   1   2   3  66   1   1   2   3   2   0   1   2  0.28 0.02
   57 T     0  -1   0  -1  -1   1   0  -1  -1   0  -1   0   0  -1  -1   1   3  -1  -1   0    3   2   2   2   1  12   2   3   1   9   3   2   1   1   2   3  48   0   1   2  0.17 0.01
   58 G     0  -1   0   0  -2   0   1   4  -1  -2  -2  -1  -2  -2  -1   0  -1  -1  -2  -2    3   2   2   2   1   2  13  55   1   2   3   2   1   1   2   3   2   0   1   2  0.39 0.01
   59 K    -1   2   0   0  -2   1   1  -1  -1  -2  -2   4  -1  -2   0   0   0  -2  -1  -1    3   2   2   2   1   2   2   3   1   2   3  65   1   1   2   3   2   0   1   2  0.28 0.02
   60 S     1  -1   0   0  -1   0   0   0  -1  -2  -2   0  -1  -2   0   3   1  -2  -1  -1    3   2   2   2   1   2   2   3   1   2   3   2   1   1   2  65   2   1   1   2  0.24 0.02
   61 V    -1  -2  -2  -2  -1  -2  -2  -2  -2   3   1  -2   0  -1   3  -1   0  -2  -1   2    2   1   1   1   0   1   1   2   0  36   2   1   0   1  18   2   1   0   1  29  0.24 0.01
   62 F    -1  -2  -2  -2  -2  -2  -2  -3  -1   2   2  -2   1   3   2  -1  -1  -1   2   1    1   1   1   1   0   1   1   1   0  21  25   1   0  20  10   7   1   0   8   1  0.17 0.01
   63 L    -1  -3  -3  -3  -2  -2  -3   1  -3   2   3  -3   1   0  -3  -2  -1  -2  -2   2    0   0   0   0   0   0   0  16   0  13  57   0   0   0   0   0   0   0   0  14  0.26 0.02
   64 E    -1  -1   0   3  -4   1   4   0  -1  -3  -3   1  -3  -4   3   0  -1  -4  -3  -3    0   0   0  19   0   0  49   8   0   0   0   8   0   0  16   0   0   0   0   0  0.55 0.02
   65 S    -1  -2  -1  -2  -2  -1  -1  -2  -2  -2  -1  -1  -1  -3   7   1   1  -3  -3  -2    0   0   0   0   0   0   0   0   0   0  11   0   0   0  60  16  12   0   0   0  1.03 0.03
   66 E     2  -1  -1  -1  -1   0   2  -1  -2   0  -1  -1  -1  -2  -1   0   2  -3  -2   1   31   0   0   0   0   0  24   0   0   0   0   0   0   0   0   0  24   0   0  22  0.18 0.02
   67 K    -1   2   0  -1  -4   1   2  -2  -1  -3  -3   5  -2  -4  -1   0  -1  -3  -2  -3    0   0   0   0   0   0  11   0   0   0   0  89   0   0   0   0   0   0   0   0  0.57 0.04
   68 E    -1   0   2   1  -3   1   4  -2   0  -1  -2   2  -2  -3  -2   0  -1  -3  -2  -1    0   0  19   0   0   0  49   0   0  12   0  19   0   0   0   0   0   0   0   0  0.35 0.02
   69 F    -2  -3  -3  -3  -3  -3  -3  -3  -1  -1   0  -3   0   7  -4   0  -2   1   3  -1    0   0   0   0   0   0   0   0   0   0   0   0   0  89   0  11   0   0   0   0  0.69 0.05
   70 V    -1  -3  -4  -4  -1  -3  -3  -4  -4   5   1  -3   1   0  -3  -3  -1  -3  -2   3    0   0   0   0   0   0   0   0   0  84   0   0   0   0   0   0   0   0   0  16  0.45 0.04
   71 K    -1   2   0  -1  -4   1   2  -2  -1  -3  -3   5  -2  -4  -1   0  -1  -3  -2  -3    0   0   0   0   0   0  11   0   0   0   0  89   0   0   0   0   0   0   0   0  0.57 0.04
   72 D    -1  -2   1   5  -4   0   2   3  -1  -4  -4  -1  -3  -4  -2   0  -1  -4  -3  -3    0   0   0  55   0   0  19  26   0   0   0   0   0   0   0   0   0   0   0   0  0.62 0.03
   73 T     0  -3  -3  -3  -1  -2  -3  -3  -3   3   1  -2   0  -1  -2  -1   1  -3  -2   4    0   0   0   0   0   0   0   0   0  12   0   0   0   0   0   0  16   0   0  72  0.32 0.03
   74 L    -2  -3  -4  -4  -2  -2  -3  -4  -3   2   4  -3   2   0  -3  -3  -1  -2  -1   1    0   0   0   0   0   0   0   0   0   0 100   0   0   0   0   0   0   0   0   0  0.53 0.04
   75 K    -1   2   0  -1  -4   1   1  -2  -1  -3  -3   5  -2  -4  -1   0  -1  -3  -2  -3    0   0   0   0   0   0   0   0   0   0   0 100   0   0   0   0   0   0   0   0  0.63 0.05
   76 R    -2   2   1   6  -4   0   1  -2  -1  -4  -4   0  -3  -4  -2  -1  -1  -4  -3  -3    0  16   0  84   0   0   0   0   0   0   0   0   0   0   0   0   0   0   0   0  0.83 0.04
   77 K    -1   3   0  -1  -4   1   2   0  -1  -3  -3   4  -2  -3  -2   0  -1  -3  -2  -3    0  17   0   0   0   0  11   9   0   0   0  63   0   0   0   0   0   0   0   0  0.45 0.03
   78 N    -2  -1   3  -1  -3  -1  -1  -2   4  -2  -2  -1  -2   2  -3  -1  -1   1   6  -2    0   0  23   0   0   0   0   0  19   0   0   0   0   0   0   0   0   0  57   0  0.59 0.04
   79 L    -1  -3  -4  -4  -1  -3  -3  -4  -3   3   3  -3   2   0  -3  -3  -1  -2  -1   2    0   0   0   0   0   0   0   0   0  43  49   0   0   0   0   0   0   0   0   8  0.39 0.02
   80 T    -1  -3  -3  -3  -1  -3  -3  -4  -4   5   1  -3   1   0  -3  -2   0  -3  -2   2    0   0   0   0   0   0   0   0   0  92   0   0   0   0   0   0   8   0   0   0  0.42 0.04
   81 K    -1   1   0   2  -4   1   4  -2  -1  -3  -3   4  -2  -4  -1   0  -1  -3  -2  -3    0   0   0   8   0   0  45   0   0   0   0  48   0   0   0   0   0   0   0   0  0.52 0.03
   82 K    -1   2   0   0  -4   1   3  -2  -1  -3  -3   5  -2  -4  -1   0  -1  -3  -2  -3    0   0   0   0   0   0  24   0   0   0   0  76   0   0   0   0   0   0   0   0  0.54 0.04
   83 F    -2  -2  -2  -3  -3  -2  -2  -3   4  -2  -1  -2  -1   4  -3  -2  -2   2   7  -2    0   0   0   0   0   0   0   0  15   0   0   0   0  16   0   0   0   0  69   0  0.77 0.04
   84 K    -1   4   0  -1  -4   1   2  -2  -1  -3  -3   4  -2  -3  -2   0  -1  -3  -2  -3    0  26   0   0   0   0  12   0   0   0   0  62   0   0   0   0   0   0   0   0  0.53 0.03
   85 S     0  -1   4   2  -2   0   0  -1   0  -3  -3   0  -2  -3  -2   3   1  -4  -2  -3    0   0  39   8   0   0   0   0   0   0   0   0   0   0   0  53   0   0   0   0  0.46 0.03
   86 F     1  -2  -2  -2  -2  -2  -2  -2  -2   1   1  -2   0   4  -2   1   0  -1   1   0   12   0   0   0   0   0   0   0   0  15  11   0   0  35   0  26   0   0   0   0  0.17 0.02
   87 K    -1   3   0  -1  -3   1   1  -2  -1  -3  -3   5  -2  -3  -1   0  -1  -3  -2  -3    0  18   0   0   0   0   0   0   0   0   0  82   0   0   0   0   0   0   0   0  0.53 0.01
   88 V    -1  -3  -3  -4  -2  -3  -3  -4  -3   3   1  -3   1   4  -3  -2  -1  -1   1   3    0   0   0   0   0   0   0   0   0  40   0   0   0  33   0   0   0   0   0  27  0.32 0.01
   89 D    -2  -1   4   5  -4   0   1  -1  -1  -3  -4  -1  -3  -4  -2   0  -1  -4  -3  -3    0   0  32  68   0   0   0   0   0   0   0   0   0   0   0   0   0   0   0   0  0.74 0.01
   90 F    -2  -3  -3  -4   6  -3  -3  -3   0  -1  -1  -3  -1   4  -3  -2  -2   1   5  -1    0   0   0   0  31   0   0   0   0   0   0   0   0  37   0   0   0   0  32   0  0.57 0.01
   91 S     1   3   0  -1  -1   0   0  -1  -1  -3  -3   1  -2  -3  -1   4   1  -3  -2  -2    0  24   0   0   0   0   0   0   0   0   0   0   0   0   0  76   0   0   0   0  0.38 0.01
   92 Y    -2  -2  -2  -3  -3  -2  -2  -3   2  -2  -1  -2  -1   3  -3  -2  -2   2   7  -1    0   0   0   0   0   0   0   0   0   0   0   0   0   0   0   0   0   0 100   0  0.91 0.02
   93 K    -1   2   0  -1  -3   1   1  -2  -1  -3  -3   5  -2  -3  -1   0  -1  -3  -2  -3    0   0   0   0   0   0   0   0   0   0   0 100   0   0   0   0   0   0   0   0  0.54 0.01
   94 E    -1   0   0   2  -4   2   5  -2   0  -3  -3   2  -2  -4  -1   0  -1  -3  -2  -3    0   0   0   9   0   0  68   0   0   0   0  23   0   0   0   0   0   0   0   0  0.57 0.01
   95 G     0   0  -1  -2  -3  -2  -2   6  -2  -4  -4  -1  -3  -3  -2   0  -2  -3  -3  -3    0   9   0   0   0   0   0  91   0   0   0   0   0   0   0   0   0   0   0   0  0.91 0.01
   96 M    -1  -2  -3  -3  -1  -1  -3  -3  -2   3   2  -2   5   0  -3  -2  -1  -2  -1   2    0   0   0   0   0   0   0   0   0  46   0   0  54   0   0   0   0   0   0   0  0.31 0.01
   97 L    -1  -2  -4  -4  -1  -2  -3  -4  -3   2   4  -3   2   0  -3  -3  -1  -2  -1   1    0   0   0   0   0   0   0   0   0   0  90   0   0   0   0   0   0   0   0  10  0.43 0.01
   98 E    -1   0   0   1  -4   2   5  -2   0  -3  -3   2  -2  -4  -1   0  -1  -3  -2  -3    0   0   0   0   0   0  83   0   0   0   0  17   0   0   0   0   0   0   0   0  0.64 0.01
   99 K    -1   2   0   2  -3   1   2  -2  -1  -3  -3   4  -2  -3  -1   0  -1  -3  -2  -3    0   0   0  16   0   0  10   0   0   0   0  74   0   0   0   0   0   0   0   0  0.45 0.01
  100 C    -1  -4  -3  -4  10  -3  -4  -3  -3  -1  -1  -3  -2  -3  -3  -1  -1  -3  -3  -1    0   0   0   0 100   0   0   0   0   0   0   0   0   0   0   0   0   0   0   0  1.28 0.02
  101 L    -2  -3  -4  -4  -2  -2  -3  -4  -3   1   5  -3   3   0  -3  -3  -2  -2  -1   1    0   0   0   0   0   0   0   0   0   0  91   0   9   0   0   0   0   0   0   0  0.58 0.06
  102 E    -1   0  -1   1  -3   1   4   0  -1  -1  -2   2  -2  -3  -2  -1  -1  -3  -2   0    0   0   0   6   0   0  48   7   0   0   0  21   0   0   0   0   0   0   0  18  0.32 0.04
  103 R    -1   3  -1  -1  -4   1   0  -2  -1  -3  -3   5  -2  -4  -2  -1  -1  -4  -2  -3    0  15   0   0   0   0   0   0   0   0   0  85   0   0   0   0   0   0   0   0  0.71 0.08
  104 L    -2  -3  -4  -4  -2  -2  -3  -4  -3   1   4  -3   3   0  -4  -3  -2   7   0   0    0   0   0   0   0   0   0   0   0   0  63   0  15   0   0   0   0  22   0   0  0.67 0.06
  105 G    -1   0  -1  -1  -3   0   2   5  -2  -4  -4  -1  -3  -4  -2  -1  -2  -3  -3  -3    0   7   0   0   0   0  27  65   0   0   0   0   0   0   0   0   0   0   0   0  0.71 0.06
  106 E    -1   3  -1   0  -4   1   5  -3  -1  -4  -3   2  -2  -4  -2  -1  -1  -3  -2  -3    0  22   0   0   0   0  60   0   0   0   0  18   0   0   0   0   0   0   0   0  0.63 0.06
  107 D    -1  -1   3   4  -3   0   1  -2  -1  -3  -3   1  -2  -4  -2   0   2  -4  -3  -3    0   0  22  36   0   0   9   0   0   0   0  15   0   0   0   0  18   0   0   0  0.45 0.04
  108 K    -1   1   1  -1  -3   0   0  -2  -1   1  -1   4  -1  -1  -2  -1  -1  -2   2  -1    0   0   9   0   0   0   0   0   0  22   0  54   0   0   0   0   0   0  15   0  0.25 0.05
  109 S     0  -2   0  -1  -2  -1  -1  -1  -2  -3  -3  -1  -2  -3   4   4   1  -4  -3  -2    0   0   0   0   0   0   0   0   0   0   0   0   0   0  22  78   0   0   0   0  0.67 0.08
  110 I    -1  -2   2   1  -2  -2  -2  -2  -2   3   0  -2   0   1  -2  -1   2  -3  -1   1    5   0  18   8   0   0   0   0   0  36   0   0   0   9   0   0  18   0   0   6  0.13 0.03
  111 E    -1   2   2   1  -3   0   1   3  -1  -3  -2   0   0  -3  -2   0   1  -3  -3  -2    0  15  14   7   0   0  10  31   0   0   0   0   7   0   0   0  16   0   0   0  0.27 0.03
  112 F    -3  -3  -4  -4  -3  -4  -4  -4  -2   0   0  -4   0   7  -4  -3  -2   0   2   0    0   0   0   0   0   0   0   0   0   0   0   0   0  89   0   0   0   0   0  11  0.93 0.09
  113 L    -2  -3  -4  -4  -2  -3  -4  -4  -3   1   5  -3   2   0  -4  -3  -2  -2  -2   0    0   0   0   0   0   0   0   0   0   0 100   0   0   0   0   0   0   0   0   0  0.68 0.07
  114 I    -1  -2  -2  -3  -1  -2  -2  -3  -3   2   2  -2   1   1  -3   1   0  -2  -1   2    0   0   0   0   0   0   0   0   0  20  23   0   0   9   0  19   0   0   0  29  0.20 0.03
  115 F    -2  -3  -4  -4  -3  -3  -4  -4  -2   2   1  -3   0   6  -4  -3  -2   0   3   0    0   0   0   0   0   0   0   0   0  19  10   0   0  63   0   0   0   0   8   0  0.65 0.06
  116 V    -1  -3  -4  -4  -1  -3  -3  -4  -4   2   0  -3   0  -1  -3  -2  -1  -4  -2   5    0   0   0   0   0   0   0   0   0   0   0   0   0   0   0   0   0   0   0 100  0.63 0.09
  117 C    -1  -1   2  -1   2  -1  -1  -2   5  -3  -3  -1  -2   0  -2   2  -1  -1   4  -2    0   0  14   0   7   0   0   0  23   0   0   0   0   0   0  28   0   0  28   0  0.40 0.05
  118 Q    -1   1   2   2  -3   2   0   1   0  -3  -3   1  -2  -2  -2   1   1  -2   1  -2    0   7  16  17   0  14   0  11   0   0   0   8   0   0   0   8  10   0   9   0  0.24 0.02
  119 I    -2  -4  -4  -4  -2  -4  -4  -5  -4   6   1  -3   1  -1  -4  -3  -1  -3  -2   2    0   0   0   0   0   0   0   0   0 100   0   0   0   0   0   0   0   0   0   0  0.71 0.09
  120 L    -2  -3  -3  -4  -2  -2  -3  -4  -3   2   3  -3   3   3  -3  -3  -1  -2   0   1    0   0   0   0   0   0   0   0   0  18  39   0  19  17   0   0   0   0   0   6  0.37 0.04
  121 N    -2  -2   2   4   3   1   0  -2   0  -3  -3  -1  -2   0  -3  -1  -1  -1   4  -3    0   0  14  37  11   7   0   0   0   0   0   0   0   0   0   0   0   0  31   0  0.46 0.06
  122 G    -1   1   2   0  -4   1   1   1  -1  -4  -3   4  -2  -4  -2   0  -1  -4  -3  -3    0   0  15   0   0   0  10  14   0   0   0  61   0   0   0   0   0   0   0   0  0.46 0.06
  123 I    -2  -3  -4  -4  -2  -3  -4  -4  -4   5   2  -3   3   0  -3  -3  -1  -3  -2   2    0   0   0   0   0   0   0   0   0  79  11   0  10   0   0   0   0   0   0   0  0.49 0.06
  124 R    -1   2   3  -1  -3   0  -1   2  -1   0  -2   2  -1  -3  -2   0  -1  -3  -2  -1    0  15  30   0   0   0   0  18   0  16   0  21   0   0   0   0   0   0   0   0  0.24 0.03
  125 E    -1   3   1   0  -4   4   2  -2   0  -3  -3   3  -1  -4  -2   0  -1  -3  -2  -3    0  16   9   0   0  41  15   0   0   0   0  19   0   0   0   0   0   0   0   0  0.51 0.04
  126 K    -1   2   0   0  -3   1   3  -2  -1  -3  -3   4  -2  -3  -1   0  -1  -3  -2  -2    1   8   0   1   0   0  22   1   0   1   1  62   0   0   1   1   1   0   0   1  0.47 0.04
  127 V    -1  -3  -2   2  -2  -2  -1  -3  -2   3   1  -2   0   0  -3  -1   0  -2   1   2    0   0   0  18   0   0   0   0   0  30  11   0   0   0   0   0   7   0  10  23  0.17 0.03
  128 S     0  -1  -1  -1  -2  -1  -1  -2  -2  -2   0   1  -1  -2   5   3   0  -3  -2  -2    0   0   0   0   0   0   0   0   0   0  17  11   0   0  28  43   0   0   0   0  0.45 0.04
  129 E    -1   2   1   0  -4   1   3  -2  -1  -3  -3   4  -2  -4  -2   0  -1  -3  -2  -3    0  11  10   0   0   0  31   0   0   0   0  47   0   0   0   0   0   0   0   0  0.49 0.04
  130 L    -1   3  -1  -2  -2   2   0  -2  -1   0   0   1   0  -2   2  -1  -1  -2  -2  -1    1  35   1   1   0  20   1   1   0  11  16   1   0   0  11   1   1   0   0   1  0.25 0.03
  131 D    -1   0   2   3  -3   1   3  -1   0  -3  -3   1  -2  -3  -1   1   0  -3  -2  -2    1   1  16  25   0   0  29   1   0   1   1  10   0   0   1  11   1   0   0   1  0.39 0.02
  132 F     0   0   0   0  -1   0   0   1   0  -1   0   0   0   2   0   0   0   0   0  -1    6   4   3   4   1   3   5  17   2   4   7   4   2  18   4   5   4   1   2   5  0.04 0.00
  133 Q    -1   0   0  -1  -3   6   1  -2   0  -3  -3   1  -1  -4  -2   2   0  -3  -2  -3    0   0   0   0   0  72   0   0   0   0   0   0   0   0   0  28   0   0   0   0  0.65 0.07
  134 I     0  -3  -3  -3  -2  -2  -2  -3  -3   3   1  -2   0  -1   4  -1   1  -3  -2   1   10   0   0   0   0   0   0   0   0  43  10   0   0   0  26   0  11   0   0   0  0.38 0.04
  135 D     0  -2   1   1  -2  -1  -1  -2   2   0   1  -2   0   2  -3  -1  -1  -1   3   0    9   0   9  15   0   0   0   0   7   0  20   0   0  10   0   0   0   0  18  11  0.12 0.02
  136 A     3  -2  -3  -3  -1  -2  -2  -2  -3   1   1  -2   0  -2  -2   0   0  -3  -2   3   44   0   0   0   0   0   0   0   0   0  10   0   0   0   0   0   0   0   0  46  0.26 0.04
  137 I    -1  -3  -4  -4  -1  -3  -3  -4  -3   4   2  -3   2   0  -3  -2  -1  -3  -2   3    0   0   0   0   0   0   0   0   0  50  11   0  10   0   0   0   0   0   0  29  0.40 0.04
  138 K    -2  -1   3   2  -3   0   2  -2  -1   0   0   0  -1  -2  -2  -1  -1  -3  -2  -1    0   0  31  10   0   0  23   0   0  10  18   8   0   0   0   0   0   0   0   0  0.22 0.03
  139 E    -1   0   0   3  -3   1   4  -2  -1  -3  -3   1  -2  -4   2   2   0  -4  -3  -3    0   0   0  18   0   0  40   0   0   0   0  10   0   0  10  21   0   0   0   0  0.47 0.04
  140 F    -3  -4  -4  -4  -3  -4  -4  -4  -2  -1   0  -4   0   7  -4  -3  -3   1   3  -1    0   0   0   0   0   0   0   0   0   0   0   0   0 100   0   0   0   0   0   0  1.09 0.09
  141 R     0   3  -2  -2  -2  -1  -1  -3  -2   1   0   2   0  -2  -2  -1  -1  -3  -2   2   10  22   0   0   0   0   0   0   0  10   0  19   0   0   0   0   0   0   0  40  0.18 0.03
  142 D    -2  -2   0   5  -3   0   2  -2  -1  -2  -3  -1  -2  -2  -2  -1  -1  -3   1  -1    0   0   0  61   0   0  18   0   0   0   0   0   0   0   0   0   0   0  10  11  0.57 0.05
  143 I    -1  -3  -3  -3  -2  -2  -3  -4  -3   4   1  -3   3   2  -3  -2   1  -2  -1   2    0   0   0   0   0   0   0   0   0  53   0   0  16  10   0   0  10   0   0  11  0.31 0.04
  144 L    -2  -3  -4  -4  -2  -3  -3  -4  -3   1   5  -3   2   0  -3  -3  -2  -2  -1   1    0   0   0   0   0   0   0   0   0   0 100   0   0   0   0   0   0   0   0   0  0.63 0.06
  145 F    -3  -4  -4  -4  -3  -4  -4  -4  -2  -1   0  -4   0   7  -4  -3  -3   1   3  -1    0   0   0   0   0   0   0   0   0   0   0   0   0 100   0   0   0   0   0   0  1.09 0.09
  146 L    -1  -2  -2  -3  -2  -2  -3  -3  -3   3   2  -2   4   0  -3  -1   2  -2  -2   1    0   0   0   0   0   0   0   0   0  28  25   0  26   0   0   0  21   0   0   0  0.28 0.04
  147 S     0  -2   1  -1  -1  -1  -1  -1  -2   1  -1  -1  -1  -2  -2   4   1  -3  -2   1    0   0  10   0   0   0   0   0   0  18   0   0   0   0   0  62   0   0   0  10  0.26 0.05
  148 I    -1  -3  -3  -4  -2  -2  -3  -4  -3   4   1  -3   5   0  -3  -2  -1  -3  -2   2    0   0   0   0   0   0   0   0   0  53   0   0  38   0   0   0   0   0   0   8  0.45 0.06
  149 H    -2  -1   0  -2  -4   0  -1  -3   9  -4  -4  -1  -2  -2  -3  -2  -2  -3   1  -4    0   0   0   0   0   0   0   0 100   0   0   0   0   0   0   0   0   0   0   0  1.38 0.11
  150 Y    -2  -2   1  -2  -3  -2  -2  -3   1  -2  -2  -2  -2   2  -3   0  -1   1   7  -2    0   0  10   0   0   0   0   0   0   0   0   0   0   0   0  11   0   0  79   0  0.82 0.08
  151 Y    -2  -2  -3  -4  -3  -2  -3  -4   1  -2  -2  -3  -2   3  -4  -2  -2   2   8  -2    0   0   0   0   0   0   0   0   0   0   0   0   0   0   0   0   0   0 100   0  1.27 0.10
  152 D    -2  -2   1   6  -4  -1   1  -2  -1  -4  -4  -1  -3  -2  -2  -1  -2  -3   1  -4    0   0   0  90   0   0   0   0   0   0   0   0   0   0   0   0   0   0  10   0  0.98 0.07
  153 K    -1   2   2  -1  -4   1   0  -2  -1  -3  -3   5  -2  -4  -2  -1  -1  -4  -2  -3    0   0  10   0   0   0   0   0   0   0   0  90   0   0   0   0   0   0   0   0  0.65 0.07
  154 R     0   2  -1  -2  -3  -1  -1   5  -2  -4  -4   2  -3  -4  -2  -1  -2  -3  -3  -3    0  15   0   0   0   0   0  65   0   0   0  20   0   0   0   0   0   0   0   0  0.68 0.05
  155 L    -1  -3  -3  -3  -2  -3  -3   0  -4   4   2  -3   1  -1  -3  -2  -1  -3  -2   2    0   0   0   0   0   0   0  10   0  64  15   0   0   0   0   0   0   0   0  11  0.34 0.04
  156 F    -2  -3  -3  -4   5  -3  -4  -4  -1  -1   0  -3  -1   6  -4  -2  -2   1   4  -1    0   0   0   0  18   0   0   0   0   0   0   0   0  60   0   0   0   0  21   0  0.75 0.06
  157 T    -1  -2  -1  -2  -1  -1  -1  -2  -2  -1  -2  -1  -1  -3  -2   1   6  -3  -2  -1    0   0   0   0   0   0   0   0   0   0   0   0   0   0   0   0 100   0   0   0  0.73 0.08
  158 S     0   2   0  -1  -2   0  -1  -1  -1  -3  -3   0  -2  -3  -1   4   1  -3  -2  -2    0  18   0   0   0   0   0   0   0   0   0   0   0   0   0  82   0   0   0   0  0.51 0.07
  159 K    -2   1   5   0  -3   0   0  -1   0  -4  -4   4  -2  -4  -2   0  -1  -4  -2  -3    0   0  57   0   0   0   0   0   0   0   0  43   0   0   0   0   0   0   0   0  0.61 0.06
  160 N    -2  -1   6   0  -3   0  -1  -1   0  -3  -3   1  -2  -1  -3   0  -1  -2   3  -3    0   0  70   0   0   0   0   0   0   0   0  11   0   0   0   0   0   0  18   0  0.61 0.06
  161 L    -2  -3  -4  -4  -2  -3  -3  -4  -3   1   4  -3   2   3  -4  -3  -2  -1   0   0    0   0   0   0   0   0   0   0   0   0  83   0   0  17   0   0   0   0   0   0  0.52 0.05
  162 M    -1  -3  -3  -4  -2  -2  -3  -4  -3   4   2  -3   4   0  -3  -2  -1  -3  -2   3    0   0   0   0   0   0   0   0   0  46   9   0  23   0   0   0   0   0   0  21  0.39 0.04
  163 N    -1   0   5   3  -3   0   0  -1   0  -3  -4   3  -2  -4  -2   1   0  -4  -3  -3    0   0  44  18   0   0   0   0   0   0   0  28   0   0   0  10   0   0   0   0  0.49 0.04
  164 E     0   1  -1   0  -2   1   3  -2  -1  -2  -2   1  -2  -3  -1   0   3  -3  -2  -1   10  10   0   0   0   0  30   0   0   0   0  10   0   0   0   0  40   0   0   0  0.32 0.04
  165 M    -1  -3  -3  -4  -2  -2  -3  -4  -3   4   2  -2   5   0  -3  -2  -1  -2  -2   2    0   0   0   0   0   0   0   0   0  41  10   0  40   0   0   0   0   0   0  10  0.41 0.05
  166 K    -1   2  -1  -1  -4   1   0  -2  -1  -3  -3   6  -2  -4  -2  -1  -1  -4  -2  -3    0   0   0   0   0   0   0   0   0   0   0 100   0   0   0   0   0   0   0   0  0.76 0.08
  167 Y    -1  -1   2   4  -3  -1   0   2  -1  -3  -3   0  -3  -1  -2   1  -1  -2   2  -3    0   0   8  36   0   0   0  21   0   0   0  10   0   0   0  10   0   0  15   0  0.35 0.03
  168 F    -3  -4  -4  -4  -3  -4  -4  -4  -2  -1   0  -4   0   7  -4  -3  -3   1   3  -1    0   0   0   0   0   0   0   0   0   0   0   0   0 100   0   0   0   0   0   0  1.09 0.09
  169 S     0  -2  -1  -2  -2  -1  -1  -2   0  -2   0  -1  -1   2  -2   3   0   0   4  -1    0   0   0   0   0   0   0   0   0   0  10   0   0   7   0  53   0   0  30   0  0.32 0.05
  170 E    -1   2  -1   0  -4   1   3  -2  -1  -3  -3   5  -2  -4  -1  -1  -1  -4  -2  -3    0   0   0   0   0   0  24   0   0   0   0  76   0   0   0   0   0   0   0   0  0.62 0.06
  171 K    -2  -1  -2  -3  -2  -1  -2  -3   2   1   3   1   1   2  -3  -2  -1  -2   0   0    0   0   0   0   0   0   0   0  10  10  56  15   0   9   0   0   0   0   0   0  0.23 0.03
  172 V    -1  -3  -3  -4  -1  -3  -3  -4  -3   4   1  -3   2  -1  -3  -2  -1  -3  -2   4    0   0   0   0   0   0   0   0   0  47   0   0  10   0   0   0   0   0   0  43  0.42 0.05
  173 E    -1   2   2   3  -4   1   4  -2   0  -3  -3   2  -2  -4  -2   0  -1  -3  -2  -3    0  12  10  14   0   0  48   0   0   0   0  16   0   0   0   0   0   0   0   0  0.49 0.02
  174 L     0  -2  -2  -2  -2  -1  -2  -2  -2   0   2  -1   0  -1   5   1   0  -3  -2  -1    0   0   0   0   0   0   0   0   0   0  42   0   0   0  31  27   0   0   0   0  0.42 0.01
  175 I    -1   3  -1  -2  -2  -1  -1  -2  -1   1   0   0   0   2  -2   1   0  -2   0   0    0  27   0   0   0   0   0   0   0  21   0   0   0  21   0  31   0   0   0   0  0.12 0.01
  176 Y    -2  -3  -3  -4  -3  -3  -3  -3   0  -1   0  -3   0   6  -4  -2  -2   2   6  -1    0   0   0   0   0   0   0   0   0   0   0   0   0  58   0   0   0   0  42   0  0.72 0.01
  177 S     0  -2  -1  -2  -1  -1  -2  -2  -2   2   2  -1   1  -1  -2   2   0  -3  -2   1    0   0   0   0   0   0   0   0   0  31  27   0   0   0   0  42   0   0   0   0  0.15 0.01
  178 Y    -1   1   2  -1  -3   1   0  -2   0  -3  -2   4  -2  -1  -2   0  -1  -1   3  -2    0   0  21   0   0   0   0   0   0   0   0  58   0   0   0   0   0   0  21   0  0.32 0.01
  179 M    -1  -2  -3  -3  -2  -1  -3  -3  -2   3   2  -2   6   0  -3  -2  -1  -2  -1   1    0   0   0   0   0   0   0   0   0  27   0   0  73   0   0   0   0   0   0   0  0.34 0.02
  180 Q    -1   1   0   0  -3   6   2  -2   0  -3  -2   1  -1  -4  -2   0  -1  -2  -2  -3    0   0   0   0   0 100   0   0   0   0   0   0   0   0   0   0   0   0   0   0  0.71 0.02

                      K         Lambda
Standard Ungapped    0.1367     0.3201
Standard Gapped      0.0413     0.2670
PSI Ungapped         0.1350     0.3176
PSI Gapped           0.0413     0.2670
