
Last position-specific scoring matrix computed, weighted observed percentages rounded down, information per position, and relative weight of gapless real matches to pseudocounts
            A   R   N   D   C   Q   E   G   H   I   L   K   M   F   P   S   T   W   Y   V   A   R   N   D   C   Q   E   G   H   I   L   K   M   F   P   S   T   W   Y   V
    1 M    -1  -2  -3  -3  -2  -1  -2  -3  -2   1   2  -2   7   0  -3  -2  -1  -2  -1   1    0   0   0   0   0   0   0   0   0   0   0   0 100   0   0   0   0   0   0   0  0.52 0.04
    2 S     1  -1   0   0  -1   0   0   0  -1  -3  -3   0  -2  -3  -1   5   1  -3  -2  -2    0   0   0   0   0   0   0   0   0   0   0   0   0   0   0 100   0   0   0   0  0.53 0.03
    3 I    -2  -3  -4  -3  -1  -3  -4  -4  -4   5   1  -3   1   0  -3  -3  -1  -3  -2   3    0   0   0   0   0   0   0   0   0 100   0   0   0   0   0   0   0   0   0   0  0.47 0.03
    4 V    -1  -3  -3  -4  -1  -3  -3  -4  -3   4   2  -3   1   0  -3  -2  -1  -3  -1   3    0   0   0   0   0   0   0   0   0  50  17   0   0   0   0   0   0   0   0  33  0.38 0.02
    5 F    -3  -3  -3  -4  -3  -4  -4  -4  -2   0   0  -4   0   7  -4  -3  -3   1   3  -1    0   0   0   0   0   0   0   0   0   0   0   0   0 100   0   0   0   0   0   0  0.94 0.05
    6 D    -2  -2   3   6  -4   0   1  -1  -1  -4  -4  -1  -3  -4  -2   0  -1  -5  -3  -4    0   0  20  80   0   0   0   0   0   0   0   0   0   0   0   0   0   0   0   0  0.88 0.04
    7 S     0   0   0  -1  -2   2   0  -1  -1  -3  -3   1  -2  -3   3   3   0  -3  -2  -2    0   0   0   0   0  20   0   0   0   0   0  13   0   0  17  50   0   0   0   0  0.43 0.03
    8 D    -2  -1   4   5  -4   0   3  -1   0  -4  -4   0  -3  -4  -2   0  -1  -4  -3  -3    0   0  30  50   0   0  20   0   0   0   0   0   0   0   0   0   0   0   0   0  0.67 0.03
    9 F    -1  -2  -2  -3  -2  -2  -2  -3  -2   0   1  -2   0   5  -3   1  -1   0   2   0    0   0   0   0   0   0   0   0   0   0  13   0   0  58   0  20   0   0   0   9  0.36 0.03
   10 G     0  -3  -1  -2  -3  -2  -2   6  -2  -4  -4  -2  -3  -4  -3  -1  -2  -3  -3  -4    0   0   0   0   0   0   0 100   0   0   0   0   0   0   0   0   0   0   0   0  1.16 0.04
   11 I    -1  -3  -4  -4  -1  -3  -4  -4  -4   5   1  -3   1   0  -3  -3  -1  -3  -2   3    0   0   0   0   0   0   0   0   0  91   0   0   0   0   0   0   0   0   0   9  0.49 0.04
   12 L    -2  -3  -4  -4  -2  -3  -3  -4  -3   2   4  -3   2   0  -3  -3  -1  -2  -1   1    0   0   0   0   0   0   0   0   0  20  80   0   0   0   0   0   0   0   0   0  0.47 0.03
   13 K    -1   1  -1  -1  -3   1   2  -2  -1  -1   0   4  -1  -2  -2  -1  -1  -3  -2  -2    0   0   0   0   0   0  13   0   0   0  20  67   0   0   0   0   0   0   0   0  0.33 0.03
   14 R    -1   4   0  -1  -3   3   1  -2   0  -3  -3   4  -1  -3  -2  -1  -1  -3  -2  -3    0  33   0   0   0  25   0   0   0   0   0  42   0   0   0   0   0   0   0   0  0.54 0.03
   15 T    -1   1   4   0  -2   0   2  -1   0  -2  -3   0  -2  -3  -2   1   3  -3  -2  -2    0  11  34   0   0   0  20   0   0   0   0   0   0   0   0   0  34   0   0   0  0.36 0.03
   16 I    -1  -3  -3  -3  -1  -3  -3  -4  -3   4   1  -2   1  -1  -3  -1   2  -3  -2   2    0   0   0   0   0   0   0   0   0  80   0   0   0   0   0   0  20   0   0   0  0.36 0.04
   17 K    -1   1   0   0  -3   1   4  -2  -1  -3  -3   4  -2  -3  -1   0  -1  -3  -2  -3    0   0   0   0   0   0  42   0   0   0   0  50   0   0   0   8   0   0   0   0  0.50 0.03
   18 D    -1   0   2   3  -3   3   3  -2   0  -3  -3   0  -2  -3  -1   1  -1  -3  -2  -3    0   0  11  22   0  25  33   0   0   0   0   0   0   0   0   9   0   0   0   0  0.49 0.02
   19 I    -2  -3  -4  -4  -2  -3  -3  -4  -3   5   1  -3   2   0  -3  -3  -1  -3  -2   2    0   0   0   0   0   0   0   0   0  89   0   0  11   0   0   0   0   0   0   0  0.46 0.04
   20 V     0  -2  -3  -3  -1   1  -2  -3  -2   2   2  -2   1  -1  -2  -1  -1  -3  -1   3   11   0   0   0   0  13   0   0   0   9  20   0   0   0   0   0   0   0   0  47  0.19 0.02
   21 R    -2   3   5   1  -3   1   2  -1   0  -3  -3   2  -2  -3  -2   0  -1  -4  -2  -3    0  22  51   0   0   0  16   0   0   0   0  11   0   0   0   0   0   0   0   0  0.49 0.03
   22 A     1  -1  -1   0  -2   0   3  -1  -1   0  -2   0  -1  -2  -1   2   2  -3  -2  -1   21   0   0   0   0   0  33   0   0   9   0   0   0   0   0  16  21   0   0   0  0.24 0.02
   23 K    -1   2   0  -1  -3   1   1  -2  -1  -3  -3   5  -2  -4  -1   0  -1  -3  -2  -3    0   0   0   0   0   0   0   0   0   0   0 100   0   0   0   0   0   0   0   0  0.65 0.05
   24 R    -1   5  -1  -1  -4   1   0  -2  -1  -3  -3   4  -2  -3  -2  -1  -1  -3  -2  -3    0  59   0   0   0   0   0   0   0   0   0  41   0   0   0   0   0   0   0   0  0.66 0.04
   25 E    -1  -1   0   4  -4   2   4  -2   3  -3  -3   0  -2  -3  -2   0  -1  -3  -2  -3    0   0   0  31   0   9  47   0  13   0   0   0   0   0   0   0   0   0   0   0  0.59 0.03
   26 Y    -2  -2   0  -3  -2  -2  -2  -3   1   1   1  -2   0   2  -3  -2  -2   1   6   0    0   0   8   0   0   0   0   0   0  13  20   0   0   0   0   0   0   0  59   0  0.47 0.03
   27 L    -2  -2  -4  -4  -2  -2  -3  -4  -3   1   4  -3   2   0  -3  -3  -1  -2  -1   1    0   0   0   0   0   0   0   0   0   0 100   0   0   0   0   0   0   0   0   0  0.55 0.04
   28 R    -1   5  -1  -2  -3   1   0  -2   3  -2  -1   3   2  -2  -2  -1  -1  -3  -1  -2    0  52   0   0   0   0   0   0  11   0   0  20  17   0   0   0   0   0   0   0  0.43 0.03
   29 V     0  -1   1   1  -1   2   0  -2  -1   0  -1   0   0  -2  -1   0   1  -2  -1   2    2   1   9  10   0  18   1   2   0   1   2   1   0   1   1   1  14   0   1  34  0.09 0.01
   30 N    -1   0   4   0  -3   0   2  -2   0  -2  -1   1   3  -2  -2   0  -1  -3  -2  -2    0   0  42   0   0   0  20   0   0   0   0  13  25   0   0   0   0   0   0   0  0.30 0.03
   31 Y    -2  -1  -2  -3  -3  -1  -1  -3   3  -2  -2   1  -1   2  -3  -2  -2   1   7  -2    0   0   0   0   0   0   0   0   8   0   0  20   0   0   0   0   0   0  72   0  0.67 0.05
   32 G     1   1   2  -1  -3  -1  -1   4  -1  -3  -3   1  -2  -3  -2   0  -1  -3  -3  -3   11   8  17   0   0   0   0  55   0   0   0   9   0   0   0   0   0   0   0   0  0.52 0.02
   33 I    -1  -3  -4  -4  -1  -3  -3  -4  -4   5   1  -3   1   0  -3  -3  -1  -3  -2   3    0   0   0   0   0   0   0   0   0  83   0   0   0   0   0   0   0   0   0  17  0.46 0.04
   34 N    -1  -1   4   0  -2  -1  -1  -1  -1  -1   0  -1  -1  -2  -2   2   1  -3  -2   0    0   0  45   0   0   0   0   0   0   0   9   0   0   0   0  20   9   0   0  16  0.26 0.02
   35 I    -2  -3  -4  -4  -1  -3  -4  -4  -4   4   2  -3   1   0  -3  -3  -1  -3  -2   2    0   0   0   0   0   0   0   0   0  80  20   0   0   0   0   0   0   0   0   0  0.45 0.03
   36 D    -1   0   3   4  -3   0   1  -1  -1  -3  -3   1  -2  -3  -2   2   0  -4  -2  -3    0   0  26  33   0   0   0   0   0   0   0  13   0   0   0  28   0   0   0   0  0.44 0.02
   37 D    -2   0   2   5  -4   0   1  -2  -1  -3  -4   2  -3  -4  -2   0  -1  -4  -3  -3    0   0  11  69   0   0   0   0   0   0   0  20   0   0   0   0   0   0   0   0  0.70 0.03
   38 N    -2  -1   5   4  -3   0   0  -1   0  -4  -4  -1  -3  -4  -2   1   0  -4  -3  -3    0   0  60  34   0   0   0   0   0   0   0   0   0   0   0   6   0   0   0   0  0.68 0.04
   39 Q    -1   2   2   0  -3   1   0  -2  -1  -3  -2   0  -2  -3   5   0  -1  -3  -2  -2    1  21  22   1   0  11   1   1   0   1   1   1   0   0  35   1   1   0   0   1  0.59 0.02
   40 S     1  -1   0   0  -1   0   0   0  -1  -2  -2   0  -1  -2   0   3   1  -2  -1  -1   12   2   1   2   1   1   2   2   1   2   3   2   1   1   2  60   2   0   1   2  0.25 0.02
   41 S     1  -1   0   0  -1   0   0  -1  -1  -2  -2   0  -1  -2   2   4   1  -2  -2  -2    2   1   1   1   0   1   1   2   0   1   2   1   0   1  12  70   1   0   1   1  0.37 0.02
   42 I    -1  -3  -4  -4  -1  -3  -4  -4  -4   5   1  -3   1   0  -3  -3  -1  -3  -2   3    0   0   0   0   0   0   0   0   0  91   0   0   0   0   0   0   0   0   0   9  0.49 0.04
   43 Y    -2  -2  -3  -4  -3  -2  -3  -4   1  -1  -1  -2  -1   4  -4  -2  -2   2   7  -1    0   0   0   0   0   0   0   0   0   0   0   0   0  20   0   0   0   0  80   0  0.93 0.05
   44 N    -2  -1   5   4  -3   0   0  -1   0  -4  -4  -1  -3  -4  -2   0  -1  -4  -3  -3    0   0  67  33   0   0   0   0   0   0   0   0   0   0   0   0   0   0   0   0  0.74 0.04
   45 I    -2  -3  -4  -4  -2  -3  -4  -4  -4   5   1  -3   1   0  -3  -3  -1  -3  -2   2    0   0   0   0   0   0   0   0   0 100   0   0   0   0   0   0   0   0   0   0  0.52 0.05
   46 I    -2  -3  -4  -4  -2  -3  -4  -4  -4   5   1  -3   1   0  -3  -3  -1  -3  -2   2    0   0   0   0   0   0   0   0   0 100   0   0   0   0   0   0   0   0   0   0  0.52 0.05
   47 A     3  -1   3   0  -1  -1  -1   0  -1  -2  -2  -1  -1  -3  -1   1   1  -3  -2  -1   56   0  33   0   0   0   0   0   0   0   0   0   0   0   0   0  11   0   0   0  0.33 0.03
   48 S     0  -1  -1  -1  -2  -1  -1  -2  -1  -1  -1  -1  -1   2  -2   2   3  -1   3  -1    0   0   0   0   0   0   0   0   0   0   0   0   0  13   0  33  34   0  20   0  0.28 0.03
   49 S     0  -1   0  -1  -2  -1  -1  -1  -2  -3  -3  -1  -2  -3   5   4   1  -3  -2  -2    0   0   0   0   0   0   0   0   0   0   0   0   0   0  33  67   0   0   0   0  0.71 0.04
   50 L     0  -1  -1  -2  -1  -1  -1  -2  -2   0   2  -1   1  -1  -2   2   0  -2  -1   0    0   0   0   0   0   0   0   0   0   0  50   0   0   0   0  50   0   0   0   0  0.18 0.00
   51 A     3  -1   0  -1  -1  -1  -1   0  -1  -2  -2  -1  -1  -3  -1   3   1  -3  -2  -1   53   0   0   0   0   0   0   0   0   0   0   0   0   0   0  47   0   0   0   0  0.39 0.03
   52 L    -1  -2  -2  -1  -2  -1   1  -3  -2   2   2  -1   1   2  -2   0  -1  -2   0   0    0   0   0   0   0   0  17   0   0  22  29   0   0  16   0  16   0   0   0   0  0.12 0.01
   53 I    -1  -1  -3  -3  -2  -2  -2  -4  -3   4   1   1   1  -1  -3  -2  -1  -3  -2   3    0   0   0   0   0   0   0   0   0  70   0  16   0   0   0   0   0   0   0  14  0.28 0.03
   54 E    -1  -1   0   4  -4   1   5  -2  -1  -4  -3   0  -3  -4  -1   0  -1  -4  -3  -3    0   0   0  33   0   0  67   0   0   0   0   0   0   0   0   0   0   0   0   0  0.73 0.03
   55 E    -1   2  -1   0   4   1   4  -2  -1  -3  -3   2  -2  -3  -2  -1  -1  -3  -2  -2    0  17   0   0  16   0  50   0   0   0   0  16   0   0   0   0   0   0   0   0  0.45 0.02
   56 E    -1   0   0   1  -4   5   4  -2   0  -3  -3   1  -1  -4  -1   0  -1  -3  -2  -3    0   0   0   0   0  55  45   0   0   0   0   0   0   0   0   0   0   0   0   0  0.67 0.04
   57 I    -1  -3  -4  -4  -1  -3  -3  -4  -4   4   2  -3   1   0  -3  -3  -1  -3  -2   3    0   0   0   0   0   0   0   0   0  76  16   0   0   0   0   0   0   0   0   8  0.42 0.03
   58 I    -1  -3  -2  -3  -1  -2  -3  -3  -3   4   2  -2   1   0  -3   0   0  -3  -2   2    0   0   0   0   0   0   0   0   0  67  17   0   0   0   0  16   0   0   0   0  0.27 0.03
   59 N    -1  -1   5   3  -3   0   2  -1   0  -1  -2   0  -2  -3  -2   0   0  -4  -2   0    0   0  50  16   0   0  16   0   0   0   0   0   0   0   0   0   0   0   0  17  0.39 0.02
   60 E     1   0  -1   0  -2   1   4  -2  -1  -1  -2   1  -1  -3  -1   0  -1  -3  -2   0   17   0   0   0   0   0  59   0   0   0   0   8   0   0   0   0   0   0   0  16  0.35 0.02
   61 L    -1  -3  -4  -4  -1  -2  -3  -4  -3   2   4  -3   2   0  -3  -3  -1  -2  -1   2    0   0   0   0   0   0   0   0   0   0  76   0   0   0   0   0   0   0   0  24  0.42 0.03
   62 N    -1   0   5   1  -3   0   0  -1   0  -3  -3   1  -2  -3  -2   2   0  -4  -2  -3    0   0  67   0   0   0   0   0   0   0   0  16   0   0   0  17   0   0   0   0  0.55 0.03
   63 L    -1   0  -2  -1  -2   0   3  -3  -1   1   2   1   1  -1  -2  -1  -1  -3  -2   0    0   0   0   0   0   0  33   0   0   8  43  16   0   0   0   0   0   0   0   0  0.19 0.02
   64 F    -2  -3  -4  -4  -2  -3  -3  -4  -2   1   3  -3   1   5  -4  -3  -2   0   1   0    0   0   0   0   0   0   0   0   0   0  57   0   0  43   0   0   0   0   0   0  0.47 0.03
   65 F    -3  -3  -3  -4  -3  -4  -4  -4  -2   0   0  -4   0   7  -4  -3  -2   1   3  -1    0   0   0   0   0   0   0   0   0   0   0   0   0 100   0   0   0   0   0   0  0.92 0.05
   66 S     0   0   0   2  -2   0   0  -1  -1  -2  -1   3  -1  -3  -1   3   0  -3  -2  -2    0   0   0  14   0   0   0   0   0   0   6  33   0   0   0  46   0   0   0   0  0.28 0.02
   67 K    -1   3   0  -1  -3   1   0  -2  -1  -3  -3   4  -2  -3  -1   1   0  -3  -2  -2    0  25   0   0   0   0   0   0   0   0   0  59   0   0   0  16   0   0   0   0  0.47 0.03
   68 M    -1  -2  -3  -4  -2  -2  -3  -4  -3   3   2  -2   5   0  -3  -2  -1  -2  -1   2    0   0   0   0   0   0   0   0   0  43   9   0  48   0   0   0   0   0   0   0  0.42 0.05
   69 K    -1   2   0   2  -3   3   1  -2  -1  -3  -3   4  -2  -3  -1   0  -1  -3  -2  -3    0   9   0  14   0  24   0   0   0   0   0  45   0   0   0   8   0   0   0   0  0.43 0.03
   70 P    -1  -2  -2  -1  -3   0   2  -3  -2  -3  -3  -1  -3  -4   7  -1  -1  -4  -3  -3    0   0   0   0   0   0  26   0   0   0   0   0   0   0  74   0   0   0   0   0  1.51 0.06
   71 G    -1  -2   2   2  -3  -2  -1   5  -2  -2  -3  -2  -2  -3  -2   0  -1  -3  -3   0    0   0  12  18   0   0   0  57   0   0   0   0   0   0   0   0   0   0   0  13  0.52 0.03
   72 G     0  -2  -1  -2  -2  -2  -2   5  -2  -2  -3  -2  -2  -3   1   0  -1  -3  -3   0    0   0   0   0   0   0   0  69   0   0   0   0   0   0   9   9   0   0   0  13  0.64 0.04
   73 T     1  -1   0   0  -2   1   3  -1  -1  -3  -3   0  -2  -3   2   2   2  -3  -2  -2    9   0   0   0   0   0  41   0   0   0   0   0   0   0   9  26  15   0   0   0  0.38 0.03
   74 Y    -2  -3  -3  -4  -3  -2  -3  -4   1  -1  -1  -3  -1   5  -4  -2  -2   2   6  -1    0   0   0   0   0   0   0   0   0   0   0   0   0  39   0   0   0   0  61   0  0.89 0.06
   75 W    -3  -3  -4  -4  -3  -3  -4  -3  -2  -1  -1  -4  -1   6  -4  -3  -3   9   2  -2    0   0   0   0   0   0   0   0   0   0   0   0   0  58   0   0   0  42   0   0  1.31 0.07
   76 A     1   0   2   0  -2   2   0   1  -1  -3  -3   2  -1  -3  -2   0   1  -3  -2  -2   15   0  21   0   0  20   0  13   0   0   0  22   0   0   0   0   9   0   0   0  0.26 0.02
   77 A     3  -1  -1   1  -1   0   1  -1  -2   0  -1  -1  -1  -2  -1   1   0  -3  -2   0   53   0   0   7   0   0  15   0   0  12   0   0   0   0   0  13   0   0   0   0  0.22 0.03
   78 I    -2  -3  -4  -4  -2  -3  -3  -4  -3   4   2  -3   1   0  -3  -3  -1   6  -1   2    0   0   0   0   0   0   0   0   0  70  15   0   0   0   0   0   0  15   0   0  0.50 0.04
   79 E    -1   0   0   1  -4   4   5  -2   0  -4  -3   2  -2  -4  -2   0  -1  -3  -2  -3    0   0   0   0   0  26  62   0   0   0   0  12   0   0   0   0   0   0   0   0  0.68 0.06
   80 E     0   2   0   1  -3   2   3  -2  -1  -3  -3   2  -2  -3  -1   0  -1  -3  -2  -2   11  16   0   7   0  11  32   0   0   0   0  23   0   0   0   0   0   0   0   0  0.40 0.03
   81 H    -2   0   0   2  -4   0   2  -2   7  -3  -3   1  -2  -1  -2  -1  -2  -2   2  -3    0   0   0  12   0   0  16   0  51   0   0  11   0   0   0   0   0   0  10   0  0.58 0.06
   82 I    -2  -3  -3  -2  -2  -2   1  -4  -3   4   2  -2   1  -1  -3  -2  -1  -3  -2   2    0   0   0   0   0   0  16   0   0  61  24   0   0   0   0   0   0   0   0   0  0.31 0.05
   83 S     1  -1   0  -1  -1  -1  -1  -1  -1  -2  -3  -1  -2  -3  -1   4   3  -3  -2  -2    0   0   0   0   0   0   0   0   0   0   0   0   0   0   0  79  21   0   0   0  0.54 0.07
   84 S     0  -2  -1  -1  -2  -1  -1  -2  -2   0  -1  -1  -1  -2   4   3   2  -3  -2   0    0   0   0   0   0   0   0   0   0  12   0   0   0   0  24  41  16   0   0   8  0.40 0.04
   85 K    -1   1   3   0  -3   0   0   2  -1  -3  -3   4  -2  -3  -2   1  -1  -3  -2  -3    0   0  21   0   0   0   0  16   0   0   0  52   0   0   0  11   0   0   0   0  0.39 0.05
   86 S     0  -1   2   0  -1   0  -1  -1  -1  -2  -3  -1  -2  -3  -1   4   3  -3  -2  -2    0   0  10   0   0   0   0   0   0   0   0   0   0   0   0  65  25   0   0   0  0.45 0.05
   87 T     1  -2  -1  -2  -1  -1  -1  -1  -2   1  -1  -1  -1  -2  -1   2   4  -3  -2   0   14   0   0   0   0   0   0   0   0  19   0   0   0   0   0  20  46   0   0   0  0.27 0.03
   88 T     0  -2   0  -1  -1  -1  -1  -2  -2  -1  -2  -1  -1  -3  -2   1   6  -3  -2   0    0   0   0   0   0   0   0   0   0   0   0   0   0   0   0   0 100   0   0   0  0.68 0.08
   89 Y    -2  -1  -2  -2  -3   1  -1  -3   3  -2  -1   1  -1   3  -3  -2  -2   1   6  -2    0   0   0   0   0   9   0   0  11   0   0  14   0  18   0   0   0   0  49   0  0.52 0.05
   90 S    -1  -1   1   2  -3   0   2  -2   2  -3  -3   0  -2  -3   4   2   0  -3  -2  -3    0   0   7  10   0   0  23   0  11   0   0   0   0   0  23  26   0   0   0   0  0.48 0.03
   91 A     4  -2  -1  -2  -1  -1  -1   2  -2  -2  -2  -1  -2  -3  -1   2   0  -3  -2  -1   67   0   0   0   0   0   0  19   0   0   0   0   0   0   0  14   0   0   0   0  0.42 0.04
   92 V    -1  -3  -3  -4  -1  -3  -3  -4  -4   4   1  -3   1  -1  -3  -2   0  -3  -2   4    0   0   0   0   0   0   0   0   0  32   0   0   0   0   0   0   0   0   0  68  0.45 0.05
   93 R    -1   4  -1  -1  -3   1   1  -3   2   1  -1   3  -1  -2  -2  -1  -1  -3  -1  -1    0  36   0   0   0   0  14   0   7  19   0  23   0   0   0   0   0   0   0   0  0.30 0.03
   94 T     0   1   2   0  -2   0   0  -1  -1  -2  -2   3  -2  -3  -1   2   3  -3  -2  -2    0   0  16   0   0   0   0   0   0   0   0  39   0   0   0  15  29   0   0   0  0.33 0.04
   95 A     4  -1  -1  -2  -1   1  -1   0  -2  -2  -2  -1  -1  -3  -1   1   0  -3  -2  -1   82   0   0   0   0  10   0   0   0   0   0   0   0   0   0   8   0   0   0   0  0.43 0.05
   96 L    -2  -3  -4  -4  -2  -3  -3  -4  -3   1   4  -3   2   2  -3  -3  -2  -2  -1   0    0   0   0   0   0   0   0   0   0   0  90   0   0  10   0   0   0   0   0   0  0.52 0.05
   97 L    -1  -2  -2  -3  -1  -2  -2  -3  -3   1   4  -2   1   0  -3   1   0  -2  -1   0    0   0   0   0   0   0   0   0   0   0  73   0   0   0   0  20   7   0   0   0  0.30 0.04
   98 N    -1   0   4   0  -3   3   0  -1   0  -3  -3   1  -2  -3  -2   2   0  -3  -2  -3    0   0  41   0   0  30   0   0   0   0   0   8   0   0   0  22   0   0   0   0  0.46 0.04
   99 L    -1  -3  -4  -4  -1  -3  -3  -4  -3   3   3  -3   1   0  -3  -2  -1  -3  -1   3    0   0   0   0   0   0   0   0   0  32  34   0   0   0   0   0   0   0   0  34  0.37 0.03
  100 D    -1  -1   3   5  -3   0   1  -1  -1  -3  -4  -1  -3  -4  -2   2   0  -4  -3  -3    0   0  20  53   0   0   7   0   0   0   0   0   0   0   0  20   0   0   0   0  0.61 0.04
  101 G     0  -1  -1  -2  -3  -1  -2   6  -2  -4  -4   1  -3  -4  -2  -1  -2  -3  -3  -3    0   0   0   0   0   0   0  85   0   0   0  15   0   0   0   0   0   0   0   0  0.93 0.06
  102 V    -1  -3  -3  -4  -1  -3  -3  -4  -4   3   1  -3   1  -1  -3  -2   0  -3  -2   4    0   0   0   0   0   0   0   0   0  29   0   0   0   0   0   0   0   0   0  71  0.46 0.06
  103 E    -1   1   0   1  -3   1   3  -2  -1  -2  -2   2  -2  -2  -1   0   2  -2   1  -2    0   5   0   9   0   0  27   0   0   0   0  24   0   0   0   0  28   0   7   0  0.29 0.04
  104 Y    -1  -1   1  -2  -2   1  -1  -2   4  -2  -2  -1  -2   1  -2   1  -1   0   5  -2    0   0   7   0   0   8   0   0  17   0   0   0   0   0   0  23   0   0  45   0  0.44 0.06
  105 T     3  -2  -2  -2   3  -2  -2  -1  -2   1  -1  -1  -1  -2  -2   0   1  -3  -2   1   58   0   0   0   9   0   0   0   0  15   0   0   0   0   0   0  11   0   0   7  0.26 0.04
  106 N    -1  -1   6   1  -2   0   0  -1   0  -3  -3   0  -2  -2  -1   0   0  -3  -2  -2    2   1  78   1   0   1   1   2   1   1   2   1   1   1   1   2   1   0   1   1  0.60 0.05
  107 I    -1  -2  -2  -2  -1  -2  -2  -3  -2   4   2  -2   1   0  -2  -2  -1  -2  -1   2    2   1   1   1   0   1   1   2   1  54  27   1   1   1   1   2   1   0   1   1  0.23 0.03
  108 K     0   0   0  -1  -1   0   0  -1  -1   0   0   2   0  -1  -1   1   2  -2  -1   0    2   1   1   1   0   1   1   2   1   6  17  28   1   1   1  11  24   0   1   1  0.11 0.02
  109 S     1  -1   0   0  -1   0   0   0  -1  -2  -2   0  -1  -2  -1   4   1  -2  -1  -1    2   1   1   1   0   1   1   2   1   1   2   1   1   1   1  79   1   0   1   1  0.39 0.05
  110 A     1  -1   0   0  -2   0   2   2  -1  -2  -1   0  -1  -2  -1   1   1  -2  -2  -1   13   1   1   1   0   1  24  25   1   1   6   1   1   1   1   7  11   0   1   1  0.19 0.01
  111 A     4  -1  -1  -1  -1  -1  -1   0  -1  -1  -1  -1  -1  -2   3   1   0  -2  -2  -1   64   1   1   1   0   1   1   2   1   1   2   1   1   1  16   2   1   0   1   1  0.36 0.03
  112 G     0  -2   0   1  -2  -1  -1   5  -2  -3  -3  -1  -2  -2  -1   0  -1  -2  -2  -2    2   1   1  10   0   1   1  70   1   1   2   1   1   1   1   2   1   0   1   1  0.63 0.04
  113 K    -1   1   0  -1  -2   0   0  -1  -1   0  -1   3  -1  -2  -1   0   2  -2  -1  -1    2   1   1   1   0   1   1   2   1  10   2  49   1   1   1   2  21   0   1   1  0.20 0.03
  114 A     2  -2  -2  -2  -1  -1  -1  -1  -2   2   0  -1   0  -1  -1   0   0  -2  -1   2   34   1   1   1   0   1   1   2   1  16   2   1   1   1   1   2   1   0   1  31  0.13 0.02
  115 N     0   0   4   0  -2   0   0  -1   0  -2  -2   1  -1  -2  -1   1   0  -2  -2  -2   11   1  40   1   0   1   1   2   1   1   2  17   1   1   1  15   1   0   1   1  0.27 0.03
  116 I    -1  -2  -2  -2  -1  -2  -2  -3  -2   3   2  -2   1   0  -2  -2  -1  -2  -1   2    2   1   1   1   0   1   1   2   0  53  29   1   0   1   1   2   1   0   1   1  0.23 0.02
  117 Y    -2  -2  -3  -4  -3  -2  -3  -4   1  -2  -1  -2  -1   4  -4  -2  -2   2   7  -2    0   0   0   0   0   0   0   0   0   0   0   0   0  12   0   0   0   0  88   0  1.03 0.08
  118 L    -2  -3  -4  -4  -1  -3  -3  -4  -3   3   4  -3   2   0  -3  -3  -1  -2  -1   2    0   0   0   0   0   0   0   0   0  22  70   0   0   0   0   0   0   0   0   8  0.44 0.04
  119 I    -1  -3  -4  -4  -1  -3  -3  -4  -4   4   2  -3   1   0  -3  -2  -1  -3  -2   3    0   0   0   0   0   0   0   0   0  64   9   0   0   0   0   0   0   0   0  27  0.42 0.04
  120 L    -1  -3  -4  -4  -1  -3  -3  -4  -3   3   3  -3   2   0  -3  -3  -1  -2  -1   2    0   0   0   0   0   0   0   0   0  18  60   0   0   0   0   0   0   0   0  22  0.40 0.03
  121 K    -1   0   5   2  -3   1   1  -1   0  -3  -3   2  -2  -3  -2   0  -1  -4  -2  -3    0   0  48  14   0   7   6   0   0   0   0  25   0   0   0   0   0   0   0   0  0.49 0.04
  122 E    -2  -1   1   5  -4   1   3  -2  -1  -3  -4   1  -3  -4  -2   0  -1  -4  -3  -3    0   0   0  57   0   0  31   0   0   0   0  12   0   0   0   0   0   0   0   0  0.70 0.04
  123 T     0  -1   0   3  -2   0   1  -1  -1  -2  -2   0  -2  -3  -1   3   3  -3  -2  -1    0   0   0  20   0   0  12   0   0   0   0   0   0   0   0  34  34   0   0   0  0.36 0.03
  124 L    -2  -2  -3  -4   4  -2  -3  -4  -2   0   3  -1   1   2  -3  -2  -1  -1   2   0    0   0   0   0  17   0   0   0   0   0  55   8   0   7   0   0   0   0  14   0  0.32 0.04
  125 L    -1  -3  -3  -3  -2  -2  -3  -3  -2   1   2  -3   2   4  -3  -2   0  -1   1   2    0   0   0   0   0   0   0   0   0   0  32   0   8  31   0   0   9   0   0  20  0.30 0.04
  126 D    -2  -1   3   4  -3   1   1  -2  -1   1  -2  -1  -1  -3  -2  -1  -1  -4  -3  -1    0   0  24  39   0   9   6   0   0  22   0   0   0   0   0   0   0   0   0   0  0.37 0.04
  127 T    -1  -1   2   4  -2  -1   0  -1  -1  -3  -3  -1  -2  -3  -2   2   2  -4  -3  -2    0   0  14  37   0   0   0   0   0   0   0   0   0   0   0  29  20   0   0   0  0.45 0.05
  128 S     0   1   1   1  -3   2   3   1  -1  -3  -3   1  -2  -3  -2   1  -1  -3  -2  -3    5   9   6   7   0   9  28  14   0   0   0   8   0   0   0  14   0   0   0   0  0.30 0.02
  129 K    -1   1   0   3  -4   1   3  -2  -1  -3  -3   4  -2  -4  -1   0  -1  -4  -2  -3    0   0   0  20   0   0  23   0   0   0   0  57   0   0   0   0   0   0   0   0  0.53 0.06
  130 S     1   0   1  -1  -1   0  -1  -1  -1  -2  -2   1  -1  -3  -1   2   4  -3  -2  -1   14   0   9   0   0   0   0   0   0   0   0  17   0   0   0  14  46   0   0   0  0.31 0.04
  131 N    -1   0   4   0  -3   3   0   2   0  -4  -3   1  -2  -4  -2   0  -1  -3  -2  -3    0   0  41   0   0  25   0  22   0   0   0  12   0   0   0   0   0   0   0   0  0.46 0.05
  132 I    -1  -2  -2  -2  -2   2  -1  -3  -2   4   1  -1   1  -1  -3  -2  -1  -3  -2   3    0   0   0   0   0  26   0   0   0  52   0   0   0   0   0   0   0   0   0  22  0.28 0.05
  133 N    -1  -2   2  -1  -2  -1   0  -2  -2   2   1  -1   0  -2   4  -1   0  -3  -2   0    0   0  20   0   0   0   8   0   0  27  14   0   0   0  22   0   9   0   0   0  0.26 0.03
  134 S    -1   0   2   4  -3   0   1  -1  -1  -3  -3   3  -2  -4  -2   1  -1  -4  -3  -3    0   0  13  38   0   0   0   0   0   0   0  34   0   0   0  14   0   0   0   0  0.46 0.04
  135 P     0   0  -1  -1  -2   0  -1  -2  -2   0  -2   2  -1  -3   4   1   3  -3  -2  -1    0   0   0   0   0   0   0   0   0  12   0  22   0   0  20  16  30   0   0   0  0.34 0.03
  136 E     0   0   3   0  -3   1   3  -2   4  -3  -3   2  -2  -3  -2   0  -1  -3  -1  -3    8   0  24   0   0   0  27   0  22   0   0  20   0   0   0   0   0   0   0   0  0.39 0.04
  137 F    -2  -3  -3  -3  -2  -3  -3  -3  -2   1   2  -3   1   5  -3  -2   0   0   1   0    0   0   0   0   0   0   0   0   0  14  25   0   0  49   0   0  12   0   0   0  0.40 0.04
  138 K    -1   2  -1   0  -4   1   3  -2  -1  -3  -3   5  -2  -4  -1  -1  -1  -3  -2  -3    0   0   0   0   0   0  22   0   0   0   0  78   0   0   0   0   0   0   0   0  0.61 0.07
  139 A     3  -1   4   0  -2   2   0   0  -1  -2  -3   0  -2  -3  -2   1   0  -3  -2  -2   45   0  36   0   0  12   0   0   0   0   0   0   0   0   0   7   0   0   0   0  0.35 0.05
  140 K    -1   1   3   0  -3   3   3  -2   0  -3  -3   3  -2  -3  -2   0   0  -3  -2  -3    0   0  21   0   0  23  22   0   0   0   0  28   0   0   0   0   7   0   0   0  0.42 0.04
  141 L    -2  -3  -4  -4  -2  -3  -4  -4  -4   4   3  -3   1   0  -3  -3  -1  -3  -2   2    0   0   0   0   0   0   0   0   0  73  27   0   0   0   0   0   0   0   0   0  0.48 0.05
  142 W     1  -3  -4  -4  -2  -2  -3  -2  -3  -3  -2  -3  -2   0  -3  -2  -2  11   1  -3   22   0   0   0   0   0   0   0   0   0   0   0   0   0   0   0   0  78   0   0  1.97 0.11
  143 E    -1   0   1   2  -4   3   5  -2   0  -4  -3   1  -2  -4  -2   0  -1  -3  -2  -3    0   0   8   8   0  19  65   0   0   0   0   0   0   0   0   0   0   0   0   0  0.67 0.06
  144 T     1  -2  -2  -2  -1  -2  -2  -2  -3   2   0  -2   0  -2  -2   0   3  -3  -2   3   19   0   0   0   0   0   0   0   0   8   0   0   0   0   0   0  33   0   0  39  0.23 0.03
  145 L    -2  -3  -4  -4  -2  -2  -3  -4  -3   2   4  -3   3   2  -3  -3  -1  -1   0   1    0   0   0   0   0   0   0   0   0  10  68   0   9  13   0   0   0   0   0   0  0.41 0.03
  146 Y    -2  -2  -2  -3   2  -1  -2  -3   5  -2  -2  -2  -2   2  -3  -2  -2   1   7  -2    0   0   0   0   7   0   0   0  25   0   0   0   0   0   0   0   0   0  69   0  0.79 0.06
  147 L    -1   0  -2  -2  -2   0  -1  -3  -1   0   2   3   0   1  -2  -1  -1  -1   2  -1    0   0   0   0   0   0   0   0   0   0  40  43   0   7   0   0   0   0  10   0  0.19 0.03
  148 T     0  -2  -1  -2  -1  -1  -1  -2  -2   0  -1  -1  -1  -2  -2   1   5  -3  -2   1    0   0   0   0   0   0   0   0   0   0   0   0   0   0   0   0  87   0   0  13  0.51 0.06
  149 T     0   0  -1  -2   4   0  -1  -2  -2   0  -1   2   2  -2  -2   0   2  -3  -2   0   10   0   0   0  18   0   0   0   0   5   0  25  13   0   0   0  29   0   0   0  0.20 0.03
  150 P     0  -2  -1  -1  -3  -1  -1  -2  -2  -3  -3  -1  -3  -4   7   2  -1  -4  -3  -3    0   0   0   0   0   0   0   0   0   0   0   0   0   0  75  25   0   0   0   0  1.50 0.06
  151 S     0  -2  -1  -2   3  -1  -2  -2  -2   1   2  -2   1  -1  -2   2   0  -3  -2   1    0   0   0   0   9   0   0   0   0   9  34   0   0   0   0  37   0   0   0  11  0.16 0.02
  152 G    -1  -3  -1   2  -3  -2  -1   3  -2  -2  -1  -2  -1   4  -3  -1  -2  -1   1  -2    0   0   0  18   0   0   0  40   0   0   0   0   0  42   0   0   0   0   0   0  0.38 0.01
  153 T     0  -2   0  -1  -2  -1  -1   4  -2  -2  -2  -1  -2  -3  -2   1   4  -3  -2  -1    0   0   0   0   0   0   0  42   0   0   0   0   0   0   0   0  58   0   0   0  0.46 0.02
  154 L     0  -1   0  -2  -2   3   0  -2  -1   1   1  -1   0  -1  -2  -1   0  -3  -2   1    9   0   5   0   0  30   0   0   0   5  24   0   0   0   0   0   6   0   0  21  0.15 0.04
  155 L    -2  -3  -3  -4  -2  -2  -3  -4  -2   1   3  -3   4   4  -4  -3  -2  -1   1   0    0   0   0   0   0   0   0   0   0   0  35   0  30  36   0   0   0   0   0   0  0.48 0.07
  156 E    -2  -1  -1   1  -3   1   3  -3  -1  -1  -2   0  -2  -1  -2  -1  -2   8   0  -2    0   0   0   7   0   7  41   0   0   9   0   7   0   0   0   0   0  30   0   0  0.70 0.07
  157 G     0  -3  -1  -2  -3  -2  -3   6  -3  -4  -4  -2  -3  -4  -3  -1  -2  -3  -4  -4    0   0   0   0   0   0   0 100   0   0   0   0   0   0   0   0   0   0   0   0  1.21 0.07
  158 D    -2  -2   3   6  -4  -1   1  -1  -1  -4  -4  -1  -3  -4  -2   0  -1  -5  -3  -4    0   0  23  77   0   0   0   0   0   0   0   0   0   0   0   0   0   0   0   0  0.92 0.06
  159 I    -2  -3  -4  -4  -2  -3  -4  -4  -4   5   1  -3   1  -1  -3  -3  -1  -3  -2   3    0   0   0   0   0   0   0   0   0  92   0   0   0   0   0   0   0   0   0   8  0.55 0.06
  160 E    -1  -1   1   1  -3   1   5  -2  -1  -2   0   0  -1  -3  -2   0   1  -3  -2  -2    0   0   7   0   0   0  69   0   0   0  13   0   0   0   0   0  10   0   0   0  0.47 0.05
  161 I    -1  -1  -3  -3  -2  -2  -2  -3  -3   4   1   1   0  -1  -3  -2  -1  -3  -2   2    0   0   0   0   0   0   0   0   0  67   0  23   0   0   0   0   0   0   0  10  0.28 0.05
  162 D    -2  -2   1   5  -3   0   2  -2  -1  -3  -3  -1  -3  -4  -2   0   2  -4  -3  -2    0   0   0  68   0   0   9   0   0   0   0   0   0   0   0   0  23   0   0   0  0.70 0.05
  163 G     0  -2  -1  -2  -2  -2  -1   5  -2  -1  -2  -2  -1   1  -3  -1  -1  -2  -2   1    0   0   0   0   0   0   7  61   0   0   0   0   0   9   0   0   0   0   0  23  0.45 0.04
  164 L    -2  -3  -4  -4  -2  -2  -3  -4  -3   3   4  -3   3   0  -3  -3  -1  -2  -1   1    0   0   0   0   0   0   0   0   0  23  64   0  13   0   0   0   0   0   0   0  0.44 0.04
  165 N    -2  -1   6   3  -3   0   0  -1   0  -4  -4  -1  -3  -4  -2   0  -1  -4  -3  -3    0   0  77  23   0   0   0   0   0   0   0   0   0   0   0   0   0   0   0   0  0.82 0.06
  166 S     0   0   0   1  -3   3   3  -2   0  -3  -3   1  -2  -3   1   2   0  -3  -2  -2    0   0   0   6   0  30  23   0   0   0   0   9   0   0   7  24   0   0   0   0  0.41 0.03
  167 T    -1  -1   4   0  -2   1  -1  -2   2  -1  -1  -1   1  -2  -2   0   3  -3  -1  -1    0   0  36   0   0   7   0   0   9   6   0   0  10   0   0   0  31   0   0   0  0.28 0.04
  168 G    -1   2   4   0  -3  -1  -1   4  -1  -4  -4   0  -3  -3  -2   0  -1  -3  -3  -3    0  18  36   0   0   0   0  46   0   0   0   0   0   0   0   0   0   0   0   0  0.57 0.04
  169 Q    -1   0   0   3  -4   6   2  -2   0  -3  -3   1  -1  -4  -2   0  -1  -3  -2  -3    0   0   0  23   0  77   0   0   0   0   0   0   0   0   0   0   0   0   0   0  0.73 0.07
  170 R    -1   2  -1  -2  -2   0   0  -2   2  -1   0   3   0  -2  -2   0   2  -3  -1  -1    0  12   0   0   0   0   0   0   8   0  19  38   0   0   0   0  23   0   0   0  0.21 0.03
  171 K    -1   2  -1  -1  -3   3   1  -2  -1  -1  -2   4  -1  -3  -1  -1  -1  -3  -2  -2    0   0   0   0   0  25   0   0   0  10   0  66   0   0   0   0   0   0   0   0  0.44 0.04
  172 S     0  -2   0   1  -2  -1  -1   3  -2  -2  -2  -1  -2  -3  -2   3   2  -3  -2  -1    0   0   0  10   0   0   0  25   0   0   0   0   0   0   0  40  18   0   0   8  0.29 0.02
  173 Y    -2  -2  -3  -4  -2  -2  -3  -4   1   0  -1  -2  -1   2  -3  -2  -1   1   7   1    0   0   0   0   0   0   0   0   0   0   0   0   0   0   0   0   0   0  75  25  0.72 0.06
  174 K    -1   2   0  -1  -4   1   1  -2  -1  -3  -3   5  -2  -4  -1  -1  -1  -3  -2  -3    0   0   0   0   0   0   0   0   0   0   0 100   0   0   0   0   0   0   0   0  0.68 0.06
  175 I    -2   0  -3  -3  -2  -3  -3  -4  -2   3   1  -2   0   4  -3  -2  -1  -1   1   2    0   8   0   0   0   0   0   0   0  33   0   0   0  42   0   0   0   0   0  16  0.32 0.03
  176 S     1  -1   0  -1  -1   0   0  -1  -1  -3  -3  -1  -2  -3  -1   5   2  -3  -2  -2    0   0   0   0   0   0   0   0   0   0   0   0   0   0   0  92   8   0   0   0  0.54 0.05
  177 L    -2   2  -3  -3  -2  -1  -2  -4  -2   1   3  -1   1   0  -3  -2  -1  -2  -1   0    0  25   0   0   0   0   0   0   0  10  66   0   0   0   0   0   0   0   0   0  0.31 0.03
  178 G     0  -2  -1  -2  -3  -2  -2   5  -2  -4  -4   0  -3  -4   4  -1  -2  -3  -3  -3    0   0   0   0   0   0   0  67   0   0   0   8   0   0  25   0   0   0   0   0  0.86 0.04
  179 K     1   1   0  -1  -2   1   0  -1  -1  -3  -3   4  -2  -3  -1   2   0  -3  -2  -2    8   0   0   0   0   0   0   0   0   0   0  67   0   0   0  25   0   0   0   0  0.42 0.04
  180 R    -1   4  -1  -1  -3   0   0  -2  -1  -2  -2   3  -1  -3   2   0   2  -3  -2  -2    0  41   0   0   0   0   0   0   0   0   0  25   0   0   9   0  25   0   0   0  0.43 0.03
  181 K    -1   2   0   0  -4   1   3  -2  -1  -3  -3   5  -2  -4  -1   0  -1  -3  -2  -3    0   0   0   0   0   0  25   0   0   0   0  75   0   0   0   0   0   0   0   0  0.57 0.05
  182 Y    -2  -2  -3  -4  -3  -2  -2  -4   1  -2  -1  -2  -1   3  -3  -2  -2   2   8  -2    0   0   0   0   0   0   0   0   0   0   0   0   0   0   0   0   0   0 100   0  1.10 0.06
  183 V     3  -2  -3  -3  -1  -2  -2  -1  -3   2   1  -2   0  -1  -2   0   0  -3  -2   2   46   0   0   0   0   0   0   0   0  12   9   0   0   0   0   0   0   0   0  33  0.21 0.02
  184 Y    -2  -2  -3  -4  -3  -2  -3  -3   1  -2  -2  -2  -1   2  -4  -2  -2   8   7  -2    0   0   0   0   0   0   0   0   0   0   0   0   0   0   0   0   0  26  74   0  1.18 0.06
  185 M    -1  -2  -3  -4  -1  -2  -3  -3  -3   2   3  -2   5   0  -3  -2  -1  -2  -1   2    0   0   0   0   0   0   0   0   0   0  35   0  41   0   0   0   0   0   0  23  0.37 0.04
  186 K    -1   4   0  -1  -4   1   0  -2  -1  -3  -3   5  -2  -3  -2  -1  -1  -3  -2  -3    0  23   0   0   0   0   0   0   0   0   0  77   0   0   0   0   0   0   0   0  0.61 0.05
  187 V     2  -2  -2  -3  -1  -2  -2  -2  -3   2   0  -2   0  -1  -2   0   0  -3  -2   3   28   0   0   0   0   0   0   0   0  15   0   0   0   0   0   8   0   0   0  49  0.22 0.03
  188 K    -1   1  -1  -2  -2   0  -1  -3  -1   0  -1   3  -1  -1  -2  -1  -1  -2   2   2    0   0   0   0   0   0   0   0   0   0   0  50   0   0   0   0   0   0  15  35  0.21 0.03
  189 Y    -2  -2  -3  -4  -3  -2  -3  -4   1  -2  -1  -2  -1   3  -3  -2  -2   2   8  -2    0   0   0   0   0   0   0   0   0   0   0   0   0   0   0   0   0   0 100   0  1.14 0.08
  190 K     0   1   0  -1  -3   1   0  -1  -1  -3  -3   4  -2  -3  -1   2   0  -3  -2  -2    0   0   0   0   0   0   0   0   0   0   0  70   0   0   0  30   0   0   0   0  0.46 0.04
  191 L    -1  -3  -3  -3  -1  -2  -3  -4  -3   3   3  -3   1   0  -3  -2   1  -2  -1   2    0   0   0   0   0   0   0   0   0  44  37   0   0   0   0   0  11   0   0   8  0.32 0.02
  192 D    -2   1   4   4  -4   0   2  -1   0  -4  -4   0  -3  -4  -2   0  -1  -4  -3  -3    0   8  38  42   0   0  11   0   0   0   0   0   0   0   0   0   0   0   0   0  0.61 0.03
  193 L     1  -2  -1  -2  -1  -1  -2  -2   3   1   2  -2   1  -1  -2   1   0  -2  -1   0   11   0   0   0   0   0   0   0  15   7  43   0   0   0   0  23   0   0   0   0  0.14 0.02
  194 K    -1   1   0   3  -4   2   2  -2  -1  -3  -3   4  -2  -4  -1   0  -1  -4  -2  -3    0   0   0  23   0   5   8   0   0   0   0  63   0   0   0   0   0   0   0   0  0.49 0.04
  195 N    -2  -1   5   4  -3   0   3  -1   0  -4  -4   0  -3  -4  -2   0  -1  -4  -3  -3    0   0  50  26   0   0  23   0   0   0   0   0   0   0   0   0   0   0   0   0  0.62 0.04
  196 Y     0  -1  -1  -1  -3   0   2  -2   4  -2  -2  -1  -1   3  -2  -1  -2   0   4  -2   11   0   0   0   0   0  23   0  21   0   0   0   0  15   0   0   0   0  30   0  0.36 0.03
  197 L    -2  -3  -3  -3  -2  -3  -3  -4  -3   3   2  -3   1   3   0  -2   0  -1   0   1    0   0   0   0   0   0   0   0   0  40  21   0   0  23   4   0   7   0   0   4  0.26 0.02
  198 Y    -2  -2  -2  -3  -3  -1  -2  -3   4  -2  -2  -2  -2   2   4  -2  -2   1   6  -2    0   0   0   0   0   0   0   0  15   0   0   0   0   0  23   0   0   0  62   0  0.79 0.05
  199 L     1  -1  -2  -3  -1  -1  -2  -2  -2   2   2   0   1  -1  -2  -1  -1  -2  -2   1   25   0   0   0   0   0   0   0   0  16  45  14   0   0   0   0   0   0   0   0  0.15 0.01
  200 N    -2  -1   4   4  -3   0   2  -1   0  -4  -4   0  -3  -4  -2   0  -1  -4  -3  -3    0   0  45  41   0   0  14   0   0   0   0   0   0   0   0   0   0   0   0   0  0.64 0.02
  201 I    -1  -3  -2  -3  -2  -3  -3   2  -3   4   1  -3   0  -1  -3  -2  -1  -3  -2   2    0   0   0   0   0   0   0  25   0  75   0   0   0   0   0   0   0   0   0   0  0.29 0.03
  202 D    -2  -1   1   5  -4   0   3   0  -1  -4  -4   0  -3  -4  -2   0  -1  -4  -3  -3    0   0   0  68   0   0  25   7   0   0   0   0   0   0   0   0   0   0   0   0  0.73 0.03
  203 S     0  -1   1   3  -2   0   0  -1  -1  -2  -2   0  -2  -3  -1   3   3  -3  -2  -2    0   0   0  25   0   0   0   0   0   0   0   6   0   0   0  39  30   0   0   0  0.35 0.02
  204 Q    -1   4   0  -1  -3   4   1  -2   0  -3  -2   3  -1  -3  -2   0  -1  -3  -2  -3    0  34   0   0   0  50   0   0   0   0   0  16   0   0   0   0   0   0   0   0  0.56 0.03
  205 I    -1  -3  -3  -4  -1  -2  -3  -4  -3   4   2  -3   3   0  -3  -2  -1  -2  -1   2    0   0   0   0   0   0   0   0   0  59  16   0  25   0   0   0   0   0   0   0  0.36 0.02
  206 R    -2   6  -1  -2  -4   1   0  -3   0  -3  -2   2  -2  -3  -2  -1  -1  -3  -2  -3    0 100   0   0   0   0   0   0   0   0   0   0   0   0   0   0   0   0   0   0  0.86 0.04
  207 D    -2  -1   4   5  -4   0   2  -1   0  -4  -4   0  -3  -4  -2   0  -1  -4  -3  -3    0   0  39  43   0   0  19   0   0   0   0   0   0   0   0   0   0   0   0   0  0.66 0.04
  208 I     1  -3  -3  -3  -1  -2  -3  -2  -3   4   1  -2   1  -1  -2  -1  -1  -3  -2   2   26   0   0   0   0   0   0   0   0  74   0   0   0   0   0   0   0   0   0   0  0.31 0.04
  209 Y    -2  -2  -3  -4  -2  -2  -3  -4   1   0  -1  -2  -1   2  -3  -2  -1   1   7   2    0   0   0   0   0   0   0   0   0   0   0   0   0   0   0   0   0   0  74  26  0.71 0.06
  210 S     0  -1   2   1  -2   0  -1  -1  -1   0  -1   1  -1  -2  -2   2   1  -3  -2   1    0   0  18   6   0   0   0   0   0   0   0  12   0   0   0  32   7   0   0  26  0.17 0.02
  211 R    -1   4  -1  -1  -3   2   0   2  -1  -3  -3   3  -2  -3  -2  -1  -1  -3  -2  -3    0  44   0   0   0   9   0  24   0   0   0  24   0   0   0   0   0   0   0   0  0.48 0.04
  212 I    -1  -2  -2  -2  -1  -2  -2  -3  -2   4   1  -2   1   0  -2  -2  -1  -2  -1   2    2   1   1   1   0   1   1   2   1  78   2   1   1   1   1   2   1   0   1   2  0.29 0.04
  213 I    -2  -2  -3  -3  -2  -2  -3  -4  -1   3   2  -1   1   1  -3  -2  -1  -1   3   1    0   0   0   0   0   0   0   0   0  46  24   7   0   0   0   0   0   0  24   0  0.29 0.04
  214 S     1  -1   2   1  -2  -1  -1   3  -1  -3  -3   0  -2  -3  -2   2   1  -3  -2  -2    8   0  18   9   0   0   0  24   0   0   0   4   0   0   0  25  13   0   0   0  0.31 0.02
  215 N    -2  -1   6   3  -3   0   2  -1   0  -4  -4   0  -3  -4  -2   0  -1  -4  -3  -3    0   0  67  13   0   0  20   0   0   0   0   0   0   0   0   0   0   0   0   0  0.69 0.06
  216 N    -2   0   6   1  -3   0   0  -1   0  -4  -4   2  -2  -4  -2   0  -1  -4  -2  -3    0   0  76   0   0   0   0   0   0   0   0  24   0   0   0   0   0   0   0   0  0.71 0.06
  217 Y    -1  -2  -2  -3  -2  -1  -2  -3   1  -2  -2  -2  -2   2  -3   1  -1   1   7  -2    0   0   0   0   0   0   0   0   0   0   0   0   0   0   0  24   0   0  76   0  0.78 0.07
  218 S     0  -1  -1  -2  -2  -1  -1   0  -2   1   0   0   3   1  -2   2   1  -2  -1   0    0   0   0   0   0   0   0   7   0  13   0   9  24   8   0  29  11   0   0   0  0.10 0.03
  219 D    -2  -1   0   5  -4   3   3  -2  -1  -4  -3   0  -2  -4  -2   0  -1  -4  -3  -3    0   0   0  52   0  24  24   0   0   0   0   0   0   0   0   0   0   0   0   0  0.70 0.05
  220 M    -1  -1  -2  -3  -2   2  -1  -3  -1   2   1  -1   5  -1  -2  -1  -1  -2  -1   1    0   0   0   0   0  20   0   0   0  20   0   0  60   0   0   0   0   0   0   0  0.25 0.01
  221 G     0  -3  -1  -1  -3  -2  -2   6  -2  -4  -4  -2  -3  -3  -2   0  -2  -3  -3  -3    0   0   0   0   0   0   0 100   0   0   0   0   0   0   0   0   0   0   0   0  1.09 0.01
  222 I    -1  -2  -1   3  -2  -2  -1  -3  -2   3   0  -2   0  -1  -2  -1   2  -3  -2   1    0   0   0  28   0   0   0   0   0  51   0   0   0   0   0   0  21   0   0   0  0.18 0.01
  223 G     0  -1   1   4  -2   0   0   1  -1  -3  -3  -1  -2  -3  -1   3   0  -3  -2  -2    0   0   0  37   0   0   0  10   0   0   0   0   0   0   0  53   0   0   0   0  0.42 0.01
  224 F    -2  -3  -3  -4  -2  -3  -3  -4  -1   1   3  -3   1   4  -3  -3  -2   0   3   0    0   0   0   0   0   0   0   0   0   0  49   0   0  42   0   0   0   0  10   0  0.42 0.01
  225 E    -1   2  -1   1  -3   2   4  -2   0  -2  -2   1  -2  -3  -2   0  -1  -3  -2  -1    0  21   0   0   0   0  69   0   0   0   0   0   0   0   0   0   0   0   0  10  0.48 0.01
  226 Y    -2  -2  -2  -3  -3  -2  -2  -3   1  -2  -2  -2  -1   2   4  -2  -2   1   6  -2    0   0   0   0   0   0   0   0   0   0   0   0   0   0  28   0   0   0  72   0  0.81 0.02
  227 Q    -1   1   0  -1  -2   5   1  -2   0  -2  -2   1  -1  -3  -1   0   2  -2  -2  -2    0   0   0   0   0  72   0   0   0   0   0   0   0   0   0   0  28   0   0   0  0.48 0.01
  228 D    -2   0   1   5  -4   0   1  -2  -1  -3  -4   2  -3  -4  -1   0  -1  -4  -3  -3    0   0   0  72   0   0   0   0   0   0   0  28   0   0   0   0   0   0   0   0  0.66 0.01
  229 F    -2  -3  -3  -4  -3  -3  -3  -3  -1   0   0  -3   0   7  -4  -3  -2   1   3  -1    0   0   0   0   0   0   0   0   0   0   0   0   0 100   0   0   0   0   0   0  0.79 0.02
  230 F    -2  -3  -3  -4  -2  -3  -3  -4  -2   1   2  -3   1   5  -4  -3  -2   0   2   0    0   0   0   0   0   0   0   0   0   0  35   0   0  65   0   0   0   0   0   0  0.51 0.01
  231 A     4  -2  -1  -2  -1  -1  -1   3  -2  -2  -2  -1  -1  -3  -1   1   0  -3  -2  -1   72   0   0   0   0   0   0  28   0   0   0   0   0   0   0   0   0   0   0   0  0.42 0.01
  232 P    -1  -2  -2  -2  -3  -2  -1  -2  -2  -2  -1  -1  -2  -3   8  -1  -1  -4  -3  -2    0   0   0   0   0   0   0   0   0   0   9   0   0   0  91   0   0   0   0   0  1.78 0.02
  233 V    -1  -3  -3  -4  -1  -2  -3  -4  -3   2   2  -3   1  -1  -3  -2   0  -3  -1   4    0   0   0   0   0   0   0   0   0   0  28   0   0   0   0   0   0   0   0  72  0.32 0.01
  234 N    -1  -1   4   0  -2   0  -1  -1   1  -3  -2  -1  -2   0  -2   2   0  -1   4  -2    0   0  42   0   0   0   0   0   0   0   0   0   0   0   0  31   0   0  28   0  0.35 0.01
  235 E     0  -1  -1   0  -2   1   3  -2  -1   1  -1   0   1  -2  -2   1   0  -3  -2   0    0   0   0   0   0   0  43   0   0  22   0   0   9   0   0  26   0   0   0   0  0.20 0.01
  236 V    -1  -3  -3  -3  -1  -3  -3  -4  -3   4   1  -3   1  -1  -3  -2   0  -3  -1   4    0   0   0   0   0   0   0   0   0  41   0   0   0   0   0   0   0   0   0  59  0.37 0.01
  237 K     0   3   0  -1  -3   1   0  -1  -1  -3  -3   4  -2  -3  -1   2   0  -3  -2  -2    0  16   0   0   0   0   0   0   0   0   0  58   0   0   0  26   0   0   0   0  0.40 0.01
  238 G     0  -2  -1  -1  -3  -2  -1   6  -2  -4  -4  -1  -3  -3  -2   0  -2  -3  -3  -3    0   0   0   0   0   0   6  94   0   0   0   0   0   0   0   0   0   0   0   0  0.97 0.02
  239 I    -1  -2  -3  -3  -1  -2  -3  -3  -3   3   2  -2   4   0  -3  -2  -1  -2  -1   3    0   0   0   0   0   0   0   0   0  33   0   0  33   0   0   0   0   0   0  33  0.30 0.02
  240 K    -1   1   2  -1  -4   1   0  -2   3  -3  -3   5  -2  -3  -2  -1  -1  -4  -2  -3    0   0  11   0   0   0   0   0  12   0   0  78   0   0   0   0   0   0   0   0  0.57 0.08
  241 F    -1  -1  -1  -1   3   0   2  -2  -1  -2  -2   1  -1   3  -2   1  -1  -1   0  -2    0   0   0   0  12   0  26   0   0   0   0  11   0  29   0  22   0   0   0   0  0.24 0.05
  242 M    -2  -2  -3  -4  -2  -2  -3  -4  -3   3   3  -2   5   0  -3  -2  -1  -2  -2   1    0   0   0   0   0   0   0   0   0  34  26   0  40   0   0   0   0   0   0   0  0.44 0.07
  243 E    -1   4   0   2  -4   2   3  -2  -1  -3  -3   2  -2  -3  -2  -1  -1  -3  -2  -3    0  31   0  12   0  11  29   0   0   0   0  17   0   0   0   0   0   0   0   0  0.50 0.05
  244 I    -1  -3  -4  -4  -1  -3  -3  -4  -4   5   1  -3   1  -1  -3  -3  -1  -3  -2   3    0   0   0   0   0   0   0   0   0  66   0   0   0   0   0   0   0   0   0  34  0.51 0.07
  245 S     0  -2  -1  -1  -2  -1  -2   4  -2  -2  -2   0  -2   3  -2   2   0  -2   0  -2    0   0   0   0   0   0   0  38   0   0   0   6   0  21   0  35   0   0   0   0  0.36 0.05
  246 A     2  -2  -1  -2  -1  -1  -2  -2  -2   1  -1  -1   0  -2  -2   1   3  -3  -2   1   33   0   0   0   0   0   0   0   0  18   0   0   0   0   0   0  44   0   0   6  0.27 0.05
  247 C     1  -3  -3  -4   8  -3  -3  -3  -3   0   1  -3   0  -2  -3  -1  -1  -3  -2   1   12   0   0   0  55   0   0   0   0   0  22   0   0   0   0   0   0   0   0  11  0.72 0.07
  248 I    -1  -3  -3  -3  -1  -3  -3  -4  -3   4   2  -3   1  -1  -3  -2   1  -3  -2   3    0   0   0   0   0   0   0   0   0  53  11   0   0   0   0   0  11   0   0  26  0.37 0.05
  249 K    -1   2  -1  -1  -4   1   0  -2  -1  -3  -3   6  -2  -4  -2  -1  -1  -4  -2  -3    0   0   0   0   0   0   0   0   0   0   0 100   0   0   0   0   0   0   0   0  0.79 0.10
  250 D    -1  -1   3   5  -3   0   2  -1  -1  -3  -4   1  -3  -4  -2   1  -1  -4  -3  -3    0   0  18  47   0   0  15   0   0   0   0   7   0   0   0  13   0   0   0   0  0.58 0.05
  251 T    -1  -2   2   5  -2  -1   0  -2  -1  -2  -3  -1  -2  -3  -2   0   3  -4  -3  -1    0   0  12  48   0   0   0   0   0   0   0   0   0   0   0   0  34   0   0   6  0.50 0.06
  252 D    -2  -2   0   5  -3   0   2  -2  -1  -2   0  -1  -2   0  -2  -1   1  -3  -2  -2    0   0   0  52   0   0  18   0   0   0  12   0   0   7   0   0  11   0   0   0  0.45 0.05
  253 T     1  -1   2   0  -1   0   1  -1  -1   0  -1  -1  -1  -2  -1   1   3  -3  -2   0   12   0  12   0   0   0  11   1   0  13   1   0   0   0   0  11  34   0   0   1  0.18 0.03
  254 E     0   0   0   0  -2   1   2  -2  -1  -2  -2   2  -1  -3  -1   1   3  -3  -2  -1    1   0   0   0   0   0  21   1   0   0   1  26   0   0   0  12  34   0   0   1  0.30 0.04
  255 S     0   1   2   0  -3   1   2  -1  -1  -3  -3   4  -2  -3  -1   2   0  -3  -2  -3    0   0  11   0   0   0  12   0   0   0   0  48   0   0   0  29   0   0   0   0  0.40 0.06
  256 I    -1  -3  -2  -3  -2  -2  -3  -3  -3   5   1  -2   0  -1  -3   1   0  -3  -2   2    0   0   0   0   0   0   0   0   0  76   0   0   0   0   0  24   0   0   0   0  0.35 0.08
  257 A     1   0   2  -1  -2   2   0  -1  -1  -2  -3   1  -1  -3  -1   3   2  -3  -2  -2   11   0  12   0   0  13   0   0   0   0   0  12   0   0   0  39  13   0   0   0  0.31 0.04
  258 K    -1   0   2   3  -3   1   2  -1  -1  -3  -3   2  -2  -3  -1   2   0  -3  -2  -3    0   0  13  18   0   6  16   0   0   0   0  25   0   0   0  22   0   0   0   0  0.37 0.04
  259 I    -2  -3  -4  -4  -2  -3  -4  -4  -4   4   3  -3   1   0  -3  -3  -1  -3  -2   2    0   0   0   0   0   0   0   0   0  63  37   0   0   0   0   0   0   0   0   0  0.49 0.06
  260 T     0  -1   2   0  -2   1   0  -1  -1  -1  -2   0  -1  -3  -2   3   2  -3  -2   0    0   0  18   0   0  12   0   0   0   0   0   0   0   0   0  43  15   0   0  13  0.28 0.05
  261 D    -2   2   2   4  -4   1   3  -2  -1  -4  -3   1  -3  -4  -2   0  -1  -4  -3  -3    0  13   9  37   0   0  29   0   0   0   0  12   0   0   0   0   0   0   0   0  0.55 0.05
  262 S     0  -2  -1  -1  -2  -1  -1   0  -2  -1   0  -1   2   1  -2   3   0  -2  -1  -1    0   0   0   0   0   0   0   7   0   0  11   0  13  11   0  59   0   0   0   0  0.23 0.06
  263 D    -2  -1   2   4  -3   1   2  -2   3   0  -2  -1  -2  -3  -2  -1  -1  -4  -2  -2    0   0  11  43   0  11  12   0  12  13   0   0   0   0   0   0   0   0   0   0  0.42 0.05
  264 F    -2  -3  -3  -3  -2  -3  -3  -3  -1   0   1  -3   0   6  -4   0  -2   0   4  -1    0   0   0   0   0   0   0   0   0   0  13   0   0  65   0  11   0   0  12   0  0.61 0.07
  265 K    -1   1   2  -1  -3   3   0  -2   3  -3  -3   3  -1  -3  -2   0   2  -3  -1  -2    0   0  11   0   0  18   0   0  13   0   0  34   0   0   0   0  25   0   0   0  0.34 0.05
  266 K    -1   0  -1  -1  -2   0   2  -2  -1  -2  -2   2  -1   3  -2   1   2  -2   0  -2    0   0   0   0   0   0  21   0   0   0   0  20   0  25   0  13  21   0   0   0  0.21 0.04
  267 N    -2  -1   6   1  -3  -1  -1  -1   0  -3  -4  -1  -2  -4  -2   0   1  -4  -3  -3    0   0  87   0   0   0   0   0   0   0   0   0   0   0   0   0  13   0   0   0  0.87 0.10
  268 Q    -1   1   0  -1  -3   4   1  -2  -1  -3  -3   4  -1  -4  -2   0   1  -3  -2  -2    0   0   0   0   0  30   0   0   0   0   0  58   0   0   0   0  12   0   0   0  0.52 0.07
  269 D    -2  -1   1   6  -3  -1   1  -2  -2  -3  -4   0  -3  -4  -2   0   1  -4  -3  -3    0   0   0  78   0   0   0   0   0   0   0   7   0   0   0   0  15   0   0   0  0.80 0.07
  270 I    -2  -2  -3  -2  -2  -1   0  -4  -3   4   1   1   0  -1  -3  -2  -1  -3  -2   2    0   0   0   0   0   0   8   0   0  76   0  15   0   0   0   0   0   0   0   0  0.30 0.06
  271 S     1  -1   2   0  -2   2   1  -1  -1  -2  -2   0  -1  -3  -1   2   3  -3  -2  -1   15   0  10   0   0  12  11   0   0   0   0   0   0   0   0  24  28   0   0   0  0.29 0.03
  272 I    -1  -3  -3  -3  -1  -3  -3  -4  -3   4   2  -3   1  -1  -3  -2   1  -3  -2   2    0   0   0   0   0   0   0   0   0  61  16   0   0   0   0   0  10   0   0  12  0.37 0.05
  273 A     0   1   3   1  -3   2   0  -1  -1  -3  -3   4  -2  -3  -2   0   0  -3  -2  -2    9   0  21   5   0  12   0   0   0   0   0  49   0   0   0   0   5   0   0   0  0.37 0.05
  274 D    -2   2  -1   3  -4   0   1  -2  -2  -3  -3   0  -3  -4   6  -1  -1  -4  -3  -3    0  16   0  29   0   0  10   0   0   0   0   0   0   0  45   0   0   0   0   0  0.90 0.06
  275 D    -1  -1   3   4  -3   0   1  -1  -1  -2  -2  -1   2  -3  -2   1  -1  -4  -3  -2    0   0  23  39   0   0  10   0   0   0   0   0  16   0   0  12   0   0   0   0  0.42 0.05
  276 T    -1   0   0   0  -3   1   4  -2  -1  -3  -3   2  -2  -3  -1   0   2  -3  -2  -2    0   0   0   0   0   0  55   0   0   0   0  16   0   0   0   0  29   0   0   0  0.49 0.06
  277 I    -2  -3  -4  -4  -2  -2  -3  -4  -3   4   3  -3   3   0  -3  -3  -1  -2  -1   2    0   0   0   0   0   0   0   0   0  47  38   0  15   0   0   0   0   0   0   0  0.42 0.05
  278 L    -2  -3  -4  -4  -2  -3  -3  -4  -3   2   4  -3   2   0  -3  -3  -2  -2  -1   1    0   0   0   0   0   0   0   0   0  10  90   0   0   0   0   0   0   0   0   0  0.56 0.06
  279 L    -2  -3  -2   1  -2  -2  -2  -3  -3   3   2  -3   1   2  -3  -2  -1  -2   0   2    0   0   0  12   0   0   0   0   0  31  29   0   0  16   0   0   0   0   0  12  0.24 0.03
  280 F    -2  -3  -4  -4  -2  -3  -4  -4  -2   0   2  -3   0   6  -4  -3  -2   0   2  -1    0   0   0   0   0   0   0   0   0   0  28   0   0  72   0   0   0   0   0   0  0.72 0.07
  281 N    -1  -1   5   4  -3   0   0  -1   0  -3  -4  -1  -3  -3  -2   1   0  -4  -3  -3    0   0  49  39   0   0   0   0   0   0   0   0   0   0   0  12   0   0   0   0  0.64 0.04
  282 T    -1  -2  -1  -2  -1  -1  -1  -2  -2   0   0  -1   0  -2  -2   1   5  -3  -2   0    0   0   0   0   0   0   0   0   0   6  12   0   0   0   0   0  82   0   0   0  0.43 0.05
  283 T     1  -1   3   0  -2   0  -1  -1  -1  -2  -2   1  -1  -3  -1   1   4  -3  -2  -1   13   0  26   0   0   0   0   0   0   0   0  12   0   0   0   0  49   0   0   0  0.32 0.03
  284 D    -1   0   0   4  -4   1   3  -2   3  -3  -3   1  -2  -3  -2   0  -1  -4  -2  -3    0   0   0  36   0   0  38   0  13   0   0  14   0   0   0   0   0   0   0   0  0.55 0.03
  285 R    -2   6  -1  -2  -4   1   0  -3  -1  -3  -3   2  -2  -3  -3  -1  -2  -3  -2  -3    0 100   0   0   0   0   0   0   0   0   0   0   0   0   0   0   0   0   0   0  0.94 0.06
  286 L    -2  -3  -4  -4  -2  -3  -3  -4  -3   1   5  -3   2   0  -3  -3  -2  -2  -1   1    0   0   0   0   0   0   0   0   0   0 100   0   0   0   0   0   0   0   0   0  0.57 0.05
  287 L    -2  -3  -4  -4  -2  -3  -3  -4  -3   3   3  -3   2   2  -3  -3  -1  -2   0   1    0   0   0   0   0   0   0   0   0  26  62   0   0  12   0   0   0   0   0   0  0.40 0.03
  288 I    -2  -3  -4  -4  -2  -3  -4  -4  -4   5   1  -3   1   0  -3  -3  -1  -3  -2   2    0   0   0   0   0   0   0   0   0 100   0   0   0   0   0   0   0   0   0   0  0.55 0.06
  289 D    -2  -2   3   6  -4  -1   1   1  -1  -4  -4  -1  -3  -4  -2   0  -1  -4  -3  -4    0   0  14  74   0   0   0  13   0   0   0   0   0   0   0   0   0   0   0   0  0.78 0.04
  290 M    -2   1  -3  -3  -2  -2  -3  -4  -3   4   1  -2   2  -1  -3  -2  -1  -3  -2   2    0  14   0   0   0   0   0   0   0  75   0   0  11   0   0   0   0   0   0   0  0.33 0.04
  291 D    -1  -1   0   4  -3   0   3  -2  -1  -3  -3   0  -2  -3  -2   0   2  -4  -3  -2    0   0   0  46   0   0  28   0   0   0   0   0   0   0   0   0  26   0   0   0  0.54 0.03
  292 S     1  -1   3   0  -1   0   0   0  -1  -3  -3   0  -2  -3  -1   4   1  -3  -2  -2    0   0  19   0   0   0   0   0   0   0   0   0   0   0   0  81   0   0   0   0  0.46 0.03

                      K         Lambda
Standard Ungapped    0.1348     0.3165
Standard Gapped      0.0430     0.2670
PSI Ungapped         0.1406     0.3174
PSI Gapped           0.0430     0.2670
