
Last position-specific scoring matrix computed, weighted observed percentages rounded down, information per position, and relative weight of gapless real matches to pseudocounts
            A   R   N   D   C   Q   E   G   H   I   L   K   M   F   P   S   T   W   Y   V   A   R   N   D   C   Q   E   G   H   I   L   K   M   F   P   S   T   W   Y   V
    1 M    -5  -4  -5  -6  -6   6  -4  -7  -5   1  -3  -4   9  -5  -6  -5  -5  -6  -5  -4    0   0   0   0   0  36   0   0   0   8   0   0  56   0   0   0   0   0   0   0  2.30 0.79
    2 I    -6  -7  -8  -9  -7  -6  -8  -9  -8   1   2  -7  10  -6  -3  -7  -3  -7  -7   2    0   0   0   0   0   0   0   0   0   8  14   0  62   0   2   0   2   0   0  12  2.42 0.89
    3 R    -8   9  -7  -8 -10  -4  -6  -9  -2  -9  -8  -1  -8  -6  -8  -6  -7  -9  -6  -9    0  95   0   0   0   0   0   0   1   0   0   3   0   0   0   0   0   0   0   0  3.20 1.12
    4 V    -6  -8  -9  -9  -7  -8  -9  -9  -9   8  -3  -8  -3  -6  -8  -8  -6  -8  -7   4    0   0   0   0   0   0   0   0   0  71   1   0   0   0   0   0   0   0   0  27  2.45 0.87
    5 I    -6  -8  -7  -8  -4  -8  -8  -7  -4   8  -3  -8  -4  -5  -8  -4   1  -8  -7   2    0   0   0   0   0   0   0   0   1  77   1   0   0   0   0   1   9   0   0  11  2.26 0.83
    6 S     5  -6  -5  -6  -3  -6  -6   4  -6  -7  -7  -6  -6  -7  -6   4   0  -8  -7  -6   38   0   0   0   0   0   0  31   0   0   0   0   0   0   0  25   6   0   0   0  1.36 0.64
    7 G    -6  -9  -7  -7  -9  -8  -8   8  -8 -10 -10  -8  -9  -9  -8  -6  -8  -9  -9  -9    0   0   0   0   0   0   0 100   0   0   0   0   0   0   0   0   0   0   0   0  3.13 1.09
    8 K    -2   1  -2  -1  -3   2   2  -5  -2   0  -3   4  -2  -5  -5   2   2  -5  -3  -3    2   8   2   3   0   9  15   0   1   6   2  23   1   0   0  13  13   0   1   1  0.50 0.34
    9 Y     3  -2  -3  -7   0  -3  -6  -4   3  -5   0  -2  -2   3  -7  -4  -6   8   5  -4   22   2   2   0   2   1   0   1   6   0  10   3   1  12   0   1   0  20  16   0  1.14 0.54
   10 R    -5   7  -6  -7  -5  -4  -5   0  -6  -9  -8   6  -7  -9  -7  -5  -7  -8  -7  -8    1  53   0   0   0   0   0   7   0   0   0  40   0   0   0   0   0   0   0   0  2.16 0.87
   11 H    -5  -1  -1  -7  -8  -6  -7   7  -2  -9  -9  -4  -8  -7  -8   1  -6  -8  -7  -9    0   4   3   0   0   0   0  80   1   0   0   1   0   0   0  10   0   0   0   0  2.16 0.85
   12 R    -5   8  -5  -7  -7  -2  -5  -7   2  -3  -2   1  -1  -3  -7  -4   0  -8  -5  -5    1  69   0   0   0   2   0   0   5   2   4   8   2   1   0   1   5   0   0   1  1.88 0.78
   13 L    -3   5   0  -5  -7   0  -3  -5  -1  -2  -2   5  -4  -5  -1  -2  -1  -4  -5  -1    1  29   4   0   0   3   1   0   1   3   4  37   0   1   4   2   3   0   0   4  0.99 0.50
   14 L    -7  -8  -9  -9  -7  -8  -8  -9  -8   4   6  -8  -3  -2  -8  -8  -6  -5  -6  -2    0   0   0   0   0   0   0   0   0  21  75   0   0   1   0   0   0   0   0   2  1.98 0.78
   15 N     0   2  -1  -2  -4   1   0  -4   0  -1  -2   4  -3   0   1   0   0  -4  -1  -1    8   9   3   2   0   5   7   0   2   3   4  27   0   4   6   7   5   0   2   4  0.29 0.22
   16 W     2  -4  -3  -4  -1  -2  -2  -2  -4  -1  -3  -4  -1   4  -2   2   3  -3   0   2   16   1   1   0   1   2   2   3   0   2   1   0   2  15   2  17  16   0   2  17  0.46 0.33
   17 P    -1  -5  -5  -4  -5  -5  -5  -6  -4   0   0  -4  -4   0   7  -3  -3  -8  -4   1    5   1   1   1   0   0   1   1   1   5  11   1   0   4  56   2   2   0   0  10  1.45 0.65
   18 K    -1   1   0   3  -6  -1   2  -2  -2  -5  -4   4  -4  -6   3   0  -2  -6  -5  -4    6   6   5  15   0   2  11   2   1   1   1  28   0   0  13   6   3   0   0   1  0.60 0.36
   19 S     0  -2   0   0  -3  -3  -2   5  -1  -2  -2  -3  -3  -4  -3   1  -2  -3  -4  -1    8   2   5   5   0   1   2  47   1   3   4   2   1   1   1  10   2   0   1   4  0.69 0.37
   20 K    -1   2   1   2  -3   1   2  -2  -1  -2   0   1   1  -3   2   0  -1  -3  -2  -2    4  10   6  10   0   6  14   2   1   1  10   8   4   1  10   6   4   0   1   2  0.20 0.16
   21 D     0   0   1   2  -4  -1   0   4   1  -2  -3   0  -3  -4  -3   0   0  -3  -3  -3    7   6   8  13   0   2   6  28   3   2   2   6   1   1   1   7   5   0   1   1  0.37 0.23
   22 I    -4  -6  -6  -7  -5  -5  -6  -7  -7   4   3  -6  -2  -1  -6  -4   5  -6  -3   3    1   0   0   0   0   0   0   0   0  19  25   0   0   2   0   1  34   0   1  16  1.10 0.54
   23 R    -8   9  -7  -8 -10  -5  -5  -9  -3 -10  -9  -3  -8  -9  -9  -7  -7  -9  -8  -9    0  98   0   0   0   0   0   0   1   0   0   1   0   0   0   0   0   0   0   0  3.39 1.20
   24 P    -5  -9  -9  -8  -9  -8  -6  -9  -9  -7  -7  -8  -9 -10   9  -6  -8 -10  -6  -6    1   0   0   0   0   0   1   0   0   0   0   0   0   0  97   0   0   0   0   1  3.54 1.27
   25 T    -4  -7  -6  -7  -7  -7  -7  -8  -8  -3  -6  -7  -1  -8  -6  -2   8  -9  -8  -5    1   0   0   0   0   0   0   0   0   1   1   0   1   0   0   3  91   0   0   0  2.75 1.09
   26 M     1  -3  -4  -5  -5  -1  -2  -1  -3  -4   0  -1   2  -6   2   4   4  -6  -6  -4   10   1   0   0   0   3   2   4   0   1   8   3   5   0  11  28  24   0   0   0  0.65 0.43
   27 D    -2  -6   0   8  -9  -4   0  -2  -5  -7  -9  -6  -8  -9  -7  -1  -6 -10  -9  -8    3   0   3  78   0   1   6   4   0   0   0   0   0   0   0   4   0   0   0   0  2.31 0.89
   28 K    -5   8  -5  -7  -9  -2  -5  -7  -5  -2  -5   4   0  -5  -6  -4  -6  -8  -5  -5    1  66   0   0   0   2   0   0   0   2   1  22   2   1   0   1   0   0   0   1  2.05 0.83
   29 V    -1  -7  -5  -8  -4  -6  -7  -8  -8   3  -1  -7   0  -4  -7  -5  -1  -8  -5   7    5   0   1   0   0   0   0   0   0  15   5   0   2   0   0   0   4   0   0  67  1.69 0.69
   30 R    -7   7  -6  -7  -9  -3  -5  -8  -6  -9  -8   6  -7  -9  -7  -6  -7  -9  -8  -8    0  61   0   0   0   0   0   0   0   0   0  38   0   0   0   0   0   0   0   0  2.51 0.96
   31 E    -5  -5  -6  -4  -9   0   8  -2  -6  -7  -7  -1  -5  -9  -7  -4  -6  -9  -8  -7    0   0   0   0   0   4  86   3   0   0   0   4   0   0   0   1   0   0   0   0  2.45 0.99
   32 A     5  -6  -1  -6  -6  -5  -6  -3  -6  -6  -6  -5  -4  -5  -5   3   5  -7  -5  -4   44   0   2   0   0   0   0   2   0   0   0   0   0   0   0  21  28   0   0   1  1.33 0.67
   33 I    -5  -7  -8  -8  -6  -7  -7  -8  -7   4   5  -7   1  -3  -7  -7  -4  -2  -5   3    0   0   0   0   0   0   0   0   0  23  56   0   3   1   0   0   0   1   0  16  1.50 0.61
   34 F    -7  -9  -9 -10  -6  -9  -9  -9  -7  -5  -5  -9  -3  10 -10  -9  -8  -5  -1  -7    0   0   0   0   0   0   0   0   0   0   0   0   1  97   0   0   0   0   1   0  3.69 1.20
   35 S    -3  -5   8   2  -7  -3  -4  -4  -2  -8  -8  -6  -6  -8  -7   4  -5  -9  -7  -8    2   0  61   9   0   1   1   1   1   0   0   0   0   0   0  24   0   0   0   0  2.02 0.84
   36 S    -2  -3  -7  -8  -4  -5  -7  -7  -7   6  -2  -3   5  -5  -7   0  -3   9  -4   1    3   1   0   0   0   1   0   0   0  39   3   2  11   0   0   7   2  23   0   7  1.59 0.66
   37 L    -6  -7  -8  -8  -4  -7  -8  -9  -8   4   6  -7  -2  -3  -8  -7  -5  -4  -6  -1    0   0   0   0   0   0   0   0   0  21  72   0   0   1   0   0   0   0   0   4  1.85 0.72
   38 R     1   0  -1  -3  -5   4  -1   4  -2  -4  -5  -2   2  -4  -3   0  -1  -6  -2  -5   13   6   3   1   0  20   3  32   1   1   1   2   5   1   1   7   3   0   1   0  0.66 0.39
   39 M    -1  -2   1   1  -5   1   0   0   2  -4  -3  -2  -2   2   4   1  -1   0  -2  -4    5   2   7   8   0   7   6   6   5   0   2   1   1   9  24   9   4   2   1   1  0.43 0.28
   40 Q    -2   3  -1   3  -3   0   2  -3   1  -2  -2   0  -1   0  -3  -1  -2   2   4  -2    2  16   3  17   1   3  12   1   3   3   4   6   2   3   1   4   2   2  13   3  0.36 0.25
   41 L    -4  -7  -6  -6  -1  -6  -6  -6  -7   5   2  -5   0   3  -4  -5  -2  -1  -3   4    1   0   0   0   1   0   0   0   0  36  21   0   1  10   1   1   2   1   1  24  1.10 0.48
   42 E     0   0  -1   1  -2   0   3  -3   1   0  -3   0  -3  -2   3   0  -1  -3   0   0    8   4   3   9   1   4  19   2   3   6   1   5   0   1  13   6   4   0   3   7  0.23 0.19
   43 G    -4  -5   2   4  -4  -2   0   6  -2  -8  -7  -3  -7  -5  -7  -3  -5  -8  -6  -7    1   0   9  23   0   2   6  53   1   0   0   1   0   0   0   2   0   0   0   0  1.41 0.62
   44 K     5  -1  -5  -5   1  -3  -3   0  -5  -3  -2   1  -2  -5  -5   2  -1  -1  -3  -3   47   3   0   0   3   1   1   6   0   1   5   8   1   0   0  17   3   1   1   2  0.76 0.45
   45 I    -1   5   0  -1  -2   0  -1  -4   2   0  -2   1  -2  -3  -5   0   0  -3  -2   0    4  33   5   4   1   3   3   0   5   5   3   8   1   1   0   7   6   0   1   8  0.48 0.31
   46 V    -3  -8  -8  -8   7  -8  -8  -5  -8   0  -4  -8  -2   4  -8  -5  -5  -4  -5   6    2   0   0   0  20   0   0   1   0   5   0   0   1  17   0   0   0   0   0  52  1.77 0.71
   47 L    -3  -8  -9  -9  -3  -8  -8  -8  -8  -2   7  -8  -2  -4  -8  -7  -7  -5  -4  -3    3   0   0   0   1   0   0   0   0   2  91   0   0   0   0   0   0   0   0   1  2.20 0.86
   48 D    -8  -8  -4   9 -10  -6  -2  -8  -7 -10 -10  -7 -10 -10  -8  -6  -7 -11 -10 -10    0   0   0  98   0   0   2   0   0   0   0   0   0   0   0   0   0   0   0   0  3.35 1.17
   49 L    -2  -7  -8  -9   1  -7  -8  -5  -8  -1   6  -8   0  -3  -7  -6  -6  -7  -6  -1    5   0   0   0   3   0   0   1   0   3  82   0   2   1   0   0   0   0   0   4  1.85 0.74
   50 F    -8  -9  -9 -10   2  -9  -9  -9  -7  -6  -5  -9  -6   9 -10  -8  -8  -5   5  -7    0   0   0   0   4   0   0   0   0   0   0   0   0  81   0   0   0   0  14   0  3.18 1.07
   51 A     7  -6  -6  -7   3  -6  -6  -2  -7  -7  -7  -6  -6  -7  -6   2  -4  -8  -7  -6   80   0   0   0   5   0   0   2   0   0   0   0   0   0   0  11   1   0   0   0  2.01 0.84
   52 G    -5  -8  -6  -7  -8  -7  -8   8  -8  -9  -9  -7  -8  -8  -8  -6  -7  -8  -8  -8    0   0   0   0   0   0   0  98   0   0   0   0   0   0   0   0   0   0   0   0  3.01 1.05
   53 S    -2  -6  -4  -6  -3  -5  -6  -6  -6  -6  -6  -6  -6  -4  -5   6   5  -8  -7  -5    2   0   0   0   1   0   0   0   0   0   0   0   0   1   0  60  34   0   0   0  1.87 0.84
   54 G    -5  -8  -6  -7  -4  -7  -8   8  -8  -9  -9  -7  -8  -8  -8  -6  -7  -8  -8  -8    1   0   0   0   0   0   0  97   0   0   0   0   0   0   0   0   0   0   0   0  2.95 1.03
   55 S     6  -6   1  -6  -4  -1  -5   0  -6  -1  -5  -5  -5  -7  -5   3  -3  -7  -6  -2   59   0   6   0   0   3   0   7   0   3   1   0   0   0   0  17   1   0   0   3  1.22 0.61
   56 M    -6  -6  -4  -8  -6  -5  -7  -8  -7   2   6  -7   4   0  -7  -6  -5  -3  -3   2    0   0   1   0   0   0   0   0   0  10  64   0   8   3   0   0   0   0   1  12  1.45 0.60
   57 A     0  -7  -6  -7  -5  -7  -7   7  -7  -8  -8  -7  -8  -7  -6  -1  -5  -8  -8  -7    7   0   0   0   0   0   0  86   0   0   0   0   0   0   0   4   1   0   0   0  2.40 0.89
   58 I    -5  -7  -7  -8  -3  -7  -7  -8  -7   6   4  -7  -1   4  -7  -5  -5  -6  -4  -2    0   0   0   0   0   0   0   0   0  44  36   0   1  16   0   1   0   0   0   1  1.58 0.62
   59 E    -7  -6  -6  -4  -9  -4   8  -8  -6  -9  -8  -5  -8  -9  -7  -6  -5  -8  -8  -8    0   0   0   0   0   0  97   0   0   0   0   0   0   0   0   0   1   0   0   0  3.04 1.14
   60 A     7  -7  -7  -8  -1  -7  -7  -4  -7  -7  -6  -7  -5  -1  -7  -2  -4  -8  -7  -6   91   0   0   0   1   0   0   1   0   0   0   0   0   3   0   3   1   0   0   0  2.37 0.96
   61 V    -1  -6  -8  -8  -4  -7  -8  -8  -8   2   6  -6  -1  -3  -8  -7  -5  -1  -3   0    7   0   0   0   0   0   0   0   0  11  72   0   1   1   0   0   0   1   1   5  1.57 0.65
   62 S    -4  -7  -6  -7  -3  -6  -6  -7  -7  -9  -9  -6  -8  -9  -7   8  -5  -9  -8  -8    1   0   0   0   1   0   0   0   0   0   0   0   0   0   0  99   0   0   0   0  2.90 1.17
   63 N    -8   9  -3  -8 -10  -4  -4  -9  -4  -9  -8  -4  -8  -9  -8  -6  -7  -9  -4  -9    0  96   1   0   0   0   1   0   0   0   0   0   0   0   0   0   0   0   1   0  3.21 1.15
   64 Y    -5  -6  -3  -5  -8  -4  -6   8  -6 -10  -9  -6  -8  -7  -8  -6  -7  -5  -2  -9    0   0   1   1   0   1   0  93   0   0   0   0   0   0   0   0   0   0   2   0  2.69 0.98
   65 A     7  -7  -7  -8   0  -7  -7  -3  -7  -5  -6  -6   0  -4  -6  -3  -6  -8  -6  -4   89   0   0   0   2   0   0   2   0   1   0   0   3   1   0   1   0   0   0   1  2.26 0.93
   66 M     3   2  -1   1  -2   0   1   0  -1  -4  -4   3  -1  -5  -4   1  -2  -5  -4  -3   23  12   3   7   1   3  10   6   1   0   1  19   1   0   0   9   2   0   0   1  0.44 0.30
   67 K    -2   2  -1  -3  -2   2   2  -4   5  -4  -3   2  -2   1  -5   2  -1  -1   0  -5    3  12   2   1   1  10  11   1  13   1   2  12   1   6   0  18   3   1   3   0  0.51 0.33
   68 A     4  -7  -7  -7   6  -6  -7  -4  -7  -2  -4  -6  -2  -6  -6  -2  -2  -7  -6   5   36   0   0   0  14   0   0   1   0   1   1   0   1   0   0   2   3   0   0  40  1.42 0.65
   69 V    -3  -5  -5  -1  -1  -3  -5  -6  -1   1  -1  -5  -1  -2  -6  -3   4  -1   2   5    1   0   0   4   1   1   0   0   2   8   6   0   1   1   0   1  26   1   6  39  0.90 0.48
   70 A    -2  -8  -8  -9  -1  -5  -8  -8  -7  -2   2  -8   3   9  -9  -6  -6  -2  -2  -6    4   0   0   0   1   1   0   0   0   2  15   0   5  70   0   1   0   0   0   0  2.31 0.85
   71 V    -4  -8  -3  -8   2  -7  -8  -7  -8   4  -1  -7  -1  -3  -8  -6  -4  -4  -6   7    1   0   1   0   3   0   0   0   0  20   5   0   1   1   0   0   1   0   0  65  1.77 0.71
   72 E    -7  -6  -5   6 -10  -4   7  -8  -6  -9  -9  -5  -8  -9  -7  -6  -7  -9  -8  -9    0   0   0  44   0   0  56   0   0   0   0   0   0   0   0   0   0   0   0   0  2.42 0.96
   73 K    -1   2   3  -3  -2   2  -2  -4   1  -1  -2   4   0  -3  -3   1  -2  -5  -4  -3    4  11  16   1   1  10   2   1   3   5   4  23   2   1   1  12   2   0   0   1  0.47 0.32
   74 D     0  -3   5   4  -5  -1  -1  -2   2  -6  -6  -2  -5  -5  -6   4  -3  -5  -5  -5    6   1  25  23   0   2   4   3   5   0   0   2   0   0   0  26   1   0   0   0  0.94 0.50
   75 K     1   4  -1  -4  -5   0  -2  -3   0  -2  -3   2  -3  -1   4   0  -2  -4  -1  -3   10  24   2   1   0   3   2   2   2   2   3  13   0   2  19   6   3   0   3   2  0.52 0.33
   76 E     1   3  -1   1  -4   3   2  -2   0  -3  -2   3  -2  -4  -1   0  -1  -5  -3  -2   11  13   2   6   0  12  12   3   2   2   3  17   1   1   3   5   3   0   1   3  0.31 0.22
   77 A     5  -4  -2  -6   2  -4  -5  -4  -2  -2  -3  -5  -2  -5  -4   3  -1  -7  -5   1   51   1   2   0   5   1   0   1   1   2   3   0   1   0   0  18   3   0   0  11  0.99 0.52
   78 V     2  -3  -5  -6   3  -2  -5  -4  -2   4   1  -4  -1   0  -5  -2  -1  -3   1   2   17   1   0   0   7   2   0   1   1  24  14   0   1   4   0   3   4   0   5  16  0.51 0.29
   79 K     2   3   1   0  -5   2   1  -2  -1  -5  -4   3  -2  -4  -4   0  -1  -6  -4  -4   15  18   6   5   0  10   9   3   1   0   1  19   1   1   0   7   3   0   0   1  0.46 0.30
   80 I     1  -4  -1  -4   3   1  -3  -4   0   3   1  -3   0  -2  -4  -1   2  -5  -1   3   11   1   3   0   5   8   1   1   3  16  15   1   2   1   0   3  11   0   2  18  0.35 0.25
   81 I    -4  -7  -8  -8  -2  -6  -8  -8  -8   7   4  -7   0  -5  -7  -6  -3  -7  -6   1    1   0   0   0   1   0   0   0   0  49  39   0   1   0   0   0   1   0   0   6  1.65 0.65
   82 Y    -2   5   0  -4  -3   2   1  -4   0  -4  -3   5  -3  -5  -5  -2  -2  -7  -3  -5    3  30   5   1   1   8   9   1   2   1   2  31   1   1   0   2   2   0   1   1  0.94 0.48
   83 E     1   1  -1   2  -5   2   4  -2  -1  -5  -5   3  -3  -6  -5   0  -1  -6  -4  -5   12   8   2   9   0   9  26   2   1   0   1  19   0   0   0   5   3   0   0   0  0.64 0.38
   84 N    -5  -6   9  -5  -9  -2  -6  -6  -1  -7  -8  -6  -8  -5  -8  -3  -2  -7  -8  -7    1   0  90   0   0   2   0   0   1   0   0   0   0   1   0   1   2   0   0   0  2.99 1.10
   85 V     0  -3  -7  -7   0  -4  -6  -6  -5   5   4  -4  -1  -2  -6  -4  -3  -6  -5   1    9   1   0   0   2   1   0   0   0  27  43   1   1   1   0   1   1   0   0  10  0.99 0.46
   86 N     2   2   0   1  -3   2   3  -3  -1  -4  -3   3  -2  -4  -3   0  -1  -6  -4  -3   18  10   4   7   0   9  19   1   2   1   2  15   1   0   0   7   3   0   0   1  0.43 0.29
   87 A     1   2   0  -1  -3   0  -1  -2   2  -1   1   2   0  -2  -3   0   1  -2  -1  -1   11  10   5   2   0   2   3   2   5   4  14  15   3   1   0   8   9   0   1   2  0.15 0.15
   88 L    -2  -6  -6  -7   6  -6  -5  -7  -7  -1   5  -6  -2   0  -6  -4   2  -3  -4  -1    3   0   0   0  14   0   1   0   0   3  54   0   1   4   0   1  13   0   1   4  1.20 0.55
   89 Q    -3   1   2   0  -5   1   0   4   1  -5  -6   3  -4  -5  -5  -1  -4  -6  -6  -6    2   8  11   6   0   5   6  33   3   1   0  20   0   0   0   3   1   0   0   0  0.76 0.40
   90 I     2  -4  -5  -3   2  -4  -2  -4  -5   2   3  -4   0   3  -3  -2  -2  -3  -1   1   17   1   0   1   4   1   3   1   0  11  25   1   2  15   1   2   3   0   2  10  0.43 0.26
   91 N    -1  -3   1   4  -4   2   5  -1  -2  -5  -4   0  -4  -6  -2   1   0  -6  -5  -5    4   1   6  18   0   8  32   4   1   0   2   6   0   0   2  10   6   0   0   1  0.67 0.39
   92 N    -2   3   4   2  -4   3   1   0   0  -5  -5   2  -4  -5  -3   0  -2  -5  -5  -4    3  17  18  11   0  12   7   7   2   0   0  12   0   0   1   6   2   0   0   1  0.57 0.34
   93 I     4  -2  -4  -5   4  -3  -4   0  -4   1  -2  -2  -1   0  -4   1   0  -2   0   1   31   3   0   0  10   1   0   6   0   7   3   2   1   4   0   9   6   0   4  11  0.44 0.29
   94 E    -2   3   0   0  -3   2   3  -4   1  -4  -3   2  -3  -3  -4  -1   2  -6  -3  -2    3  17   4   5   1   9  22   1   3   1   2  11   1   1   0   4  11   0   1   3  0.47 0.31
   95 V    -2  -6  -7  -7  -1  -7  -7  -8  -7   5   1  -7  -1  -1  -5  -6  -2  -7  -5   6    3   0   0   0   1   0   0   0   0  30  13   0   1   2   0   0   2   0   0  47  1.40 0.58
   96 F    -3  -1  -5  -5  -2  -2  -4  -6   2   4   2  -3   1   2  -5  -4  -4   1   3   3    1   4   0   0   1   2   1   0   5  23  18   1   3   7   0   0   0   2  10  21  0.65 0.34
   97 N     0   4   2  -4   2   2  -1  -3   2  -3  -2   3  -2  -3  -2  -2   0  -3  -3  -3    6  21  12   0   5  10   3   1   6   2   4  16   1   1   2   2   5   0   1   2  0.45 0.30
   98 T     2   1   0  -2   1   2  -1   1  -2  -3  -1   1   3  -4  -3   1   1   0  -2  -2   16   7   4   2   3  10   2  12   1   1   5   7   9   0   0   9   7   1   1   2  0.20 0.19
   99 N    -5  -3   2   8  -8  -4   0  -4  -4  -7  -7  -2  -6  -8  -2   0  -2  -9  -7  -7    1   1   8  69   0   0   5   1   0   0   0   3   0   0   2   6   2   0   0   0  1.86 0.76
  100 A     5  -5  -6  -6  -1  -5  -5  -4  -5   0  -3  -5  -4   0  -5  -1  -2  -1   2   4   46   0   0   0   2   0   0   1   0   4   2   0   0   4   0   5   2   1   7  26  0.99 0.52
  101 L    -1   1  -2  -2  -2  -1   0  -3  -3   1   3  -1   1   2  -2  -1  -1  -2  -1   0    6   9   2   2   1   3   6   1   0   7  30   4   3  11   2   4   4   1   2   4  0.21 0.17
  102 A     1   3   0   0  -3   1  -1  -2   0  -2  -3   2  -2  -4  -2   2   1  -4  -4  -1   11  17   4   5   0   7   4   2   3   2   2  15   1   1   1  13   7   0   0   4  0.29 0.23
  103 F     3  -3  -3  -4   0  -3  -4  -2  -2  -1  -1  -3  -3   5  -5  -2  -3   6   4  -1   25   1   1   1   2   1   1   3   1   3   6   1   0  22   0   2   1  11  14   4  0.79 0.40
  104 L    -3  -4  -6  -6  -4  -5  -7  -4  -6   2   6  -6  -2  -2  -4  -6  -5  -4  -5   0    2   1   0   0   0   0   0   1   0  11  73   0   1   2   1   0   0   0   0   5  1.51 0.62
  105 K     1   2   1   0  -5   1   1  -1  -2  -4  -2   4  -2  -4   0   0  -1  -5  -4  -3   10  12   7   4   0   6   8   4   1   1   5  26   1   1   5   6   3   0   0   1  0.39 0.25
  106 S     1   2   1  -1  -2   3   0   0   1  -3  -3   1  -1  -4  -1   2   1  -3  -2  -3   13  10   8   2   1  12   4   6   3   1   2   9   2   0   2  14   8   0   1   1  0.25 0.20
  107 K     0   2   0  -1   0   1   0  -2   0  -1   1   2  -1  -1   1  -1  -1  -3  -1  -2    8  11   6   2   2   5   7   3   2   2  16  15   1   3   7   4   3   0   2   2  0.12 0.12
  108 T     1   1   1  -1   0   1   0  -2  -1  -2  -3   2  -2  -3   2   1   2  -5  -3  -2   10   8   5   3   2   6   5   2   1   2   2  11   1   1  11  13  11   0   0   2  0.22 0.18
  109 G     0  -2   2   2  -3  -1   1   4   0  -4  -4   1  -3  -4  -1   0  -1  -3  -2  -4    8   2  10  10   1   3   9  29   2   1   1   9   0   1   3   7   3   0   1   1  0.41 0.25
  110 R    -1   2  -1   0  -3   2   3  -1  -1  -2  -2   2  -1  -4  -2  -1  -1  -4  -2  -2    5  12   3   4   1   9  22   5   2   3   5  14   1   0   2   4   4   0   1   3  0.29 0.21
  111 V    -1   2  -2  -3  -2   2  -2  -3  -1  -3  -3   4  -3  -2   4   0   0  -6  -4  -2    6  10   1   1   1  10   2   2   2   2   2  22   0   2  21   8   5   0   0   3  0.53 0.33
  112 F    -4  -8  -8  -9  -2  -8  -8  -7  -3  -4  -4  -7  -3   9  -8  -7  -7  -1   5  -3    2   0   0   0   1   0   0   0   1   1   1   0   1  74   0   0   0   1  16   2  2.68 0.93
  113 D    -6  -6   0   8  -9  -3  -3  -3  -2  -9  -8  -5  -8  -9  -7  -2  -2 -10  -8  -9    1   0   5  83   0   1   1   2   1   0   0   1   0   0   0   2   3   0   0   0  2.51 0.94
  114 Y    -5  -7  -7  -8  -4  -7  -7  -7  -1   5   5  -7  -1   2  -7  -7  -5  -3   1   1    0   0   0   0   0   0   0   0   2  28  45   0   1   7   0   0   0   0   5  10  1.23 0.53
  115 I    -2  -8  -8  -8  -4  -8  -8  -9  -8   7  -3  -8  -3  -5  -8  -7  -6  -8  -5   5    4   0   0   0   0   0   0   0   0  56   1   0   0   0   0   0   0   0   0  38  2.06 0.78
  116 F    -7  -9  -9 -10  -8  -9  -9  -9  -5  -2   0  -9  -3   9 -10  -8  -8  -5   2  -5    0   0   0   0   0   0   0   0   0   2   9   0   0  82   0   0   0   0   6   0  2.94 1.00
  117 L     1  -6  -7  -7   2  -6  -7  -7  -7   3   5  -6   4  -1  -7  -4  -5  -6  -5   1   13   0   0   0   5   0   0   0   0  17  44   0   9   2   0   1   0   0   0   9  1.07 0.49
  118 D    -6  -8  -5   9 -10  -7  -5  -5  -7 -10 -10  -7  -9 -10  -8  -6  -6 -11 -10 -10    1   0   0  98   0   0   0   1   0   0   0   0   0   0   0   0   0   0   0   0  3.34 1.18
  119 P    -4  -9  -8  -8  -9  -8  -8  -9  -9  -9  -9  -7  -9 -10   9  -7  -7 -10  -9  -9    1   0   0   0   0   0   0   0   0   0   0   0   0   0  98   0   0   0   0   0  3.65 1.29
  120 P    -7  -9  -9  -8 -10  -8  -8  -9  -9 -10 -10  -8  -9 -10   9  -7  -8 -11 -10  -9    0   0   0   0   0   0   0   0   0   0   0   0   0   0 100   0   0   0   0   0  3.79 1.33
  121 Y    -9  -9  -9 -10  -9  -5  -9 -10  -3  -8  -7  -9  -7   5 -10  -8  -8  -1  10  -8    0   0   0   0   0   1   0   0   0   0   0   0   0  22   0   0   0   1  76   0  3.39 1.23
  122 A     2   1   2   0  -2   0  -1   2   3  -3  -2   0  -2  -1  -2   0  -1  -2   1  -3   16   9   9   5   1   4   4  14   8   1   3   6   1   3   2   5   3   0   4   2  0.20 0.14
  123 E    -2   2  -1   2  -4   3   2  -3  -1  -4  -2   4   0  -4  -3  -1  -2  -3  -3  -3    3  10   2  12   0  13  11   2   1   1   3  28   2   1   1   4   2   0   1   1  0.57 0.31
  124 Y     1   0   0  -1  -1   1   0  -1   1  -1   0  -1   0   0   0   1   1  -1   1  -1   10   5   3   3   1   7   5   5   3   4   9   3   3   4   5  13   7   1   5   4  0.04 0.05
  125 D    -2  -1   3   3  -5  -1   2   4  -2  -5  -4   0  -4  -5  -2  -2  -2  -5  -5  -5    3   3  13  18   0   3  12  30   1   1   2   6   0   0   2   3   2   0   0   1  0.68 0.36
  126 L    -2  -3  -4  -5  -2  -2  -2  -4   0   1   5  -3   2   1  -5  -4  -3   2   2  -1    3   1   1   1   1   2   3   1   2   7  49   2   5   6   0   1   1   3   7   3  0.73 0.37
  127 L     2  -4  -4  -5  -1  -3  -2  -2  -2   3   2  -4   0  -1  -3  -2  -1   3   3   2   18   1   0   0   1   1   2   4   1  14  21   0   1   2   1   2   3   3   9  15  0.40 0.26
  128 N     0  -1   1   1  -3   1   3  -1  -1  -2  -2   1  -1  -4   1   0   0  -4  -2  -2    8   3   6   9   0   7  20   5   1   2   4   7   1   1   8   8   6   0   1   3  0.23 0.19
  129 E     0   2  -1   1  -5   2   3  -4  -2  -3  -3   3  -3  -5   3  -1  -1  -4  -4  -3    7  10   3   6   0   7  18   1   1   1   3  17   0   0  13   5   3   0   0   2  0.46 0.31
  130 C     2  -5  -5  -4   4  -4  -5  -5  -5   2   1  -5   0  -3  -4   0   3  -4  -5   3   19   0   0   1   7   1   0   0   0  10  14   0   2   1   1   7  19   0   0  17  0.59 0.36
  131 I    -2  -6  -8  -8   3  -6  -6  -6  -6   3   5  -7   2   0  -5  -6  -4  -4  -5   1    3   0   0   0   6   0   1   1   0  16  56   0   4   3   1   0   1   0   0   7  1.24 0.55
  132 K     1   1   0   1  -4   2   3  -2  -1  -2  -2   2  -2  -3  -1   0  -1  -1  -4  -3   10   7   5   7   0   9  22   3   1   2   3  10   1   1   3   7   4   1   0   2  0.29 0.23
  133 L     1   0  -1  -3  -2   0  -1  -2   0   1   3   1   1  -1  -4  -1   0  -1  -1  -1   15   4   4   1   1   5   4   2   2   6  28  10   3   3   0   4   5   1   2   2  0.18 0.18
  134 V    -3  -6  -7  -8  -5  -6  -5  -7  -8   5   5  -6   0  -2  -5  -6  -5  -7  -5   1    2   0   0   0   0   0   1   0   0  33  51   0   1   2   1   0   0   0   0   7  1.49 0.63
  135 K     1  -1   0   1  -1   0   2   0  -1   0   0   0  -1   0  -2   0  -1  -2  -1   0   17   3   4   7   1   3  13   6   1   5   8   4   1   3   2   8   3   1   2   6  0.06 0.09
  136 Q     0   1   0   2  -4   2   3  -2   0  -4  -3   2  -3  -3  -3   1   0  -4  -3  -4    9   7   5   9   0   9  21   2   2   1   3  13   1   1   1   9   5   0   1   1  0.37 0.26
  137 N     0   1   3  -3   1   0  -1   1   3  -3  -1   1  -2  -1  -2   1  -2  -3   1  -4    7   8  15   1   3   4   2  10   6   1   7   8   1   2   2  13   2   0   6   0  0.23 0.20
  138 D    -2   0   3   3  -3   0   0   3   1  -5  -4   0  -5  -6   1  -1  -2  -6  -3  -5    3   4  15  14   1   5   6  24   3   0   2   6   0   0   7   5   2   0   1   1  0.49 0.30
  139 F    -3  -4  -5  -7   1  -6  -6  -4  -2   3   4  -5   1   0  -5  -5  -4   8  -1   0    2   1   0   0   3   0   0   2   1  15  40   1   3   4   1   1   1  18   2   6  1.13 0.50
  140 L    -4  -7  -8  -8  -2  -7  -7  -7  -7   2   6  -7   1  -2  -6  -7  -4  -5  -4   1    1   0   0   0   1   0   0   0   0   9  72   0   3   1   0   0   1   0   0  10  1.63 0.69
  141 S     3   0   3  -2  -2  -2  -1  -2   0  -5  -4   3  -5  -6  -4   2   1  -6  -4  -3   26   4  11   2   1   2   4   3   2   0   2  17   0   0   1  14   9   0   0   1  0.51 0.35
  142 K     0  -1   0   3  -5   0   3  -4  -2  -4  -5   2  -4  -6   5   0   0  -7  -5  -3    7   3   4  14   0   3  17   1   1   1   1  11   0   0  25   6   5   0   0   2  0.66 0.40
  143 N    -2  -2   3   4  -4  -1   2   3   1  -6  -6  -1  -5  -5  -4  -1  -2  -7  -4  -6    3   2  15  25   0   2  14  20   3   0   1   4   0   1   1   5   2   0   1   0  0.73 0.41
  144 G     4  -7  -4  -6   0  -6  -6   6  -5  -7  -7  -6  -7  -7  -6   0   1  -7  -7  -4   28   0   1   0   2   0   0  52   0   0   0   0   0   0   0   8   7   0   0   1  1.45 0.67
  145 L    -4   0  -5  -6  -2  -2  -4  -7  -5   4   3  -2   2   0  -6  -5  -1   4   0   2    1   6   0   0   1   2   1   0   0  21  31   3   4   3   0   0   4   6   3  15  0.72 0.37
  146 I    -3  -8  -8  -8  -3  -7  -8  -8  -8   6   2  -7  -1   0  -8  -7  -5  -7  -5   4    2   0   0   0   1   0   0   0   0  45  18   0   1   3   0   0   0   0   0  29  1.56 0.64
  147 V    -3  -8  -8  -8   0  -7  -8  -8  -5   5  -2  -7  -2  -2  -8  -5  -4  -2   6   5    2   0   0   0   2   0   0   0   0  27   3   0   1   1   0   1   1   1  22  39  1.57 0.68
  148 V     1  -7  -7  -7   4  -6  -7  -6  -7   4   2  -6  -1   0  -7  -4  -2   0  -1   4   12   0   0   0   7   0   0   0   0  21  20   0   1   3   0   1   2   1   2  28  0.89 0.44
  149 E    -7  -4  -7  -5 -10   0   8  -8  -4 -10  -8  -4  -7 -10  -8  -6  -7  -9  -9  -7    0   1   0   0   0   4  92   0   0   0   0   1   0   0   0   0   0   0   0   0  2.87 1.17
  150 T    -1   0  -4  -5   1  -1  -2  -5   8  -2  -4  -3   0  -3  -6   2   3  -4   0  -3    5   5   0   0   3   3   3   0  35   2   2   1   3   1   0  13  18   0   3   2  1.12 0.57
  151 N     1   0   0   3  -5  -2   3   0   3  -5  -4  -3  -5  -1   1   2  -3  -4  -1  -5   13   6   4  14   0   1  16   7   6   0   2   1   0   3   6  17   1   0   2   0  0.41 0.31
  152 D     2   3  -1  -2  -2   0  -1  -3   0  -1  -3   4  -3  -3   0   1   0  -3  -3  -2   15  14   3   2   1   3   3   1   2   3   2  25   0   1   4  10   6   0   1   3  0.39 0.28
  153 G     0   3   1   3  -5   0   1   1   1  -5  -4   3  -4  -4  -2   0  -1  -4  -4  -4    7  14   6  14   0   4  10  10   3   1   1  17   0   1   2   6   4   0   0   1  0.39 0.26
  154 E    -1  -1   0   2  -4   1   4  -3   0  -2  -1   0  -2  -1  -2   0   1  -4   0  -2    6   4   3  10   0   5  31   2   2   2   7   4   1   2   1   6   7   0   3   3  0.37 0.27
  155 K     0  -1   1   2  -4   1   3  -2  -1  -2  -3   1  -2  -4   3   1   0  -6  -4  -2    7   3   7  10   0   5  17   2   1   3   3   9   1   1  12   9   6   0   0   3  0.30 0.23
  156 I    -2  -5  -4  -4  -2  -4  -3  -5  -4   4   3  -5   0   3   2  -5  -3  -1   0   1    4   0   1   1   1   1   2   1   0  19  31   0   2  10  12   1   1   1   3  10  0.66 0.36
  157 T     0  -2   0   2  -3   0   2  -3  -2  -1  -3   0  -3  -4   4   0   0  -4  -4  -1    9   2   5  11   1   3  13   2   1   4   2   5   1   1  22   8   6   0   0   4  0.42 0.29
  158 L    -1  -4  -2   0  -3  -1   2  -3  -3   2   3  -2  -1   0   0  -2  -2   3  -1   0    5   1   2   6   0   2  17   1   0  10  26   1   1   5   5   3   2   3   2   7  0.28 0.22
  159 P    -2  -1  -2   0  -1  -1   0  -4  -2   0  -2  -2  -3  -1   6   0  -1  -6  -3  -2    3   4   2   5   2   3   6   2   1   6   5   3   1   3  42   6   4   0   1   2  0.81 0.45
  160 E     1  -3   0   2  -4   0   3  -2  -2  -1  -3   0  -3  -2   1   1  -1  -3   0  -1   13   1   5  11   0   3  20   3   1   3   2   6   1   2   7  10   4   0   4   4  0.26 0.22
  161 G    -2  -1   4  -1  -4  -2  -2   5   2  -4  -4  -1  -4  -3  -2   1  -2  -5  -3  -5    3   3  16   4   0   2   3  41   4   1   2   4   0   1   2   9   3   0   1   1  0.76 0.42
  162 L    -7  -7  -6  -9  -2  -7  -8  -7  -6  -1   4  -8  -1   5  -8  -6  -6   9   2  -4    0   0   0   0   1   0   0   0   0   3  40   0   2  21   0   0   0  23   6   1  1.81 0.76
  163 M    -1   1  -1  -1  -2   2   3  -3   0   0  -2   1  -2  -2  -4   1   1  -5  -1   1    4   8   3   3   1  10  18   2   3   5   4   8   1   2   0  10   7   0   2  10  0.21 0.20
  164 V    -3   0  -3  -5   2  -1  -1  -5  -3   3   3   0   1  -2  -1  -4  -2  -4  -3   2    2   6   1   0   5   3   4   1   1  16  32   6   3   1   3   1   2   0   1  12  0.48 0.29
  165 Q    -2  -1  -3  -2  -3   0  -1  -4   3   3   2  -2  -1   2  -5  -2   0   1   3   1    4   4   1   3   0   4   5   1   6  16  16   2   1   7   0   3   5   2   9  11  0.27 0.19
  166 K    -4   5  -3   3  -8  -1  -1  -5  -2  -6  -6   5  -6  -5  -7  -4  -3  -3  -4  -5    1  32   1  14   0   3   3   1   1   0   1  36   0   1   0   1   2   0   1   1  1.36 0.66
  167 N    -3   2  -1   1  -3   4   4  -6   1  -2  -5   0  -3  -5  -5   1   1  -5  -5  -3    2   9   3   6   1  18  28   0   3   2   1   5   1   0   0   9   9   0   0   2  0.68 0.44
  168 K    -3   6  -4  -5  -6  -1  -1  -3  -3  -6  -4   6  -5  -8  -7  -3  -3  -6   0  -4    2  33   1   0   0   3   3   2   1   0   2  43   0   0   0   2   2   0   3   2  1.42 0.69
  169 K    -3   4   0  -2  -3   1  -1  -5   0   0  -5   4  -4  -4  -5  -1   2  -7  -4   0    2  24   4   2   1   6   4   1   2   5   1  23   0   1   0   5  11   0   1   7  0.63 0.39
  170 Y     2  -6  -7  -9  -5  -3  -8  -7   0  -3  -4  -8  -2   1  -9  -3  -3  -2   9  -5   15   0   0   0   0   2   0   0   2   2   2   0   1   6   0   2   2   1  65   1  2.33 0.98
  171 G    -5  -6  -6  -6  -9  -7  -9   8  -7 -10 -10  -4  -9 -10  -7  -2  -8  -9 -10 -10    1   1   0   0   0   0   0  92   0   0   0   1   0   0   0   4   0   0   0   0  2.80 1.10
  172 K    -2   0   2   5  -7   3   2  -2  -2  -1  -5   2  -4  -6  -5  -1  -1  -7  -4  -6    3   4   7  30   0  14  11   3   1   4   1  11   0   0   0   5   4   0   0   0  0.72 0.43
  173 V    -1  -6  -3  -7  -1  -6  -7  -6  -7   0  -5  -2  -6  -6  -7   0   7  -8  -7   3    5   0   1   0   1   0   0   0   0   5   1   3   0   0   0   8  55   0   0  20  1.49 0.75
  174 H     1   2  -2  -3   1   0  -1  -2   1  -1  -1   2   1  -1  -4   0   0  -2   0   1   12  13   1   1   3   4   3   3   3   3   6  13   3   2   0   8   7   0   3  10  0.16 0.16
  175 I    -3  -6  -8  -8  -1  -7  -7  -7  -4   5   3  -7  -1   2  -8  -5  -5  -6   4   4    2   0   0   0   1   0   0   0   0  27  26   0   1   7   0   1   0   0  11  22  1.13 0.53
  176 L    -1   0  -3  -3   1  -2  -4  -2   2  -2   0  -4  -1  -2  -6   4   3   2   1  -2    4   6   1   1   3   2   1   3   4   3   9   1   1   2   0  30  20   3   5   3  0.51 0.38
  177 Y    -7  -5  -8  -9  -7  -7  -8  -9  -5   3   3  -7  -1   7  -9  -8  -5   0   3  -2    0   1   0   0   0   0   0   0   0  17  28   0   1  40   0   0   1   1   8   3  1.62 0.69
  178 I    -4  -8  -8  -9  -7  -6  -8  -8  -6   2   4  -8  -2   5  -9  -7  -7   2   7  -3    1   0   0   0   0   0   0   0   0   9  31   0   1  19   0   0   0   3  35   2  1.68 0.73
  179 S    -2   5  -3  -4  -1   3   2  -3   0  -5  -5   3  -5  -5  -6   1   1  -7  -3  -4    2  25   1   0   1  14  13   2   2   1   0  16   0   1   0   9  10   0   1   1  0.74 0.45
  180 H    -4   5   1  -5  -7   0  -3  -5   4  -6  -5   4  -6  -2  -2  -4  -4  -2   3  -5    1  33   8   0   0   4   1   0   8   0   1  27   0   1   2   0   0   0  11   1  1.13 0.57
  181 I     0  -1  -3  -3  -3  -2  -1  -4  -3   4   1  -1   3  -3  -2  -2   2  -5  -4   2    7   3   0   1   0   1   5   1   0  26  10   5   7   0   1   2  16   0   0  15  0.37 0.24
  182 S     3  -4  -3  -4  -4  -3  -3  -3  -4  -5  -5  -3  -4  -5  -4   6   1  -6  -5  -4   23   0   0   0   0   0   0   0   0   0   0   0   0   0   0  69   8   0   0   0  1.37 0.53

                      K         Lambda
Standard Ungapped    0.1365     0.3194
Standard Gapped      0.0705     0.2670
PSI Ungapped         0.2304     0.3175
PSI Gapped           0.0705     0.2670
