
Last position-specific scoring matrix computed, weighted observed percentages rounded down, information per position, and relative weight of gapless real matches to pseudocounts
            A   R   N   D   C   Q   E   G   H   I   L   K   M   F   P   S   T   W   Y   V   A   R   N   D   C   Q   E   G   H   I   L   K   M   F   P   S   T   W   Y   V
    1 M    -5  -7  -7  -8  -5  -7  -7  -8  -7   5  -3  -7   0  -5  -7  -6  -4  -7  -5   7    0   0   0   0   0   0   0   0   0  30   0   0   2   0   0   0   0   0   0  68  1.99 0.69
    2 L    -6  -6  -7  -8  -6  -6  -7  -8  -6  -2   6  -6   5   4  -7  -6  -5  -5  -1  -3    0   0   0   0   0   0   0   0   0   1  63   0  16  18   0   0   0   0   2   0  1.65 0.61
    3 F    -8  -8  -8  -9  -8  -9  -9  -9  -7  -5  -4  -9  -2  10  -9  -8  -7  -4  -2  -5    0   0   0   0   0   0   0   0   0   0   0   0   1  98   0   0   0   0   0   0  3.52 1.04
    4 T     1  -5  -3  -5   3  -4  -5  -5  -5  -5  -5  -5  -5  -7  -5   6   3  -7  -6  -5   10   0   0   0   5   0   0   0   0   0   1   0   0   0   0  65  18   0   0   0  1.56 0.68
    5 D    -7  -7  -4   9  -9  -6  -4  -7  -6  -9  -9  -6  -9  -9  -7  -5  -6 -10  -9  -9    0   0   0 100   0   0   0   0   0   0   0   0   0   0   0   0   0   0   0   0  3.26 1.03
    6 I    -5  -7  -8  -8  -5  -7  -7  -8  -7   7   2  -7   0  -4  -7  -7  -5  -7  -6   3    0   0   0   0   0   0   0   0   0  68  16   0   2   0   0   0   0   0   0  15  1.89 0.66
    7 V     2   7  -5  -5  -3   1   0  -5  -3  -5  -5   0  -4  -6  -6  -3  -4  -5  -5   1   17  54   0   0   1   7   7   0   0   0   0   3   0   0   0   1   1   0   0   9  1.25 0.55
    8 D    -4  -5   3   2  -7  -4  -4   6  -4  -8  -8  -4  -7  -7  -6   0  -5  -7  -7  -7    0   0  11  11   0   0   1  67   0   0   0   0   0   0   0   8   0   0   0   0  1.66 0.63
    9 F    -8  -8  -8  -9  -8  -9  -9  -9  -6  -5  -5  -9  -5  10  -9  -6  -8  -4   1  -6    0   0   0   0   0   0   0   0   0   0   0   0   0  97   0   0   0   0   3   0  3.49 1.04
   10 T    -4  -6  -5  -6  -4  -6  -6  -7  -7  -6  -6  -6  -6  -7  -6   1   8  -8  -7  -4    1   0   0   0   0   0   0   0   0   0   0   0   0   0   0   8  90   0   0   0  2.56 0.95
   11 S     1   0  -1  -3  -5  -2  -2  -1  -3  -5  -5  -2  -4  -6   0   4   5  -6  -5  -4   11   4   2   1   0   2   1   5   1   0   0   2   0   0   5  29  38   0   0   0  0.87 0.47
   12 F    -4  -5  -6  -7  -5  -3  -6  -7  -5   5   4  -5   4   2  -6  -5  -4  -2   0   0    1   0   0   0   0   1   0   0   0  37  33   0  11   7   0   0   0   1   3   4  1.10 0.45
   13 A     2  -6  -4  -5   1  -5  -5  -5  -6  -7  -7  -5  -6  -6  -5   7   0  -7  -6  -5   17   0   0   0   2   0   0   0   0   0   0   0   0   0   0  74   5   0   0   1  1.79 0.76
   14 E    -5  -5  -5  -3  -9  -3   8  -7  -5  -9  -8  -4  -7  -9  -4  -5  -6  -8  -7  -8    0   0   0   0   0   0  98   0   0   0   0   0   0   0   1   0   0   0   0   0  2.87 1.01
   15 R    -1   3   1  -3  -4   2  -1   1   2  -4  -4   4  -2  -5  -4   1   1  -5  -4  -4    5  16   6   1   0  11   2  11   4   0   1  24   1   0   0   9   7   0   0   1  0.51 0.30
   16 L    -4  -1  -4  -7  -4  -4  -5  -5   1  -1   5  -2   7  -2  -6  -4  -1  -5  -1  -2    1   4   1   0   0   0   0   1   4   3  48   3  25   1   0   1   4   0   2   2  1.11 0.50
   17 S     0  -1  -1   3  -5   0   1  -1  -2  -5  -5  -1  -4  -6   4   3   2  -6  -5  -4    9   2   2  14   0   3  10   4   1   0   0   3   0   0  18  21  12   0   0   0  0.54 0.33
   18 A     2  -7  -7  -5  -7  -6  -4  -5  -7  -7  -7  -6  -7  -8   8  -2  -4  -8  -8  -5   17   0   0   0   0   0   1   0   0   0   0   0   0   0  75   4   1   0   0   1  2.46 0.87
   19 S     0   0   0   1  -6   2   5  -2   1  -5  -5   0  -3  -6  -2  -1   0  -6  -5  -3    6   5   3   6   0   9  45   3   3   0   1   5   0   0   2   4   5   0   0   1  0.77 0.41
   20 D     1   0  -3   2  -5   3   5  -3  -2  -3  -5   0  -2  -6  -4  -2  -2  -6  -4  -2   10   5   1  12   0  13  42   2   0   1   1   5   1   0   0   1   3   0   1   3  0.80 0.42
   21 A    -4  -6  -7  -7  -5  -6  -7  -7  -7   2   5  -6   0  -4  -7  -6  -1  -6  -5   4    1   0   0   0   0   0   0   0   0   8  53   0   2   0   0   0   4   0   0  32  1.32 0.54
   22 A     2  -3  -5  -6  -3  -3  -5  -4  -6   1  -1  -4   2  -3  -6  -1   1  -6  -5   6   15   1   0   0   0   1   0   1   0   5   3   1   4   1   0   4   8   0   0  55  1.02 0.48
   23 T     2   1   1   1  -4   2   2  -1   2  -3  -2   0  -3  -4  -2   1   0  -5  -3  -2   19   7   5   6   0   8  17   4   4   1   3   5   0   0   1  10   7   0   0   2  0.27 0.20
   24 F    -3  -2  -4  -5  -4   1  -4  -6   2   1   4  -4   4   3  -6  -3  -3  -1   0   0    1   3   0   0   0   6   1   0   4   7  43   0  10  14   0   1   1   1   2   5  0.74 0.37
   25 L    -5  -7  -8  -8  -6  -7  -7  -8  -7   0   7  -7   3  -4  -7  -7  -4  -6  -6  -2    0   0   0   0   0   0   0   0   0   4  86   0   6   0   0   0   1   0   0   2  1.96 0.72
   26 N    -4  -4   8  -3  -4  -4  -4  -2  -1  -7  -8  -4  -7  -7  -7   1  -2  -8  -6  -7    1   1  79   1   0   1   0   3   1   0   0   0   0   0   0   9   2   0   0   0  2.33 0.85
   27 D    -1   3  -3   2  -5   1   5  -3   1  -3  -4  -1  -4  -5  -4  -2  -1  -6  -4  -4    5  14   1  12   0   6  44   2   3   1   2   2   0   0   0   1   3   0   0   1  0.85 0.43
   28 H    -7  -7  -7  -8  -3  -7  -7  -8   4  -4  -4  -7  -5   1  -8  -7  -7  -2  10  -5    0   0   0   0   1   0   0   0  10   1   2   0   0   5   0   0   0   0  80   1  3.03 0.99
   29 F    -6  -7  -6  -8  -5  -6  -7  -8  -2  -3   5  -7   0   7  -8  -7  -5  -4  -2  -4    0   0   0   0   0   0   0   0   1   0  46   0   2  49   0   0   0   0   1   0  1.93 0.70
   30 Q     0  -3   0   1  -5  -1   2   0  -3  -5  -6  -2  -5  -6  -4   3   5  -6  -5  -5    6   1   4   7   0   2  13   8   0   0   0   1   0   0   0  23  35   0   0   0  0.78 0.44
   31 Q     2   2  -2  -1  -2  -1   2  -2  -1  -1   0  -1   0  -4   2  -1   0  -5  -3   0   23  10   1   2   1   2  17   2   2   4   8   2   2   0  10   3   5   0   0   7  0.24 0.21
   32 L    -3  -6  -7  -8  -4  -1  -7  -8  -7   0   1  -6  10  -2  -7  -6  -5  -7  -6   0    2   0   0   0   0   3   0   0   0   5  13   0  70   1   0   0   0   0   0   6  2.48 0.87
   33 A    -1  -5  -2  -4   0  -5  -5  -2  -5  -2  -4  -4  -3  -6  -5   2   6  -6  -2   3    5   0   2   0   2   0   0   3   0   2   0   0   1   0   0  15  50   0   1  18  1.10 0.54
   34 A     0   1   1   5  -5   1   3  -1   0  -6  -5   0  -4  -5  -2  -1  -2  -6  -4  -5    9   8   6  28   0   6  22   4   2   0   0   5   0   0   1   4   2   0   0   0  0.65 0.34
   35 C     0  -4  -6  -5   4  -3  -2  -5  -3   6  -1  -5  -2  -4  -4  -4  -2  -6  -5   4    8   1   0   0   9   1   4   1   1  42   5   0   0   0   1   1   2   0   0  24  0.98 0.43
   36 V    -4  -7  -8  -8  -5  -7  -7  -7  -8   7   0  -7  -2  -4  -7  -6  -5  -7  -6   5    1   0   0   0   0   0   0   0   0  59   6   0   0   0   0   0   0   0   0  34  1.90 0.67
   37 E    -3   0  -3  -3  -4   0   1  -5   3   0   2  -3   3   6  -5  -3  -2  -2   0  -2    1   4   1   1   0   4  10   1   6   6  20   1   7  31   0   1   2   0   2   1  0.62 0.33
   38 A     2   3   0   1  -4   1   3  -2   0  -5  -4   3  -4  -6  -4   0  -2  -6  -4  -4   19  13   4   9   0   7  19   3   2   0   1  17   0   0   0   5   2   0   0   1  0.51 0.31
   39 E    -3  -1   3  -4  -2   1   2  -5   8  -6  -5  -3  -5  -2  -6  -1  -1  -1   4  -5    1   3  13   0   1   5  15   0  36   0   0   1   0   2   0   4   4   1  12   0  1.25 0.54
   40 G    -3   2   1   2  -6   2   2   4   2  -6  -6   1  -5  -5  -5  -2  -4  -4  -3  -5    1   9   7  10   0   8  11  37   5   0   0   8   0   0   0   2   0   0   1   0  0.73 0.37
   41 G    -3  -7  -5  -6  -8  -7  -7   8  -7  -9  -9  -7  -8  -8  -7  -5  -7  -8  -8  -8    2   0   0   0   0   0   0  98   0   0   0   0   0   0   0   0   0   0   0   0  2.83 0.92
   42 T    -4  -6  -4  -6  -4  -5  -6  -7  -6   0  -2  -6   2  -3  -6  -3   7  -7  -1   1    0   0   1   0   0   0   0   0   0   6   3   0   5   1   0   1  74   0   2   8  1.80 0.75
   43 I    -5  -6  -7  -7  -5  -6  -7  -8  -7   5   4  -6  -1  -3  -6  -6  -4  -6  -5   4    0   0   0   0   0   0   0   0   0  27  42   0   1   0   0   0   0   0   0  30  1.40 0.54
   44 D    -7  -7  -1   9  -9  -4  -4  -6  -3  -5  -9  -4  -8  -9  -7  -5  -6 -10  -6  -5    0   0   3  93   0   1   0   0   1   1   0   1   0   0   0   0   0   0   0   1  2.89 0.97
   45 K    -6  -3  -5  -5  -8  -1  -3  -6  -6  -8  -8   8  -7  -9  -6  -5  -6  -8  -7  -8    0   0   0   0   0   2   1   0   0   0   0  96   0   0   0   0   0   0   0   0  2.83 0.98
   46 Y    -7  -7  -8  -9  -8  -7  -8  -8  -4  -5  -4  -8  -4   7  -8  -7  -7  -3   9  -6    0   0   0   0   0   0   0   0   0   0   1   0   0  41   0   0   0   0  57   0  2.85 0.93
   47 I    -5  -7  -7  -5  -6  -4   1  -7  -5   7  -1  -6   4  -5  -7  -6  -4  -7  -6   1    0   0   0   1   0   1   8   0   0  64   5   0  11   0   0   0   1   0   0   9  1.66 0.63
   48 G    -4  -8  -6  -5  -8  -7  -7   8  -7  -9  -9  -7  -8  -8  -7  -5  -7  -8  -8  -8    1   0   0   1   0   0   0  99   0   0   0   0   0   0   0   0   0   0   0   0  2.90 0.94
   49 D    -7  -7  -3   9  -9  -6  -4  -7  -7  -9  -9  -6  -9  -9  -7  -5  -6 -10  -9  -9    0   0   0  99   0   0   0   0   0   0   0   0   0   0   0   1   0   0   0   0  3.24 1.05
   50 S     6  -6  -4  -6   2  -4  -1   2  -6  -6  -5  -5  -1  -7  -5   1  -4  -7  -6  -5   69   0   0   0   5   0   4  12   0   0   0   0   2   0   0   8   0   0   0   0  1.46 0.64
   51 L    -4  -7  -7  -7  -5  -7  -7  -8  -7   7   1  -7   1  -4  -7  -6  -4  -7  -5   4    1   0   0   0   0   0   0   0   0  57  10   0   3   0   0   0   0   0   0  28  1.73 0.63
   52 M    -6  -7  -8  -9  -5  -6  -8  -8  -7   0  -1  -6  11  -3  -8  -7  -6  -7  -5  -1    0   0   0   0   0   0   0   0   0   5   3   0  86   1   0   0   0   0   0   4  3.35 1.09
   53 A     7  -6  -6  -7  -1  -6  -6  -3  -7  -5  -6  -6  -6  -7  -6  -2  -4  -4  -7  -1   90   0   0   0   1   0   0   1   0   0   0   0   0   0   0   2   0   0   0   5  2.13 0.83
   54 F    -5  -7  -7  -7  -4  -6  -3  -7  -6   2   1  -7  -1   8  -7  -6  -5  -3   0   2    0   0   0   0   0   0   2   0   0   9  10   0   2  58   0   0   0   0   2  16  1.71 0.62
   55 W    -8  -8  -9 -10  -5  -8  -9  -8  -7  -7  -6  -9  -6   7  -9  -8  -8  12   2  -7    0   0   0   0   0   0   0   0   0   0   0   0   0  35   0   0   0  59   5   0  3.64 1.09
   56 G    -5  -7   4  -5  -5  -6  -7   7  -6  -9  -9  -6  -7  -8  -7  -4  -5  -8  -8  -8    0   0  19   0   0   0   0  81   0   0   0   0   0   0   0   0   0   0   0   0  2.36 0.82
   57 A     7  -6  -6  -3  -4  -6  -4  -4  -5  -4  -6  -6  -4  -6  -5  -2  -3  -7  -6  -2   89   0   0   1   0   0   1   1   0   1   0   0   0   0   0   1   1   0   0   3  2.05 0.81
   58 P    -6  -8  -8  -7  -9  -7  -7  -8  -8  -6  -7  -7  -5  -9   9  -6  -6  -9  -9  -7    0   0   0   0   0   0   0   0   0   1   0   0   0   0  98   0   0   0   0   0  3.53 1.14
   59 E    -2  -2  -2  -3  -4  -2   0  -5  -2   3   3  -2   1   0  -4  -3  -2  -4  -1   3    3   2   2   1   0   1   7   1   1  14  35   2   2   3   0   1   2   0   2  20  0.47 0.27
   60 M     1   0  -1   3  -5  -1   2  -3  -1  -3  -4  -1  -3  -3   5   0  -2  -3  -1  -3   13   5   2  18   0   2  12   1   1   1   1   4   1   1  25   6   2   0   2   1  0.55 0.31
   61 Q    -3   0   0   3  -1   5  -1  -3   2  -2   0  -2   1  -1  -4  -2  -1  -5   0   0    1   5   4  20   2  25   2   1   5   2   9   2   4   2   0   2   4   0   4   6  0.43 0.29
   62 P     1  -3  -2   1  -5  -1   3  -2  -3  -6  -6   0  -4  -6   6  -1  -2  -7  -6  -5   11   1   2   7   0   2  22   3   0   0   0   5   0   0  40   4   2   0   0   1  1.07 0.49
   63 D    -3  -1   3   7  -6   0   1  -2   0  -6  -5  -2  -4  -6  -6  -3  -4  -8  -4  -6    3   3  14  59   0   4   6   3   2   0   1   2   0   0   0   1   1   0   1   0  1.46 0.59
   64 H    -3  -4  -3   2  -8   0  -5  -5  11  -9  -8  -5  -7  -7  -3  -4  -6  -8  -3  -8    2   0   1  11   0   4   0   1  78   0   0   0   0   0   1   1   0   0   0   0  3.08 0.99
   65 S     7  -4  -6  -6  -1  -4  -1  -4  -4  -4  -6  -5  -5  -7   2  -2  -3  -7  -6  -2   77   1   0   0   1   0   4   0   0   1   0   0   0   0  10   2   1   0   0   3  1.66 0.70
   66 A     1   2  -2   1  -2   0   2  -3  -1   0   1   0   0  -1  -3  -1  -1   0   0   0   14  11   1   7   0   4  15   1   1   5  14   3   2   2   1   2   3   1   4   8  0.12 0.14
   67 R    -2   6   2  -1  -2   1  -3  -5   4  -5   0   1  -1  -4  -5  -2  -4  -4  -3  -4    3  41   9   3   1   6   1   0  12   0  10   8   1   1   0   2   0   0   1   0  0.90 0.44
   68 A     7  -6  -6  -6  -1  -6  -6  -1  -6  -5  -6  -6  -6  -7  -5  -2  -4  -7  -7  -4   91   0   0   0   1   0   0   4   0   0   0   0   0   0   0   2   0   0   0   0  2.20 0.83
   69 C    -2  -7  -7  -8   9  -6  -7  -7  -7   0   0  -7  -1  -5  -7  -5  -4  -7  -6   5    4   0   0   0  46   0   0   0   0   5   7   0   1   0   0   0   0   0   0  35  2.06 0.71
   70 R     0   5  -1  -2  -3   1   0  -4  -1  -2   0   2  -1  -2  -4  -2  -1  -2  -1  -2    9  36   3   2   1   7   6   1   1   2  11   9   1   1   0   3   3   1   2   2  0.50 0.30
   71 A     6  -6  -5  -6   5  -5  -5  -3  -6  -4  -5  -5  -5  -6  -5   0   3  -7  -6  -2   60   0   0   0  11   0   0   1   0   0   0   0   0   0   0   6  19   0   0   2  1.45 0.63
   72 A     7  -6  -6  -6  -1  -5  -5   0  -6  -4  -6  -5  -5  -7  -5   0  -3  -7  -6  -2   83   0   0   0   1   0   0   6   0   1   0   0   0   0   0   5   1   0   0   2  1.85 0.74
   73 I    -3  -2  -6  -5  -3  -3  -4  -6  -4   3   5  -4   2  -2  -6  -5  -4   0  -4   1    1   3   0   1   0   1   1   0   0  14  64   1   3   1   0   0   0   1   0   8  1.17 0.49
   74 A     3   2  -2   2  -5   1   4  -1  -2  -5  -3   0  -2  -6  -4  -2  -3  -6  -4  -4   23  10   1  13   0   5  31   4   1   0   3   5   1   0   0   2   1   0   0   0  0.64 0.36
   75 I    -3  -6  -3  -8   5  -2  -7  -5  -5   2  -2  -6  10  -3  -7  -4  -5  -3  -5  -3    2   0   1   0  11   2   0   1   0   9   3   0  67   1   0   1   0   0   0   1  2.42 0.86
   76 A     0   3  -3  -4  -2   6  -2  -5   1   1   0   0   2  -3  -5  -2  -2  -5  -4   0    7  14   1   0   1  34   2   0   3   7  11   5   4   1   0   2   2   0   0   6  0.63 0.38
   77 A     1   3  -1   1  -2   2   3  -3   0  -4  -4   2  -3  -5  -3  -1  -2  -4  -4  -3   15  16   2   8   1  10  21   1   2   0   0  14   0   0   0   5   1   0   0   1  0.50 0.30
   78 A     3   4  -2  -2  -3  -1   1  -2  -2  -3  -3   2  -3  -4  -4  -1  -1  -3  -4  -2   30  25   1   1   0   2  11   2   1   1   2  11   0   1   0   2   4   0   0   3  0.56 0.34
   79 I    -2  -5  -5  -7  -4  -4  -5  -6  -4   1   6  -6   4  -3  -6  -5  -3  -4  -5   1    3   0   1   0   0   1   1   0   0   8  68   0   8   0   0   1   2   0   0   7  1.29 0.53
   80 V     2   2   0   1  -4   1   3  -1   0  -2  -2   1  -2  -4  -2  -1  -1  -2  -3  -1   18  10   3   9   0   5  19   3   3   2   2  10   1   0   1   2   3   1   0   5  0.26 0.20
   81 G     1   3  -2   0  -5   1   4  -2  -2  -2  -2   1  -3  -4  -2  -1  -1  -4  -4  -1   15  14   1   5   0   6  29   3   1   2   3   8   0   0   1   3   3   0   0   4  0.43 0.28
   82 D    -3  -4  -6   0  -5  -4  -3  -6  -3   1   5  -5   3   3  -6  -5  -4  -1  -2  -1    1   1   0   6   0   0   1   0   1   6  60   0   6  12   0   0   0   1   1   3  1.06 0.46
   83 N    -2   3   7  -2  -1   2  -3  -3  -1  -7  -5  -1  -3  -7  -5  -1  -4  -4  -4  -6    4  16  55   1   1   9   1   1   1   0   1   3   1   0   0   3   0   0   1   0  1.40 0.59
   84 R     2   3  -1   0  -4   2   3  -2  -1  -3  -3   2  -2  -5   0  -1  -1  -5  -4  -2   19  14   2   5   0   9  20   2   1   2   3  10   1   0   5   2   3   0   0   2  0.37 0.25
   85 R     0   3  -2   1  -5   2   3  -1  -1  -2  -3   3  -3  -5  -4  -1  -1  -3  -4  -2    7  17   1   6   0   8  23   4   1   2   2  17   1   0   0   4   3   0   0   3  0.46 0.28
   86 R    -3   3  -3  -7  -5  -1  -5  -5  -2  -4   1  -3  -2   3  -5  -4  -5  10   0  -4    2  17   1   0   0   3   1   1   1   1  13   1   1  13   1   1   1  41   2   1  1.76 0.64
   87 R     2   3  -2  -2  -3   2   1  -2  -1  -1  -1   2  -1  -3  -2  -1  -1  -4  -3   0   16  15   1   1   0  11  11   2   1   3   4  15   1   1   2   4   4   0   0   6  0.27 0.20
   88 G     3   1  -1  -1  -3   1   2   0  -1  -3  -3   2  -2  -3  -2   0  -1  -2  -4  -3   32   8   2   2   0   6  12   5   1   1   3  11   1   1   1   7   3   1   0   1  0.37 0.26
   89 L     0   4  -1  -1  -5   3   4  -3  -2  -3  -2   1  -2  -3  -3  -2  -2  -4  -3  -3    8  23   3   3   0  11  27   1   1   1   5   9   1   1   1   2   2   0   0   1  0.57 0.32
   90 G    -2  -3   1  -2  -6  -4  -3   7  -2  -5  -5  -2  -4  -5  -4  -2  -4  -6  -3  -4    2   2   6   2   0   1   1  73   1   1   1   3   0   1   1   2   1   0   1   1  1.57 0.58
   91 L    -2   2  -3  -3  -4   0   0  -1  -2  -1   2   2   0   0  -4  -2  -3   4   0  -2    3  14   0   1   0   4   7   6   1   3  25  15   2   4   0   2   1   6   3   3  0.29 0.21
   92 P    -1  -3  -4  -1  -4  -1   0  -4   0  -4  -3  -1  -4  -3   7  -2  -2  -5  -5  -2    6   1   1   3   0   2   6   1   2   1   2   4   0   1  59   3   2   0   0   3  1.43 0.57
   93 P     1  -1  -2   0  -3   1   3  -2  -2  -2  -2  -1  -2  -3   5  -1   0  -5  -3  -1   10   4   1   4   1   6  20   3   1   2   4   3   1   1  26   3   6   0   1   5  0.47 0.28
   94 V    -5  -6  -7  -7  -4  -4  -6  -7  -6   4   4  -6   1   4  -4  -6  -4  -4  -3   2    0   0   0   0   0   1   0   0   0  25  40   0   2  18   1   0   1   0   0  11  1.12 0.46
   95 R     0   4   1   2  -4   1   0  -1   3  -3  -4   2  -3  -1  -1   0  -2  -2   0  -2    7  22   7  12   0   5   4   5   7   1   1  12   0   3   2   5   2   0   3   2  0.34 0.22
   96 I    -1  -6  -4  -5   0  -3  -6  -6  -3   6  -1  -5   5  -1  -5  -3   2  -6  -4   2    6   0   1   0   2   1   0   0   1  41   5   0  14   2   0   2  15   0   0  11  0.97 0.45
   97 R    -5   6  -5  -6  -5  -5  -6   6  -6  -8  -8  -3  -7  -8  -7  -5  -6  -7  -7  -7    0  44   0   0   0   0   0  54   0   0   0   1   0   0   0   0   0   0   0   0  2.04 0.76
   98 I    -4  -7  -8  -8  -2  -7  -7  -7  -7   8  -2  -7   2   1  -7  -7  -4  -5  -4   3    1   0   0   0   1   0   0   0   0  72   1   0   4   6   0   0   1   0   0  15  1.97 0.69
   99 G    -3  -7  -5  -6  -8  -7  -7   8  -7  -9  -9  -7  -8  -8  -7  -5  -7  -8  -8  -8    2   0   0   0   0   0   0  98   0   0   0   0   0   0   0   0   0   0   0   0  2.83 0.92
  100 I    -5  -7  -8  -8  -4  -7  -7  -8  -7   7   3  -7   0  -4  -7  -7  -5  -7  -5   2    0   0   0   0   0   0   0   0   0  58  28   0   1   0   0   0   0   0   0  12  1.72 0.62
  101 H    -3  -5   7  -4  -1  -5  -5  -5   8  -8  -8  -5  -7  -6  -7  -2  -4  -8  -4  -7    2   0  56   0   1   0   0   0  35   0   0   0   0   0   0   3   0   0   0   0  2.41 0.85
  102 A    -3  -4  -4  -5  -1  -5  -5  -6  -2  -5  -5  -4  -4  -3  -6   4   7  -7  -3  -4    2   1   0   0   1   0   0   0   1   0   0   0   0   1   0  25  66   0   1   1  1.77 0.75
  103 G    -2  -7  -5  -1  -5  -6  -6   8  -7  -9  -9  -6  -8  -8  -7  -4  -6  -8  -8  -8    2   0   0   3   0   0   0  93   0   0   0   0   0   0   0   0   0   0   0   0  2.60 0.87
  104 P    -2   0  -1   2  -5   0   4  -4  -2  -2  -2  -1   0  -4   4  -1  -1  -4  -3  -1    3   6   3   9   0   3  27   1   1   2   3   3   3   1  21   3   4   0   1   4  0.51 0.30
  105 A     4  -6  -6  -7   0  -5  -6  -5  -6  -2  -1  -6   7  -5  -6  -4  -2  -6  -5   5   29   0   0   0   2   0   0   0   0   1   3   0  24   0   0   0   2   0   0  38  1.32 0.59
  106 M    -3  -3  -1  -6  -2  -5  -6  -6  -5   4   0  -5   1  -2  -6  -1   0  -5  -4   5    2   1   3   0   1   0   0   0   0  23   9   0   3   2   0   5   6   0   0  47  0.99 0.44
  107 V     2  -7  -7  -7  -4  -6  -7  -7  -7   1  -2  -6  -3  -3  -6  -2  -3  -7  -6   7   14   0   0   0   0   0   0   0   0   5   2   0   0   1   0   3   1   0   0  73  1.70 0.67
  108 G    -5  -8  -6  -7  -8  -7  -7   8  -7  -9  -9  -7  -8  -8  -7  -5  -7  -8  -8  -9    0   0   0   0   0   0   0 100   0   0   0   0   0   0   0   0   0   0   0   0  2.97 0.96
  109 N    -5  -5   9   1  -8  -4  -5  -6  -1  -6  -6  -5  -4  -3  -5  -2  -2  -5  -2  -8    1   0  83   6   0   0   0   0   1   0   1   0   1   1   0   2   2   0   1   0  2.46 0.88
  110 I    -5  -7  -7  -8  -6  -6  -7  -8  -7   6   1  -6   8   0  -7  -6  -5  -6  -5   2    0   0   0   0   0   0   0   0   0  39   9   0  36   3   0   0   0   0   0  12  1.79 0.66
  111 G    -5  -8  -6  -7  -8  -7  -7   8  -7  -9  -9  -7  -8  -8  -7  -5  -7  -8  -8  -9    0   0   0   0   0   0   0 100   0   0   0   0   0   0   0   0   0   0   0   0  2.97 0.96
  112 A     1  -6  -3  -5  -3  -5  -5  -2  -4  -7  -7  -5  -6  -5  -4   7  -1  -7  -5  -6   12   0   0   0   0   0   0   3   0   0   0   0   0   0   1  79   3   0   0   0  1.84 0.79
  113 P     0   2  -1   2  -5   0   3  -4   0  -4  -3   1  -2  -4   3   1  -1  -5  -3  -2    7  10   2  11   0   4  21   0   3   1   2   7   1   0  12  13   4   0   0   3  0.40 0.26
  114 G    -1   2   0   1  -4   3   2   0   0  -2  -3   2  -2  -1  -3   0   0  -2  -1  -2    4  12   4   9   0  13  13   6   2   2   2  12   1   4   0   7   6   0   2   2  0.24 0.18
  115 R    -5   8  -5  -6  -8  -1  -5  -7   0  -3  -4   1  -4  -5  -6  -5  -6  -7  -4  -3    1  81   0   0   0   2   0   0   2   2   2   7   0   1   0   0   0   0   1   2  2.27 0.82
  116 I    -4   0  -5  -7  -6  -3  -6  -6  -4   0   2  -1   8   6  -7  -5  -3  -5  -1  -1    1   6   0   0   0   1   0   0   0   4  16   3  34  28   0   1   1   0   1   3  1.30 0.54
  117 N     0  -5   5   5  -7  -1   3  -4  -4  -6  -7  -3  -6  -7  -5   0  -3  -7  -5  -5    7   0  27  36   0   2  17   0   0   0   0   0   0   0   0   8   1   0   0   1  1.22 0.54
  118 Y    -7  -7  -7  -9  -8  -7  -8  -9  -3  -6  -5  -8  -7   1  -9  -7  -7  -2  10  -7    0   0   0   0   0   0   0   0   0   0   1   0   0   4   0   0   0   0  95   0  3.67 1.15
  119 T    -4  -5  -5  -6  -6  -6  -6  -5  -7  -6  -7  -6  -6  -8  -6  -1   8  -8  -7  -5    1   0   0   0   0   0   0   1   0   0   0   0   0   0   0   4  94   0   0   0  2.74 1.00
  120 L     3  -6  -6  -7   0  -6  -6  -5  -7   2  -2  -6   2  -4  -6  -4  -4  -7  -5   6   26   0   0   0   2   0   0   0   0   8   3   0   4   0   0   1   0   0   0  56  1.35 0.57
  121 V    -5  -7  -6  -7  -4  -6  -7  -8  -7   7   2  -7   6  -4  -7  -6  -4  -6  -5   2    0   0   0   0   0   0   0   0   0  54  16   0  19   0   0   0   0   0   0  10  1.69 0.63
  122 G    -4  -8  -6  -6  -8  -7  -7   8  -7  -9  -9  -7  -8  -8  -7  -4  -7  -8  -8  -8    0   0   0   0   0   0   0  99   0   0   0   0   0   0   0   1   0   0   0   0  2.91 0.95
  123 D    -6  -7  -2   9  -9  -5  -3  -6  -4  -9  -9  -5  -8  -9  -7  -4  -6 -10  -8  -9    1   0   1  95   0   0   1   0   0   0   0   0   0   0   0   1   0   0   0   0  3.01 0.99
  124 I     3  -4   3  -2  -4  -2  -1   0   0  -4  -5  -4  -2  -5  -1   1   4  -6  -5  -1   24   0  12   2   0   1   3   8   3   0   0   0   1   0   3  10  29   0   0   3  0.61 0.37
  125 V    -4  -8  -8  -8  -6  -7  -8  -7  -8  -1  -4  -7  -2  -6  -7  -7  -4  -8  -6   8    1   0   0   0   0   0   0   0   0   2   0   0   1   0   0   0   0   0   0  96  2.61 0.90
  126 N    -7  -6   9  -4  -8  -6  -6  -6  -5  -9  -9  -6  -8  -9  -8  -5  -6 -10  -8  -9    0   0 100   0   0   0   0   0   0   0   0   0   0   0   0   0   0   0   0   0  3.46 1.12
  127 T    -4  -6  -7  -7  -4  -5  -7  -7  -7   1   6  -6  -1  -2  -7  -4   1  -6  -5   1    1   0   0   0   0   0   0   0   0   6  71   0   1   1   0   1   9   0   0  10  1.41 0.57
  128 A     7  -6  -6  -6   1  -5  -6   3  -6  -6  -6  -5  -6  -7  -6  -1  -3  -7  -7  -4   76   0   0   0   3   0   0  17   0   0   0   0   0   0   0   3   1   0   0   0  1.77 0.72
  129 Q     3  -5  -3  -5  -4   1  -4  -5  -3  -7  -7  -4  -6  -6  -5   6  -3  -7  -5  -6   24   0   1   0   0   5   1   0   1   0   0   0   0   0   0  68   0   0   0   0  1.68 0.74
  130 R    -7   9  -6  -7  -9  -4  -6  -8  -6  -9  -8  -3  -7  -8  -8  -6  -7  -8  -7  -8    0 100   0   0   0   0   0   0   0   0   0   0   0   0   0   0   0   0   0   0  3.30 1.08
  131 I    -6  -7  -8  -8  -6  -7  -7  -8  -7   3   6  -7   0  -3  -7  -7  -5  -6  -5   0    0   0   0   0   0   0   0   0   0  12  81   0   1   1   0   0   0   0   0   5  1.83 0.67
  132 E    -6  -5  -5  -4   0   0   8  -7  -5  -8  -7  -4  -7  -8  -6  -5  -6  -8  -7  -7    0   0   0   0   2   3  93   0   0   0   0   0   0   0   0   0   0   0   0   0  2.66 0.97
  133 D     0  -4  -3  -2  -6  -1  -2   6  -4  -7  -7  -3  -4  -7  -3   2  -2  -6  -6  -6    8   1   1   2   0   3   3  60   0   0   0   1   0   0   1  16   2   0   0   0  1.29 0.54
  134 V     2  -4  -5  -5  -3  -2  -4  -5  -4   2   4  -4   2  -2  -5  -3  -1  -5  -2   1   18   0   0   0   0   2   1   0   0   9  48   0   4   1   0   1   3   0   1  10  0.74 0.36
  135 A     0  -4   7  -4   2  -4  -4   0  -4  -6  -6  -4  -5  -6  -5  -1   4  -6  -6  -5    7   0  50   0   4   0   0   6   0   0   0   0   0   0   0   3  27   0   0   0  1.45 0.61
  136 K    -4   2  -4  -5  -6  -3  -3  -3  -3  -6  -6   8  -5  -6  -4  -4  -4  -6  -5  -6    1   9   1   0   0   0   0   2   1   0   1  82   0   0   1   1   0   0   0   0  2.13 0.75
  137 K    -1  -1   0   0  -3   3   3  -2   0   0  -1  -1  -1   0  -1  -1   0  -3   1   1    5   3   4   6   0  14  19   2   2   5   6   3   2   4   2   2   6   0   6  10  0.16 0.14
  138 C    -4  -4  -5  -5  -1  -4  -5  -5   0  -3   0  -4  -2   4  -5  -4  -4  -2   9  -2    1   1   0   1   1   0   1   1   2   1   9   1   1  13   1   1   1   0  60   3  1.79 0.60
  139 M    -1  -2  -1   0  -3   0  -2   6   1  -4  -3  -1  -2  -4  -3  -1  -2  -3  -3  -3    3   2   3   5   1   4   2  58   3   1   3   4   1   1   1   3   2   0   1   2  0.95 0.34
  140 T    -1  -2  -2  -2  -1  -2  -2  -2  -2  -1  -2  -2  -2  -3  -1   0   6  -3  -3   0    4   2   2   2   1   2   2   3   1   3   3   2   1   1   3   6  53   0   1   7  0.79 0.30
  141 N    -1   2   1   2  -2   1   0   0   2  -2  -2   1  -1  -2   0   1   0  -1   0  -2    4  12   8  11   1   6   4   7   6   2   4   7   1   2   4  10   4   1   4   3  0.12 0.06
  142 E     0   0   0   0   0   0   0   0   0  -1   0   0   0   0   1   0   0   0   0   0   11   5   4   6   2   3   7   7   2   4   8   5   3   3   6   7   8   1   3   5  0.03 0.00
  143 D     0   0   0   0   0   0   0   0   0  -1   0   0   0   0   1   0   0   0   0   0   10   5   4   6   2   4   8   8   3   4   8   5   2   4   5   7   6   1   3   5  0.03 0.00
  144 E     0   0   0   1  -1   0   1   0   0  -1  -1   0  -1  -1   1   0   0  -1   0  -1    9   6   4   8   2   4   7   8   3   4   7   6   2   3   7   6   5   1   3   5  0.05 0.00
  145 A     1  -1   0  -1   1   0   0   0  -1   0   0  -1   0  -1   0   0   0  -1   0   1   14   3   4   4   4   3   5   9   2   4   6   4   2   3   3   6   5   1   3  17  0.02 0.02
  146 V     0   0  -1   0  -1   1   1   0  -1  -1  -1   0   0  -1   2   0   1   0   0   0    7   5   2   5   1   6  11   6   1   4   6   4   2   3  10   6   9   1   4   6  0.07 0.03
  147 I    -4  -5  -6  -6  -2  -5  -5  -6  -6   7   1  -5  -1  -3  -5  -4  -2  -5  -4   2    1   0   0   0   1   0   1   1   0  68  10   0   1   1   0   1   2   0   0  12  1.62 0.55
  148 L    -3  -6  -7  -7  -1  -6  -7  -7  -7   5   5  -6   4  -3  -6  -6  -4  -6  -4   0    1   0   0   0   1   0   0   0   0  32  49   0  10   0   0   0   0   0   0   6  1.37 0.53
  149 V     0  -7  -7  -7  -3  -6  -7  -7  -7   6   0  -6   0  -3  -6  -6  -3  -6  -5   5    7   0   0   0   0   0   0   0   0  46   8   0   2   1   0   0   1   0   0  34  1.41 0.55
  150 S    -2  -6  -3  -3  -4  -5  -5   1  -4  -7  -7  -5  -3  -7  -5   7   1  -7  -7  -6    2   0   1   1   0   0   0  12   0   0   0   0   1   0   0  77   6   0   0   0  1.78 0.77
  151 D    -1  -1  -3   2  -7   1   6   0  -1  -7  -7  -2  -5  -6  -3  -2  -3  -7  -5  -6    6   3   0  10   0   6  59   7   2   0   0   1   0   0   1   3   1   0   0   0  1.25 0.57
  152 A     3  -1   1   1  -4  -1   1  -2  -1  -4  -4  -2  -2   2  -2   2   1  -3   1  -2   26   3   6   6   0   2   8   2   1   0   0   1   1   9   1  18   7   0   4   2  0.31 0.25
  153 V    -3  -6  -5  -6  -2  -6  -5  -7  -5  -3  -4  -6  -3  -5  -6  -2   8  -7  -6   1    2   0   0   0   1   0   0   0   0   2   1   0   0   0   0   1  81   0   0  11  2.13 0.84
  154 L     1   3  -4  -5  -1  -1  -3  -5   1  -2   0  -1   0   1  -5  -4  -3   2   6   0   11  18   0   0   1   3   1   0   3   2   7   4   3   5   0   0   1   2  31   8  0.72 0.38
  155 R     2   2   0   1  -4   3   3  -3   0  -3  -2   1  -3  -4  -4  -1  -2  -5  -3  -3   16  13   5   7   0  12  21   1   3   1   3   9   0   0   0   4   2   0   0   1  0.43 0.28
  156 S     3   2  -2  -2  -4   3   1  -2   1  -3   1   1   0  -3  -3  -1  -2  -5  -1  -3   24  11   1   2   0  13   9   2   4   1  14   9   2   0   1   3   1   0   2   1  0.32 0.25
  157 A     3  -5  -4  -6   3  -4  -5  -4  -5   2   2  -5  -1  -4  -5  -2  -1  -6  -4   4   27   0   1   0   5   0   0   1   0  10  20   0   1   0   0   1   3   0   0  30  0.74 0.39
  158 G     0   2  -1   0  -4   0  -1   3  -1  -5  -4   4  -3  -5   0   0  -1  -5  -4  -3    7   9   3   4   0   4   3  23   1   0   1  29   0   0   4   5   4   0   0   1  0.51 0.29
  159 P    -1  -3   0   5  -5  -1   3   1   0  -5  -5  -2  -5  -6   2   0  -3  -7  -4  -6    5   1   5  35   0   2  17  12   2   0   1   2   0   0  12   6   1   0   0   0  0.79 0.40
  160 E     0   2   0   2  -3   1   1   1   1  -2  -2   1  -1  -2  -2   0  -1  -3  -1  -1   10  12   3  11   0   5  11   9   5   2   3   9   1   2   1   6   3   0   2   3  0.14 0.12
  161 C    -3  -5  -6  -5  -1  -6  -5  -5  -2   2   0  -6   0   7  -4  -4  -4   0   2   2    2   0   0   0   1   0   1   1   1  13   8   0   2  45   1   1   0   1   7  16  1.18 0.49
  162 S     0   0  -1   0  -2   0   1  -3  -1   1   1  -1  -1  -1   1  -1   0   0  -1   1    8   7   2   5   1   3  13   1   2   8  12   3   1   3   8   3   5   1   1  14  0.08 0.10
  163 A     1  -5  -5  -5   4  -5  -5  -3  -4  -1   1  -5   0   4  -3  -3   1   3   1   2   14   0   0   0  10   0   0   2   0   2  11   0   2  21   1   1  10   4   5  17  0.58 0.32
  164 Q    -4   8  -3  -3  -4   0   0  -5  -4  -3  -4   0  -3  -6  -5  -4  -2  -7  -6  -2    1  70   1   1   0   3   7   1   0   2   2   4   1   0   0   1   2   0   0   4  1.68 0.69
  165 P    -1   1  -3   0  -5  -1   5  -4  -1  -4  -2   0  -2   0   3  -1  -3  -3  -1  -3    5   7   1   5   0   2  37   0   1   1   4   6   1   4  17   5   1   0   2   1  0.63 0.37
  166 V    -2  -3  -7  -7  -1  -5  -6  -7  -1   3   5  -5   0  -4  -7  -5  -4  -6  -5   2    4   2   0   0   1   0   0   0   1  13  61   0   2   0   0   0   0   0   0  14  1.21 0.52
  167 G    -2  -4  -3   7  -7  -4   0   4  -4  -8  -8  -4  -7  -8  -1  -3  -5  -8  -7  -7    4   1   0  57   0   0   4  29   0   0   0   0   0   0   3   1   0   0   0   0  1.69 0.68
  168 E    -1   2  -1  -1  -2   0   1  -3  -1  -1   0   1   0  -1   1   0   0   0  -1  -1    5  16   3   4   1   3  11   0   2   4  13   7   2   3   8   7   7   2   2   3  0.13 0.13
  169 H    -2  -2  -6  -7  -2  -4  -4  -6   0   4   0  -5   0   0  -6  -5  -2  -5  -2   6    4   2   0   0   1   1   1   0   3  21   8   0   2   3   0   0   2   0   1  51  1.09 0.48
  170 I     1   5  -2  -3  -3   2  -1  -4  -1  -1  -3   1   0  -5  -1  -1   1  -5  -4  -1   14  31   1   1   1  10   3   0   1   3   1   9   3   0   3   4   8   0   0   5  0.51 0.32
  171 L    -3  -7  -8  -8  -6  -7  -7  -8  -8   0   1  -7  -3  -5  -3  -6  -5  -8  -6   7    2   0   0   0   0   0   0   0   0   3  10   0   0   0   2   0   0   0   0  84  2.13 0.80
  172 R    -4   3  -5  -6  -8  -2  -4  -6  -4  -5  -6   7  -4  -7  -4  -4  -4  -8  -5   0    1  13   0   0   0   1   0   0   0   1   0  73   0   0   1   1   1   0   0   8  1.88 0.77
  173 G    -5  -8  -3  -7  -8  -7  -7   8  -7  -9  -9  -7  -8  -9  -8  -6  -7  -8  -9  -9    0   0   1   0   0   0   0  99   0   0   0   0   0   0   0   0   0   0   0   0  2.94 0.99
  174 R    -5   5  -5  -6  -8  -3  -4  -7  -3  -6  -6   7  -3  -4  -6  -5  -5  -8  -6  -6    1  33   0   0   0   1   0   0   1   0   0  61   1   1   0   0   0   0   0   0  2.05 0.80
  175 H     1   0   0   0  -4   2   2  -2   1  -3  -2   2  -2  -4  -3   2   2  -5  -3  -1    9   5   4   4   0   8  14   1   4   1   3  12   1   0   0  14  15   0   0   4  0.31 0.24
  176 E    -1   1  -2  -1  -6   4   4  -1  -1  -3  -3   3  -3  -5  -5  -2  -1  -6  -5  -3    5   6   1   3   0  18  31   5   1   2   2  17   0   0   0   1   4   0   0   2  0.67 0.39
  177 P     2  -3  -5  -4  -5  -3  -1   0  -4  -7  -5  -2  -4  -6   7  -1  -2  -8  -7  -5   15   1   0   1   0   1   5   6   0   0   1   2   0   0  59   5   2   0   0   0  1.59 0.66
  178 T    -3  -6  -6  -7  -3  -5  -5  -6  -7   4  -1  -5   0  -4  -6  -5   0  -7  -5   6    1   0   0   0   1   0   1   0   0  21   5   0   2   0   0   0   6   0   0  62  1.50 0.61
  179 H     0   4  -1   0  -4   1   1  -2   0  -2  -2   2  -1  -3   0  -1   2  -3  -3  -2    8  21   3   5   0   5  11   2   2   2   4  12   2   1   4   3  12   0   1   3  0.27 0.21
  180 V    -3  -6  -7  -7  -4  -7  -7  -8  -7   6   0  -7  -2  -5  -6  -6  -2  -7  -6   5    2   0   0   0   0   0   0   0   0  49   8   0   0   0   0   0   3   0   0  38  1.65 0.63
  181 F    -6  -7  -7  -8  -5  -7  -7  -8   2  -6  -5  -7  -6   6  -8  -5  -7   2   9  -6    0   0   0   0   0   0   0   0   4   0   1   0   0  31   0   1   0   2  61   0  2.70 0.93
  182 R    -1   1  -4  -3  -6   1   7  -4  -3  -7  -6  -2  -6  -6  -5  -2   1  -4  -6  -6    6   8   0   1   0   5  65   1   0   0   0   2   0   0   0   3   8   0   0   0  1.48 0.67
  183 L    -5  -6  -7  -8  -5  -6  -7  -8  -7   1   5  -6  -2  -4  -1  -6  -5  -6  -5   4    0   0   0   0   0   0   0   0   0   6  62   0   0   0   3   0   0   0   0  29  1.48 0.59
  184 E    -3   0  -5  -1  -3  -1  -1  -5  -3   2   4  -1   3  -3  -4  -4  -2  -5  -4   2    0   5   0   4   0   3   4   0   1  11  41   3   8   0   1   0   2   0   0  17  0.57 0.31
  185 A     3  -5  -4  -3  -5  -3  -3   6  -5  -6  -6  -3  -5  -6  -4   1  -4  -6  -6  -5   29   0   0   1   0   1   1  57   0   0   0   1   0   0   1  10   0   0   0   0  1.37 0.53
  186 S     3  -2   0  -3  -3  -2  -2  -3  -3  -4  -4   4  -3  -4  -3   3   3  -5  -4  -3   25   0   5   0   0   0   0   0   0   0   0  27   0   0   0  24  19   0   0   0  0.62 0.29

                      K         Lambda
Standard Ungapped    0.1363     0.3218
Standard Gapped      0.0690     0.2670
PSI Ungapped         0.2254     0.3176
PSI Gapped           0.0690     0.2670
