
Last position-specific scoring matrix computed, weighted observed percentages rounded down, information per position, and relative weight of gapless real matches to pseudocounts
            A   R   N   D   C   Q   E   G   H   I   L   K   M   F   P   S   T   W   Y   V   A   R   N   D   C   Q   E   G   H   I   L   K   M   F   P   S   T   W   Y   V
    1 L    -6  -7  -8  -8  -5  -6  -7  -8  -7   3   6  -7   1   1  -7  -7  -5  -6  -5   1    0   0   0   0   0   0   0   0   0  14  69   0   3   6   0   0   0   0   0   8  1.55 0.66
    2 A     4  -5  -4  -4  -1  -4  -4  -1  -5   0   1  -4   0  -4  -4   2   1  -3  -5   2   34   0   0   1   1   0   0   5   0   4  12   0   2   0   0  17  10   0   0  14  0.58 0.40
    3 L    -4  -6  -7  -7  -5  -6  -7  -7  -7   4   4  -6   5  -3  -7  -5  -1  -6  -5   4    0   0   0   0   0   0   0   0   0  18  33   0  13   1   0   0   4   0   0  31  1.23 0.57
    4 G     4  -5  -5  -5  -2  -5  -5   2  -5   2   1  -5   1  -1  -5  -1   1  -4  -5   2   33   0   0   0   1   0   0  13   0  12  12   0   3   2   0   3   8   0   0  13  0.56 0.38
    5 G     4  -5  -5  -5   1  -5  -5  -2  -5   0   1  -5   0   2  -5   0   2  -2  -3   2   32   0   0   0   2   0   0   3   0   4  15   0   2   8   0   6  11   1   1  15  0.53 0.37
    6 S    -1  -2  -2  -3  -2   0  -2   1  -2  -2   2  -4   3  -2  -4   1   2   7  -1  -3    4   2   2   1   1   5   2  12   1   2  19   0   7   1   1  13  11  14   2   1  0.48 0.35
    7 A     2  -6  -6  -6  -1  -5  -5  -4  -6   4   2  -5   0  -2  -5  -3  -1  -4  -5   4   18   0   0   0   1   0   0   1   0  23  15   0   2   1   0   2   4   0   0  32  0.86 0.46
    8 L     1  -4  -6  -7  -3  -5  -6  -3  -6   2   4  -5   2   2  -6  -4  -3   5   0   2   12   1   0   0   1   0   0   2   0  12  37   0   4   7   0   1   1   9   3  11  0.78 0.43
    9 L    -1  -6  -7  -7  -3  -6  -7  -6  -7   4   5  -6   1   0  -6  -4  -1  -6  -5   3    6   0   0   0   1   0   0   0   0  18  47   0   3   3   0   1   3   0   0  17  1.04 0.52
   10 T    -6  -7  -4  -7  -4  -7  -7  -5  -4  -7  -7  -7  -7  -8  -7   1   8  -9  -8  -6    0   0   1   0   0   0   0   1   0   0   0   0   0   0   0   9  89   0   0   0  2.71 1.19
   11 G    -5   1  -6  -7  -9  -7  -8   8  -8 -10 -10  -5  -9  -9  -8  -6  -7  -4  -9  -9    0   8   0   0   0   0   0  90   0   0   0   1   0   0   0   0   0   0   0   0  2.69 1.09
   12 A     6  -7  -5  -7   1  -6  -7   5  -7  -7  -7  -6  -5  -3  -7  -3  -6  -8  -7  -5   57   0   0   0   3   0   0  36   0   0   0   0   0   1   0   1   0   0   0   0  1.77 0.85
   13 L    -7  -7  -8  -9  -7  -6  -8  -9  -4   0   6  -8   4   5  -8  -8  -6  -6  -5  -3    0   0   0   0   0   0   0   0   0   4  62   0   8  24   0   0   0   0   0   1  1.83 0.81
   14 H    -6  -7  -6  -8 -10  -6  -7  -9  12 -10 -10  -8  -5  -5  -9  -7  -7  -9  -4 -10    1   0   0   0   0   0   0   0  98   0   0   0   0   1   0   0   0   0   0   0  4.55 1.62
   15 E    -4  -6  -6  -5  -4  -2   6  -7  -2  -3   4  -5  -1  -4  -7  -6  -6  -2  -5  -3    1   0   0   0   0   1  55   0   1   2  35   0   1   1   0   0   0   1   0   1  1.59 0.82
   16 D    -8  -8  -4   9 -10  -3  -4  -6  -8 -10 -10  -7 -10 -10  -8  -7  -8 -11 -10 -10    0   0   0  98   0   1   0   1   0   0   0   0   0   0   0   0   0   0   0   0  3.39 1.34
   17 G    -2  -9  -7  -8  -9  -8  -8   8  -8 -10 -10  -8  -9  -9  -8  -6  -8  -9  -9  -9    3   0   0   0   0   0   0  97   0   0   0   0   0   0   0   0   0   0   0   0  3.02 1.21
   18 L    -6  -8  -9  -9  -7  -8  -8  -9  -8  -3   6  -8  -2   4  -8  -7  -7   1  -4  -2    0   0   0   0   0   0   0   0   0   1  78   0   1  15   0   0   0   2   0   3  2.00 0.88
   19 A     7  -7  -7  -7  -4  -6  -7  -1  -7  -3  -5  -6   4  -7  -7   0  -4  -8  -7  -4   76   0   0   0   0   0   0   4   0   2   1   0  10   0   0   5   1   0   0   1  1.90 0.92
   20 D    -8  -3  -5   9 -10  -7  -5  -8  -8 -10 -10  -7 -10 -10  -8  -7  -8 -11 -10  -7    0   2   0  98   0   0   0   0   0   0   0   0   0   0   0   0   0   0   0   0  3.40 1.35
   21 V    -1  -6  -5  -6   5  -6  -6  -6  -6  -3  -1  -6   1   2  -6   2   5  -2  -4   2    5   0   0   0  11   0   0   0   0   1   5   0   4   8   0  14  38   1   0  15  1.03 0.61
   22 A     6  -7  -7  -7   7  -6  -7  -4  -7  -2  -3  -6   0   2  -7  -3  -3  -1  -4   0   54   0   0   0  20   0   0   1   0   2   3   0   2   8   0   1   1   1   0   6  1.49 0.74
   23 D    -8  -8  -5   9 -10  -7  -3  -8  -8 -10 -10  -7 -10 -10  -8  -7  -8 -11 -10 -10    0   0   0  99   0   0   1   0   0   0   0   0   0   0   0   0   0   0   0   0  3.47 1.37
   24 G     2  -8  -6  -7  -5  -8  -8   7  -8  -9  -9  -7  -6  -9  -8  -3  -7  -9  -9  -8   18   0   0   0   0   0   0  80   0   0   0   0   0   0   0   2   0   0   0   0  2.38 1.06
   25 F    -6  -7  -8  -8  -4  -7  -8  -8  -7   1   5  -8   1   7  -8  -7  -5   3  -2  -1    1   0   0   0   0   0   0   0   0   6  44   0   3  37   0   0   0   3   1   4  1.64 0.76
   26 G    -1  -5  -5  -6  -3  -5  -6   6  -6  -3   0  -6  -1   4  -5  -3  -5   5  -1  -3    5   1   0   0   1   0   0  50   0   2   9   0   1  16   0   2   0   7   2   2  1.23 0.62
   27 G     1  -7  -5  -7  -3  -7  -7   6  -7  -5  -7  -6  -7  -7  -4   3  -5  -8  -8  -3   10   0   0   0   1   0   0  64   0   1   0   0   0   0   1  20   1   0   0   3  1.73 0.86
   28 G     0  -1  -3  -6  -5  -5  -6   7   2  -8  -7  -5  -5  -5  -3  -2  -5  -3  -3  -5    7   4   1   0   0   0   0  73   4   0   0   0   0   0   2   3   1   0   1   1  1.77 0.84
   29 R    -1   5  -3  -5  -5   0  -4   0   3  -5  -3   1  -1   0  -5  -2  -1   7   2  -2    6  27   1   0   0   4   1   8   6   0   2   8   1   4   0   3   4  14   6   3  0.73 0.46
   30 D    -3  -3   1   5  -5  -2   0  -2  -4  -6  -7  -3  -6  -7   1   2   5  -8  -7  -6    1   2   5  27   0   1   6   3   0   0   0   1   0   0   8  14  30   0   0   0  0.98 0.62
   31 V     0   6  -5  -6  -5  -2  -5  -5  -5  -3  -5   4  -5  -7   3  -4  -2  -8  -7  -1    8  46   0   0   0   2   0   1   0   1   1  19   0   0  13   1   2   0   0   4  1.32 0.73
   32 A     1  -4  -4   2  -6   1   6  -4  -5  -6  -6  -1  -3  -7  -3  -2  -2  -6  -6  -5   13   1   1   9   0   5  57   1   0   0   0   3   1   0   1   2   3   0   0   1  1.35 0.77
   33 A    -2   7  -4   0  -8   3   1  -4   1  -8  -7   2  -5  -8  -6  -2  -3  -8  -6  -7    4  52   1   6   0  11   7   2   3   0   0  10   0   0   0   2   1   0   0   0  1.40 0.75
   34 K     1   5  -4  -6  -4  -4  -5  -6  -5   3  -5   3   3  -5  -6  -2   0  -7  -6   0   13  31   0   0   0   0   0   0   0  14   0  18   7   0   0   2   7   0   0   7  0.91 0.57
   35 L    -7  -4  -9 -10  -7  -7  -9 -10  -7  -2   7  -8  -2  -3  -9  -8  -7  -5  -7  -4    0   1   0   0   0   0   0   0   0   2  94   0   1   1   0   0   0   0   0   0  2.45 1.08
   36 E     3   2  -3   0  -7  -2   6  -5  -4  -5  -5  -1  -4  -8  -6  -2   0  -8  -7  -5   21  10   1   5   0   1  45   1   0   1   1   4   0   0   0   3   6   0   0   1  1.04 0.65
   37 I    -6  -7 -10 -10  -8  -9 -10  -7 -10   9  -4  -8  -4  -6  -9  -9  -7  -9  -8   1    1   0   0   0   0   0   0   0   0  91   1   0   0   0   0   0   0   0   0   6  2.98 1.20
   38 M    -7  -9  -9 -10  -9  -8  -9 -10  -9  -4   0  -9  11  -5 -10  -9  -8  -9  -8  -6    0   0   0   0   0   0   0   0   0   0   7   0  92   0   0   0   0   0   0   0  4.10 1.62
   39 R    -4   6  -5  -5  -9  -2  -4  -7   1  -9  -8   7  -7  -9  -7  -4  -4  -9  -7  -8    1  35   0   1   0   2   1   0   4   0   0  55   0   0   0   1   1   0   0   0  2.06 0.98
   40 D    -7  -3  -5   9 -10  -6  -2  -8  -8 -10 -10  -5  -7 -10  -8  -6  -6 -11 -10  -9    0   2   0  94   0   0   2   0   0   0   0   0   0   0   0   0   0   0   0   0  3.19 1.34
   41 S    -4  -6  -5  -7  -6  -5  -4  -3  -1  -8  -9  -6  -8  -9   3   7  -3  -9  -8  -5    1   0   0   0   0   0   1   2   1   0   0   0   0   0  12  80   1   0   0   1  2.18 1.13
   42 R    -1   8  -3  -2  -4   0  -5  -6   4  -8  -6  -3  -7  -6  -8  -2  -4  -8  -4  -6    5  68   1   3   1   4   0   0  10   0   1   1   0   0   0   4   1   0   1   0  1.99 0.96
   43 L    -3  -7  -5  -8  -1  -5  -7  -8  -2   6   2  -6  -2  -5  -7  -2   0  -7  -4   4    2   0   1   0   1   0   0   0   1  43  15   0   1   0   0   3   5   0   0  26  1.28 0.64
   44 G    -6  -9  -7  -8  -9  -8  -9   8  -9 -11 -10  -8  -9 -10  -9  -7  -8  -9 -10 -10    0   0   0   0   0   0   0 100   0   0   0   0   0   0   0   0   0   0   0   0  3.20 1.32
   45 T     4  -5  -5  -6  -6  -6  -6  -4  -7  -6  -7  -5  -6  -7   1   3   5  -8  -7   0   31   0   0   0   0   0   0   1   0   0   0   0   0   0   8  20  33   0   0   6  1.21 0.74
   46 Y    -4  -8  -4  -9  -6  -7  -8  -6   1  -3  -4  -5   5   6  -9  -7  -7  -2   8  -4    2   0   1   0   0   0   0   1   3   2   1   1  12  32   0   0   0   0  43   1  2.15 0.97
   47 G     0  -9  -7  -8  -9  -8  -8   8  -8 -10 -10  -8  -9  -9  -8  -6  -8  -9  -9  -9    8   0   0   0   0   0   0  92   0   0   0   0   0   0   0   0   0   0   0   0  2.82 1.20
   48 A     4  -7  -7  -7  -3  -6  -7  -2  -7  -2  -3  -6   0  -5  -7  -2   1  -8  -6   6   31   0   0   0   0   0   0   4   0   2   2   0   2   0   0   3   8   0   0  48  1.29 0.72
   49 L     1  -6  -7  -7   1  -5  -6  -6  -7   4   4  -6   2  -4  -6  -3   0  -6  -5   3   11   0   0   0   2   0   0   0   0  20  33   0   4   0   0   2   6   0   0  21  0.91 0.51
   50 A     6  -7  -6  -6  -5  -6  -6   3  -7  -5  -6  -6  -6  -6  -6   0   0  -8  -6  -2   60   0   0   0   0   0   0  24   0   1   0   0   0   0   0   5   7   0   0   3  1.53 0.82
   51 L    -1  -7  -8  -8  -3  -7  -8  -2  -6   2   6  -7   0  -3  -8  -7  -5  -7  -5   1    5   0   0   0   1   0   0   3   0  11  67   0   2   1   0   0   0   0   0   9  1.47 0.73
   52 V     0  -7  -6  -7   1  -6  -7   0  -7   5   1  -6   1   1  -7  -4  -2   1  -4   4    7   0   0   0   3   0   0   8   0  28  10   0   3   6   0   1   2   2   0  30  0.86 0.48
   53 V    -1  -6  -7  -7   2  -6  -7  -2  -6   1   5  -6   3   3  -7  -1  -2  -4  -4   1    6   0   0   0   5   0   0   4   0   7  46   0   6  12   0   5   2   0   0   8  0.88 0.50
   54 S     2  -4  -3  -2   0  -3  -5  -3  -4   1   2  -5   1  -1  -5   2   0  -4  -1   3   16   0   1   2   2   1   0   2   0   6  20   0   4   2   0  14   6   0   2  22  0.42 0.34
   55 F    -5  -6  -8  -8  -3  -5  -7  -7  -6   2   5  -6   1   3  -8  -5  -2  -6  -2   2    1   0   0   0   1   0   0   0   0  10  59   0   3   9   0   1   3   0   1  12  1.29 0.65
   56 A     2  -6  -6  -7  -6  -6  -6   2  -7   0   5  -6   1  -1  -6  -2  -2  -5  -5  -1   15   0   0   0   0   0   0  15   0   6  48   0   4   3   0   3   3   0   0   4  0.87 0.52
   57 A     1  -6  -6  -7  -2  -6  -7  -1  -7   2   5  -5   1   0  -7  -4  -1  -2  -5   1   12   0   0   0   1   0   0   5   0  10  53   0   3   3   0   1   3   0   0   7  0.96 0.54
   58 K    -4   5  -5  -5  -8   1  -3  -6  -4  -6  -4   7  -5  -6  -4  -5  -5  -6  -6  -6    1  28   0   0   0   6   1   0   0   0   2  57   0   0   1   0   0   0   0   0  1.84 0.90
   59 L     1  -5  -6  -7  -2  -6  -6  -4  -5   2   0  -6  -2   4  -6  -4  -1   6   3   3   13   0   0   0   1   0   0   2   0   9   7   0   1  18   0   1   5  11  11  20  0.89 0.50
   60 A     4  -4  -2  -5  -2   0  -3   0  -4  -1   1  -4   0  -1  -5   2   0  -4  -3   1   37   0   2   0   1   4   1   7   0   4  11   0   2   2   0  14   6   0   1   8  0.50 0.40
   61 A     5  -6  -5  -6   2  -5  -5  -2  -6  -2   3  -5  -1   0  -6   0  -1  -5  -5  -1   43   0   0   0   4   0   0   4   0   2  25   0   1   4   0   7   4   0   0   5  0.83 0.53
   62 L    -3  -7  -8  -8  -6  -6  -8  -7  -6   2   6  -7   0  -1  -7  -7  -4  -1  -2   0    3   0   0   0   0   0   0   0   0  11  71   0   2   2   0   0   1   1   2   6  1.58 0.76
   63 A     4  -3  -1  -3  -2  -1  -3   0  -1  -2  -1  -3   0  -1  -4   2   1   0   0   0   36   1   3   1   1   2   2   6   2   2   7   1   3   2   0  15   7   1   3   5  0.43 0.36
   64 T     3  -2  -1   0  -3   1   2  -1   0  -3  -2  -3  -2  -3  -3   3   1  -2  -2  -2   21   2   2   4   0   5  14   4   2   1   5   1   1   1   1  24   8   1   1   2  0.40 0.36
   65 I    -1  -5  -6  -7  -5  -5  -6  -6  -4   3   5  -6   3   0  -5  -5  -4  -2  -3   0    7   1   0   0   0   1   0   0   0  15  57   0   5   3   1   1   1   0   1   7  1.19 0.61
   66 P     1  -4  -1   0  -2  -2  -1   1  -2  -1   0  -3  -2  -2   5   2  -1  -3  -3  -2   14   1   2   5   1   2   4   9   1   4   8   1   1   2  25  13   4   0   1   2  0.42 0.32
   67 N     2  -2  -1   0  -4   0   0   1   0  -1  -1  -2  -2  -3   4   0   0  -1  -3  -1   16   2   2   6   0   4   7  12   2   3   5   1   1   1  18   8   4   1   1   5  0.26 0.23
   68 G     2  -1  -1   0  -4   0   1   2  -1  -3  -1  -2  -1  -2   2   1   1   3  -2  -2   16   3   2   5   0   5   9  13   2   1   7   1   2   2   9   9   8   4   1   3  0.17 0.19
   69 L     1  -1  -1  -1  -2   0  -1   0   1   0   1  -1   0   0  -1   0   0   2   0   0   14   4   2   3   0   5   4   9   5   5  16   2   3   4   2   6   6   3   3   5  0.05 0.09
   70 V     3   1  -3  -4  -2  -2  -3   1  -2   1   1  -1   0   0  -2  -2  -1   2  -3   1   25   8   1   1   1   2   1   9   1   8  14   3   2   3   2   2   3   3   0  12  0.24 0.23
   71 V     2  -4  -4  -5  -1  -5  -4  -1  -5   2   2  -5   1   1   3  -3  -1   5   0   1   16   1   0   0   1   0   1   4   0  10  18   0   3   5  13   1   3   9   3  10  0.47 0.34
   72 Q     2  -1  -3  -4  -2  -1  -3   0  -4   0   2  -2   0   0   1  -1  -1   4  -1   1   18   3   1   0   1   3   1   7   0   5  19   2   2   4   8   4   4   7   2   9  0.23 0.22
   73 S     5  -5  -5  -5  -3  -4  -5   0  -6   0   0  -5  -2  -3  -2   0   0   1  -3   1   47   0   0   0   1   0   0   7   0   5   8   0   1   1   2   6   6   2   1  11  0.75 0.50
   74 L    -2  -7  -8  -8  -3  -7  -7  -6  -7   3   6  -7   1   1  -4  -6  -5   1  -3   1    4   0   0   0   1   0   0   1   0  12  62   0   3   6   1   0   0   2   1   7  1.33 0.66
   75 I     0  -7  -7  -7  -2  -6  -7  -5  -7   5   3  -6   0   1  -2  -5  -3  -1  -5   4    7   0   0   0   1   0   0   1   0  26  28   0   2   6   3   0   1   1   0  24  0.98 0.52
   76 S     4  -5  -5  -6   1  -5  -5  -1  -6   1   3  -5  -1  -1  -4  -1   0   0  -3   2   30   0   0   0   3   0   0   6   0   7  24   0   1   3   1   5   5   1   1  14  0.57 0.40
   77 A     5  -6  -6  -6   0  -5  -6   0  -6  -1  -2  -5   4  -1  -5   0   0  -7  -5   1   53   0   0   0   2   0   0   8   0   3   3   0   8   3   0   7   5   0   0   8  1.00 0.61
   78 H     2  -5  -4  -3   0  -1  -2   0   7  -5  -2  -5  -2  -4   5  -2  -4  -4  -1  -3   15   0   1   2   2   3   2   9  24   0   4   0   1   1  29   3   1   0   2   2  1.07 0.62
   79 A     4  -6  -5  -6   2  -4  -5  -1  -6   0  -1  -5   2  -3  -1   0   1  -2  -5   3   31   0   0   0   4   0   0   5   0   5   6   0   5   1   3   7   9   1   0  22  0.61 0.43
   80 L     2  -5  -6  -7  -2  -6  -6  -3  -6   2   4  -6   1   1  -6  -2  -2   2  -3   2   16   0   0   0   1   0   0   3   0  10  41   0   3   5   0   3   2   3   1  12  0.75 0.45
   81 G     2  -5  -5  -6  -3  -6  -6   4  -7  -7  -8  -6  -7  -8  -6   6  -4  -8  -7  -7   14   0   0   0   1   0   0  29   0   0   0   0   0   0   0  55   1   0   0   0  1.67 0.90
   82 R    -5   9  -7  -8 -10  -5  -7  -7  -7  -9  -7  -2  -8  -9  -8  -6  -7  -4  -8  -9    1  95   0   0   0   0   0   0   0   0   0   2   0   0   0   1   0   0   0   0  3.26 1.37
   83 G     3  -5  -5  -7   1  -4  -6   0  -6  -2   1  -6   1   2  -6  -1   0   8  -2  -2   25   1   0   0   3   1   0   8   0   3  12   0   3   7   0   5   6  21   1   3  0.91 0.54
   84 V     4  -5  -3  -5   1  -3  -5   0  -5  -1   0  -5   3  -1  -1   1   0  -1  -4   1   35   0   1   0   3   1   0   8   0   3  11   0   7   3   3  10   6   1   0   9  0.51 0.39
   85 L     2  -5  -5  -6  -2  -1  -6  -3  -6   2   1  -6   7  -4   1  -1  -2  -5  -6   0   18   0   0   0   1   2   0   2   0   9  14   0  31   1   8   5   2   0   0   6  0.93 0.57
   86 P     1  -5  -5  -7  -3  -5  -6  -3  -7   1   2  -6   0  -4   2  -2   0  -5  -4   5   11   0   0   0   0   0   0   2   0   6  20   0   2   0   9   4   6   0   0  38  0.78 0.49
   87 W     1  -5  -5  -4   0  -3  -4  -2  -1   1   2  -4   0   1   0   0  -1   6   1   1   12   0   0   1   2   1   1   4   2   6  24   0   2   4   4   6   5  11   4  11  0.42 0.31
   88 I     2  -5  -5  -6   0  -1  -4  -2   0   1   3  -5   3   0   0  -2  -1  -2  -2   2   17   0   0   0   2   3   0   3   2   7  29   0   6   4   4   3   3   1   1  13  0.41 0.31
   89 A     1  -5  -5  -7   0  -4  -6  -3  -6   3   2  -5   7  -1  -3  -2  -1   4  -5   0   13   0   0   0   2   1   0   3   0  17  15   0  28   2   2   3   3   5   0   6  0.94 0.54
   90 I     2   2  -1  -4   0  -1  -3  -1   1  -2   0  -1   0   1  -3  -1   0   3   2   0   19  12   2   1   2   3   1   4   4   2   8   3   2   7   1   5   5   4   8   7  0.19 0.21
   91 S     1   1  -2  -3   0  -2  -3  -2  -2  -1   1  -1   0   2  -4   0   2   2   0   0   13   9   1   1   2   1   1   4   1   4  16   3   2  11   0   7  13   3   2   5  0.18 0.20
   92 L    -1  -4  -3  -5  -1  -1  -4  -2   0  -1   4  -4   3   3  -5   0   1   0   1  -1    5   0   1   0   2   3   1   3   2   2  37   0   6  11   0   8   8   1   5   3  0.49 0.35
   93 P    -2   0  -2  -1  -4  -2  -3  -4  -1  -6  -6  -2  -5  -6   8  -1  -2  -6  -8  -4    3   6   2   4   0   2   2   1   2   0   1   3   0   0  65   4   3   0   0   1  1.78 0.90
   94 Y     0  -6  -1  -6  -5  -3  -7  -7   0  -6  -4  -7  -5  -2   4  -1  -5  -4   8  -4    7   0   3   0   0   1   0   0   2   0   2   0   0   1  19   6   0   0  55   1  1.90 0.95
   95 A     7  -5  -7  -8  -5  -5  -7  -3  -8  -3  -4  -7  -5  -7  -3  -3  -5  -8  -6   3   73   1   0   0   0   0   0   2   0   1   2   0   0   0   2   1   0   0   0  17  1.81 0.93
   96 R    -4   8  -4  -5  -9  -1  -5  -3  -3  -7  -7   0  -6  -8  -5  -2  -3  -6  -5  -7    2  78   1   0   0   3   0   2   1   0   0   5   0   0   1   4   2   0   0   0  2.26 1.04
   97 K     1   0  -2   1  -4   1   2   0  -1  -4  -3   1  -3  -5   4   2   0  -6  -5  -3   11   5   1   8   0   5  15   6   1   1   2   7   1   0  17  13   6   0   0   1  0.40 0.33
   98 D    -2  -3   1   5  -5   0   4   1  -2  -5  -6  -2  -5  -7  -3   0   0  -7  -6  -5    3   1   5  28   0   3  25  12   1   1   0   3   0   0   2   8   7   0   0   1  0.78 0.50
   99 G    -2  -7  -4  -1  -8  -3  -2   7  -7  -9  -7  -5  -6  -8  -3  -1  -5  -8  -6  -7    3   0   1   3   0   1   3  79   0   0   1   1   0   0   2   4   1   0   0   0  2.01 0.93
  100 L    -1  -3  -4  -4  -5  -2  -3  -1  -4   0   4   1   3  -2  -4  -1   0  -6  -4  -1    6   1   1   1   0   2   1   5   0   5  46   8   7   1   1   4   7   0   0   4  0.60 0.40
  101 A     4  -3  -4  -5  -6  -5  -5   5  -6  -5  -4  -3  -3  -7  -6   3  -2  -5  -7  -4   28   1   1   0   0   0   1  42   0   1   2   1   1   0   0  19   2   0   0   1  1.15 0.66
  102 A     3   1  -2  -2  -4   1  -2  -1   2  -5  -4   4  -3  -3  -5   1  -1  -5  -3  -2   29   7   2   2   0   5   2   4   6   0   2  22   0   1   0  10   3   0   1   3  0.53 0.40
  103 N     2   0  -1  -1  -3   0  -1   0  -1  -2  -1  -1   0  -1   1   2   0  -1  -3  -1   18   4   2   4   0   5   3   7   1   1   8   3   3   3   8  18   7   1   1   4  0.15 0.19
  104 A     3  -4  -4  -5  -3  -3  -5  -4  -3   0   1   0   1   5  -3  -2  -1  -2   1   2   23   0   0   0   0   1   0   1   0   5  12   6   4  21   2   3   4   0   3  14  0.50 0.36
  105 G     2  -1  -3  -3  -3  -1  -3   4   0  -1  -2  -1   0   0  -1   0   0  -1  -1   0   18   3   1   1   0   2   1  29   2   3   3   4   2   4   3   8   5   1   2   8  0.34 0.27
  106 K     0   4   0   0  -3   2   1  -1   1  -3  -2   2  -1  -3  -2   0   0  -2  -2  -1    9  20   4   4   0   9   7   6   3   1   4  11   1   1   2   5   6   1   1   4  0.25 0.22
  107 P     0   0  -1  -3  -4   1  -2   1   3  -3  -2   0  -2  -3   5  -1   0  -4   0  -1    6   6   2   1   0   6   2  11   7   2   3   4   1   1  28   5   5   0   3   5  0.48 0.34
  108 D     0   0   0   1  -2  -1  -1   0  -1   0   0  -1   1  -2   1   1   1  -2  -3   0    9   5   3   7   1   3   4   7   1   5  12   3   4   1   7  11   9   1   0   8  0.07 0.10
  109 G     0   2  -1  -1  -3  -1  -2   2   0  -2  -1  -1  -1  -3   2   1   1   1  -3  -2    8  13   3   3   0   3   2  16   2   2   6   4   1   1  10  12   9   2   0   2  0.20 0.21
  110 A     1   3  -1  -2  -3  -1  -2   0  -1  -1   0   1  -1  -1   1   0   0   4  -1  -1   10  17   3   2   0   2   2   8   1   4   9   8   1   2   7   7   5   6   1   5  0.15 0.16
  111 I     1   3  -1  -1  -2   0  -2   0  -1   0  -1   0  -1  -2   1   0   1   1  -2   0   13  19   2   3   1   3   2   6   2   5   7   4   1   1   6   8   9   2   1   6  0.15 0.17
  112 A     2   0  -2  -1  -1   0   0   0   1  -1   1  -2  -1  -1  -2   0   1   0  -1   1   19   5   1   4   1   3   8   6   4   2  12   1   1   3   2   6   8   1   2  11  0.08 0.13
  113 A     2  -2  -3  -4   0  -3  -4  -1  -2   0   2  -4   0   2  -3  -1  -1   3  -1   1   19   2   1   1   2   1   1   6   1   5  24   0   2   7   1   3   4   5   2  12  0.30 0.25
  114 V     1  -2  -5  -4  -2  -3  -4  -2  -5   3   3  -4  -1   1  -3  -2   0   3  -2   2   14   2   0   1   1   1   0   3   0  16  27   1   1   5   1   2   5   4   1  15  0.45 0.31
  115 A     4  -4  -4  -5  -1  -3  -5   1  -4   2   1  -4  -2   1  -3  -1   0   3  -3   1   32   1   0   0   1   1   0   9   0  11  13   1   1   5   1   5   5   5   0   9  0.46 0.35
  116 A     4  -5  -4  -5   0  -4  -5   0  -5   0   1  -5  -1   0  -3   1   1   1  -4   1   35   0   0   0   2   0   0   8   0   6  14   0   1   3   1   9   8   2   0   8  0.51 0.39
  117 G     2  -5  -3  -5   0  -4  -5   2  -4   1   2  -5   0   0  -4   1   2  -1  -4   1   20   0   1   0   2   0   0  16   0   6  17   0   2   4   1   9  12   1   0   8  0.39 0.32
  118 L     1  -6  -6  -6  -2  -5  -5  -1  -6   3   3  -5   0   1  -4  -2   0   0  -4   2   13   0   0   0   1   0   0   5   0  17  31   0   2   5   1   3   5   1   0  14  0.60 0.38
  119 A     3  -5  -4  -5   1  -4  -5   1  -5   1   1  -5  -2   2   0   0   1   2  -3   0   24   0   0   0   2   1   0  12   0   8  15   0   1   9   4   6   9   3   0   7  0.37 0.31
  120 L     3  -5  -5  -5   0  -5  -5   1  -4   0   2  -5   0   0  -2  -1   1   0  -4   2   23   0   0   0   2   0   0  12   0   6  22   0   2   4   2   5   8   1   0  12  0.42 0.33
  121 L     3  -6  -6  -6   0  -5  -6  -1  -5   2   4  -6   0   0  -4  -2  -1  -3  -4   2   21   0   0   0   2   0   0   5   0   9  36   0   2   4   1   2   4   0   0  14  0.67 0.43
  122 I     2  -6  -6  -6  -1  -5  -6  -1  -4   3   3  -5  -1   1  -1  -2  -2  -1  -3   2   18   0   0   0   1   0   0   6   0  14  28   0   1   5   4   2   3   1   0  16  0.55 0.37
  123 A     3  -5  -5  -6   0  -5  -5   0  -5   1   2  -5   0   0   2  -1   0  -1  -4   1   25   0   0   0   2   0   0   7   0   8  18   0   2   4  12   4   5   1   0  10  0.44 0.35
  124 V     2  -5  -5  -6   1  -5  -5   0  -4   1   3  -5   0   1  -2  -1  -1   0  -3   2   19   0   0   0   3   0   0   6   0   6  29   0   2   7   2   5   4   1   0  14  0.48 0.35
  125 L     2  -5  -6  -6  -1  -5  -6  -1  -6   2   3  -5   0   2  -2  -3  -1   3  -1   2   15   0   0   0   1   0   0   6   0   9  33   0   2   8   2   2   3   4   2  12  0.54 0.36
  126 A     2  -5  -5  -5   1  -5  -5   0  -4   0   3  -5   0   2  -1  -2  -1   3  -1   1   16   0   0   0   2   0   0   8   0   4  32   0   2   8   4   3   3   4   2   9  0.47 0.34
  127 L     0  -5  -5  -5  -1  -5  -6  -2  -6   1   4  -5   1   2  -3  -2  -2   3  -2   1    8   0   0   0   1   0   0   4   0   8  44   0   3   9   1   3   3   4   1   9  0.69 0.42
  128 P     1  -2  -3  -2  -1  -3  -4   3  -2  -2   1  -4  -1   0   4   0   0   1  -2  -1   10   2   1   2   2   1   1  25   1   3  13   0   1   4  18   6   5   2   1   3  0.39 0.31
  129 F     0  -2  -3  -4  -3  -2  -3   3  -1   0   1  -3  -2   3   2  -2  -3   5  -1  -1    7   2   1   1   0   2   1  22   1   5  12   2   1  11  12   2   1   9   2   4  0.40 0.30
  130 G     1  -1  -2  -3  -3  -1  -2   1  -1   0   1  -2  -1   0   1  -1  -1   6   0   0   14   3   1   1   0   3   2  13   1   4  12   2   2   3   6   5   3  12   3   8  0.26 0.22
  131 S     2   0  -1  -3  -2   0  -2   0   1  -1  -1  -1  -1   0   2   1   0   3  -1  -1   20   6   2   1   1   5   2   8   3   3   7   3   2   4   8   9   6   4   1   4  0.14 0.17
  132 A     3  -6  -5  -6  -3  -5  -5   4  -5  -1   0  -5  -2   0  -2  -1   0   0  -2   1   24   0   0   0   1   0   0  34   0   4  10   0   1   4   2   4   5   1   1   8  0.65 0.43
  133 L     1  -6  -6  -7  -3  -5  -6  -2  -6   3   4  -6   0   2  -2  -3  -4   3  -4   2   10   0   0   0   1   0   0   3   0  13  41   0   2   8   3   2   1   4   0  13  0.77 0.45
  134 L     2  -5  -4  -6   0  -4  -5  -1  -4   2   3  -4   0   0   0  -2  -2   3  -1   2   18   0   1   0   2   0   0   4   0  12  25   0   2   4   4   2   2   4   2  16  0.45 0.32
  135 A     4  -5  -5  -5  -1  -5  -5   0  -5   1   2  -5   1  -1  -1  -1  -1  -3  -3   1   38   0   0   0   1   0   0   7   0   7  18   0   3   2   4   5   3   0   1  10  0.58 0.42
  136 A     2  -6  -5  -6  -1  -5  -6  -2  -5   2   3  -5   2   2  -2  -3  -1   1  -3   2   16   0   0   0   1   0   0   4   0  13  32   0   4   8   2   1   4   2   0  11  0.59 0.38
  137 L     2  -6  -6  -6  -1  -5  -6   0  -6   2   3  -5  -1   0  -1  -3  -2  -3  -5   2   20   0   0   0   1   0   0   8   0  13  29   0   1   4   3   2   2   0   0  16  0.59 0.40
  138 A     3  -5  -5  -6   0  -5  -5   0  -6   1   2  -5   0   0   0  -1  -1  -1  -3   2   28   0   0   0   2   0   0   9   0   7  19   0   2   4   4   3   4   1   0  17  0.50 0.37
  139 A     4  -5  -5  -5   1  -3  -5   1  -5   0   1  -5   1  -2  -2   0   0  -2  -3   2   33   0   0   0   3   1   0  11   0   4  12   0   3   2   2   7   6   1   1  14  0.49 0.38
  140 G     3  -5  -5  -6   0  -4  -5   2  -4   2   2  -5   0   1  -4  -2  -1   3  -2   1   23   0   0   0   2   0   0  14   0   9  22   0   2   5   1   2   3   4   1  10  0.49 0.35
  141 A     3  -6  -6  -6  -1  -6  -6   0  -6   2   4  -6   0   0  -5  -3  -2  -4  -4   2   23   0   0   0   1   0   0   7   0  11  34   0   2   3   0   1   2   0   0  14  0.71 0.45
  142 S     3  -5  -5  -5   0  -4  -5   0  -5   1   1  -4   0   2  -3  -1   1   0  -3   3   23   0   0   0   2   0   0   8   0   8  15   0   2   8   1   4   8   1   0  18  0.42 0.32
  143 A     3   0  -3  -5   0  -3  -4   0  -3  -1   0  -3  -1   0  -4   0   3  -1  -2   2   28   5   1   0   2   1   0   7   0   4   8   1   1   4   0   6  16   1   1  14  0.38 0.32
  144 L     1  -2  -5  -5  -3  -2  -4  -1  -1   1   3  -4  -1   3  -4  -2  -2   6   1   1   14   2   0   0   0   2   1   5   1   7  27   0   1  10   1   2   2  10   5   9  0.49 0.33
  145 I     2  -4  -6  -6  -1  -4  -5   2  -5   0   3  -4   0   1  -4  -3  -2   4   0   1   15   1   0   0   2   0   0  14   0   5  32   0   2   5   1   2   2   6   3   9  0.54 0.37
  146 M    -1  -6  -6  -7   1  -5  -6  -5  -5   1   3  -6   4   4  -6  -3  -1   5  -1   2    6   0   0   0   3   0   0   1   0   7  27   0   9  17   0   2   3   7   1  14  0.79 0.45
  147 A     3   3  -2  -4   0  -1  -3   3  -1  -1  -1  -1  -1  -2  -5   0   0  -2  -2  -1   23  15   1   0   2   2   1  20   1   3   5   3   2   1   0   8   6   0   1   4  0.36 0.30
  148 L     1   5  -2  -5  -3   0  -4  -1   1  -1   0   0  -1   0  -6  -2  -2   6   0  -1   10  29   2   0   1   3   1   4   4   3  10   4   2   4   0   3   2  11   3   5  0.56 0.39
  149 V    -1   0  -6  -6  -3  -3  -6  -5   0   0   3  -4  -1   3  -7  -5  -2   7   5  -1    5   5   0   0   1   1   0   1   2   6  26   1   1  10   0   1   2  15  19   4  0.94 0.52
  150 A     4  -5  -5  -6   5  -4  -6  -5  -6   0   1  -5   3   4  -6  -1  -2  -1   1   0   30   0   0   0  10   0   0   0   0   5  13   0   6  16   0   5   3   1   4   6  0.73 0.46
  151 K    -1   4   0  -3  -2   2  -1  -3   2  -2  -1   3   1  -3  -5  -1   0   0  -2  -1    5  24   5   1   1   7   3   1   5   3   7  16   3   1   0   4   5   1   1   5  0.39 0.31
  152 R     0   7  -2  -5  -4   0  -4  -4   0  -5  -6   3  -5  -5  -6  -1  -3  -1  -4  -4    7  52   2   0   0   4   1   2   2   1   0  18   0   1   0   4   2   1   1   2  1.33 0.71
  153 Q    -3   6  -3  -5  -8   3  -4  -7   1  -5  -2   4  -2  -5  -6  -3  -3   3  -4  -4    2  40   1   0   0  14   0   0   4   1   5  23   1   0   0   2   1   4   0   1  1.24 0.69
  154 I    -5  -7  -8  -8  -6  -7  -8  -8  -8   6   4  -7   0   1  -8  -7  -5  -7  -5   0    1   0   0   0   0   0   0   0   0  45  39   0   2   6   0   0   0   0   0   5  1.63 0.73
  155 G    -3  -4  -2  -2  -8  -1  -4   7  -5  -9  -9  -3  -8  -8  -4  -4  -7  -8  -8  -7    1   1   2   2   0   3   1  84   0   0   0   1   0   0   1   1   0   0   0   0  2.25 0.97
  156 G    -6  -8  -6  -7  -4  -8  -8   8  -8  -9  -9  -7  -8  -9  -8  -6  -7  -8  -9  -9    0   0   0   0   0   0   0  98   0   0   0   0   0   0   0   0   0   0   0   0  3.04 1.22
  157 Q    -3  -4  -5  -6  -2   3  -5  -6   3   2   1  -5   2   2  -6  -4  -2  -1   6   2    2   1   0   0   1  13   0   0   6  11  12   0   5   6   0   1   2   1  25  13  0.80 0.48
  158 T    -6  -7  -3  -6  -4  -7  -7  -7  -8  -6  -7  -7  -7  -8  -7  -2   8  -8  -8  -5    0   0   2   0   0   0   0   0   0   0   0   0   0   0   0   3  93   0   0   1  2.87 1.27
  159 G    -6  -5  -6  -7  -8  -8  -8   8  -8  -9  -9  -7  -8  -9  -8  -6  -7  -8  -9  -9    0   1   0   0   0   0   0  98   0   0   0   0   0   0   0   0   0   0   0   0  3.03 1.21
  160 D    -8  -8  -5   9  -9  -6  -5  -7  -7  -9  -9  -7  -9  -9  -8  -6  -7 -10  -9  -9    0   0   0  99   0   0   0   0   0   0   0   0   0   0   0   0   0   0   0   0  3.43 1.36
  161 V    -2  -6  -4  -7   6  -6  -6  -4  -7   1  -2  -6  -2  -3  -6  -3   4  -7  -4   5    3   0   1   0  16   0   0   1   0   8   4   0   1   1   0   1  28   0   0  34  1.22 0.64
  162 L    -1  -7  -7  -8   2  -6  -7  -8  -4   0   6  -7   1   0  -7  -6  -6  -5   4  -2    5   0   0   0   4   0   0   0   0   5  62   0   3   3   0   0   0   0  14   2  1.42 0.69
  163 G    -6  -8  -6  -7  -8  -7  -8   8  -8  -9  -9  -7  -8  -9  -8  -6  -7  -8  -9  -9    0   0   0   0   0   0   0  98   0   0   0   0   0   0   0   0   0   0   0   0  3.04 1.20
  164 G     7  -7  -7  -7  -1  -6  -6  -2  -7  -7  -5  -6  -1  -2  -6  -3  -2  -5  -7  -5   87   0   0   0   1   0   0   3   0   0   1   0   1   2   0   1   2   0   0   0  2.15 1.00
  165 A     2  -5  -3  -5   3  -2  -4  -2  -4   2   1  -5   1  -3  -5   0   3  -4  -4   2   17   0   1   0   5   1   0   3   0   9  14   0   3   1   0   8  20   0   0  16  0.48 0.35
  166 E    -1  -5   2  -4   4   6   2  -2  -3   0  -4  -4  -5  -3  -6  -1  -2  -7  -5   0    5   0  11   0   8  38  10   4   0   6   2   0   0   1   0   3   2   0   0   7  0.93 0.59
  167 Q    -4  -4  -6  -5  -4   7   6  -7  -5  -3  -2  -3  -3  -6  -7  -4  -5  -8  -5  -2    1   0   0   0   0  45  40   0   0   2   4   1   1   0   0   1   0   0   0   4  1.78 0.92
  168 V    -1  -6  -7  -7  -1  -6  -6  -3  -7   4   4  -5   1   0  -6  -4  -1  -2  -5   3    5   0   0   0   1   0   0   3   0  22  37   0   3   3   0   1   4   0   0  20  0.89 0.47
  169 A     3  -5  -2  -5   4  -3  -5   1  -5  -1  -3  -5  -2  -2  -5   3   3  -6  -4   2   24   0   2   0   7   1   0   9   0   4   2   0   1   1   0  19  17   0   0  12  0.61 0.43
  170 E    -5  -5  -6  -2  -5  -1   8  -7  -5  -9  -6  -5  -3  -5  -7  -6  -4  -9  -8  -6    1   0   0   1   0   2  90   0   0   0   1   0   1   1   0   0   1   0   0   1  2.60 1.16
  171 T     0  -6  -5  -6   2  -5  -6  -5  -6   4   3  -6   2  -4  -6  -3   2  -3  -5   3    8   0   0   0   3   0   0   1   0  23  25   0   4   0   0   1  14   0   0  20  0.80 0.45
  172 A     3  -5  -5  -5   0  -5  -5   1  -5   0   1  -5   1   0  -5   0   1  -3  -4   2   29   0   0   0   2   0   0  11   0   5  14   0   3   4   0   6  10   0   0  17  0.50 0.37
  173 I     1  -6  -6  -6   1  -5  -5  -1  -4   3   0  -5   1   4  -5  -2   0  -1  -2   4   11   0   0   0   3   0   0   5   0  14   7   0   4  18   0   2   5   1   1  28  0.64 0.39
  174 L    -4  -7  -8  -8  -4  -6  -8  -7  -6  -1   6  -7   0   0  -6  -7  -6   4   5  -3    2   0   0   0   0   0   0   0   0   3  65   0   1   3   0   0   0   4  19   1  1.65 0.76
  175 V     0  -6  -7  -7   0  -5  -6  -5  -6   2   5  -6   1   0  -6  -3  -1  -3  -5   2    9   0   0   0   2   0   0   1   0  10  51   0   2   4   0   1   3   0   0  16  0.95 0.50
  176 L     3  -5  -4  -5   2  -4  -5   1  -5   1   1  -4   1   0  -5   0   1  -2  -2   3   23   0   0   0   4   0   0  13   0   6  11   0   3   3   0   6  10   1   1  18  0.40 0.31
  177 L     1  -6  -6  -7   1  -6  -6  -5  -6   2   4  -6   2   4  -6  -4  -4  -1  -1   1   12   0   0   0   2   0   0   1   0  10  42   0   5  16   0   1   1   1   1   9  0.87 0.46
  178 A     4  -5  -4  -5   3  -5  -5  -2  -5   0   1  -5  -2  -4  -4   1   0  -6  -4   3   36   0   0   0   6   0   0   2   0   4  13   0   0   0   0  12   5   0   0  22  0.68 0.44
  179 A     5  -5  -5  -5   0  -5  -5  -2  -5   0  -2  -5   0  -3  -5   1  -1  -2  -4   2   54   0   0   0   2   0   0   3   0   5   4   0   2   1   0  11   2   1   0  15  0.90 0.52
  180 R     1   1  -1  -4   0  -1  -3  -3   0   0   0  -3   3   2  -4   0   0   6   1   0   11   9   2   0   2   2   0   1   3   5  10   0   8  11   0   6   5  12   5   8  0.31 0.23
  181 L    -2  -4  -6  -6  -4  -3  -4  -6  -2   1   5  -4   0   3  -6  -4  -3   6  -1   0    4   1   0   0   0   1   1   0   1   8  53   0   2  11   0   1   1  13   1   4  1.00 0.44
  182 G    -3  -5   4  -3  -5  -4  -4   7  -4  -7  -7  -4  -5  -6  -5  -3  -4  -6  -6  -6    0   0  21   0   0   0   0  79   0   0   0   0   0   0   0   0   0   0   0   0  1.86 0.55

                      K         Lambda
Standard Ungapped    0.1368     0.3204
Standard Gapped      0.0593     0.2670
PSI Ungapped         0.1937     0.3170
PSI Gapped           0.0593     0.2670
