
Last position-specific scoring matrix computed, weighted observed percentages rounded down, information per position, and relative weight of gapless real matches to pseudocounts
            A   R   N   D   C   Q   E   G   H   I   L   K   M   F   P   S   T   W   Y   V   A   R   N   D   C   Q   E   G   H   I   L   K   M   F   P   S   T   W   Y   V
    1 M    -2  -3  -4  -5  -3  -3  -4  -5  -4   4   2  -3   7  -1  -4  -3  -2  -3  -2   1    0   0   0   0   0   0   0   0   0  34  14   0  46   0   0   0   0   0   0   6  0.86 0.25
    2 S     0   0   3  -1  -2   0   0  -1  -2   1  -2   1  -2  -3  -2   2  -1  -4  -3   1    5   3  24   0   0   3   4   3   0  12   0   8   0   0   0  27   0   0   0  11  0.24 0.15
    3 E     0   0   1  -1  -4   0   5  -1   1  -4  -4  -1  -3  -1  -3   2   0  -4  -3  -3   10   6   7   0   0   0  49   3   3   0   0   0   0   4   0  15   4   0   0   0  0.55 0.24
    4 Y    -2  -1   2   3  -3  -1   0  -1  -1   0  -1  -2   0   0  -3   1   0  -2   3  -1    0   3  10  25   0   0   7   3   0  10   4   0   4   3   0  12   4   0  14   4  0.21 0.13
    5 M    -1  -4  -5  -5  -4  -3  -4  -5  -4   3   3  -2   8  -2  -5  -4  -1  -4  -1   0    4   0   0   0   0   0   0   0   0  16  23   2  46   0   0   0   4   0   2   2  1.06 0.43
    6 K    -2   4  -2   0  -1   1   1  -4  -3  -3  -4   5   1  -4  -4   0  -2  -5  -1  -4    2  23   1   4   1   4   8   0   0   2   0  39   5   0   0   8   1   0   2   0  0.71 0.37
    7 N    -1   0   2   4  -4   2   3  -3  -1  -4  -4   1   0  -4  -3   0  -1  -5  -2  -2    3   5  10  22   0   8  24   0   1   0   1  10   2   0   0   7   2   0   1   2  0.52 0.28
    8 E    -1   3  -1   1  -4   3   2  -3   1  -2  -1   3   0  -4  -3  -1  -2  -4  -3  -1    3  16   2   8   0  13  17   0   4   1   8  17   2   0   0   3   1   0   0   4  0.37 0.24
    9 I    -4  -6  -6  -6  -1  -5  -6  -4  -6   7   0  -4   0  -2  -6  -5  -1  -5  -4   3    0   0   0   0   2   0   0   1   0  67   7   1   2   1   0   0   3   0   0  16  1.40 0.55
   10 L    -3  -4  -1  -5  -4  -4  -4  -5  -1   3   4  -1   2  -1  -5  -2  -2  -1   3   1    0   0   3   0   0   0   0   0   1  14  48   4   5   1   0   2   1   1  11   8  0.66 0.35
   11 E     1   1   1   2  -1   1   3  -2   0  -3  -2   0  -3  -2  -2   0  -1  -4  -2  -3   13  10   8   9   1   4  28   2   2   1   4   5   0   2   1   7   2   0   1   1  0.31 0.22
   12 F    -1  -2  -4  -5  -4  -4  -4  -5   2   1   2  -4  -1   5  -5  -3  -3   1   6  -1    5   2   0   0   0   0   0   0   4   7  18   0   1  24   0   1   1   2  30   3  0.86 0.38
   13 L    -2  -4  -4  -5  -3  -2  -4  -5  -4   3   5  -3   4  -1  -3  -3  -2  -4  -2   1    2   0   1   0   0   1   0   0   0  18  53   2   9   2   1   1   2   0   1   6  0.81 0.37
   14 N     0   2   1   0   0   1   1  -2  -2  -3  -2   3  -3  -4  -1   1   0  -4  -1  -2    8  12   7   5   2   5  10   2   0   0   4  24   0   0   2   9   3   0   2   3  0.27 0.19
   15 R     0   2   0   0  -4   2   3  -1  -1  -2  -3   1  -3  -3  -2   1   1  -4  -2  -2    6  15   3   5   0  10  20   5   1   2   2   8   0   1   1  11   8   0   1   2  0.29 0.20
   16 H    -3   2   2   0   1   1  -1  -4   7  -3  -5   3  -4  -5  -1   0  -2   0  -3  -5    1  11  10   4   4   6   2   0  29   2   0  21   0   0   3   5   1   1   0   0  0.78 0.39
   17 N    -1  -1   1   0  -2   0   1   3   2  -1  -3   0  -3  -4   4  -1   0  -5  -2  -3    2   2   8   6   1   3   8  22   6   4   1   4   0   0  20   3   7   0   1   1  0.41 0.23
   18 G     0  -3  -2  -1  -2  -1   1   2  -3  -4  -2  -2  -3   2   3   1   1   3  -1  -2    5   1   0   4   1   2  12  20   0   0   3   1   0  10  15  12   8   4   1   2  0.34 0.23
   19 G     2  -3  -4  -4   3  -3  -4  -1  -4   1   2  -3  -1   0   2  -1  -1   1  -3   2   23   1   0   0   6   1   0   4   0   8  19   0   0   4  12   2   3   2   0  15  0.33 0.23
   20 K    -2   2  -1  -4  -2  -2  -2  -2  -4  -4  -3   3  -1  -5   1   2   5  -5  -4  -4    1  10   2   0   1   0   1   2   0   0   2  23   1   0   6  16  36   0   0   0  0.73 0.42
   21 T     1  -1  -4  -5  -5  -2  -4  -5  -5  -1  -5  -4  -4  -6   1  -1   7  -6  -5  -1   11   4   0   0   0   1   0   0   0   3   0   0   0   0   6   2  70   0   0   4  1.43 0.64
   22 A     1   5  -1  -3  -4   0  -2  -3  -3  -3  -3   1  -4  -4  -2   2   0  -5  -3  -1   15  39   2   1   0   3   1   1   0   1   1   8   0   1   2  15   6   0   1   4  0.64 0.37
   23 E    -2  -4  -2   4  -2   1   6  -5  -1  -4  -4  -2  -3  -3  -4  -2  -1  -6  -5  -3    2   0   1  27   1   6  50   0   1   1   1   1   1   1   0   2   3   0   0   2  1.16 0.53
   24 I    -4  -6  -7  -7   0  -6  -6  -7  -7   7   2  -6   0  -4  -6  -6  -4  -6  -5   3    0   0   0   0   2   0   0   0   0  61  14   0   1   0   0   0   0   0   0  22  1.56 0.58
   25 A     6  -5  -5  -5  -4  -1  -4  -1  -5  -3  -5  -4  -1  -6  -4   1  -1  -6  -5  -1   74   0   0   0   0   2   0   3   0   1   0   0   2   0   0  11   3   0   0   4  1.36 0.62
   26 E    -1   1   2   5  -5   1   3  -2   0  -4  -3   1  -2  -4  -4  -1  -2  -5  -3  -3    6   7   8  32   0   6  21   2   2   1   2   8   1   1   0   2   2   0   1   2  0.60 0.32
   27 A     4   0  -2  -2  -2  -1   0   0   1  -2   0   0   1  -2  -3  -1  -1  -4  -1  -3   42   5   1   2   1   2   7   6   4   1  10   6   4   1   1   3   2   0   2   0  0.35 0.28
   28 L    -1  -5  -3  -5   6  -4  -5  -5  -2   0   3  -5   3   3  -5  -3   1  -4  -3   0    5   0   1   0  19   0   0   0   1   5  36   0   7  11   0   1   8   0   0   6  0.77 0.37
   29 A    -1  -2   2   4  -2  -1   0   5  -1  -4  -6  -2  -5  -6  -4  -1  -4  -6  -5  -5    3   2  10  21   1   3   7  46   1   1   0   2   0   0   0   3   0   0   0   0  0.90 0.41
   30 V    -3  -5  -5  -4   0  -4  -2  -6  -5   4   4  -4   3  -1  -5  -4   0   2  -2   2    1   0   0   1   2   0   3   0   0  26  37   0   7   1   0   0   5   3   1  14  0.71 0.35
   31 T    -1  -4   0   0  -4  -3  -3  -2   0  -3  -5  -2  -4  -6  -3   5   5  -6  -5  -4    2   0   3   4   0   0   0   2   2   1   0   2   0   0   1  47  35   0   0   0  1.10 0.56
   32 D    -1  -1  -3   1  -3  -2  -1  -4   2   4   0  -3   0  -2  -1   0   0   0  -1   2    5   3   0   8   0   1   4   0   5  34   4   0   1   1   3   7   6   1   2  14  0.31 0.24
   33 Y    -1  -4   0  -2  -5   0  -3  -1  -1  -3  -4  -2  -2   0  -4   1  -2  -2   8  -2    6   0   4   2   0   4   1   5   1   1   0   2   1   1   1  12   2   0  54   2  1.19 0.55
   34 Q    -1   0   0  -3   0   6  -1   0  -1  -1  -2   1  -1  -5  -4   0   0  -5  -4  -2    5   4   5   0   2  42   2   7   1   5   4   8   2   0   0   7   5   0   0   3  0.64 0.40
   35 A     5  -4  -4  -5  -3  -4  -4  -3  -5   1  -3  -4   0  -4  -4  -1   2  -5  -4   2   54   0   0   0   0   0   0   0   0   7   0   0   2   0   0   3  15   0   0  17  0.95 0.48
   36 R    -4   7  -2  -3  -6   0  -1  -5  -1  -5  -3   1  -1   0  -5  -1  -2  -5   0  -4    0  63   1   2   0   4   3   0   1   0   2   8   2   4   0   4   2   0   3   1  1.27 0.54
   37 Y    -1  -1  -1  -3  -5   1  -3  -2   4  -2  -1  -2  -1  -1  -5  -3  -3   2   7  -3    6   3   4   1   0   6   1   2  11   2   5   2   1   1   0   2   1   2  47   2  1.06 0.48
   38 Y    -2  -1  -4  -2   0   0  -4  -5   7   0  -1  -3   0  -1  -5  -3  -3   4   6  -1    3   3   0   3   2   4   0   0  24   5   6   1   2   1   0   1   1   6  33   4  1.07 0.49
   39 L    -5  -6  -7  -7  -5  -6  -7  -7  -7   0   6  -6   1  -1  -7  -6  -5  -5  -5  -1    0   0   0   0   0   0   0   0   0   4  90   0   2   2   0   0   0   0   0   2  1.84 0.69
   40 L    -2   3   2  -1  -4   1   0  -2  -1  -1   2   2   1  -3  -4   0   0  -4  -3  -2    2  16   9   3   0   5   7   2   2   3  23  11   5   0   0   6   5   0   0   1  0.24 0.21
   41 L     0   2  -2  -1   1   3   0  -3  -1  -1  -1   3  -1  -3  -2  -1   0  -1   0   0    7   9   1   3   4  15   4   1   1   3   7  25   1   0   1   2   4   1   4   7  0.26 0.22
   42 L    -5  -6  -7  -7  -5  -6  -3  -7  -6  -2   6  -3   2  -3  -7  -6  -5   2  -5  -3    0   0   0   0   0   0   2   0   0   0  89   2   4   0   0   0   0   3   0   0  1.82 0.70
   43 E     1   1  -1  -1  -1   1   2  -3   3  -1  -1   1   0  -3  -3   0  -1  -4  -1   1   11   9   1   2   1   8  18   0   8   3   4  11   3   0   0   6   2   0   1  12  0.23 0.20
   44 K     1   2   1   2  -4   0   2  -1   0  -3  -2   3  -1  -4  -3   0  -1  -5  -4  -4   12  12   5  13   0   2  15   3   2   1   5  21   1   0   0   5   2   0   0   0  0.36 0.24
   45 E     1   1  -1   0  -2   1   4  -3   1  -4  -2   1  -3  -2  -3   0  -1  -4   0  -2   12   7   3   4   1   6  32   1   3   0   5  10   0   1   0   8   2   0   3   2  0.38 0.27
   46 G    -3  -2   1  -2  -1  -2  -5   7   0  -7  -7  -2  -2  -6  -6  -3  -5  -6  -3  -7    1   3   8   2   1   2   0  75   2   0   0   3   1   0   0   1   0   0   1   0  1.65 0.65
   47 M    -2   2  -2  -3  -2   0  -2  -3   0   1   2   3   0  -1  -4  -2  -1  -4   0   1    2  10   1   1   1   4   1   1   2   8  21  26   2   2   0   1   2   0   3  11  0.30 0.23
   48 V    -1  -6  -6  -7  -4  -6  -6  -7  -7   4   1  -6  -2  -4  -6  -5  -4  -6  -5   6    5   0   0   0   0   0   0   0   0  18  13   0   0   0   0   0   0   0   0  65  1.47 0.58
   49 Q    -2   1  -2  -1  -1   3   3  -2   0   0  -1   1   0  -4  -3  -1   0  -4  -1   0    2   6   1   2   1  16  22   3   2   7   5  10   2   0   0   2   6   0   2   9  0.27 0.22
   50 R    -3   6  -2  -1   2   0   1  -4   0  -3  -3   2   0  -3   0   0  -2  -5  -4   0    1  43   1   3   4   2   7   0   3   1   2  10   2   1   5   6   2   0   0   6  0.68 0.37
   51 S     0  -1  -1   0  -3  -1   1  -2   0   0  -1   1  -1  -2  -1   2   2  -4   0   1    4   3   2   5   0   1   8   2   3   7   4   8   1   1   3  16  15   0   3  14  0.13 0.15
   52 P    -1   0   1  -1  -2   1   0   1   0  -3  -3   0  -3  -3   4   1   0  -1  -3  -2    3   6   9   2   1   7   5  13   2   1   1   6   0   1  20  12   6   1   0   3  0.33 0.21
   53 L     0   0   0  -1  -1  -1   0   1   1   0   0   0   0  -1   1   0   1  -1  -1   0    6   5   3   1   1   2   8  10   6   5   7   6   4   3   7   9   8   1   1   7  0.04 0.06
   54 R    -1   3   0   0  -5   1  -2   4  -2  -3  -4   0  -4  -5   0  -1  -2  -2  -3  -2    5  17   4   5   0   6   2  38   1   2   1   5   0   0   4   4   2   1   1   3  0.56 0.33
   55 R    -4   6  -1  -4  -1   1  -2  -3  -1  -1  -3   4  -4  -5  -3  -2  -3  -1  -2  -1    0  45   3   0   1   5   2   1   1   5   2  21   0   0   1   2   1   1   1   5  0.94 0.47
   56 G    -2  -1   2  -4  -5  -4  -4   6  -2  -5  -4  -1  -5  -2  -3  -1  -3  -5  -3  -5    2   4   9   0   0   0   1  66   1   0   2   3   0   2   1   5   1   0   1   1  1.31 0.54
   57 M     0   3   2  -1   0  -1  -2   1  -2  -3  -3   3   0  -4  -2   0  -1  -4  -2   0    9  18  13   2   2   2   0  13   0   0   1  19   2   0   1   6   3   0   1   6  0.32 0.24
   58 A     2   2  -2  -1  -4  -1  -2  -3   2  -1  -3   1  -1  -4   4   2   0  -5  -2  -1   15  10   1   2   0   2   0   0   5   3   2  10   1   0  21  17   4   0   1   5  0.42 0.29
   59 T     0  -2  -1  -3   1  -3  -1   0  -1   1   2  -3  -1  -1  -3   0   2  -3  -3   1    6   2   2   0   4   0   3   9   2   7  25   0   0   3   0   6  16   0   0  13  0.20 0.19
   60 Y    -4   5  -2  -4   1   0  -3  -5   3  -1   2  -1  -1   0  -5  -2  -1  -3   4   0    0  30   1   0   3   4   0   0   7   3  19   1   1   3   0   3   3   0  14   7  0.57 0.37
   61 W    -8  -7  -8  -9  -7  -7  -8  -8  -7  -7  -3  -3  -6  -4  -8  -8  -7  13   0  -8    0   0   0   0   0   0   0   0   0   0   3   2   0   0   0   0   0  91   2   0  4.67 1.40
   62 F    -3   3  -2  -4  -2  -1   0  -3   2   0  -3   0   0   3  -5  -1  -1   5   4  -2    1  17   1   0   1   3   8   1   5   5   1   5   2  14   0   5   4   9  16   2  0.51 0.32
   63 L    -3  -1  -5  -6   1  -5  -5  -4  -5   4   4  -5   2  -3  -3  -2  -3  -5  -4   2    1   3   0   0   3   0   0   1   0  23  44   0   5   0   1   3   1   0   0  15  0.81 0.41
   64 K     2   0   1  -2  -1  -2  -2  -3  -3  -1  -1   2  -2  -4   3   2   1  -5  -4   0   17   5   9   1   1   0   0   0   0   4   6  12   0   0  16  14   9   0   0   5  0.31 0.23
   65 G     1   2   0   1  -4  -1   2   4  -2  -4  -4  -1  -3  -4   1   0  -1  -4  -4  -3   12  13   3  10   0   0  16  31   0   0   0   2   0   0   6   4   4   0   0   1  0.43 0.23
   66 E    -1   0   2   4  -4   2   3  -3   1  -4  -4   1  -3  -4  -3   1  -1  -5  -3  -2    5   2  10  28   0  11  20   0   4   0   0   7   0   0   0   9   2   0   0   2  0.54 0.25
   67 M    -1   0  -2  -1  -3   2   1  -1  -2   0   0   2   3  -3  -3   0   0  -3  -3   0    4   3   0   2   0  14   9   3   0   8   7  17  15   0   0   6   7   0   0   4  0.19 0.16
   68 Q     1  -1  -1   1  -4   3   4   1  -2  -4  -4   1  -3  -4  -2   1   0  -4  -3  -3   13   0   0   5   0  16  34   9   0   0   0   8   0   0   0   8   7   0   0   0  0.48 0.23
   69 A     2  -1   2  -1  -2   0   0  -2  -2   1   0   0  -1  -2  -2   0   0  -3   0   1   22   3  13   0   0   3   8   0   0   8   8   3   0   0   0   7   4   0   4  17  0.10 0.09
   70 G     1   0  -1  -2  -2  -1   0   4   1  -2  -3  -1  -2  -3  -2   0   1  -3  -2  -1   18   5   0   0   0   0   5  45   5   0   0   0   0   0   0   0  13   0   0   6  0.43 0.13
   71 Q    -1   0   2   1  -4   4   2   1   3  -4  -4   2  -2  -4   1  -1  -1  -3  -2  -3    0   0  11   5   0  29  13  14  10   0   0  13   0   0   6   0   0   0   0   0  0.42 0.12
   72 N    -1  -2   4   2  -3  -1  -1   2  -1  -4  -4  -1  -3  -4  -2   3   0  -4  -3  -3    0   0  34  13   0   0   0  13   0   0   0   0   0   0   0  39   0   0   0   0  0.58 0.15
   73 C    -1  -3  -4  -4   5  -3  -3  -4  -4   1   3  -3   1  -1   1  -2  -1  -3  -2   2    0   0   0   0  20   0   0   0   0   0  43   0   0   0   9   0   0   0   0  29  0.45 0.10
   74 S     1   2  -1   0  -2   0   2  -2  -1  -2   0   0  -1  -2  -2   2   0  -3  -2  -2   10  19   0   0   0   0  24   0   0   0  12   0   0   0   0  35   0   0   0   0  0.24 0.05
   75 S     0  -1   0   3  -2   0   1   1  -1  -3  -3   1  -2  -3  -1   3   0  -4  -3  -3    0   0   0  24   0   0   8  10   0   0   0  11   0   0   0  48   0   0   0   0  0.39 0.06
   76 T     0  -1   0  -1  -1  -1  -1  -2  -2  -1  -1  -1  -1  -2  -1   1   5  -3  -2   0    0   0   0   0   0   0   0   0   0   0   0   0   0   0   0   0 100   0   0   0  0.55 0.03
   77 T     0  -2  -1  -2  -1  -1  -1  -2  -2   1   0  -1   0  -2  -2   1   4  -3  -2   2    0   0   0   0   0   0   0   0   0   0   0   0   0   0   0   0  70   0   0  30  0.30 0.00

                      K         Lambda
Standard Ungapped    0.1305     0.3174
Standard Gapped      0.0415     0.2670
PSI Ungapped         0.1357     0.3178
PSI Gapped           0.0415     0.2670
