
Last position-specific scoring matrix computed, weighted observed percentages rounded down, information per position, and relative weight of gapless real matches to pseudocounts
            A   R   N   D   C   Q   E   G   H   I   L   K   M   F   P   S   T   W   Y   V   A   R   N   D   C   Q   E   G   H   I   L   K   M   F   P   S   T   W   Y   V
    1 M    -3  -4  -5  -6  -4  -3  -5  -5  -4  -1   0  -4  10  -2  -5  -4  -3  -4  -3  -2    0   0   0   0   0   0   0   0   0   0   0   0 100   0   0   0   0   0   0   0  2.44 0.54
    2 P     0   0  -2  -3  -3  -2  -2  -1  -3  -2  -4  -2  -3  -4   6   3   0  -5  -4  -3    5   5   0   0   0   0   0   5   0   4   0   0   0   0  49  27   5   0   0   0  1.05 0.25
    3 I    -3  -4  -5  -5  -3  -4  -5  -5  -4   4   3  -4   0   5  -5  -4  -3  -2  -1   0    0   0   0   0   0   0   0   0   0  36  35   0   0  29   0   0   0   0   0   0  0.89 0.29
    4 T    -1  -1   2  -2  -3   1  -2  -1   2  -1  -2  -1   0  -1  -2   1   3  -3   2  -1    0   1  13   0   0   6   0   4   6   5   2   1   2   1   1  14  29   0  11   4  0.27 0.18
    5 I    -2  -4  -1  -4  -3  -4  -4  -5  -4   5   0  -4  -1  -1  -4  -1  -2  -4  -3   4    0   0   5   0   0   0   0   0   0  44   4   0   0   1   0   7   0   0   0  39  0.77 0.29
    6 G     0  -2  -2  -3  -4  -3  -4   6  -4  -5  -5  -3  -4  -1  -4   1  -1  -4  -4  -4    4   3   0   0   0   0   0  77   0   0   0   0   0   3   0   9   5   0   0   0  1.30 0.36
    7 R    -1   1   4  -1  -3   2  -1   0   3  -4  -4   0  -3  -4  -3   3   0  -4  -3  -4    1   8  30   0   0   9   0   8   7   0   0   4   0   0   0  29   5   0   0   0  0.54 0.24
    8 G    -1   0   0  -1   0  -2  -2   4   0  -3  -3   0  -3  -4  -3   2   1  -4  -3  -1    2   6   3   2   2   0   0  40   3   0   0   6   0   0   0  19   9   0   0   7  0.45 0.19
    9 F    -3  -4  -1  -1   5  -3  -3  -3   2  -1  -1  -3  -2   5  -4  -1   0  -1   4  -2    0   0   3   5  18   0   0   2   5   2   4   0   0  32   0   4   8   0  17   0  0.66 0.26
   10 L    -2  -2  -5  -5  -3  -4  -4  -5  -4   2   3  -4   0   5  -5  -3  -3  -2   0   1    3   2   0   0   0   0   0   0   0  14  37   0   0  36   0   2   0   0   0   6  0.76 0.29
   11 K    -1   2   0  -1  -3   1  -1  -1  -2  -2  -3   1  -3  -4   4   2   2  -4  -1  -3    2  12   4   3   0   5   0   2   0   1   0  11   0   0  22  18  17   0   2   0  0.46 0.21
   12 S     3   0   1  -1   1   0  -2  -2  -2  -2  -3  -1   0  -4  -3   3   0  -4  -3  -1   32   4   8   1   3   4   0   0   0   2   0   2   3   0   0  33   4   0   0   3  0.42 0.25
   13 E    -1   0   0  -1   2   1   3  -1  -1   0  -2   0  -2  -3  -2   1   2  -4  -1  -1    4   3   4   0   6   7  27   5   1   5   2   2   0   0   0   7  21   0   2   5  0.25 0.17
   14 M     0  -1  -1  -4  -3   0  -3  -4   1   5   1   0   1  -2  -4  -1   0  -4  -3   0    6   2   3   0   0   5   0   0   3  51   8   8   4   0   0   3   7   0   0   0  0.45 0.26
   15 F    -1  -1   0  -3  -3  -3  -3  -2  -3   4   1  -2   0   2  -4   2  -1  -3   0   0    1   3   7   0   0   0   0   2   0  39   9   2   1   9   0  20   2   0   3   2  0.33 0.23
   16 S     1  -2   4  -1  -3  -2  -1  -2   1  -3  -3   0  -3  -4  -1   3   3  -4  -3  -3   13   0  22   2   0   0   2   1   4   0   2   4   0   0   2  26  22   0   0   0  0.51 0.27
   17 Q     0  -1   3   2   2   2   2   0   2  -4  -3   0  -3  -4   1   0  -2  -4  -3  -3    7   2  17  13   5  12  13   8   5   0   2   3   0   0   8   5   0   0   0   0  0.34 0.17
   18 S    -1   2  -1   1  -3  -1   0  -1  -2   1  -1   0   1  -3   1   2   2  -4  -3  -1    1  15   0   8   0   2   3   3   0  11   5   5   6   0   6  21  14   0   0   0  0.19 0.16
   19 A     2   0  -1  -2  -2  -1  -1  -1   1   1   0   0  -1   0   3   1  -1  -1  -2   0   20   7   1   0   0   1   3   4   4   9   7   3   0   4  16  11   2   1   0   6  0.17 0.11
   20 I     1   1   2   0  -1   0   0  -1  -2   0   0   0   0  -2  -2   2   0  -3  -1  -1   11   9  15   3   1   2   5   3   0   6   8   3   2   0   0  20   6   0   1   3  0.13 0.11
   21 S     0   0   1  -1  -3   1   1  -2   1  -3  -3   2  -3  -2   2   3   2  -4  -2  -3    4   4   6   1   0   7   7   0   5   0   0  13   0   2   8  30  12   0   0   0  0.35 0.19
   22 Q    -1  -1   2   3  -3   1   3  -1   2  -1  -2   1   1  -3  -2   1  -1  -4  -3  -2    3   0   9  16   0   3  22   3   5   4   3  11   5   0   0  12   3   0   0   0  0.29 0.16
   23 R     1   1  -1  -1  -2   1   2   0  -2  -1   0   0  -1  -3  -2   1   2  -3  -3  -1   14   7   0   2   0   5  20   7   0   2   9   2   0   0   0  10  19   0   0   4  0.19 0.13
   24 S     2  -1  -1  -2  -3  -2  -2  -2  -3  -3  -1  -2  -1  -4   5   3   0  -4  -3  -3   18   4   2   1   0   1   0   0   0   0   7   0   2   0  34  27   3   0   0   0  0.71 0.26
   25 F    -1  -3  -1   1  -1  -3  -2  -3  -3  -1  -1  -1  -3   0   6  -2   0   3  -3  -2    4   0   3   7   2   0   2   0   0   3   8   2   0   4  50   1   7   4   0   2  0.93 0.28
   26 F     0  -1   0  -1  -1   0   3  -2   2  -1   0  -1  -1   2  -3  -1  -1   3   1  -1    9   2   4   2   2   1  29   2   7   1  12   3   0  11   0   0   2   4   5   4  0.20 0.14
   27 T    -1  -1  -1  -1  -3  -1   1  -3  -2   1   0   1   6  -2  -3   0   1  -3   1  -1    1   1   2   3   0   0  13   0   0   9   5   8  33   0   0   9   8   0   6   0  0.33 0.21
   28 L    -1   1   0   1  -3  -1  -1   2  -2   0  -2  -1  -2  -3  -2   3   1  -4  -3  -1    0   9   4   8   0   0   2  15   0   6   4   2   0   0   0  36  10   0   0   5  0.25 0.15
   29 L    -1  -3  -4  -4  -2  -3  -4  -4  -3   3   3  -3   2  -1  -4  -2  -2  -3   1   3    2   0   0   0   0   0   0   0   0  21  41   0   6   0   0   3   0   0   6  20  0.52 0.19
   30 W    -5  -2  -6  -7  -5  -4  -5  -5   0  -5  -4  -5   2  -2  -6  -5  -5  12  -1  -5    0   2   0   0   0   0   0   0   2   0   0   0   6   0   0   0   0  90   0   0  3.71 0.66
   31 E    -1   0   2   3  -5   0   5   0  -2  -5  -5   0  -4  -5  -3  -1  -2  -5  -4  -4    4   3  10  15   0   1  59   6   0   0   0   2   0   0   0   0   0   0   0   0  0.88 0.29
   32 K    -2   2   0  -1  -1   0  -1  -2   0  -4  -4   6  -2  -5  -3   0  -2  -5  -4  -4    1   9   3   3   1   1   0   1   2   0   0  72   1   0   0   5   0   0   0   0  1.02 0.36
   33 I    -3  -4   1  -4  -3  -4  -4  -5  -4   6   0  -4   2   0  -4  -3  -1  -4  -3   2    0   0   8   0   0   0   0   0   0  67   3   0   5   3   0   1   2   0   0  11  0.88 0.32
   34 K    -1   2  -2  -2  -4   1   0  -3   1  -4  -4   6  -3  -4  -3   0  -1  -4  -3  -1    2   7   0   0   0   5   2   0   3   0   0  68   0   0   0   5   3   0   0   5  0.89 0.32
   35 D     0   1   0   6  -4  -1   1  -2  -1  -4  -3  -2  -3  -1  -3  -1  -1  -5  -3  -2   11   9   3  53   0   0   9   1   1   0   2   0   0   4   0   2   3   0   0   2  0.70 0.26
   36 F    -4  -5  -5  -6   1  -5  -5  -5  -4   0  -1  -5  -2   7  -6  -5  -4   9   2  -3    0   0   0   0   3   0   0   0   0   5   5   0   0  53   0   0   0  30   4   0  1.74 0.42
   37 F    -5  -5  -5  -6  -5  -6  -6  -6  -4   0   0  -5  -2   8  -6  -5  -4  -1   1  -3    0   0   0   0   0   0   0   0   0   4   5   0   0  92   0   0   0   0   0   0  2.09 0.51
   38 C    -1  -4  -1  -4   7  -4  -4  -4   0  -2  -1  -4  -2   5   1   0  -2  -2  -1  -3    3   0   4   0  31   0   0   0   2   0   4   0   0  38   9   7   2   0   0   0  0.95 0.32
   39 D     0   0   0   0  -1   1  -1   2   1  -3  -1  -1  -2  -2   0   3   1  -4  -3  -3    3   4   3   3   1   8   0  20   4   0   6   0   0   2   4  36   7   0   0   0  0.32 0.18
   40 T    -1  -3   2  -2  -3  -2   2   1  -2  -3  -3  -2  -3  -4   0   0   5  -4   0  -2    3   0   9   0   0   0  15   9   0   0   0   0   0   0   5   3  51   0   4   0  0.60 0.28
   41 Q    -1   0   3   1  -4   1   0   2   5  -3  -4   0  -3  -2  -3  -1  -2   2   1  -2    5   3  20   9   0   7   4  14  18   0   0   5   0   0   0   0   0   4   6   4  0.38 0.18
   42 R    -2   2  -2  -2  -4   5   0  -3   3  -3  -3   3  -2  -3  -3  -1   1  -3   2  -3    2  11   0   0   0  38   1   0   7   1   2  19   0   0   0   2   9   0   8   0  0.61 0.26
   43 S     1   0  -1   2  -3   1   3  -1  -2  -2  -2   0  -2  -3   0   1   1  -4  -3  -1   12   4   0  14   0   3  24   3   0   1   1   5   0   0   3  15   9   0   0   6  0.26 0.13
   44 T    -1  -1   0   1  -5   1   6  -3   2  -5  -4   1  -3  -5  -3  -1   0  -5  -3  -4    4   0   3   4   0   3  62   0   6   0   0  10   0   0   0   2   6   0   0   0  0.88 0.31
   45 A     6  -3  -3  -3   3  -3  -3  -2  -3  -2  -3  -3  -3  -4  -3   0  -2  -4  -3   0   80   0   0   0   5   0   0   0   0   0   0   0   0   0   0   4   0   0   0   7  1.01 0.36
   46 D    -1  -1  -1   0  -3   2  -1  -3  -2   0   3   2   0  -2  -3  -2  -1   1  -1  -1    6   0   2   6   0  13   2   0   0   3  44  17   1   0   0   0   2   3   1   0  0.29 0.19
   47 Q     0   2   2   1  -3   3   2  -1  -1  -1  -2   2  -2  -2  -2   0  -1  -3  -2  -2    8  14  10   8   0  16  13   3   0   5   4  14   0   2   0   2   0   0   0   0  0.26 0.14
   48 Y    -1  -4  -2  -4   9  -4  -4  -4   0  -1   1   0  -1  -3  -4  -3  -3  -4   1  -2    5   0   2   1  54   0   0   0   3   2  18   7   1   0   0   0   0   0   6   1  1.24 0.37
   49 I    -3  -4  -5  -5  -3  -4  -5  -5  -4   4   5  -4   0   2  -5  -4  -3  -3  -2   1    0   0   0   0   0   0   0   0   0  27  61   0   0   7   0   0   0   0   0   4  0.88 0.30
   50 K     0   2   0  -3  -4  -2  -2  -3   4  -2  -2   0   0   4  -4  -1  -2   3   5  -3   10  14   6   0   0   0   0   0  14   1   0   5   3  20   0   3   0   3  22   0  0.51 0.22
   51 E    -1   1   1   3  -4   2   3  -3   1  -3  -4   2  -2  -4  -2  -1  -1  -4  -1  -2    4   5   4  21   0   9  29   0   4   0   0  14   1   0   0   1   2   0   2   4  0.47 0.19
   52 L    -3  -4  -4  -5  -3  -4  -4  -5  -4   3   4  -4   2   2  -4  -3   0  -3  -2   0    0   0   0   0   0   0   0   0   0  20  58   0   6   8   0   0   6   0   0   2  0.73 0.26
   53 C    -1  -3   0  -3   6  -2  -3  -3   1   0   0  -3  -1   1  -3  -2   0  -1   4   0    5   0   5   0  28   0   0   0   5   5   8   0   0   5   0   0   6   0  23   7  0.47 0.22
   54 D     0  -1   2   1  -2   1   0  -2   3  -2  -2  -1  -1   2  -2   1   1  -1   2  -2   11   1  10  11   0  10   1   1  10   1   1   1   0  10   1  11  11   0  10   1  0.18 0.11
   55 V     0  -3   0   0   1  -1  -2  -2   3  -3  -2  -3  -3  -2   6  -2  -1  -4   0  -1    7   0   6   5   4   3   2   2   7   0   5   0   0   2  45   0   3   0   3   5  0.83 0.40
   56 A     0   1   1   1  -3   0   1  -2   0  -1  -2   0  -2  -3   3   1   1  -3   0  -2    9   7   6  10   0   2  10   0   2   3   4   4   0   0  17   9  12   0   4   0  0.26 0.18
   57 S     0   1   1   1   0   1   1  -1   0  -1  -2   0  -2  -3   2   1   1  -3  -2  -1    7   7   6   8   2   9   9   3   2   5   2   5   0   0  12  11   9   0   0   2  0.18 0.13
   58 P     0   0   2   1  -3   1   1   2   0  -3  -2   0  -2  -3   1   0   0  -3  -3  -3    7   5  13   6   0   5  12  20   3   0   4   5   0   0   7   5   7   0   0   0  0.24 0.16
   59 P    -1  -2  -2  -1  -3  -2  -1  -1  -3   1   0  -2   0   0   4   0   2  -4  -3   0    4   2   0   3   0   0   4   4   0   8  11   0   3   4  24   9  19   0   0   6  0.35 0.25
   60 D    -2  -2   1   2  -3  -2   0  -3   1  -1  -1  -1  -2  -1  -3   2   4  -4  -3  -1    0   0   7  11   0   0   6   0   3   3   5   3   0   3   0  17  35   0   0   5  0.40 0.33
   61 A     0   3  -1   1  -4   0  -1  -2  -3  -3  -1  -1  -3  -1   3   1   1   1  -3  -3    5  22   2   8   0   3   3   2   0   0   7   2   0   3  18  10  12   2   0   0  0.37 0.27
   62 Q    -2   1   0   3  -5   2   4  -4  -2  -3  -3   1  -1  -5  -1   0  -1  -5  -4  -2    2   7   4  14   0   9  35   0   0   1   2   9   2   0   2   5   4   0   0   4  0.53 0.34
   63 R     0   2   1   3  -4   1   3  -3   2  -3  -4   1  -3  -1  -3   0  -1  -4  -3  -3    7  14   6  18   0   5  23   0   7   1   0   6   0   3   0   6   2   0   0   1  0.45 0.29
   64 L     1   0  -3  -4  -1  -1  -3  -4  -4   3   1   1   0  -2  -3  -1   0  -4  -3   3   12   5   0   0   1   3   0   0   0  22  12  10   2   0   0   3   4   0   0  25  0.33 0.26
   65 F     0   1  -1  -2  -3  -1   2  -2  -1  -1   0   1   0   1  -3   0   1  -3   1   0    9  11   2   0   0   0  17   1   1   2   8   8   2   9   0   6  11   0   4   9  0.13 0.16
   66 D    -1  -1   1   3  -1   0   3   1  -2  -2  -3   1  -1  -4  -3   2  -1  -4  -2  -3    3   3   7  17   2   2  19  11   0   2   2  10   2   0   0  17   2   0   1   1  0.33 0.25
   67 L     2   0  -3  -1   4  -1  -1  -3   1   2   0   0  -1  -1  -3  -1   0   3  -1   0   20   6   0   4  10   1   3   0   4  16   9   7   0   1   0   3   6   4   2   4  0.17 0.19
   68 F    -6  -6  -7  -7   0  -7  -7  -7  -5  -2  -2  -7  -4   9  -7  -6  -6   2   2  -4    0   0   0   0   2   0   0   0   0   2   2   0   0  87   0   0   0   3   5   0  2.58 0.92
   69 C    -1  -2   1  -1   1  -1   2  -3   0   0  -1  -1   0   4  -4  -2  -1  -2   2  -1    6   1  10   3   4   1  19   1   2   5   5   4   2  22   0   0   2   0   8   4  0.28 0.25
   70 A    -1   4  -1  -1  -2   4   2  -3   2  -5  -3   3  -3  -5  -4  -2  -1  -1  -2  -4    4  25   2   1   1  25  11   1   5   0   2  18   0   0   0   0   3   1   1   0  0.68 0.36
   71 L    -5  -5  -7  -7  -4  -5  -6  -7  -6  -2   7  -6  -1  -3  -6  -6  -4  -5  -4  -2    0   0   0   0   0   0   0   0   0   0 100   0   0   0   0   0   0   0   0   0  1.96 0.70
   72 Y    -3   4  -1  -3  -1   1  -1  -4  -3  -2  -3   6  -4  -4  -4  -1  -3  -5   2  -4    0  24   2   0   1   4   2   0   0   3   2  52   0   0   0   3   0   0   7   0  1.01 0.47
   73 E     2  -2   0   0  -4   1   4   0   1  -4  -3   0   0  -4  -3   0   0  -4  -4  -3   17   1   4   3   0   5  38   8   3   0   2   5   3   0   0   4   6   0   0   1  0.46 0.29
   74 L    -4  -2  -6  -6  -4  -4  -5  -6  -5   0   5  -5   5   1  -6  -5  -4  -4   0  -2    0   3   0   0   0   0   0   0   0   3  71   0  15   4   0   0   0   0   4   0  1.27 0.52
   75 S     6  -4  -4  -4  -1  -4  -4  -3  -4  -3  -2  -4   0  -5  -4   0   1  -5  -4   1   69   0   0   0   1   0   0   0   0   0   2   0   2   0   0   5  10   0   0  11  1.05 0.51
   76 S     1  -3  -2  -3   3  -3  -3   1  -1  -3  -3  -1  -3   2  -1   4   0  -3   4  -3   14   0   0   0   7   0   0   9   1   0   2   3   0   9   3  33   3   0  15   0  0.48 0.32
   77 P     1  -4  -4  -2  -5  -2  -1   0  -4  -5  -5  -2  -5  -6   7   0  -3  -6  -5  -5   12   0   0   2   0   2   4   9   0   0   0   1   0   0  63   6   1   0   0   0  1.59 0.55
   78 S     2  -3   1  -1  -4   0  -2   5  -3  -3  -5  -2  -4  -4  -2   1  -3  -4  -1  -3   19   0   8   2   0   5   2  48   0   1   0   2   0   0   1   9   0   0   2   1  0.74 0.34
   79 C    -1  -1  -4  -2   5   0  -4  -5   3  -1  -2  -4  -3   3  -5  -3  -4   4   7  -3    4   3   0   2  14   5   0   0   7   3   2   0   0  11   0   1   0   6  42   0  1.11 0.46
   80 R    -1   3  -2  -1  -5   4   3  -2  -2  -5  -4   4   1  -5  -3  -2  -1  -5  -4  -4    5  14   0   2   0  19  16   2   0   0   0  34   4   0   0   0   3   0   0   0  0.73 0.37
   81 G    -2  -1   2   5   0   0   3   0   1  -5  -5  -1  -4  -5  -3   0  -2  -5  -4  -4    2   2  12  35   2   3  24   5   4   0   0   2   0   0   0   6   2   0   0   0  0.72 0.32
   82 N    -3   4   5  -1   1   1  -2  -3   0  -4  -4   1  -1  -2  -4   0  -2  -4   1  -4    0  25  39   2   3   6   0   0   2   0   0   9   2   1   0   5   0   0   5   0  0.78 0.37
   83 F    -4  -5  -5  -6  -4  -5  -5  -5  -4   4   1  -5  -2   7  -3  -5  -4  -2   0  -1    0   0   0   0   0   0   0   0   0  22   9   0   0  62   2   0   0   0   0   3  1.49 0.52
   84 H    -2  -1  -1  -2   1   4   0  -1   5   0  -2   0  -2  -3  -3   1   0   1  -2  -1    1   2   2   1   3  29   5   4  18   5   2   3   0   0   0  10   7   2   0   4  0.44 0.26
   85 F     0  -2  -1  -2   2  -1  -2  -2   2   1  -1  -2  -1   2  -1   0   0   2   3   1    8   2   1   2   6   2   1   3   8  14   4   1   0   8   2   9   5   3  12   9  0.13 0.12
   86 Q    -1   0   3   2   0   0   1   1   2  -1  -3  -1  -2  -1  -1   1   0  -3  -1  -2    1   3  18  10   3   4  10  11   7   5   1   1   0   2   2  13   7   0   1   1  0.21 0.14
   87 H    -1   3  -1  -2  -3   1  -1  -3   4   0  -1   0  -2  -1   0   1   0  -2   2   0    3  20   2   1   0   6   1   1  14   5   5   3   0   1   6  10   6   0   9   8  0.24 0.18
   88 Y    -1  -2   1   1  -3   0   1  -1   4  -1  -1  -2   1   1  -2   0  -1  -2   2  -1    4   0   6   8   0   5  13   4  16   4   5   0   5   7   2   5   3   0   7   4  0.18 0.15
   89 K    -2  -1   1   2  -1   0   3   2  -2  -1  -2   1  -3  -3  -3  -1  -2  -3  -2  -3    1   1   8  14   2   2  27  20   0   5   3   9   0   0   1   4   1   0   2   1  0.37 0.22
   90 D    -1  -1   4   3  -3   0   2   0   0  -2  -3  -1  -1  -3  -1   1   0  -4  -3  -2    2   3  25  18   0   2  15   5   2   2   1   2   2   1   2  12   4   0   0   2  0.40 0.21
   91 A     1  -1   2   2  -3   0   1   0   1  -3  -2   0  -2  -2   1   2  -1  -3   1  -2   10   2  10  13   0   2   8   5   3   1   4   6   0   1   8  19   2   0   6   1  0.20 0.14
   92 E     0  -1   0   3   1   1   2   0   1  -2  -2   0  -2  -2  -2   0   0  -3   0  -2    8   2   1  21   3   8  13   8   4   2   4   5   0   0   1   5   7   0   5   2  0.20 0.14
   93 C     0  -1   0   0   0   0   0   1  -1   0  -1   0  -1   1   0   0   1  -2   0  -1    7   3   5   3   3   5   6  14   0   6   3   6   0   9   4   6  14   0   4   1  0.07 0.08
   94 Q    -2  -2   2  -3   6   1  -3   1  -2   0   0   0  -1  -2  -3  -1   1  -3   2  -1    1   0  12   0  22   6   0  11   0   7   9   5   2   0   0   4   9   0   8   3  0.35 0.23
   95 Y    -1   0  -2  -1  -2  -2  -2  -2   1   3   0   0   0   2  -2  -1   0  -1   3   0    3   5   1   3   0   1   1   3   4  27   5   8   2   8   1   5   7   0  14   3  0.18 0.15
   96 T    -2   1   1  -2   0  -1  -2  -2   0   0   1  -1   1   2  -2  -1   1  -2   2  -1    1   9   9   2   3   2   1   2   2   5  19   3   3  13   1   3  14   0   7   1  0.13 0.13
   97 N    -1   2   2   0  -1   1   0  -1   2  -1  -2   0  -1  -1  -2   1   1  -2   1  -1    1  14  11   3   2   7   4   3   7   3   3   4   2   2   1  12  12   0   7   3  0.16 0.12
   98 L    -1  -3  -3  -1  -2  -3  -3  -3  -3   4   2  -3   0   4  -3  -2   0  -2  -1   1    5   1   1   5   0   1   1   1   0  32  20   1   0  20   1   1   6   0   0   5  0.37 0.20
   99 C     0  -1  -1   0   3   0  -1  -2  -2   1   0   0   1  -1   0   0   1   1   0   0    6   1   1   7  10   3   3   1   0  10   6   7   7   1   5   8  13   3   3   6  0.08 0.08
  100 I    -2  -2   0   4  -3  -2  -1  -1  -2   3   0   0   1  -2  -2   0  -1  -3  -2  -1    1   1   3  30   0   1   1   4   0  26  10   7   5   1   1   8   1   0   0   1  0.29 0.20
  101 K     0   1   0   0  -3   1   1   1  -1  -2  -1   3  -2  -3  -2   0  -1  -3  -1  -2    5   4   4   4   0   8   8  14   0   0   6  30   0   0   0   5   3   0   3   3  0.23 0.15
  102 D    -2  -2   4   5  -4   0   1  -1  -2  -1  -4   0  -3  -4  -3   0  -1  -4  -3  -1    0   0  26  35   0   3   6   4   0   4   1   5   0   0   0   7   3   0   0   4  0.59 0.27
  103 G     0  -2   4  -1  -3  -1   1   4   1  -4  -4  -2  -3  -2  -3   1  -2  -3  -1  -2    6   0  26   0   0   2   9  35   3   0   1   0   0   2   0   9   0   0   2   2  0.53 0.25
  104 E    -1   1   1   2  -3   1   2   2  -1  -3  -3   1   0  -3  -2   1   0  -3  -1  -3    3   9   8  14   0   5  13  19   0   0   1   6   3   0   0   9   5   0   3   0  0.28 0.16
  105 D     0   1   1   1  -2   1   1   0  -1   0  -1   0  -1   0   1   0   0  -3  -1  -1    7   7   7   7   0   7   7   7   0   7   7   7   0   7   7   7   7   0   0   0  0.07 0.08
  106 I     0   0  -2   1  -3  -1   2   0  -2   2   0   0   1  -2  -2  -1   0  -3   0   1    6   4   0   8   0   0  18   6   0  16   6   5   4   0   0   1   5   0   4  14  0.11 0.15
  107 P     0  -1  -2  -2  -2  -2  -1  -3  -2   1   2   0   1   0   0   0   0  -2  -2   1    5   3   0   0   0   0   3   1   0  10  33   6   4   3   5   8   6   0   0  10  0.15 0.14
  108 L    -1  -3  -4  -4  -3  -3  -4  -4  -3   1   4  -3   0   3  -4   0  -2  -2   1   1    6   0   0   0   0   0   0   0   0   8  52   0   0  12   0   7   0   0   6   6  0.51 0.28
  109 C    -1   0   0   1   3  -1   1  -2  -2  -1   0   0   1  -2  -2   2   0  -3   0   1    3   5   5   8   7   0   8   0   0   0   7   5   6   0   0  26   3   0   4  12  0.13 0.15
  110 I    -2  -2  -2  -4  -2  -3  -3  -4  -3   4   2  -2   2   1  -3  -3  -2  -3   1   3    0   2   3   0   0   0   0   0   0  38  15   2   6   5   0   0   0   0   5  20  0.47 0.24
  111 M    -1   0   0   0  -3  -1   0   0  -2   1  -1  -1   1   0   1   1   2  -3   1   0    2   4   3   7   0   0   8   6   0  10   4   2   4   5   6  10  20   0   5   4  0.10 0.14
  112 I    -2   0  -3   0  -3   1  -1  -1  -3   3   1  -1   1   2  -3  -1   0  -3  -2   0    0   6   0   5   0   8   3   5   0  24  15   4   4  13   0   3   6   0   0   4  0.17 0.20
  113 R    -1   1   4   3  -4   0   1   0   1  -4  -4  -1  -3  -4   1   1   1  -4   0  -3    4   7  25  16   0   4   7   6   3   0   0   0   0   0   6  10   8   0   4   0  0.40 0.26
  114 Q     0  -1   0   3  -3   1   2  -1   0  -3  -2   0  -2  -4   0   0   1  -4  -3  -2    8   2   4  21   0   6  17   4   3   0   5   4   0   0   5   5  12   0   0   3  0.28 0.21
  115 D    -1  -2   2   5  -4   1   2  -1  -2  -4  -4   0   0  -4   0  -2  -2  -4   0  -2    5   0  11  35   0   6  17   5   0   0   0   5   4   0   4   0   0   0   5   3  0.54 0.32
  116 H     0  -1   0  -1  -3  -1  -1  -1   4   0   0   0   0   1   0  -1   1  -2   2  -1    7   2   5   3   0   0   2   4  14   6   8   6   2   5   5   3  14   0   9   4  0.12 0.14
  117 Y    -1  -4  -1  -1   6  -4  -4   0  -2   0  -1  -4  -2   3  -4   0  -1  -2   5   0    3   0   3   3  19   0   0   8   0   6   3   0   0  12   0   7   2   0  26   8  0.59 0.35
  118 Y    -1  -1   3   1   1   1  -1  -3   2  -1  -2  -1  -2  -3  -3   1   2  -4   1   0    3   3  16   9   3   7   0   0   6   4   2   3   0   0   0  14  18   0   5   6  0.26 0.23
  119 Y    -2  -4  -4  -5   5  -4  -1  -5  -2   0  -1  -4  -3   1   0  -3   0  -1   7   0    3   0   0   0  12   0   4   0   0   4   6   0   0   5   4   0   7   0  48   7  0.98 0.45
  120 E    -2   0   0  -2  -4  -1   4   0   2  -4  -4   1  -3  -5  -3   1   4  -5  -3  -3    0   3   3   0   0   0  30   7   5   0   0  10   0   0   0   8  33   0   0   0  0.63 0.38
  121 I     1  -3  -1  -1   1  -3  -3  -1  -3   3   0  -3   1  -2  -3  -1   0   5  -2   3   11   0   3   5   3   0   0   5   0  25   4   0   5   0   0   5   4   8   0  22  0.29 0.21
  122 M    -1  -2  -1  -1  -3   0   1   0  -2   1   2   0   3   0  -3  -2   0  -3  -2   0    3   0   4   3   0   3  12  10   0   9  20   5  15   5   0   0   7   0   0   5  0.12 0.14
  123 N    -2  -1   1   2   1  -3   0   5  -3  -5  -5  -3  -4  -5  -4  -2   0   3  -4  -4    0   4   7  15   4   0   5  55   0   0   0   0   0   0   0   0   5   4   0   0  0.88 0.35
  124 R     0   2   3   0  -3   1   0   0   2  -3  -1   2  -2  -3  -2   0  -1  -4  -2  -1    9  11  18   5   0   5   3   8   8   0   5  16   0   0   0   6   0   0   0   6  0.21 0.14
  125 T     1   0  -1  -1   2  -2  -2   1  -3   0  -1   0  -2  -3  -2   2   3  -4  -3   0   10   7   0   4   5   0   0  13   0   5   6   4   0   0   0  16  25   0   0   4  0.21 0.17
  126 V    -1   0  -3  -4  -3  -3  -3  -4  -2   0  -1   0   2   5  -4  -3  -2   4   4   2    6   5   0   0   0   0   0   0   0   3   0   6   6  26   0   0   0   5  20  21  0.55 0.26
  127 L     0  -2  -2  -2  -2  -2   1  -3  -2   1   0  -2   2   4  -2   0   2  -2   0  -1   10   0   0   0   0   0  11   1   0   9   8   1   6  27   0   8  15   0   0   1  0.23 0.16
  128 C     2  -3  -3  -4   5  -3  -3  -3  -2   1  -1  -3  -1   4  -3  -2  -1  -1   5  -1   19   0   0   0  17   0   0   0   0  10   5   0   0  20   0   0   4   0  23   0  0.54 0.24
  129 V     0  -2   2   1  -3   1   1  -1  -2   2  -1  -1   2  -2  -1   0   0  -4  -2   1    6   0  16   7   0   6  13   3   0  16   0   0   9   0   3   4   5   0   0  13  0.14 0.13
  130 D    -2   2  -1   3  -4   0   2  -1  -1  -4  -4   3  -3  -1  -3  -1   0  -3   2  -3    0  13   0  23   0   0  17   5   0   0   0  25   0   3   0   0   5   0   9   0  0.45 0.22
  131 T     0   0   1   1  -3  -1   1   0  -2  -1  -3  -1  -2  -3   0   1   3  -4  -3  -2    3   7   8   8   0   0  12   6   0   6   0   0   0   0   4  13  34   0   0   0  0.31 0.18
  132 Q     1   1  -2  -2  -3   3   0  -3   2   1  -2  -1   0   0   1  -1   1  -3   0  -1   12  11   0   0   0  22   4   0   5  16   0   0   4   5   7   2  10   0   2   0  0.19 0.16
  133 S    -1   1  -1  -2  -2   1   1  -2  -1   0   0  -1   2   1   2   0   1  -2  -1  -1    1  10   0   0   0   9  10   1   0  10  10   1   9   9  10  10  10   0   0   1  0.12 0.11
  134 A     1   0  -1   1  -2   0   0  -1   2  -2  -2  -1  -2   1   3   0   0  -3  -1   0   12   6   0   8   0   5   6   4   7   0   1   0   0  11  17   7   5   0   0  11  0.18 0.14
  135 H    -1  -2   1   0   1  -1   1   1   4   0  -2  -1  -2  -1  -2   0   0  -2   3  -2    4   0   7   4   5   0  12  11  15   9   1   4   0   0   0   6   5   0  16   1  0.20 0.17
  136 L     0  -2   0   1  -2  -1   0  -2  -1   1   1  -1  -1   0   0   1   1  -2   1   0    4   1   6   7   0   1   8   1   0  10  15   1   0   4   4  17   8   0   6   7  0.07 0.09
  137 K    -2   1  -2  -2  -3   1   0  -3   2   0  -2   2  -2   0   5  -2  -2  -3  -2   1    1   7   0   0   0   8   4   1   5   6   1  20   0   5  28   1   0   0   0  13  0.47 0.24
  138 R     0   1   2   0  -3   1   0   0  -1  -2   0   1  -1   0  -1   1   0  -3  -2  -2    7   7  11   4   0   8   5   6   0   0  13  10   0   6   3  17   3   0   0   0  0.12 0.11
  139 Y     0  -2   1   1  -4  -1   1  -3   6  -1  -1   0  -2   1  -3  -2  -1  -2   4  -3    9   0   7   9   0   0   8   0  28   4   6   5   0   5   0   0   4   0  17   0  0.45 0.27
  140 S    -2   1   1  -3   3  -2  -2   1   1  -3  -2  -2  -3  -4   6   1  -2  -4  -3  -1    0   8   7   0   9   0   0  10   4   0   5   0   0   0  40  11   0   0   0   5  0.74 0.30
  141 D    -3  -2   1   4  -4   4   3  -3  -2  -3  -1  -1   1  -4   0  -2  -2  -4  -3  -3    0   0   6  31   0  25  21   0   0   0   6   0   6   0   5   0   0   0   0   0  0.65 0.30
  142 I     0  -2  -2  -2  -2  -1   0   0  -2   2  -1  -2   2   1  -2   0   2  -2   1   1    7   0   0   0   0   0   7   6   0  18   1   1  10   5   0   5  22   0   6  10  0.14 0.14
  143 N    -1  -1   2   1  -2   1   1   0  -1  -2  -1   0   1  -3   0   2   2  -3  -2  -2    0   0  12   6   0   6   9   6   0   0   7   5   5   0   5  17  19   0   0   0  0.20 0.14
  144 I     0   1  -2  -3   2  -2  -2  -3  -2   2   0  -2  -1   2  -3   1   1  -2   2   1    7  11   0   0   7   0   0   0   0  19   4   0   0  11   0  12  13   0   8   8  0.17 0.15
  145 K     0   1   0  -2  -3   1   1  -3  -2  -2  -1   2   2  -3   3   0   1  -3  -2  -1    4   9   4   0   0   8   9   0   0   0   6  15  11   0  15   7   8   0   0   6  0.23 0.14
  146 A     0   1   1   1  -2  -1  -1  -2  -1   0  -2   1  -1  -1  -2   1   1  -2   2   0   10  10  10  10   0   0   0   0   0  10   0  10   0   0   0  10  10   0  10  10  0.11 0.11
  147 S     0  -1   1  -1   2  -1   0   1   2   0   0   0  -1   1  -2   1  -1  -3  -1  -1    6   0  10   0   6   0   7  12   7  10  13  10   0   7   0  12   0   0   0   0  0.07 0.11
  148 T    -1   1   1   1  -3  -1   0   0   2  -3  -3   1  -2   1   2   1   1  -3  -1  -2    0   7   7   7   0   0   6   6   7   0   0  10   0  11   9  17  14   0   0   0  0.21 0.14
  149 Y     0   1  -2  -2  -2  -1  -1  -2   2   1  -1   1  -1  -1   0   0   0  -2   2   1    8  12   0   0   0   0   0   1   7  12   1  10   0   0   4   9   4   0  12  17  0.13 0.12
  150 V    -1   1  -2  -2  -2  -1  -2  -2  -1   1   0   1   0   2  -2   0  -1   5   2   1    1  11   0   1   0   0   1   1   0  11  11  11   0  10   1  11   1  10  10  11  0.18 0.10
  151 C    -1  -2  -2  -2   5  -1   0  -2  -2   0  -1   0   2   3   1   2  -1  -2  -1  -1    0   0   0   0  18   0   7   0   0   5   4   6   8  18   6  26   0   0   0   0  0.26 0.15
  152 E     0  -1  -1   2  -3   3   3  -1  -1  -1  -1   1  -1  -3  -2  -1   0  -3  -2  -2    6   0   0  11   0  22  29   5   0   5   8   7   0   0   0   0   4   0   0   0  0.32 0.14
  153 P    -1   1   1   1  -3  -1   1   0  -2   1  -2   1  -2  -3   3   1  -1  -3  -2  -1    0   7   6   6   0   0  13   6   0  15   1   8   0   0  18  17   0   0   0   0  0.25 0.11
  154 L    -1  -2  -3  -3  -2  -2   0  -3  -3   2   3   0   1  -1  -3   0  -1  -3  -2   2    0   0   0   0   0   0   6   0   0   9  48  10   0   0   0   8   0   0   0  16  0.27 0.14
  155 C     0  -1   0   1   3   2   2   0  -1  -2   0   1  -1  -3  -2   1  -1  -3  -3  -2    4   0   5   6   9  13  17   9   0   0  12   9   0   0   0  15   0   0   0   0  0.19 0.11
  156 C    -2  -1  -2   1   5  -2  -2   1  -2   1  -2  -2  -2   1  -3   1  -2   5   2  -2    0   5   0  12  20   0   0  10   0  12   0   0   0   5   0  13   0  10  11   0  0.36 0.17
  157 L    -2  -2  -3  -3  -3   0   0  -4   0   0   2  -1   4  -1   1  -1  -2   4  -2   2    0   0   0   0   0   4   9   0   4   0  23   4  22   0   6   4   0   7   0  17  0.29 0.16
  158 F    -2   0  -2  -3   3  -2  -1  -3  -2   1   1   0  -1   4  -3   1  -1  -1   2  -1    0   5   0   0   7   0   5   0   0   8  13   7   0  29   0  16   0   0   9   0  0.26 0.15
  159 P    -2  -2   4   2  -4  -1   2  -2  -2  -4  -4  -1  -3  -4   5   1   0  -5  -4  -3    0   0  25  11   0   0  14   0   0   0   0   0   0   0  33  12   6   0   0   0  0.79 0.22
  160 E     1  -1   2   0  -3   0   3   0  -1  -4  -4   1  -3  -4  -2   3  -1  -4  -3  -3    9   0  14   0   0   0  29   5   0   0   0  11   0   0   0  32   0   0   0   0  0.47 0.19
  161 R     0   1   3   1  -3   1  -1  -2  -1   0  -2   1  -2  -3  -2   0   2  -4  -3  -1    9  11  22   6   0   6   0   0   0   9   0  11   0   0   0   4  19   0   0   3  0.24 0.13
  162 L    -1  -2  -3  -3   2  -2  -2  -3   1   1   3   0   0   1  -3  -1  -1  -2   2   1    4   0   0   0   7   0   0   0   6   4  40   9   0   4   0   6   0   0  10  11  0.23 0.13
  163 L    -1  -2   1  -2   5   0  -2  -3   1   1   0  -1  -1   0  -3   1   0  -3  -2   1    0   0   9   0  21   7   0   0   6  12   6   4   0   5   0  13   4   0   0  12  0.23 0.14
  164 L    -2  -3  -4  -3  -3  -2   1  -5  -3   3   4  -3   0  -1  -4  -3  -2  -3  -2   2    0   0   0   0   0   0  14   0   0  21  53   0   0   0   0   0   0   0   0  13  0.53 0.21
  165 S     0   1   2  -1  -3  -1   1   0  -2  -3  -1   1  -2  -3  -2   2   0   6  -2  -3    7   7  10   0   0   0  14   6   0   0   6   9   0   0   0  24   5  13   0   0  0.31 0.15
  166 L    -2  -3   0  -3  -3  -2  -1  -4  -1  -1   2  -3   2   0   2  -1  -2   4   5  -2    0   0   5   0   0   0   5   0   0   0  31   0   6   0  12   6   0   6  29   0  0.47 0.21
  167 S     1   0   1  -1  -3   2   1  -2  -2  -3  -1   4  -2  -3   0   2  -1  -4  -3  -2   12   0   7   0   0   9   5   0   0   0   7  34   0   0   5  21   0   0   0   0  0.34 0.17
  168 G    -1  -1   2   2  -3  -1   0   2  -1  -3  -3   1  -2  -1  -2   0   1  -2   3  -2    0   0  17  17   0   0   0  17   0   0   0  17   0   0   0   0  17   0  17   0  0.25 0.07
  169 G     0   1   2   0  -3  -1  -1   3  -1  -3  -3   0  -2  -3  -2   1   0  -3  -3  -3    8  11  17   5   0   0   0  30   0   0   0   6   0   0   0  16   7   0   0   0  0.35 0.10
  170 I    -1   1  -2  -1   3   1   1  -3  -2   1   0  -1   0  -2   2  -1  -1  -2  -2   1    1  12   0   1  11  12  12   1   0  12  12   1   0   0  12   1   1   0   0  12  0.16 0.08
  171 T    -1  -1   1   2  -2   1   1   0  -1   0  -2  -1  -2   0   0   1   2  -2   2  -1    0   0   6  15   0   9   9   7   0   8   0   0   0   5   4   8  19   0   9   0  0.15 0.09
  172 F    -2   0  -3  -1  -3  -2  -3  -4  -2   1   2  -2   0   5  -3  -3  -2  -1   2   0    0   7   0   6   0   0   0   0   0  10  28   0   0  35   0   0   0   0   7   5  0.39 0.14
  173 P    -1  -1   1  -1  -2  -1  -1   1  -2  -3  -2   1  -2   0   3   3   2  -3  -2  -2    0   0   8   0   0   0   0   9   0   0   3  14   0   6  16  30  15   0   0   0  0.34 0.14
  174 V    -1  -3   0  -3  -2  -3  -3   0  -3   2   2  -3   0  -1  -3  -2   0  -3  -2   4    0   0   7   0   0   0   0   9   0   9  26   0   0   0   0   0   4   0   0  45  0.34 0.15
  175 D    -2   2   3   4  -4  -1  -1  -2  -2  -1  -1  -1  -2   0   2  -1  -1  -4  -2  -2    0  15  20  31   0   0   0   0   0   6   7   0   0   5  13   3   0   0   0   0  0.41 0.15
  176 L    -2  -3  -4  -4  -2  -1  -3  -4  -2   1   3  -3   3   4  -4  -3  -2  -1   3   1    0   0   0   0   0   5   0   0   0   6  35   0  11  22   0   0   0   0  15   6  0.46 0.15
  177 K    -2  -2   5   3  -4  -1  -1  -2  -1  -4  -4   1  -3  -3  -3   1   2  -4   1  -3    0   0  38  21   0   0   0   0   0   0   0  10   0   0   0  10  15   0   6   0  0.65 0.25
  178 N    -2   1   4   2  -4   1   2  -1  -1  -4  -4   4  -3  -4  -3  -1  -2  -5  -3  -4    0   4  32  11   0   7  12   4   0   0   0  30   0   0   0   0   0   0   0   0  0.65 0.24
  179 I    -2  -4  -4  -4  -3  -4  -4   0  -4   5   2  -4   0   2  -4  -3  -2  -3  -2   2    0   0   0   0   0   0   0   9   0  55  15   0   0  12   0   0   0   0   0   9  0.66 0.25
  180 E    -2   0   0  -2  -3   0   1  -3  -1   1   0   1   1   2  -3  -1  -2  -1   4   0    0   4   6   0   0   2  12   0   0  11   7  10   5  12   0   4   0   0  20   7  0.20 0.13
  181 E    -1   0   2   1   1   2   2   1  -1  -3  -1   1  -2  -3  -2   1   1  -3  -3  -3    0   5  15   5   4  14  13   9   0   0   6   9   0   0   0  13   9   0   0   0  0.24 0.12
  182 T     0  -1   1   1  -2  -1   1  -2   1  -1  -2   1  -2  -1  -2   1   1  -2   3  -1    7   0   6   6   0   0   9   1   4   4   1  14   0   0   0  14  11   0  15   5  0.15 0.10
  183 L    -2   0  -3  -3   2  -2  -3  -3  -3   3   2  -2   0  -1  -3  -2   0  -2   0   3    1   6   0   0   6   0   1   1   0  25  23   1   0   0   0   1   6   0   4  24  0.31 0.14
  184 I     0   1  -1   1  -2  -1   1  -2  -1   1  -1  -1   2  -1  -2  -1   1   5   2   1   10  10   0  10   0   0  10   1   0  10   1   1   9   0   0   1  10   9   9  10  0.15 0.13
  185 A     1   1   1   0  -2   0   0   0  -1  -2  -3   3  -2  -3  -1   2   1  -3  -2  -2   11   6   9   6   0   0   1   4   0   1   1  27   0   0   1  20  12   0   0   1  0.26 0.13
  186 M     0   1  -1  -1  -2   1   2  -2  -1   1   0   0   3   1  -2  -1   0  -2  -1   1    9   8   0   1   0   7  19   1   0  10   1   6  14   8   1   1   4   0   0  10  0.11 0.10
  187 A     0  -1   2   1  -2   2   0  -2  -1   1   1  -1   1  -2  -2  -1   0  -2  -2   0   10   1  12   7   0  21   1   1   0  11  14   1   6   0   1   1   7   0   0   6  0.11 0.10
  188 E    -1   3   1   2  -3   2   2  -2  -1  -1  -2   2  -2  -3  -2   0  -1  -3  -2  -2    1  18  10  13   0   8  17   1   0   7   1  14   0   0   1   7   1   0   0   1  0.28 0.11
  189 K    -1  -1   4   1  -3   0   1   3  -1  -3  -3   1  -2  -3  -2   0   1  -3  -3  -3    1   0  26   4   0   0  11  25   0   0   1  13   0   0   0   6   8   0   0   1  0.38 0.13
  190 G     0   2   0   1  -3   0   2   2  -1  -2  -2   0  -2  -2  -2   0  -1  -2   0  -2    8  17   3   8   0   0  18  19   0   4   1   5   0   0   0   9   1   0   5   1  0.21 0.08
  191 N    -2   0   4   2  -3  -1   0   0   3  -1  -2   0  -2  -3  -2  -1  -1  -3  -2   0    1   5  35  15   0   0   3   5  12   5   1   3   0   0   0   1   3   0   0  11  0.35 0.14
  192 L    -1  -2  -2  -3  -2  -2  -2  -3  -2   1   3  -1   1   3  -2  -1   1  -1   0   0    1   1   1   1   0   1   1   1   0   8  35   5   3  22   1   5  13   0   0   1  0.24 0.11
  193 C    -1  -1   0   3   2   0   0  -2  -1  -1  -2  -1  -1   0  -2   0   2  -2   1   0    1   3   4  21   5   6   5   1   0   1   1   1   0   4   1   8  18   0   7  11  0.15 0.08
  194 D    -1  -1  -1   1   1   1   3   0  -1  -2  -1   1   0  -3   2   1   0  -3  -2  -2    1   0   0   9   4   6  25   6   0   0   9   8   3   0  10  10   7   0   0   1  0.21 0.09
  195 W    -4  -4  -5  -6  -4  -4  -4  -4  -3  -4  -3  -4  -3   2  -5  -4  -4  11   4  -4    0   0   0   0   0   0   0   0   0   0   0   0   0   7   0   0   0  78  15   0  2.78 0.35
  196 K    -1   1  -1  -2  -3   1   1  -3  -2  -2  -1   3   1   2  -2   1   1  -2  -1  -2    0   5   0   0   0   7   6   0   0   0   5  35   5  15   0  11  11   0   0   0  0.27 0.13
  197 E     0   1   1  -1   1   1   2  -2  -1  -2  -2   3  -2  -3  -2   0   1  -3  -1   0    5   7   6   0   4   4  19   0   0   0   0  26   0   0   0   7   9   0   3  11  0.22 0.10
  198 Q     0  -1  -1   1  -3   5   2  -3  -1  -3  -3  -1  -2   2  -2  -1   2  -3  -2  -3    7   0   0   5   0  44  15   0   0   0   0   0   0  11   0   0  17   0   0   0  0.54 0.20
  199 E    -2   2  -2   0  -4   0   5  -4  -2   1   0  -1  -2  -3  -3  -2  -2  -4  -3  -2    0  13   0   0   0   0  65   0   0  11  11   0   0   0   0   0   0   0   0   0  0.70 0.23
  200 R    -1   4  -1  -1  -3   1   2  -2  -1  -4  -3   4  -2  -4  -2   1   1  -4  -3  -3    0  25   0   0   0   4  14   0   0   0   0  33   0   0   0  15   7   0   0   0  0.53 0.16
  201 K     0   0   1  -1  -2   0   1  -2  -2   2  -2   2  -1  -3  -2   2   1  -4  -2  -1    7   4   7   0   0   0  13   0   0  22   0  18   0   0   0  18  10   0   0   0  0.18 0.11
  202 A     1  -2   0  -2  -2  -2  -2  -2  -3   0  -2  -2  -2  -3   4   1   4  -4  -3   1   13   0   5   0   0   0   0   0   0   3   0   0   0   0  23   5  37   0   0  14  0.48 0.14
  203 A     0  -3  -3  -4   3  -2  -3  -4   4   0  -2  -3  -2   2  -4  -2  -2   0   7  -1    8   0   0   0   7   0   0   0  14   5   0   0   0   4   0   0   0   0  57   4  0.86 0.21
  204 I    -2  -3  -4  -4  -2  -3  -4  -4  -3   4   3  -3   1   3  -1  -3  -2   2  -1   1    0   0   0   0   0   0   0   0   0  37  34   0   0  15   4   0   0   3   0   6  0.47 0.13
  205 S     1  -2  -1  -2   2  -1  -2  -2  -2  -2   0  -2  -1  -3   1   4   0  -4  -3  -2    9   0   0   0   5   0   0   0   0   0  15   0   0   0   7  64   0   0   0   0  0.48 0.18
  206 S     3   1  -1  -1  -2   1   0   1  -2  -3  -3   0  -2  -3  -2   2   0  -3  -2  -2   32  12   0   0   0   7   5  12   0   0   0   0   0   0   0  27   4   0   0   0  0.32 0.10
  207 R    -1   2  -2  -2  -3   0   1  -3  -2   1   0   3   2  -2  -2  -1   0  -3  -2   0    5  16   0   0   0   0   8   0   0  14   8  31  10   0   0   0   4   0   0   7  0.20 0.09
  208 I    -2  -3  -3  -3  -2  -2   0  -4  -3   4   1  -3   0  -1  -3  -3  -1  -3  -2   3    0   0   0   0   0   0  12   0   0  51   7   0   0   0   0   0   0   0   0  30  0.49 0.15
  209 N    -2   0   6   0  -3   1  -1  -2  -1   0  -2  -1   3  -3  -3   0  -1  -4  -3  -2    0   5  66   0   0   7   0   0   0   7   0   0  12   0   0   3   0   0   0   0  0.73 0.20
  210 L     0   2  -1  -2  -2   1  -1  -2  -2  -1   1   3   1  -2  -2   0   1  -3  -2  -1    5  11   0   0   0   4   0   0   0   0  25  34   4   0   0   7   9   0   0   0  0.22 0.10
  211 G     1  -2   2  -1   2   1   1   3  -2  -3  -3  -1  -2  -4  -2   1   1  -3  -3  -2   15   0  10   0   7   9  11  27   0   0   0   0   0   0   0  10  10   0   0   0  0.34 0.12
  212 I    -3  -5  -5  -5  -3  -4  -5  -5  -5   6   1  -4   0   2  -4  -4  -2  -4  -2   1    0   0   0   0   0   0   0   0   0  82  10   0   0   9   0   0   0   0   0   0  1.10 0.31
  213 A     3  -3  -1   5  -3  -1   2  -2  -2  -4  -4  -2  -3  -4  -2   0  -2  -5  -4  -3   30   0   0  51   0   0  12   0   0   0   0   0   0   0   0   6   0   0   0   0  0.82 0.25
  214 Q    -1   1   3   2  -3   2   2   0  -1  -3  -3   2  -2  -3  -2  -1   1  -3   0  -3    3   6  17   9   0   9  16   7   0   0   0  19   0   0   0   0   8   0   6   0  0.32 0.12
  215 A     3  -1   0  -1  -2   0   1   1  -2  -2  -2   1   1  -3  -2   1   1  -3  -3  -1   33   0   3   0   0   4  12   9   0   0   0   9   7   0   0   9  11   0   0   3  0.24 0.12
  216 G     1  -1   1  -2   3   0  -2   3   0  -2  -2   1   0  -3  -2   0   1  -3  -3   0   12   0  10   0  11   3   0  26   3   0   0  11   4   0   0   3   8   0   0   9  0.24 0.11
  217 V     0   1   2  -1  -2   0   0   0  -2   1   0   0   1  -2  -2   1  -1  -3  -2   1    7  12  13   0   0   3   7   7   0  12   4   3   6   0   0  12   0   0   0  15  0.09 0.08
  218 T     1   1   0  -2  -2   2  -1  -2   1  -1  -2   0   0  -3  -2   1   3  -3  -2   1   13   7   5   0   0  13   0   0   4   0   0   4   3   0   0   9  32   0   0  12  0.26 0.14
  219 A     1  -1   4   0  -3   2  -1  -2   2  -3  -2   2  -2  -3   1   1  -1  -4  -2  -1   12   0  26   4   0   9   0   0   6   0   5  20   0   0   5   9   0   0   0   4  0.29 0.13
  220 I     0  -3  -4  -4  -2  -3  -4  -4  -4   5   3  -3   2  -1  -4  -1  -2  -3  -2   1    9   0   0   0   0   0   0   0   0  52  31   0   4   0   0   5   0   0   0   0  0.58 0.20
  221 D    -1  -2   3   2  -3  -1  -1   0  -2  -4  -4   0  -3  -4  -2   4   2  -4  -3  -3    0   0  18  16   0   0   0   7   0   0   0   5   0   0   0  43  12   0   0   0  0.53 0.20
  222 D     0  -1   2   2  -3   0   2  -1  -1  -2  -3   2  -2  -2  -2   0  -1  -3   1  -2   10   0  15  12   0   0  16   3   0   4   0  23   0   0   0   7   0   0   9   0  0.27 0.12
  223 A     2  -1   1   0  -2   1   2  -2  -1  -3  -3   0  -2  -3  -2   3   1  -3   0  -2   19   0   8   3   0   6  16   0   0   0   0   5   0   0   0  32   5   0   5   0  0.33 0.14
  224 I    -1  -1   1   1   3   1  -1  -3  -2   1  -1  -1   1  -2  -3  -1   2  -3   0   1    0   3   7  12   9   9   2   0   0  16   3   0   4   0   0   0  21   0   5  10  0.15 0.11
  225 K    -2   4   0  -1  -4   3   0  -3  -1  -4  -3   4  -2   1  -3  -2  -2  -3  -2  -3    0  25   3   3   0  16   0   0   0   0   0  44   0   9   0   0   0   0   0   0  0.66 0.22
  226 N    -2   0   4   2  -3   3   1  -2  -1  -1  -1   1  -2  -3  -2   1   0  -4  -3  -2    0   3  28  16   0  16   4   0   0   5   7   9   0   0   0   8   4   0   0   0  0.35 0.14
  227 K    -1   3   2   0   3   2   1   0   1  -2  -2   2  -2  -3  -2  -1  -1  -3   0  -2    4  18  12   3   9  15   6   6   4   3   3  13   0   0   0   0   0   0   5   0  0.24 0.11
  228 I     1   0  -4  -4  -2  -3  -3  -4  -4   5   1  -3   0  -2  -3  -2  -2  -4  -2   3   13   7   0   0   0   0   0   0   0  51   5   0   0   0   0   0   0   0   0  24  0.54 0.20
  229 A     0  -1  -3  -4   2  -3  -1   0  -3  -2  -2  -3  -2   7  -4  -2  -3  -1   1  -2   12   4   0   0   5   0   7   9   0   0   0   0   0  63   0   0   0   0   0   0  0.82 0.26
  230 A     2  -2   0   3  -2  -1   0   0  -2  -2   0   0  -1  -3  -2   1   0  -4  -3  -2   28   0   5  21   0   0   4   3   0   0  16   7   0   0   0  13   3   0   0   0  0.22 0.12
  231 K     1   2  -1  -1  -2   2   2  -2   3  -2  -1   2  -1  -2  -2   0   0  -2   0  -2   12  10   0   0   0   9  13   1   9   3   4  19   0   0   0   7   7   0   4   1  0.20 0.08
  232 V     0  -3  -3  -3  -2  -3  -3  -3  -3   3   1  -3   0   1  -3  -1   2  -3  -1   3   10   0   0   0   0   0   0   0   0  20  14   0   0   9   0   0  17   0   0  31  0.33 0.14
  233 I    -1   0  -2  -2  -2   0   1  -3   2   1   0   1   2   0  -2   0  -1  -2   1   1    4   4   0   0   0   3  10   0   6  12   4  11  13   5   0   6   0   0   7  14  0.09 0.08
  234 E     1   1   2  -1  -3   0   2   0  -1  -3  -3   2  -2  -3  -2   2  -1  -3  -3  -2    9   6  15   0   0   0  17   4   0   0   0  16   0   0   0  28   0   0   0   3  0.32 0.13
  235 N     0   0   4   1  -3  -1   1   0  -1  -3  -2   1   3  -2  -3  -1   0  -3   1  -2    7   3  33   7   0   0  12   5   0   0   0  10  13   0   0   0   5   0   6   0  0.32 0.15
  236 T     0  -1  -2  -3   4  -2  -2  -3  -3   2   2  -2   0   0  -2  -1   3  -3  -2   0    9   4   0   0  13   0   0   0   0  13  26   0   0   4   0   0  27   0   0   0  0.27 0.13
  237 N    -1  -2   3   3  -3  -1   0   4   1  -3  -3   0  -3  -1  -2  -1  -2  -3  -2  -3    1   1  16  18   0   0   5  38   4   1   1   8   0   4   1   1   1   0   0   1  0.46 0.13
  238 L    -1   1  -2   0  -2  -1  -2  -3  -2   1   3   0   0   1  -2  -2   0  -2  -1   1    4   9   0   7   0   0   1   1   0  10  39   7   0   8   0   1   5   0   0   7  0.15 0.08
  239 T    -1   0   1  -1   1   2   1  -2   0  -3  -3   4  -2  -2   1   1   0  -2   1  -3    1   0   8   0   4   9   7   0   2   0   1  36   0   0   8  12   2   0   8   0  0.33 0.13
  240 N    -1  -1   4   3  -3   2   1   0   1  -2  -3   1  -2  -3  -2   0  -1  -4  -2   0    0   0  25  21   0   9   9   8   3   0   1   8   0   0   0   4   0   0   0   9  0.34 0.12
  241 A     2  -2  -3  -3  -2  -1  -2  -2  -3   2   2  -2   0  -1  -2  -1   0  -3  -2   2   23   0   0   0   0   4   0   0   0  17  25   0   0   0   0   0   7   0   0  20  0.23 0.11
  242 I     0   1  -1  -1  -2   1   2  -2  -2  -1  -2   3  -2  -3   0   1   1  -3  -2   0    7   6   0   0   0   3  13   0   0   5   0  28   0   0   4  12  14   0   0   5  0.24 0.11
  243 F    -2  -3  -1  -4  -2  -3  -3  -4  -2   2   3  -3   0   2  -4  -2   0  -2   3   1    0   0   5   0   0   0   0   0   0  12  46   0   0   9   0   0   7   0  12   9  0.39 0.15
  244 E    -2  -2   2   5  -4  -1   1  -2  -2  -3  -2  -2  -3  -4   2   0   1  -5  -4  -1    0   0  11  50   0   0   9   0   0   0   4   0   0   0   9   4   9   0   0   5  0.66 0.20
  245 P    -1  -2   0  -2  -3   0  -1  -3  -3   0  -3   0   0  -4   6   1   1  -4  -3  -2    3   0   4   0   0   4   3   0   0  10   0   5   4   0  45  14   9   0   0   0  0.79 0.19
  246 N     0   1   4  -1  -3  -1  -1  -2  -1  -3  -3   1  -2  -4   2   2   0  -4  -3  -1    9   7  27   0   0   0   0   0   0   0   0  11   0   0  13  23   5   0   0   6  0.39 0.15
  247 H     2  -3  -2  -3   8  -2  -3  -3   5  -3  -3  -3  -3  -2   0   0  -2  -3   2  -2   19   0   0   0  39   0   0   0  20   0   0   0   0   0   4   8   0   0  10   0  0.92 0.26
  248 T     4  -2  -2  -3  -2   1  -2  -2  -3  -3  -3  -2  -2  -4  -2   1   3  -4  -3  -2   58   0   0   0   0   9   0   0   0   0   0   0   0   0   0   4  29   0   0   0  0.66 0.25
  249 Q    -2   0   0   2  -4   5   1  -2   4  -4  -3   2  -2  -4  -2  -1  -2  -3  -2  -3    0   0   0  14   0  50   0   0  16   0   0  19   0   0   0   0   0   0   0   0  0.66 0.14
  250 S     1  -2  -1  -2  -1  -1  -1  -2  -2   1   1  -1   0  -2  -2   3   2  -3  -2   0   15   0   0   0   0   0   0   0   0  16  14   0   0   0   0  40  14   0   0   0  0.23 0.08
  251 S     1  -1  -1  -1  -2   2  -1  -1  -2  -3  -3  -1  -2  -3   3   4   0  -3  -3  -2   14   0   0   0   0  15   0   0   0   0   0   0   0   0  16  54   0   0   0   0  0.54 0.12
  252 V    -2  -4  -4  -4  -2  -3  -4  -5  -4   5   2  -3   1  -1  -4  -3  -1  -3  -2   2    0   0   0   0   0   0   0   0   0  74  15   0   0   0   0   0   0   0   0  11  0.66 0.13
  253 T    -1  -1   1  -1  -2  -1   1   1  -1  -1   0   1   0   2  -2   0   1  -2   0  -1    0   0   8   0   0   0  13  13   0   0  15  12   3  19   0   5  12   0   0   0  0.09 0.05
  254 Q    -2   0  -1  -2  -3   3   0  -3   5  -2   0   3  -1  -2  -2   0  -1  -3  -1  -2    0   0   0   0   0  23   0   0  27   0  14  32   0   0   0   5   0   0   0   0  0.43 0.11
  255 L    -1  -2  -3  -3   2  -2  -3  -3  -3   2   3  -2   3   1  -3  -1   0  -2  -1   1    3   0   0   0   6   0   0   0   0  15  38   0  19   4   0   4   7   0   0   4  0.29 0.07
  256 V     0  -3  -3   1  -2  -2  -2  -3  -3   1   1  -3   0  -2  -3  -2   1  -3  -2   4    4   0   0  11   0   0   0   0   0   3  14   0   0   0   0   0   7   0   0  58  0.41 0.16
  257 Y    -1   0   1  -2  -3   1   0  -3   0  -1   1   1  -1   1  -3  -1  -2  -1   5  -2    4   6   8   0   0   6   4   0   0   0  20  10   0   4   0   3   0   0  33   0  0.29 0.13
  258 S    -1   0   3  -1  -2  -1   1   0  -1  -2  -2  -1   2  -3  -2   2   2  -3  -2  -2    0   7  17   0   0   0  13   8   0   0   0   0  11   0   0  25  17   0   0   0  0.28 0.13
  259 C    -1  -2   1  -2   5  -1   1  -3  -1   0  -1  -2   0  -1  -2   0   2   2   3   1    0   0   7   0  18   0  11   0   0   3   3   0   2   0   0   9  15   4  14  13  0.24 0.11
  260 L    -2  -1  -1  -4  -2  -3  -3  -2  -3   2   4  -1   1  -1  -4  -2  -2  -3   0   0    0   4   4   0   0   0   0   3   0   8  68   3   0   0   0   3   0   0   3   4  0.45 0.17
  261 F     0  -2   1   0  -3  -2  -1  -3   3  -2   0  -2   0   3  -3   0  -2   2   3  -2    8   0  11   4   0   0   4   0  11   0  13   0   3  21   0   8   0   3  15   0  0.26 0.11
  262 K     1   2   0  -2  -3   0  -1   0  -2  -3  -3   4  -2   0  -2   1   0  -3  -2  -1   11  10   4   0   0   0   0   6   0   0   0  46   0   7   0   9   4   0   0   4  0.34 0.15
  263 N    -2   0   5   4  -4  -1   1  -2  -1  -4  -4   0  -3  -4  -3   1   0  -5  -3  -4    0   3  40  32   0   0   6   0   0   0   0   4   0   0   0  12   4   0   0   0  0.74 0.20
  264 E    -2   1   3   0  -4   0   2   0  -1  -4  -4   4  -3  -4  -2   0  -1  -4  -3  -3    0   3  22   2   0   0  19   9   0   0   0  39   0   0   0   3   2   0   0   0  0.52 0.18
  265 I    -1  -1  -2  -2  -2   0  -1  -3  -2   2   0   2   1  -2  -2   1   1  -3  -2   1    0   0   0   0   0   6   3   0   0  20   9  17   6   0   0  17  11   0   0  12  0.15 0.10
  266 L    -2  -1  -3  -1  -2  -1  -3  -4  -3   3   3  -3   0   3  -4  -3  -2   4  -1   1    0   5   0   4   0   4   0   0   0  24  40   0   0  14   0   0   0   6   0   4  0.38 0.14
  267 M     1   1   1   1  -3   2   1  -1  -1  -1  -1  -1   4  -3  -2   0  -1  -3  -2  -2   15   7   9  11   0  11  12   4   0   3   0   0  21   0   0   7   0   0   0   0  0.21 0.12
  268 N     1  -1   3   1  -3   0   2  -1  -1  -2  -1   2  -2  -3  -2   1  -1  -4  -3  -1   14   0  23   7   0   0  16   3   0   0   5  18   0   0   0   9   0   0   0   5  0.26 0.13
  269 M    -3  -1  -4  -4   2   0  -3  -4  -3   1   3  -3   4   5  -4  -3  -2  -2   0  -1    0   4   0   0   5   5   0   0   0   5  28   0  17  36   0   0   0   0   0   0  0.57 0.21
  270 L    -2  -3  -4  -4   3  -3  -1  -4  -3   3   3  -3   0   3  -4  -3  -2  -2   1   1    0   0   0   0   9   0   5   0   0  20  38   0   0  15   0   0   0   0   5   7  0.42 0.15
  271 E    -1   1   1  -1  -3   0   3   2  -1  -2  -3   2  -2  -3   0   0  -1  -3  -1   0    0  11   8   0   0   0  27  18   0   0   0  14   0   0   5   4   0   0   3  11  0.27 0.13
  272 E    -1   3  -1  -1  -3   2   3  -1  -1  -3  -3   2   1  -3  -2   0   1  -3  -3  -2    4  19   0   0   0   8  27   4   0   0   0  15   5   0   0   4  14   0   0   0  0.38 0.15
  273 N    -1  -2   3   3  -3  -1   1   0  -1  -2  -1  -1   0  -2   1   1   1  -3   0  -1    0   0  18  19   0   0  10   5   0   0   5   0   4   0   5  15   8   0   5   4  0.23 0.10
  274 S     1   0  -1   1  -2  -1   0   0  -2  -3  -2  -1  -2  -3   3   3   1  -3   0  -2    8   5   0   7   0   0   5   4   0   0   3   0   0   0  15  41   6   0   4   0  0.38 0.16
  275 S     0   1   0  -2   3   0  -1  -2   1  -1  -3   0  -2  -2   0   4   2  -4  -2  -2    4   7   3   0   7   3   0   0   5   5   0   3   0   2   3  43  14   0   0   0  0.33 0.17
  276 H    -2  -2   0   3  -3  -1   2  -3   4  -2  -1  -1  -2  -2   1  -1   1  -3   1  -1    0   0   3  21   0   0  18   0  17   0   5   0   0   0   9   0  15   0   7   5  0.36 0.16
  277 D    -1   3   1   2  -3  -1  -1   2  -2  -3  -3   3   0  -4  -2   1  -1  -4  -3  -3    0  17   7  15   0   0   0  18   0   0   0  23   5   0   0  15   0   0   0   0  0.37 0.15
  278 L    -1  -1   3   0  -3   3   1  -2  -1  -2   1   1   1   0  -2   0  -1  -2   0  -2    3   0  20   5   0  18   6   0   0   0  17  10   4   5   0   7   0   0   5   0  0.19 0.12
  279 L    -2   0   3   0  -3   0   0  -2  -1   0   2   0   0   0  -3   0   0  -2   0  -1    0   3  21   5   0   5   4   0   0   3  27   7   0   4   0  11   2   0   5   2  0.13 0.10
  280 C    -2  -1  -2  -3   5   0  -1  -3  -3   3  -1   2   3  -2  -3  -2   1  -3  -3   1    0   0   0   0  15   5   4   0   0  24   0  19  15   0   0   0  10   0   0   7  0.32 0.17
  281 L    -1  -2  -2  -2  -2   0   0  -3  -2   1   2  -1   2  -1  -3   0   2  -2   0   1    0   0   0   0   0   5   6   0   0   4  33   4   9   0   0   8  21   0   4   7  0.20 0.11
  282 N     1   1   4  -1  -3  -1  -1   0   1  -3  -3   1  -2  -3  -2   2   2  -4  -2  -2   14   6  32   0   0   0   0   4   5   0   0   9   0   0   0  16  15   0   0   0  0.39 0.15
  283 D    -2   0   2   3  -4   0   5  -3  -1  -1  -3   0  -3  -4  -2  -1   0  -4  -3  -1    0   5  14  17   0   0  48   0   0   4   0   4   0   0   0   0   4   0   0   4  0.59 0.19
  284 L    -2  -3  -4  -4  -2  -3  -4  -5  -4   4   3  -3   3  -1  -4  -3  -2  -3  -2   3    0   0   0   0   0   0   0   0   0  40  31   0  12   0   0   0   0   0   0  17  0.63 0.18
  285 A     1  -2  -2  -3  -2  -2  -2  -3  -3   1   0   0  -1  -2  -2   0   3  -4  -2   3   11   0   0   0   0   0   0   0   0   8   6   6   0   0   0   4  34   0   0  32  0.34 0.16
  286 E    -2  -1   5   1  -4   0   4  -2   1  -4  -4   0  -3  -4  -3   1  -1  -4  -3  -4    0   0  36   5   0   0  40   0   4   0   0   4   0   0   0  11   0   0   0   0  0.74 0.22
  287 Y     1   0  -2  -2  -2   0  -1  -2  -1   0   1   2  -1   1  -2   0   0  -1   3   0   18   4   0   0   0   5   0   0   0   4  15  19   0   4   0   8   3   0  14   4  0.12 0.08
  288 V    -1  -2  -3  -3  -1  -2  -3  -3  -3   3   2  -2   1  -1  -2  -2  -1  -2  -1   3    1   1   1   1   0   1   1   1   0  29  17   1   0   1   1   1   1   0   0  43  0.32 0.07
  289 A     2  -1   0  -1  -1  -1  -1  -1  -1  -1  -2  -1  -1  -2  -1   3   1  -3  -2   0   22   1   1   1   0   1   1   1   0   1   1   1   0   1   1  48  10   0   0  10  0.29 0.07
  290 L    -2  -1   4   4  -3   1   0  -2   1  -2   0  -1  -2  -3  -2   0  -1  -4  -2  -2    0   0  34  34   0   8   0   0   5   0  14   0   0   0   0   5   0   0   0   0  0.45 0.09
  291 Q    -1   2   0   1  -3   4   1  -2   1  -3  -1   3  -1  -3  -2   0  -1  -3  -2  -2    0   7   0   9   0  37   4   0   4   0   7  23   0   0   0   9   0   0   0   0  0.39 0.09
  292 V    -1  -3  -4  -4  -2  -3  -3  -4  -4   4   2  -3   1   1  -3  -3  -1  -3  -1   4    0   0   0   0   0   0   0   0   0  39  13   0   0   5   0   0   0   0   0  43  0.46 0.09
  293 H     1  -2  -2  -3  -2  -2  -2  -2   4  -2  -1  -2  -1   5  -3  -1  -2   0   5  -2   23   0   0   0   0   0   0   0  14   0   0   0   0  33   0   0   0   0  29   0  0.55 0.12
  294 N     0  -1   2   3  -3   0   3  -1   2  -3  -2   0   0  -3  -2   0  -1  -3  -2  -2    9   0  14  19   0   0  38   3   8   0   3   0   5   0   0   0   0   0   0   0  0.38 0.08
  295 S     1   1   2   2   0   1   0  -2  -1   0  -2   1  -1  -3  -2   1   0  -3  -2  -1   12  10  11  13   3   5   0   0   0  12   0  14   0   0   0  19   0   0   0   0  0.17 0.07
  296 L    -2  -2  -3  -3  -2  -2  -3  -4  -2   3   2   1   2   2  -3  -2  -1  -2   1   1    0   0   0   0   0   0   0   0   0  27  27  14   9  12   0   0   0   0   4   6  0.28 0.08
  297 F    -3  -4  -4  -5  -4  -4  -4  -4  -2  -1  -1  -4   2   8  -5  -4  -3   0   3  -2    0   0   0   0   0   0   0   0   0   0   0   0   6  88   0   0   0   0   6   0  1.41 0.24
  298 S    -1   1   3  -1  -3  -1   1   3   1  -2  -2  -1  -2  -3  -2   1  -1  -3  -2  -3    0   8  19   0   0   0  12  35   4   4   4   0   0   0   0  14   0   0   0   0  0.35 0.09
  299 E    -1   0  -1   1  -3   2   3  -3  -1   1  -2   2  -1  -3  -2   0  -1  -3  -2   0    3   0   0   7   0  11  33   0   0  19   0  18   0   0   0   5   0   0   0   4  0.29 0.09
  300 D    -1  -1   2   4  -3   0   2  -2   3  -4  -4   0  -3  -4   1   1  -1  -4  -2  -3    0   0   9  39   0   0  10   0  13   0   0   4   0   0   7  18   0   0   0   0  0.54 0.11
  301 L    -1  -3   0  -3  -2  -2  -3  -3  -3   3   2  -2   2  -1   1   0   0  -3  -2   2    0   0   6   0   0   0   0   0   0  29  18   0  10   0   9   8   5   0   0  15  0.24 0.08
  302 S     0  -1   2   2  -3   2   1   1  -1  -3  -3   1  -2  -3  -2   3   0  -4  -3  -3    0   0  10  12   0  10   6  13   0   0   0  13   0   0   0  35   0   0   0   0  0.35 0.09
  303 S     1  -1   1  -1  -2   1   0  -1  -2  -1   1  -1  -1  -2  -2   2   1  -3  -2   0   18   0   7   0   0   6   8   0   0   0  20   0   0   0   0  31   5   0   0   5  0.17 0.08
  304 L    -2  -2  -3  -3  -2  -2  -3  -4  -3   3   3   0   1  -1   1  -2  -1  -3  -2   2    0   0   0   0   0   0   0   0   0  27  39  12   0   0   7   0   0   0   0  15  0.32 0.09
  305 V    -1   4  -1  -2  -3   2   0  -3  -2   2  -1   0  -1  -2  -2   0   0  -3  -2   1    0  35   0   0   0  11   6   0   0  20   0   0   0   0   0   5   7   0   0  15  0.26 0.09
  306 E    -1   1   0   2  -4   2   4  -2  -1  -4  -3   3  -2  -4  -2   0  -1  -4  -3  -3    0   7   0  13   0  11  35   0   0   0   0  29   0   0   0   5   0   0   0   0  0.54 0.11
  307 T    -1  -2  -1   0  -2  -1   0  -2  -2   2   1   0   2  -1  -2   1   2  -3  -2   1    0   0   0   8   0   0   6   0   0  23   7   5  11   0   0  16  18   0   0   6  0.13 0.06
  308 T     4  -2  -1  -2  -1  -1  -2  -1  -2  -2  -2  -1  -1  -3  -2   1   4  -3  -2  -1   53   0   0   0   0   0   0   0   0   0   0   0   0   0   0   0  47   0   0   0  0.53 0.12
  309 K     1   0  -1   0  -3   2   4  -2  -1  -3  -3   2  -2  -3  -1   1  -1  -3  -2  -2   18   0   0   0   0  11  42   0   0   0   0  18   0   0   0  11   0   0   0   0  0.42 0.06
  310 N    -1   2   2   0  -3   2   3  -2   3  -3  -3   2  -2  -3  -2   0   0  -3  -1  -3    0  11  18   0   0  11  23   0  11   0   0  17   0   0   0   0   9   0   0   0  0.37 0.05
  311 E    -1   2  -1   1  -4   3   5  -2   0  -4  -3   1  -2  -4  -2   0  -1  -3  -2  -3    0  12   0   0   0  21  67   0   0   0   0   0   0   0   0   0   0   0   0   0  0.68 0.06
  312 A     3  -2  -1  -2  -1  -1  -1  -1  -2   0  -1  -1  -1  -2  -1   1   2  -3  -2   1   48   0   0   0   0   0   0   0   0   0   0   0   0   0   0   0  30   0   0  22  0.24 0.02
  313 H    -2   3   0   0  -4   1   3  -2   6  -3  -3   1  -2  -2  -2  -1  -1  -3   0  -3    0  25   0   0   0   0  27   0  48   0   0   0   0   0   0   0   0   0   0   0  0.54 0.02
  314 H    -2   1   3   0  -3   1   0  -2   6  -3  -3   2  -2  -2  -2   0  -1  -3   0  -3    0   0  25   0   0   0   0   0  48   0   0  27   0   0   0   0   0   0   0   0  0.51 0.02
  315 Q    -1   1   0   0  -3   5   3  -2   0  -3  -3   1  -1  -4  -1   0  -1  -2  -2  -3    0   0   0   0   0  75  25   0   0   0   0   0   0   0   0   0   0   0   0   0  0.66 0.03
  316 S     1  -1   1   0  -1   0   0   0  -1  -2  -3   0  -2  -3  -1   4   1  -3  -2  -2    0   0   0   0   0   0   0   0   0   0   0   0   0   0   0 100   0   0   0   0  0.45 0.00

                      K         Lambda
Standard Ungapped    0.1339     0.3210
Standard Gapped      0.0400     0.2670
PSI Ungapped         0.1306     0.3176
PSI Gapped           0.0400     0.2670
