
Last position-specific scoring matrix computed, weighted observed percentages rounded down, information per position, and relative weight of gapless real matches to pseudocounts
            A   R   N   D   C   Q   E   G   H   I   L   K   M   F   P   S   T   W   Y   V   A   R   N   D   C   Q   E   G   H   I   L   K   M   F   P   S   T   W   Y   V
    1 M    -1  -2  -2  -3  -2  -1  -2  -3  -2   1   2  -2   6   0  -3  -2  -1  -2  -1   1    0   0   0   0   0   0   0   0   0   0   0   0 100   0   0   0   0   0   0   0  0.40 0.02
    2 L    -2  -3  -3  -4  -2  -3  -3  -4  -2   1   3  -3   1   4  -3  -3  -2   0   1   0    0   0   0   0   0   0   0   0   0   0  59   0   0  41   0   0   0   0   0   0  0.42 0.01
    3 S     1  -1   1   0  -1   0   0   0  -1  -3  -3   0  -2  -3  -1   4   1  -3  -2  -2    0   0   0   0   0   0   0   0   0   0   0   0   0   0   0 100   0   0   0   0  0.48 0.01
    4 S     0   3   3   0  -2   0   0  -1   0  -3  -3   1  -2  -3  -2   3   0  -3  -2  -2    0  31  24   0   0   0   0   0   0   0   0   0   0   0   0  45   0   0   0   0  0.37 0.02
    5 L    -2  -3  -4  -4  -1  -3  -3  -4  -3   3   4  -3   2   0  -3  -3  -1  -2  -1   1    0   0   0   0   0   0   0   0   0  24  76   0   0   0   0   0   0   0   0   0  0.45 0.02
    6 N    -1   3   4   3  -3   0   0  -1   0  -3  -3   0  -2  -3  -2   1   0  -4  -2  -3    0  24  36  20   0   0   0   0   0   0   0   0   0   0   0  20   0   0   0   0  0.42 0.02
    7 V     0  -2  -2  -1  -2  -1   1   2  -2   0  -1  -1  -1  -2   3  -1  -1  -3  -2   2    0   0   0   0   0   0  20  24   0   0   0   0   0   0  20   0   0   0   0  36  0.29 0.02
    8 L    -2  -3  -4  -4  -1  -3  -3  -4  -3   2   4  -3   2   0  -3  -3  -1  -2  -1   1    0   0   0   0   0   0   0   0   0  20  80   0   0   0   0   0   0   0   0   0  0.46 0.03
    9 Q    -1   3  -1  -1  -3   3   0  -2  -1   1  -1   2   0  -2  -2  -1  -1  -3  -2   0    0  20   0   0   0  36   0   0   0  24   0  20   0   0   0   0   0   0   0   0  0.28 0.02
   10 S     1  -1   0  -1  -1   0   0  -1  -1  -2  -2   0  -2  -3  -1   4   3  -3  -2  -2    0   0   0   0   0   0   0   0   0   0   0   0   0   0   0  80  20   0   0   0  0.47 0.04
   11 S     2  -2  -1  -1   5  -1  -1  -1  -2  -2  -2  -1  -1  -3  -1   3   2  -3  -2  -1   20   0   0   0  24   0   0   0   0   0   0   0   0   0   0  36  20   0   0   0  0.37 0.02
   12 F    -2  -1  -2  -2  -3   4   0  -3  -1  -1  -1  -1   0   5  -3  -1  -2   0   2  -2    0   0   0   0   0  44   0   0   0   0   0   0   0  56   0   0   0   0   0   0  0.45 0.04
   13 R     0   3   0  -1  -2   0   0  -1   4  -3  -3   1  -2  -3  -2   3   0  -3  -1  -2    0  36   0   0   0   0   0   0  20   0   0   0   0   0   0  44   0   0   0   0  0.38 0.03
   14 G    -1  -2   4   0  -3  -1  -1   5  -1  -4  -4  -1  -3  -3  -2   0  -1  -3  -3  -3    0   0  44   0   0   0   0  56   0   0   0   0   0   0   0   0   0   0   0   0  0.70 0.03
   15 K     0   1   0  -1  -2   1   0  -1  -1  -2  -2   4  -1  -3  -1   2   2  -3  -2  -2    0   0   0   0   0   0   0   0   0   0   0  56   0   0   0  20  24   0   0   0  0.35 0.03
   16 T     0   2  -1  -1  -2   3   0  -2  -1  -1  -1   0  -1  -3  -2   0   3  -3  -2   0   10  20   0   0   0  24   0   0   0   0   0   0   0   0   0   0  36   0   0  10  0.24 0.02
   17 A     2  -1   2  -1  -1  -1  -1  -1  -1  -2  -2  -1  -1  -3  -1   1   3  -3  -2  -1   36   0  20   0   0   0   0   0   0   0   0   0   0   0   0   0  44   0   0   0  0.31 0.02
   18 L    -1  -2  -2  -2  -1  -2  -2  -3  -2   3   3  -2   1   0  -2  -2  -1  -2  -1   2    2   1   1   1   0   1   1   1   0  45  37   1   0   1   1   1   1   0   1   1  0.22 0.01
   19 S     0  -2  -1  -1  -2  -1  -1  -2  -2  -1  -2  -1  -1  -3   6   2   0  -3  -2   1    0   0   0   0   0   0   0   0   0   0   0   0   0   0  44  36   0   0   0  20  0.71 0.03
   20 N    -1   0   4   1  -3   3   2  -1   0  -3  -3   0  -2  -3  -2   0   2  -3  -2  -2    0   0  36   0   0  20  20   0   0   0   0   0   0   0   0   0  24   0   0   0  0.39 0.02
   21 S     0   0   0  -1  -1   0  -1  -1  -1   0   0   2  -1  -2  -1   3   1  -3  -2  -1    0   0   0   0   0   0   0   0   0  12  12  20   0   0   0  56   0   0   0   0  0.19 0.02
   22 T     0  -1   0   0  -1   0   2  -1  -1  -2  -2   0  -1  -3  -1   3   3  -3  -2  -1    0   0   0   0   0   0  20   0   0   0   0   0   0   0   0  44  36   0   0   0  0.37 0.02
   23 L    -1  -2  -3  -3  -2  -2  -2  -3  -3   1   2  -2   0  -1   6  -2  -1  -3  -2   1    0   0   0   0   0   0   0   0   0   0  36   0   0   0  44   0   0   0   0  20  0.69 0.02
   24 L    -1  -2  -2  -3   3  -2  -2  -3  -3   1   2  -2   1  -1   3  -1   1  -3  -2   0    0   0   0   0  12   0   0   0   0  16  35   0   0   0  19   0  17   0   0   0  0.31 0.02
   25 Q    -1   1   0  -1  -3   6   1  -2   0  -3  -3   1  -1  -3  -2   1   0  -2  -2  -2    0   0   0   0   0  81   0   0   0   0   0   0   0   0   0  19   0   0   0   0  0.64 0.05
   26 K    -1   0  -1  -2  -2   0  -1  -2  -1  -2  -2   2  -1   2  -2   1   1   6   0  -2    0   0   0   0   0   0   0   0   0   0   0  35   0  16   0  19  12  17   0   0  0.34 0.02
   27 V     0  -3  -3  -3   6  -2  -3  -3  -3   1   0  -2   0  -2  -3  -1   1  -3  -2   3    0   0   0   0  28   0   0   0   0   0   0   0   0   0   0   0  14   0   0  58  0.40 0.04
   28 S     1  -1   0  -1   4  -1  -1  -1  -1  -2  -3  -1  -2  -3  -1   4   2  -3  -2  -2    0   0   0   0  13   0   0   0   0   0   0   0   0   0   0  80   8   0   0   0  0.46 0.04
   29 F    -3  -3  -3  -4  -3  -4  -4  -4  -2   0   0  -4   0   7  -4  -3  -3   1   3  -1    0   0   0   0   0   0   0   0   0   0   0   0   0 100   0   0   0   0   0   0  0.96 0.06
   30 A     4  -1   3  -1  -1  -1  -1   0  -1  -2  -2  -1  -2  -3  -1   1   0  -3  -2  -1   70   0  30   0   0   0   0   0   0   0   0   0   0   0   0   0   0   0   0   0  0.38 0.04
   31 G     0  -2   0  -2  -3  -2  -2   6   3  -4  -4  -2  -3  -3  -2  -1  -2  -3  -2  -4    0   0   0   0   0   0   0  84  16   0   0   0   0   0   0   0   0   0   0   0  0.92 0.04
   32 K    -1   1   2  -1  -3   1   0  -2  -1   0  -2   4  -1  -3  -2   0  -1  -3  -2  -1    0   0  13   0   0   0   0   0   0   8   0  72   0   0   0   0   0   0   0   7  0.35 0.04
   33 E    -2  -1   2   5  -4   1   4  -2  -1  -4  -4   0  -3  -4  -2   0  -1  -4  -3  -3    0   0  13  45   0   0  43   0   0   0   0   0   0   0   0   0   0   0   0   0  0.68 0.03
   34 Y    -2  -2  -3  -4  -3  -2  -2  -4   1  -2  -1  -2  -1   3  -3  -2  -2   2   8  -2    0   0   0   0   0   0   0   0   0   0   0   0   0   0   0   0   0   0 100   0  1.12 0.07
   35 P     0   0  -1   0  -3   0   2  -2  -1  -3  -3   1  -2  -3   5   2   0  -3  -2  -2    0   0   0   0   0   0  22   0   0   0   0  16   0   0  33  29   0   0   0   0  0.62 0.03
   36 L    -2   1  -3  -4  -2  -2  -3  -4  -3   1   4  -1   3   0  -3  -2  -1  -2  -1   0    0  13   0   0   0   0   0   0   0   0  77   0   9   0   0   0   0   0   0   0  0.40 0.05
   37 E    -1   0  -1   0   3   1   3  -3  -1  -1   0   2  -1  -2  -2  -1  -1  -3  -2   0    0   0   0   0   9   0  39   0   0   0  14  24   0   0   0   0   0   0   0  13  0.22 0.03
   38 P    -1  -3  -2  -2  -2  -2  -2  -3  -3   0  -1  -2  -1   0   7  -1   1  -3  -2   1    0   0   0   0   0   0   0   0   0   7   0   0   0   7  61   0  11   0   0  14  1.06 0.06
   39 I    -2  -3  -4  -4  -2  -3  -3  -4  -3   4   3  -3   1   0  -3  -3  -1  -2  -2   2    0   0   0   0   0   0   0   0   0  46  54   0   0   0   0   0   0   0   0   0  0.47 0.05
   40 D    -1  -2   2   6  -3  -1   1  -1  -1  -3  -4  -1  -3  -4  -2   2   0  -4  -3  -3    0   0   8  67   0   0   0   0   0   0   0   0   0   0   0  25   0   0   0   0  0.74 0.07
   41 E     1   0  -1   0  -3   2   4  -2   3  -3  -3   1  -2  -3  -2   0  -1  -3  -1  -2   14   0   0   0   0  10  56   0  13   0   0   7   0   0   0   0   0   0   0   0  0.50 0.05
   42 K    -1   2  -1  -1  -3   2   0  -2   2  -3  -3   4  -2  -3   3  -1  -1  -3  -2  -3    0   5   0   0   0  13   0   0  10   0   0  59   0   0  14   0   0   0   0   0  0.52 0.06
   43 T    -1   0   1  -1  -2   0  -1  -2  -2  -2  -2   2  -2  -3   4   0   4  -3  -2  -1    0   0   7   0   0   0   0   0   0   0   0  20   0   0  22   0  50   0   0   0  0.48 0.05
   44 P    -1  -2  -2  -2  -2  -2  -2  -3  -3  -1   0  -1  -1  -3   7  -1   2  -3  -3  -1    0   0   0   0   0   0   0   0   0   0  18   0   0   0  62   0  20   0   0   0  1.10 0.06
   45 I    -2  -3  -3  -4  -2  -3  -3  -4  -1   3   2  -3   1   3  -3  -2  -1   0   3   2    0   0   0   0   0   0   0   0   0  30  21   0   0  18   0   0   0   0  20  11  0.33 0.03
   46 L     1  -2  -2  -3  -1  -2  -2  -2  -2   1   2  -2   1   2  -2   1   0  -2   0   1   11   0   0   0   0   0   0   0   0   0  29   0   0  18   0  20   0   0   0  22  0.15 0.03
   47 F    -3  -3  -3  -4  -3  -3  -4  -4  -1  -1   0  -3   0   7  -4  -3  -3   1   4  -1    0   0   0   0   0   0   0   0   0   0   0   0   0  88   0   0   0   0  12   0  0.95 0.08
   48 Q    -1   0   0  -1  -3   6   1  -2   0  -3  -3   1  -1  -4  -2   1  -1  -3  -2  -3    0   0   0   0   0  84   0   0   0   0   0   0   0   0   0  16   0   0   0   0  0.82 0.14
   49 W    -3   1  -3  -4  -3  -2  -3   1  -3  -4  -3  -2  -2   0  -4  -3  -3  11   1  -4    0  10   0   0   0   0   0  16   0   0   0   0   0   0   0   0   0  74   0   0  1.94 0.17
   50 F    -2  -2  -3  -3   3  -2  -2  -3  -2   0   2  -2   0   5  -2  -2  -1   0   1   0    1   1   1   1  10   1   1   1   0   1  31   1   0  44   1   1   1   0   1   1  0.34 0.05
   51 E    -1   0   2   1  -3   1   4  -2   4  -3  -3   2  -2  -3  -1   0  -1  -3  -1  -3    1   1  10   1   0   0  47   1  18   1   1  17   0   0   1   1   1   0   0   1  0.45 0.06
   52 A     0   3  -1  -2  -2   2   0  -2  -1  -1  -1   0  -1  -2   3  -1  -1  -3  -2   1   10  31   0   1   0  17   1   1   0   1   1   1   0   0  17   1   1   0   0  18  0.30 0.05
   53 R    -1   1   3   0  -2   0   1   3  -1  -2  -1   0   2  -2  -2   0  -1  -3  -2  -2    1  10  27   1   0   0  10  27   0   1   1   1  18   0   1   1   1   0   0   1  0.25 0.05
   54 P    -1  -1   2   1  -3   2   0  -2  -1  -3  -3  -1  -3  -4   6  -1  -1  -4  -3  -3    0   0  18  10   0  16   0   0   0   0   0   0   0   0  56   0   0   0   0   0  1.10 0.10
   55 E     0   1   0   2  -3   1   3   0  -1  -3  -3   2  -2  -3  -1   1   0  -3  -2  -3    6  10   0  16   0   0  26   4   0   0   0  18   0   0   0  20   0   0   0   0  0.34 0.05
   56 R    -1   5   1   2  -3   2   0  -2  -1  -3  -3   1  -2  -3  -2   0  -1  -3  -2  -3    0  56   9  16   0  10   0   0   0   0   0   0   0   0   0   8   0   0   0   0  0.54 0.08
   57 Y    -2  -2  -2  -3   3  -2  -3  -3  -1   0   1  -2   2   3  -3  -1   1   0   4  -1    0   0   0   0  10   0   0   0   0   0  18   0   9  20   0   0  16   0  26   0  0.33 0.06
   58 E    -1   0  -1   0  -3   0   3   4  -1  -4  -3   3  -2  -4  -2  -1  -1  -3  -3  -3    0   0   0   0   0   0  27  40   0   0   0  33   0   0   0   0   0   0   0   0  0.50 0.07
   59 K     1   1   0  -1  -2   1   1  -1  -1  -3  -2   4  -1  -3  -1   1   0  -3  -2  -2   11   1   0   1   0   4   8   1   0   1   1  52   0   0   1  18   1   0   0   1  0.33 0.06
   60 G     0  -1   3   2  -3   0   3   1   0  -3  -3   0  -2  -3  -1   0  -1  -3  -2  -2   11   1  30   7   0   0  34  10   0   1   1   1   0   0   1   1   1   0   0   1  0.36 0.05
   61 E    -1   1   0   2  -3   2   3   1  -1  -3  -3   3  -2  -3  -1   0  -1  -3  -2  -3    1   1   0  16   0   8  24  11   0   1   1  34   0   0   1   1   1   0   0   1  0.35 0.05
   62 V    -2  -3  -3  -4  -2  -3  -3  -4  -1   3   0  -3   0   1  -3  -2  -1   0   5   2    0   0   0   0   0   0   0   0   0  45   0   0   0   0   0   0   0   0  34  20  0.42 0.06
   63 P    -1  -3  -3  -2  -3  -2  -2  -3  -3  -3  -4  -2  -3  -4   8  -1  -2  -4  -4  -3    0   0   0   0   0   0   0   0   0   0   0   0   0   0 100   0   0   0   0   0  2.25 0.11
   64 I    -1  -3  -3  -3  -2  -3  -3  -3  -3   5   1  -3   1  -1  -3   0  -1  -3  -2   2    0   0   0   0   0   0   0   0   0  77   0   0   0   0   0  13   0   0   0  10  0.39 0.07
   65 L    -1  -2  -2  -2  -1  -1  -2  -2  -2   3   2  -2   2   0  -1  -1  -1  -1  -1   2    2   2   1   2   1   1   2   2   1  28  25   2   9   1   2   2   2   0   1  15  0.14 0.02
   66 N    -1  -1   6   1  -2   0   0  -1   0  -2  -2   0  -2  -2  -1   0   0  -2  -2  -2    2   2  72   2   1   1   2   2   1   2   3   2   1   1   2   2   2   0   1   2  0.53 0.05
   67 T     0  -1   0  -1  -1  -1  -1  -1  -1  -1  -1  -1  -1  -2  -1   1   5  -2  -1   0    2   2   1   2   1   1   2   2   1   2   3   2   1   1   2   2  72   0   1   2  0.37 0.05
   68 K    -1   3   1   0  -2   2   2  -1   0  -2  -2   2  -1  -2  -1   0  -1  -2  -1  -2    2  20  10   2   1  13  12   2   1   2   3  22   1   1   2   2   2   0   1   2  0.25 0.02
   69 E    -1   2  -1   1  -3   3   2  -2  -1  -3  -3   2  -2  -4   5  -1  -1  -3  -2  -3    0  13   0   6   0  21  14   0   0   0   0  16   0   0  30   0   0   0   0   0  0.62 0.05
   70 H    -1  -1   3   0  -3   0   3  -2   4  -3  -3   0  -2  -2  -2   1  -1  -2   2  -3    0   0  28   0   0   0  30   0  21   0   0   0   0   0   0  13   0   0   9   0  0.41 0.05
   71 P    -1   0  -1  -2  -3  -1  -1  -2  -2  -3  -3   2  -2  -4   6  -1   1  -4  -3  -2    0   0   0   0   0   0   0   0   0   0   0  30   0   0  58   0  13   0   0   0  1.10 0.07
   72 Y    -2  -2  -3  -4  -3  -2  -3  -4   1  -2  -2  -2  -2   3  -4  -2  -2   2   8  -2    0   0   0   0   0   0   0   0   0   0   0   0   0   0   0   0   0   0 100   0  1.23 0.09
   73 L    -2  -3  -4  -4  -2  -3  -3  -4  -3   1   5  -3   2   0  -3  -3  -2  -2  -1   1    0   0   0   0   0   0   0   0   0   0 100   0   0   0   0   0   0   0   0   0  0.60 0.06
   74 S    -1  -1   4   4  -3   0   2  -1   0  -3  -4   0  -3  -3  -2   1   0  -4  -3  -3    0   0  35  29   0   0  22   0   0   0   0   0   0   0   0  14   0   0   0   0  0.54 0.04
   75 N    -2   3   6   1  -3   0  -1  -1   0  -4  -4   0  -2  -3  -2   0  -1  -4  -2  -3    0  22  78   0   0   0   0   0   0   0   0   0   0   0   0   0   0   0   0   0  0.75 0.07
   76 I    -2  -3  -4  -4  -2  -3  -3  -4  -4   4   2  -3   1   0  -3  -3  -1  -3  -2   2    0   0   0   0   0   0   0   0   0  70  22   0   0   0   0   0   0   0   0   8  0.46 0.05
   77 I    -1  -2  -2  -2  -1  -2  -2  -3  -2   3   1   0   0  -1  -2   1   1  -3  -2   1    0   0   0   0   0   0   0   0   0  49  14   7   0   0   0  22   8   0   0   0  0.17 0.03
   78 N    -2   0   5   1  -3   1   2  -1   0  -4  -4   2  -2  -4  -2   0  -1  -4  -2  -3    0   0  59   0   0   0  22   0   0   0   0  19   0   0   0   0   0   0   0   0  0.58 0.05
   79 A     4  -2  -2  -2  -1  -1  -2  -1  -2  -2  -2  -1  -1  -2  -2   0   1   7  -1  -1   64   0   0   0   0   0   0   0   0   0   0   0   0   0   0   0  14  22   0   0  0.56 0.05
   80 A     4  -2  -2  -2   5  -2  -2  -1  -2  -2  -2  -1  -1  -3  -2   1  -1  -3  -2  -1   79   0   0   0  21   0   0   0   0   0   0   0   0   0   0   0   0   0   0   0  0.52 0.06
   81 K    -1   2  -1  -1  -3   1   0  -2  -1   1  -1   4  -1  -2  -2  -1   1  -3  -2   0    0   8   0   0   0   7   0   0   0  23   0  50   0   0   0   0  11   0   0   0  0.25 0.04
   82 I    -1   2  -2  -3  -2  -1  -2  -3  -2   4   1  -1   0  -1  -3  -1   1  -3  -2   2    0  22   0   0   0   0   0   0   0  64   0   0   0   0   0   0  14   0   0   0  0.26 0.05
   83 E    -1  -1  -1   1  -4   2   6  -3  -1  -4  -3   0  -3  -4  -2  -1  -1  -3  -3  -3    0   0   0   0   0   0 100   0   0   0   0   0   0   0   0   0   0   0   0   0  0.94 0.08
   84 N    -1   0   3   3  -3   0   0  -1  -1  -3  -3   2  -2  -3  -2   2   1  -4  -2  -2    0   0  22  22   0   0   0   0   0   0   0  27   0   0   0  21   8   0   0   0  0.36 0.03
   85 E     0  -1   0   2  -3   1   4   0  -1  -3  -3   0  -2  -3  -1   0   2  -3  -2  -2    8   0   0  14   0   0  49   7   0   0   0   0   0   0   0   0  22   0   0   0  0.40 0.04
   86 R    -2   6  -1  -2  -4   1   0  -3  -1  -4  -3   2  -2  -3  -3  -1  -2  -3  -2  -3    0  95   0   0   0   0   5   0   0   0   0   0   0   0   0   0   0   0   0   0  0.92 0.07
   87 I    -1  -2  -3  -3  -2  -2  -3  -3  -3   2   2  -2   3   2  -3  -1   1  -2   0   2    0   0   0   0   0   0   0   0   0  17  17   0  17  17   0   0  17   0   0  17  0.25 0.07
   88 I    -2  -4  -4  -4  -2  -3  -4  -4  -4   5   1  -3   1  -1  -3  -3  -1  -3  -2   3    0   0   0   0   0   0   0   0   0  85   0   0   0   0   0   0   0   0   0  15  0.63 0.09
   89 G     0  -2  -1  -2  -3  -2  -2   6  -2  -4  -4   1  -3  -4  -3  -1  -2  -3  -3  -4    0   0   0   0   0   0   0  85   0   0   0  15   0   0   0   0   0   0   0   0  1.02 0.09
   90 V    -1  -3  -4  -4  -1  -3  -3  -4  -4   3   3  -3   1  -1  -3  -2  -1  -3  -2   3    0   0   0   0   0   0   0   0   0  30  30   0   0   0   0   0   0   0   0  40  0.42 0.05
   91 L    -2  -3  -4  -4  -2  -3  -3  -4  -3   1   3  -3   1   5  -4  -3  -2  -1   1   1    0   0   0   0   0   0   0   0   0   0  42   0   0  44   0   0   0   0   0  15  0.50 0.06
   92 V    -1  -3  -4  -4  -1  -3  -3  -4  -4   4   1  -3   1  -1  -3  -2  -1  -3  -2   4    0   0   0   0   0   0   0   0   0  43   0   0   0   0   0   0   0   0   0  57  0.53 0.07
   93 D    -1  -2   3   5  -3  -1   0   1  -1  -4  -4  -1  -3  -4  -2   1  -1  -4  -3  -3    0   0  15  57   0   0   0  14   0   0   0   0   0   0   0  15   0   0   0   0  0.65 0.07
   94 G     0  -3  -1  -2  -3  -2  -3   6  -3  -5  -4  -2  -3  -4  -3  -1  -2  -3  -4  -4    0   0   0   0   0   0   0 100   0   0   0   0   0   0   0   0   0   0   0   0  1.33 0.10
   95 N    -1  -1   4   5  -3   0   2  -1  -1  -4  -4  -1  -3  -4  -2   1  -1  -4  -3  -3    0   0  26  45   0   0  14   0   0   0   0   0   0   0   0  15   0   0   0   0  0.64 0.06
   96 F    -2  -4  -4  -4  -3  -4  -4  -4  -2   2   0  -4   0   6  -4  -3  -2   0   2   2    0   0   0   0   0   0   0   0   0  16   0   0   0  68   0   0   0   0   0  16  0.76 0.12
   97 T     0  -2  -1  -2  -2  -1  -1  -2  -2  -2  -2  -1  -1   3  -2   3   4  -2  -1  -1    0   0   0   0   0   0   0   0   0   0   0   0   0  18   0  38  44   0   0   0  0.44 0.11
   98 Y     0  -1   0  -1  -2   0   1  -2  -1  -1  -2   0   1  -1   3   2   0  -2   2   0    6   0   3   0   0   0  16   0   0   0   0   5  10   0  15  25   0   0  12   7  0.23 0.06
   99 E    -1  -1   2   0  -3   0   2   3  -1  -3  -3   2  -2  -3  -2   0   1  -3  -3  -3    0   0  17   0   0   0  19  32   0   0   0  16   0   0   0   0  16   0   0   0  0.38 0.07
  100 Q    -2   0  -1  -1  -4   6   1  -3   4  -3  -3   2  -1  -3  -2  -1   1  -3  -1  -3    0   0   0   0   0  65   0   0  16   0   0  10   0   0   0   0   9   0   0   0  0.73 0.14
  101 K    -2   3  -1  -2  -4   0   0  -3  -1  -3  -3   5  -2  -2  -2  -1  -2  -2   3  -3    0  11   0   0   0   0   0   0   0   0   0  73   0   0   0   0   0   0  16   0  0.66 0.13
  102 K     0   2  -1   1  -3   0   2   0  -1  -2  -2   3  -2  -3  -2   0   0  -3  -2  -1    8  10   0   9   0   0  16   9   0   0   0  33   0   0   0   0   7   0   0   9  0.23 0.05
  103 E     2  -1   1  -1   3   0   2  -1  -1  -3  -3  -1  -2  -3  -2   3   0  -3  -2  -2   30   0  10   0   9   0  19   0   0   0   0   0   0   0   0  32   0   0   0   0  0.33 0.08
  104 F    -2  -3  -4  -4  -2  -3  -3  -4  -2   0   3  -3   4   5  -4  -3  -2  -1   1   0    0   0   0   0   0   0   0   0   0   0  34   0  22  43   0   0   0   0   0   0  0.59 0.11
  105 L     1  -2  -1   1  -2  -1   1   1   3  -1   0  -1  -1   0  -2   2  -1  -3  -1  -1   13   0   0   8   0   0   9  10  12   0  18   0   0   6   0  24   0   0   0   0  0.12 0.05
  106 S    -1   0   2   0  -3   1   3  -2  -1  -2  -3   3  -2  -3  -2   1  -1  -4  -2  -1    0   0  15   0   0   0  24   0   0   0   0  41   0   0   0  12   0   0   0   8  0.37 0.09
  107 L    -2  -1  -3  -4  -2  -2  -2  -4  -3   1   4   1   1  -1  -3  -3  -2  -3  -2   0    0   0   0   0   0   0   0   0   0   0  81  19   0   0   0   0   0   0   0   0  0.51 0.11
  108 E    -2   0  -1   0  -4   3   5  -3  -1   1  -2   1  -1  -3  -2  -1  -1  -3  -2  -1    0   0   0   0   0  14  56   0   0  19   0  11   0   0   0   0   0   0   0   0  0.51 0.10
  109 N     0   1   2  -1  -2   1   0  -1   0  -1  -2   1  -1  -1  -1   2   1  -2   1   0    1   7  14   1   0  11   1   1   0   1   1  10   0   0   1  20  14   0   8  10  0.16 0.04
  110 E    -1  -1   3   3  -3   2   3  -1   2  -3  -3   0  -2  -3  -2   0  -1  -3  -2  -3    1   1  26  25   0  10  23   1   8   1   1   1   0   0   1   1   1   0   0   1  0.45 0.05
  111 Y    -2   2  -2  -3  -3  -1  -2  -3   2  -2  -1  -1  -1   3  -3  -2  -2   1   6  -2    1  17   0   1   0   0   1   1   6   1   1   1   0  12   1   1   1   0  57   1  0.62 0.08
  112 Q    -1   2  -1   0  -3   2   4  -2  -1  -3  -2   0   1  -3   2   1  -1  -3  -2  -2    0  13   0   0   0  13  41   0   0   0   0   0  10   0   9  13   0   0   0   0  0.40 0.06
  113 N    -2  -1   7   1  -3  -1  -1  -1   0  -4  -4  -1  -3  -4  -3   0  -1  -5  -3  -4    0   0 100   0   0   0   0   0   0   0   0   0   0   0   0   0   0   0   0   0  1.14 0.14
  114 I    -2  -3  -4  -4  -2  -3  -4  -4  -4   4   2  -3   1   0  -3  -3  -1  -3  -2   3    0   0   0   0   0   0   0   0   0  66  23   0   0   0   0   0   0   0   0  12  0.50 0.07
  115 K    -1   1  -1  -1  -3   1   2  -2  -1  -2  -2   5   2  -3  -2  -1  -1  -3  -2  -2    0   0   0   0   0   0  16   0   0   0   0  72  12   0   0   0   0   0   0   0  0.54 0.09
  116 I    -2  -3  -4  -4  -2  -3  -3  -4  -3   4   2  -3   1   2  -3  -3  -1  -2  -1   3    0   0   0   0   0   0   0   0   0  54  16   0   0   9   0   0   0   0   0  20  0.42 0.06
  117 I    -2  -3  -4  -4  -2  -3  -4  -4  -4   5   2  -3   1   0  -3  -3  -1  -3  -2   2    0   0   0   0   0   0   0   0   0  89  11   0   0   0   0   0   0   0   0   0  0.58 0.08
  118 Y    -2  -2  -2   2  -3  -2  -2  -3   1  -2  -2  -2  -2   3  -3  -2  -2   1   7  -2    0   0   0  18   0   0   0   0   0   0   0   0   0  11   0   0   0   0  70   0  0.81 0.09
  119 R     1   3   2  -1  -3   0  -1  -2  -1  -2  -2   2  -1   2  -2   0  -1  -2   0  -2   20  34  16   0   0   0   0   0   0   0   0  11   0  18   0   0   0   0   0   0  0.25 0.04
  120 A     0  -1   4   2  -3   0   3  -1   0  -3  -3   0  -2  -3  -2   1   0  -4  -2  -2   11   0  32  11   0   0  30   0   0   0   0   0   0   0   0  16   0   0   0   0  0.42 0.05
  121 D    -2  -1   1   5  -4   3   3  -2  -1  -4  -4   0  -3  -4  -2  -1  -1  -4  -3  -3    0   0   0  61   0  20  18   0   0   0   0   0   0   0   0   0   0   0   0   0  0.77 0.07
  122 V    -1  -3  -4  -4  -1  -3  -3  -4  -3   2   4  -3   2   0  -3  -3  -1  -2  -1   2    0   0   0   0   0   0   0   0   0  16  66   0   4   0   0   0   0   0   0  15  0.44 0.05
  123 D    -2  -2   2   6  -4  -1   1  -2  -1  -4  -4  -1  -4  -4  -2  -1  -1  -5  -4  -4    0   0  11  89   0   0   0   0   0   0   0   0   0   0   0   0   0   0   0   0  1.06 0.10
  124 F    -2   1  -2  -3  -3  -1  -2  -3  -1  -1   1   1   0   5  -3  -2  -2   0   3  -1    0  12   0   0   0   0   0   0   0   0  19  14   0  42   0   0   0   0  13   0  0.35 0.05
  125 S     0   3   0  -1  -2   0   0  -1  -1  -3  -3   0  -2  -3  -2   4   0  -3  -2  -2    0  33   0   0   0   0   0   0   0   0   0   0   0   0   0  67   0   0   0   0  0.49 0.08
  126 M    -2  -2  -1   2  -3   0   2  -3  -2   0   0  -1   5   2  -3  -1  -1  -2  -1  -1    0   0   0  14   0   0  20   0   0   0   0   0  53  13   0   0   0   0   0   0  0.31 0.09
  127 Y    -2  -3  -3  -4  -3  -2  -3  -4   1  -1  -1  -3  -1   5  -4  -2  -2   2   7  -2    0   0   0   0   0   0   0   0   0   0   0   0   0  27   0   0   0   0  73   0  1.04 0.12
  128 D    -2   1   0   5   4   0   3  -2  -1  -3  -3   0  -3  -4  -2  -1  -1  -4  -3  -3    0  13   0  53  14   0  20   0   0   0   0   0   0   0   0   0   0   0   0   0  0.60 0.07
  129 K    -1   2  -1  -1  -2   2   0  -2  -1   1  -1   3   0  -2  -1  -1  -1  -2  -1   0    2   8   1   1   0  15   1   1   0  23   2  37   0   1   1   1   1   0   1   1  0.17 0.04
  130 K    -1   1   2   0  -3   1   0  -1  -1  -2  -2   5  -1  -3  -1   0  -1  -2  -2  -2    2   1  12   1   0   1   1   1   0   1   2  70   0   1   1   1   1   0   1   1  0.41 0.06
  131 L     1  -1  -2  -2  -1  -1  -1  -2  -1   1   2   0   1   0  -2  -1  -1  -1   2   1   14   1   1   1   0   1   1   1   0   1  34  11   0   1   1   1   1   0  12  15  0.08 0.02
  132 S     0  -1   0  -1  -1   1   0  -1  -1   1  -1  -1   0  -2  -1   2   1  -2  -1   1    2   1   1   1   0  12   1   1   0  14   2   1   0   1   1  36   8   0   1  15  0.12 0.03
  133 D    -1   0   0   4  -2   0   1  -1  -1  -2  -2   2  -2  -3  -1   0   0  -3  -2  -2    2   1   1  47   0   1   7   1   0   1   2  22   0   1   1   1   8   0   1   1  0.40 0.04
  134 I    -1  -2  -2  -2   6  -2  -2  -2   2   2   0  -2   0   2  -2  -1  -1  -1   0   1    2   1   1   1  27   1   1   1  10  33   2   1   0  12   1   1   1   0   1   1  0.25 0.04
  135 Y    -2  -3  -3  -4  -2  -3  -3  -4  -1   3   0  -3   0   4  -3  -3  -2   0   5   1    0   0   0   0   0   0   0   0   0  47   0   0   0  20   0   0   0   0  32   0  0.48 0.08
  136 L    -1   0  -1  -2  -2   0  -1  -2   2  -1   1   2   1  -1  -2   1   1   5  -1  -1    0   0   0   0   0   0   0   0   7   0  19  27   6   0   0  20  10  11   0   0  0.19 0.05
  137 E    -1   0   2   1  -3   2   3  -2  -1  -2  -2   2  -2   2  -2  -1  -1  -2   0  -2    0   0  14   7   0  10  25   0   0   0   0  24   0  20   0   0   0   0   0   0  0.28 0.05
  138 N    -1  -1   3  -1  -2  -1  -1  -2   4   1   0  -1  -1  -2  -2   0   2  -3  -1   0    0   0  25   0   0   0   0   0  20  18  10   0   0   0   0   0  27   0   0   0  0.22 0.06
  139 I    -2  -3  -4  -4  -2  -3  -4  -4  -4   5   2  -3   1   0  -3  -3  -1  -3  -2   2    0   0   0   0   0   0   0   0   0  78  22   0   0   0   0   0   0   0   0   0  0.57 0.09
  140 H     1  -1  -1  -1   3   3   1   1   2  -3  -2   0  -2  -3  -2   1   0  -3  -2  -2   18   0   0   0  11  22  11  13  10   0   0   0   0   0   0   9   6   0   0   0  0.24 0.04
  141 K     1   0  -1   1  -3   0   1  -2  -1  -3  -3   3  -2  -4   4   0  -1  -4  -3  -2   13   0   0  11   0   0  11   0   0   0   0  43   0   0  22   0   0   0   0   0  0.50 0.06
  142 Q    -1   0   2   3  -3   3   0   1  -1  -2  -1   1   0  -3  -2  -1  -1  -3  -2  -2    0   0  13  22   0  26   0  13   0   3   9  11   3   0   0   0   0   0   0   0  0.26 0.05
  143 E    -1   2  -1   0  -4   1   4  -2  -1  -4  -3   3  -2  -4  -2  -1  -1  -3  -2  -3    0  11   0   0   0   0  54   0   0   0   0  35   0   0   0   0   0   0   0   0  0.63 0.09
  144 S     1   1   2   0  -2   0   2  -1  -1  -2  -1   0  -1  -2  -2   2   0  -3  -2  -2   14  11  13   0   0   0  22   0   0   0  11   0   0   0   0  29   0   0   0   0  0.22 0.04
  145 Y    -2   1   1  -2  -3   2  -1  -3   0   1  -1  -1   1   0  -3  -1  -1   6   3  -1    0  11  14   0   0  14   0   0   0  20   0   0   7   0   0   0   0  13  21   0  0.31 0.07
  146 P    -1  -1   2   0  -3   0   2  -2   3  -3  -3  -1  -2  -3   5   0   1  -4  -2  -3    0   0  14   0   0   0  20   0  13   0   0   0   0   0  35   7  11   0   0   0  0.65 0.08
  147 A     1  -2   1  -1  -2  -1   2  -2  -2   1   1  -1   0  -2   2  -1  -1  -3  -2   0   21   0  10   0   0   0  21   0   0  14  20   0   0   0  13   0   0   0   0   0  0.17 0.05
  148 S     0  -1   1   2  -3   0   3  -2   3  -3  -3   0  -2  -3  -2   3   0  -3  -2  -3    0   0   7  11   0   0  30   0  14   0   0   0   0   0   0  38   0   0   0   0  0.44 0.08
  149 E    -1   1   2   1  -3   4   2  -2   0  -3  -3   3  -2  -4  -2   0  -1  -3  -2  -2    0   0  13   4   0  34  18   0   0   0   0  28   0   0   0   0   0   0   0   4  0.47 0.08
  150 R    -1   4  -1  -2   5   0   1   1  -1  -2  -2   0   2  -3  -3  -1  -1  -3  -2  -2    0  39   0   0  20   0  14  14   0   0   0   0  13   0   0   0   0   0   0   0  0.38 0.08
  151 D    -1  -2   1   6  -3   0   2  -2  -1  -4  -4  -1  -3  -4  -2   1  -1  -4  -3  -3    0   0   0  68   0   0  13   0   0   0   0   0   0   0   0  18   0   0   0   0  0.84 0.11
  152 N    -1   0   2   0  -2   1   3  -1   0   0  -1   2  -1  -1  -1   0  -1  -2   0  -1    2   1  14   1   0   1  28   2   1  14   2  20   1   1   1   2   1   0   6   2  0.16 0.03
  153 Y    -1  -1  -1   1  -2  -1  -1  -2   2  -1  -1  -1  -1   1  -2  -1  -1   1   6   0    2   1   1  14   0   1   2   2   6   1   2   1   1   1   1   2   1   0  50  10  0.39 0.06
  154 L    -1  -1  -1  -2  -1  -1  -1  -2  -2   0   3   1   1  -1  -1  -1   2  -2  -1   0    2   1   1   1   0   1   2   2   1   1  47  14   1   1   1   2  20   0   1   2  0.14 0.04
  155 L    -1  -2  -3  -3  -1  -2  -2  -3  -2   1   3  -2   4   0  -2  -2  -1  -2  -1   2    1   1   1   1   0   1   1   1   0   1  46   1  25   0   1   1   1   0   0  19  0.33 0.06
  156 G     1  -1   3   2  -2   0   0   2  -1  -3  -3  -1  -2  -3  -1   2   0  -3  -2  -2   14   1  19  13   0   6   1  22   0   1   1   1   0   0   1  19   1   0   0   1  0.28 0.04
  157 L    -1   2  -2  -2  -2  -1   0   0  -2   0   2  -1   2  -1  -3   0  -1  -2  -2  -1    0  18   0   0   0   0   8   9   0   0  40   0  12   0   0  13   0   0   0   0  0.15 0.05
  158 L    -2  -3  -2   1  -2  -2  -2  -4  -2   2   3  -3   1   0  -3  -2  -2  -1   3   1    0   0   0  13   0   0   0   0   0  12  52   0   0   0   0   0   0   0  18   5  0.30 0.07
  159 R    -2   2   1  -1  -3   0   1  -2  -1  -1   0   2  -1   3  -2  -1  -1  -1   2  -2    0  13  12   0   0   0  10   0   0   0  13  22   0  18   0   0   0   0  12   0  0.19 0.05
  160 E    -1   3   2   0  -3   1   2  -2  -1  -3  -3   3  -2  -3  -2   2   0  -3  -2  -3    0  18  13   0   0   0  13   0   0   0   0  32   0   0   0  24   0   0   0   0  0.39 0.07
  161 E    -1  -1   0   4  -4   1   4  -2  -1  -4  -4   0  -3  -4  -2   1  -1  -4  -3  -3    0   0   0  30   0   0  53   0   0   0   0   0   0   0   0  17   0   0   0   0  0.68 0.10
  162 L    -2  -3  -4  -4  -2  -3  -4  -4  -4   1   5  -3   2   0  -4  -3  -2  -2  -2   0    0   0   0   0   0   0   0   0   0   0 100   0   0   0   0   0   0   0   0   0  0.74 0.12
  163 K    -2   1   1   3  -3   0   1  -2   0  -2   0   1  -1  -1  -2   0  -1  -1   3  -2    0  10   8  24   0   0   9   0   0   0  13  13   0   0   0   5   0   0  18   0  0.21 0.05
  164 N    -1  -1   3   3  -3   0   2  -1  -1  -3  -4  -1  -3  -3  -2   3   0  -4  -3  -3    0   0  26  26   0   0  14   0   0   0   0   0   0   0   0  35   0   0   0   0  0.51 0.08
  165 I    -1  -3  -3  -3  -1  -2  -3  -3  -3   4   1  -2   1  -1  -2  -2  -1  -3  -1   4    1   1   1   1   0   1   1   1   0  47   1   1   0   1   1   1   1   0   0  42  0.38 0.07
  166 P     0  -1   2   0  -2   1   0  -1  -1  -3  -3  -1  -2  -3   5   2   0  -3  -2  -2    1   1  18   1   0   7   1   1   0   1   1   1   0   1  32  33   1   0   0   1  0.57 0.06
  167 E    -1   0   2   3  -4   1   4  -2  -1  -4  -3   2  -2  -4  -2   0  -1  -4  -3  -3    0   0  17  13   0   0  48   0   0   0   0  21   0   0   0   0   0   0   0   0  0.57 0.08
  168 G     1  -2  -1   0  -2  -1  -1   3  -2  -3  -3  -1  -3  -4   5   1  -1  -4  -3  -3   10   0   0   6   0   0   0  27   0   0   0   0   0   0  39  18   0   0   0   0  0.76 0.07
  169 K    -2   0   1   4  -4   2   2  -2  -1  -3  -3   3  -2  -4  -2   0  -1  -4  -3  -3    0   0   6  35   0  10  17   0   0   0   0  31   0   0   0   0   0   0   0   0  0.53 0.07
  170 D    -2   2   2   3  -3   0   2  -2  -1   1  -2   0  -1  -3  -2  -1  -1  -4  -2  -1    0  18  13  30   0   0  17   0   0  22   0   0   0   0   0   0   0   0   0   0  0.30 0.06
  171 S     0  -1  -1  -1  -2  -1   1  -2  -2  -1   1  -1  -1  -2  -2   2   3  -3  -2  -1    0   0   0   0   0   0  13   0   0   0  18   0   0   0   0  30  39   0   0   0  0.28 0.07
  172 L    -1  -2  -2  -3  -2  -2  -2  -3  -3   1   3  -2   1  -1  -3   1   1  -2  -2   0    0   0   0   0   0   0   0   0   0   7  62   0   0   0   0  18  13   0   0   0  0.29 0.07
  173 I    -2  -3  -4  -4  -2  -3  -4  -4  -3   3   2  -3   1   5  -4  -3  -2  -1   1   2    0   0   0   0   0   0   0   0   0  40  13   0   0  40   0   0   0   0   0   7  0.47 0.08
  174 E     0  -1   0   3  -2   0   1   2  -1  -2   0   0  -1  -3  -2   1   0  -3  -2  -2    0   0   0  22   0   0  14  18   0   0  13   6   0   0   0  20   7   0   0   0  0.22 0.04
  175 S     0   0   0  -1  -2   0   1  -1  -1  -2  -1   1   1  -1  -1   3   0  -2   1  -1    1   1   1   1   0   1  12   1   0   1   2  12  10   1   1  44   1   0   8   1  0.19 0.05
  176 Y    -1  -1  -1  -1  -2  -1   1  -2   4   0  -1  -1  -1   2  -2  -1  -1   0   5  -1    1   1   1   1   0   1  14   1  18  12   2   1   0  11   1   1   1   0  31   1  0.29 0.05
  177 A     2  -1   1   1  -1  -1  -1  -1  -1  -1   1  -1   0  -1  -1   1   1  -2  -2  -1   25   1  11   8   0   1   1   1   0   1  21   1   0   1   1  12  12   0   1   1  0.10 0.02
  178 E    -1   0  -1   0  -3   1   3   1  -1  -2  -1   3  -1  -2  -1   0  -1  -2  -2  -2    1   1   1   1   0   1  36  13   0   1   8  31   0   1   1   1   1   0   1   1  0.28 0.05
  179 K    -1   1   2   2  -2   0   0  -1  -1  -2  -2   3  -2  -2  -1   1   0  -2   0  -2    1   1  12  12   0   1   1   1   0   1   2  38   0   1   1  19   1   0   6   1  0.24 0.04
  180 R     0   3   0  -1  -2   0  -1   3  -1  -3  -2   1  -2  -3  -1   1  -1  -2  -2  -2    1  25   1   1   0   1   1  36   0   1   2  12   0   1   1  13   1   0   1   1  0.34 0.04
  181 E     0  -2   1  -1   4  -1   1   4  -1  -3  -3  -1  -2  -3  -2   0  -1  -2  -2  -2    1   1  11   1  14   1  15  47   0   1   2   1   0   1   1   1   1   0   1   1  0.41 0.05
  182 H    -2  -1   0  -1  -3   0  -1  -2   9  -3  -3  -1  -2  -2  -2  -1  -2  -2   1  -3    1   1   1   1   0   1   1   1  83   1   2   1   0   1   1   1   1   0   1   1  1.06 0.12
  183 T     1  -2  -2  -2  -1  -2  -2  -2  -2   1   1  -2   0  -1  -2   1   2  -3  -2   3   10   0   0   0   0   0   0   0   0   7  10   0   0   0   0  22  14   0   0  37  0.19 0.05
  184 W    -2   2  -2  -2   5   0   2  -3  -1  -3  -2  -1  -2   0  -3  -1  -2   7   3  -2    0  20   0   0  20   0  20   0   0   0   0   0   0   0   0   0   0  20  20   0  0.56 0.08
  185 F    -2  -3  -3  -4  -2  -3  -3  -4  -2   2   1  -3   3   6  -4  -3  -2   0   2   0    0   0   0   0   0   0   0   0   0  17   0   0  19  63   0   0   0   0   0   0  0.53 0.05
  186 D    -2  -2   1   7  -4  -1   1  -2  -1  -4  -4  -1  -4  -4  -2  -1  -1  -5  -4  -4    0   0   0 100   0   0   0   0   0   0   0   0   0   0   0   0   0   0   0   0  1.10 0.07
  187 F    -1  -2  -2  -2  -2   0  -2   1  -1   0   0  -2   0   5  -3   1  -1  -1   1  -1    0   0   0   0   0   8   0  14   0  12   0   0   0  48   0  17   0   0   0   0  0.23 0.03
  188 F     0  -2  -3  -3  -2  -2  -2  -3   0  -1   0  -2   2   4  -3  -1  -2   1   5  -1   14   0   0   0   0   0   0   0   0   0   0   0  17  24   0   0   0   0  45   0  0.46 0.05
  189 R    -2   6  -1  -2  -4   1   0  -3   3  -3  -3   2  -2  -3  -3  -1  -2  -3  -1  -3    0  88   0   0   0   0   0   0  12   0   0   0   0   0   0   0   0   0   0   0  0.79 0.06
  190 N    -2  -1   5   0  -2  -1  -1  -1   0   1  -1  -1  -1  -2  -3   0   0  -4  -2   1    0   0  68   0   0   0   0   0   0  17   0   0   0   0   0   0   0   0   0  14  0.42 0.05
  191 L    -2  -3  -3  -4  -2  -3  -3  -4  -2   1   3  -3   2   4  -3  -3  -2  -1   1   0    0   0   0   0   0   0   0   0   0   0  53   0  10  37   0   0   0   0   0   0  0.43 0.04
  192 A     3  -2  -2  -3  -1  -1  -2  -1  -2   0   2  -2   2   2  -2   0  -1  -2   0   0   46   0   0   0   0   0   0   0   0   0  25   0  17  12   0   0   0   0   0   0  0.19 0.03
  193 M    -1  -2  -3  -4  -2  -2  -3  -4  -3   2   3  -2   4   0  -3  -2  -1  -2  -1   1    0   0   0   0   0   0   0   0   0  11  53   0  36   0   0   0   0   0   0   0  0.41 0.05
  194 L    -2  -2  -3  -4  -2  -2  -3  -4  -3   1   4  -3   3   3  -3  -3  -1  -1   0   0    0   0   0   0   0   0   0   0   0   0  70   0  12  17   0   0   0   0   0   0  0.42 0.04
  195 K    -1   1   2   0  -2   1   0  -1  -1  -2  -1   4   1  -2  -1   0  -1  -2  -2  -2    1   1  18   1   0   1   1   1   0   1   1  55  13   1   1   1   1   0   1   1  0.25 0.03
  196 A     2  -2  -1  -1  -1  -1  -1   4  -2  -1  -2  -1  -1  -2  -1   0  -1  -2  -2   0   35   1   1   1   0   1   1  41   0   1   1   1   0   1   1   1   1   0   1  11  0.33 0.02
  197 G     0  -2   1  -1  -2  -1  -1   5  -1  -3  -3  -1  -2  -3  -2   1  -1  -2  -2  -2    1   1   8   1   0   1   1  64   0   1   1   1   0   1   1  14   1   0   1   1  0.58 0.03
  198 S     0  -1   2   2  -2   1   1   2  -1  -3  -2   0  -2  -2  -1   2   0  -2  -2  -2    1   1  13  13   0  11   8  19   0   1   1   1   0   1   1  25   1   0   1   1  0.25 0.01
  199 L     0  -2  -2  -2  -1  -2  -2  -2  -2   2   2  -2   1   0  -2  -1  -1  -2  -1   2   13   1   1   1   0   1   1   1   0  14  40   1   0   1   1   1   1   0   1  21  0.16 0.01
  200 F    -2  -2  -3  -3  -2  -3  -3  -3  -1   0   0  -3   0   7  -3  -2  -2   1   2  -1    1   1   1   1   0   1   1   1   0   1   2   1   0  84   1   1   1   0   1   1  0.73 0.08
  201 T     0   1  -2  -2  -1  -1  -1  -2  -2   0   1  -1   0  -1  -2  -1   1   6   0   0   10  16   1   1   0   1   1   1   0   1  28   1   0   1   1   1  15  14   1   6  0.19 0.03
  202 E     0   0   0   0   4   1   3  -1  -1  -2  -2   1  -1  -2  -1   1   0  -2  -2  -2    2   1   1   1  15   1  37   2   1   1   2  16   1   1   1  12   2   0   1   2  0.26 0.03
  203 T     1  -1  -1  -1  -1  -1   0  -1  -1  -1   0  -1   0  -1   2   0   2  -2  -1   0   17   1   1   1   0   1   8   2   1   1  17   1   1   1  11   2  30   0   1   2  0.16 0.02
  204 G     1  -1   0   1  -1  -1  -1   3   0  -2  -2  -1  -1   0  -1   0  -1  -1   2  -1   17   2   2  13   1   2   2  27   1   2   3   2   1   1   2   3   2   0  16   2  0.16 0.02
  205 K    -1   1   3   0  -2   0   0  -1   0  -2  -2   3  -1  -2  -1   0   0  -2  -1  -2    3   2  30   2   1   2   2   3   1   2   3  37   1   1   2   3   2   0   1   2  0.24 0.03
  206 T     0   0  -1  -1  -1  -1  -1  -2  -1   1   1  -1   0  -1   1   0   2  -2  -1   1    2   6   1   2   1   1   2   2   1   2  19   2   1   1   6   2  29   0   1  20  0.09 0.02
  207 G     0   1  -1  -1  -2   0  -1   3  -1  -1  -1   1  -1  -2  -1   0  -1  -2  -1   0    2  10   1   2   1   1   2  33   1   2   3  17   1   1   2   2   2   0   1  18  0.16 0.02
  208 C     0  -1   2  -1   6  -1  -1  -1  -1   0  -1  -1  -1  -2  -1   0   0  -2  -1   1   11   2  16   2  31   1   2   2   1   2   3   2   1   1   2   2   2   0   1  18  0.24 0.03
  209 H    -1   1   0  -1  -2   0  -1   1   6  -2  -2   0  -1  -1  -1  -1  -1  -1   3  -2    2  12   1   1   0   1   2  13  43   1   2   1   1   1   1   2   1   0  12   2  0.35 0.03
  210 N    -1  -1   4   3  -3   0   0   1   4  -3  -3  -1  -2  -2  -2   0  -1  -3  -1  -3    1   1  35  22   0   1   1  13  18   1   1   1   0   1   1   1   1   0   0   1  0.39 0.03
  211 I     0  -2  -2   1  -1  -2  -1  -2  -2   2   2  -2   1   0  -2  -1  -1  -2  -1   1   12   1   1  11   0   1   1   1   0  25  40   1   0   1   1   1   1   0   0   1  0.14 0.02
  212 S     1  -1   0   3  -2   2   0   1  -1  -3  -3   0  -2  -3  -1   2   0  -3  -2  -2   15   0   0  21   0  18   0  11   0   0   0   0   0   0   0  35   0   0   0   0  0.32 0.04
  213 S    -1  -2   1   1  -2  -1  -1  -2  -2  -1   0  -1  -1   1   4   1   1  -2  -1  -1    0   0  11  11   0   0   0   0   0   0  15   0   0  12  26  15  11   0   0   0  0.32 0.03
  214 C    -1  -1   1  -1   3  -1  -1   3   2  -1  -2   1  -2  -3   2  -1  -1  -3  -2  -1    0   0  11   0  13   0   0  29  11  11   0  15   0   0  11   0   0   0   0   0  0.25 0.03
  215 S     0  -1   0   0  -2   0   1   3  -1  -3  -3  -1  -2  -3  -2   4   0  -3  -2  -2    0   0   0   0   0   0  12  28   0   0   0   0   0   0   0  60   0   0   0   0  0.46 0.06
  216 G     1  -3  -1  -2  -3  -2  -2   5  -2  -4  -4  -2  -3  -4   3   0  -2  -3  -3  -3   11   0   0   0   0   0   0  74   0   0   0   0   0   0  15   0   0   0   0   0  0.89 0.06
  217 C    -1  -3  -3  -4   8  -3  -4  -3  -3   0   1  -3   4  -2  -3  -2  -1  -3  -2  -1    0   0   0   0  64   0   0   0   0   0  11   0  26   0   0   0   0   0   0   0  0.94 0.09
  218 I    -2  -4  -4  -4  -2  -3  -4  -4  -4   5   1  -3   1  -1  -3  -3  -1  -3  -2   2    0   0   0   0   0   0   0   0   0 100   0   0   0   0   0   0   0   0   0   0  0.63 0.08
  219 Y    -2  -2  -3  -4  -3  -2  -3  -4   1  -2  -2  -2  -2   3  -4  -2  -2   2   8  -2    0   0   0   0   0   0   0   0   0   0   0   0   0   0   0   0   0   0 100   0  1.27 0.11
  220 L    -2  -3  -4  -4  -2  -3  -3  -4  -3   1   4  -3   2   3  -3  -3  -2  -1   0   0    0   0   0   0   0   0   0   0   0   0  85   0   0  15   0   0   0   0   0   0  0.53 0.06
  221 D    -2  -2   1   7  -4  -1   1  -2  -2  -4  -4  -1  -4  -4  -2  -1  -2  -5  -4  -4    0   0   0 100   0   0   0   0   0   0   0   0   0   0   0   0   0   0   0   0  1.19 0.09
  222 A     2  -2  -3  -3   3  -2  -2  -2  -2   0   1  -2   2   2  -2   0  -1  -2   0   0   41   0   0   0  11   0   0   0   0   0  22   0  12  15   0   0   0   0   0   0  0.20 0.04
  223 D    -2  -2   1   7  -4  -1   1  -2  -2  -4  -4  -1  -4  -4  -2  -1  -2  -5  -4  -4    0   0   0 100   0   0   0   0   0   0   0   0   0   0   0   0   0   0   0   0  1.19 0.09
  224 M    -1  -2  -3  -4  -2  -1  -3  -3  -2   2   2  -2   7   0  -3  -2  -1  -2  -2   1    0   0   0   0   0   0   0   0   0  14   0   0  86   0   0   0   0   0   0   0  0.63 0.09
  225 I     0  -3  -3  -3  -1  -2  -3  -3  -3   3   2  -3   1   0  -3  -2  -1  -3  -2   2   14   0   0   0   0   0   0   0   0  44  28   0   0   0   0   0   0   0   0  14  0.29 0.03
  226 I    -2  -2  -3  -3  -2  -2  -3  -4  -3   4   2   0   1  -1  -3  -2  -1  -3  -2   2    0   0   0   0   0   0   0   0   0  64  22  14   0   0   0   0   0   0   0   0  0.31 0.04
  227 T    -1  -1   3   2  -2  -1  -1  -2  -1  -1   0  -1  -1  -2  -2   0   3  -3  -2  -1    0   0  26  14   0   0   0   0   0   0  14   0   0   0   0   0  47   0   0   0  0.31 0.04
  228 D    -1   0   0   3  -3   1   2   1  -1  -3  -3   3  -2  -3  -1   1  -1  -3  -3  -3    0   0   0  22   0   0  13  12   0   0   0  39   0   0   0  14   0   0   0   0  0.36 0.03
  229 K    -1   1  -1  -1  -3   1   0  -2  -1  -3  -3   5  -2  -4   4  -1  -1  -4  -3  -3    0   0   0   0   0   0   0   0   0   0   0  74   0   0  26   0   0   0   0   0  0.72 0.06
  230 L    -2  -3  -4  -4  -2  -3  -3  -4  -3   2   4  -3   2   0  -3  -3  -1  -2  -1   1    0   0   0   0   0   0   0   0   0  14  86   0   0   0   0   0   0   0   0   0  0.53 0.05
  231 G     0  -3  -1  -2  -3  -2  -3   6  -3  -4  -4  -2  -3  -4  -3  -1  -2  -3  -4  -4    0   0   0   0   0   0   0 100   0   0   0   0   0   0   0   0   0   0   0   0  1.22 0.07
  232 V     1  -1  -1   0  -2   0   3   1  -1   0  -2   0  -1  -3  -2   0   1  -3  -2   0   14   0   0   0   0   0  39  13   0   6   0   0   0   0   0   0  16   0   0  12  0.21 0.03
  233 L    -1  -3  -3  -4  -1  -3  -3  -4  -3   4   2  -3   2   0  -3  -2  -1  -3  -1   3    0   0   0   0   0   0   0   0   0  58  16   0  10   0   0   0   0   0   0  16  0.39 0.05
  234 Y    -1  -1  -1  -1  -2   1   1  -3   1  -1  -2  -1  -1   1  -2   1  -1   0   5   0    0   0   0   0   0   9  16   0   0   0   0   0   0   0   0  16   0   0  49  11  0.36 0.06
  235 A     1  -2  -2  -3  -1  -2  -2  -2  -3   1   3  -2   1  -1  -2   0   1  -2  -2   1   26   0   0   0   0   0   0   0   0  12  46   0   0   0   0   0  16   0   0   0  0.20 0.04
  236 P    -1   1  -2  -2  -3  -1  -2  -3  -2   0  -2  -1  -1  -3   6  -1  -1  -4  -3   2    0  14   0   0   0   0   0   0   0   0   0   0   0   0  57   0   0   0   0  29  0.99 0.08
  237 D    -2  -1   2   6  -4   2   1  -2  -1  -4  -4  -1  -3  -4  -2  -1  -1  -4  -3  -4    0   0   5  81   0  14   0   0   0   0   0   0   0   0   0   0   0   0   0   0  0.93 0.09
  238 G     0  -3  -1  -2  -3  -2  -3   6  -3  -4  -4  -2  -3  -4  -3  -1  -2  -3  -4  -4    0   0   0   0   0   0   0 100   0   0   0   0   0   0   0   0   0   0   0   0  1.26 0.10
  239 I    -2  -3  -4  -4  -2  -3  -4  -4  -3   5   1  -3   1   4  -4  -3  -1  -2   0   2    0   0   0   0   0   0   0   0   0  73   0   0   0  27   0   0   0   0   0   0  0.50 0.08
  240 A     3  -2  -1  -2  -1  -1  -1   2  -2  -1   0  -1  -1  -2  -2   2   0  -3  -2  -1   45   0   0   0   0   0   0  19   0   0  14   0   0   0   0  22   0   0   0   0  0.28 0.05
  241 V     0  -3  -3  -3   4  -2  -3  -3  -3   2   1  -3   2   1  -3  -2  -1  -2  -1   3    8   0   0   0  13   0   0   0   0  12   0   0   9  11   0   0   0   0   0  47  0.28 0.05
  242 H     0  -1  -1  -2  -3  -1  -1  -2   7  -2  -2  -2  -2   2  -3  -1  -2   0   5  -2   14   0   0   0   0   0   0   0  47   0   0   0   0  11   0   0   0   0  29   0  0.63 0.08
  243 V    -1  -2  -2  -2  -1  -1   1  -3  -2   2   0  -1   0   2  -2  -1  -1  -2   0   3    1   1   1   1   0   1  15   1   0  12   1   1   0  14   1   1   1   0   1  48  0.15 0.04
  244 D    -1  -1   2   4  -2   0   2  -1   0  -2  -2   0  -2  -2  -1   1   0  -2  -2  -2    2   1  15  32   1   1  14   2   1   1   3   2   1   1   2  16   2   0   1   2  0.31 0.02
  245 C    -1   4   0   2   3   0   0  -2  -1  -2  -2   1  -2  -3  -2   1  -1  -2  -2  -2    1  50   1  15  11   1   1   1   0   1   1   1   0   1   1  12   1   0   1   1  0.35 0.05
  246 N    -1   2   1   0  -2   1   2  -2  -1   0  -1   3  -1  -2  -1   0  -1  -2  -2  -1    1  10  12   1   0   1  14   1   0  13   1  40   0   1   1   1   1   0   1   1  0.22 0.03
  247 D    -2  -1   4   5  -4   0   2   0  -1  -4  -4  -1  -3  -4  -2   0  -1  -4  -3  -3    0   0  35  45   0   0  13   6   0   0   0   0   0   0   0   0   0   0   0   0  0.66 0.07
  248 E    -1  -1   2   1  -3   0   2   4  -1  -4  -4   1  -3  -4  -2   0  -1  -3  -3  -3    0   0  14   9   0   0  22  39   0   0   0  16   0   0   0   0   0   0   0   0  0.45 0.05
  249 I     0   2   2  -1  -2  -1  -1  -2   1   2  -1   0  -1  -2  -2   2   0  -3  -2   1    0  16  13   0   0   0   0   0   5  25   0   0   0   0   0  31   0   0   0  11  0.13 0.04
  250 K     1  -1  -1  -2  -2  -1  -1   1  -2  -1  -1   0   0  -2   4   0   1  -3  -2   1   12   0   0   0   0   0   0  16   0   0   0  11   6   0  25   0  13   0   0  17  0.32 0.03
  251 S     1  -1   4   0  -2  -1  -1  -1  -1  -1   0  -1  -1  -2  -2   3   0  -3  -2   0    8   0  34   0   0   0   0   0   0   0  13   0   0   0   0  38   0   0   0   8  0.26 0.05
  252 L    -1  -3  -3  -4  -1  -2  -3  -4  -3   4   2  -3   3   0  -3  -2  -1  -2  -1   2    0   0   0   0   0   0   0   0   0  44  21   0  21   0   0   0   0   0   0  14  0.37 0.04
  253 E    -1  -1  -1   1  -4   2   6  -3  -1  -4  -3   0  -3  -4  -2  -1  -1  -3  -3  -3    0   0   0   0   0   0 100   0   0   0   0   0   0   0   0   0   0   0   0   0  0.95 0.09
  254 N    -2  -1   7   1  -3   0  -1  -1   0  -4  -4  -1  -3  -4  -3   0   0  -4  -3  -4    0   0 100   0   0   0   0   0   0   0   0   0   0   0   0   0   0   0   0   0  1.02 0.10
  255 G     1  -2  -1  -1  -2  -2  -2   5  -2  -3  -3  -1  -3  -3  -2   2  -1  -3  -3  -3   13   0   0   0   0   0   0  67   0   0   0   0   0   0   0  21   0   0   0   0  0.72 0.05
  256 A     1  -3  -3  -3  -1  -3  -3  -3  -3   4   2  -2   1  -1  -3  -1  -1  -3  -2   2   22   0   0   0   0   0   0   0   0  64  14   0   0   0   0   0   0   0   0   0  0.31 0.05
  257 I    -2  -3  -4  -4  -2  -3  -4  -4  -3   5   1  -3   1   2  -3  -3  -1  -2  -1   2    0   0   0   0   0   0   0   0   0  86   0   0   0  14   0   0   0   0   0   0  0.51 0.07
  258 V     4  -2  -2  -2  -1  -1  -2  -1  -2   1  -1  -1  -1  -2  -1   0   0  -3  -2   1   78   0   0   0   0   0   0   0   0  11   0   0   0   0   0   0   0   0   0  11  0.36 0.06
  259 V    -1  -3  -3  -4  -1  -3  -3  -4  -4   2   0  -3   0  -1  -3  -2   0  -3  -2   5    0   0   0   0   0   0   0   0   0   0   0   0   0   0   0   0   0   0   0 100  0.55 0.08
  260 N    -1  -1   4   4  -3   0   0  -1  -1  -3  -4  -1  -3  -3  -2   2   0  -4  -3  -3    0   0  37  41   0   0   0   0   0   0   0   0   0   0   0  22   0   0   0   0  0.61 0.05
  261 R    -2   6  -1  -2  -4   2   0  -3   0  -3  -3   2  -2  -3  -2  -1  -1  -3  -2  -3    0  87   0   0   0  13   0   0   0   0   0   0   0   0   0   0   0   0   0   0  0.84 0.06
  262 S     1   0   2  -1  -2   0  -1  -1  -1  -3  -3   0  -2  -3   4   3   0  -3  -2  -2    8   5  16   0   0   0   0   0   0   0   0   0   0   0  23  49   0   0   0   0  0.49 0.04
  263 N    -2   3   4   0  -3   1   2  -2   3  -4  -3   1  -2  -3  -2   0  -1  -3  -1  -3    0  31  39   0   0   0  17   0  13   0   0   0   0   0   0   0   0   0   0   0  0.48 0.04
  264 H    -2  -1   0  -2  -4   0  -1  -3   9  -4  -3  -1  -2  -2  -3  -1  -2  -3   1  -4    0   0   0   0   0   0   0   0 100   0   0   0   0   0   0   0   0   0   0   0  1.28 0.09
  265 P    -1  -3  -3  -2  -3  -2  -2  -3  -3  -3  -3  -1  -3  -4   8  -1  -2  -4  -3  -3    0   0   0   0   0   0   0   0   0   0   0   0   0   0 100   0   0   0   0   0  2.20 0.07
  266 A     3  -2  -2  -3  -1  -2  -2  -1  -3   1   0  -2   0  -2  -2   0   0  -3  -2   3   56   0   0   0   0   0   0   0   0   0   0   0   0   0   0   0   0   0   0  44  0.29 0.04
  267 L    -2  -3  -4  -4  -2  -3  -3  -4  -3   1   5  -3   2   0  -3  -3  -2  -2  -1   1    0   0   0   0   0   0   0   0   0   0 100   0   0   0   0   0   0   0   0   0  0.58 0.05
  268 L    -1  -1  -2  -2  -2  -1   0  -3  -2   1   3   1   3   0  -3  -2  -1  -2  -1   0    0   0   0   0   0   0   8   0   0   7  55  14  15   0   0   0   0   0   0   0  0.23 0.03
  269 A     3   1  -1  -1  -2   1   2  -1  -1  -2  -2   3  -1  -3  -1   0  -1  -3  -2  -1   44   0   0   0   0   0  15   0   0   0   0  41   0   0   0   0   0   0   0   0  0.32 0.03
  270 G     0  -2  -1  -2  -3  -2  -2   6  -2  -3  -4  -2  -3  -3  -2   0   1  -3  -3  -3    0   0   0   0   0   0   0  85   0   0   0   0   0   0   0   0  15   0   0   0  0.91 0.05
  271 L    -2  -2  -4  -4  -2  -2  -3  -4  -3   2   4  -3   3   0  -3  -3  -1  -2  -1   1    0   0   0   0   0   0   0   0   0   0  84   0   8   0   0   0   0   0   0   8  0.48 0.04
  272 D    -1  -1   0   4  -3   1   3  -2  -1  -3  -3   1  -3  -4  -1   1  -1  -4  -3  -3    0   0   0  43   0   0  36   0   0   0   0   6   0   0   0  15   0   0   0   0  0.58 0.03
  273 I    -1  -3  -3  -2  -2  -2   1  -4  -2   4   1  -2   0   2  -3  -2  -1  -2   0   2    0   0   0   0   0   0  15   0   0  58   0   0   0  15   0   0   0   0   0  12  0.24 0.03
  274 M    -1  -2  -3  -4  -2  -1  -3  -3  -2   1   2  -2   7   0  -3  -2  -1  -2  -1   0    0   0   0   0   0   0   0   0   0   0   0   0 100   0   0   0   0   0   0   0  0.70 0.08
  275 K    -2   0   0  -1  -3   1   2  -2   6  -3  -3   2  -2  -1  -2  -1  -2  -2   3  -3    0   0   0   0   0   0  16   0  45   0   0  27   0   0   0   0   0   0  12   0  0.51 0.04
  276 S     0   2   2   0  -2   0  -1  -1  -1  -2  -2   0  -2  -3  -1   3   3  -3  -2  -2    0  15  16   0   0   0   0   0   0   0   0   0   0   0   0  40  28   0   0   0  0.34 0.03
  277 K    -1   3  -1  -1  -4   1   0  -2  -1  -3  -3   5  -2  -4  -2  -1  -1  -3  -2  -3    0  13   0   0   0   0   0   0   0   0   0  87   0   0   0   0   0   0   0   0  0.66 0.06
  278 V    -1  -2  -2  -2  -2  -2  -2  -2  -2   0  -1  -2  -1   3   3   1   1  -2   0   2    0   0   0   0   0   0   0   0   0   0   0   0   0  26  20  15  10   0   0  29  0.28 0.03
  279 D    -2  -1   0   5  -4   0   1  -2  -1  -3  -3   1  -3  -1  -2  -1  -1  -2   3  -3    0   0   0  67   0   0   0   0   0   0   0  13   0   0   0   0   0   0  20   0  0.64 0.06
  280 A     3  -2  -2  -2  -2  -1  -2   3  -1  -2  -2  -1  -2  -2   3   0  -1  -2   1  -1   48   0   0   0   0   0   0  26   0   0   0   0   0   0  15   0   0   0  10   0  0.40 0.04
  281 H    -2  -1   0   4  -3   0   0  -2   7  -2  -2  -1  -2  -2  -2  -1  -2  -3   0   0    0   0   0  33   0   0   0   0  52   0   0   0   0   0   0   0   0   0   0  15  0.57 0.06
  282 P    -1  -3  -3  -2  -3  -2  -2  -3  -3  -3  -3  -1  -3  -4   8  -1  -2  -4  -4  -3    0   0   0   0   0   0   0   0   0   0   0   0   0   0 100   0   0   0   0   0  2.22 0.09
  283 Y    -2  -2  -3  -4  -3  -2  -3  -4   1   1  -1  -2  -1   2  -3  -2  -2   2   7  -1    0   0   0   0   0   0   0   0   0  15   0   0   0   0   0   0   0   0  85   0  0.91 0.08
  284 Y    -1  -2   0  -2  -2  -1  -2  -3   0   1   0  -2   2   1  -3   0  -1   0   5   1    0   0   8   0   0   0   0   0   0   6   0   0  15   0   0  13   0   0  37  20  0.24 0.04
  285 D    -2  -2   0   6  -3  -1   1  -2  -2  -2  -2  -1   2   2  -2  -1  -1  -3  -1  -2    0   0   0  70   0   0   0   0   0   0   0   0  15  15   0   0   0   0   0   0  0.59 0.06
  286 G     0  -3  -1  -2  -3  -2  -3   5  -3  -2  -3  -2  -2  -2  -3  -1  -2   4  -2   0    0   0   0   0   0   0   0  77   0   0   0   0   0   0   0   0   0   8   0  15  0.79 0.05
  287 L    -2  -3  -3  -4  -2  -2  -3  -4  -2   2   2  -3   1   1  -3  -2  -1   6   3   2    0   0   0   0   0   0   0   0   0  23  28   0   0   0   0   0   0  15  15  19  0.40 0.03
  288 G     0   1  -1  -2   6  -1  -2   3  -2  -2  -2  -1  -2  -3  -2   0   1  -3  -3  -2    0  15   0   0  32   0   0  34   0   0   0   0   0   0   0   8  10   0   0   0  0.46 0.04
  289 K     0   0   3   0  -3   0   0   3  -1  -3  -3   3  -2  -3  -2   0  -1  -3  -2  -3   10   0  28   0   0   0   0  24   0   0   0  37   0   0   0   0   0   0   0   0  0.37 0.04
  290 G     2  -2  -1  -1  -2  -1   1   5  -2  -3  -3  -1  -2  -3  -2   0  -1  -3  -3  -2   25   0   0   0   0   0  15  60   0   0   0   0   0   0   0   0   0   0   0   0  0.61 0.04
  291 I    -1  -3  -4  -4  -1  -3  -3  -4  -3   3   3  -3   1   0  -3  -2  -1  -2  -1   3    0   0   0   0   0   0   0   0   0  23  47   0   0   0   0   0   0   0   0  30  0.38 0.03
  292 K    -2   5   0  -2  -4   1   0  -2   3  -3  -3   3  -2  -3  -2  -1  -1  -3  -1  -3    0  64   0   0   0   0   0   0  15   0   0  21   0   0   0   0   0   0   0   0  0.66 0.05
  293 R    -2   2   3   2  -4   2   0  -2   4  -3  -3   2  -2  -3  -2  -1  -1  -3  -1  -3    0  17  17  17   0  17   0   0  17   0   0  17   0   0   0   0   0   0   0   0  0.43 0.08
  294 H    -2  -1  -1  -3  -3  -1  -1  -3   7  -3  -2  -2  -2   1  -3  -2  -2   0   6  -3    0   0   0   0   0   0   0   0  50   0   0   0   0   0   0   0   0   0  50   0  0.96 0.09
  295 F    -3  -3  -3  -4  -3  -3  -4  -4  -1  -1   0  -3  -1   7  -4  -3  -3   1   4  -1    0   0   0   0   0   0   0   0   0   0   0   0   0  82   0   0   0   0  18   0  0.97 0.08
  296 N    -1  -1   5   3  -3   0   0  -1   0  -4  -4  -1  -3  -3  -2   2   0  -4  -3  -3    0   0  63  18   0   0   0   0   0   0   0   0   0   0   0  18   0   0   0   0  0.67 0.06
  297 Y    -1  -1  -2  -3   5  -1  -2  -1   0  -2  -2   1  -1   3  -3  -1  -2   0   5  -2    0   0   0   0  23   0   0   6   0   0   0  18   0  12   0   0   0   0  40   0  0.46 0.05
  298 S     0  -1   2  -1  -2  -1  -1  -1  -1   1  -1  -1  -1  -2  -2   3   2  -3  -2   0    0   0  18   0   0   0   0   0   0  18   0   0   0   0   0  40  23   0   0   0  0.27 0.04
  299 S    -1  -1   2  -1  -2   1  -1   1  -1   0   1  -1   0  -2   1   1   0  -3  -2  -1    0   0  18   0   0  10   0  11   0  12  19   0   0   0   6  18   5   0   0   0  0.11 0.02
  300 L    -1   0   1  -1  -2  -1   1  -3  -2   2   2  -1   1  -1  -2  -1   0  -3  -2   0    0   6  13   0   0   0  18   0   0  18  38   0   0   0   0   0   6   0   0   0  0.13 0.03
  301 H    -2   2   0  -1  -4   1   1  -3   7  -3  -3   0  -2  -1  -2  -1  -2  -2   3  -3    0  18   0   0   0   6  13   0  51   0   0   0   0   0   0   0   0   0  11   0  0.63 0.06
  302 D    -1  -2   3   4  -3  -1   0   4  -1  -4  -4  -1  -3  -4  -2   0  -1  -4  -3  -4    0   0  27  36   0   0   0  37   0   0   0   0   0   0   0   0   0   0   0   0  0.63 0.05
  303 Y    -2  -1  -2  -3  -3   1  -1  -3   1  -2  -2   2  -1   2  -3  -2  -2   1   7  -2    0   0   0   0   0  11   0   0   0   0   0  18   0   0   0   0   0   0  70   0  0.73 0.08
  304 N     0  -1   4   0  -3   0   1   4   2  -4  -3  -1  -2  -3  -2   0  -1  -3  -2  -3   11   0  34   0   0   0  12  37   6   0   0   0   0   0   0   0   0   0   0   0  0.46 0.04
  305 A     1   0   0   2  -3   1   3  -1   3  -3  -3   2  -2  -3  -1   1  -1  -3  -2  -2   15   0   0  18   0   0  23   0  12   0   0  18   0   0   0  13   0   0   0   0  0.32 0.03
  306 F    -2  -2  -2  -3  -2  -2  -2  -3  -1   0   2  -2   0   6  -3  -2  -2   0   2  -1    1   1   1   1   0   1   1   1   0   1  20   1   0  64   1   1   1   0   1   1  0.48 0.04
  307 C     1  -4  -3  -4   9  -3  -4  -2  -3  -2  -2  -3  -2  -3  -3  -1  -1  -3  -3  -1   18   0   0   0  82   0   0   0   0   0   0   0   0   0   0   0   0   0   0   0  1.31 0.09
  308 D    -2   0   2   4  -4   3   3  -2   0  -4  -3   0  -2  -4  -2   0  -1  -4  -3  -3    0   0  12  40   0  30  18   0   0   0   0   0   0   0   0   0   0   0   0   0  0.61 0.05
  309 F    -3  -3  -4  -4  -3  -4  -4  -4  -2   0   2  -4   0   7  -4  -3  -2   0   2  -1    0   0   0   0   0   0   0   0   0   0  18   0   0  82   0   0   0   0   0   0  0.83 0.07
  310 I    -2  -4  -4  -4  -2  -3  -4  -4  -4   6   1  -3   1  -1  -3  -3  -1  -3  -2   2    0   0   0   0   0   0   0   0   0 100   0   0   0   0   0   0   0   0   0   0  0.65 0.08
  311 E     1   0  -1   0  -3   1   4  -2  -1  -3  -3   3  -2  -3  -1   0  -1  -3  -2  -2   18   0   0   0   0   0  52   0   0   0   0  30   0   0   0   0   0   0   0   0  0.48 0.05
  312 F    -3  -3  -4  -4  -3  -4  -4  -4  -2  -1   0  -4   0   7  -4  -3  -3   0   3  -1    0   0   0   0   0   0   0   0   0   0   0   0   0 100   0   0   0   0   0   0  1.11 0.09
  313 K    -1   0   0  -1  -3   0   0  -2  -2  -3  -3   4  -2  -4   6  -1  -1  -4  -3  -3    0   0   6   0   0   0   0   0   0   0   0  45   0   0  48   0   0   0   0   0  0.97 0.06
  314 H     1  -1   0   1  -2  -1  -1  -2   7  -1  -2  -1  -1  -2  -2  -1  -1  -3   0   1   18   0   0  11   0   0   0   0  52   0   0   0   0   0   0   0   0   0   0  18  0.44 0.06
  315 E     1  -1   0   5  -3   0   3  -1  -1  -3  -3   0  -3  -4   1   0  -1  -4  -3  -3   18   0   0  49   0   0  21   0   0   0   0   5   0   0   6   0   0   0   0   0  0.53 0.04
  316 N    -1  -1   5   0   5  -1  -1  -1   2  -3  -3  -1  -2  -3  -2   1   0  -4  -2  -3    0   0  64   0  18   0   0   0   6   0   0   0   0   0   0  11   0   0   0   0  0.62 0.06
  317 I    -2  -3  -4  -4  -2  -3  -3  -4  -3   4   2  -3   2   2  -3  -3  -1  -2  -1   2    0   0   0   0   0   0   0   0   0  61  18   0  10  11   0   0   0   0   0   0  0.40 0.05
  318 I    -1  -2  -1   2  -2  -2  -1  -2  -2   3   1  -2   0   2  -2   1  -1  -2  -1   1    0   0   0  18   0   0   0   0   0  40   9   0   0  12   0  21   0   0   0   0  0.14 0.03
  319 P    -1  -2  -2  -3  -2  -1  -2  -3  -2  -1   0  -2   5  -2   6  -1   1  -3  -2  -1    0   0   0   0   0   0   0   0   0   0   0   0  43   0  46   0  11   0   0   0  0.85 0.07
  320 N    -2  -1   6   4  -3   0   0  -1   0  -4  -4  -1  -3  -4  -2   0  -1  -4  -3  -4    0   0  70  30   0   0   0   0   0   0   0   0   0   0   0   0   0   0   0   0  0.84 0.07
  321 T    -1  -1   0  -1  -2   2  -1  -2  -2  -1  -2  -1  -1  -3  -2   1   5  -3  -2  -1    0   0   0   0   0  18   0   0   0   0   0   0   0   0   0   0  82   0   0   0  0.57 0.08
  322 S     1  -1   0  -1  -1  -1  -1  -1  -1  -3  -3  -1  -2  -3  -1   5   1  -3  -2  -2    0   0   0   0   0   0   0   0   0   0   0   0   0   0   0 100   0   0   0   0  0.67 0.09
  323 M    -1   0  -1  -1   2   3   2  -2  -1   0  -1   1   1  -2  -2   1   1  -3  -2  -1    0   0   0   0   6  25  18   0   0   9   0  11   9   0   0  12  10   0   0   0  0.21 0.03
  324 Y    -2   1  -2  -2  -3   1  -1  -3   0  -1   2   1   0   2  -3  -2  -1   0   3  -1    0  10   0   0   0   9   0   0   0   0  29  18   0  13   0   0   0   0  21   0  0.21 0.03
  325 T     0  -1   3  -1  -2  -1  -1  -2  -1  -2  -2  -1  -1  -3  -2   2   5  -3  -2  -1    0   0  18   0   0   0   0   0   0   0   0   0   0   0   0  11  70   0   0   0  0.51 0.06
  326 S     2  -1  -1  -1   2   3   0   0  -1   0  -1   0  -1  -2  -2   2   0  -3  -2  -1   34   0   0   0   6  24   0   5   0  12   0   0   0   0   0  19   0   0   0   0  0.20 0.03
  327 S     1  -1   0  -1  -1  -1  -1  -1  -1  -3  -3  -1  -2  -3  -1   5   1  -3  -2  -2    0   0   0   0   0   0   0   0   0   0   0   0   0   0   0 100   0   0   0   0  0.67 0.09
  328 S     1  -1   0  -1  -1  -1  -1  -1  -1  -2  -3  -1  -2  -3  -1   5   3  -3  -2  -2    0   0   0   0   0   0   0   0   0   0   0   0   0   0   0  82  18   0   0   0  0.56 0.07
  329 W    -3  -4  -5  -5  -3  -3  -4  -3  -3  -3  -2  -4  -2   0  -5  -4  -3  12   2  -4    0   0   0   0   0   0   0   0   0   0   0   0   0   0   0   0   0 100   0   0  2.93 0.14

                      K         Lambda
Standard Ungapped    0.1357     0.3171
Standard Gapped      0.0413     0.2670
PSI Ungapped         0.1350     0.3175
PSI Gapped           0.0413     0.2670
