
Last position-specific scoring matrix computed, weighted observed percentages rounded down, information per position, and relative weight of gapless real matches to pseudocounts
            A   R   N   D   C   Q   E   G   H   I   L   K   M   F   P   S   T   W   Y   V   A   R   N   D   C   Q   E   G   H   I   L   K   M   F   P   S   T   W   Y   V
    1 M    -1  -1  -2  -3  -1   0  -2  -3  -2   1   2  -1   6   0  -3  -2  -1  -1  -1   1    0   0   0   0   0   0   0   0   0   0   0   0 100   0   0   0   0   0   0   0  0.34 0.00
    2 T     0  -1   0  -1  -1  -1  -1  -2  -2  -1  -1  -1  -1  -2  -1   1   5  -3  -2   0    0   0   0   0   0   0   0   0   0   0   0   0   0   0   0   0 100   0   0   0  0.47 0.00
    3 Y    -2  -2  -2  -3  -3  -1  -2  -3   2  -1  -1  -2  -1   3  -3  -2  -2   2   7  -1    0   0   0   0   0   0   0   0   0   0   0   0   0   0   0   0   0   0 100   0  0.85 0.00
    4 S     1  -1   1   0  -1   0   0   0  -1  -2  -3   0  -2  -3  -1   4   1  -3  -2  -2    0   0   0   0   0   0   0   0   0   0   0   0   0   0   0 100   0   0   0   0  0.47 0.01
    5 I    -1  -1  -2   0  -2   0   3  -3  -2   2   0  -1   0  -1  -2  -1  -1  -3  -2   2    0   0   0   0   0   0  40   0   0  30   0   0   0   0   0   0   0   0   0  30  0.20 0.00
    6 S     3  -1   0  -1  -1   0   0   0  -1  -2  -2   0  -1  -2  -1   3   1  -3  -2  -1   40   0   0   0   0   0   0   0   0   0   0   0   0   0   0  60   0   0   0   0  0.37 0.01
    7 D     0  -1   1   5  -2   0   1  -1  -1  -3  -3  -1  -2  -3  -1   2   0  -4  -3  -3    0   0   0  60   0   0   0   0   0   0   0   0   0   0   0  40   0   0   0   0  0.56 0.01
    8 I     0  -2  -2  -2  -1  -2  -2  -3  -3   3   1  -2   0  -1  -2  -1   2  -3  -1   3    0   0   0   0   0   0   0   0   0  30   0   0   0   0   0   0  30   0   0  40  0.24 0.00
    9 A     2  -1   0  -1  -1   0   0   0  -1  -2  -2   0  -1  -2  -1   4   1  -3  -2  -1   30   0   0   0   0   0   0   0   0   0   0   0   0   0   0  70   0   0   0   0  0.38 0.01
   10 H     1  -1   1  -1  -1   0   0  -1   5  -3  -3   0  -2  -2  -1   3   1  -3   0  -2    0   0   0   0   0   0   0   0  30   0   0   0   0   0   0  70   0   0   0   0  0.40 0.01
   11 K    -1   1  -1  -1  -3   0   0  -2  -1  -3  -3   4  -2  -3   5   0  -1  -3  -2  -2    0   0   0   0   0   0   0   0   0   0   0  60   0   0  40   0   0   0   0   0  0.78 0.01
   12 S     1  -1   1   0  -1   0   0   0  -1  -2  -3   0  -2  -3  -1   4   1  -3  -2  -2    0   0   0   0   0   0   0   0   0   0   0   0   0   0   0 100   0   0   0   0  0.47 0.01
   13 D    -1  -2   0   3  -2  -1   0  -2  -2  -2  -3  -1  -2  -3   5   0   2  -4  -3  -2    0   0   0  30   0   0   0   0   0   0   0   0   0   0  40   0  30   0   0   0  0.74 0.01
   14 I     3  -2  -2  -2  -1  -1  -1  -1  -2   2   0  -1   0  -2  -1   0   0  -3  -2   1   70   0   0   0   0   0   0   0   0  30   0   0   0   0   0   0   0   0   0   0  0.23 0.01
   15 S     2  -1  -1  -1  -1  -1  -1  -1  -2  -2  -2  -1  -2  -3   4   2   0  -3  -2  -1   40   0   0   0   0   0   0   0   0   0   0   0   0   0  30  30   0   0   0   0  0.56 0.01
   16 N    -1  -1   3  -1   6  -1  -1  -1  -1  -2  -2  -1  -1  -3  -2   1   3  -3  -2  -1    0   0  30   0  30   0   0   0   0   0   0   0   0   0   0   0  40   0   0   0  0.40 0.01
   17 P    -1  -2  -2  -2  -3  -1  -1  -2  -2  -3  -3  -1  -3  -4   8  -1  -1  -4  -3  -3    0   0   0   0   0   0   0   0   0   0   0   0   0   0 100   0   0   0   0   0  2.06 0.02
   18 T    -1  -2   0   4  -2  -1   0  -2  -2  -2  -3  -1  -2  -3   4   0   2  -4  -3  -2    0   0   0  40   0   0   0   0   0   0   0   0   0   0  30   0  30   0   0   0  0.63 0.01
   19 S     3  -1   0  -1  -1   0   0   0  -1  -2  -2   0  -1  -2  -1   3   1  -3  -2  -1   40   0   0   0   0   0   0   0   0   0   0   0   0   0   0  60   0   0   0   0  0.37 0.01
   20 P    -1  -2  -2  -2  -3  -1  -1  -2  -2  -3  -3  -1  -3  -4   8  -1  -1  -4  -3  -3    0   0   0   0   0   0   0   0   0   0   0   0   0   0 100   0   0   0   0   0  2.10 0.04
   21 A     4  -1  -1  -2  -1  -1  -1   0  -2  -1  -2  -1  -1  -2  -1   1   2  -3  -2   0   71   0   0   0   0   0   0   0   0   0   0   0   0   0   0   0  29   0   0   0  0.35 0.02
   22 P     0  -2  -1  -1  -2  -1  -1  -1  -2  -2  -2  -1  -2  -3   5   2   2  -3  -2  -1    0   0   0   0   0   0   0   0   0   0   0   0   0   0  42  29  29   0   0   0  0.76 0.02
   23 S     2  -1   0  -1  -1   2   0   0  -1  -2  -2   0  -1  -3  -1   3   1  -3  -2  -1   29   0   0   0   0  22   0   0   0   0   0   0   0   0   0  49   0   0   0   0  0.33 0.02
   24 R    -1   2  -1  -1  -3   0   0  -2  -1  -3  -3   2  -2  -4   6  -1  -1  -4  -3  -3    0  20   0   0   0   0   0   0   0   0   0  22   0   0  58   0   0   0   0   0  1.08 0.02
   25 K     0   0  -1  -1  -2   0   0  -2  -1   1  -1   3   0  -2  -1   2   0  -3  -2   0    0   0   0   0   0   0   0   0   0  29   0  42   0   0   0  29   0   0   0   0  0.15 0.01
   26 R     0   2   0  -1  -2   0   0  -1  -1  -2  -2   2  -1  -3  -1   2   2  -3  -2  -1    0  20   0   0   0   0   0   0   0   0   0  22   0   0   0  29  29   0   0   0  0.30 0.01
   27 G     2  -1  -1  -1  -2   3   0   4  -1  -3  -3   0  -1  -3  -2   0  -1  -2  -2  -2   29   0   0   0   0  29   0  42   0   0   0   0   0   0   0   0   0   0   0   0  0.42 0.02
   28 S     0  -1   0  -1  -1  -1  -1  -1  -1  -1  -2  -1  -1  -2  -1   3   4  -3  -2  -1    0   0   0   0   0   0   0   0   0   0   0   0   0   0   0  42  58   0   0   0  0.42 0.02
   29 F    -2  -3  -3  -3  -2  -3  -3  -3  -2   2   0  -3   0   5   3  -2  -2  -1   1   0    0   0   0   0   0   0   0   0   0  29   0   0   0  49  22   0   0   0   0   0  0.46 0.02
   30 P     0  -2  -1  -1  -2  -1  -1  -2  -2  -3  -3  -1  -2  -4   7   1   0  -4  -3  -2    0   0   0   0   0   0   0   0   0   0   0   0   0   0  78  22   0   0   0   0  1.52 0.03
   31 P    -1  -2  -2  -2  -2  -1  -2  -2  -2   0   1  -1   0  -2   5   0   2  -3  -2  -1    0   0   0   0   0   0   0   0   0   0  29   0   0   0  42   0  29   0   0   0  0.64 0.02
   32 Q    -1  -1  -1  -1  -1   2   0  -2  -1   0   1  -1   0  -2  -2   1   4  -2  -2   0    0   0   0   0   0  20   0   0   0   0  22   0   0   0   0   0  58   0   0   0  0.26 0.02
   33 S     2  -2  -2  -2  -1  -1  -2  -1  -2   2   1  -1   1  -1  -2   1   0  -2  -2   1   29   0   0   0   0   0   0   0   0  29  22   0   0   0   0  20   0   0   0   0  0.14 0.01
   34 P    -1  -3  -3  -2  -2  -2  -2  -3  -3   2   0  -2   0  -2   5  -2  -1  -3  -2   2    0   0   0   0   0   0   0   0   0  29   0   0   0   0  42   0   0   0   0  29  0.66 0.02
   35 S     2  -1  -1  -1  -1  -1  -1  -1  -1  -2  -2  -1  -1  -2   4   2   0  -2  -2  -1   31   1   1   1   0   1   1   2   0   1   2   1   0   1  30  22   1   0   1   1  0.45 0.01
   36 A     3  -1  -1  -1  -1  -1  -1   3  -1  -2  -2  -1  -1  -2  -1   1   0  -2  -2  -1   50   1   1   1   0   1   1  31   0   1   2   1   0   1   1   2   1   0   1   1  0.30 0.01
   37 V     2  -2  -2  -2  -1  -1  -1  -1  -2   1   0  -1   0  -1  -1   0   0  -2  -1   3   31   1   1   1   0   1   1   2   0   1   2   1   0   1   1   2   1   0   1  50  0.14 0.01
   38 G     0  -2  -1  -1  -2  -1  -1   2  -2  -2  -2  -1  -2  -3   6  -1  -1  -2  -2  -2    2   1   1   1   0   1   1  22   0   1   2   1   0   1  59   2   1   0   1   1  1.01 0.01
   39 S     2  -1   0  -1  -1  -1  -1   3  -2  -2  -3  -1  -2  -3  -1   3   0  -3  -2  -2   29   0   0   0   0   0   0  29   0   0   0   0   0   0   0  42   0   0   0   0  0.39 0.01
   40 L     3  -2  -2  -2  -1  -1  -2   3  -2  -1   0  -1   0  -2  -2   0  -1  -2  -2  -1   50   0   0   0   0   0   0  29   0   0  20   0   0   0   0   0   0   0   0   0  0.28 0.01
   41 E     1  -1   0   0  -2   0   2   3  -1  -3  -3   0  -2  -3  -1   3   0  -3  -2  -2    0   0   0   0   0   0  20  29   0   0   0   0   0   0   0  51   0   0   0   0  0.39 0.02
   42 G     2  -2   0  -1  -2  -1  -1   4  -2  -3  -3  -1  -2  -3  -2   2   0  -3  -2  -2   29   0   0   0   0   0   0  50   0   0   0   0   0   0   0  22   0   0   0   0  0.51 0.01
   43 A     3  -2  -1  -2  -1  -1  -1  -1  -2   0  -1  -1  -1  -2  -1   2   0  -3  -2   2   49   0   0   0   0   0   0   0   0   0   0   0   0   0   0  22   0   0   0  29  0.22 0.01
   44 N    -1   0   3   0  -2   2   0  -1   5  -2  -2   0  -1  -2  -1   0  -1  -2   0  -2    2   1  21   2   1  23   2   2  30   1   3   2   1   1   1   2   2   0   1   2  0.29 0.01
   45 F    -1  -2  -2  -2  -1  -2  -2  -2  -1   2   1  -2   0   4  -2  -1  -1   0   1   1    2   1   1   2   1   1   2   2   1  31   3   2   1  43   1   2   2   0   1   2  0.20 0.01
   46 S     0  -1   0  -1  -1   0   0  -1  -1  -2  -2   0  -1  -2   5   2   0  -2  -1  -1    2   1   1   2   1   1   2   2   1   1   3   2   1   1  31  44   2   0   1   2  0.48 0.01
   47 T     0  -1  -1  -1  -1  -1  -1  -1  -1   1   0  -1   0  -1  -1   1   3  -2  -1   1    2   1   1   2   1   1   2   2   1  23   3   2   1   1   1   2  51   0   1   2  0.17 0.01
   48 W     0  -1  -1  -1  -1  -1  -1  -1  -1  -2  -1  -1  -1   0  -1   2   0   8   1  -2    2   1   1   2   1   1   2   2   1   1   3   2   1   1   1  31   2  42   1   2  0.73 0.02
   49 G     0  -1   0  -1  -2   2   0   3  -1  -3  -3   0  -2  -3  -2   1   2  -3  -2  -2    0   0   0   0   0  23   0  38   0   0   0   0   0   0   0  16  23   0   0   0  0.38 0.02
   50 P     2  -2  -1  -1  -2  -1  -1  -1  -2  -3  -3  -1  -2  -3   6   2   0  -3  -3  -2   23   0   0   0   0   0   0   0   0   0   0   0   0   0  54  24   0   0   0   0  0.97 0.03
   51 G     2  -1   0  -1  -1  -1  -1   2  -1  -3  -3  -1  -2  -3  -1   4   1  -3  -2  -2   13   0   0   0   0   0   0  12   0   0   0   0   0   0   0  75   0   0   0   0  0.45 0.05
   52 P    -1   2  -1  -2  -3  -1  -1  -2  -2  -3  -3   0  -2  -3   6   0   1  -4  -3  -2    0  18   0   0   0   0   0   0   0   0   0   0   0   0  63   0  19   0   0   0  1.16 0.06
   53 F     2  -2  -2  -2  -1  -2  -2  -1  -2   1   0  -2   0   3  -2   0   1  -1   0   0   37   0   0   0   0   0   0   0   0  19   0   0   0  25   0   0  18   0   0   0  0.18 0.03
   54 F    -2  -1   2  -1  -3   0   1  -2   4  -2  -1  -1  -1   4  -3  -1  -2  -1   1  -2    0   0  19   0   0   0  18   0  19   0   0   0   0  44   0   0   0   0   0   0  0.35 0.05
   55 T     0  -2   0   2  -1  -1   0  -1  -2   1  -1  -1  -1  -2  -2   2   2  -3  -2   0    0   0   0  19   0   0   0   0   0  19   0   0   0   0   0  36  25   0   0   0  0.23 0.03
   56 V     2  -2  -1  -1  -1  -1  -1  -1  -2   0  -1  -1  -1  -2  -1   3   2  -3  -2   1   19   0   0   0   0   0   0   0   0   0   0   0   0   0   0  38  18   0   0  25  0.23 0.03
   57 P     1   2  -2  -2  -2  -1  -1  -2  -2  -1   0   0  -1  -2   5  -1  -1  -3  -2  -1   18  19   0   0   0   0   0   0   0   0  18   0   0   0  44   0   0   0   0   0  0.67 0.04
   58 V     0   1  -3  -3  -1  -1  -2  -3  -2   1   2  -1   1  -1  -3  -1  -1  -3  -2   2   13  15   0   0   0   0   0   0   0   0  41   0   0   0   0   0   0   0   0  31  0.21 0.05
   59 Y     1  -2  -2  -3  -1  -2  -2  -2  -1   1   2  -2   2   0  -2  -1   1  -1   3   0   15   0   0   0   0   0   0   0   0  15  26   0  12   0   0   0  14   0  18   0  0.18 0.04
   60 P    -1   2  -1  -1  -3   3   0  -2  -1  -3  -3   0  -2  -4   6  -1   1  -3  -3  -2    0  15   0   0   0  25   0   0   0   0   0   0   0   0  46   0  14   0   0   0  0.88 0.08
   61 Q     0   0   0  -1  -2   3   0  -2   3  -3  -3   0  -2  -3   3   3   0  -3  -1  -3    0   0   0   0   0  32   0   0  13   0   0   0   0   0  15  39   0   0   0   0  0.48 0.08
   62 Q    -1   0   0  -1  -3   5   2  -2   5  -3  -3   0  -1  -3  -2   0   1  -3  -1  -3    0   0   0   0   0  53  12   0  21   0   0   0   0   0   0   0  13   0   0   0  0.60 0.11
   63 L    -1  -2  -2  -3  -1  -1  -2  -3  -2   2   2  -2   4   0  -2  -1   1  -2  -1   1    1   1   1   1   0   1   1   1   0  13  31   1  32   0   1   1  14   0   0   1  0.26 0.06
   64 A     3  -1   1  -1  -1   1   1  -1  -1  -2  -2   0  -1  -3  -1   0   0  -3  -2  -1   58   1  10   1   0  10  13   1   0   1   1   1   0   0   1   1   1   0   0   1  0.30 0.07
   65 A     0   0   0  -1  -2   4   2  -2   3  -3  -3   0  -1  -3  -2   2   1  -3  -1  -2    7   0   0   0   0  43  12   0  10   0   0   0   0   0   0  18  10   0   0   0  0.43 0.09
   66 M    -1  -2  -2  -3  -2   1  -1  -3  -2   1   2  -1   4  -1  -2  -1   2  -2  -2   1    0   0   0   0   0  13   0   0   0  10  22   0  25   0   0   0  20   0   0  11  0.23 0.07
   67 Q     1   0  -1  -1  -2   4   1   1   3  -2  -2   0  -1  -3  -2   1  -1  -3  -1   0   10   0   0   0   0  37  10   9  11   0   0   0   0   0   0  13   0   0   0  10  0.29 0.07
   68 N     2  -1   2  -1  -1  -1  -1  -1   3  -2  -1  -1  -1  -2  -2   2   2  -3  -1  -1   24   0  15   0   0   0   0   0  12   0  10   0   0   0   0  20  19   0   0   0  0.22 0.06
   69 N     1  -1   2   1  -3   1   4  -2  -1  -3  -3   0  -2  -3  -2   2   0  -3  -2  -3   10   0  15   0   0   0  55   0   0   0   0   0   0   0   0  20   0   0   0   0  0.52 0.10
   70 L    -2  -3  -4  -4  -2  -3  -3  -4  -3   2   4  -3   1   2  -3  -3  -1  -2  -1   2    0   0   0   0   0   0   0   0   0  10  61   0   0  10   0   0   0   0   0  19  0.44 0.07
   71 F     1   1  -1  -1  -2   0   1  -2  -1  -2  -2   0  -1   2  -2   2   3  -2  -1  -1    9  13   0   0   0   0  12   0   0   0   0   0   0  15   0  20  31   0   0   0  0.22 0.06
   72 T     3  -1  -1  -1  -1  -1   1   1  -2  -2  -2  -1  -2  -3  -1   2   2  -3  -2  -1   35   0   0   0   0   0  10  10   0   0   0   0   0   0   0  20  25   0   0   0  0.31 0.07
   73 L    -2  -3  -4  -4  -2  -3  -3  -4  -3   3   4  -3   1   0  -3  -3  -1  -2  -2   2    0   0   0   0   0   0   0   0   0  19  68   0   0   0   0   0   0   0   0  13  0.51 0.08
   74 Q    -2   5  -1  -2  -4   3   0  -3  -1  -3  -3   3  -2  -4  -2  -1  -1  -3  -2  -3    0  62   0   0   0  15   0   0   0   0   0  23   0   0   0   0   0   0   0   0  0.77 0.11
   75 T     1  -1   3   0  -2   0   1  -1  -1  -2  -2  -1  -2  -3  -2   1   3  -3  -2  -1   21   0  22   0   0   0  13   0   0   0   0   0   0   0   0  10  34   0   0   0  0.33 0.07
   76 E    -2  -1  -1   3  -4   1   6  -3  -1  -4  -4   0  -3  -4  -2  -1  -2  -4  -3  -3    0   0   0  13   0   0  87   0   0   0   0   0   0   0   0   0   0   0   0   0  0.97 0.14
   77 V    -1  -3  -3  -3  -1  -2  -3  -4  -3   2   3  -2   1  -1  -3  -2   1  -3  -2   3    0   0   0   0   0   0   0   0   0   9  43   0   0   0   0   0  13   0   0  35  0.34 0.07
   78 S     3  -1  -1  -2  -1   1  -1   1  -2  -2  -2  -1  -1   1  -2   1   1  -2  -1  -1   41   0   0   0   0  10   0  11   0   0   0   0   0  13   0  15  10   0   0   0  0.23 0.06
   79 A     1  -1   1  -1  -2   0   2  -2  -1  -1   1  -1   0  -2  -2   1   0  -3  -2  -1   17   0  10   0   0   0  22   0   0   0  30   0   0   0   0  21   0   0   0   0  0.16 0.06
   80 L    -2  -3  -4  -4  -2  -3  -3  -4  -3   4   2  -3   3   0  -3  -3  -1  -3  -2   2    0   0   0   0   0   0   0   0   0  54  25   0  10   0   0   0   0   0   0  11  0.46 0.08
   81 K    -2   5  -1  -2  -4   1   0  -3  -1  -3  -3   4  -2  -4  -2  -1  -1  -3  -2  -3    0  53   0   0   0   0   0   0   0   0   0  47   0   0   0   0   0   0   0   0  0.80 0.12
   82 K     1   2  -1  -1  -2   0   0  -2  -1   0  -2   2  -1  -3  -2   2   2  -3  -2  -1   10  12   0   0   0   0   0   0   0   9   0  28   0   0   0  20  21   0   0   0  0.23 0.06
   83 K     1   0   2  -1  -2   0   0  -1  -1  -2  -3   3  -2  -3  -1   2   2  -3  -2  -2   12   0  13   0   0   0   0   0   0   0   0  35   0   0   0  21  19   0   0   0  0.31 0.07
   84 L    -2  -3  -4  -4   4  -3  -3  -4  -3   2   4  -3   1   0  -3  -3  -1  -2  -2   1    0   0   0   0  13   0   0   0   0  12  65   0   0   0   0   0   0   0   0  10  0.48 0.08
   85 V     0   3  -1  -1  -2   2   0  -2   2  -1   0   0  -1  -2  -2   0  -1  -2  -1   0    8  26   0   1   0  20   1   1  10   1  12   1   0   0   1  11   1   0   0   8  0.18 0.05
   86 Q    -2   1  -1  -2  -3   4   0  -3   3   0  -2   0  -1   2   2  -1  -1  -2   0  -1    0  10   0   0   0  44   0   0  10  11   0   0   0  13  12   0   0   0   0   0  0.37 0.09
   87 S     0  -1   0  -1  -2  -1  -1   1  -2   0  -2   1  -2  -3   2   3   0  -3  -2  -1    0   0   0   0   0   0   0  10   0  10   0  12   0   0  11  57   0   0   0   0  0.34 0.09
   88 S     0   2  -1  -1  -2   0  -1  -2  -1   0   0   1   0  -2  -1   2   2  -2  -2   0    1  13   0   0   0   0   1   1   0  11  11  13   0   0   0  28  18   0   0   1  0.15 0.04
   89 Q     2   1  -1  -1  -2   1   0  -1  -1  -2  -2   2  -1  -2   3   1   0  -2  -2  -1   24   9   1   1   0   8   1   1   0   1   2  22   0   1  14  11   1   0   1   1  0.26 0.03
   90 T     0  -1  -1  -1  -1   1  -1  -2  -1  -1   0  -1   0  -2   2   1   3  -2  -2  -1    2   1   1   1   0  11   1   1   0   1  15   1   0   1  13  11  37   0   1   1  0.24 0.05
   91 R    -1   2  -1  -1  -2   1  -1   1  -1  -2  -2   0  -2  -3   5   1  -1  -2  -2  -2    2  18   1   1   0   8   1  14   0   1   2   1   0   1  34  12   1   0   1   1  0.52 0.05
   92 G     1   1  -1  -1  -2  -1  -1   2  -2  -2  -2  -1  -2  -2   5   0  -1  -2  -2  -2   21  10   1   1   0   1   1  16   0   1   2   1   0   1  37   1   1   0   1   1  0.58 0.05
   93 S     1   1   1  -1  -2  -1  -1   3  -1  -3  -3  -1  -2  -3  -2   2   1  -3  -2  -2    8  11  10   0   0   0   0  32   0   0   0   0   0   0   0  30  10   0   0   0  0.37 0.06
   94 L     1  -2  -1  -1  -1  -1   1  -2  -2   2   1  -1   2  -1  -2   1   0  -3  -2   1   10   0   0   0   0   0  12   0   0  20  15   0   9   0   0  24   0   0   0  10  0.12 0.04
   95 G     0   2  -1  -2   6  -1  -2   2  -2  -3  -2  -1  -2  -3  -2   1   1  -3  -3  -2    0  21   0   0  30   0   0  24   0   0   0   0   0   0   0  13  12   0   0   0  0.45 0.08
   96 L    -1  -2   1  -2   4  -1  -2  -2  -2   1   1  -2   2  -1  -2   1   1  -3  -2   1    0   0  10   0  13   0   0   0   0  11  15   0   9   0   0  20  10   0   0  12  0.15 0.04
   97 G     0  -3  -1  -2  -3  -2  -3   6  -3  -4  -4  -2  -3  -4   2  -1  -2  -3  -4  -4    0   0   0   0   0   0   0  88   0   0   0   0   0   0  12   0   0   0   0   0  1.17 0.13
   98 P     1  -3  -3  -2  -2  -2  -2  -2  -3   0  -2  -2  -2  -3   6  -1  -1  -4  -3   0   19   0   0   0   0   0   0   0   0  11   0   0   0   0  60   0   0   0   0  10  1.10 0.11
   99 Q    -1  -2  -3  -3  -2   1  -2  -3  -2   2   2  -2   5   0  -3  -2  -1  -2  -1   2    0   0   0   0   0  10   0   0   0  13  21   0  43   0   0   0   0   0   0  13  0.31 0.04
  100 F     2  -2  -2  -3  -1  -2  -2  -2  -2   0   0  -2   0   4  -2   0   1  -1   1   1   32   0   0   0   0   0   0   0   0   0   0   0   0  33   0   0  13   0   0  22  0.21 0.03
  101 L    -1  -2  -3  -4  -1  -2  -3  -4  -3   2   4  -3   3   0  -3  -2  -1  -2  -1   2    0   0   0   0   0   0   0   0   0  13  64   0  11   0   0   0   0   0   0  11  0.42 0.03
  102 A     4  -2  -1  -2  -1  -1  -1  -1  -2  -1  -2  -1  -1  -3  -1   1   3  -3  -2   0   64   0   0   0   0   0   0   0   0   0   0   0   0   0   0   0  36   0   0   0  0.41 0.05
  103 A     4  -2  -2  -2  -1  -1  -1   0  -2  -2  -2  -1  -1  -3  -1   1   1  -3  -2   0   88   0   0   0   0   0   0   0   0   0   0   0   0   0   0   0  12   0   0   0  0.48 0.06
  104 C    -2  -3  -3  -4   5  -3  -3  -4  -3   2   2  -3   1   3  -3  -2  -1  -1   0   1    0   0   0   0  19   0   0   0   0  25  36   0   0  20   0   0   0   0   0   0  0.37 0.03
  105 L    -2  -3  -4  -4  -2  -3  -3  -4  -3   1   5  -3   2   0  -3  -3  -2  -2  -1   1    0   0   0   0   0   0   0   0   0   0 100   0   0   0   0   0   0   0   0   0  0.61 0.06
  106 V    -1  -2  -3  -4  -1  -2  -3  -4  -3   2   4  -3   3   0  -3  -2  -1  -2  -1   2    0   0   0   0   0   0   0   0   0   0  69   0  11   0   0   0   0   0   0  19  0.43 0.04
  107 A     4  -2  -1  -2  -1  -1  -1   0  -2  -1  -2  -1  -1  -3  -1   1   2  -3  -2   0   78   0   0   0   0   0   0   0   0   0   0   0   0   0   0   0  22   0   0   0  0.43 0.05
  108 A     1  -3  -3  -3  -1  -3  -3  -3  -3   4   1  -2   1  -1  -3  -2  -1  -3  -2   2   19   0   0   0   0   0   0   0   0  70   0   0   0   0   0   0   0   0   0  11  0.34 0.05
  109 T     1  -1   0  -1  -1  -1  -1  -1  -1  -2  -2  -1  -2  -3  -1   4   3  -3  -2  -1    0   0   0   0   0   0   0   0   0   0   0   0   0   0   0  67  33   0   0   0  0.50 0.06
  110 I    -2  -3  -4  -4  -2  -3  -3  -4  -3   2   3  -3   1   3  -3  -3  -2  -1   0   1    0   0   0   0   0   0   0   0   0  19  58   0   0  22   0   0   0   0   0   0  0.42 0.04
  111 L    -1  -3  -3  -4  -1  -2  -3  -4  -3   2   3  -3   1   0  -3  -2  -1  -2  -1   3    0   0   0   0   0   0   0   0   0   0  55   0   0   0   0   0   0   0   0  45  0.40 0.04
  112 A     5  -2  -2  -2  -1  -1  -1   0  -2  -2  -2  -1  -1  -3  -1   1   0  -3  -2  -1  100   0   0   0   0   0   0   0   0   0   0   0   0   0   0   0   0   0   0   0  0.57 0.07
  113 V    -1  -3  -3  -4  -1  -3  -3  -4  -4   4   1  -3   1  -1  -3  -2  -1  -3  -2   4    0   0   0   0   0   0   0   0   0  54   0   0   0   0   0   0   0   0   0  46  0.46 0.05
  114 A     2  -2  -3  -3  -1  -2  -2  -2  -3   3   1  -2   0  -1  -2  -1  -1  -3  -2   1   43   0   0   0   0   0   0   0   0  43  13   0   0   0   0   0   0   0   0   0  0.24 0.04
  115 V     0  -3  -3  -3  -1  -3  -3  -3  -3   4   1  -3   1  -1  -3  -2  -1  -3  -2   2   13   0   0   0   0   0   0   0   0  77   0   0   0   0   0   0   0   0   0  10  0.40 0.05
  116 I    -2  -3  -4  -4  -2  -3  -4  -4  -4   5   1  -3   1  -1  -3  -3  -1  -3  -2   2    0   0   0   0   0   0   0   0   0 100   0   0   0   0   0   0   0   0   0   0  0.60 0.07
  117 V     1  -3  -3  -3  -1  -2  -2  -3  -3   3   1  -2   0  -1  -2  -1   1  -3  -2   3   13   0   0   0   0   0   0   0   0  32   0   0   0   0   0   0  11   0   0  44  0.28 0.03
  118 L    -2  -3  -4  -4  -2  -3  -3  -4  -3   1   5  -3   2   0  -3  -3  -2  -2  -1   1    0   0   0   0   0   0   0   0   0   0 100   0   0   0   0   0   0   0   0   0  0.61 0.06
  119 A     4  -2  -2  -2   4  -1  -1   0  -2  -2  -2  -1  -1  -3  -1   1   0  -3  -2  -1   87   0   0   0  13   0   0   0   0   0   0   0   0   0   0   0   0   0   0   0  0.51 0.06
  120 S     2  -2  -1  -2  -1  -1  -1  -1  -2   0  -1  -1  -1  -2  -2   2   0  -3  -2   2   23   0   0   0   0   0   0   0   0   0   0   0   0   0   0  40   0   0   0  38  0.23 0.04
  121 L    -2  -3  -4  -4  -2  -3  -3  -4  -3   1   5  -3   2   0  -3  -3  -2  -2  -1   1    0   0   0   0   0   0   0   0   0   0 100   0   0   0   0   0   0   0   0   0  0.61 0.06
  122 G     1  -3  -1  -2  -3  -2  -2   6  -2  -4  -4  -2  -3  -3  -2   0  -2  -3  -3  -3   12   0   0   0   0   0   0  88   0   0   0   0   0   0   0   0   0   0   0   0  1.02 0.06
  123 L    -2  -3  -4  -4  -2  -3  -3  -4  -2   1   3  -3   1   4  -3  -3  -2  -1   1   0    0   0   0   0   0   0   0   0   0   0  64   0   0  36   0   0   0   0   0   0  0.50 0.05
  124 G     2  -2  -1  -2  -1  -1  -1   2  -2  -1  -2  -1  -1  -2  -2   1   3  -3  -2   1   20   0   0   0   0   0   0  21   0   0   0   0   0   0   0  10  36   0   0  13  0.26 0.03
  125 G     0  -3  -1  -2  -3  -2  -3   6  -2  -4  -4  -2  -3  -4  -3  -1  -2  -3  -4  -4    0   0   0   0   0   0   0 100   0   0   0   0   0   0   0   0   0   0   0   0  1.22 0.07
  126 V    -1  -3  -3  -4  -1  -3  -3  -4  -3   4   2  -3   1  -1  -3  -2  -1  -3  -2   3    0   0   0   0   0   0   0   0   0  56  11   0   0   0   0   0   0   0   0  33  0.43 0.04
  127 L    -2  -3  -4  -4  -2  -3  -3  -4  -3   1   5  -3   2   0  -3  -3  -2  -2  -1   1    0   0   0   0   0   0   0   0   0   0 100   0   0   0   0   0   0   0   0   0  0.61 0.06
  128 P    -1  -3  -3  -2  -3  -2  -2  -3  -3  -3  -3  -1  -3  -4   8  -1  -2  -4  -3  -3    0   0   0   0   0   0   0   0   0   0   0   0   0   0 100   0   0   0   0   0  2.23 0.09
  129 F    -1   0  -1  -1  -3   5   1  -2   0  -2  -2   0  -1   2   2  -1  -1  -2   0  -2    0   0   0   0   0  70   0   0   0   0   0   0   0  19  11   0   0   0   0   0  0.55 0.07
  130 V     0  -3  -3  -3  -1  -2  -3  -3  -3   2   0  -2   0   2  -3  -2  -1  -2  -1   4    9   0   0   0   0   0   0   0   0  10   0   0   0  12   0   0   0   0   0  69  0.32 0.04
  131 L     3  -1  -2  -2  -1   1  -1  -1  -2  -1   1  -1   0  -2  -1   0   1  -3  -2   0   57   0   0   0   0  11   0   0   0   0  19   0   0   0   0   0  13   0   0   0  0.23 0.04
  132 V     1  -2  -3  -3   4  -2  -2  -2  -3   1   2  -2   2  -1  -2  -1  -1  -2  -2   2   20   0   0   0  13   0   0   0   0   0  25   0  12   0   0   0   0   0   0  30  0.23 0.03
  133 C    -2  -3  -4  -4   3  -3  -3  -4  -3   2   4  -3   1   0  -3  -3  -1  -2  -1   1    0   0   0   0  10   0   0   0   0  19  71   0   0   0   0   0   0   0   0   0  0.44 0.04
  134 L    -2  -2  -3  -4  -2  -2  -3  -4  -3   1   4  -2   4   0  -3  -3  -1  -2  -1   1    0   0   0   0   0   0   0   0   0   0  75   0  25   0   0   0   0   0   0   0  0.51 0.05
  135 A     1   0  -1  -1  -2   3   2  -1  -1   0  -1   0   0  -2  -1   0   0  -2  -1   1   20   1   1   1   0  36  12   1   0   1   1   1   0   1   1   1   1   0   0  21  0.21 0.03
  136 G     0  -2   3  -1  -3  -1  -2   5  -1  -4  -4  -1  -3  -3  -2   1  -1  -3  -3  -3    0   0  20   0   0   0   0  68   0   0   0   0   0   0   0  12   0   0   0   0  0.76 0.05
  137 S    -1  -1  -1  -1  -2   3   1  -2   0  -2  -2   0  -1  -1   2   1   2  -1   2  -1    0   0   0   0   0  25  11   0   0   0   0   0   0   0  10  10  31   0  13   0  0.30 0.03
  138 T     3  -1  -1  -1  -1  -1  -1  -1  -2  -1  -2  -1  -1  -2  -1   2   3  -3  -2  -1   45   0   0   0   0   0   0   0   0   0   0   0   0   0   0  13  42   0   0   0  0.37 0.04
  139 N    -2  -1   6   3  -3   0   0  -1   0  -4  -4  -1  -3  -4  -2   0  -1  -4  -3  -3    0   0  87  13   0   0   0   0   0   0   0   0   0   0   0   0   0   0   0   0  0.88 0.07
  140 A     1  -2  -2  -3   3  -2  -2  -2  -3   1   3  -2   1  -1  -2   0  -1  -2  -2   1   19   0   0   0  11   0   0   0   0  12  49   0   0   0   0   9   0   0   0   0  0.22 0.03
  141 I    -1  -3  -3  -4  -1  -3  -3  -4  -3   4   2  -3   1   0  -3  -2  -1  -3  -2   3    0   0   0   0   0   0   0   0   0  63  13   0   0   0   0   0   0   0   0  24  0.44 0.04
  142 W    -3  -3  -4  -5  -3  -3  -4  -3  -3  -3  -2  -4  -2   0  -4  -3  -3  11   2  -4    0   0   0   0   0   0   0   0   0   0   0   0   0   0   0   0   0 100   0   0  2.84 0.12
  143 A     4  -2  -1  -2  -1  -1  -1   0  -2  -2  -2  -1  -1  -3  -1   2   1  -3  -2  -1   76   0   0   0   0   0   0   0   0   0   0   0   0   0   0  11  13   0   0   0  0.42 0.05
  144 I    -1  -3  -3  -3  -2  -2  -3  -3  -3   4   1  -2   3  -1  -3  -2   1  -3  -2   2    0   0   0   0   0   0   0   0   0  64   0   0  22   0   0   0  13   0   0   0  0.36 0.05
  145 V    -1  -3  -3  -4  -1  -3  -3  -4  -4   3   1  -3   0  -1  -3  -2   0  -3  -2   4    0   0   0   0   0   0   0   0   0  13   0   0   0   0   0   0   0   0   0  87  0.49 0.06
  146 S     1  -1   0  -1  -1   0  -1  -1  -1  -3  -3  -1  -2  -3  -1   5   1  -3  -2  -2    0   0   0   0   0   0   0   0   0   0   0   0   0   0   0 100   0   0   0   0  0.64 0.08
  147 A     4  -2  -1  -2  -1  -1  -2   4  -2  -2  -2  -1  -2  -3  -2   0  -1  -3  -2  -1   64   0   0   0   0   0   0  36   0   0   0   0   0   0   0   0   0   0   0   0  0.52 0.05
  148 S     1  -1   0  -1  -1   0  -1  -1  -1  -3  -3  -1  -2  -3  -1   5   1  -3  -2  -2    0   0   0   0   0   0   0   0   0   0   0   0   0   0   0 100   0   0   0   0  0.64 0.08
  149 I    -2  -3  -4  -4  -2  -3  -4  -4  -4   5   1  -3   1  -1  -3  -3  -1  -3  -2   2    0   0   0   0   0   0   0   0   0 100   0   0   0   0   0   0   0   0   0   0  0.60 0.07
  150 T     1  -2  -2  -3  -1  -2  -2  -2  -3   3   0  -2   0  -1  -2  -1   2  -3  -2   3   13   0   0   0   0   0   0   0   0  22   0   0   0   0   0   0  19   0   0  45  0.25 0.03
  151 T     1  -2  -1  -2   3  -2  -2  -2  -2  -1  -1  -2  -1   3  -2   0   4  -1   0  -1   13   0   0   0  11   0   0   0   0   0   0   0   0  24   0   0  51   0   0   0  0.31 0.04
  152 L    -1  -3  -3  -4  -2  -2  -3  -4  -3   3   2  -3   2   3  -3  -2  -1  -1   0   2    0   0   0   0   0   0   0   0   0  24  19   0  12  22   0   0   0   0   0  23  0.31 0.03
  153 I    -2  -3  -4  -4  -2  -3  -4  -4  -4   5   1  -3   1  -1  -3  -3  -1  -3  -2   2    0   0   0   0   0   0   0   0   0 100   0   0   0   0   0   0   0   0   0   0  0.60 0.07
  154 C     1  -3  -2  -3   8  -2  -2  -2  -3  -2  -2  -2  -2  -3  -2   2   0  -3  -3  -1   11   0   0   0  64   0   0   0   0   0   0   0   0   0   0  24   0   0   0   0  0.89 0.07
  155 C     0  -2  -3  -3   5  -2  -3  -3  -3   1   2  -2   1  -1  -2  -1   1  -2  -2   0   13   0   0   0  19   0   0   0   0  11  43   0   0   0   0   0  13   0   0   0  0.27 0.03
  156 V    -1  -3  -3  -3  -1  -3  -3  -4  -3   4   1  -3   1  -1  -3  -2   1  -3  -2   3    0   0   0   0   0   0   0   0   0  69   0   0   0   0   0   0  12   0   0  19  0.40 0.05
  157 S     1  -1   0  -1  -2  -1  -1   3  -1  -3  -3  -1  -2  -3  -1   4   1  -3  -2  -2    0   0   0   0   0   0   0  22   0   0   0   0   0   0   0  78   0   0   0   0  0.52 0.06
  158 I     1  -3  -3  -3  -1  -2  -2  -3  -3   3   0  -2   0  -1  -2  -1   1  -3  -2   4   11   0   0   0   0   0   0   0   0  19   0   0   0   0   0   0  11   0   0  58  0.30 0.04
  159 A     1  -2  -3  -3  -1  -2  -3  -3  -3   2   3  -2   1   0  -3  -2  -1  -2  -1   1   19   0   0   0   0   0   0   0   0  26  54   0   0   0   0   0   0   0   0   0  0.30 0.03
  160 C     1  -2  -1  -2   6  -1  -1   1  -2  -2  -2  -1  -2  -3  -2   3   0  -3  -2  -2   11   0   0   0  31   0   0  11   0   0   0   0   0   0   0  47   0   0   0   0  0.47 0.05
  161 I    -1  -3  -3  -4  -1  -3  -3  -4  -3   4   2  -3   1   0  -3  -2  -1  -3  -1   3    0   0   0   0   0   0   0   0   0  53  25   0   0   0   0   0   0   0   0  23  0.41 0.04
  162 F    -1  -2  -2  -2  -2  -2  -2  -3  -2   2   1  -2   2   3  -2   0   2  -2   0   1    0   0   0   0   0   0   0   0   0  36   0   0  12  19   0  13  20   0   0   0  0.18 0.03
  163 L    -2  -3  -4  -4  -2  -3  -3  -4  -3   2   4  -3   2   0  -3  -3  -1  -2  -1   1    0   0   0   0   0   0   0   0   0  13  87   0   0   0   0   0   0   0   0   0  0.53 0.05
  164 A     1  -2  -1  -2  -1  -2  -2  -2  -2   2   0  -2   0  -1  -2   0   4  -3  -2   1   12   0   0   0   0   0   0   0   0  37   0   0   0   0   0   0  52   0   0   0  0.27 0.04
  165 K    -1   2   2   0  -3   2   1  -1   0  -3  -3   4  -2  -3  -1   1   0  -3  -2  -3    0  11  13   0   0  15   0   0   0   0   0  48   0   0   0  13   0   0   0   0  0.41 0.03
  166 C    -1   2   2  -1   3   2   0  -2   5  -3  -3   1  -2  -2  -2  -1  -1  -3   0  -3    0  13  11   0  12  15   0   0  37   0   0  13   0   0   0   0   0   0   0   0  0.41 0.03
  167 D    -2   0   4   3  -3   2   1  -1   3  -3  -3   1  -2  -3  -2   0  -1  -3  -2  -3    0   0  38  23   0  15   0   0  11   0   0  13   0   0   0   0   0   0   0   0  0.46 0.03
  168 K    -1   3  -1  -1  -3   1   0  -2  -1  -2  -2   3  -2  -3   3   0   1  -3  -2  -2    0  19   0   0   0   0   0   0   0   0   0  47   0   0  16   0  18   0   0   0  0.44 0.02
  169 G     1  -2  -2  -2  -2  -2  -1   2  -2  -3  -3  -1  -2  -4   7   0  -1  -4  -3  -2   16   0   0   0   0   0   0  19   0   0   0   0   0   0  65   0   0   0   0   0  1.23 0.04
  170 S     0  -1   0  -1  -1  -1  -1  -1  -2   1  -1  -1   0  -2  -1   3   2  -3  -2   0    0   0   0   0   0   0   0   0   0  28   0   0   0   0   0  48  24   0   0   0  0.22 0.01
  171 D     0  -1   3   3  -2   0   0  -1  -1  -2  -3  -1  -2  -3  -1   2   2  -3  -2  -2    0   0  24  25   0   0   0   0   0   0   0   0   0   0   0  23  28   0   0   0  0.38 0.01
  172 P    -1  -1  -1   0  -2   0   2  -2  -2  -2  -2  -1  -2  -3   6   0   2  -3  -2  -2    0   0   0   0   0   0  24   0   0   0   0   0   0   0  48   0  28   0   0   0  0.86 0.02
  173 Q    -1   0   0  -1  -3   3   0  -2   6  -3  -2   0  -1  -2  -2   0   2  -2   0  -2    0   0   0   0   0  25   0   0  51   0   0   0   0   0   0   0  24   0   0   0  0.49 0.02
  174 T    -1  -2  -1  -1  -2  -1  -1  -2  -2  -2  -2  -1  -2  -3   6   0   3  -3  -2  -1    0   0   0   0   0   0   0   0   0   0   0   0   0   0  47   0  53   0   0   0  0.88 0.02
  175 L    -1  -2  -3  -4  -1  -2  -3  -4  -3   2   3  -3   2   0  -3  -2  -1  -2  -1   2    0   0   0   0   0   0   0   0   0   0  67   0   0   0   0   0   0   0   0  33  0.36 0.00
  176 Y    -1   0  -1  -1  -3   4   1  -2   1  -2  -2   0  -1   1  -2  -1  -1   1   5  -2    0   0   0   0   0  50   0   0   0   0   0   0   0   0   0   0   0   0  50   0  0.47 0.00
  177 V     1  -2  -1  -1  -1  -1  -1  -1  -2   1   0  -1   0  -2  -2   2   1  -3  -2   2    0   0   0   0   0   0   0   0   0   0   0   0   0   0   0  50   0   0   0  50  0.18 0.00
  178 S     1  -1   1   0  -1   0   0   0  -1  -2  -3   0  -2  -2  -1   4   1  -3  -2  -2    0   0   0   0   0   0   0   0   0   0   0   0   0   0   0 100   0   0   0   0  0.46 0.00

                      K         Lambda
Standard Ungapped    0.1323     0.3197
Standard Gapped      0.0373     0.2670
PSI Ungapped         0.1218     0.3155
PSI Gapped           0.0373     0.2670
