
Last position-specific scoring matrix computed, weighted observed percentages rounded down, information per position, and relative weight of gapless real matches to pseudocounts
            A   R   N   D   C   Q   E   G   H   I   L   K   M   F   P   S   T   W   Y   V   A   R   N   D   C   Q   E   G   H   I   L   K   M   F   P   S   T   W   Y   V
    1 M    -4  -5  -5  -6  -4  -4  -5  -6  -5   0   2  -5  10  -3  -6  -5  -4  -5  -4  -2    0   0   0   0   0   0   0   0   0   2  15   0  83   0   0   0   0   0   0   0  2.31 0.63
    2 L    -7  -8  -7  -9  -6  -8  -8  -9  -8   4   6  -8  -3   1  -8  -8  -6  -7  -5   0    0   0   0   0   0   0   0   0   0  19  70   0   0   5   0   0   0   0   0   6  1.80 0.79
    3 R    -3   8  -2  -3  -9   1  -2  -6   3  -6  -8   1  -7  -8  -6  -3  -3  -8  -5  -7    2  67   2   2   0   5   2   0   6   1   0   8   0   0   0   2   2   0   0   0  1.92 0.88
    4 E    -3  -1  -3   0  -8   7   0  -6   6  -7  -3  -3  -5   2  -6  -3  -2  -3  -1  -6    3   3   1   5   0  46   7   0  16   0   3   1   0   9   0   2   2   0   2   0  1.41 0.76
    5 L    -7  -8  -9 -10  -4  -8  -9 -10  -9   1   7  -8   1  -1  -9  -8  -7  -7  -6  -3    0   0   0   0   0   0   0   0   0   6  87   0   2   3   0   0   0   0   0   1  2.22 0.96
    6 K    -3   7  -3  -2  -8   2   3  -6   1  -6  -6   2  -5  -7  -6  -3  -3  -5  -4  -6    3  52   1   2   0   9  15   1   3   0   0  10   0   0   0   2   1   0   1   0  1.45 0.74
    7 T     3  -6  -4  -6   0  -3  -6  -3   0  -1  -4  -5  -4  -3  -6   0   4  -2   6  -1   24   0   1   0   2   1   0   2   2   3   1   0   0   0   0   7  25   0  26   4  1.04 0.62
    8 F    -4  -9  -9 -10  -6  -9 -10 -10  -8  -4   2  -9  -5   9 -10  -9  -8  -6  -3  -2    2   0   0   0   0   0   0   0   0   1  17   0   0  78   0   0   0   0   0   3  2.82 1.12
    9 I    -1  -1  -6  -5   0  -3  -3  -7  -5   2   3  -4  -1  -5  -7  -4  -2  -4  -5   5    4   4   0   1   2   1   2   0   0  11  29   1   1   0   0   1   2   0   0  40  0.98 0.52
   10 A     6  -3  -6  -4  -3  -3  -1  -4  -2  -4  -3  -3  -2  -7  -6  -2   1  -6  -6  -1   69   1   0   1   0   1   4   1   1   1   3   1   1   0   0   2   8   0   0   5  1.43 0.77
   11 V    -2  -8  -9  -9  -7  -8  -8  -7  -9   3   0  -8  -5  -4  -8  -7  -3  -8  -7   7    4   0   0   0   0   0   0   0   0  12   8   0   0   1   0   0   1   0   0  73  2.01 0.89
   12 A     7  -6  -6  -7  -3  -5  -6  -4  -1  -2  -4  -7  -5  -7  -7  -2  -4  -8  -5   2   75   0   0   0   1   0   0   1   1   2   2   0   0   0   0   3   1   0   1  12  1.78 0.88
   13 R    -3   4  -3   3  -7   1   6  -6   0  -8  -7  -1  -7  -8  -7  -3  -4  -8  -7  -7    3  20   1  15   0   7  46   0   2   0   0   3   0   0   0   1   1   0   0   0  1.41 0.75
   14 H     0   0  -3  -3   0   0   4  -4   6  -5   0  -3  -2  -3  -6  -1   3  -3   0  -3    8   4   1   1   2   5  23   1  17   0  11   1   1   1   0   4  16   0   3   1  0.61 0.43
   15 G    -2   2  -4  -5  -4  -1  -2   6  -2  -7   1  -2  -2  -7  -6  -2  -5  -7  -7  -6    3  12   1   0   0   3   2  55   1   0  15   3   1   0   0   3   0   0   0   0  1.22 0.64
   16 T    -5  -6   2  -6  -7  -3  -6   0   6  -8  -8  -6  -7  -8  -6   6   1  -9  -6  -8    0   0  10   0   0   1   0   7  19   0   0   0   0   0   0  54   8   0   0   0  1.70 0.89
   17 F    -8  -9 -10 -10  -9  -9 -10 -10  -8   1  -1  -9   0   9 -10  -9  -7  -6  -2  -1    0   0   0   0   0   0   0   0   0   7   6   0   2  80   0   0   0   0   1   4  2.87 1.13
   18 A     3   2  -3  -6  -5  -4  -5   1  -2  -6  -6  -4  -5  -7  -6   3   5  -7  -7  -1   19  10   1   0   0   0   0  10   1   0   0   0   0   0   0  18  34   0   0   4  0.96 0.61
   19 G     3   6  -5  -3  -7   0   0  -2  -2  -7  -4   1  -5  -8  -6  -3  -5  -8  -7  -4   26  45   0   2   0   5   7   3   1   0   2   6   0   0   0   1   0   0   0   1  1.24 0.68
   20 A     8  -8  -8  -8  -5  -7  -8  -5  -8  -8  -8  -7  -8  -9  -7  -5  -3  -9  -8  -6   97   0   0   0   0   0   0   1   0   0   0   0   0   0   0   0   2   0   0   0  2.80 1.24
   21 G     7  -8  -8  -8  -4  -7  -7   0  -8  -8  -8  -7  -7  -9  -7  -1  -6  -9  -8  -7   88   0   0   0   0   0   0   7   0   0   0   0   0   0   0   5   0   0   0   0  2.44 1.12
   22 E     2   4  -2   2  -7   2   5  -4  -1  -6  -5  -1  -5  -8  -5  -2  -3  -8  -6  -5   14  19   1   9   0   8  37   1   1   0   1   3   0   0   0   2   1   0   0   1  0.96 0.58
   23 R     1   6  -4  -2  -6   2   1  -5   2  -5  -3   1  -2  -6  -6  -1  -2  -7  -5  -2   14  40   0   2   0   8   9   0   4   1   3   7   1   0   0   5   3   0   0   3  0.89 0.54
   24 I    -4  -6  -7  -8   4  -3  -3  -8  -6   1   5  -7   1  -4  -8  -4  -4  -7  -6   2    1   0   0   0   7   2   3   0   0   8  60   0   4   0   0   2   1   0   0  13  1.32 0.66
   25 G    -1  -1   3  -3  -1  -3  -5   4   8  -8  -5  -4  -4   1  -7  -2  -6  -7  -1  -7    5   3  12   1   2   1   1  27  36   0   1   1   0   6   0   3   0   0   2   0  1.46 0.72
   26 L    -5  -1  -8  -8  -3  -6  -7  -8  -7   4   5  -6   4  -3  -8  -6  -3  -2  -1   3    0   3   0   0   1   0   0   0   0  18  43   0   8   1   0   0   1   1   2  22  1.23 0.61
   27 T     2  -6  -6  -6  -7  -5  -6  -4  -7  -7  -7  -6  -7  -8  -6   5   6  -8  -7  -1   18   0   0   0   0   0   0   1   0   0   0   0   0   0   0  37  39   0   0   4  1.54 0.86
   28 Q    -3  -5  -7  -7 -10   9  -5  -8   0  -8  -7  -6  -7 -10   2  -4  -6  -9  -7  -7    3   0   0   0   0  81   0   0   2   0   0   0   0   0  11   1   0   0   0   0  2.84 1.33
   29 S     1  -8  -7  -7  -8  -6  -7  -5  -8  -9  -9  -7  -8  -9   7   4  -3 -10  -9  -8   12   0   0   0   0   0   0   1   0   0   0   0   0   0  53  33   2   0   0   0  2.08 1.04
   30 A     6  -6  -4  -7  -6  -6  -7  -1  -6  -7  -8  -6  -6  -8   3   1   1  -8  -8  -5   64   0   1   0   0   0   0   5   0   0   0   0   0   0  12  11   7   0   0   0  1.60 0.85
   31 V    -5  -8  -9  -9  -7  -8  -8  -9  -8   1   5  -8  -2  -1  -8  -8  -5  -8  -5   5    1   0   0   0   0   0   0   0   0   8  48   0   1   2   0   0   0   0   0  40  1.66 0.78
   32 S    -1  -7  -5  -7  -7  -6  -7  -2  -8  -8  -9  -7  -8  -9  -7   7   1  -9  -8  -7    4   0   0   0   0   0   0   3   0   0   0   0   0   0   0  84   9   0   0   0  2.36 1.17
   33 A     1   3  -4  -5  -6   5  -3  -3   1  -2   0  -2   3  -5  -6  -2  -1  -5  -3   0   13  15   1   0   0  29   1   2   4   3  10   2   6   0   0   3   3   0   1   6  0.68 0.48
   34 Q    -1   3  -5  -7  -5   8  -5  -5   3  -6  -1  -4  -3  -8  -7  -1  -1  -8  -6  -6    6  15   0   0   0  56   0   1   6   0   6   0   1   0   0   5   4   0   0   1  1.71 0.92
   35 I    -7  -9  -9  -9  -5  -8  -9 -10  -9   7   0  -8   5  -5  -9  -8  -6  -8  -7   3    0   0   0   0   0   0   0   0   0  62   7   0  12   0   0   0   0   0   0  18  2.16 0.92
   36 Q     1   6  -5  -4  -8   4  -3  -5  -3  -6  -5   4  -4  -8  -7  -2  -3  -8  -7  -6   12  39   0   1   0  18   1   1   1   0   1  20   0   0   0   3   1   0   0   0  1.34 0.72
   37 R     3   3   0   0  -6   4   0  -2  -1  -5  -2   2  -3  -6  -5  -1  -1  -7  -6  -4   23  14   3   4   0  17   6   3   1   0   4  13   1   0   0   4   4   0   0   1  0.54 0.40
   38 L    -6  -9 -10 -10  -6  -8  -7 -10  -9  -2   7  -9   0  -2  -9  -9  -7  -8  -7  -3    1   0   0   0   0   0   0   0   0   2  93   0   2   1   0   0   0   0   0   2  2.45 1.06
   39 E    -6  -7  -7  -5 -11  -5   8  -9  -7 -10 -10  -6  -9 -10  -8  -7  -8 -10  -9 -10    1   0   0   0   0   0  99   0   0   0   0   0   0   0   0   0   0   0   0   0  3.32 1.44
   40 A     2   3  -2   3  -7   2   4  -3   0  -6  -6   0  -5  -7  -6  -1  -1  -7  -5  -5   14  15   1  16   0   9  25   2   2   0   1   5   0   0   0   5   4   0   0   1  0.73 0.48
   41 S     0  -1  -3   1  -6   2   6  -5   0  -3  -3  -3  -3  -5  -6  -1  -1  -4  -2  -4    9   4   1   8   0   7  49   1   2   2   3   1   1   1   0   5   4   0   2   1  0.99 0.61
   42 L    -4  -8  -9  -9  -6  -8  -8  -7  -8   1   6  -8   0   1  -8  -8  -4  -4  -2   1    1   0   0   0   0   0   0   0   0   8  71   0   2   6   0   0   1   0   1   9  1.66 0.77
   43 G    -4  -1  -1  -1  -6  -2  -3   7  -4 -10 -10  -4  -9  -9  -8  -5  -8  -9  -9  -9    1   4   3   3   0   2   2  83   1   0   0   1   0   0   0   1   0   0   0   0  2.27 1.01
   44 F     2  -1  -5  -5   1   0  -2  -3  -1   0   0  -4  -1  -1  -6  -3   1  -6  -2   5   17   3   0   0   3   5   2   2   2   4   8   0   2   3   0   1  10   0   1  35  0.57 0.40
   45 P     1   5  -4  -2  -5   2   0  -5  -5  -5  -4   1  -3  -7   4  -1   1  -7  -6  -2   11  26   1   2   0   9   6   0   0   1   1   7   1   0  20   4   8   0   0   3  0.75 0.50
   46 L    -8  -9 -10 -10  -8  -9  -9 -10  -9  -2   7  -9  -4  -5  -9  -9  -8  -8  -8  -3    0   0   0   0   0   0   0   0   0   2  97   0   0   0   0   0   0   0   0   1  2.65 1.13
   47 F    -8  -9  -9 -10  -8  -9  -9 -10  -8   0   3  -9  -4   9 -10  -9  -8  -6  -3  -1    0   0   0   0   0   0   0   0   0   4  22   0   0  68   0   0   0   0   0   5  2.53 1.04
   48 D    -2  -1  -2   6  -6  -1   4  -6   2  -3  -4  -5  -4  -7  -6  -3  -1  -5  -5  -1    4   3   2  42   0   2  26   0   5   1   2   0   0   0   0   2   4   0   0   5  1.17 0.65
   49 R    -9   9  -8  -9 -11  -4  -7 -10  -7 -10  -9  -4  -9 -10  -9  -8  -6 -10  -9 -10    0  98   0   0   0   1   0   0   0   0   0   1   0   0   0   0   0   0   0   0  3.55 1.44
   50 T    -1  -1   0   0  -5  -3  -3  -2   1  -2  -1  -3  -3  -5  -6   3   5  -7  -5  -1    5   3   4   5   0   1   1   3   4   2   5   1   1   0   0  24  35   0   0   4  0.75 0.52
   51 G    -1   2  -2  -6  -6  -3  -5   4  -2  -7  -6  -1  -6  -7   0   1   5  -7  -5  -5    5  10   2   0   0   1   0  31   1   0   0   4   0   0   6   9  29   0   0   1  0.92 0.58
   52 R    -6   8  -5  -8 -10  -2  -7  -4   1 -10  -7   0  -8  -9  -9  -6  -6  -6  -7  -9    1  85   0   0   0   2   0   1   4   0   1   5   0   0   0   1   0   0   0   0  2.81 1.21
   53 S    -1   4  -1  -4  -6   1  -1   2   2  -4  -5   0  -3  -6   1   3   1  -4  -5  -4    4  23   3   0   0   5   3  13   4   1   1   6   1   0   8  18   9   0   0   1  0.55 0.41
   54 A     0  -8  -8  -8  -5  -7  -8  -8  -8   1   0  -8   0  -6   1  -6  -3  -8  -7   7    9   0   0   0   0   0   0   0   0   7   8   0   2   0   8   0   2   0   0  63  1.61 0.79
   55 T     1   4  -3  -2  -4   1   2  -3  -1  -3  -2  -1  -2  -5  -5   0   1  -4  -4   1   13  22   1   2   0   6  15   1   1   1   3   4   1   0   0   7  10   0   0  12  0.43 0.35
   56 L    -4  -8  -9  -9  -6  -8  -8  -9  -9  -3   6  -8  -1  -4   3  -8  -6  -8  -7  -2    2   0   0   0   0   0   0   0   0   1  77   0   1   0  15   0   0   0   0   2  1.97 0.92
   57 N    -5  -7   2  -7  -8  -7  -7  -8  -8  -8  -7  -7  -8  -9  -8   0   8  -9  -8  -7    1   0   9   0   0   0   0   0   0   0   0   0   0   0   0   6  84   0   0   0  2.68 1.24
   58 A     3  -1  -3   2  -7   0   4  -4  -2  -6  -5  -4  -5  -8   4  -1  -2  -8  -6  -3   23   4   1  10   0   4  23   1   1   0   1   1   0   0  23   4   2   0   0   2  0.85 0.55
   59 A     6  -3  -4  -1  -5  -1   1  -4  -1  -3  -3  -3  -2  -3  -3  -2  -1  -7  -4   0   59   2   1   3   0   3  10   1   2   1   3   1   1   2   1   2   3   0   1   6  1.03 0.62
   60 G    -2  -9  -7  -8   0  -8  -9   8  -9 -10  -9  -8  -9 -10  -9  -7  -8  -9 -10 -10    4   0   0   0   2   0   0  94   0   0   0   0   0   0   0   0   0   0   0   0  2.93 1.22
   61 R     0   5  -3  -4  -5   2   4  -5   1  -4  -1   0  -2  -7  -6  -3  -2  -2  -2  -2    9  32   1   1   0   8  24   1   3   1   7   4   1   0   0   1   3   1   1   3  0.82 0.52
   62 D     3   2  -3  -1  -4   1   2  -3  -1  -1   0  -2  -2  -4  -4  -1  -1  -5  -2   0   27  13   1   4   0   7  13   1   1   3  10   1   1   1   0   4   4   0   2   8  0.36 0.33
   63 A    -3  -8  -8  -9  -7  -8  -8  -9  -8   1   5  -8   1   6  -8  -6  -4  -3  -1   1    3   0   0   0   0   0   0   0   0   6  49   0   3  27   0   0   1   0   2  10  1.47 0.73
   64 L     0  -1  -8  -7  -4  -3  -3  -7  -3   0   5  -6  -1  -1  -8  -6  -5  -5   1   2    7   3   0   0   0   2   3   0   1   4  59   0   1   2   0   0   0   0   4  12  1.15 0.64
   65 A     1   1  -4   1  -5   0   3  -1  -3  -4  -4  -3  -4  -6   5  -1  -2  -8  -6  -2   13   7   1   8   0   3  16   5   1   1   2   1   0   0  31   4   3   0   0   3  0.73 0.51
   66 L     0   5  -3  -2  -5   2   1  -3   5  -2  -2   0  -1  -3  -2  -1  -2  -4   2  -2    7  26   1   3   0   7  10   2  15   2   5   4   1   1   2   4   3   0   6   4  0.57 0.41
   67 A     7  -8  -8  -8  -1  -7  -7  -4  -8  -3  -2  -7  -1  -5  -7  -3  -4  -9  -8   1   78   0   0   0   1   0   0   2   0   2   4   0   2   0   0   2   1   0   0   8  1.93 1.00
   68 E    -2   7  -4  -2  -5   2   3  -4  -1  -5  -3   0  -6  -8  -5  -4  -3  -5  -4  -5    4  50   1   2   0  10  17   2   2   1   3   5   0   0   0   1   2   0   1   1  1.33 0.75
   69 R     1   6  -3   0  -7   2   2  -2   1  -6  -3   0  -4  -6  -3  -2  -1  -7  -6  -4   11  38   1   5   0   9  11   3   3   0   3   6   0   0   1   3   3   0   0   1  0.81 0.53
   70 I     1  -7  -8  -8  -3  -7  -7  -5  -6   5   3  -7   2  -3  -5  -5  -1  -7  -6   3   12   0   0   0   1   0   0   1   0  31  24   0   4   1   1   1   4   0   0  20  1.07 0.58
   71 V    -3  -5  -6  -6  -5  -4  -5  -8  -5   1   6  -8   1  -1  -7  -6  -5  -7  -5   2    2   1   0   0   0   1   1   0   0   8  65   0   3   2   0   0   1   0   0  15  1.47 0.75
   72 A     4   3   0   2  -5   1   1   0   0  -5  -4  -2  -4  -4  -6   0  -2  -7  -5  -4   33  13   3  12   0   6   9   7   2   0   2   2   0   1   0   5   3   0   0   1  0.56 0.43
   73 M     1   1  -3   4  -7   3   4  -2  -1  -3   0  -3  -1  -6  -6  -1  -2  -7  -6  -3   12   7   1  19   0  11  23   3   2   1  11   1   1   0   0   3   2   0   0   1  0.58 0.44
   74 V     2  -3  -6  -5  -1  -4  -4  -5  -2   1   3  -6   2   1  -6  -3  -1   2   3   3   17   1   0   1   1   1   1   1   1   6  27   0   4   6   0   2   3   2   9  18  0.57 0.39
   75 E     1   1  -2   5  -8   1   5  -3  -1  -7  -6  -4  -7  -8  -7  -2  -3  -9  -6  -7   12   7   2  32   0   6  32   2   2   0   1   1   0   0   0   2   1   0   0   0  1.17 0.70
   76 R     2   3   0   3  -6   2   2  -1   0  -5  -3  -2  -3  -6  -5   0  -1  -7  -5  -3   16  14   5  15   0   9  14   6   3   0   3   2   1   0   0   8   3   0   0   2  0.45 0.37
   77 L     4  -4  -6  -5  -3  -4  -4  -1  -7   1   3  -6   3  -2  -6  -2  -1  -7  -6   1   36   1   0   1   1   0   1   5   0   7  26   0   7   1   0   3   4   0   0   8  0.76 0.50
   78 G     1   4  -2  -3  -1  -1   1  -1   0  -1   1   1   0  -1  -3  -1  -1  -5  -3   1   12  22   1   1   1   3   8   5   2   3  12   6   3   2   1   3   4   0   1  10  0.24 0.23
   79 E     2   3  -2   2  -5   2   2  -2   0  -3  -2  -2  -1  -2  -5   0  -1  -6  -4  -1   19  16   2  11   0   7  13   3   2   1   5   1   1   2   0   7   4   0   0   5  0.34 0.31
   80 Q     2   2  -2   2  -4   2   3  -3   2  -3  -1  -2  -2  -5  -2   0   0  -5  -4  -1   18  12   1  10   0  10  16   2   4   1   6   1   1   0   2   6   5   0   0   4  0.35 0.32
   81 G     3  -1  -5   0  -4  -2  -2  -1  -2   1   1  -4   2  -2  -4  -2  -1  -4  -5   3   29   4   0   5   0   1   3   5   1   7  15   1   4   1   1   3   3   0   0  17  0.40 0.33
   82 G     3   4  -1   1  -3   0  -2   0   2  -2   0  -1  -1  -4  -4   0  -1  -6  -3  -1   21  20   2   8   0   4   2   6   4   2   8   3   1   0   1   8   3   0   1   5  0.32 0.29
   83 S     4   2  -2   2  -6   0   0   1  -2  -5  -4  -3  -3  -6  -3   2  -1  -5  -5  -3   30  10   2  13   0   5   7   9   1   0   1   1   1   0   1  13   4   0   0   2  0.54 0.43
   84 N     1   2  -1   3  -5   0   1   3   1  -5  -3  -2  -4  -5  -3   1   0  -5  -5  -4   14  12   3  15   0   4   9  19   3   0   3   2   0   0   1   9   5   0   0   1  0.41 0.34
   85 E     0   1  -3  -1  -4   0   1   4  -3  -3   1  -2  -1  -5   1  -1  -1  -4  -5  -2    7   7   1   3   0   4  10  28   1   2  17   2   1   0   7   4   3   0   0   3  0.36 0.31
   86 Q    -1   3  -2  -2  -5   2   2  -2   0   0   1  -1   0  -2  -1  -2  -1  -4  -2   1    6  14   1   2   0   9  16   3   2   4  16   4   2   1   4   2   3   0   1   9  0.23 0.24
   87 R     2   5  -3  -4  -4   0  -2  -1   0  -2  -2  -1  -3  -5  -3   1   1  -3  -5  -1   18  32   1   1   0   4   2   4   3   2   3   3   1   0   1   9  10   1   0   5  0.60 0.44
   88 G    -4  -5  -7  -6  -9  -7  -7   8  -5  -9  -8  -5  -9  -8  -6  -5  -7  -9 -10  -7    2   1   0   0   0   0   0  93   0   0   0   1   0   0   1   1   0   0   0   0  2.80 1.25
   89 L    -2   5  -3  -3  -5   1   1  -4   3  -3  -2   0  -3  -5  -1   0   2  -3  -4  -1    3  31   1   1   0   5   9   1   6   2   4   5   1   0   3   8  14   0   1   5  0.58 0.43
   90 V    -5  -7  -9  -9  -7  -8  -8  -9  -9   2   5  -8  -2   0  -8  -8  -5  -8  -4   5    1   0   0   0   0   0   0   0   0  11  53   0   1   3   0   0   0   0   0  30  1.61 0.79
   91 R     1   6  -2  -4  -4  -3  -3  -5   1  -5  -5  -1  -4  -7  -7   2   3  -8  -5   0   10  40   2   1   0   1   1   1   3   0   1   4   0   0   0  12  15   0   0   7  1.00 0.63
   92 V    -5  -6  -9  -9  -7  -8  -8  -9  -9   5   4  -8   0   0  -8  -8  -6  -8  -6   5    1   0   0   0   0   0   0   0   0  31  30   0   2   3   0   0   0   0   0  32  1.57 0.76
   93 G     3  -7  -7  -7  -4  -8  -8   7  -8  -6  -7  -8  -8  -9  -8  -4  -6  -6  -9  -5   25   0   0   0   0   0   0  71   0   0   0   0   0   0   0   1   0   0   0   1  2.17 1.05
   94 A     5  -7  -6  -7   4  -6  -6  -3  -5  -3  -3  -6   1   3  -7   0   2  -7  -3   2   40   0   0   0   7   0   0   2   0   1   3   0   3  12   0   8  10   0   1  12  0.95 0.60
   95 I    -2  -6  -5  -6  -4  -5  -5  -2  -7   5   2  -6   2   0   0  -1   1  -6  -5   3    4   0   1   0   0   0   0   3   0  27  16   0   4   4   4   5  10   0   0  21  0.71 0.44
   96 A     0  -2  -2  -2  -7   1  -1   0   1  -5  -4  -5  -2  -4   6   1   0  -8  -4  -2    9   2   2   2   0   6   3   6   3   1   2   0   1   1  43  10   5   0   1   3  0.97 0.62
   97 S    -1  -7  -4  -6  -2  -5  -7  -3  -3  -4  -4  -7  -4  -6  -3   5   6  -9  -5  -3    4   0   1   0   1   0   0   2   1   1   2   0   0   0   2  43  40   0   0   2  1.55 0.91
   98 A     4  -6  -6  -7  -1  -5  -5  -4  -6   2   2  -6   0  -1  -3  -2   0  -7  -5   3   29   0   0   0   1   0   0   1   0  11  19   0   2   3   2   4   6   0   0  21  0.71 0.46
   99 Q     4  -5  -3  -3   2   0  -4   1  -3  -2   1  -5   1  -2  -2   1   1  -5  -4  -1   34   0   1   1   4   5   1   9   1   3  12   0   4   2   2  10   8   0   0   4  0.46 0.38
  100 A     3  -2  -1  -2  -1  -1  -2  -1   0   0  -1  -3  -1   0   2   1   2  -1   1  -1   24   2   2   2   1   3   2   4   2   5   6   1   2   4   9   9  13   1   6   4  0.23 0.25
  101 S     0   0  -1  -2  -5  -3  -3   3   3  -3  -3  -4  -4  -1  -2   2   2  -1   4  -1    6   4   3   3   0   1   2  21   6   1   2   0   0   3   2  14  11   1  15   4  0.43 0.35
  102 F    -2   0  -5  -1  -5  -3  -5  -5  -2   2   4  -4   0   2  -3  -4  -3   1  -1   2    4   5   0   4   0   1   0   1   1   8  42   1   2   8   2   1   2   2   2  13  0.65 0.41
  103 L    -4  -8  -9  -9  -5  -8  -9  -7  -9   0   6  -8   4   0  -6  -8  -5  -7  -5   2    1   0   0   0   0   0   0   0   0   5  68   0   8   4   0   0   1   0   0  13  1.71 0.84
  104 V     0  -7  -7  -7  -6  -7  -7  -4  -6  -6  -6  -7  -5  -5   8  -2  -3 -10  -9  -3    9   0   0   0   0   0   0   2   0   1   1   0   0   1  79   3   2   0   0   2  2.60 1.27
  105 D     1   3  -2   1  -6   1   1   0   0  -4  -3  -1  -2  -5   3  -1  -1  -3  -4  -3   13  16   1   9   0   7  10   6   2   1   3   4   1   0  17   5   3   0   0   2  0.41 0.34
  106 A     3  -4  -6  -6   1  -5  -6  -5  -5   2   2  -6   1  -2  -4  -3  -1  -2  -4   4   27   1   0   0   2   0   0   1   0  10  21   0   3   1   1   2   4   1   1  25  0.78 0.49
  107 L    -4  -8  -9  -9  -5  -8  -8  -9  -8   4   5  -8   2  -1  -8  -7  -4  -5  -6   2    2   0   0   0   0   0   0   0   0  21  57   0   4   2   0   0   1   0   0  12  1.55 0.76
  108 I     4   4  -3  -4  -4   0  -2   0  -1  -5  -2   0  -3  -6   0   0  -1  -4  -5  -2   35  20   1   1   0   4   2   8   2   1   4   6   1   0   4   5   3   0   0   3  0.60 0.45
  109 R     3   5  -3   0  -6   1   2  -2   0  -5  -3  -1  -3  -6  -4   0  -1  -3  -4  -2   22  26   1   6   0   5  11   4   2   0   3   4   1   0   1   6   4   0   1   3  0.54 0.41
  110 F    -4  -9  -7 -10   1  -9  -9  -9  -3  -2   3  -9   1   8  -9  -7  -7  -2   3  -2    2   0   0   0   2   0   0   0   1   2  23   0   3  54   0   0   0   1  10   3  1.96 0.90
  111 R     1   6  -3  -6  -2   1  -3  -4   5  -4  -4   1  -3  -5  -7  -1  -2  -6  -4  -3   10  42   1   0   1   7   1   2  14   1   2   8   1   1   0   4   3   0   1   2  1.16 0.67
  112 A     3   4  -3   0  -5   3   2  -2   1  -5  -4   0  -4  -6  -5  -1  -1  -5  -6  -3   20  21   1   5   0  13  14   3   3   1   1   5   0   0   0   5   4   0   0   2  0.61 0.46
  113 E     2   5  -3   1  -4   2   1  -3   1  -4  -2   0  -3  -7  -5   0   0  -7  -5  -4   16  31   1   6   0   9   9   1   3   1   4   5   1   0   0   6   5   0   0   1  0.66 0.47
  114 F    -3  -1  -3  -7  -1  -3  -7  -7   9  -7  -3  -7  -2   4  -9  -5  -6   1   7  -6    3   3   1   0   2   1   0   0  37   0   3   0   1  15   0   1   0   2  29   1  2.05 0.97
  115 P    -3  -5  -8  -6 -10  -7  -7  -7  -6 -10 -10  -7 -10 -11   9  -5  -6 -11 -10  -8    3   1   0   1   0   0   0   1   0   0   0   0   0   0  93   1   0   0   0   0  3.40 1.55
  116 R     0   2   1   3  -7   2   2   4   1  -7  -4   0  -3  -7  -5  -2  -3  -7  -5  -6    9  10   6  15   0   8  11  27   4   0   2   5   1   0   0   3   1   0   0   0  0.63 0.44
  117 C    -2  -8  -6  -9   0  -6  -8  -8  -5   4   3  -8   0  -5  -7  -6  -3  -3  -5   6    4   0   0   0   2   0   0   0   0  23  23   0   2   0   0   0   1   0   0  43  1.40 0.71
  118 R    -1   4  -2   2  -5   2   3  -3   2  -5  -5   0  -4  -5  -5   0   1  -7  -5  -2    5  21   2  10   0  10  22   2   4   0   1   4   0   0   0   7   8   0   0   3  0.63 0.46
  119 T    -4  -8  -8  -9  -4  -7  -8  -9  -8   4   4  -8  -1   1  -4  -7  -2  -4  -6   5    1   0   0   0   0   0   0   0   0  22  34   0   1   6   1   0   2   0   0  32  1.34 0.68
  120 R    -1   4  -1  -1  -4   2   1  -4   3  -2  -3  -1  -1  -1  -5   1   1  -6  -2   0    6  22   3   3   0   8  11   1   7   3   3   3   1   3   0  10   9   0   2   6  0.38 0.32
  121 I    -5  -7  -9  -9  -4  -6  -8  -9  -8   4   5  -8   0  -2  -5  -7  -5  -5  -5   4    1   0   0   0   0   0   0   0   0  19  48   0   2   1   1   0   1   0   0  26  1.48 0.74
  122 L    -1   4  -3  -3  -3   0   0  -5   4   0  -1  -1  -2  -1  -5  -1   0  -4  -2   2    4  24   1   1   0   5   7   1  11   6   7   3   1   3   0   6   7   0   1  13  0.44 0.34
  123 P    -2  -3  -3   4  -6   0   5  -5  -4  -3  -5  -4  -3  -5   3   0   0  -8  -5  -2    3   1   1  22   0   3  35   1   0   2   1   0   1   1  13   7   6   0   0   3  0.93 0.61
  124 G     1  -2  -2   2  -4  -1   0   4  -2  -3   0  -4   2  -5  -6  -1  -1  -7  -5  -2   13   3   2  10   0   3   5  35   1   1   8   0   6   0   0   4   3   0   0   3  0.56 0.40
  125 V    -1   0   1   0  -3   0  -2   0   0  -1   1  -1   0  -1   1   1   2  -4  -2   0    5   5   6   4   0   4   2   7   2   2  16   3   3   3   7  10  13   0   1   9  0.09 0.14
  126 S     2  -2  -2  -4  -4  -1  -3  -4  -4  -5  -4  -5  -2  -6   0   5   4  -4  -6  -3   14   2   2   1   0   3   1   1   0   1   1   0   1   0   5  44  21   0   0   2  1.03 0.70
  127 L     2   0  -1   2  -5   1   2   0   1  -2  -2  -2  -1  -4   1   0   0  -4  -3  -2   16   6   2  12   0   5  12   8   3   2   4   2   1   1   8   7   6   0   0   3  0.21 0.22
  128 D     0   2  -1   3  -6   3   4  -1   1  -4  -3  -2  -3  -5  -1  -1  -1  -4  -5  -2    9   9   3  13   0  10  26   5   3   1   2   2   1   0   3   4   4   0   0   4  0.46 0.37
  129 L    -2  -7  -6  -8   0   2  -7  -5  -5   2   5  -7   1  -3  -7  -5  -3  -7  -6   3    3   0   0   0   2   9   0   1   0  12  49   0   3   1   0   1   2   0   0  16  1.11 0.62
  130 L     1  -2  -5  -4  -3  -2  -1  -4  -1   2   3  -4   1  -1  -4  -3  -1  -3   2   2   12   2   0   1   1   2   4   1   1  10  31   0   3   2   1   1   3   0   6  16  0.47 0.33
  131 G     2   2  -2   3  -7   2   4  -1   0  -6  -5  -2  -4  -5  -2  -1  -1  -7  -5  -5   17  11   1  16   0   9  24   4   2   0   1   2   0   0   2   4   4   0   0   1  0.63 0.47
  132 L     3   3  -4  -1  -2   3   0  -1  -1  -5   0   0   3  -6  -3   0  -3   1  -5  -5   21  15   0   4   1  13   5   6   2   0  10   5   8   0   1   6   1   2   0   0  0.45 0.39
  133 V    -5  -8  -9  -9  -1  -8  -9  -9  -9   1   4  -8  -2  -4  -9  -8  -4  -8  -7   6    1   0   0   0   1   0   0   0   0   7  41   0   1   1   0   0   1   0   0  49  1.76 0.86
  134 D     1   4  -4   1  -3   1   2  -3   1  -2   1  -1   0  -5  -5  -2  -2  -6  -3  -1   12  24   0   7   1   6  12   2   4   2  15   4   2   0   0   3   2   0   1   4  0.42 0.34
  135 A     3   2   1   3  -6   1   2  -1   1  -5  -5  -2  -6  -7  -5   1  -1  -7  -6  -4   25  12   5  14   0   5  11   4   3   1   1   2   0   0   0  12   4   0   0   1  0.55 0.43
  136 G    -4   0   0   0  -5  -2  -3   7   1  -9  -8  -3  -8  -6  -8  -3  -7  -9  -6  -9    1   6   5   5   0   2   2  71   3   0   0   2   0   0   0   2   0   0   0   0  1.80 0.90
  137 E    -1   3  -3   2  -7   2   5  -3  -1  -4  -4  -1  -4  -6  -6  -1   0  -6  -6  -3    6  17   1  10   0   7  36   2   1   1   2   3   0   0   0   4   6   0   0   2  0.80 0.54
  138 I     1  -7  -8  -7  -1  -6  -7  -7  -4   3   5  -7  -2  -2  -7  -5  -4  -5  -4   3   12   0   0   0   1   0   0   0   0  17  43   0   1   2   0   1   1   0   0  20  1.11 0.60
  139 D    -6  -7  -5   8 -10  -4   1  -7  -1  -8 -10  -7  -9 -10  -8  -6  -7 -10  -9 -10    1   0   0  87   0   1   8   0   1   0   0   0   0   0   0   0   0   0   0   0  2.96 1.32
  140 L     3  -7  -7  -7   0  -6  -7  -5  -7   2   3  -7   2   4  -7  -6  -4  -4  -4   3   22   0   0   0   2   0   0   1   0   9  30   0   4  16   0   0   1   0   0  16  0.95 0.55
  141 A     6  -8  -6  -5  -3  -7  -7   5  -8  -4  -5  -7  -7  -8  -7  -4  -5  -8  -7  -2   55   0   0   1   1   0   0  36   0   1   1   0   0   0   0   1   0   0   0   3  1.74 0.91
  142 V    -5  -8  -9  -9  -4  -8  -8  -9  -8   5   4  -8  -1   4  -8  -7  -6  -5  -4   4    1   0   0   0   0   0   0   0   0  31  30   0   1  14   0   0   0   0   0  21  1.43 0.70
  143 L     1  -5  -3  -5   1  -5  -6   0  -6   2   2  -5   2  -4  -6  -1   1  -6  -5   4   10   0   1   0   3   0   0   8   0  12  19   0   5   0   0   4  10   0   0  25  0.58 0.38
  144 I     1   1  -2  -2  -3  -2  -3   0  -2   1  -1  -3  -1   1  -1   1   2  -1   0   2   12   8   1   2   0   1   1   7   1   9   6   0   1   5   3  12  13   1   3  13  0.17 0.18
  145 R     0   3  -3   0  -3   0   2   0   0  -2   2   0   0  -1  -2  -1   0  -2  -3  -2    9  16   1   5   0   4  12   8   2   2  18   4   2   2   2   3   5   0   0   3  0.17 0.18
  146 P    -1  -2  -2  -2  -4  -3  -4  -2   0  -4  -4  -4  -4  -3   7  -2  -1  -2  -1  -2    5   3   2   3   0   1   1   4   2   1   2   1   1   2  59   3   4   1   2   3  1.46 0.68
  147 P     0  -1  -1   0  -2  -1   0  -1  -1  -1  -1  -2  -2  -2   5  -1  -2  -2  -2   0    7   4   3   6   1   3   7   5   1   3   7   2   1   2  31   6   3   1   2   7  0.45 0.25
  148 F     0   1  -1   0  -2   0   0   1   0  -1   0  -1  -1   2   0   0   0  -1   0   0    7   8   2   6   1   3   5  10   3   4   7   3   1  12   6   5   7   1   2   7  0.05 0.07
  149 A     2   1  -1   1  -3   0   1   1   0  -2  -3  -1  -3  -4   1   0   0  -5  -4   0   20   7   2   7   0   3  11  12   3   2   3   2   1   0   8   6   6   0   0   7  0.22 0.21
  150 V     0  -1  -1   1  -3   0   0  -1   0   0   2  -2   0  -2   2  -1   0  -4  -2   0    9   4   2   9   0   5   7   5   2   5  20   1   2   1  11   4   6   0   1   6  0.12 0.13
  151 P    -1   0  -2   3  -5  -1  -1  -1   3  -3  -2  -3  -1  -4   5   1  -1  -5  -2  -3    6   5   1  14   0   3   4   5   7   1   4   1   1   1  30   9   3   0   2   2  0.63 0.40
  152 A     2   1  -2   1  -5  -1   1   0  -1  -4  -3   1  -3  -4   4   0  -1  -2  -4  -4   16   7   1   8   0   2   9   6   2   1   2  10   0   1  21   8   4   1   0   1  0.43 0.32
  153 D     0   0   0   4  -5  -1   2   4   0  -5  -4  -3  -4  -6  -3   0   0  -3  -4  -4    7   6   4  19   0   3  14  25   2   0   1   1   0   0   1   8   5   0   1   1  0.56 0.39
  154 L    -4  -6  -8  -8   1  -6  -6  -8  -6   2   6  -8   1   2  -8  -7  -4  -7  -2   2    1   0   0   0   2   0   0   0   0  10  61   0   2   9   0   0   1   0   1  11  1.41 0.71
  155 E     1   2  -2   1  -2   1   3  -2   2  -1  -2  -1  -3  -4  -4   0   0  -4  -4   1   11  11   1   9   1   6  20   3   5   3   4   3   0   0   0   6   6   0   0  10  0.29 0.27
  156 W     1  -1  -5  -6   1  -2  -3  -3   0   0  -1  -5  -1   4  -5   0   0   8   1   1   11   4   0   0   3   2   2   2   2   5   6   0   2  15   0   7   6  17   3  12  0.66 0.42
  157 R    -1   3  -4  -2  -3   2   4  -6   4  -1  -1  -1  -1  -3  -6  -2   2  -5  -3  -1    5  16   0   2   1   8  22   0   8   3   7   3   2   1   0   2  14   0   1   5  0.52 0.41
  158 T    -1   0  -4  -2  -3  -2   0  -4   1  -2  -1  -3  -2  -3   6  -2   2  -4  -5   0    6   5   0   2   1   2   6   1   3   2   6   2   1   1  39   3  11   0   0   8  0.80 0.53
  159 L    -5  -8  -9  -9  -5  -6  -6  -9  -6   3   6  -8  -1   1  -8  -6  -5  -1  -3   2    1   0   0   0   0   0   0   0   0  14  63   0   1   5   0   0   1   1   1  12  1.55 0.76
  160 V     1   1  -5  -4   1  -2  -3  -1  -1  -1   2  -4   1   4  -6  -3  -2   2   2   1   13   8   0   1   3   1   2   4   2   3  20   0   4  16   0   2   3   2   8   8  0.37 0.29
  161 A    -1   4  -1   2  -2   1   3  -4   2  -4  -4  -1  -3  -4  -4   1   1  -5  -4  -2    4  23   2  12   1   6  17   1   4   1   1   2   1   1   1   9   9   0   1   4  0.54 0.41
  162 E    -6  -6  -3   5 -10  -2   7  -7  -5 -10  -7  -5  -9 -10  -8  -5  -6 -10  -5  -7    1   0   1  33   0   2  60   0   0   0   1   0   0   0   0   1   0   0   0   0  2.23 1.12
  163 P    -1   3  -5  -1  -8  -2   2  -4  -1  -7  -6  -4  -5  -7   7  -2  -2  -9  -6  -5    5  15   0   4   0   2  15   1   1   0   1   1   0   0  48   3   2   0   0   1  1.43 0.82
  164 F    -6  -8  -6  -8  -3  -6  -8  -9  -3   0   5  -8   4   5  -6  -7  -6  -3   2  -2    0   0   0   0   1   0   0   0   1   5  48   0   9  25   0   0   0   0   7   3  1.52 0.76
  165 V    -1  -1  -6  -5   2  -3  -6  -3   1   1   1  -5   2  -1  -6  -4  -3   0   0   6    4   3   0   1   3   1   0   2   3   6  11   1   5   3   0   1   1   1   4  48  0.92 0.54
  166 L     3  -7  -8  -7  -2  -7  -8  -6  -8  -2   5  -7   0  -1  -6  -6  -5  -4  -6   4   24   0   0   0   1   0   0   0   0   2  44   0   2   2   0   0   0   0   0  23  1.25 0.70
  167 L     3  -7  -8  -6  -4  -7  -7  -7  -8   4   2  -7  -2  -2  -6  -5  -5  -2  -5   5   26   0   0   0   0   0   0   0   0  20  16   0   1   2   0   0   0   1   0  34  1.21 0.67
  168 A     3  -5  -5  -7   6  -5  -6  -3  -4  -2   2  -6   1  -1  -7  -3   0  -7  -4   4   21   1   0   0  15   0   0   2   0   2  21   0   3   3   0   2   6   0   1  24  0.85 0.52
  169 P     1   1  -3  -4  -5  -3  -7  -4   2  -9  -7  -5  -8 -10   8  -1  -5 -10  -7  -8   10   8   1   1   0   1   0   1   4   0   1   0   0   0  64   6   1   0   0   0  2.01 1.05
  170 A     3   2  -4  -2  -3   0   1  -4   0  -4  -2   0  -3  -7   4   0  -2  -4  -5  -2   24  12   1   3   0   3   9   1   3   1   4   5   0   0  22   7   2   0   0   3  0.58 0.44
  171 G     0   0   0   5  -5  -1   0   4   1  -6  -6  -2  -6  -6  -4   0  -1  -4  -6  -6    8   6   4  26   0   3   6  28   3   0   1   2   0   0   1   8   5   0   0   0  0.75 0.49
  172 L    -1  -3  -4  -2  -2  -4  -4  -5  10  -3  -1  -5  -1  -4  -6  -1  -2   1  -3  -2    7   2   1   3   1   1   1   1  60   2   6   1   1   1   0   4   3   2   1   3  2.08 0.98
  173 P     1   3  -4  -2  -3  -1  -1  -3  -2  -5  -5  -3  -5  -7   7  -2  -1  -5  -5  -3   13  14   1   2   1   3   5   3   1   1   1   2   0   0  45   3   4   0   0   2  1.17 0.70
  174 G    -1  -1  -4  -2  -3  -4  -2   1  -2  -2   5  -4  -1   1  -1  -2  -4   2  -3  -2    6   3   1   3   1   1   3  10   1   1  50   1   1   5   3   3   1   3   1   2  0.67 0.45
  175 D     5   1  -3   0  -3  -2  -1  -1  -3  -4  -3  -2  -2  -7  -1   0   0  -4  -6  -3   52   7   1   5   0   2   3   4   1   1   3   2   1   0   4   5   6   0   0   2  0.82 0.56
  176 D     1   3  -1   3  -3   0   0   1  -1  -3  -4   0  -3  -5  -1   1   1  -6  -5  -2   10  14   3  17   1   5   5  12   2   1   2   4   0   0   4   9   8   0   0   3  0.31 0.27
  177 W     1   5  -4  -1  -5   1  -1  -2   0  -2  -1   0  -3  -5   3  -2  -1   4  -5  -2   12  28   1   4   0   5   3   3   2   2   6   5   1   0  13   3   3   5   0   4  0.52 0.39
  178 R     1   4  -3   0  -4  -1   1  -2   1  -2   1   1  -1  -3   2  -1  -1  -4  -5  -2   12  20   1   5   0   3   8   2   3   2  13   9   1   1   9   5   3   0   0   3  0.27 0.25
  179 A     3   3  -4   1  -4   1   3  -3   0  -5  -5  -1  -4  -7  -3   1   0  -5  -6  -3   26  13   0   7   0   7  18   2   2   0   1   3   0   0   1  12   6   0   0   2  0.61 0.47
  180 L     1  -3  -5   2  -2  -2   0  -6  -3   2   3  -5  -1  -4  -4  -4  -2  -2  -4   3   11   2   0  11   1   1   6   0   1  12  29   0   1   0   1   1   2   1   0  20  0.57 0.39
  181 L    -3  -5  -9  -8  -7  -8  -9  -9  -6   0   6  -7   0  -1  -7  -5  -5  -4  -7  -1    2   1   0   0   0   0   0   0   0   5  80   0   2   3   0   1   1   0   0   4  1.90 0.91
  182 E     4   3  -3  -1  -2   1   1  -1  -2  -4  -3   0  -3  -6  -4   0  -1  -3  -5  -2   36  14   1   3   1   6   9   5   1   1   3   5   1   0   1   7   4   0   0   3  0.54 0.42
  183 T     1   1   0   3  -5   0   2   3  -1  -5  -5  -1  -4  -6  -3   0   1  -2  -6  -5   10   8   4  17   0   4  11  21   2   0   1   3   0   0   1   7   9   1   0   1  0.47 0.36
  184 A    -1   1  -2  -1  -3   3   5  -4   4  -5   0  -3  -1  -2  -6  -3  -3   0   2  -2    5   7   2   3   1  14  34   1   9   1   8   1   1   2   0   2   1   1   6   3  0.72 0.51
  185 P    -2   0  -4   0  -6  -3  -2  -5  -3  -8  -6  -3  -6  -9   8  -1   0  -9  -9  -5    4   6   1   5   0   1   3   1   1   0   1   1   0   0  65   4   5   0   0   1  1.88 0.99
  186 F    -5  -8  -9  -9  -5  -5  -8  -8  -3  -1   4  -8   0   7  -7  -8  -6   3   2  -1    1   0   0   0   0   0   0   0   1   3  31   0   2  45   0   0   0   4   7   5  1.72 0.82
  187 I    -4  -8  -9  -7  -5  -8  -7  -8  -9   7   2  -8  -2  -5  -8  -8  -6  -8  -7   5    1   0   0   0   0   0   0   0   0  51  15   0   1   0   0   0   0   0   0  30  1.89 0.87
  188 R     1   4  -4  -1   0  -1  -3  -1  -2  -2   3  -4   2  -1  -5  -1   0  -1  -3   0   11  21   0   4   2   2   1   5   1   2  25   0   4   2   0   5   6   1   1   6  0.37 0.32
  189 Y    -4  -2  -5  -7  -3  -4  -6  -5  -1  -1   3  -7   4   5   0  -4  -1  -2   5  -1    1   2   1   0   0   1   0   1   1   2  23   0   8  24   5   1   3   0  21   5  1.02 0.57
  190 D     1   1   0   4  -4  -1   1  -1   1  -6  -5  -2  -5  -6   3   2   0  -7  -4  -4   10   6   5  21   0   3   9   4   3   0   1   2   0   0  16  13   5   0   0   1  0.53 0.40
  191 R     0   6  -4  -2  -7   0   1  -3   1  -5  -3  -1  -5  -5   3  -1  -1  -7  -2  -4    8  39   1   2   0   4   8   2   4   1   3   4   0   0  12   5   4   0   1   1  0.83 0.54
  192 R     0   2   1   1  -6   0   0   4   1  -3  -4  -1  -1  -5  -2   1   0  -4  -5  -4    7  11   5   7   0   3   5  31   3   1   2   3   2   0   2   9   6   0   0   1  0.43 0.33
  193 S     1  -4  -2  -4   1  -2  -3  -3   4  -5  -3  -5  -3  -1  -1   5   3   1   0  -2    9   1   2   1   3   2   1   2   9   1   3   0   1   3   4  37  15   2   3   3  0.71 0.53
  194 F     1  -2  -2  -3   3  -4  -3   4  -1  -4  -4  -5  -3   0  -1   2  -2   6  -1  -2   11   3   2   1   7   0   2  28   1   1   2   0   1   5   3  14   3  11   2   4  0.65 0.44
  195 G    -1  -5   0  -4  -1  -4  -4   1  -3   1   2  -5   0   0  -1  -1   2  -3   1   2    5   0   5   1   1   0   1  13   0   7  23   0   2   3   4   5  12   0   4  14  0.30 0.26
  196 G    -1   7  -4  -6  -8  -3  -4   4   2  -8  -6  -5  -7  -4  -6  -3  -4  -4   0  -6    5  49   1   0   0   1   1  29   5   0   1   0   0   1   0   2   1   0   3   0  1.57 0.84
  197 R     1   4  -2   2  -5   2   1  -1   1  -3  -1  -1  -1  -4  -1  -1   0  -3  -4  -2   12  24   1  10   0   9   8   5   3   1   6   2   2   1   3   4   5   0   0   2  0.36 0.31
  198 R     0   0  -3  -3  -3   4  -2  -5   2   1   3  -3   2  -2  -4  -2  -1  -3   0   0    7   4   1   1   1  17   2   1   5   8  30   1   5   2   1   2   3   0   3   7  0.46 0.35
  199 V     1  -7  -6  -6  -3  -7  -7  -6  -7   5   2  -7   0  -2  -5  -4   1  -4  -4   4   12   0   0   0   0   0   0   0   0  28  15   0   2   2   1   1   7   0   1  30  1.02 0.56
  200 D    -1  -2  -2   6  -8   0   4  -4  -1  -2  -1  -4  -1  -5  -6  -3  -2  -3  -6  -2    6   2   2  40   0   4  22   1   1   3   7   0   2   0   0   2   3   0   0   3  0.96 0.59
  201 Q     2   4  -1   1  -5   3   1  -1   1  -5  -4  -1  -4  -6  -4   0   0  -7  -5  -4   19  22   2   8   0  11   9   6   3   0   2   3   0   0   0   6   6   0   0   1  0.53 0.41
  202 F     4  -2  -5  -5   0  -2  -2  -2   0  -2   0  -4   0   3  -6  -2  -1   4   3   0   33   2   0   0   2   2   3   3   2   2  11   1   2  11   0   2   3   5  10   6  0.57 0.41
  203 L    -1  -7  -8  -8   7  -6  -8  -8  -6  -2   4  -8   1   5  -6  -6  -5  -3  -3  -2    5   0   0   0  23   0   0   0   0   2  40   0   3  21   0   0   0   0   1   3  1.57 0.77
  204 R     3   5  -2  -2  -6   2   1  -2   1  -3  -2   0  -2  -5  -5  -1  -2  -5  -5  -3   25  27   1   2   0   9   8   3   4   1   5   5   1   0   0   4   3   0   0   2  0.61 0.44
  205 D     2   4  -2   1  -6   3   2  -2   0  -4  -3   1  -3  -6  -3   0  -1  -7  -5  -4   16  21   1   9   0  13  12   3   2   1   3   6   1   0   1   7   3   0   0   1  0.53 0.41
  206 Q     4   2  -1  -3  -1   2  -1  -3   4  -2  -1  -2  -1  -5  -4  -1  -2  -4  -4  -1   36  10   3   1   1   8   3   2  11   2   7   3   2   0   1   4   2   0   0   4  0.57 0.43
  207 R    -2   2  -1  -1  -4  -2  -3   7   0  -7  -7  -1  -8  -7  -3  -3  -5  -8  -6  -6    3   9   4   4   0   2   2  65   2   0   1   3   0   0   2   2   0   0   0   0  1.51 0.79
  208 I    -1  -2  -6  -7  -2  -3  -4  -5  -3   4   3  -5   0   5  -3  -4  -3  -3  -2   3    5   3   0   0   1   1   1   1   1  20  24   0   2  20   2   1   2   0   1  17  0.77 0.44
  209 A     1   3  -1   0  -4   2   1  -2   1  -3  -3   0  -2  -3   0   1   2  -3  -3   0   11  15   2   5   0   8  10   2   3   1   2   4   1   1   5   9  12   0   1   8  0.24 0.25
  210 V    -1   0  -5  -6  -4  -6  -4  -5  -6  -1   1  -5  -1  -1   7  -4  -3  -5  -5   2    6   5   0   0   0   0   1   1   0   3  13   1   2   3  46   1   2   0   0  15  1.20 0.70
  211 Q    -1   5   2   1  -3   2   0  -3   2  -4  -4   1  -4  -5  -2  -1   0  -5  -4  -2    5  29  10   7   1   9   6   2   5   1   2   7   0   1   2   4   6   0   0   4  0.56 0.40
  212 E    -1  -2  -4   0  -3  -2   2  -5  -4   3  -2  -4  -3  -3   3  -2  -1   1  -4   4    5   3   1   5   0   2  11   1   0  15   3   0   0   1  16   4   4   2   0  25  0.53 0.40
  213 A     3   2  -3  -2  -2  -1  -2  -1  -2   0  -1  -2  -1  -1  -3   0   0  -1  -4   3   25  10   1   2   1   2   2   6   1   5   5   1   1   2   1   6   6   1   0  22  0.33 0.30
  214 I    -2  -5  -5  -6   4   3  -4  -6   2   1   1  -6   5   4  -6  -4  -4  -1   4   0    3   1   0   0   7  14   1   1   4   7  12   0  15  14   0   1   1   1  12   6  0.82 0.51
  215 E    -4   0  -5  -1  -5   0   7  -7  -2  -7  -8  -5  -7 -10  -7  -3  -5  -5  -5  -3    2   6   0   4   0   4  76   0   1   0   0   0   0   0   0   2   1   0   0   2  2.11 1.09
  216 L     3  -6  -6  -7   0  -6  -6  -2  -7   1   2  -6   1  -1  -5  -1   1  -7  -5   4   21   0   0   0   2   0   0   4   0   6  22   0   3   2   0   5   8   0   0  27  0.71 0.47
  217 D     0  -1   2   4  -6   0   0   2  -1  -3  -4  -4  -4  -6  -1   1   1  -2  -5  -2    8   4   9  23   0   4   5  13   2   1   2   0   0   0   3  12   9   1   0   3  0.44 0.35
  218 E    -1  -2   0   1  -5   4   1  -2   5  -6  -4  -4  -3  -3  -5   4   0  -5   1  -6    5   2   5   9   0  15   9   3  12   0   2   0   1   1   0  26   5   0   4   0  0.68 0.51
  219 L    -2  -5  -2  -6  -5  -2  -6  -7  -1   3   4  -4   4  -1   1  -3   0   0  -1   2    3   0   2   0   0   2   0   0   1  15  32   1  11   2   6   2   5   1   2  12  0.65 0.41
  220 Q     1  -3  -2   2  -5   2   4  -1   3  -4  -3  -4  -2  -4  -1   1   0  -2  -4  -3   14   1   2  10   0  10  23   4   6   1   3   0   1   1   4  11   7   1   0   2  0.45 0.39
  221 A     4  -6  -5  -4  -4  -5  -5  -1  -7  -4  -3  -6  -2  -5  -6   1   6  -5  -6  -1   28   0   0   1   0   0   0   5   0   1   3   0   1   1   0   9  46   0   0   4  1.29 0.78
  222 M     2  -6  -7  -8  -4  -3  -7  -7  -6   6   2  -6   3  -4  -7  -4  -3  -7  -6   3   16   0   0   0   0   1   0   0   0  36  17   0   7   0   0   1   1   0   0  20  1.15 0.61
  223 V     1   0  -4  -5  -2   0  -2  -2  -3   2   2   0   0   0  -4  -2  -1  -4  -3   3   13   6   0   0   1   4   2   4   1  11  22   7   2   3   0   2   3   0   0  19  0.32 0.26
  224 Q     3   2  -1  -1  -4   1   1   3  -1  -4  -3  -1  -1  -6  -4   1  -2  -4  -5  -2   23  10   3   4   0   7   9  19   1   1   2   3   2   0   0  11   3   0   0   2  0.41 0.35
  225 L    -3  -8  -9 -10   1  -8  -9  -7  -8  -3   5  -8   8   1  -9  -6  -6  -5  -3  -4    3   0   0   0   3   0   0   0   0   1  53   0  32   4   0   1   0   0   1   1  1.99 0.96
  226 V     0  -9 -10 -10  -4  -9  -9  -9 -10   0  -4  -9  -6  -8  -9  -7  -4 -10  -8   8    8   0   0   0   0   0   0   0   0   4   1   0   0   0   0   0   1   0   0  85  2.54 1.16
  227 A     5   3  -3  -2  -3   0   2   0  -2  -4  -4  -2  -3  -5  -6   1  -3  -7  -4  -4   39  14   1   2   0   3  15   6   1   1   1   2   1   0   0  10   1   0   1   1  0.75 0.53
  228 R     5   1   0  -4  -2   1   0  -1   2  -4  -2  -3  -2  -4  -6   0  -3  -7  -4  -3   46   8   4   1   1   7   6   4   5   1   4   1   1   1   0   7   1   0   0   2  0.75 0.53
  229 G    -5  -4  -1  -3  -9  -5  -4   8  -9 -10  -9  -5  -9 -10  -9  -6  -6  -9 -10 -10    1   1   3   2   0   0   1  89   0   0   0   1   0   0   0   0   1   0   0   0  2.65 1.19
  230 Q    -2  -5  -7  -7  -3  -3  -6  -6  -1   1   6  -7   3   1  -5  -6  -4  -6  -3   1    4   1   0   0   1   1   0   1   2   6  62   0   6   5   1   1   1   0   1   8  1.26 0.66
  231 G    -4  -8  -7  -8  -5  -9  -9   8  -6 -10  -6  -8  -7 -10  -8  -7  -8  -9 -10  -8    1   0   0   0   0   0   0  96   0   0   1   0   0   0   0   0   0   0   0   0  3.02 1.31
  232 V     0  -8  -5  -7   0  -8  -8  -7  -7   4   0  -8  -2  -3  -7  -6  -3   0  -4   6    7   0   1   0   2   0   0   0   0  17   8   0   1   1   0   0   1   1   1  59  1.57 0.77
  233 A     5  -7  -6  -7  -3  -6  -7   0  -7  -7  -7  -6  -5  -8  -7   5   3  -9  -8  -5   42   0   0   0   0   0   0   7   0   0   0   0   0   0   0  33  16   0   0   1  1.48 0.86
  234 L    -1  -8  -8  -8  -4  -7  -8  -8  -8   5   4  -8  -1   0  -5  -6  -5  -5  -5   4    5   0   0   0   0   0   0   0   0  27  34   0   1   4   1   0   0   0   0  27  1.32 0.66
  235 A    -2  -8  -8  -9  -4  -5  -8  -8  -8   2   4  -8   2  -4  -8  -5  -3  -6  -7   6    3   0   0   0   0   0   0   0   0   8  36   0   4   0   0   1   2   0   0  45  1.47 0.73
  236 P    -3  -9  -6  -8 -10  -6  -8  -9  -9 -10  -8  -8  -9  -8   9  -2  -5 -10  -8  -6    2   0   0   0   0   0   0   0   0   0   0   0   0   0  90   4   1   0   0   1  3.26 1.48
  237 Q     3   3  -3   1  -5   1   2  -1  -1  -3  -1  -2  -1  -4  -3   1  -2  -1  -2  -3   21  18   1   7   0   6  13   4   2   1   7   2   2   0   1   9   2   1   1   2  0.36 0.31
  238 T    -1   0  -2  -4  -1  -4  -5  -2  -1   0   2  -5   3  -2  -1   3   1   5  -1  -2    5   5   2   1   1   1   0   3   2   4  21   0   8   2   3  24   7   7   3   3  0.45 0.36
  239 F     4  -2  -3  -2   2  -3  -3  -1  -3  -1  -1  -4   1  -1  -3   1   0  -2  -1   1   37   3   1   2   4   1   1   4   1   3   6   1   4   3   1   9   5   0   2  11  0.46 0.34
  240 A     3   0  -4  -3   0  -2  -4  -1  -2   0   2  -3   1  -1  -2  -2  -1  -1  -3   3   25   5   0   1   2   2   1   4   1   5  20   1   3   2   3   3   3   1   0  17  0.36 0.28
  241 Q     1   3  -2   0  -4   1   1  -2   1  -2  -1  -1  -2  -3   3  -1  -1  -1  -2  -3   10  18   2   5   0   6  10   4   3   2   6   3   1   1  16   5   5   1   1   2  0.31 0.27
  242 G     1   1   0   0  -2   0   0   1   0  -1   0  -1   0  -2   0   0  -1   3  -2  -1   14   8   4   6   1   4   5  10   3   3  12   2   3   2   5   7   3   4   1   5  0.07 0.10
  243 A     1   0  -2   0  -2   0   1  -1   0  -1   0  -2   0   0   3  -1  -1  -2  -2   0   14   6   1   6   1   5   9   5   2   3  12   1   3   4  13   5   3   1   1   6  0.13 0.14
  244 W     0   2   0   1  -3   0   0   0   1  -1   0  -1   0  -1   0  -1  -1   1  -2   0    9  15   5   7   0   4   6   8   4   3  11   3   2   3   5   4   3   2   1   7  0.08 0.10
  245 P     1   2  -2   1  -3   0   0   0   2  -2  -1  -3   0  -1   4   0  -1  -5  -2  -3   12  11   2   8   1   4   5   7   4   2   6   1   2   3  19   6   4   0   1   2  0.28 0.24
  246 A     1   2  -2   1  -4   0   1   0  -1  -4  -1  -1  -2  -3   3   0   0  -4  -2  -2   13  11   1   9   0   4   9   7   2   1   6   4   1   1  16   7   5   0   1   3  0.25 0.23
  247 G    -1   1   0   2  -5  -1  -1   5   0  -5  -4  -1  -3  -6   0   0  -1  -6  -5  -4    6   9   5   9   0   3   3  39   2   1   2   3   1   0   4   6   4   0   0   1  0.64 0.41
  248 V    -2  -3  -7  -8   1  -7  -7  -7  -6   3   4  -7   0  -2  -5  -6  -3  -6  -3   5    3   2   0   0   3   0   0   0   0  12  41   0   2   1   1   0   1   0   1  33  1.22 0.63
  249 R     2   5  -3  -4   0  -1  -2  -5   1  -2  -3   0  -5  -5  -4  -2   0  -3  -5   4   14  27   1   1   2   3   2   1   3   2   2   5   0   0   1   3   6   0   0  27  0.71 0.48
  250 A     2   0  -4  -4   1  -2  -2  -2  -2   0  -1  -1   0   1  -3  -1   1   1   3   2   15   6   0   1   3   2   2   2   1   6   6   3   2   6   1   5   8   2  12  17  0.27 0.24
  251 I    -3   5  -6  -7  -2  -4  -5  -7   0   2   3  -2  -1  -2  -5  -4  -2  -2  -4   3    2  27   0   0   1   1   0   0   3  12  23   2   1   2   0   1   2   1   0  21  0.85 0.51
  252 P     0   2  -4  -1  -8  -2   0  -5  -1  -7  -4  -3  -5  -7   7  -1  -2  -6  -5  -5    8  12   1   4   0   2   5   1   1   0   2   2   0   0  53   6   2   0   0   1  1.43 0.81
  253 L    -5  -6  -7  -8  -7  -8  -7  -9  -8   3   5  -8  -2   3  -5  -6  -5  -2  -5   2    1   0   0   0   0   0   0   0   0  14  59   0   1  12   1   1   1   1   0  11  1.48 0.73
  254 G     2   1  -2   1  -2  -1   0   2  -1  -2  -3  -2  -4  -5   1   1   1  -4  -4   0   15   9   1   7   1   3   7  14   2   2   2   2   0   0   8   9   9   0   0   7  0.23 0.23
  255 D     0   0   0   4  -4   0   2   3   0  -5  -5  -1  -4  -6   0  -1  -2  -5  -5  -4    8   5   5  23   0   3  13  20   3   1   1   4   0   0   6   5   2   0   0   1  0.52 0.36
  256 D     0   0  -2   0  -4  -2  -1  -2   0  -5  -3  -3  -4  -3   7  -3  -3  -6  -6  -3    9   5   2   5   0   2   4   4   2   1   3   2   0   2  52   2   2   0   0   2  1.25 0.71
  257 T     2   1  -3  -1  -2   0   0   1  -1  -2  -2  -1  -2  -4   3   0   1  -4  -4   1   16   8   1   4   1   4   6   9   2   2   3   2   1   1  16   6   9   0   0  10  0.27 0.26
  258 F     0  -4  -5  -5  -3  -3  -2  -4  -3   2   2  -5   0   2   5  -4  -2  -4  -2   2    9   1   0   0   0   1   3   1   1  10  21   0   2   7  24   1   2   0   2  13  0.62 0.41
  259 Y     0   2  -2  -1  -1   0   0  -2   3  -2  -2   0   0  -1  -2   1   2   0   1   0    7  13   1   3   1   5   6   3   7   2   3   4   2   3   2  11  13   1   5   8  0.16 0.19
  260 R    -2   8  -6  -6  -6  -5  -5  -5  -2  -4  -3  -4  -4  -3  -6  -2  -3   2  -6  -2    3  74   0   0   0   0   0   1   1   1   3   1   0   1   1   3   2   3   0   4  2.13 1.03
  261 E    -1   3  -1   1  -5   2   3  -4   1  -4  -5   0  -3  -5   0   0   3  -5  -5  -2    5  14   2   6   0   8  22   1   3   1   1   5   0   0   6   6  16   0   0   3  0.49 0.40
  262 I    -5  -6  -6  -8  -5  -6  -7  -8  -7   6   3  -6   1  -2  -6  -6  -1   1  -5   4    1   0   0   0   0   0   0   0   0  36  27   0   4   2   0   0   3   2   0  23  1.32 0.65
  263 G     2  -4  -4  -3   2  -2  -5   5   0  -4  -4  -6  -2  -4  -7   1  -1  -1   0   1   15   1   1   1   4   2   1  43   2   1   1   0   1   1   0   9   4   1   4  10  0.85 0.53
  264 L    -1  -7  -7  -9  -4  -7  -8  -8  -8   3   5  -8   3  -1  -8  -6  -5  -3  -5   3    6   0   0   0   0   0   0   0   0  15  52   0   6   3   0   0   1   0   0  16  1.32 0.67
  265 V     3  -7  -7  -8  -1  -5  -7  -6  -6   4   3  -7   0  -2  -6  -5  -4  -4  -2   4   22   0   0   0   1   0   0   0   0  18  22   0   2   2   0   0   1   0   2  28  1.00 0.56
  266 E    -3   3  -5  -5  -1   0   0  -6   4  -5  -3  -3  -1  -1  -7  -1   3   9   1  -2    3  13   0   0   2   5   6   0   9   1   3   1   1   2   0   6  15  25   4   3  1.10 0.64
  267 R    -2   7  -1  -3  -5  -3  -6  -5   3  -5  -1   0  -3  -7   1  -2  -4  -4  -4  -4    4  57   3   2   0   1   0   1   6   1   7   4   1   0   8   3   1   0   0   1  1.43 0.77
  268 P     1   5  -2  -3  -6   1  -1  -3   0  -4  -4   2  -4  -6   3   0   0  -5  -4  -3   13  30   1   1   0   5   4   2   2   1   2  11   0   0  12   6   5   0   0   2  0.67 0.46
  269 R     0   2   0   4  -6   0   0   3   2  -5  -5  -2  -5  -5  -2   0  -1  -7  -4  -4    6   9   4  20   0   5   7  25   5   1   1   2   0   1   2   7   4   0   1   1  0.55 0.39
  270 H     0   5   0   0  -2   0   0  -1   3  -5  -4   0  -2  -3  -1   2  -1  -4  -2  -3    7  30   5   6   1   4   5   5   7   0   2   4   1   1   3  13   3   0   2   2  0.51 0.37
  271 S     1   1  -3  -1  -4  -1  -1  -1   0  -3  -2  -3  -2  -2   4   2   1  -2   1  -1   13   7   1   3   0   3   4   4   2   1   3   1   1   2  19  16   9   1   5   4  0.35 0.31
  272 R    -1   4  -1  -3  -4   0  -2  -4   2  -2   3   0   0  -3   2  -1  -3  -2  -3  -2    4  20   3   2   0   4   3   2   4   2  29   6   2   1   9   4   1   1   1   2  0.44 0.33
  273 Q     1  -1   0  -2  -4  -1  -2  -1  -1  -4  -4  -3  -4  -6   1   5   1  -7  -6  -3    9   3   3   2   0   3   3   6   2   1   2   1   1   0   7  46   9   0   0   2  0.78 0.55
  274 P     2   2  -3  -3  -6  -2  -2  -3   1  -5  -4  -2  -2  -7   7  -3  -2  -8  -5  -3   14   9   2   2   0   2   3   3   3   1   2   2   1   0  50   2   2   0   0   2  1.29 0.74
  275 I     5  -4  -5  -5  -4  -3  -4  -2  -4  -1   2  -4  -2  -3  -1  -2  -1  -5  -5   1   46   1   0   0   0   1   1   2   1   4  20   1   1   1   4   2   4   0   0   9  0.82 0.53
  276 A     5  -3  -4  -6  -2  -3  -3  -3  -4   1   1  -5  -1  -2  -6  -2   1  -3  -5   2   40   2   1   0   1   1   1   2   0   7  13   0   2   2   0   3   9   0   0  16  0.72 0.49
  277 G     2   4  -1   1  -6   4   2  -2   0  -5  -2  -1  -4  -7  -3  -1  -1  -7  -6  -4   16  22   3   6   0  15  14   4   2   0   4   4   0   0   1   4   4   0   0   1  0.57 0.43
  278 R     5   2  -2  -4  -1  -1   0  -2   1  -3   0  -3  -2  -1  -3  -1   0  -7  -4  -1   42  11   2   1   1   3   6   3   3   1   8   1   1   2   1   3   5   0   0   5  0.57 0.43
  279 L    -6  -8  -9  -9  -4  -8  -9  -8  -8   0   4  -9   2   7  -9  -8  -5  -3  -4   0    1   0   0   0   0   0   0   0   0   4  34   0   4  47   0   0   1   0   0   7  1.87 0.87
  280 A     2   2  -5  -6   0  -3  -4  -3   0   2   3  -2   2  -1  -6  -2  -2   3   0   2   15  11   0   0   2   1   1   2   2  10  25   2   4   2   0   2   3   3   3  14  0.39 0.30
  281 D     2   1  -1   4  -5   2   4  -2   0  -6  -6  -1  -5  -6  -4  -1  -1  -7  -6  -5   15   7   3  22   0   8  25   4   2   0   1   3   0   0   1   5   4   0   0   0  0.73 0.50
  282 C     2  -1  -4  -4   2   0  -1  -5   2   1   2  -3   3   1  -5  -2   1  -3  -1   1   15   3   0   0   5   4   5   0   5   6  20   1   7   6   0   3   8   0   2  10  0.30 0.26
  283 I     1  -6  -8  -8  -1  -7  -7  -7  -7   3   5  -7   1   1  -7  -6  -4  -7  -4   3   10   0   0   0   2   0   0   0   0  14  49   0   2   6   0   0   1   0   0  16  1.14 0.61
  284 D     0   5  -4  -1  -3   1   0  -3   1  -2  -1   1   0  -5  -4  -1   1  -6  -5  -2    9  34   0   4   1   7   6   2   4   3   8   8   2   0   1   4   7   0   0   3  0.54 0.38
  285 A     3   1  -1   1  -5   2   3  -2  -1  -5  -4  -1  -2  -5  -4   0   0  -6  -4  -3   27   7   2   8   0   8  22   2   1   0   2   3   1   0   0   8   6   0   1   2  0.52 0.40
  286 A     3  -1  -4  -3  -1   2   0  -3   3  -1   0  -3   0  -1  -4   0   0  -3  -1   2   28   3   0   1   1   9   6   1   6   2   8   0   3   2   0   6   5   0   2  15  0.32 0.30
  287 A     5  -3  -5  -4   2  -4  -5  -2  -3  -1   1  -3   0  -1  -4   0  -1   2  -1   1   43   2   0   1   4   0   0   3   1   3  13   1   3   3   1   8   3   2   2   9  0.58 0.41
  288 R     1   6  -2  -3  -4   2  -1  -2  -1  -6  -5   1  -2  -7   0  -2  -1  -7  -6  -4   14  46   1   2   0   8   4   2   1   0   1   8   1   0   4   2   4   0   0   1  0.96 0.54
  289 Q     1   2  -1   1  -5   3   3  -2   0  -5  -4   0  -3  -4  -2   1   1  -6  -4  -3   13  10   2   8   0  15  19   2   3   0   1   4   0   0   1  11   8   0   0   1  0.45 0.34
  290 M    -1   0  -3  -4  -4   1  -2  -4   2   1   3  -2   2   1  -1  -1  -2   2   1   0    4   4   1   0   0   7   3   0   5   6  38   1   6   5   3   4   1   3   4   6  0.33 0.25
  291 A     5   0  -3  -3  -4  -1   1  -1  -4  -3  -4  -2  -4  -3   0   2  -1  -5  -4  -2   52   6   1   1   0   2   8   4   0   1   0   2   0   1   5  13   2   0   0   3  0.69 0.42
  292 D     0  -1  -1   5  -5   2   4  -1  -3  -5  -5  -1  -4  -3  -2  -1  -1  -5  -4  -3    8   2   1  34   0   8  28   4   0   0   0   2   0   1   2   4   4   0   0   1  0.72 0.35
  293 A     6  -4  -3  -4   2  -3  -3  -2  -4  -4  -4  -3  -3  -5  -3   2  -2  -5  -4  -3   80   0   0   0   4   0   0   0   0   0   0   0   0   0   0  15   0   0   0   0  1.28 0.47

                      K         Lambda
Standard Ungapped    0.1394     0.3245
Standard Gapped      0.0558     0.2670
PSI Ungapped         0.1824     0.3177
PSI Gapped           0.0558     0.2670
