
Last position-specific scoring matrix computed, weighted observed percentages rounded down, information per position, and relative weight of gapless real matches to pseudocounts
           A  R  N  D  C  Q  E  G  H  I  L  K  M  F  P  S  T  W  Y  V   A   R   N   D   C   Q   E   G   H   I   L   K   M   F   P   S   T   W   Y   V
    1 M   -4 -4 -5 -6  2 -4 -5 -5 -4 -2  0 -4  8  4 -5 -4 -4  8 -1 -2    0   0   0   0   5   0   0   0   0   0   4   0  44  22   0   0   0  24   0   0  1.57 0.49
    2 A    7 -4 -4 -4 -3 -4 -4 -1 -1 -4 -4 -4 -4 -5 -4  0 -3 -5 -5 -3   90   0   0   0   0   0   0   3   1   0   0   0   0   0   0   5   0   0   0   0  1.57 0.63
    3 T   -1 -1 -2 -3 -4 -1 -3 -2  6 -4 -4  0 -2 -4 -4  4  4 -5 -2 -3    3   2   0   0   0   2   0   3  25   0   0   5   1   0   0  31  28   0   1   1  0.89 0.48
    4 S   -3  1 -2 -4 -5 -1 -2 -3  3 -4 -5  7 -4 -5 -4 -1  0 -6 -4 -1    0   4   1   0   0   0   1   1   7   1   0  69   0   0   0   5   6   0   0   6  1.23 0.59
    5 K   -2  2 -1 -4 -6  0 -2 -3 -2 -5 -4  7 -1 -6 -4 -1 -2 -6 -5 -4    3   7   2   0   0   2   0   1   0   0   1  76   2   0   0   3   1   0   0   1  1.45 0.67
    6 S    3 -2 -2 -3 -3  0 -2  2 -3 -3 -2 -2 -2 -1  0  2  2 -4 -3 -2   31   1   0   0   0   4   0  19   0   1   2   1   0   3   4  20  13   0   0   2  0.46 0.34
    7 G    2 -3 -2 -3 -4  3 -2  4 -3 -4 -4 -1 -2 -5 -1  1 -1 -5 -4 -2   20   0   1   0   0  14   2  38   0   0   1   2   1   0   3  13   2   0   0   3  0.65 0.39
    8 G    0 -2 -3 -3 -5 -1 -4  6 -4 -6 -6 -2 -2 -6 -5  1 -1 -5 -5 -5    5   2   0   1   0   4   0  72   0   0   0   1   1   0   0   9   4   0   0   0  1.41 0.60
    9 S    1 -1 -1 -3 -1  0 -2 -1 -2 -4 -5 -1 -4 -5 -1  6  1 -5 -2 -3    8   3   2   0   1   5   1   4   1   1   0   3   0   0   2  61   7   0   1   1  0.87 0.55
   10 L    1 -1  0 -3 -1  0 -3 -2 -2 -2 -2  0 -3 -4 -2  3  4 -4  1  0   10   3   3   0   1   4   0   3   1   1   3   4   0   0   1  22  35   0   5   5  0.48 0.39
   11 K   -3  4  1 -3 -3  1 -1 -1  1 -4 -4  5 -2 -5 -4 -1  0 -5 -4 -3    1  23   5   1   0   5   2   4   3   0   0  43   1   0   0   2   6   0   0   2  0.83 0.48
   12 N   -3 -1  7 -2 -5  2 -2 -1 -1 -2 -3  0 -3 -5  0 -1 -2 -6 -3 -2    1   2  57   0   0   8   1   4   1   2   2   6   1   0   5   3   1   0   1   3  1.07 0.58
   13 G   -1  1  2 -1 -2  1 -3  4  2 -5 -4  2 -1 -5  0 -1 -2 -5 -4 -4    4   7  10   2   1   5   0  40   5   0   1  14   2   0   4   3   2   0   0   1  0.59 0.35
   14 R   -1  5  0 -3 -5  0 -2  2  1 -2 -4  3 -3 -2 -1 -1 -2 -5 -3 -3    3  39   4   0   0   3   0  14   3   2   1  18   0   2   3   3   2   0   1   1  0.66 0.40
   15 D   -2  1  1  5 -5  0  0 -1  0 -2 -4  3 -4 -2  1 -2  0 -5 -4 -4    1   6   5  35   0   3   4   4   3   3   0  20   0   2   7   2   5   0   0   0  0.58 0.35
   16 S   -1  2  0 -3 -1 -2 -3 -1  0 -3 -3 -1 -4 -1  1  5  1  0 -4 -3    4  11   3   0   1   1   0   3   3   1   1   2   0   2   6  51   6   1   0   1  0.66 0.47
   17 I    0  1  2 -1  0  0 -1 -2  0  0 -1  2 -1 -2  3  0 -1 -4 -1 -1    6   6  12   1   3   4   3   1   2   7   7  16   1   1  18   7   2   0   2   2  0.24 0.19
   18 S    0  1 -1  0 -4 -2 -2  3  1 -3 -4  0 -2 -2  5  1 -1 -4 -3 -4    5   7   1   5   0   0   0  28   3   2   0   5   1   2  27  10   2   0   0   0  0.60 0.31
   19 K   -2  3 -1 -3 -1  2 -2 -3  1 -4 -4  5 -3 -2 -1 -2 -2 -4  0 -1    2  13   3   0   1  10   0   2   4   0   0  47   0   2   3   2   2   0   3   5  0.73 0.41
   20 R   -2  4  2 -3  1  0 -1 -2  4 -1 -3  0 -1  1 -1 -2 -1  1  2 -3    2  33  10   0   3   2   1   2  12   3   0   4   1   6   3   2   3   2   9   0  0.46 0.30
   21 L   -3  3 -3 -4 -3 -1 -3 -4  0  1  4 -1  2  1 -4 -3 -3  4  1 -1    0  20   0   0   0   2   0   0   2   7  43   3   5   4   0   0   0   6   6   0  0.51 0.30
   22 G   -2  0  0 -3 -4 -3 -3  6 -3 -1 -4  0 -3 -4 -3 -1 -1  3 -4 -2    0   7   4   0   0   0   0  61   0   4   1   6   0   0   0   4   4   4   0   4  0.88 0.40
   23 V   -1 -3 -1 -3  1 -1 -1 -3 -3  1  1 -1  1  2  1 -1 -1  3  0  2    4   0   3   0   3   3   3   1   0   8  12   3   3  11   9   3   3   4   3  21  0.15 0.16
   24 K    0  1 -2 -2  3  1 -1 -2 -2  1 -1  1  2 -1 -2 -1  1  4  2  0    9   9   0   0   8   9   1   1   0   9   1   9   9   0   0   1   9   8   9   9  0.18 0.16
   25 R   -1  3 -3 -4  0 -1 -1 -4 -1  1 -1  4  0  0 -4 -2 -1  0 -1  1    5  20   0   0   2   2   3   0   2   7   5  24   2   5   0   2   3   1   2  13  0.36 0.33
   26 S   -1 -1  0 -2  0  0 -2  0  0 -1 -1 -1  0  4  0 -1  1  2  2 -1    4   2   6   2   2   4   2   7   3   2   6   2   2  19   4   5  10   2   7   4  0.11 0.19
   27 G    0 -2  2  0  1  0  0  3  2 -3 -2 -2 -2 -1  1  0 -1 -3  0 -1    8   0  10   5   3   3   4  24   6   0   3   0   0   3   7   6   3   0   3   3  0.18 0.20
   28 G    0 -1  1  0  2  1  0  0  2 -2 -1  0  1 -2 -2  0  0 -2  1  0    7   0   7   7   6   7   7   7   6   0   7   7   6   0   0   7   7   0   6   7  0.07 0.13
   29 Q    0  0  0  0  2  0  0 -1  2  0 -1  0  1 -2 -3  0  0  3  1  0    5   5   5   5   5   5   5   5   5   5   5   5   5   0   0   5   5   5   5   5  0.03 0.12
   30 F   -1  0  0  0 -3  0  0 -1  2  0 -1  0  1  0  0  0  0  3  1  0    5   5   5   5   0   5   5   5   5   5   5   5   5   5   5   5   5   5   5   5  0.06 0.08
   31 V    0 -2 -2 -3  3 -2 -2  1 -2  1  1 -2  2  1 -2 -1  1 -2 -1  1   11   1   0   1  10   0   1  11   0  11  11   1  10  10   1   1  11   0   0  11  0.12 0.09
   32 K   -1  0  0  0 -3  0  0 -1  2  0 -1  0  1  0  0  0  0  3  1  0    5   5   5   5   0   5   5   5   5   5   5   5   5   5   5   5   5   5   5   5  0.06 0.08
   33 A    0  0  0 -2  2  1  0  0  2  0 -1  0 -1 -2  1  0  0 -2  1  0    6   6   6   0   6   6   6   6   6   6   6   6   0   0   6   6   6   0   6   6  0.06 0.10
   34 G   -1  1  1  1 -3  1  1  0  2 -2 -2  1  1 -2 -2  0  0  4 -2  0    1   8   7   8   0   7   8   8   7   0   1   8   7   0   0   8   8   7   0   8  0.17 0.16
   35 E    0  0  1  0  2  1  0  0  2 -2 -2  0  1 -2  1  0  0 -3  1 -1    6   6   6   6   6   6   6   6   6   0   1   6   6   0   6   6   6   0   6   6  0.10 0.14
   36 I   -1 -1 -3 -3  2 -2 -3 -3 -3  4  1 -2  1 -1  1 -1  0 -3 -2  2    4   4   0   0   6   0   1   1   0  37  12   0   4   0   8   5   4   0   0  14  0.31 0.19
   37 I    0 -2  1 -3 -2  0 -2 -3  1  3  2 -2  2  1 -3 -2 -2 -3 -2  1    7   0   9   0   0   6   0   1   5  28  25   0   5   5   0   1   0   0   0   6  0.28 0.19
   38 V    0  0 -2 -3  3 -2 -2  0 -2  1  0 -2  2  1  1 -1  0  4  2  0    8   8   0   0   7   0   0   8   0   8   8   0   7   7   8   1   8   7   7   8  0.15 0.15
   39 R   -1  2  0 -2  3 -1 -2  0  1  2 -1  1 -1 -2  1 -1  0 -3  0  0    4  16   4   0   8   0   0   6   4  17   4   9   0   0   8   4   6   0   4   4  0.14 0.15
   40 Q   -1  1  2  0 -4  6  1 -3  3 -4 -3  0  1 -4 -3  0 -2 -4 -3 -3    6   5   8   6   0  42   6   1   8   0   1   5   5   0   0   6   0   0   0   1  0.67 0.37
   41 R    0  0  0 -2  2 -1  0 -3  2  0  0  0  1  1  1 -1  0 -2  1  0    7   7   7   0   6   0   7   0   6   7   7   7   6   6   7   0   7   0   6   7  0.07 0.13
   42 G   -1  0  0 -1  0  0 -1  3  2 -2 -2  0  0  1 -1  0  0 -4  0 -1    5   5   5   3   3   3   3  26   5   3   3   7   3   6   3   5   5   0   4   4  0.19 0.18
   43 T    0  0  0  0 -2  1  0 -2 -1  0  0  0  1  1  1  0  0 -2  1  0    6   6   6   6   0   6   6   0   0   6   6   6   6   6   6   6   6   0   6   6  0.06 0.09
   44 K    0  0  0  0  2  0  0 -1  2  0 -1  0  1 -2  0  0  0  3  1  0    5   5   5   5   5   5   5   5   5   5   5   5   5   0   5   5   5   5   5   5  0.07 0.11
   45 F    0  0  0 -3  2 -2 -2 -3  2  0  0  0  1  1  1  0  0  4  1  0    6   6   6   0   6   0   0   0   6   6   6   6   6   6   6   6   6   6   6   6  0.12 0.16
   46 H   -2 -1  0 -1 -4  0 -1 -2  6  0 -1 -1  1  1 -4 -1 -3  4  4 -1    3   4   4   3   0   3   3   3  24   6   6   4   4   4   0   5   0   6  13   4  0.47 0.35
   47 K    0 -1  1 -2  3  1 -1  0  2 -2 -1  0 -1 -2  1  0  0 -2  1  0    8   0   7   0   7   7   0   8   7   0   8   8   0   0   8   8   8   0   7   8  0.10 0.13
   48 G    0  1  1  1  3 -1  1  0 -1 -2 -1  1 -1 -2 -2  0 -1 -2  1 -2    9   9   9   9   8   0   9   9   0   0   9   9   0   0   0   9   0   0   9   1  0.11 0.10
   49 K   -1  0  0  0  2  0  0 -1  2  0 -1  0  2  1  0 -1  0  4  1 -1    5   5   5   5   5   5   5   5   5   5   5   5   5   5   5   5   5   5   5   5  0.09 0.08
   50 N   -2  0  1  1 -3  1  0  0  2 -2 -1 -1  1  1  1  0  0 -2  1 -2    1   7   7   7   0   7   7   7   7   0   7   0   7   7   7   7   7   0   7   0  0.11 0.14
   51 V    1 -2 -2 -2  3 -2 -2 -2 -2  1  1 -2  2 -1  2  1  1 -2 -2  1   11   1   0   1  10   0   1   1   0  11  11   1  10   0  11  11  11   0   0  11  0.17 0.10
   52 G   -1  0  0  0  2  0  0 -1  2  0 -1  0  1  0 -3  0  0  3  1  0    5   5   5   5   5   5   5   5   5   5   5   5   5   5   0   5   5   5   5   5  0.06 0.10
   53 L    0  0 -2 -2  2  0  0 -1  2  0  0  0  1  1 -3  0  0  3  1  0    6   6   0   0   5   5   6   6   5   6   6   6   5   5   0   6   6   5   5   6  0.05 0.14
   54 G    0 -1  0 -1  1  0 -1  5 -3 -1 -2 -1 -3 -1 -1  0 -1 -4 -4 -1    6   4   5   3   4   3   3  41   0   3   3   3   0   3   3   6   3   0   0   5  0.42 0.32
   55 R    0  0  0  0  2  0  0 -1  1  0 -1  0  1  0  0  0  0 -2  1  0    5   5   5   5   5   5   5   5   5   5   5   5   5   5   5   5   5   0   5   5  0.03 0.05
   56 D   -2  2  3  5  2 -3 -1 -1 -4 -5 -5  0 -5  0 -5 -1 -1 -5  0 -1    4  10  14  32   5   0   4   4   0   0   0   6   0   4   0   4   4   0   4   4  0.65 0.41
   57 Y   -2  0  1  1  2  0 -1 -1  6 -4 -2  0  0  1 -4 -2 -1  2  4 -4    3   5   6   9   4   3   4   5  19   0   4   7   2   5   0   3   4   3  14   0  0.41 0.32
   58 T   -2 -1  0 -1  1 -3 -3 -4  0 -4 -4  0 -1  1 -4  2  6  1 -1 -2    2   3   4   3   3   0   0   0   3   0   0   5   2   5   0  13  49   2   2   2  0.75 0.49
   59 I   -4 -1 -2 -5 -4 -4 -4 -5 -4  3  5 -1  2 -1 -2 -4 -3 -4  0  0    0   3   2   0   0   0   0   0   0  17  54   5   5   2   3   0   0   0   3   4  0.78 0.43
   60 F   -3 -2 -2 -5 -1 -3 -3 -5  2 -2 -1 -2  1  5 -5 -3 -2  2  7  0    2   2   2   0   2   1   2   0   5   2   6   2   4  23   0   2   3   2  34   6  0.97 0.51
   61 A    6 -4 -4 -4 -1 -3 -4 -1  2 -4 -4 -2 -1 -3 -1  2 -1 -5 -1 -2   62   0   0   0   1   0   0   3   4   0   0   1   2   1   2  14   3   0   2   2  0.99 0.57
   62 L   -1 -1 -2 -3 -2 -1 -2 -2 -4  0  4  1  3 -1 -4 -1  0 -4 -3  0    5   2   1   1   1   2   2   3   0   3  41  12  10   1   0   4   7   0   0   4  0.39 0.30
   63 S    0  0 -2 -2  3  0  2 -3  0  2 -2  2 -1 -1  0 -1  0 -4 -1  2    6   4   1   1   8   4  14   1   2  13   1  13   1   3   4   3   5   0   1  14  0.19 0.20
   64 S    0 -3  1  4 -3 -2  2 -3  2 -4 -5  0 -4 -3  3  0 -1  2 -2 -2    8   1   5  25   1   1  13   1   5   1   1   5   0   1  15   6   3   3   1   2  0.52 0.35
   65 G   -3 -6 -5 -2 -7 -6 -6  7 -6 -8 -8 -6 -7 -7 -6 -2 -1 -7 -7 -7    2   0   0   3   0   0   0  87   0   0   0   0   0   0   0   3   4   0   0   0  2.28 0.92
   66 K   -2  1 -2 -4  0 -1 -2 -4  1  2  0  1 -1  1 -4  0  1  1  3  1    3  10   1   0   2   1   1   0   3  12   7  10   1   7   0   7  11   2  12   9  0.22 0.22
   67 V   -3 -6 -6 -7 -5 -6 -6 -7 -6  1  0 -6 -3  1 -6 -3 -4 -6 -5  7    2   0   0   0   0   0   0   0   0   4   6   0   0   5   0   2   0   0   0  79  1.79 0.75
   68 E   -1  3 -2 -2 -3  2  1 -4  3 -2 -2  3  2 -1 -3 -1 -2 -5  0 -1    4  18   1   1   1  11   7   1   8   2   3  23   5   2   1   3   2   0   4   4  0.45 0.32
   69 F   -6 -6 -7 -7 -6 -6 -5 -7 -2  2 -3 -5 -1  8 -7 -6 -3  2  5  0    0   0   0   0   0   0   1   0   1  11   1   1   1  60   0   0   1   2  15   6  1.91 0.75
   70 K   -3  2 -1 -1 -5  0  2 -1 -1 -3 -4  0 -3  0 -4  1  3 -2  4 -3    1  11   3   3   0   3  17   4   1   1   1   6   0   3   0   8  20   0  16   1  0.46 0.35
   71 T   -3  3 -2 -2  3  0 -2 -1  0 -3 -3  4 -4 -2 -2 -1  2  2  0 -1    1  16   1   1   5   3   1   5   3   1   1  32   0   1   2   3  12   3   3   5  0.52 0.36
   72 L   -2  0  1  0 -3  2  3 -2  5 -2 -2  2 -1  1 -3 -1 -2 -4  0 -2    3   5   6   3   0   8  22   3  13   2   4  13   1   6   1   3   2   0   3   3  0.37 0.28
   73 K   -3  3  0 -3 -6 -1 -1 -2 -1 -4 -4  5 -3 -5  3 -1 -1 -3 -1 -2    1  17   5   1   0   1   4   3   1   1   1  33   1   0  17   3   4   0   2   4  0.70 0.42
   74 G   -2  1  2  2 -2 -1 -1  3 -2 -3 -1  3 -2 -3 -2 -1  0 -5 -3 -3    1   6  11  12   1   1   3  24   1   1   6  19   1   1   2   2   5   0   1   2  0.37 0.26
   75 R   -4  7  0 -4 -6 -2 -3 -5  3 -3 -4  3 -3 -4 -4 -2 -3 -3  0 -4    1  55   4   1   0   1   1   1   6   2   2  16   0   1   1   3   2   0   3   1  1.31 0.63
   76 K   -4  4  0 -4 -4  1 -1 -4 -3 -6 -5  6 -3 -5  0 -1  0 -6 -5 -3    1  23   3   0   0   6   3   1   0   0   1  43   1   0   6   3   6   0   0   2  1.04 0.54
   77 Y   -4 -1 -5 -6 -2 -3 -2 -6  0 -2 -1 -1 -2  5 -6 -4  0  4  6 -1    1   4   0   0   1   1   2   0   2   2   6   4   1  26   0   1   7   6  31   5  1.08 0.52
   78 V   -2 -7 -4 -7 -3 -4 -7 -7 -7  5 -2 -6 -3 -3 -7 -6 -3 -7 -5  6    3   0   1   0   1   1   0   0   0  36   1   0   0   1   0   0   1   0   0  56  1.70 0.70
   79 S   -2 -1  2 -1 -1 -3 -2  3  6 -5 -5 -3 -5 -4 -5  4 -1 -6 -2 -3    2   3  11   3   1   0   2  19  17   1   0   1   0   0   0  33   2   0   1   2  0.78 0.46
   80 I   -5 -7 -7 -8 -5 -7 -7 -8 -8  4 -2 -7 -3 -5 -7 -6 -4 -7 -6  7    0   0   0   0   0   0   0   0   0  19   2   0   0   0   0   0   0   0   0  79  2.15 0.80
   81 V   -4 -6 -6 -6 -4 -5 -6 -7 -6  4  3 -5 -2 -3 -6 -5 -3 -5 -4  5    0   0   0   0   0   0   0   0   0  24  29   0   0   0   0   0   0   0   0  47  1.28 0.46

                      K         Lambda
Standard Ungapped    0.1357     0.3164
Standard Gapped      0.0569     0.2670
PSI Ungapped         0.1858     0.3175
PSI Gapped           0.0569     0.2670
