
Last position-specific scoring matrix computed, weighted observed percentages rounded down, information per position, and relative weight of gapless real matches to pseudocounts
            A   R   N   D   C   Q   E   G   H   I   L   K   M   F   P   S   T   W   Y   V   A   R   N   D   C   Q   E   G   H   I   L   K   M   F   P   S   T   W   Y   V
    1 M    -1  -2  -3  -4  -2  -1  -2  -3  -2   1   2  -2   7   0  -3  -2  -1  -2  -1   0    0   0   0   0   0   0   0   0   0   0   0   0 100   0   0   0   0   0   0   0  0.57 0.06
    2 P    -1  -2  -3  -2  -3  -2  -2  -3  -3  -2   0  -1  -1  -3   7  -1  -1  -4  -3  -2    0   0   0   0   0   0   0   0   0   0  18   0   0   0  82   0   0   0   0   0  1.56 0.04
    3 G     2  -2  -1  -2  -1  -2  -2   4  -2  -1  -2  -1  -1  -2  -2   0  -1  -3  -2   0   39   0   0   0   0   0   0  44   0   0   0   0   0   0   0   0   0   0   0  17  0.39 0.02
    4 T    -1  -1   4   2  -2  -1  -1  -1  -1  -2  -3  -1  -2  -3  -2   1   4  -4  -2  -2    0   0  44  11   0   0   0   0   0   0   0   0   0   0   0   0  45   0   0   0  0.51 0.07
    5 I    -1   2  -2  -3  -2  -1  -2  -3  -2   4   1  -1   0  -1  -2  -2  -1  -2  -1   2    1  18   1   1   0   0   1   1   0  53   1   1   0   0   1   1   1   0   0  20  0.23 0.04
    6 S     0  -1   0  -1  -2  -1  -1  -1  -2  -3  -3  -1  -2  -3   3   4   2  -3  -2  -2    0   0   0   0   0   0   0   0   0   0   0   0   0   0  19  70  11   0   0   0  0.58 0.07
    7 S     0  -2   0   2  -2  -2  -1   3  -2  -1  -2  -2  -2   1  -2   1  -1  -2  -1   0    0   0   0  19   0   0   0  36   0   0   0   0   0  11   0  16   0   0   0  18  0.25 0.04
    8 S     0  -1   4   0  -2   0   2  -1   0  -3  -3   0  -2  -3  -2   3   0  -4  -2  -3    0   0  37   0   0   0  18   0   0   0   0   0   0   0   0  46   0   0   0   0  0.47 0.06
    9 G     1  -1   4   0  -2  -1  -1   2  -1  -3  -3  -1  -2  -3  -2   2   0  -3  -2  -2   17   0  37   0   0   0   0  15   0   0   0   0   0   0   0  31   0   0   0   0  0.42 0.06
   10 F    -2  -3  -3  -4  -2  -3  -3  -4  -1   0   1  -3   0   6  -4  -3  -2   0   4   1    0   0   0   0   0   0   0   0   0   0  12   0   0  56   0   0   0   0  17  15  0.60 0.07
   11 G    -1  -2   0   2  -3  -1   1   5  -2  -4  -4  -1  -3  -4  -2  -1  -2  -3  -3  -4    0   0   0  12   0   0  17  71   0   0   0   0   0   0   0   0   0   0   0   0  0.80 0.07
   12 F    -2  -3  -4  -4  -2  -3  -4  -4  -3   4   1  -3   0   4  -4  -3  -2  -1   0   2    0   0   0   0   0   0   0   0   0  70   0   0   0  30   0   0   0   0   0   0  0.52 0.09
   13 S     1  -1   3   0  -2   2   0  -1  -1  -3  -3   0  -2  -3  -2   3   0  -3  -2  -2   13   0  22   0   0  13   0   0   0   0   0   0   0   0   0  51   0   0   0   0  0.43 0.09
   14 I    -2  -3  -3  -4   3  -3  -3  -4  -1   2   1  -3   0   3  -3  -2  -2   0   4   1    0   0   0   0   8   0   0   0   0  26   9   0   0  20   0   0   0   0  26  10  0.39 0.06
   15 A     2  -2  -1  -2  -1  -1  -1  -1  -1   0  -1  -1  -1   2  -2   2   1  -1   2   0   26   0   0   0   0   0   0   0   0  12   0   0   0  13   0  27  14   0   8   0  0.19 0.05
   16 K    -1   4  -1  -1  -4   3   0  -2   2  -3  -3   3  -2  -3   2  -1  -1  -3  -2  -3    0  33   0   0   0  20   0   0   9   0   0  26   0   0  13   0   0   0   0   0  0.54 0.08
   17 Q    -1   1  -1  -1  -4   2   0  -2   4  -3  -3   5  -2  -3  -2  -1  -1  -3  -2  -3    0   0   0   0   0  13   0   0  14   0   0  74   0   0   0   0   0   0   0   0  0.65 0.11
   18 P    -1   2   1  -1  -3   3   0  -2  -1  -3  -3   2  -2  -4   4   0  -1  -3  -2  -3    0   9  10   0   0  25   0   0   0   0   0  22   0   0  26   8   0   0   0   0  0.56 0.07
   19 H    -1  -1   1  -1  -3  -1  -1  -2   6  -3  -3  -1  -2   0  -2   2  -1  -1   4  -3    0   0   8   0   0   0   0   0  40   0   0   0   0   0   0  30   0   0  22   0  0.57 0.10
   20 S    -1  -3  -3  -3   6  -3  -3  -3  -3   1   2  -3   0   3  -3   0  -1  -2   0   0    0   0   0   0  30   0   0   0   0  13  22   0   0  22   0  13   0   0   0   0  0.40 0.07
   21 S     1  -2  -2  -2  -2  -2  -2   1  -2  -1   0  -2  -1  -1  -2   2  -1   7  -1   0   12   0   0   0   0   0   0  11   0   0  13   0   0   0   0  29   0  25   0   9  0.46 0.08
   22 G    -1   1   2  -2  -3  -2  -2   6  -2  -4  -4  -1  -3  -4  -3  -1  -2  -3  -4  -4    0  10  10   0   0   0   0  80   0   0   0   0   0   0   0   0   0   0   0   0  1.01 0.13
   23 Q    -1   1  -2  -2  -2   1  -1  -3  -2   2   1   1   0  -2  -2   0  -1  -3  -2   3    0   7   0   0   0  10   0   0   0  11  10  17   0   0   0   6   0   0   0  38  0.16 0.06
   24 K     0   3  -1  -2  -2   0  -1  -2  -1  -2  -2   3  -1   1  -2   2   1  -3  -1  -1    8  20   0   0   0   0   0   0   0   0   0  25   0   9   0  22  11   0   0   6  0.24 0.08
   25 T    -2   2   5   4  -4   0   1  -2  -1  -4  -4   0  -3  -4  -2   0   1  -4  -3  -3    0  19  42  26   0   0   5   0   0   0   0   0   0   0   0   0   8   0   0   0  0.62 0.14
   26 V    -1  -1   1   2  -3   0   4  -2  -1  -2  -3   1  -2  -3  -2   1   1  -4  -3   0    0   0   8  14   0   0  40   0   0   0   0   7   0   0   0   7  15   0   0   8  0.39 0.10
   27 I    -1  -2  -2  -3   2  -2  -2  -3  -1   3   0   0   0   0  -3   0   0  -1   4   2    0   0   0   0   6   0   0   0   0  27   0   8   0   0   0  10   7   0  21  21  0.24 0.10
   28 D    -2  -3  -2   1  -2  -2   0  -4  -3   3   2  -2   2  -1  -3  -2  -1  -2   1   1    0   0   0  13   0   0   7   0   0  39  25   0   6   0   0   0   0   0   5   5  0.29 0.11
   29 G    -1   2  -1  -1   1   1   0   2  -2  -2  -1   3  -2  -3  -2   1   2  -3  -2  -2    0  10   0   0   5   5   6  17   0   0   7  26   0   0   0   9  17   0   0   0  0.23 0.09
   30 F    -2  -3  -4  -4   6  -3  -4  -4  -3   2   1  -1   0   4  -4  -3  -2  -1   1   1    0   0   0   0  23   0   0   0   0  17  15   4   0  27   0   0   0   0   5   9  0.49 0.14
   31 F     0  -1   2   0  -2   2   0  -2  -1  -3  -2  -1  -2   2  -2   3   2  -2   1  -2    4   0  11   4   0  14   5   0   0   0   0   0   0  11   0  31  15   0   4   0  0.28 0.13
   32 L    -2  -3  -3  -4  -2   0  -3  -1  -2   1   2  -2   5   2  -3  -1  -2  -2   3   1    0   0   0   0   0   5   0   6   0  10  18   0  26   8   0   4   0   0  12  11  0.31 0.14
   33 G    -1  -1   4   0  -4  -1  -1   3   1  -4  -4   3  -3  -4  -3  -1  -2  -4  -3  -4    4   0  28   3   0   0   0  28   5   0   0  33   0   0   0   0   0   0   0   0  0.62 0.21
   34 T     0  -1   3  -1  -3   1   2   2  -1  -4  -4   2  -3  -4  -2   1   1  -4  -3  -3    6   0  18   0   0   4  19  18   0   0   0  15   0   0   0  14   7   0   0   0  0.37 0.15
   35 R    -2   5   2  -2  -4   1  -1   0  -1  -4  -4   3  -3  -3  -3  -2  -2  -3   1  -2    0  47  15   0   0   4   0   7   0   0   0  18   0   0   0   0   0   0   6   3  0.70 0.25
   36 K    -1   1   2   1  -3   0   1  -1  -2   0  -3   3  -2  -1  -2   2   1  -4  -2  -2    0   4  10   8   0   0   9   2   0  10   0  30   0   3   0  16   8   0   0   0  0.27 0.16
   37 I     1  -3  -3  -3  -2  -3  -2  -3  -3   4   2  -1   1   1  -3  -1  -1  -3  -2   2   12   0   0   0   0   0   3   0   0  37  16   4   3   7   0   3   3   0   0  12  0.32 0.16
   38 S    -1   1   2   0  -3   0   1  -2   1  -1  -3   2  -2  -3  -2   2   2  -4  -3  -2    0   9   9   5   0   0  10   0   4   6   0  20   0   0   0  17  20   0   0   0  0.31 0.16
   39 F    -3  -1  -4  -5  -3  -4  -4  -5  -4   4   3  -4   0   4  -4  -4  -1  -3  -1   1    0   3   0   0   0   0   0   0   0  35  28   0   0  23   0   0   2   0   0   9  0.67 0.24
   40 S    -2  -2   5   4  -4  -1   0  -1  -2  -5  -5   1  -4  -5  -3   2  -2  -5  -4  -4    2   0  31  31   0   0   3   3   0   0   0  12   0   0   0  19   0   0   0   0  0.78 0.28
   41 Y    -2   1   0  -2  -3   0   0  -3   1   1   1   0   0   2  -3   0   0  -2   2   0    0   8   7   0   0   4   5   0   3   9  17   5   0  12   0   6   6   0  11   7  0.12 0.10
   42 L    -2   0   4   1  -3   0   0   0  -2  -3  -2   2  -3  -4  -3   0   2  -4  -3  -1    0   5  31   8   0   2   2   6   0   0   3  17   0   0   0   3  17   0   0   5  0.42 0.21
   43 R    -2   2   0   1  -4   2   1  -2   0   0  -3   4  -2  -4  -3   0   0  -4  -3  -1    0   9   2   7   0   7  11   3   3   8   0  36   0   0   0   6   4   0   0   5  0.35 0.18
   44 L    -2  -3  -4  -1  -3  -3  -4  -5  -4   4   3  -1   2   1  -4  -3  -2  -3  -2   2    0   0   0   4   0   0   0   0   0  27  34   5   7   7   0   0   0   0   0  17  0.52 0.21
   45 E    -2   0   4   0  -3  -2  -1  -3  -1   0  -1  -2   1   1  -3   1   1  -2   3  -1    0   5  25   3   0   0   2   0   0   8   4   0   5   6   0  15   7   0  15   3  0.29 0.19
   46 S    -1   0   3   2   1   1   1  -1  -2  -1  -3   2  -3  -4  -2   2  -1  -4  -3  -3    2   3  16  11   3   7   6   4   0   4   0  20   0   0   0  21   2   0   0   0  0.34 0.18
   47 E    -1   2   1   0  -3   2   2   0  -1  -1  -2   2  -2  -1  -2   0   0  -3   0  -2    0  11   6   5   0   9  16   7   0   4   4  18   0   3   0   9   3   0   3   2  0.20 0.11
   48 L    -2  -4  -4  -5   1  -4  -4  -5  -4   4   2  -2   0   1  -4  -3  -1  -4  -2   3    0   0   0   0   3   0   0   0   0  33  23   3   0   5   0   0   3   0   0  30  0.62 0.24
   49 M    -2  -1  -2   1  -3  -1   1  -4  -3   2   2   1   2   0  -3  -2  -2   2  -2  -1    3   3   0  12   0   0  11   0   0  16  29  12   7   5   0   0   0   3   0   0  0.24 0.16
   50 Q    -1   1   3   0  -4   2   0   0   1  -1  -3   3  -2  -4  -3   1   0  -4  -3  -3    3   7  21   3   0  10   3   5   3   4   0  24   0   0   0  12   5   0   0   0  0.37 0.18
   51 C     1  -1   0  -1   2  -1   0  -1   0  -1  -1  -1   0   2  -2   1   2  -3  -1   0   18   3   3   2   6   0   6   3   2   3   3   3   3  13   0  14  14   0   0   5  0.12 0.11
   52 I     0  -3  -4  -4  -2  -3  -4  -4  -4   5   1  -1   1  -2  -4  -3  -2  -4  -3   4    8   0   0   0   0   0   0   0   0  42   8   6   3   0   0   0   0   0   0  34  0.64 0.24
   53 N     0   1   1  -1  -3   0   1  -2  -1  -2  -1   2  -2  -1  -2   2   1  -3   0  -2    6   5   8   0   0   3   7   0   0   2   8  20   0   2   0  23  12   0   4   0  0.21 0.14
   54 L    -1   2   2   1   0   0   2   0   0  -3  -1   3  -1  -3  -1   0  -1  -4  -3  -3    4  12  11   6   2   0  13   7   2   0   5  22   2   0   2   7   2   0   0   0  0.22 0.11
   55 K     0   0   0  -2   0   3   0  -2  -1   0  -1   1  -1  -1   0   2   0  -3   0  -1    6   3   4   0   2  21   2   0   0  10   6   9   0   2   3  21   4   0   3   4  0.16 0.13
   56 N     0  -1   4   0   0   0  -1   1  -1   0  -2  -1  -2  -2  -1   1   1  -3   1  -1    4   2  26   3   3   5   0  14   0  10   1   0   0   0   3  11   9   0   6   3  0.21 0.13
   57 E    -1   0   0   0  -3   1   2   0  -2  -2  -2   2   0  -3  -1   1   2  -4  -3   0    0   4   3   5   0   4  16   7   0   0   0  21   4   0   2   8  16   0   0  11  0.20 0.11
   58 G    -1   0   2   0  -3   0   1   2   0  -2  -1   2  -2  -2  -2   0   0  -3   0  -2    1   1  15   4   0   0  13  17   2   1   7  22   0   0   1   6   3   0   4   3  0.20 0.09
   59 K     0  -1   2   4  -3   0   1  -1   2  -1  -3   2  -2  -3  -2   0  -1  -4  -2  -2    7   0   9  31   0   0  10   3   7   6   1  20   0   0   0   3   1   0   0   1  0.37 0.14
   60 M    -2  -2   0  -3  -2  -2  -2  -3  -2   3   1  -2   2   3   1   0   0  -2   0   1    1   0   6   0   0   0   1   1   0  23  12   1  10  19   6   6   6   0   0   6  0.22 0.11
   61 N    -1  -1   3   2  -3   1   0   0  -1  -1  -1   0  -2  -1  -2   2   0  -3   0  -1    3   2  17  11   0   8   1   6   0   3   7   7   0   2   0  23   4   0   4   2  0.17 0.10
   62 E     1  -1  -1   0   0   3   3  -1  -1  -3  -1   0  -1  -3  -2   1   0  -3  -2  -2   14   0   0   2   2  15  31   4   0   0   6   4   2   0   0  13   5   0   0   0  0.31 0.14
   63 W    -5  -5  -6  -6  -4  -4  -5  -5  -4  -4  -4  -5  -3   2  -6  -5  -5  12   0  -5    0   0   0   0   0   0   0   0   0   0   0   0   0   7   0   0   0  93   0   0  3.59 0.43
   64 M    -2   1  -2  -3   0   0  -1  -3  -2   1   1   3   1   2  -3  -2  -2   4  -1   0    0   9   0   0   3   4   0   0   0  15  10  28   6  13   0   0   0   8   0   5  0.23 0.11
   65 R    -1   2   0   0   1   1   1  -1  -1  -1   0   2  -1  -2  -2   1  -1  -3   0  -2    2  17   4   3   5   7   8   3   0   4  10  24   0   0   0  11   0   0   3   0  0.18 0.08
   66 E    -2  -1   1   4  -4   5   3  -3  -1  -4  -4  -1  -3  -5  -3  -1  -2  -4  -3  -4    0   0   4  35   0  45  16   0   0   0   0   0   0   0   0   0   0   0   0   0  0.93 0.23
   67 E    -2  -1  -2   0  -5   0   7  -4  -2  -5  -4   1  -4  -5  -3  -2  -2  -4  -4  -4    0   0   0   0   0   0  95   0   0   0   0   5   0   0   0   0   0   0   0   0  1.44 0.31
   68 C    -1   4  -1  -2   2   2   0  -3  -2  -3  -3   3  -2  -4  -2   0   2  -4  -3  -2    3  32   0   0   6   8   3   0   0   0   0  26   0   0   0   3  20   0   0   0  0.49 0.15
   69 I    -1   1   1  -1  -3   0   1  -3  -2   2  -1   2  -1  -2  -2  -1   2  -3  -2   0    0   7   7   0   0   0  12   0   0  20   4  22   0   0   0   0  21   0   0   6  0.20 0.11
   70 C    -1  -2   0  -2   1   1  -2  -3  -3   1  -1  -2  -1  -3  -2   0   4  -4  -2   2    2   0   4   0   3   7   0   0   0   9   0   0   0   0   0   5  44   0   0  25  0.39 0.16
   71 F    -3  -3  -3  -4  -3  -1  -3  -4   2   0   0  -3   0   4  -4  -3  -2   0   6   0    0   0   0   0   0   2   0   0   5   6   8   0   3  22   0   0   0   0  47   7  0.82 0.19
   72 V    -2  -3  -4  -4  -2  -3  -3  -4  -4   3   2  -3   0  -1   4  -3  -2   2  -2   2    0   0   0   0   0   0   0   0   0  28  24   0   0   0  28   0   0   3   0  17  0.62 0.15
   73 S     1  -2  -1  -2   2  -2  -2  -2  -2  -4  -4  -2  -3  -4   1   6   0  -4  -3  -3    7   0   0   0   5   0   0   0   0   0   0   0   0   0   6  82   0   0   0   0  0.90 0.26
   74 R     3   3  -1  -2  -2  -1  -1   0  -2  -2  -3   0  -2  -3  -2   3   0  -4  -3   0   30  25   0   0   0   0   0   7   0   0   0   0   0   0   0  28   3   0   0   7  0.37 0.14
   75 D     0  -1  -2  -1  -2  -1   1  -3  -3   2   1  -1   2   0  -3   0   0  -3  -2   2    7   4   0   3   0   0  14   0   0  20  14   2   7   3   0   5   7   0   0  15  0.15 0.10
   76 V    -3  -5  -5  -5   2  -5  -5  -6  -5   6  -1  -5  -1   0  -5  -4  -3  -5  -3   4    0   0   0   0   4   0   0   0   0  56   0   0   0   3   0   0   0   0   0  37  1.20 0.37
   77 N    -4  -3   8  -2  -5  -3  -3  -3   2  -6  -6  -3  -5  -5  -5  -1  -3  -6   0  -6    0   0  89   0   0   0   0   0   5   0   0   0   0   0   0   3   0   0   4   0  2.06 0.55
   78 K    -3   5  -2  -3  -5   4  -1  -4   1  -2  -4   5   1  -5  -3  -1  -3  -5  -3  -4    0  31   0   0   0  18   0   0   3   2   0  40   4   0   0   3   0   0   0   0  0.96 0.34
   79 Q     0  -2  -1  -1   2   2   3   0  -2   0  -2   0  -2  -3  -3   0   3  -4  -3  -1    8   0   2   0   5   9  22   8   0   6   3   4   0   0   0   6  24   0   0   2  0.27 0.17
   80 L    -4  -5  -6  -6  -4  -5  -6  -6  -5   7   1  -5   2   0  -5  -5  -3  -5  -3   0    0   0   0   0   0   0   0   0   0  83   9   0   4   3   0   0   0   0   0   0  1.54 0.44
   81 D    -5  -4  -1   8  -6  -3  -1  -4  -4  -6  -7  -4  -6  -6  -4  -3  -4  -7  -6  -6    0   0   0 100   0   0   0   0   0   0   0   0   0   0   0   0   0   0   0   0  2.47 0.60
   82 I    -2   0   4   2  -4   1   0  -1   1  -1  -2   2  -2  -4  -3  -1   0  -4  -3   0    2   5  24  12   0   6   4   3   3   4   4  20   0   0   0   0   7   0   0   7  0.31 0.16
   83 F     1  -3  -1  -3   0   1  -2  -3   2   2  -1  -2   1   3  -3  -2   0  -2   3   1   18   0   2   0   2  10   0   0   6  14   2   0   4  16   0   0   6   0  12   7  0.26 0.17
   84 A     1  -5  -1  -5  10  -4  -4  -4   0  -3  -2  -4  -3  -4  -4   0  -3  -4  -1  -1   14   0   4   0  63   0   0   0   3   0   2   0   0   0   0   5   0   0   3   5  1.72 0.44
   85 K     1   1   1   0  -2  -1   0  -1   0   0  -1   1   0  -2   0   0   1  -3  -2   0   11   7   8   3   0   0   6   2   3  10   5  15   3   1   3   7  11   0   0   4  0.08 0.07
   86 N    -2   2   2   0  -1   3   2   0   0  -3  -3   1  -2  -4  -3   0   0  -4  -3   0    0  11  10   5   2  16  18   8   2   0   0   8   0   0   0   5   6   0   0   9  0.29 0.15
   87 N    -3   0   4  -1   0   1  -2  -3   1  -3  -1   2   0  -1  -3   0  -2  -2   4  -3    0   4  31   2   2   8   0   0   3   0   5  15   2   2   0   6   0   0  19   0  0.50 0.24
   88 Q     0   0   4  -1  -4   2   0   2   1  -4  -4   1  -3  -4  -3   1   0  -4  -3  -4    8   3  28   0   0  12   5  21   3   0   0   8   0   0   0   8   4   0   0   0  0.47 0.20
   89 T     0   1   0  -2   2   0  -1  -1  -2   0   0   1   1   0  -2   0   1  -3  -2   1    5   7   3   0   7   4   0   3   0   7   7  15   4   4   0   9  11   0   0  14  0.09 0.09
   90 T     0  -1   3  -1  -3  -1  -1   0   1   0  -3   4  -2  -4  -3   1   0  -4  -3   0    5   0  18   2   0   0   0   7   4   6   0  32   0   0   0  13   5   0   0   8  0.33 0.20
   91 I    -3  -5  -5  -5  -3  -4  -5  -6  -5   6   3  -5   1   0  -5  -4  -3  -4  -3   1    0   0   0   0   0   0   0   0   0  60  29   0   3   3   0   0   0   0   0   6  1.09 0.34
   92 P    -1  -2   2   1  -3  -2  -2   1  -3  -4  -4   0  -3  -4   2   4   2  -5  -4  -3    0   0  10   7   0   0   0   9   0   0   0   6   0   0  11  44  13   0   0   0  0.61 0.27
   93 G     1   0   2   1  -3  -1   0   1  -2  -2  -4   3  -3  -4  -1   1   0  -4  -3  -3   10   3  12   9   0   0   4   8   0   3   0  29   0   0   2  13   5   0   0   0  0.33 0.17
   94 C     0   0   1   1   0   1   4  -3   2  -3  -4   3  -3  -4  -3  -1   0  -4  -3  -2    9   2   5   8   2   3  31   0   6   2   0  22   0   0   0   2   5   0   0   2  0.43 0.20
   95 V    -1   0   1   3  -3   2   3  -3  -2  -2  -1  -1  -2  -3  -3   1   1  -4  -1   1    2   5   8  18   0   9  20   0   0   0   5   0   0   0   0  10   9   0   2  12  0.29 0.16
   96 R    -3   5  -3  -3  -6  -1  -2  -4  -3  -5  -5   6  -4  -5  -4  -3  -3  -5  -4  -5    0  38   0   0   0   0   0   0   0   0   0  62   0   0   0   0   0   0   0   0  1.56 0.46
   97 E     1   1   0   2  -3   3   1  -1  -2  -2  -2   2  -2  -4   0   0  -1  -4  -3  -2   15   6   5  12   0  15   9   3   0   2   2  18   0   0   4   3   3   0   0   3  0.26 0.13
   98 R    -1   3   1   0  -4   1   2  -1   1  -1  -1   1  -1  -2  -1   0  -2  -3   2  -2    3  23   7   4   0   7  14   3   3   4   7   7   2   0   2   6   0   0   9   0  0.22 0.13
   99 V    -3  -5  -5  -5  -3  -4  -5  -6   0   6   2  -4  -1  -2  -5  -4  -2  -4  -3   4    0   0   0   0   0   0   0   0   2  52  16   0   0   0   0   0   0   0   0  30  1.03 0.32
  100 F    -5  -2  -5  -6  -5  -5  -6  -6  -3  -3   0  -5  -2   8  -6  -5  -5  -2   3  -3    0   3   0   0   0   0   0   0   0   0   9   0   0  81   0   0   0   0   8   0  1.95 0.48
  101 Q     0   0   3   1  -3   1   0  -1  -2  -2  -2   2  -2   1  -2   2   1  -3  -2  -2    7   2  19   8   0   5   4   3   0   2   2  16   0   8   0  16   7   0   0   2  0.23 0.14
  102 R     0   2  -2  -2  -3   1   0  -3   3   0   1   2   0  -1  -3   0  -1  -2   1  -1    8  11   0   0   0   9   6   0   9   6  16  13   3   1   0   9   0   0   7   2  0.15 0.11
  103 A     0  -4  -4  -4  -2  -3  -4  -4  -4   5   1  -3   1  -2  -4  -3   1  -4  -3   3    6   0   0   0   0   0   0   0   0  43  10   0   2   0   0   0  10   0   0  29  0.64 0.24
  104 S     0  -1   0  -1  -3   0   3  -2   3  -3  -3   1   0   0  -2   3  -1  -3   0  -3    6   2   3   0   0   2  26   0   9   0   0  10   4   5   0  32   0   0   3   0  0.40 0.21
  105 F    -2   2   4   0  -4   2   2  -2  -1  -3  -3   3  -2  -1  -3   1  -1  -4  -1  -2    0   9  25   3   0  11  11   0   0   0   0  19   0   4   0  11   0   0   1   3  0.42 0.19
  106 H    -1   1   1   2  -3   0   2  -1   3  -3  -3   2  -1  -1  -2   0   0  -3   2  -3    5   6   5  17   0   0  15   2   8   0   0  17   3   3   0   5   6   0   9   0  0.27 0.13
  107 C    -2  -2  -1  -3   0  -1  -1  -4   2   0   2   1   0   2  -3  -1  -2  -1   4   0    2   0   4   0   2   3   4   0   5   5  30  10   0   9   0   3   0   0  20   3  0.26 0.15
  108 G    -2  -1   4   1  -4   2  -1   3   3  -4  -4   1  -3  -4  -3   0  -1  -4  -3  -4    0   1  24   8   0  12   2  24   9   0   0  10   0   0   0   6   3   0   0   0  0.49 0.19
  109 F    -1  -3  -3  -1  -2   0  -2  -4  -3   4   2  -3   2   2  -3  -2   0  -3  -2   1    5   0   0   3   0   5   2   0   0  37  23   0   5   9   0   0   6   0   0   6  0.36 0.17
  110 S    -1   0   2  -1  -3   1   1  -3  -2  -3  -3   4  -2  -3   0   1   2  -3   0  -3    3   3  10   0   0   3  10   0   0   0   0  36   0   0   5   9  17   0   5   0  0.41 0.20
  111 L    -3  -4  -5  -5  -3  -4  -4  -5  -4   1   5  -4   0   0  -4  -3   1  -3  -2   0    0   0   0   0   0   0   0   0   0   5  79   0   0   3   0   0   9   0   0   4  0.94 0.31
  112 D    -3  -3   4   6  -5  -2   1   0  -2  -4  -2  -2  -4  -5  -3   0  -2  -5  -4  -4    0   0  22  58   0   0   5   5   0   0   6   0   0   0   0   5   0   0   0   0  1.04 0.32
  113 V     0  -2   0  -2   0  -1  -1  -3  -2   2   0  -2   1   1   3   1   0  -3   0   2    4   0   5   0   2   3   2   0   0  14   3   0   5   6  14  16   6   0   3  18  0.18 0.11
  114 R     0   2   4  -1  -3  -1  -1   0  -2  -1  -3   3  -2  -4  -3   1   0  -4  -3  -1    5  13  30   0   0   0   0   5   0   4   0  23   0   0   0  10   5   0   0   5  0.41 0.19
  115 C     3  -4  -3  -4   8  -3  -3   0  -4  -3   0  -3  -2  -4  -3   1  -2  -4  -4  -2   35   0   0   0  39   0   0   6   0   0   8   0   0   0   0  13   0   0   0   0  0.99 0.32
  116 A     6  -3  -3  -3  -2  -3  -3  -2  -3   0  -3  -3  -3  -4  -3   0   2  -4  -4  -2   79   0   0   0   0   0   0   0   0   5   0   0   0   0   0   5  11   0   0   0  1.00 0.36
  117 Q    -3  -1   2  -2  -5   8   0  -4  -2  -5  -5   1  -3  -6  -4  -2  -3  -4  -4  -5    0   0   9   0   0  86   0   0   0   0   0   5   0   0   0   0   0   0   0   0  1.78 0.46
  118 T    -1  -3  -1  -2  -3  -2  -2  -2  -3  -4  -4   0  -3  -4   1   6   3  -5  -4  -3    0   0   0   0   0   0   0   0   0   0   0   4   0   0   5  73  18   0   0   0  1.04 0.34
  119 S    -1  -3  -1  -2  -3  -2  -2  -2  -3  -4  -5  -2  -4  -5  -3   6   2  -5  -4  -4    0   0   0   0   0   0   0   0   0   0   0   0   0   0   0  90  10   0   0   0  1.40 0.41
  120 T    -3  -5  -5  -5  -3  -4  -5  -5  -5   7   0  -4   2  -2  -5  -4   0  -4  -3   2    0   0   0   0   0   0   0   0   0  82   0   0   5   0   0   0   6   0   0   7  1.28 0.34
  121 H    -1   1   3  -1  -3  -1   0   2   0   1  -1   2   0  -3  -3   0   0  -4  -3   0    0  10  17   0   0   0   4  16   3  12   2  21   2   0   0   3   4   0   0   7  0.20 0.12
  122 H    -3  -2   0  -3  -5   5  -1  -1   9  -5  -5  -2  -3  -4  -1  -2  -1  -4  -1  -5    0   0   2   0   0  29   0   5  57   0   0   0   0   0   3   0   4   0   0   0  1.49 0.38
  123 M     0  -3  -2  -3   3   0  -2  -3   1   3   0  -2   2   0  -3   0   1  -3   0   2    9   0   0   0   8   5   0   0   4  26   4   0   6   4   0   6  13   0   2  12  0.20 0.12
  124 I    -1  -4  -4  -4  -2  -3  -4  -5  -4   3   3  -4   0  -1  -4  -3   0  -4  -2   3    2   0   0   0   0   0   0   0   0  24  39   0   0   0   0   0   6   0   0  29  0.63 0.20
  125 L    -1   0   0  -2  -2   2   0  -3  -2   1   2  -1   3  -1  -3   0   0  -2   1   0    3   6   7   0   0  12   5   0   0  10  26   2  11   0   0   7   3   0   6   3  0.15 0.10
  126 N    -2  -1   5   2  -3  -2  -2   2  -2  -4  -4  -2   0  -4  -3   2   2  -4  -3  -3    0   3  34  10   0   0   0  19   0   0   0   0   3   0   0  19  12   0   0   0  0.57 0.20
  127 S    -2  -2   4   2  -3   0   0  -3  -1   1  -3  -2  -1  -2  -3   2  -1   1   3  -1    0   0  29  15   0   3   4   0   0  11   0   0   2   0   0  16   0   2  13   5  0.41 0.21
  128 L     0   1   1  -2  -3  -1  -1   0   0   0   1   2  -1  -2   2   0   0  -3  -2  -1    6   7   7   0   0   0   3   7   2   6  18  20   0   0  11   7   3   0   0   3  0.13 0.09
  129 Y    -1  -1   2   1  -1  -1   2  -1   1  -3  -3  -2   1  -1  -3   2  -1   2   4  -3    3   2  11   9   2   0  16   2   2   0   0   0   5   0   0  22   0   3  23   0  0.39 0.20
  130 F    -2   0  -3  -4  -3  -2  -3  -2  -3   2   2   0   0   4  -3  -1  -1  -2  -1   2    0   6   0   0   0   0   0   4   0  12  20  10   0  25   0   4   2   0   0  17  0.28 0.15
  131 Q     0   0   3   1  -3   0   1   0  -1   0  -2   1  -1  -3  -2   1   1  -4  -3   0    6   4  18   8   0   2   8   8   0   7   2   8   2   0   0  13   7   0   0   6  0.15 0.09
  132 K    -1   0   2   0  -4   0   2   0   0  -4  -4   4   0  -4  -3   0   0  -4  -3  -3    2   2  12   2   0   2  14   7   3   0   0  41   3   0   0   6   5   0   0   0  0.46 0.20
  133 K     0   0  -2  -2  -3   1   0  -2  -2  -1   0   5   0  -3  -3   1  -1  -4  -3  -1   10   1   0   0   0   7   2   2   0   2   9  50   3   0   0   9   2   0   0   3  0.45 0.22
  134 M    -3  -4  -4  -5  -3  -1  -4  -5  -4   5   3  -4   3   0  -4  -3  -1   1  -2   2    0   0   0   0   0   4   0   0   0  45  28   0   9   2   0   0   3   2   0   7  0.67 0.24
  135 D     0   0   2   4  -4   0   2  -2   1  -1  -2   0  -3  -4  -3   0  -2  -4  -3  -3   11   6  12  36   0   3  11   0   5   5   3   3   0   0   0   5   0   0   0   0  0.45 0.18
  136 T     0   1   1   0   0   0   2  -1  -2  -3  -3   3  -1  -4  -2   1   1  -4  -3  -2    7   8   9   4   2   0  14   3   0   0   0  30   2   0   0  10   9   0   0   2  0.31 0.15
  137 L    -3  -1  -5  -5   1  -1  -4  -5  -4   1   5  -4   0   4  -5  -4  -3  -3  -1  -1    0   3   0   0   3   4   0   0   0   5  67   0   0  19   0   0   0   0   0   0  0.82 0.28
  138 F    -2  -3  -1  -3   7  -1  -2   0  -2   0   0  -3  -2   3  -4  -2  -2  -2   3   1    0   0   3   0  29   3   3   8   0   5   6   0   0  19   0   2   0   0  11   9  0.53 0.21
  139 G    -1   2   0   1  -3   1   2   1  -1   0  -2   2  -2  -3   0   1  -1  -3  -2  -2    1  12   3   6   0   6  17   9   0   8   1  15   0   0   3  16   0   0   0   1  0.23 0.12
  140 S     0  -1   2   0  -3   0   1   2   1  -3  -2   1  -2  -4   0   2   0  -4  -3  -3    3   0  15   4   0   2  10  20   4   0   3  10   0   0   3  19   5   0   0   0  0.30 0.14
  141 A     0   0   2  -1   0   0   0   0   2   0   0  -1   3   0  -2   0   0  -3  -2   0    6   5  14   0   3   4   7   8   7   5   6   0  17   3   0   3   6   0   0   5  0.10 0.11
  142 D    -1  -2   2   5  -3  -1   1  -2  -2   0  -2  -1  -3  -3   0   2  -1  -4  -1  -3    2   0  10  42   0   0   5   0   0   7   3   3   0   0   3  20   0   0   3   0  0.55 0.23
  143 V    -2   4   0  -3  -3  -1  -2  -3   2  -2   0   0   3  -3   2   2  -1  -4  -3  -1    0  31   3   0   0   0   0   0   6   0   9   2  12   0  10  19   3   0   0   5  0.39 0.22
  144 E     0   0   2   4  -3   1   2  -1  -1  -1  -2   0  -2  -3  -2   1  -1  -3   0  -2    8   3  14  26   0   5  17   3   0   4   4   3   0   0   0   8   0   0   4   0  0.32 0.15
  145 V    -2  -1   0   0  -3   0   3  -3  -2   1   1   1  -1  -3  -3   0   0  -4  -3   2    0   0   3   4   0   4  30   0   0   7  14  10   0   0   0   5   4   0   0  18  0.25 0.16
  146 R    -3   3   0  -2  -5   1   0  -2  -2  -4  -4   6  -3  -1   0  -2  -2  -4   0  -4    0  14   4   0   0   3   3   2   0   0   0  62   0   3   5   0   0   0   3   0  0.87 0.32
  147 N    -3  -2   7   1  -1  -2  -2  -1   1  -5  -5  -1  -4   0  -4   1  -2  -4   2  -4    0   0  61   5   2   0   0   4   3   0   0   3   0   4   0   9   0   0   8   0  1.01 0.37
  148 Q    -1   1   2   1  -4   2   3  -1  -1  -2  -2   2  -2  -1  -2  -1  -1  -3   0  -1    3   6  11   6   0   9  22   2   0   2   3  20   0   4   0   2   3   0   3   3  0.26 0.14
  149 C    -2  -3   0  -3   1  -1  -3  -4   0   5   1  -3  -1   0  -4  -2   3  -4  -2   1    1   0   5   0   3   3   0   0   3  43   8   0   0   3   0   0  24   0   0   6  0.48 0.25
  150 V     0   1   1  -2  -3   1   0  -3  -2  -2  -2   2   2  -2  -2   1   1  -3   1   0    5   6   6   0   0   7   4   0   0   0   0  20  11   0   0  12  12   0   8   9  0.20 0.16
  151 R     0  -1   3   2   1  -1   1  -1  -1  -3  -3   0  -3  -3  -2   1   2  -3   0  -3   10   3  23  10   4   0  12   3   0   0   0   7   0   0   0   8  14   0   5   0  0.32 0.17
  152 T    -1   0   1   1  -3  -1   1  -2  -1   1   0   1   0   0  -2  -1   0  -2   1   0    3   6   8   8   0   0  11   2   0  16   9  10   3   3   0   1   8   0   6   5  0.07 0.08
  153 A    -1  -4  -4  -4   2  -3  -4  -4  -4   4   2  -3   4  -2  -4  -3  -2  -3  -3   3    3   0   0   0   4   0   0   0   0  37  15   0  15   0   0   0   0   0   0  23  0.65 0.24
  154 L     2  -2   2  -2  -2  -2  -1  -2  -3   1   0  -2  -1  -2  -3   0   2  -4  -3   2   18   0  12   0   0   0   5   0   0  10  10   0   0   0   0   6  21   0   0  17  0.23 0.16
  155 S    -1  -2   6   0  -4  -1   3  -2   2  -4  -4   0   0  -4  -3   2  -2  -4  -1  -4    3   0  44   3   0   0  22   0   5   0   0   4   3   0   0  14   0   0   2   0  0.74 0.29
  156 S     0   1  -1   0  -3   1   0  -3   0  -1   0   3  -1   0  -2   0   0  -3   0  -1    7   7   0   5   0   8   2   0   2   3   9  31   0   4   0   8   8   0   5   3  0.18 0.13
  157 L    -2  -4  -5  -5   3  -4  -4  -5  -4   4   3  -4   2  -1  -4  -3  -2  -3   0   2    0   0   0   0   6   0   0   0   0  37  31   0   6   0   0   0   0   0   4  15  0.68 0.25
  158 A     3  -2   0  -1   1   0  -2  -2  -2  -2  -2  -2  -2  -3  -2   3   2  -3   0   0   27   0   4   3   3   3   0   0   0   0   4   0   0   0   0  34  13   0   5   5  0.37 0.21
  159 D    -3   1   3   5  -5   2   2  -3   1  -5  -5  -1  -4  -5  -3  -1  -1  -5  -4  -4    0   6  17  44   0  12  12   0   3   0   0   0   0   0   0   3   3   0   0   0  0.83 0.28
  160 I    -2   1  -1   0  -3   2   2  -3   0   2  -1   1   0  -1   0   0  -1  -3   0   0    0   9   0   3   0  12  15   0   2  20   4  11   3   3   4   7   0   0   4   2  0.15 0.12
  161 F    -3  -4  -5  -5  -3  -4  -5  -5  -4   5   1  -4  -1   4  -5  -4  -2  -3  -1   3    0   0   0   0   0   0   0   0   0  44   9   0   0  26   0   0   0   0   0  21  0.86 0.29
  162 F    -2  -1   0  -4   1  -3  -4  -4  -2  -1  -1  -3  -2   6  -5  -2  -3  -1   6  -2    4   3   6   0   4   0   0   0   0   4   3   0   0  42   0   3   0   0  31   0  0.97 0.32
  163 E    -2  -1   0   1  -4   3   5  -1  -2  -4  -3   1   3  -4  -3   0  -2  -4  -3  -3    0   0   4   6   0  12  50   3   0   0   0   8  10   0   0   7   0   0   0   0  0.70 0.27
  164 R    -2   3   2   1  -4   0   1  -3   1  -2  -2   4  -2  -4  -3   1  -1  -4  -3  -3    0  16  12   6   0   2  10   0   5   4   4  33   0   0   0   9   0   0   0   0  0.41 0.18
  165 N    -2  -1   3  -2  -3  -1  -2  -3   3   1   0   3   1  -2   0  -2  -1  -3   2  -1    0   0  22   0   0   0   0   0  10  14   7  24   5   0   4   0   3   0   8   3  0.27 0.18
  166 V    -3  -3  -1  -1   1  -3  -3  -4  -2   2   0  -2   2   6  -4  -3  -2  -1   2   1    0   0   4   4   3   0   0   0   0  17   3   3   7  42   0   0   0   0   7   9  0.58 0.22
  167 N    -1  -2   3   1  -3   1  -1   3   2  -3  -1  -2   0  -3   1   1  -1  -4  -3  -3    0   0  21   8   0   7   2  25   6   0   8   0   3   0   9  12   0   0   0   0  0.35 0.16
  168 S     0  -1   2   2  -3   2   1   1  -1  -3  -3   1  -2  -1   1   1  -1  -3   0  -3    6   0  10  12   0  16  11  14   0   0   0   7   0   4   7  10   0   0   3   0  0.28 0.12
  169 I    -1  -2  -2  -2  -2  -2  -2  -1  -2   3   1  -1   2   0  -2   0  -1  -2  -1   2    2   1   1   1   0   1   1   5   0  30   9   6   8   3   1   9   1   0   1  19  0.17 0.09
  170 D    -2  -1   3   5  -4  -1   1  -2  -2  -4  -4   1  -3  -4   0   2  -1  -4  -3  -4    0   0  15  36   0   0  10   0   0   0   0  12   0   0   4  20   0   0   0   0  0.61 0.21
  171 M    -2  -3  -4  -4  -2  -3  -4  -4  -3   4   3  -3   2   0  -3  -3  -1  -2   0   2    0   0   0   0   0   0   0   0   0  31  33   0   6   3   0   0   4   0   4  18  0.49 0.17
  172 N     0   1   3   0  -3   0   2   0  -1  -3  -3   3  -2  -4  -2   2  -1  -4  -3  -1    4   4  17   2   0   0  13   4   0   0   0  22   0   0   0  27   0   0   0   5  0.35 0.16
  173 K     1   0   1   0  -3   1   1  -2  -1  -2  -2   3  -2   0  -2   1   0  -3  -2   0   11   0   6   3   0   7  11   0   0   0   2  28   0   6   0  11   6   0   0   8  0.20 0.12
  174 F    -1  -3  -4  -4  -2  -3  -3  -4  -3   4   3  -3   0   0  -3  -3  -2  -3   0   2    4   0   0   0   0   0   0   1   0  37  40   0   0   3   0   1   0   0   2   8  0.51 0.18
  175 R    -2   6  -2   0  -5   2   1  -3  -2  -4  -4   3  -3  -4  -3  -2  -2  -4  -3  -2    0  50   0   4   0  11   8   0   0   0   0  23   0   0   0   0   0   0   0   4  0.87 0.27
  176 D    -1   0   3   1  -3   3   1   0  -1  -1  -3   2  -2  -3  -2   0  -1  -3  -1  -2    5   4  20   9   0  20   8   7   0   7   0  14   0   0   0   2   0   0   3   0  0.31 0.15
  177 K    -1  -1   3   3  -3   2   2  -1  -1  -1  -2   1  -2  -3  -2  -1   0  -4  -3  -1    3   0  16  22   0  11  11   3   0   6   3  13   0   0   0   0   7   0   0   4  0.30 0.14
  178 V     2  -3  -3  -3  -2  -2  -3  -3  -3   3   1  -2   1  -2  -3  -1   2  -3  -2   3   24   0   0   0   0   0   0   0   0  18  12   0   3   0   0   0  19   0   0  23  0.34 0.17
  179 Y     1   1  -2  -2  -2   3  -1  -1  -1  -1  -1   2  -1  -2   1   0  -1  -2   2   0   20   5   0   0   0  19   0   2   0   4   4  14   0   0   6   8   2   0  11   6  0.18 0.12
  180 D     0   2   2   2  -3   2   3  -2  -1  -3  -3   1  -2  -4  -2   1   0  -4  -3  -3    8  13  14  14   0   9  20   0   0   0   0   9   0   0   0   7   5   0   0   0  0.38 0.12
  181 A     0  -2  -2   1  -3   0   4  -3  -1   0   0  -1  -2   0  -3  -1  -1  -2   3  -2   12   0   0   5   0   0  44   0   0   6  11   0   0   3   0   0   4   0  16   0  0.38 0.17
  182 I     1  -3  -3  -4  -2  -3  -3  -3  -3   4   2  -3   1   0  -3  -2   0  -3  -2   2   15   0   0   0   0   0   0   0   0  38  20   0   3   4   0   0   6   0   0  15  0.38 0.14
  183 V     2   0  -2  -1  -2  -1   1  -2  -2   0   1  -1   2  -2  -2   0   1  -3  -2   0   25   5   0   2   0   0  16   0   0   2  19   0  11   0   0   6   9   0   0   4  0.15 0.10
  184 Q    -1   2   2   0  -3   2   3  -2  -1  -3  -3   2  -2  -4  -2   1   0  -3  -2  -3    4  13  12   0   0  14  22   0   0   0   0  20   0   0   0  11   6   0   0   0  0.41 0.12
  185 E     2  -1   2  -1  -3   2   3  -2   4  -1  -3  -1  -2  -3  -2   0  -1  -3  -2  -2   27   0  15   0   0  10  25   0  16   7   0   0   0   0   0   0   0   0   0   0  0.36 0.13
  186 A     1  -3  -3  -4  -1  -3  -3  -3  -3   3   2  -3   1  -1  -3  -2  -1  -3  -2   3   14   0   0   0   0   0   0   0   0  19  30   0   0   0   0   0   0   0   0  36  0.36 0.09
  187 Q    -1   2  -1  -2  -3   4   0  -3   0  -3  -2   2  -1  -1  -2  -1   1  -1   4  -2    0  11   0   0   0  38   0   0   0   0   0  17   0   0   0   0  11   0  23   0  0.43 0.09
  188 R    -2   5   2   2  -3   0   0  -2  -1  -3  -3   1  -2  -3  -2  -1   1  -4  -2  -3    0  58  13  17   0   0   0   0   0   0   0   0   0   0   0   0  12   0   0   0  0.57 0.09
  189 T     0  -1   0  -1  -1  -1  -1  -1  -2  -1  -2  -1  -1  -2  -1   2   5  -3  -2  -1    0   0   0   0   0   0   0   0   0   0   0   0   0   0   0  22  78   0   0   0  0.50 0.04

                      K         Lambda
Standard Ungapped    0.1347     0.3239
Standard Gapped      0.0416     0.2670
PSI Ungapped         0.1359     0.3176
PSI Gapped           0.0416     0.2670
