
Last position-specific scoring matrix computed, weighted observed percentages rounded down, information per position, and relative weight of gapless real matches to pseudocounts
            A   R   N   D   C   Q   E   G   H   I   L   K   M   F   P   S   T   W   Y   V   A   R   N   D   C   Q   E   G   H   I   L   K   M   F   P   S   T   W   Y   V
    1 E    -5  -4  -3   5  -7   1   6  -6  -4  -7  -7  -3  -6  -7  -5  -4  -5  -7  -6  -7    0   0   0  32   0   6  62   0   0   0   0   0   0   0   0   0   0   0   0   0  1.88 0.79
    2 T     3  -3   3   3  -3  -2  -2   3  -3  -4  -5  -3  -5  -6  -4   0   0  -6  -5  -3   30   1  12  14   0   1   1  26   1   1   0   1   0   0   0   6   6   0   0   1  0.71 0.46
    3 I    -1   1  -3  -4  -1  -2   2  -2  -4   3   2  -1  -1   4  -4  -3  -2   1  -1   0    4   9   0   0   1   1  14   3   0  16  19   3   1  18   0   1   2   2   1   5  0.34 0.29
    4 E     0  -4  -2   4  -4  -1   5  -2   2  -6  -5  -2  -4  -5   2  -2  -3  -7  -3  -5    8   0   2  19   0   1  44   3   4   0   0   1   0   0  11   2   1   0   1   1  0.98 0.59
    5 Q    -1  -4   0   6  -7   0   4  -3  -3  -6  -6  -2  -6  -6  -5  -1  -4  -7  -4  -5    6   0   3  48   0   4  28   2   1   0   0   2   0   0   0   3   1   0   0   0  1.31 0.69
    6 T     2  -3  -4  -4   2  -4  -3   0  -5   1   2  -4  -1  -3  -3   0   2  -5  -2   2   17   1   0   1   5   0   1   6   0   7  24   0   0   0   1   6  11   0   1  18  0.37 0.31
    7 L    -4  -5  -6  -4  -3  -6  -6  -7  -6   0   5  -6   3   3  -3  -3   1  -5  -2  -2    1   0   0   1   0   0   0   0   0   5  62   0   6  10   2   2   9   0   1   2  1.13 0.62
    8 T     5  -2  -1  -4   0   2  -3  -3  -3  -4  -5  -4  -3  -6  -3   0   4  -6  -4  -1   45   2   2   1   2  10   1   1   0   1   0   0   0   0   1   5  25   0   0   3  0.91 0.61
    9 F    -4  -5  -5  -5   2  -4  -6  -7   2  -1  -3  -6   1   6  -7  -4  -5  -2   6   2    1   0   0   0   5   1   0   0   5   2   1   0   3  36   0   1   0   0  31  13  1.54 0.75
   10 F    -2  -3  -4  -5   0  -4  -5  -6   0  -1   3  -4   6   4  -5  -3   1  -2   4  -3    4   1   1   1   2   0   0   0   2   2  27   1  20  14   0   2   9   0  13   1  0.82 0.51
   11 R     2   2   1   3  -2   0  -1   0   1  -3  -4  -1  -2  -3  -3   0   2  -5  -4  -2   22  11   6  15   1   4   3   5   4   1   1   2   1   1   1   7  11   0   0   3  0.31 0.29
   12 L    -5  -6  -7  -3   0  -3  -2  -6  -2  -1   2  -6  -2   8  -5  -4  -5  -2   2  -2    1   0   0   2   2   1   3   0   1   3  18   0   1  57   0   1   0   0   5   3  1.54 0.74
   13 P    -5  -5  -4  -3  -3  -4  -4  -5  -4  -8  -6  -4  -8  -9   9  -2  -4  -9  -5  -8    1   1   1   2   1   1   1   1   1   0   1   1   0   0  86   3   1   0   0   0  2.79 1.23
   14 R     1   3  -1  -1  -2   0   2  -1   0  -2  -2   2  -1  -2   2   0  -1  -1  -1  -2   11  16   2   2   1   3  12   4   2   3   3  13   1   2   9   6   4   1   2   3  0.21 0.20
   15 Q     1   1  -2  -1  -3   3   4   0   0  -2  -3   1  -2  -3   0   0  -1  -2  -3  -2   15   6   1   2   0  12  25   7   2   2   2   6   1   1   4   6   3   1   1   3  0.33 0.29
   16 H    -3  -1  -2   0  -3  -1  -4  -5   9   1  -2  -5  -1  -3  -4  -4  -3  -2   2  -2    2   3   1   5   1   3   1   1  55   8   5   0   2   1   1   1   1   1   6   3  1.64 0.78
   17 H    -2   5  -5  -5  -2  -1  -5  -2   4  -4  -3  -3  -5  -3  -3  -4  -5  10  -2  -4    3  33   0   1   1   3   0   3  11   1   3   1   0   1   1   1   0  35   1   1  1.79 0.81
   18 K     0   5  -1  -3  -2   0  -1  -3  -1  -1  -3   4  -2  -4  -1  -1   1  -5  -3  -1    8  31   2   1   1   4   2   2   2   4   2  23   1   1   3   3   9   0   1   4  0.56 0.38
   19 H    -2   5  -2  -3  -2   3  -2  -2   2  -3  -3   3   0  -1  -3  -1  -2  -1  -1  -3    2  30   1   1   1  13   1   3   5   1   3  21   2   3   1   5   2   1   2   2  0.60 0.40
   20 L    -3  -4  -5  -5  -2  -3  -5  -4  -2   6   3  -5   1  -1  -3  -3  -1   0  -2   1    2   1   0   0   1   1   0   1   1  44  30   0   3   2   1   2   3   1   1   5  0.88 0.46
   21 K    -2   6  -2  -3   2   0  -3  -3   4  -5  -3   1  -2  -4  -2  -1  -3   6   2  -4    3  42   2   1   4   3   1   1   9   0   3   6   1   0   2   4   1  10   6   1  0.91 0.50
   22 S     0  -2  -2  -2  -1  -3  -4  -3   0  -3  -4  -2  -2  -3  -2   4   5  -5  -4  -3    6   2   1   1   1   0   0   2   2   1   1   1   1   1   1  33  43   0   0   1  0.96 0.58
   23 T    -2  -4   4  -2  -4  -4  -4  -3  -4  -2  -4  -2  -1  -3  -2   2   6  -5  -5  -3    2   0  18   2   0   0   0   1   0   2   1   2   1   1   2  13  52   0   0   1  1.09 0.61
   24 N    -3  -2   8  -1  -6  -4  -4  -4   0  -4  -6  -1  -6  -6  -6  -2  -2  -6  -1  -6    2   2  78   3   0   0   0   0   2   1   0   4   0   0   0   2   2   0   3   0  2.09 0.88
   25 M     0  -2  -3  -4  -1  -2  -3  -1  -2   0   1  -2   4  -1   4   0  -1   1  -1   1    8   1   1   0   1   2   0   6   1   4  12   1  12   2  22   8   2   2   2  12  0.36 0.28
   26 L    -2  -2  -2  -4   0   1  -2  -3   0   4   3  -3   1  -1  -2  -1  -1  -4  -3   0    3   2   2   0   2   8   1   2   3  31  28   0   3   2   2   4   3   0   0   4  0.44 0.32
   27 E    -3  -4  -4  -1  -7   0   7  -2  -4  -6  -6   0  -5  -6  -5  -2  -2   2  -5  -3    2   0   0   3   0   3  75   3   0   0   0   4   0   0   0   2   2   3   0   2  1.66 0.79
   28 R    -3   7   0  -5   0  -1  -4  -2   1  -6  -3  -1  -1  -6  -2   0  -2   1  -5  -6    2  63   4   0   2   2   0   3   4   0   2   2   2   0   2   7   2   2   0   0  1.36 0.72
   29 L    -1  -2  -4  -2   1  -1  -2  -3  -4   1   3  -4   1   1  -1  -1   1  -4   0   1    4   2   0   2   3   2   2   2   0   8  38   0   4   6   3   4   9   0   3   7  0.32 0.28
   30 N    -2  -1   6   0  -5  -1  -1  -2   1  -1  -2  -1   1   4  -5  -1  -1  -5   0  -2    3   3  35   4   0   3   3   3   4   3   3   3   3  17   0   3   3   0   3   3  0.61 0.45
   31 E    -1   3  -1  -1   1   3   1   1   1  -2  -2   2   0  -4  -4  -1  -1   2   0  -2    4  15   3   3   3  14   9  10   3   3   3  13   3   0   0   3   3   3   3   3  0.26 0.26
   32 E    -2  -1  -1   0  -6   1   6  -2  -4  -2  -5   0   1  -6  -5  -1   0  -6  -5  -2    3   3   3   3   0   6  57   3   0   3   0   5   3   0   0   3   5   0   0   3  1.02 0.61
   33 I     0   0   0  -2   2   1   0   0  -2   0   0  -1   1   1   1   0   0  -2   1   0    6   6   6   0   6   6   6   6   0   6   6   0   6   6   6   6   6   0   6   6  0.05 0.12
   34 R    -1   5   0  -3   1   0   0  -1   1  -3  -1   3   0  -3  -1  -1  -2   2  -3  -2    4  34   3   0   3   3   5   4   3   0   5  17   3   0   3   4   0   3   0   4  0.41 0.31
   35 R     0   1  -2  -2   2   1  -2   0   2  -2  -1   0  -1   1   1   0  -2   4   2   0    7   7   0   0   7   7   0   7   7   0   7   7   0   7   7   7   0   7   7   7  0.14 0.16
   36 R     0   5  -3  -1   2   0  -2  -1   1  -1  -2   0   0  -3   0  -1  -1   5   0  -1    8  33   0   3   4   3   0   4   3   3   3   5   3   0   5   3   3   7   4   4  0.42 0.33
   37 T    -1  -3  -1  -2   0  -1   1  -1   1  -1  -2  -2   0  -1   0   1   4  -5  -1   0    4   0   2   2   2   2   9   5   4   3   3   2   2   2   5   9  35   0   2   7  0.36 0.36
   38 Y     0   0   0   0   2   1   0   0   2   0  -1   0   1  -2   1   0   0  -3   1   0    6   6   5   6   5   5   6   6   5   6   6   6   5   0   6   6   6   0   5   6  0.04 0.08
   39 V    -1   0  -1  -1   1  -1  -1  -2  -4   0  -1   0   1  -1  -1  -1  -1   2  -3   4    5   4   3   3   3   3   3   3   0   4   3   7   3   3   3   4   4   4   0  36  0.26 0.32
   40 V     0   0   0   0   2   1   0   0  -2   0   0   0   1   0  -2   0   0  -3  -2   0    6   6   6   6   6   6   6   6   0   6   6   6   6   6   0   6   6   0   0   6  0.03 0.08
   41 R     0   2   0   0   1   0   0   3   1  -1  -2   0  -2  -3   0   0   0  -3  -3  -1    7  14   5   4   3   4   6  23   3   3   4   5   0   0   5   5   4   0   0   4  0.17 0.16
   42 I     0   0  -1  -1   2   0  -1  -1   1   2   0  -2   0  -1  -1   1   0  -3   0   1    8   6   3   2   6   4   3   5   4  18   6   0   2   3   2  13   4   0   3  10  0.07 0.14
   43 F     0   0   1  -2   2  -1   0  -3   2   0   0  -1   1   1   1   0  -1  -2   1   0    7   7   7   0   7   0   7   0   7   7   7   0   7   7   7   7   0   0   7   7  0.08 0.14
   44 P     0  -1  -1   0   1   0  -3   2   0  -1  -1  -3   0   0   4  -1  -1   2  -3  -1    7   3   3   5   3   4   0  19   3   4   5   0   3   5  22   4   3   3   0   5  0.30 0.24
   45 H    -1  -1   4   2   0  -2  -1   1   1  -2  -4  -1  -1  -2  -1   2   1  -4  -3  -2    2   2  26  12   2   0   3  10   3   2   0   2   2   2   2  16   8   0   0   2  0.38 0.33
   46 T    -1   2  -1   1  -1   0   4  -1  -1  -2  -1   0  -1  -2   0   0  -2   0  -1  -2    6  14   3   9   1   2  26   4   1   2   6   4   2   1   5   6   2   1   2   3  0.26 0.26
   47 E     2   1   0   2  -1   1   1  -1   0  -2  -3   1  -1  -4  -1  -1   0  -1  -2  -2   19   9   4  13   1   7  10   5   2   2   2  10   1   0   2   4   5   1   1   2  0.22 0.22
   48 S     3  -1  -2  -3   1  -4  -3   0  -5  -3  -3  -4  -4  -3  -2   5   0   0  -5  -1   27   4   2   1   2   0   1   7   0   1   2   0   0   1   2  39   4   1   0   4  0.71 0.54
   49 C     2  -2  -3  -5   7  -2  -4  -2  -4   2   0  -4   0   0  -2  -2   0   1  -1   2   17   2   1   0  21   2   0   3   0  12  10   0   2   3   2   2   6   2   2  13  0.52 0.37
   50 L    -1   0   0   0   2   0   0  -1   2   0  -1   0   2   1   0  -1   0   4   1  -1    5   5   5   5   5   5   5   5   5   5   5   5   5   5   5   5   5   5   5   5  0.09 0.08
   51 R    -2   6   0  -2   2  -1  -7  -2   1  -2  -2   0   2  -8  -1  -2  -1   3  -7  -1    5  36   4   3   3   3   0   4   3   3   4   6   5   0   3   4   5   4   0   5  0.78 0.47
   52 L    -2  -1  -1  -5   0  -1  -4  -5   0   1   4  -4   3   1  -1  -2  -1   2   0  -1    3   3   3   0   2   3   0   0   3   7  44   0   7   6   3   3   4   3   2   3  0.52 0.38
   53 V     0  -1  -4  -2   0  -3  -2  -2   1   3   1  -3   2   0   0  -1  -1  -4  -1   3    9   4   0   2   2   0   3   2   3  15  10   0   5   3   5   4   3   0   2  26  0.29 0.26
   54 R     0   0  -3  -2   2  -1  -2   3   0  -2  -3  -3  -1   2  -4  -1   1   5   3  -1    7   6   0   2   5   2   2  24   3   2   2   0   2   8   0   4   9   7  10   4  0.37 0.31
   55 A    -1   0   0  -2   2   0   0  -1   2   0  -1   0   1   1   0   0   0   3   1   0    5   5   5   0   5   5   5   5   5   5   5   5   5   5   5   5   5   5   5   5  0.07 0.11
   56 L    -1   0   0  -2   2   0   0  -1   2   0  -1   0   1   1   0   0   0   3   1   0    5   5   5   0   5   5   5   5   5   5   5   5   5   5   5   5   5   5   5   5  0.07 0.11
   57 A     0  -1  -4  -1   2  -1  -1  -2  -4   1   3  -3   1   1  -1  -1  -1  -4   0   0    7   4   0   3   4   3   3   4   0   6  32   0   4   7   4   5   4   0   4   6  0.22 0.22
   58 V     0   1  -1  -2   3   0   0  -2   0   1   1   0   4  -1  -2  -2  -1   3   1   0    6   7   3   2   6   3   7   3   2   9  11   5  14   2   2   3   3   4   4   5  0.19 0.19
   59 E    -2   1  -1   2  -1   0   5  -2   3  -6  -4  -1  -1  -6  -2   0  -2  -6   2  -3    3   9   3   9   2   3  36   3   7   0   2   3   2   0   2   6   2   0   6   2  0.66 0.48
   60 T     1  -2  -3  -2   1   3  -2  -3  -1   2   0  -2   2  -1  -2  -1   1   1   2   1   12   2   1   2   3  13   2   2   1  13   8   2   4   3   2   3   8   2   8   8  0.21 0.22
   61 H     0  -1   5   1  -2   0  -1  -3   5  -4  -4  -3   0  -2  -3   2   0  -6  -2  -2    8   3  27   7   1   4   4   1  13   1   2   1   2   2   1  12   5   0   1   3  0.64 0.45
   62 E    -1   0  -1   3  -2   0   4  -1   0  -2  -3   1  -5  -6  -2  -1  -2  -1  -5  -3    5   5   2  18   1   3  31   6   3   3   3   8   0   0   2   4   3   1   0   2  0.55 0.42
   63 N    -1   1   1   1  -2   1   3   0   2  -3  -4   2  -4  -5  -2   0   1  -5  -2  -3    4   7   7   8   1   5  19   6   5   2   1  12   0   0   2   8   9   0   2   2  0.34 0.29
   64 W    -3  -2  -4  -3  -3  -1  -1  -5  -2  -7  -4  -3  -2  -1  -3  -4  -4  12   0  -4    3   3   1   2   1   4   5   1   1   0   2   2   1   2   2   1   1  64   3   2  2.85 1.28
   65 M     0   2  -4  -3  -2   2   0  -3  -2   0   0   0   2  -2  -3   0   1   7  -1  -2    9  10   0   2   1   9   6   1   1   5   8   5   5   1   1   6   8  16   2   3  0.42 0.33
   66 E     0  -1   0   0  -1   0   1   2  -2  -2  -1   0  -1  -4  -1   1   1  -1  -2   0    7   4   4   4   1   3  10  18   1   2   5   4   1   0   2  11  12   1   1   9  0.15 0.17
   67 A     1   1   1   0  -1   1  -1   2  -1  -2  -2   0  -1  -2  -1   1   1  -4  -3   0   12   7   6   4   1   7   3  19   1   3   3   6   1   1   2   9   8   0   0   6  0.17 0.17
   68 N    -2   6   1  -3  -1  -1  -3  -3   1  -3  -5   3  -2  -3  -1  -1  -3   0  -3  -6    3  47   7   1   1   2   1   2   3   2   1  16   1   1   3   5   1   1   1   0  1.06 0.65
   69 R    -2   7  -2  -5   1  -2  -3  -1  -3   0  -3   2  -2  -6  -3  -3  -2  -6  -6  -2    3  54   1   0   3   1   1   4   1   5   3  13   1   0   1   2   2   0   0   3  1.23 0.70
   70 Y    -6  -4  -4  -3  -2  -2  -6  -2   2  -2  -3  -4  -2   2  -2  -2  -4  -1   9  -4    0   1   1   2   1   2   0   4   4   2   2   1   1   6   2   3   1   1  65   1  1.95 0.97
   71 I    -4  -5  -6  -5  -2  -5  -4  -5  -6   3   4  -1   6   3  -6  -4  -2   0  -4   0    1   0   0   1   1   0   1   1   0  18  34   4  21  10   0   1   3   1   0   4  0.99 0.58
   72 N    -2   0   4   3  -3   0  -1  -1  -2  -3  -4   0  -2  -4  -1   2   2  -6  -5  -3    3   5  18  17   0   3   3   5   1   1   1   6   1   0   2  18  13   0   0   2  0.47 0.39
   73 M    -1  -1  -4  -4  -5   0  -1  -4  -2   0   1  -3   8   1   0  -3  -2   1  -4  -1    5   3   0   1   0   4   5   1   1   4  14   1  40   6   5   2   2   2   0   4  0.89 0.59
   74 D    -1   1   0   3  -3   0   4  -2  -1  -3  -4   1  -4  -3  -1   1   0  -5  -2  -3    6   7   3  19   1   3  27   3   1   1   1   6   0   1   2  11   5   0   1   2  0.46 0.37
   75 D     0   1   0   1  -2  -1   1  -1   2  -2  -1   1  -1  -3   1   2   1  -2  -2  -2    7   9   5   8   0   1  10   3   6   2   7   7   1   1   6  17   7   1   1   2  0.16 0.19
   76 L    -2  -5  -5  -7  -5  -3  -4  -6  -5   2   5  -4   5   0  -4  -4  -4   0   2   0    2   0   0   0   0   1   1   0   0   9  53   1  14   4   1   1   0   1   7   5  1.01 0.59
   77 R     2   2  -1   0  -3   1   2  -1   0  -2  -2   1  -2   0  -1  -1  -1   1   1  -2   23  12   2   4   0   5  15   3   2   2   3   7   1   4   3   2   2   2   5   2  0.22 0.25
   78 E     0   0  -1   1  -6   2   5  -1  -1  -5  -5   1  -5  -2  -2  -1  -2  -6  -5  -4    7   4   2   8   0  10  43   5   1   1   1   9   0   2   2   4   2   0   0   1  0.73 0.51
   79 H    -1  -2   1  -1  -2   0   1  -1   3   0   1  -2   1   0  -1  -1   0   5  -1  -1    6   2   7   2   1   3   9   5   8   6  17   1   4   4   3   4   6   9   2   3  0.16 0.18
   80 K    -1   3  -1   1  -3   2   2  -2   0  -3   0   3  -2  -4  -1  -1  -1   0  -1  -3    3  17   1   8   1   8  11   3   2   1  10  20   1   0   2   5   2   1   2   1  0.32 0.28
   81 K    -1   0   2   2  -5   1   3  -3  -1  -2  -2   3  -2  -5   0  -1  -1  -5  -4  -3    3   4   9  11   0   7  22   1   1   2   3  21   1   0   4   4   4   0   0   1  0.45 0.35
   82 L     0  -2  -2   1  -4   0   3  -3  -3   0   2  -1  -1  -4   2  -1   1  -5  -4  -1    8   1   1   7   0   3  22   1   0   6  21   4   1   0   9   2   8   0   0   4  0.27 0.27
   83 A     4  -2  -3  -1  -2   0   2  -2  -4  -1  -1   0   1  -3   0   0  -2  -5  -4  -2   42   2   0   3   1   4  13   2   0   3   6   5   4   1   4   6   1   0   0   2  0.45 0.39
   84 L     0   0  -1  -1  -3   0   0  -2  -1   1   3   0   0  -1   0  -1  -1  -4  -3  -1    6   6   3   3   0   4   6   3   1   6  37   5   1   2   6   4   3   0   0   3  0.17 0.20
   85 R    -1   5  -2  -3  -6   2   2  -5  -1  -5  -2   3   0  -2  -1  -2   0  -5  -4  -4    4  38   1   0   0   9  12   0   1   0   3  18   2   2   4   1   5   0   0   1  0.78 0.48
   86 Q     1   1  -1  -3  -2   4   2  -3  -1  -4  -3   2  -3  -5   3   0  -3  -5  -4  -3   13   8   3   0   1  23  12   1   1   1   3  12   0   0  14   6   0   0   0   1  0.53 0.38
   87 A     5  -2  -2  -2   0  -3  -3   0  -1  -4  -2  -3  -3  -5   0   2   0  -5  -4  -1   56   2   1   2   2   0   0   6   2   0   3   0   0   0   5  13   5   0   0   4  0.71 0.44
   88 A     6  -4  -4  -4  -3  -3  -4  -3  -4  -4  -4  -3  -4  -5  -4   2  -2  -5  -5  -3   85   0   0   0   0   0   0   0   0   0   0   0   0   0   0  15   0   0   0   0  1.52 0.62

                      K         Lambda
Standard Ungapped    0.1333     0.3245
Standard Gapped      0.0399     0.2670
PSI Ungapped         0.1304     0.3176
PSI Gapped           0.0399     0.2670
