
Last position-specific scoring matrix computed, weighted observed percentages rounded down, information per position, and relative weight of gapless real matches to pseudocounts
            A   R   N   D   C   Q   E   G   H   I   L   K   M   F   P   S   T   W   Y   V   A   R   N   D   C   Q   E   G   H   I   L   K   M   F   P   S   T   W   Y   V
    1 M    -1  -2  -3  -3  -1  -1  -2  -3  -2   2   2  -2   5   0  -3  -2  -1  -2  -1   2    0   0   0   0   0   0   0   0   0   0   0   0  70   0   0   0   0   0   0  30  0.36 0.03
    2 K    -1   5   0  -1  -3   1   0  -2  -1  -3  -2   4  -2  -3  -2  -1  -1  -3  -2  -3    0  50   0   0   0   0   0   0   0   0   0  50   0   0   0   0   0   0   0   0  0.60 0.02
    3 I     2  -2  -3  -3  -1  -2  -2  -2  -3   3   1  -2   0  -1  -2  -1   0  -3  -2   3   30   0   0   0   0   0   0   0   0  41   0   0   0   0   0   0   0   0   0  29  0.23 0.01
    4 H    -2   0   3   0  -3   0   0  -2   7  -3  -3  -1  -2  -2  -2  -1  -1  -3   1  -3    0   0  29   0   0   0   0   0  71   0   0   0   0   0   0   0   0   0   0   0  0.75 0.04
    5 N     3  -1   2  -1  -1  -1  -1   0  -1  -2  -2  -1  -1  -3  -1   3   0  -3  -2  -1   45   0  16   0   0   0   0   0   0   0   0   0   0   0   0  39   0   0   0   0  0.34 0.03
    6 A     3  -2  -1  -1  -1  -1  -1   0  -2  -2  -2  -1  -2  -3   4   2   0  -3  -2  -1   55   0   0   0   0   0   0   0   0   0   0   0   0   0  22  23   0   0   0   0  0.49 0.03
    7 G     0  -2   0   2  -3  -2  -1   5  -2  -4  -4  -2  -3  -3  -2   0  -2  -3  -3  -3    0   0   0  23   0   0   0  77   0   0   0   0   0   0   0   0   0   0   0   0  0.85 0.04
    8 L     1  -2  -2  -2  -2  -1  -2  -2   3   1   1  -2   0  -1   4  -1  -1  -3  -1   0   22   0   0   0   0   0   0   0  16  23  16   0   0   0  23   0   0   0   0   0  0.29 0.02
    9 T     1  -1   2  -1  -2   2   0  -1  -1  -2  -2   0  -1  -3  -1   2   2  -3  -2  -1   16   0  16   0   0  16   0   0   0   0   0   0   0   0   0  26  26   0   0   0  0.31 0.05
   10 P    -2  -3  -3  -3  -2  -2  -2  -3  -3   1   2  -2   0  -1   5  -2   1  -3  -2   0    0   0   0   0   0   0   0   0   0  10  40   0   0   0  39   0  11   0   0   0  0.69 0.11
   11 P    -1  -3  -2  -2  -3  -2  -2  -3  -3  -4  -4  -2  -3  -4   7   2  -2  -5  -4  -3    0   0   0   0   0   0   0   0   0   0   0   0   0   0  82  18   0   0   0   0  1.93 0.26
   12 L     1   2  -1  -2  -2  -1  -1  -2  -2   1   1  -1   0   1  -2   1   0  -2  -1   1   14  18   0   1   0   0   1   1   0   9  16   1   0   9   1  19   1   0   0  10  0.09 0.05
   13 P    -1  -2  -1  -2  -3   2  -1  -2   2  -2  -3  -1  -2  -3   5   3  -1  -4  -2   0    0   0   0   0   0  15   0   0   8   0   0   0   0   0  36  32   0   0   0   8  0.72 0.17
   14 G     1   3  -1   0  -3  -1  -1   3  -2  -2  -1  -1  -1  -3  -2  -1  -1  -3  -3   0   16  24   0   8   0   0   0  35   0   0   8   0   0   0   0   0   0   0   0   9  0.31 0.11
   15 I     1  -2  -2  -2  -2  -2  -2  -2  -3   2   0  -2  -1  -2   4   1   1  -3  -2   1   15   0   0   0   0   0   0   0   0  21   7   0   0   0  28  15   8   0   0   6  0.42 0.12
   16 S     2  -2  -1  -2  -2   1  -1  -1   2  -2  -2  -1   1  -3   1   3   1  -3  -2  -2   27   0   0   0   0   7   0   0   7   0   0   0   8   0   7  37   8   0   0   0  0.36 0.15
   17 N     0   0   0  -1  -2   1   0   0   2   0   0  -1   0  -2  -2   1   0  -3  -1   0    7   6   5   0   0   7   7   8   7   7  15   0   0   0   0  14   7   0   0  11  0.06 0.05
   18 G    -1   1  -1   1  -3  -1   2   3  -2  -3  -3  -1  -2   0   1   0   0  -3  -2  -3    0  13   0   8   0   0  20  32   0   0   0   0   0   7   6   7   7   0   0   0  0.33 0.11
   19 N     0   1   1  -1   2   1   2  -2   2  -3  -3   0  -2  -2  -2   2   1  -2   1  -2    7   7   5   0   7   8  19   0   7   0   0   0   0   0   0  22  11   0   7   0  0.25 0.10
   20 V     3  -2  -1  -2  -2   1  -1  -1  -2  -2  -2  -1  -2  -3  -2   2   3  -3  -2   0   40   0   0   0   0   7   0   0   0   0   0   0   0   0   0  21  27   0   0   5  0.43 0.17
   21 G     0  -2  -1   1  -3  -1   1   1   5  -1  -2  -1  -2  -2   1   0   1  -2   1  -2    6   0   0   8   0   0  11  12  22   7   0   0   0   0   7   7  13   0   7   0  0.24 0.11
   22 K    -1   3   0   1  -3   1   2  -2   2  -2  -3   1  -2  -3  -2   2   1  -3  -2  -1    0  20   0   7   0   6  13   0   7   0   0   9   0   0   0  19  13   0   0   7  0.28 0.11
   23 A     3   0  -1  -2  -2  -1   0  -1  -2   0  -2   1  -2  -2  -2   2   1  -3   1  -1   40   6   0   0   0   0   7   0   0   7   0   7   0   0   0  19   6   0   7   0  0.26 0.13
   24 A     3   0   1  -2  -2   0  -1   2  -2  -2  -2  -1  -2  -2   1   0   0  -3   1   0   35   6   7   0   0   6   0  18   0   0   0   0   0   0   6   0   6   0   6  10  0.22 0.12
   25 Q     0  -1   1   1  -3   5   2  -2   2  -3  -3   0  -2  -4   2  -1   0  -3  -2  -1    6   0   5   6   0  39  12   0   7   0   0   0   0   0  11   0   6   0   0   7  0.46 0.18
   26 S     1   0  -1   0  -2  -1  -1   1  -2   0  -2  -1  -2  -3   2   2   2  -3  -2   0   12   6   0   6   0   0   0  12   0   7   0   0   0   0  12  20  19   0   0   6  0.23 0.10
   27 S     2   0  -1  -2  -2   1  -1  -2  -2  -3  -3   0  -2  -4   1   4   1  -4  -3  -2   15   5   0   0   0   6   0   0   0   0   0   6   0   0   6  56   6   0   0   0  0.54 0.22
   28 I     0  -2  -1   1  -2   0  -1   1  -2   0  -1  -1  -1  -2   0   2   1  -3   0  -1    7   0   0  12   0   6   0  11   0   9   6   0   0   0   5  30  10   0   5   0  0.18 0.12
   29 T     1   3   0  -1  -2   1   0  -2  -1  -2  -2   0  -2   0   2   0   2  -3  -2  -2   21  21   6   0   0   5   6   0   0   0   0   0   0   7  10   5  16   0   0   0  0.25 0.12
   30 Q     1   1   2  -1  -3   4  -1   1  -1  -3  -3   1  -2  -4   3  -1   0  -4  -3  -3   15  10  12   0   0  27   0   9   0   0   0   6   0   0  16   0   5   0   0   0  0.43 0.18
   31 P     0   0   1  -2  -3  -1   0  -2   1  -3  -3  -1  -3  -3   5   1   1   3  -2  -3    4   6   9   0   0   0   4   0   4   0   0   0   0   0  40  16  10   6   0   0  0.78 0.21
   32 Q     0   0  -2   0  -3   2  -1  -3   1  -2   0   0  -2  -3   5   0   0  -4  -3   0    8   5   0   4   0  16   0   0   4   0  10   4   0   0  31   5   4   0   0   8  0.47 0.18
   33 S     2  -2  -1   1  -2  -1  -1   0  -2   0  -1  -2  -1  -3   2   2   2  -3  -2   0   19   0   0   8   0   0   0   4   0   8   5   0   0   0   9  28  13   0   0   4  0.25 0.14
   34 Q     0   1   0   0  -2   1  -1   1  -1  -2   0  -1   0  -2   0   2   1  -2   0  -1    4   8   4   5   0   7   0   9   0   0   9   0   4   0   4  27   8   0   4   5  0.12 0.10
   35 Q     1   0  -1   2   0   1  -1   1  -2  -2   0  -1  -1  -2   1   0   1  -3  -2  -2   15   5   0  13   3  12   0  12   0   0  16   0   0   0   8   5  10   0   0   0  0.14 0.11
   36 G     2   1  -1  -2  -2  -2  -2   3   1  -3  -3  -1  -3  -4   2   1   1  -4  -3  -2   22   8   0   0   0   0   0  27   5   0   0   0   0   0  11  15  12   0   0   0  0.43 0.19
   37 S     1  -1  -1   0  -2   2   0  -1  -2  -2  -2   0   1   2   0   1   1   3  -1  -2   14   0   0   4   0  12   4   4   0   0   0   5   5  17   5  17   9   4   0   0  0.19 0.14
   38 Y     1   1  -2  -2  -3   3   1  -1  -1   0  -1  -1  -1   0   0   1  -1  -2   3  -1   11   8   0   0   0  21   9   4   0   7   5   0   0   4   3  11   0   0  13   4  0.17 0.15
   39 G     0  -2   0   0  -3   0   0   3  -2  -1  -2  -2  -2  -3   0   1   2   2  -3  -1    3   0   4   6   0   4   6  25   0   4   3   0   0   0   4  16  18   4   0   4  0.25 0.15
   40 L     0  -1  -1   0  -2   0   1  -2   1   0   0   0  -1   0   3   0   1  -3   0  -1   11   3   0   4   0   4   9   0   4   4  12   3   0   4  16   4  14   0   3   3  0.17 0.09
   41 P     1  -1  -2   0  -2  -2  -2  -1   2   0  -1  -2   0  -2   4   1  -1  -3   0  -1   17   2   0   8   0   0   0   3   6   8   7   0   4   0  26  11   0   0   4   4  0.34 0.16
   42 P     0  -3  -3  -3  -3  -1  -2  -1   1  -1  -1  -2   0   0   6   0  -1  -4  -3   0   10   0   0   0   0   3   0   4   4   4   4   0   3   4  47   7   3   0   0   7  0.82 0.26
   43 E     0   1   0   0  -3   2   3  -2   1  -2  -1  -1   0  -3   1   0   0   2  -2  -1   10   6   4   4   0  13  27   0   4   0   4   0   3   0   7   3   6   3   0   4  0.26 0.15
   44 S     2   1   0   0  -2   2   1  -2   0  -2  -2  -1  -2  -2   1   1  -1   3   0   0   21   7   3   3   0  13   9   0   3   0   1   0   0   0   7  11   0   5   4  11  0.19 0.14
   45 S     1  -1  -1  -2  -2   1  -1   1   4  -1  -3  -1  -2  -2   1   2   1  -3   0  -1   15   3   0   0   0   6   0  12  15   4   1   0   0   0   5  24   7   0   4   3  0.27 0.17
   46 E     1   0   1   0  -3  -1   2  -1   1   0  -2  -1  -2  -3   4   0   1  -4  -2  -1   12   4   6   4   0   0  17   3   4   7   3   0   0   0  20   5  12   0   0   3  0.29 0.15
   47 T     1   0  -2  -1  -2   1  -2   1   0  -1   0  -1  -1  -1   1   0   3  -3  -2  -1   12   5   0   2   0   7   0  14   4   3  11   0   0   2   7   5  27   0   0   0  0.19 0.16
   48 R     0   2  -2  -1  -3   1   0  -3  -2  -1   1  -1  -1  -1   2   1   0  -3  -2   1    8  18   0   4   0   8   7   0   0   0  15   0   0   3   9  12   3   0   0  12  0.15 0.14
   49 P     1  -2   0  -2  -3   0   1   0  -3   0  -1  -2  -2  -3   4   1  -1  -4  -3   1   14   0   4   0   0   5   9   6   0   6   6   0   0   0  26  13   0   0   0  11  0.39 0.20
   50 D     0   0   0   3  -3   1   1   1  -2  -3  -2   0  -2  -3   1   2   0   2  -3  -2    5   5   3  22   0   8   7   9   0   0   2   2   0   0   6  17   7   3   0   3  0.26 0.15
   51 R     1   3   0  -2  -3   2  -1  -1   0  -2   0   0   0  -3  -1   0  -1  -3  -2  -1   13  27   4   0   0  11   2   5   2   0  12   3   4   0   2   8   2   0   0   5  0.21 0.16
   52 A     2  -1  -2  -1  -2   1  -1  -1  -2  -2   0  -2   2  -2   1   1   0   5   0   0   22   2   0   3   0  10   2   3   0   0  10   0   6   0   8  14   3   9   3   5  0.23 0.18
   53 R     2   3  -2  -1  -3   0   0  -1   2  -2  -3   1  -2  -4   0   1   1  -4  -3  -2   27  22   0   3   0   3   7   3   5   3   0   5   0   0   3  11   8   0   0   0  0.32 0.20
   54 A     1   2   1  -2  -3  -1   0  -1   2  -2  -1  -1  -2  -3   3   1   1  -4  -3  -1   17  14   6   0   0   0   8   3   6   0   5   0   0   0  17  10   9   0   0   5  0.29 0.18
   55 N    -1   3   2  -1  -3   0   0   2   1  -2  -1  -1  -2  -3   0   0  -2  -4  -3   0    2  23  12   2   0   3   5  20   3   0   8   0   0   0   5   4   0   0   0  12  0.24 0.19
   56 Y     1  -1  -2   0  -2  -1  -1  -1  -2  -1  -1   0   1   1  -1   0   1   2   3   1   17   3   0   6   0   3   3   3   0   0   2   5   5   6   3   5  10   3  13  14  0.11 0.13
   57 P     0   0   0  -2  -3   3   1  -1  -2  -2  -1   0  -2  -1   4   0   0  -3  -3  -1    5   5   3   0   0  18   9   5   0   0   9   3   0   3  24   7   5   0   0   3  0.37 0.19
   58 Y     1  -1  -2  -1  -2   0   0   1  -2  -1   0  -1   0   0   3   0   0   2   0  -1   14   3   0   4   0   5   5  10   0   4  10   0   2   5  17   7   7   3   3   0  0.17 0.10
   59 S     0   1  -1   3  -3   0   0  -2   1  -1  -2   0  -1  -2   0   3   0  -3   0  -2    7   8   0  19   0   2   5   1   4   3   3   3   2   0   5  28   5   0   4   1  0.25 0.17
   60 S     0  -1  -2   0  -3   0   0   0  -2  -2   0  -2  -2   0   3   2   0  -3   1  -2    9   2   0   4   0   3   6   6   0   0  11   0   0   5  18  22   6   0   6   0  0.25 0.17
   61 V     2   1  -2  -2  -2  -1  -2   0  -2   0   1  -1   2  -1   0   0   0  -3  -2   1   23  12   0   2   0   2   0   6   0   4  14   0   7   3   5   4   5   0   0  12  0.12 0.13
   62 Q     0   2   0   0  -3   3   1  -1  -1  -2  -2   1  -2  -3   1   0   0  -3  -3  -1    6  15   3   5   0  23   9   3   0   2   4  10   0   0   6   6   5   0   0   3  0.29 0.17
   63 T     1   2  -1  -1  -2  -1   0   1  -1   0   0   0  -1  -2   0   0   0  -3  -2  -1   18  14   0   2   0   0   7  14   2   5  13   6   0   0   4   7   6   0   0   1  0.12 0.11
   64 R     2   3  -1   0  -3  -1   0   2  -2  -2  -1   0  -2  -3  -1  -1   0  -3   0  -1   23  21   2   5   0   0   5  15   0   0   5   5   0   0   2   2   4   0   3   6  0.21 0.16
   65 L     0   0  -1  -3  -2   1  -1  -1  -2   1   2  -2   2   0  -1  -1  -1   3  -2   0   11   5   3   1   0   9   2   3   0   8  29   1   7   2   2   4   2   5   0   5  0.16 0.14
   66 P     2   0   1  -1  -3   1  -1  -1   1  -1  -2   0   0  -1   3   0   0   0  -2  -1   19   5   7   1   0   8   2   4   4   3   2   4   3   2  19   7   5   1   0   4  0.23 0.15
   67 P     0   2  -1  -1  -4   3   1   0   1  -4  -4   1  -3  -4   4   0  -2  -4  -3  -2    7  13   2   3   0  18   6   8   3   0   0   7   0   0  22   9   0   0   0   2  0.48 0.24
   68 V     1   2  -1  -2  -2   0  -2  -1  -1   0   0   0  -1   0   1   0  -1  -3   0   1   17  15   2   0   0   3   0   3   2   3   9   4   0   6   6   9   2   0   3  15  0.10 0.12
   69 A     3   1   0  -1  -2   1  -1   0  -1  -3  -2  -1  -2  -3   0   1   2   0  -3  -1   32  11   4   2   0   7   2   4   1   0   3   0   0   0   4  11  12   1   0   4  0.28 0.22
   70 S     0   2   0  -1  -3   0  -1   1   0  -3  -3   0  -2  -3   2   2   1  -4  -1  -1    9  16   3   2   0   2   2  14   2   0   1   3   0   0  11  21   7   0   2   4  0.27 0.19
   71 A     0   1   0  -2  -3   0   0   2   2  -1  -2  -1  -2  -3   0   1   1  -3  -1  -1    9   9   5   0   0   4   6  19   6   2   3   2   0   0   5  10  11   0   1   5  0.16 0.13
   72 G    -1   0   1   0  -4  -1  -1   4  -3  -4  -4   0  -3  -4   2   1  -1  -4  -4  -3    3   4   5   4   0   3   2  41   0   0   1   5   0   0  13  13   3   0   0   2  0.58 0.27
   73 K     1   2   1   1  -3   3   0   1  -2  -3  -2   0  -1  -4   0   0   0  -4  -3  -2   14  16   9   8   0  17   4  11   0   0   2   4   2   0   4   3   4   0   0   1  0.27 0.19
   74 P     1   2  -1  -1  -3  -1  -1   1  -1  -2  -1   1  -2  -2   3   1   1  -3  -3  -1   10  13   2   3   0   1   0  11   1   2   5  11   0   2  15   9  10   0   0   4  0.22 0.14
   75 L     0   0  -3  -3  -2  -2  -2  -1  -1   2   2  -1   3   0   0  -1  -1  -3  -2   1    9   6   0   0   0   0   1   4   2  15  30   2  10   4   5   4   1   0   0   6  0.22 0.17
   76 P     1  -3  -2  -2  -3   2   0  -1  -3  -2  -2  -2  -2  -4   4   2   1  -4  -3   1   11   0   0   2   0  11   4   4   0   0   3   0   0   0  21  22   7   0   0  14  0.44 0.28
   77 D     1  -1  -1   3  -3   2   1   1  -1  -3  -4  -1  -3  -4   4   1  -1  -4  -3  -2   11   3   2  17   0  10   7  11   1   0   0   2   0   0  20   8   3   0   0   3  0.41 0.21
   78 T     0   2   0  -2  -3   0   0   1   4  -2  -2   0   1  -3  -1   1   1  -3  -1  -1    9  13   5   0   0   2   5  12  14   2   2   4   5   0   3   8  11   0   1   4  0.20 0.16
   79 P    -2   0   0   3  -4   1   3   0  -1  -4  -3   1  -1  -4   3   0   0  -4  -4  -4    2   3   5  16   0   5  25   7   1   0   2   7   2   0  16   4   5   0   0   0  0.46 0.24
   80 S     1   1  -1  -1  -1  -1  -1  -1   1   1   1  -1   1  -1   0   0   0  -3  -2   1   15  12   3   2   1   0   4   3   5   7  14   1   3   2   3   6   6   0   0  12  0.06 0.09
   81 S     0   0  -2   3  -4   4   1  -2  -2  -4  -3   1  -3  -4   3   0   0  -4  -4  -3    7   5   0  17   0  23   8   3   0   0   1   8   0   0  15   8   6   0   0   0  0.49 0.27
   82 L    -3  -2  -4  -5  -4   1  -4  -5   1  -1   5  -3   3   0  -4  -3  -3  -4  -3   1    0   2   0   0   0   9   0   0   5   0  61   0   7   3   0   2   0   0   0   9  0.84 0.40
   83 P     5   0  -2  -4  -3  -1  -3   0  -3  -3  -1  -2  -1  -2   1   0  -2   2  -3  -1   58   7   2   0   0   2   0   5   0   0   5   2   2   1   7   4   0   3   0   3  0.67 0.38
   84 G     3   0  -2   0   0  -2   0   4  -3  -4  -4  -1  -3  -4   0   0  -1  -4  -4  -2   25   7   0   5   2   0   6  36   0   0   1   2   0   0   4   4   3   0   0   3  0.51 0.27
   85 Y    -3  -4  -4  -5  -5  -4  -4  -1  -2  -4  -2  -4  -4  -1  -5  -4  -4  -1   9  -4    2   0   0   0   0   0   1   5   0   0   3   1   0   0   0   1   1   0  83   1  2.39 0.75
   86 L    -2  -3  -4  -4  -3   0  -2  -3   1   2   4  -3   3  -2  -4  -2  -1  -4  -3   2    3   0   0   0   0   4   2   2   4   9  50   0   6   0   0   2   3   0   0  13  0.58 0.30
   87 L     0  -1   0  -1  -3  -1   0  -2   0  -1   2  -2   2   1  -1  -2   1  -2   2   0    8   2   4   4   0   3   7   2   2   0  24   0   8   7   2   0   8   0   9   7  0.13 0.15
   88 L     4  -1  -2   0  -1   0  -2   2  -3  -1   0  -1  -1  -3  -1   0   0  -4  -3  -1   39   2   0   7   1   5   1  14   0   3   9   3   1   0   2   4   5   0   0   2  0.31 0.23
   89 R    -1   6  -3  -2  -4  -2  -2  -2   1  -2  -1   2  -1  -4  -4   0  -2  -4  -3  -3    5  50   0   2   0   0   0   2   3   2   8  14   2   0   0   7   1   0   0   2  0.82 0.40
   90 R     3   2  -2  -1  -3   0   0  -2   1  -2  -2   1  -1  -1  -1   1   0  -4  -1  -2   29  16   0   3   0   3   5   1   4   1   2   7   1   3   3  12   6   0   2   1  0.28 0.22
   91 L     0  -1  -2  -3  -2  -2  -2  -3  -3   2   2  -1   2  -1   0   0   1  -3  -1   2    9   3   1   0   0   0   2   1   0  15  19   2   5   1   5   8   8   0   2  19  0.20 0.16
   92 D    -1  -1   1   3  -3   1   0   0  -2   0   0  -1   0  -3   0  -1   0  -4  -3   1    5   2   8  25   0   6   4   6   0   5   8   2   2   0   5   1   6   0   0  14  0.21 0.18
   93 H    -3   0   3  -1  -2   0   0   5   4  -4  -4  -2  -1  -5  -2  -2  -3  -5  -4  -2    0   5  13   3   1   3   5  48  10   0   1   2   2   0   2   0   0   0   0   4  0.81 0.38
   94 R    -3   5  -2   2   0   1   2  -2   0  -2  -2   2  -1  -5  -4  -3  -2  -5  -4  -4    0  40   0  11   2   6  12   3   2   2   3  14   2   0   0   0   2   0   0   0  0.74 0.39
   95 P     0   1  -1  -3  -4   2   1  -3   2  -3  -2   1  -1  -4   5   0   1  -5  -4  -1    6   7   2   0   0  11   7   1   5   1   2   8   2   0  28   5   8   0   0   5  0.53 0.31
   96 V    -1  -5  -6  -6  -4  -5  -5  -6  -6   3   1  -5   0  -4   0  -2  -2  -6  -4   6    4   0   0   0   0   0   0   0   0  19  10   0   2   0   6   2   1   0   0  55  1.12 0.51
   97 D     0  -2   0   3  -4  -1   2  -2   0  -4  -5  -1  -4  -5   0   3   2  -5  -4  -3    6   1   3  20   0   1  17   1   2   0   0   4   0   0   4  27  11   0   0   2  0.56 0.35
   98 Q     1  -2  -1   1  -1   1   1   2   0  -4  -4   0  -3  -2   3   1   0  -4  -3  -2   12   1   3   6   1   5  11  18   2   0   0   4   0   1  13  13   4   0   0   3  0.32 0.22
   99 E     1   2  -1   1  -4   2   3  -1  -1  -4  -3   2  -3  -5   2   0  -1  -5  -4  -3   10  11   2   6   0   9  23   3   1   0   3  12   0   0  10   6   2   0   0   1  0.40 0.27
  100 G     0  -2  -1   3  -4   1   2  -2  -1  -2  -1  -2  -3  -1  -2   1   3  -4  -2   0    6   2   2  21   0   5  12   1   1   1   7   1   0   2   1   8  21   0   1   7  0.33 0.25
  101 T     0   0  -4  -5  -3  -2  -4  -3  -1   2   3  -2   4   1  -2  -3   0  -4  -3   1    7   6   0   0   0   2   0   2   2  15  29   1  15   6   2   0   7   0   0   7  0.45 0.28
  102 K     1   1   1   2  -4   2   1  -2  -1  -3  -3   1  -3  -4   1   0   0   1  -3  -2   16   6   7  15   0  12   8   2   1   1   2   8   0   0   6   5   7   2   0   1  0.29 0.22
  103 S     2   4   3  -1  -4   1  -1  -2   1  -4   0  -1  -1  -2  -4   0  -2  -5  -4  -2   16  28  17   3   0   7   2   3   3   0  11   1   1   1   0   5   1   0   0   2  0.47 0.33
  104 L    -3  -6  -7  -7  -5  -6  -7  -7  -7   0   6  -6   2  -1  -7  -4  -5  -6  -5  -2    2   0   0   0   0   0   0   0   0   3  86   0   4   2   0   2   0   0   0   2  1.79 0.73
  105 I     1   3   0   0  -4   2   0  -1   0  -1  -2   2   0  -2  -3  -1   0  -4  -2  -1   15  19   5   5   0   9   3   4   3   2   3  12   2   1   1   2   7   0   1   6  0.22 0.19
  106 P     0   2  -1   0  -3   1  -1  -1  -1   1   1   1   0  -2   0  -1   0  -3  -1   0    7  14   2   5   0   7   1   4   1   9  16  11   1   1   4   4   6   0   2   5  0.10 0.13
  107 A     6  -5  -5  -5   0  -5  -2   2  -6  -5  -4  -5   1  -6  -5  -2  -4  -6  -6  -3   72   0   0   0   2   0   3  16   0   0   1   0   4   0   0   2   0   0   0   1  1.52 0.71
  108 D    -2   1   4   2  -5   4  -2  -1   2  -5  -5  -1  -4  -5  -4   0   1  -5  -1  -2    3   8  24  13   0  20   1   5   5   0   0   2   0   0   0   5   9   0   2   3  0.65 0.40
  109 K     1   2   0   3  -5   2   3  -3   1  -3  -3   1  -2  -3  -4  -1  -2   0  -4  -3   13  10   4  15   0  10  24   1   3   1   2   7   1   1   0   4   2   1   0   1  0.45 0.31
  110 A     4  -5  -4  -3  -4  -4  -2  -3  -5   0  -2  -4  -1  -5  -3   1   4  -6  -5   2   36   0   0   1   0   0   2   1   0   6   2   0   1   0   1  11  26   0   0  14  0.76 0.47
  111 V    -2  -2  -2  -6  -4  -2  -6  -6  -6   5   1  -5   4  -2  -6  -3  -3  -6  -4   4    2   3   2   0   0   2   0   0   0  37  12   0  10   1   0   2   1   0   0  30  1.06 0.50
  112 A     1   2   2   2  -4   1   1  -3   2  -3  -1   1   0  -2  -3  -1   0   0   0  -2   11  12  10  14   0   7   8   1   6   1   5   7   2   1   0   2   5   2   3   3  0.23 0.20
  113 E     0   1   0   2  -4   2   3  -3   1  -2  -2   1  -2   0  -3  -1  -1  -4   0  -2    8   7   4  13   0  10  22   1   4   3   3   7   1   5   0   3   4   0   4   3  0.29 0.23
  114 A     1  -5  -4  -5  -4  -5  -5  -3  -5  -1  -3  -5  -4  -5  -5  -1   6  -6  -5   4   13   0   0   0   0   0   0   2   0   2   1   0   0   0   0   3  49   0   0  28  1.22 0.62
  115 R    -2   6  -1  -2  -6   1  -3  -3   0  -4  -6   4  -5  -6  -3  -3  -4   2  -5  -5    4  47   3   3   0   5   0   2   2   1   0  28   0   0   1   1   0   3   0   1  1.32 0.62
  116 R     2   3   0   0  -4   3   2  -1  -1  -4  -1   1  -2  -3  -3   0  -1  -2  -2  -4   16  15   5   4   0  14  15   5   1   0   6   8   1   1   0   7   3   1   1   0  0.32 0.26
  117 A     1   1   0  -2  -3   0  -2  -3  -1   2   2  -1   2  -3  -4  -2   0  -4  -2   1   16   7   5   2   0   5   1   1   1  11  25   4   4   0   0   1   4   0   1  11  0.25 0.22
  118 L    -5  -6  -7  -7  -5  -6  -7  -4  -7   2   6  -6   4   0  -7  -3  -3  -6  -5  -1    0   0   0   0   0   0   0   2   0  11  68   0   9   3   0   2   2   0   0   3  1.47 0.65
  119 P    -2   2   1  -2  -3  -2  -3  -5   2  -2  -4   1  -5   0   5   1  -1  -2  -2  -3    3  10   6   1   1   1   1   0   5   2   1  10   0   4  34  13   4   1   1   2  0.75 0.44
  120 F    -1   0   0  -2  -5  -4  -3  -3   6  -2  -1  -3   1   3  -1  -2  -3  -1   5  -3    4   5   4   2   0   0   1   2  23   2   7   1   4  11   4   3   1   1  24   1  0.84 0.45
  121 G    -4  -5  -2  -5  -5  -5  -5   7  -5  -6  -6  -2  -5  -5  -5  -4  -5  -5  -2  -6    1   0   2   0   0   0   1  86   0   0   1   3   0   0   0   1   1   0   2   1  2.21 0.80
  122 R     3   5  -4  -5  -5   0  -4  -5  -5  -6  -4  -2  -5  -6   1   2  -3  -6  -5  -2   29  37   0   0   0   4   0   0   0   0   1   1   0   0   8  17   1   0   0   2  1.08 0.61
  123 G     2  -6  -5  -1  -6  -6  -6   6  -6  -7  -4  -6  -6  -7  -1  -1  -3  -7  -7  -7   14   0   0   4   0   0   0  70   0   0   2   0   0   0   3   5   2   0   0   0  1.67 0.76
  124 N    -6  -5   9  -1  -7  -5  -5  -5  -5  -7  -7  -5  -7  -7  -7  -5  -5  -8  -7  -7    0   0  93   4   0   0   0   0   0   0   0   0   0   0   0   0   0   0   0   0  3.15 1.26
  125 I    -2  -2  -1  -5  -5   6  -4  -5  -4   2  -2  -4  -1  -4  -5  -4  -4  -5  -1   5    3   2   2   0   0  33   0   0   0  13   3   0   1   0   0   0   0   0   2  37  1.15 0.63
  126 D     0   2  -2   1  -3   0  -1   0   0   0   1   1  -1  -2   0  -1   1   0  -2   0    9  12   1   8   0   3   2   7   3   8  14   8   1   1   4   4  10   2   0   5  0.07 0.11
  127 V     1   0  -1   1  -1   0   0   0  -2  -1  -1   0  -1   0   1   1   1  -3  -2   0   10   7   2   9   1   3   6   6   1   3   6   4   1   4   6  13  11   0   0   8  0.08 0.11
  128 D     0  -2   2   6  -6  -1  -1  -4   2  -6  -6  -2  -2  -6  -5   2  -2  -6  -5  -6    8   2   8  53   0   2   4   0   4   0   0   2   1   0   0  13   2   0   0   0  1.25 0.64
  129 A     0  -4  -1  -1  -3  -2  -4  -1  -4   4   2  -1   0   0  -4  -1  -2  -4   1   2    6   0   3   4   0   1   0   4   0  27  16   4   1   3   0   4   2   0   6  17  0.36 0.26
  130 Q     1   1   0   0  -3   0   1  -2  -1   0   0   0  -1   0  -1   0   0   2  -1   0   13  11   5   5   0   4  10   2   1   7   8   5   1   4   2   7   4   3   1   7  0.07 0.10
  131 L     3   2   0   0  -2  -1   1  -1   1  -2  -1   1  -3  -4   0   0  -1  -4   0  -2   26  13   4   5   1   1   9   3   3   2   5  11   0   0   5   6   2   0   4   2  0.24 0.23
  132 S    -1  -3  -1  -1  -4  -4  -2  -2   1  -5  -3  -1  -4  -5  -3   4   5  -5  -1  -4    5   1   3   4   0   0   3   3   3   0   2   3   0   0   1  33  36   0   2   0  0.90 0.57
  133 N    -2   0   3   2  -4   2   0   2   2  -2  -2   0   0  -1  -4  -1  -1   1  -1  -3    1   5  17  12   0   9   5  16   5   3   3   7   3   2   0   3   3   2   2   1  0.30 0.25
  134 L    -1  -3  -2  -4  -5  -4  -3   5   3  -2   0  -3   0   3  -2  -1  -4  -4  -1  -2    5   1   2   0   0   0   2  45   6   3   9   1   2  12   2   4   0   0   2   3  0.73 0.43
  135 E    -1   0   0   1  -5   1   5  -3   2  -1  -3  -1  -2  -2  -4  -1  -2  -1   0  -2    5   5   5   8   0   7  40   2   4   4   2   3   1   1   0   5   1   1   4   2  0.58 0.40
  136 S     2  -4   0  -3  -1  -4  -4  -3   2  -3  -4  -2  -5  -5   0   5  -1  -6  -5  -2   16   0   4   1   1   0   0   2   6   1   2   2   0   0   4  54   4   0   0   3  1.01 0.62
  137 G     0   1  -2  -1  -1  -1  -2  -1   2  -1   0  -2   0   1  -4   1   0   4   4  -1    7   9   1   3   1   2   2   5   5   4  11   2   3   6   0  10   8   5  15   3  0.19 0.19
  138 A     1   1  -1  -1   0   0  -1  -1   0   1   0   0   0  -1   0  -1  -1   2  -1   0   17  11   2   3   2   4   2   5   3   9   9   7   1   3   4   3   3   3   2   8  0.06 0.09
  139 R     1   6  -2  -3  -1  -2  -4  -2  -1  -3   0   0  -1  -4  -5  -3  -2   3  -1  -3   11  53   2   1   1   1   0   3   1   1   8   4   1   1   0   1   3   4   2   1  1.04 0.58
  140 T     1  -1  -2  -2  -2  -1  -3  -2   0   0   1  -2   3  -3   0   1   4  -4  -2   1   10   3   1   2   1   2   0   3   3   5  11   2   7   0   5   9  27   0   1   9  0.31 0.28
  141 L     0   0   0   0  -2   1   1  -1   1   0   0   1  -1  -1  -3   0  -1  -3  -1   0    9   4   5   4   1   9  10   5   3   6  11  10   1   2   0   9   3   0   2   6  0.07 0.10
  142 A     3  -1  -2  -4  -1  -1  -2   0   0   1   1  -2   0   1  -3  -1   0  -1   0   2   28   2   2   0   1   3   1   6   2   7  12   2   1   5   0   2   6   1   3  14  0.22 0.22
  143 A     4  -4  -2  -3  -2  -1  -3   3  -1  -2  -1  -2   1  -3  -4   0   0  -4  -4   0   36   0   1   1   1   3   0  20   2   2   7   2   4   1   0   8   6   0   0   5  0.48 0.35
  144 R    -3   6  -4  -1  -5   0  -2  -4   1  -5  -3   1   1  -3  -5  -3  -1  -4   3  -5    1  51   0   3   0   4   3   1   4   0   2   6   3   1   0   1   5   0  11   1  1.16 0.60
  145 C     0   1   0   2   1   1   1  -1   0  -2  -1   0   1  -1  -1   0   0   1  -1  -1    9   7   4  12   4   5  10   5   2   2   4   5   5   2   2   8   6   2   2   5  0.08 0.11
  146 L    -1  -2  -1  -2  -3  -1  -2  -2   2   1   2  -1   2   1  -4  -1  -1   1   2   2    4   2   2   2   0   2   2   2   5   8  23   4   6   5   0   3   3   2   7  16  0.22 0.20
  147 R     0   1   0   0  -2   0   0  -1   1  -1  -1   1   0   0   0   0   0  -2   1  -1    9   8   5   4   0   3   6   5   4   3   6  10   4   5   5   7   4   0   5   5  0.04 0.06
  148 K     0   1   0   1  -3   1   1  -1   1  -1  -1   1  -2  -3   0   0   0  -3   0  -1   10  10   5   7   0   7  11   4   3   3   7   9   0   0   4   5   6   0   3   4  0.11 0.12
  149 D     0   1   2   1  -4   0   2   0   2  -4  -2   0   0  -2   1   1   0   1  -3  -2    7   8   9   9   0   3  12   7   5   0   4   4   2   2   7  10   5   2   0   3  0.18 0.20
  150 A     0   1  -1   0   0   0   0  -3   1   0   1   0   1   0   0   0   0  -3   1   0    7   7   3   5   2   5   6   0   3   4  16   5   4   4   5   7   6   0   6   6  0.05 0.09
  151 E     0   0   0   1   0   1   2   0  -2  -1  -2   0   0   1  -1   0  -1   2   1   0    6   4   6   7   2   5  16   6   0   5   3   4   3   5   3   6   4   3   4   6  0.09 0.13
  152 A     0   1   0   1   0   0   0   0   0  -1  -1   0   1   0   0  -1   0   4   0  -1    6  10   5   7   2   5   5   9   3   5   7   6   4   3   5   3   4   6   2   3  0.07 0.09
  153 A     1   1   0   1  -1  -1   0  -1  -1  -1   0   1   0   0   0   0  -1   0   0  -1   15   9   3   8   1   2   4   5   1   3  10   8   3   4   5   9   2   1   4   2  0.06 0.09
  154 G     0   0  -1  -1  -3  -1  -1   3  -1   1   0   0  -1  -1  -1   0   0   2   0  -1    6   5   1   4   0   2   3  24   1   8  10   6   1   2   3   6   5   3   3   4  0.14 0.14
  155 H     1   1   0   0   1   0   0   0   3  -2  -1  -1   1   0   1   0   0   1  -2  -1   12   8   5   6   3   3   7   6   9   1   6   3   5   4   7   6   4   2   1   4  0.10 0.12
  156 E     0   0   1   0  -3   1   1   0   0  -2  -1   0  -2  -1   2   0   0   3  -1  -2    9   5   8   5   0   7   9   8   2   3   5   5   0   3  10   5   7   4   1   1  0.15 0.15
  157 P     0   0   1  -1  -3   0   0  -2   0   0  -1   1   0  -2   4   1   0  -4  -3  -1    7   6   7   4   0   4   7   2   3   5   5   7   2   1  23   9   5   0   1   4  0.30 0.23
  158 M     0   0   0   0  -2   0  -1   1   0   0   0  -1   0   1   0   0   0   0  -1   0    5   4   3   5   0   5   4  14   2   6   9   2   3   9   4  10   6   1   0   7  0.04 0.08
  159 P     0   1   0   0  -3   0  -1  -1   0   0  -1   1   1  -1   3   0   0  -3   0  -1    6   6   4   4   0   5   3   5   2   6   6   7   4   2  17   8   6   0   4   4  0.15 0.14
  160 A     1   0   0   1  -3   0   1   0  -1  -1  -1   1   0   0   0   0  -1   1  -2  -1   18   6   4   7   0   5   8   7   2   3   6   8   3   4   4   7   3   2   0   2  0.08 0.11
  161 N     1   0   1   1  -2   0   0   0   0  -1   0   0   0   0  -2   0   0   0   1  -1   12   4  10   9   0   4   6   5   3   4   8   5   3   4   1   5   7   1   5   5  0.05 0.08
  162 E     1   1   1   1  -1   1   1  -1  -1  -1  -2   0  -1  -1  -1   0   0  -1   0  -1   15   8   9   7   2   5  10   4   1   3   3   5   1   3   3   7   6   1   4   3  0.09 0.12
  163 P     1   0   0  -1  -3  -1   1   1   0  -2  -2   0  -1  -1   3   1   1  -3  -1  -1   13   5   5   3   0   2   8   9   2   2   3   7   1   3  13   9   7   0   2   5  0.16 0.16
  164 M     0   0   0  -1   0   1   0  -1  -1   0   0  -1   2  -1   0   0   0   0  -1   0    8   4   5   3   3   9   6   5   1   8  12   3   7   3   5   5   5   2   2   6  0.03 0.07
  165 N     0   0   1   2  -3   2   1  -1   3  -2  -2   0   0  -1  -2   0  -1  -3  -1  -1    8   4   8  12   0   9  11   5   8   2   4   5   3   2   1   7   2   0   2   4  0.17 0.18
  166 W     0   2   0   0  -3   1   0  -1   0   0  -2   0  -2   0   1   0   0   4   1  -1    6  12   3   5   0   8   6   5   2   5   3   4   0   5   8   6   5   7   5   5  0.15 0.16
  167 H     1   0   1  -1   0  -1  -1   0   4   0  -1  -1  -1  -2   0   0   0  -3   2  -1   15   5   6   4   2   2   3   6  11   5   5   3   1   1   4   6   4   0   9   3  0.15 0.17
  168 V     2   0  -1   0   2   0  -1   0  -1   1   0  -1   0  -2  -1  -1  -1   2  -1   1   17   4   3   6   4   4   3   6   2   7   8   4   3   0   3   4   4   4   3  13  0.08 0.10
  169 L     0   1   0  -1  -3   0  -1  -1   2   0   0   0  -1   1   0   0   2  -3   0   0    7   8   5   3   0   5   3   3   6   7   9   6   0   6   5   5  14   0   3   5  0.07 0.11
  170 V     0   1   0  -1   0   0  -1   0   0   0   0   0   0   0  -1   0   1   2   1   0    8   8   4   3   2   4   2   7   3   7   7   7   4   4   2   5   9   3   5   6  0.02 0.04
  171 A     5  -1  -4  -4  -4  -1  -1  -1   1  -1  -2  -3   0  -5   0  -1  -1  -5  -4   0   52   4   0   0   0   3   3   5   3   3   4   0   3   0   4   4   4   0   0   6  0.71 0.49
  172 M     4   0  -2  -2   0  -1   0   0  -3   0  -1   0   2   0  -3  -1  -1  -1  -1  -1   38   6   2   2   2   2   8   6   0   5   5   4   7   3   1   3   3   1   2   3  0.30 0.25
  173 S     2   1  -1  -2   1  -1  -2  -1  -2   0   0   0   0  -3  -1   1   1  -3  -3   1   23   8   3   1   3   2   2   5   1   4   7   7   2   0   2  12   9   0   0   9  0.15 0.16
  174 G     6  -4  -2  -4  -1  -2  -4   0  -4  -3  -4  -4  -4  -3  -2   2  -2  -5  -4  -3   65   0   2   0   1   1   1   6   0   2   1   1   0   1   2  14   2   0   0   1  1.17 0.60
  175 Q    -1   1  -2   0  -3   1   1  -3  -1   2   1   1   2  -1  -3  -1  -1   0  -1   0    6   9   1   4   0   6  11   1   2  14  12  10   8   2   0   4   2   1   2   7  0.13 0.15
  176 V     0   1  -3  -3  -2   1  -1  -3   0   1   0   1   0   1  -3  -1  -1   0   2   2    9   9   0   0   1   6   3   1   2   8  10  10   2   8   0   2   4   1   9  15  0.15 0.16
  177 F     2  -3  -1  -3  -1  -3  -2  -2  -1   0   0  -3   2   3  -3   0   0   1   2   1   19   1   2   0   1   0   1   3   1   4  10   0   6  13   0   8   7   2   7  12  0.25 0.22
  178 G    -3   2  -3  -2  -1   4   0   4   0  -5  -5   2  -3  -5  -4  -1  -4  -5  -5  -5    1  10   0   2   1  23   5  36   2   0   1  13   1   0   0   3   0   0   0   0  0.89 0.49
  179 A     5  -4  -4  -1   0  -3  -4   3  -4  -1  -3  -4  -4  -3  -4   0   0  -5  -3  -1   51   0   0   3   2   1   0  18   0   3   2   0   0   1   0   7   6   0   1   3  0.84 0.49
  180 G    -2  -6  -5  -6  -6  -6  -6   7  -6  -7  -7  -6   0  -3  -6  -3  -6  -6  -7  -7    3   0   0   0   0   0   0  89   0   0   0   0   3   1   0   2   0   0   0   0  2.38 0.96
  181 N    -3  -3   8  -3  -1  -2  -4  -3  -1  -6  -4  -4  -3   0  -6  -1  -1  -6   0  -1    2   1  68   1   1   2   1   1   1   0   2   1   1   4   0   3   4   0   4   4  1.68 0.80
  182 C    -3  -9  -9  -9  11  -9  -9  -8  -9  -7  -7  -9  -7  -8  -9  -7  -7   0  -8  -7    3   0   0   0  96   0   0   0   0   0   0   0   0   0   0   0   0   1   0   0  4.54 1.53
  183 G     0  -2  -1   4  -6  -1   0   5   0  -6  -6  -3  -3  -6  -3   0  -2  -2  -2  -6    6   2   2  24   0   3   5  40   2   0   0   1   1   0   1   8   2   1   2   0  0.89 0.50
  184 E    -2  -4   0  -1  -7   1   7  -1   1  -7  -7  -4  -6  -4  -5  -2  -4  -7  -6  -2    4   0   4   3   0   5  69   4   3   0   0   0   0   1   0   3   1   0   0   3  1.58 0.80
  185 H    -3   0   2  -5  -6   1  -3  -5   8  -2  -3  -3   3   3  -5  -2  -2  -4   3  -3    1   4   8   0   0   6   1   0  38   2   2   1   7  12   0   3   2   0   9   2  1.21 0.60
  186 A     6  -2  -5  -5  -4  -4  -3  -1  -5  -5  -5  -4  -5  -6  -5   3  -2  -6  -5  -1   67   2   0   0   0   0   1   4   0   0   0   0   0   0   0  18   2   0   0   3  1.43 0.73
  187 R     3   0   1   2  -3   1  -1  -2   1  -1  -3  -1  -1  -3  -1   1  -2  -2   0  -2   32   6   8  11   0   5   3   2   3   4   2   2   1   1   3  11   0   1   3   2  0.33 0.29
  188 I    -3  -5  -5  -5   2  -5  -3  -6  -2   2   3  -5   2  -3  -5  -3  -1  -5  -4   5    1   0   0   0   4   0   1   0   1  10  27   0   5   1   0   1   4   0   0  43  0.97 0.49
  189 A     4  -4   0  -4   2  -3  -4   0  -4  -2  -1  -3  -1  -2  -4   1   3  -4  -4   0   41   0   4   0   4   0   0   7   0   1   5   0   1   2   0   8  16   0   0   8  0.60 0.40
  190 S     3  -3  -1  -3  -3  -1  -3  -3  -2   0  -1  -3   1   5  -3   1   0  -3   2  -1   25   1   3   1   0   4   1   2   1   5   6   1   3  23   1  10   5   0   7   3  0.48 0.34
  191 F     1  -1  -1  -1   1  -1  -1  -1   3   0   0  -1   2   2  -2   0  -1  -2   0   1   12   3   2   2   3   1   3   3   8   4   8   3   6  11   1   9   4   0   3  13  0.10 0.12
  192 A     0   0  -1  -3  -1   0  -1  -2  -1   1   3  -2   1  -1  -3  -1  -2  -2   2   0   10   6   4   1   1   5   3   3   1   7  31   1   3   2   1   5   2   0   9   7  0.21 0.19
  193 Y    -1  -2  -3  -3  -1  -2  -2  -2   7  -2   3  -3   0  -2  -4  -2  -2  -3   3  -1    5   3   1   1   1   2   3   3  31   2  26   1   2   1   1   3   2   0  10   4  0.86 0.45
  194 G     3  -1   0  -2  -3  -2  -1   1  -1  -1  -1  -2  -1  -3  -3   0   1   0   0  -1   32   4   5   2   0   1   3  12   1   3   7   1   1   0   1   8   8   1   4   4  0.27 0.25
  195 A     2   1   0  -1  -1   2   0   0  -1  -1  -2   0   0  -3   2   0  -1  -3   0   0   18   8   4   3   2   9   6   6   1   2   2   6   2   0   9   6   2   0   4   9  0.14 0.16
  196 L    -1   2  -1  -2   0   0  -2  -3   3   0   3   1   2  -2  -3  -2  -2  -3   1   0    4  12   2   2   2   4   2   2   7   4  28  10   5   1   1   3   2   0   4   5  0.25 0.21
  197 A     1  -2  -3   0   0  -1  -3  -2   1   1   3  -2   3  -2   1  -1   0  -3  -3  -1   13   2   1   5   2   3   1   2   4   6  30   2   8   1   6   4   5   0   1   3  0.27 0.23
  198 Q     0   2   0   1   0   2   1  -1   2  -2  -1   1  -2  -2  -2   0  -1  -3   1  -1    7  11   4   8   3   9   8   4   6   2   7   9   0   1   1   8   4   0   5   4  0.13 0.14
  199 E     1   2   0   1  -3   0   2  -2   2  -2  -2   0  -1  -2   1   0  -1  -4  -2  -2   14  10   4  10   0   4  14   3   5   2   3   6   2   2   9   7   3   0   1   2  0.20 0.19
  200 N    -1  -1   2   1  -4  -1   0   2  -3   0  -1   0  -1  -3   3   0   0  -4  -2  -2    4   3  10   8   0   3   6  18   0   5   6   5   1   0  17   5   5   0   2   3  0.28 0.23
  201 G     0   0   0   0   0   1   0   2  -1   0   0   0   0  -1   0   0  -1  -2  -1  -1    8   6   5   4   2   6   7  17   1   6   8   5   2   3   4   7   3   0   2   3  0.06 0.06
  202 R    -1   1   0  -1   0   2   0  -2   0   0   0   1   1   0   0   0   0  -3  -1  -1    5  10   5   3   2  10   4   3   2   4  10   9   5   4   4   9   6   0   2   4  0.08 0.10
  203 S     0   1   0  -1  -4   1  -1  -1   0  -1  -2   1  -1  -1   2   2   0  -4  -1  -2    6   8   4   3   0   7   4   6   3   3   3  10   2   3   9  18   6   0   2   3  0.16 0.18
  204 E     0   0  -1   0  -3   0   1   0  -1   0   0  -1  -2  -1   3   0   0   1  -1   0    8   5   2   5   0   5   8   6   2   6  11   3   0   3  14   6   4   2   2   6  0.11 0.12
  205 Y     0   0   1   1   0   0   0   1   1   0  -1  -1   0   0  -1   0   0   2   0   0    6   6   8   8   3   3   5  11   5   5   7   2   3   3   3   4   6   3   3   7  0.03 0.05
  206 E    -1   0  -1   0   0   2   4  -1   2  -2  -3  -1  -1  -1  -1   0   0   0   0  -1    4   5   3   5   2   9  27   5   5   2   2   4   2   2   3   7   6   1   3   4  0.31 0.28
  207 N    -1   1  -1  -2  -1   1   1  -4   1  -1  -2   1  -1  -4   2   1   1   1  -1   0    5   8   3   2   1   8   8   1   4   4   4   9   2   0  11  12   9   2   2   6  0.19 0.21
  208 I    -1  -3  -4  -2   0  -4  -2  -3  -2   3   2  -3   1   0  -3  -2  -1  -4  -3   4    5   1   0   2   2   0   3   2   1  18  18   2   4   3   1   2   3   0   0  33  0.52 0.31
  209 Y     0   1   0   0   1   1  -2  -2   6  -2  -2  -1   2   1  -1   0  -2   1   2  -2    8   9   4   5   3   6   0   3  20   2   4   4   5   5   2   7   1   2   8   2  0.34 0.25
  210 L    -2   1   0  -2  -2   0  -2  -4   0   2   2  -1   2  -1  -3  -2   0   0   2   1    2  10   4   3   1   3   1   0   2  14  21   2   6   1   1   1   5   1   8  12  0.24 0.20
  211 A     1  -4  -3  -3  -1  -4  -1  -5  -4   1  -1  -4   2  -3  -2  -1   0  -2   1   5   11   1   1   1   1   0   4   0   0   6   4   0   5   0   2   5   5   1   4  47  0.68 0.41
  212 A     1   0   0  -2  -1   0  -1   0   0  -1  -3   0   0  -3  -1   3   1   0  -1   0   14   6   5   0   1   4   3   6   3   5   0   6   3   0   2  24   8   1   2   6  0.18 0.19
  213 S     1   0   1   1  -1  -1  -1   1   2  -1  -2   0   0  -3   1   2  -1   1  -3  -2   15   5   6  10   2   1   2  10   5   3   2   5   4   1   6  16   2   2   0   2  0.16 0.16
  214 T     0   1   1   1  -1   1   1  -1   2  -2  -2   1  -2  -2   2   0   1   1  -1  -1    8   8   5   8   1   9   8   3   6   1   3   7   0   2  10   6   8   2   1   4  0.15 0.13
  215 E    -1   0   1   2  -2   0   1   3   0  -2  -3   0  -2  -2   1   0  -1  -4  -1  -2    4   4   7  12   1   3  11  23   2   3   1   6   1   2   6   8   3   0   2   2  0.25 0.18
  216 E     0  -1  -2   0  -2   0   0  -1   0   1   0   0   1   2  -2  -1   0  -1   1   1    6   2   1   5   0   3   5   5   2   8  10   6   4  11   1   2   8   1   4  15  0.06 0.09
  217 D    -4  -5   0   7  -6  -4  -2   0  -2  -6  -6  -2  -5  -6   0  -1  -3  -6  -3  -3    1   0   3  71   0   0   1   6   1   0   0   3   0   0   4   4   1   0   1   2  1.66 0.68
  218 H    -6  -5  -2  -6  -7  -4  -2  -7  11  -7  -7  -3  -6  -6  -7  -6  -6  -7  -3  -7    0   0   2   0   0   0   2   0  93   0   0   2   0   0   0   0   0   0   0   0  3.82 1.23
  219 V     3  -2  -2  -1  -2   1   0   0   0  -2  -2  -2   0  -2  -3   1   1  -4  -3   1   36   1   1   2   1   7   5   6   2   1   2   0   2   2   0   7  11   0   0  14  0.34 0.28
  220 W    -5  -5  -6  -6  -5  -5  -5  -5  -4  -4  -2  -5  -1   6  -6  -4  -5  10   4  -2    0   0   0   0   0   0   0   0   0   0   3   0   1  32   0   1   0  40  16   3  2.26 0.75
  221 A     3  -3   0  -4   1  -1  -3  -1  -4  -1  -1  -3  -1  -3  -3   0   0  -4  -1   4   30   0   5   0   3   2   0   3   0   2   5   0   1   0   0   5   7   0   2  33  0.47 0.32
  222 E    -1  -1  -2  -2  -4  -1   4  -4  -1   1   1  -2   0  -3  -1  -2   0  -4  -3   2    4   3   1   0   0   1  35   0   1   8  18   1   2   0   3   2   5   0   0  15  0.42 0.30
  223 T     0  -3  -2  -4  -3  -3  -4  -3  -2   4   2  -3   1  -1  -2  -1   0   1  -1   3    6   1   2   0   0   1   0   1   1  28  21   0   2   1   2   5   6   2   1  19  0.43 0.27
  224 D    -2   4  -2   1  -4   1   0   4   0  -4  -1   0  -3  -3  -4   0  -2   0  -2  -3    2  24   0   7   0   6   5  30   2   0   7   3   0   1   0   6   2   1   1   1  0.46 0.29
  225 E     0   0   1   4  -3  -1   0   0   0  -1  -1   0  -2  -2   1   0   0  -4  -1  -2    6   6   6  28   0   1   4   6   3   4   5   5   1   2   7   6   5   0   2   3  0.23 0.17
  226 S     1  -1  -2   0   0  -1   0   1   1  -1  -1  -1  -2  -3   4   0  -1  -4  -1   0   11   3   0   7   2   1   5  11   4   3   5   4   0   0  22   8   2   0   3   8  0.27 0.18
  227 Q    -1   3   1   1  -4   0   1   0   2  -3  -3   1   0  -4  -1   1  -1  -1  -3  -3    4  24   7  10   0   4  10   6   5   1   2   9   2   0   2   9   3   1   0   0  0.31 0.20
  228 S     0  -1   0   2  -1   0   0   2  -1  -2  -1   0   0  -1   1   0  -1   1  -2  -1    9   2   3  16   1   4   5  18   1   1   5   5   3   3   8   7   3   2   1   3  0.16 0.12
  229 G    -1   1   1   3  -4   0   0   2   0  -3  -4   0  -3  -4   3  -1  -1  -4  -4  -3    4   8   5  18   0   2   6  20   3   1   0   7   0   0  17   4   4   0   0   2  0.42 0.23
  230 T    -1   1   0   2  -2   1   2   0   1  -2  -3   2  -3  -4   2   0  -1  -4  -3  -3    4   9   3  12   1   5  16   9   4   2   1  13   0   0   9   7   4   0   0   1  0.28 0.18
  231 S    -1   1   2   3  -3   0   1  -1   2  -4  -4   0  -3  -4  -1   2   1  -4  -2  -3    4  10   8  20   0   4   9   3   7   0   1   4   0   0   3  18   7   0   1   2  0.35 0.22
  232 T     1  -1  -1   3  -3   0  -1  -1  -1   0  -1  -1  -2  -2   1   0   2  -4  -3  -1   17   4   2  21   0   4   3   3   2   5   4   4   0   1   8   4  16   0   0   3  0.24 0.19
  233 I    -2  -5  -5  -5  -4  -5  -3  -6  -5   5  -1  -5   0  -3  -3  -4  -1   1  -4   5    2   0   0   0   0   0   2   0   0  41   4   0   2   0   1   0   2   2   0  43  1.21 0.50
  234 V    -2  -3  -6  -6  -4  -5  -5  -6  -6   4   0  -5   0  -3  -5  -5  -1  -5  -1   6    3   2   0   0   0   0   0   0   0  25   6   0   2   0   0   0   3   0   2  58  1.26 0.53
  235 M     0  -2  -3  -3   1  -1  -2  -2  -2   1   1  -2   3   0  -1  -1  -1  -2   1   2    9   0   0   0   5   4   0   3   0   9  14   0  15   3   3   4   0   0   8  24  0.18 0.09
  236 D    -4  -3   0   8  -5  -2   0  -3  -3  -5  -5  -2  -5  -5  -3  -2  -3  -6  -5  -5    0   0   0 100   0   0   0   0   0   0   0   0   0   0   0   0   0   0   0   0  1.99 0.36
  237 P     3  -2  -2  -2  -2  -2  -1   1  -3  -2  -3  -2  -2   0   4   1   0  -3  -2  -1   30   0   0   0   0   0   4  12   0   0   0   0   0   5  28  11   5   0   0   4  0.52 0.14
  238 W    -5  -5  -6  -7  -5  -4  -5  -5  -5  -5  -4  -5  -4  -1  -6  -5  -5  12   0  -5    0   0   0   0   0   0   0   0   0   0   0   0   0   0   0   0   0 100   0   0  4.12 0.40
  239 S     2  -2  -1  -1   1   0  -1   1   0  -1  -1  -1   0  -3   3   1   1  -3  -2   0   21   0   3   2   3   6   0  12   3   2   4   2   4   0  14   8  11   0   0   5  0.20 0.08
  240 N    -1   1   2   2  -3   0   2   0   0  -2  -3   1  -2  -1  -1   0   1  -3   0  -2    4  10  13  15   0   3  13   5   2   3   0   9   0   3   1   3   8   0   4   2  0.22 0.10
  241 G     0   0  -1  -2  -4  -1  -2   5   0  -3  -2  -1  -3   1  -3  -1   0  -3  -1  -2    7   5   3   2   0   3   1  49   3   0   3   2   0   7   0   3   5   0   2   4  0.54 0.21
  242 S    -1   0  -2  -2  -4   1  -3  -3  -1  -4  -5  -1  -4  -5   7   0  -2  -5  -2  -2    4   5   2   2   0   8   0   2   1   0   0   2   0   0  57   9   2   0   1   2  1.31 0.40
  243 A     5  -3  -3  -2  -3  -3  -3  -1  -4  -1  -3  -1  -1  -4   2   1  -1  -5  -4  -1   64   0   0   2   0   0   0   2   0   2   0   3   1   0  12   8   2   0   0   4  0.85 0.37
  244 I     0  -2  -2  -3   2  -3  -3  -4   2   3   0  -3   2   0  -4  -3   0  -4  -2   4    6   1   2   1   5   0   0   0   7  15   3   0   6   3   0   0   6   0   0  43  0.51 0.26
  245 F    -3   0  -1  -4  -1  -1  -2  -4   2   0   3  -1   3   4  -4  -3  -1  -3   0  -1    0   6   2   0   2   2   1   0   6   2  38   4  11  18   0   0   4   0   1   1  0.47 0.26
  246 A     3   1  -1  -2  -3  -1  -2  -2   1  -1   1  -1   0  -2  -3   0  -1   4  -1   0   31  10   3   2   0   3   0   0   4   3  18   2   3   0   0   4   4   7   2   5  0.24 0.19
  247 E    -1   2   0   1  -2   1   3  -2  -1  -1  -2   1  -2  -2  -1   0  -1   1  -2  -1    4  11   2   9   1   4  28   2   1   3   2   6   0   2   3   7   4   2   0   6  0.24 0.16
  248 D    -4  -4   1   7  -5  -1   0  -3   1  -5  -5  -2  -5  -5  -4  -3  -2  -6  -5  -5    0   0   5  77   0   2   3   2   4   0   0   2   0   0   0   0   3   0   0   0  1.76 0.57
  249 S     1  -2   0  -2   1  -2  -1   3   0  -2  -3  -2  -3   1  -2   3   0  -3  -1  -3   12   1   5   1   3   0   3  22   2   2   1   1   0   7   2  29   6   0   2   1  0.37 0.22
  250 R     1   4   0  -2  -1   0   0  -1   4  -2  -2   1  -1  -1  -1   0   0  -3   0  -2   14  26   3   1   1   3   4   3  13   2   3   6   1   2   3   7   4   0   3   1  0.30 0.20
  251 F    -3  -4  -1  -5  -1  -4  -4  -5   0  -2   0  -4   1   7  -3  -2  -2   5   3  -3    1   0   3   0   1   0   0   0   2   2   7   0   3  54   2   3   3   8   7   1  1.18 0.44
  252 A     3  -3  -1  -2  -3  -1  -1   2   0  -2  -2  -2  -1  -2   1   2   2  -4  -3  -2   27   0   2   0   0   2   3  17   3   1   3   0   1   1   7  16  13   0   0   2  0.33 0.22
  253 K     0   0   0   0  -2   2   1  -1   1  -1  -2   1  -2   0   0   1   0  -2   2  -2    7   5   5   6   1  10   8   3   4   4   3   9   0   3   5  13   4   0   9   2  0.12 0.11
  254 N     0   2   2   3  -3   0   1   0   0  -2  -2  -1  -1  -3   0   0   1  -1  -3  -2    6  17  11  17   0   4   7   5   2   2   2   1   2   0   5   5  10   1   0   3  0.24 0.17
  255 R     1   3   0  -2  -3   1  -1   0   0  -2  -2   0  -1  -1   3   0  -1  -3   1  -2   11  19   3   1   0   8   3   7   2   1   3   4   1   3  17   5   4   0   5   2  0.27 0.19
  256 N     0  -1   2   2  -3  -1   1   1   2  -3  -2   0  -1  -4   1   0   1  -1  -3  -2    9   3   9  14   0   1  10  11   7   1   4   4   1   0   8   4  10   1   0   2  0.22 0.17
  257 A     1   0   0   0  -2   1   1   0   1  -1  -1   1  -1  -2   3   0  -1  -3  -2  -1   12   5   4   5   1   6   8   8   4   3   5  10   2   1  14   6   2   0   0   6  0.15 0.11
  258 V     0   1  -2   0  -2  -1  -1  -1  -3   1   1  -1   0  -1   0   0   1  -3  -2   2    7   8   1   5   0   2   4   5   0   9  15   2   1   2   4   6  11   0   0  18  0.09 0.11
  259 E     0   2   0   2  -2   2   3  -1   0  -2  -3   0  -1  -1  -1   0   0  -4  -3  -1    5  12   3  12   1  11  22   3   2   1   1   3   2   3   2   7   5   0   0   4  0.28 0.21
  260 R     0   2  -1   1  -3   0   0  -2   0  -1  -1   0   0  -3  -2   1   1   1  -1   1    7  13   1   9   0   2   7   1   3   3   6   5   2   0   1  12  12   3   2  11  0.12 0.14
  261 T     0  -1   1   0  -2   0   0  -1   1   0  -1   0  -1   0   0   0   1   2   1   0    7   2   7   4   0   6   5   4   5   4   6   4   0   4   4   9  10   3   7   9  0.05 0.07
  262 D    -1   2   0   2   0  -1  -1   1   2  -1  -1   0  -1   1  -2   0   0  -1   2   0    5  14   3  14   2   0   2  10   6   3   5   3   1   6   1   5   4   1   8   7  0.10 0.12
  263 T     0   0   1  -1  -3   0  -1  -1   4  -1  -2   0  -1  -2   0   1   1  -3   0   1    7   5   6   3   0   4   2   5  14   3   2   4   1   1   5  15   9   0   3  10  0.16 0.16
  264 F    -2  -1  -3  -2  -3   0  -1   0   1   0   1  -3   0   3  -2   0  -1   0   4   0    3   3   0   2   0   4   4   8   4   4  15   0   2  17   2   6   3   1  17   6  0.27 0.20
  265 N    -1   1   3   2   1   2  -1  -1   0   0  -4   0  -3  -3  -2   1   0  -4  -1  -2    4   7  18  14   3  12   3   5   2   6   0   3   0   1   1  11   5   0   2   2  0.29 0.23
  266 L     1   0   0  -1  -1   0  -1  -1   1   0   0   0   0  -1   0   1   0  -1   1  -1   15   5   6   2   1   5   2   2   5   4  14   8   3   2   4  10   4   1   5   3  0.05 0.09
  267 S     2   2   0   1  -1   1   1  -2  -1  -2  -3  -1  -3  -4   0   2   0  -4  -3  -1   19  11   5  10   1   5   8   2   1   2   1   2   0   0   4  18   6   0   0   5  0.25 0.22
  268 T     0  -1   0   0  -3   0  -1   0  -2  -1   0   0  -1  -2  -1   2   1   2   1  -1    9   3   5   5   0   3   3   7   0   3   9   7   2   1   3  17  12   3   6   3  0.10 0.13
  269 A     2  -1  -1   2  -3  -1   0   3  -3  -2  -2  -1   1  -3   0   0  -1  -4   0  -2   21   3   3  11   0   2   7  22   0   1   4   2   4   0   4   6   3   0   4   3  0.26 0.21
  270 A     2   2  -1  -1  -1   0   0   0  -2  -2   0   1   1  -2   2  -1  -1  -4  -1   0   21  14   2   3   1   2   4   5   0   0   8  11   4   1   9   2   2   0   3   6  0.17 0.18
  271 E     0   0   1   2  -4   3   4   0  -1  -3  -3   0  -2  -1  -1   0  -2   0  -3  -2    7   5   7   9   0  15  27   6   1   1   2   4   1   2   2   4   0   2   0   3  0.38 0.28
  272 A     3  -2   0   1  -3  -1  -1  -2  -3   0   0   0   0  -1  -2   1  -1   1   1   0   32   1   5   7   0   3   3   1   0   4   7   5   2   3   1   9   2   2   6   7  0.21 0.22
  273 G     2   0   0  -1  -3  -2  -1   2   2  -2  -1  -1  -1   0   0   1   0  -3  -2  -1   18   6   5   2   0   0   3  20   6   2   8   2   1   4   5   9   5   0   1   3  0.17 0.17
  274 K     0   2   0   1  -4   2   2  -2   0  -1  -1   3   0  -4  -1   0  -1  -4  -3  -2    7  13   5   6   0   8  12   2   2   4   8  18   2   0   3   5   2   0   0   3  0.22 0.18
  275 I     0   0   0   0   2   0   0  -1   1   0  -1   0   1   0   0   0   0   3  -2   0    5   5   5   5   5   5   5   5   5   5   5   5   5   5   5   5   5   5   0   5  0.05 0.09
  276 T     1  -2   0  -1  -3   0   0  -1  -2  -1   0   0   2   1   0   0   1  -3   1   1   14   0   5   3   0   3   5   4   0   2   7   5   6   7   4   5  11   0   6  13  0.10 0.15
  277 R     0   2   0  -1   0   2   1  -1   1  -1  -1   1   0  -1   0   0  -2  -3   0  -1    8  15   3   3   2   9   9   3   3   3   6   8   3   2   4   9   0   0   4   5  0.13 0.16
  278 E     0   0   1   2  -4   2   2   0  -2  -1  -2   1   0  -4  -1   0  -1  -4  -1  -1    9   6   8  13   0   9  15   8   0   4   2   7   3   0   3   5   3   0   2   3  0.21 0.22
  279 T     1   0  -1  -1   1  -1   0  -1   0   0   2   0  -1   0  -1   0   0  -3   0  -1   13   6   2   3   4   2   8   3   3   4  23   4   0   3   2   7   6   0   3   3  0.06 0.13
  280 A     1  -1  -1   0  -2  -1  -1   0   0   2   1  -1   1  -1  -1  -1  -1  -3  -1   1   12   2   2   7   0   3   2   7   2  12  15   5   4   2   2   4   3   0   2  13  0.06 0.11
  281 E    -1   1   0   2  -4   1   3  -2  -3  -4   0   1  -1  -4   1   1  -1  -4  -2  -2    6   8   5  13   0   5  18   2   0   0   9   7   1   0   7  11   3   0   2   2  0.26 0.26
  282 K     0   0   0   0  -3   1   0   0   2   0  -1   0   1  -2   1   0   0   3  -2   0    6   6   6   6   0   6   6   6   6   6   6   6   6   0   6   6   6   6   0   6  0.08 0.11
  283 A     0  -1  -1   0  -1   0  -1   0   1   0   1   0   1   0   0   0   0   3  -1   0    8   3   2   6   1   3   2   6   4   5  16   5   5   4   5   5   6   6   1   6  0.05 0.09
  284 L     0   1  -2  -3  -3  -1  -1  -1   0   1   2  -1   3  -1   0  -1  -1  -3   0   0    8   7   2   0   0   3   4   6   3  10  26   3   8   2   4   3   2   0   3   5  0.14 0.19
  285 T     1   2  -1  -1  -3   0   1  -1   0   0  -2   0   1  -3   2   0   1  -4  -1  -1   12  15   2   2   0   4  10   3   2   5   3   4   4   0  12   6   8   0   2   4  0.18 0.21
  286 Q     0   0   0   0  -4   2   1  -1   4  -2   0   0   0   0  -3   1  -1  -3   1  -1   10   4   4   6   0  11   8   5  13   1   8   5   2   5   0  10   2   0   4   4  0.17 0.21
  287 V     0  -1   0   0  -2   0  -2   0  -1   0   1  -1   0   0   1   0   1  -3  -1   0    9   2   6   7   0   4   0   9   2   4  15   4   3   4   6   7   9   0   1   8  0.05 0.10
  288 T     0   1   0   0  -3   0   1   1   1  -1  -2   0  -1  -2   0   0   2   0   0  -1    9   8   3   4   0   4   8  12   4   5   3   7   1   1   4   4  15   2   4   3  0.10 0.14
  289 T     2   0   0   1  -3   1   1  -1   0  -3  -2   0  -3   0   0   1   1  -4  -1  -2   18   5   5  10   0   7   7   3   2   0   3   5   0   5   5  10  11   0   1   2  0.18 0.21
  290 R    -1   3   0   2  -1  -1   1  -2   3  -3  -1   0   1  -2  -2  -2   0   0   2  -1    6  18   5  11   1   2   9   3   9   0   6   4   4   1   2   2   5   1   7   5  0.23 0.24
  291 L     1  -3  -2  -2  -3   0   0   0  -3   2   2   0   1   0  -1  -1  -1  -3   0   0   12   0   2   2   0   4   9   7   0  13  23   6   3   4   2   3   3   0   3   4  0.12 0.18
  292 Q     1   1   1   0  -4   4   1  -1   1  -1  -3   0   0  -2  -1   0  -1   1  -3   0   10   9   5   6   0  22   7   4   3   3   1   5   2   1   3   8   2   2   0   6  0.27 0.30
  293 K     1   1   2  -3  -5   2   1   0   3  -4  -3   3  -4  -3  -4  -1   0  -5  -2  -1   11   7  11   0   0   8  11   6   7   0   1  23   0   1   0   2   5   0   1   6  0.39 0.36
  294 R     0   3  -2  -1  -4   0   0   1   0  -1   0   0   2  -1  -1   0  -2   3   0  -2    9  19   1   3   0   4   7  11   2   5   8   6   6   3   2   6   1   4   3   2  0.16 0.20
  295 L     1  -1  -2  -3  -3  -2   0  -4  -1   2   3  -2   2   2  -4  -2  -1   0   1   0   14   3   1   1   0   1   8   0   2  11  28   1   5  10   0   2   3   1   4   5  0.28 0.27
  296 A     2   1   1   1  -3   1   0  -3  -2  -3  -1   1  -2  -1  -3   0  -1   1   1   0   22   7   6   9   0   5   5   0   0   0   5  10   0   2   0   8   4   2   5   9  0.18 0.23
  297 D     1   0   1   3  -4   0   2  -3  -3  -3  -1   2   0  -2  -3  -1  -1   1  -1  -2   10   6   7  18   0   3  15   1   0   0   8  15   3   1   0   3   3   2   3   2  0.30 0.29
  298 Q     2   1  -1  -1  -3   2   1  -1  -2  -1  -1   0   0  -1  -2   0   0   2  -1   0   18   7   3   2   0  10  12   3   0   4   5   5   3   3   1   7   6   4   1   6  0.14 0.19
  299 Q    -1   2   0   0  -3   2   2  -2   1  -1   0   0   1   0  -2  -1  -1  -3   0   0    5  11   5   5   0   9  13   3   5   4  10   6   4   3   1   4   1   0   4   7  0.11 0.14
  300 E     0   3   0   0  -4   1   2  -3  -1  -2  -2   1  -3   1   1   1  -2   2   0  -3    6  15   3   6   0   5  13   0   1   3   3   8   0   6   8  13   2   3   3   0  0.26 0.26
  301 Q     0   2   1  -1  -3   2   1   0   1  -2  -1   1   0  -1   0   0  -1   3  -1  -2   11  11   7   3   0   9   9   6   4   1   5   9   2   2   4   5   3   4   1   2  0.14 0.16
  302 V    -1   1  -3  -1  -1  -1  -1  -1   0   1   1   0   0   1  -3   0  -1  -3   1   2    3  11   0   3   1   2   3   5   2   8  14   5   2   6   0   6   3   0   6  20  0.12 0.16
  303 S     1   1   2   1  -3  -1   0   2  -3  -3  -1  -1   0  -2  -2   2   1  -1  -3  -2   15   7  10   8   0   1   4  15   0   0   8   3   3   1   1  14   8   1   0   1  0.21 0.24
  304 P     1   0  -4  -1  -4  -1   0  -1  -1  -3  -1   0  -2  -1   5  -2  -1  -5   0  -1   10   4   0   3   0   3   6   4   1   1   6   6   1   2  36   2   4   0   4   5  0.60 0.42
  305 I     0   0   0   0  -3  -1   0  -1  -1   0   1  -1   0  -2   2   0   1   0   0   0    6   5   4   7   0   1   6   4   1   4  18   2   2   0  10   7   9   2   4   8  0.08 0.12
  306 K     1   0  -2   0  -4   0   1   0  -1  -2  -2   1  -1  -1   3   2  -1  -4  -2  -1    9   6   0   5   0   2  11   7   1   2   2   9   1   3  14  18   2   0   1   3  0.24 0.25
  307 S    -1  -1   1   2  -4  -1   0   2  -3  -3  -2   0  -2  -1   2   1   0   1  -3   0    5   2   8  11   0   1   7  19   0   1   3   5   1   2   9  11   5   2   0   6  0.23 0.23
  308 G     0   0   1   1  -4   0   0   3  -3  -4  -2   0  -3  -2  -1   0   0   0   1  -3    8   5   7   8   0   4   7  26   0   0   3   4   0   1   2   7   7   1   6   1  0.28 0.25
  309 R     0   2   1  -2  -3   1  -1   0   2  -1  -1   1  -1   0  -1  -1   0   1   0  -1    8  15   7   1   0   6   2   7   7   4   6  10   1   5   2   4   5   2   3   3  0.12 0.15
  310 Y    -2   1  -4  -5  -5  -1  -1  -4   0  -2  -2  -1   1   3  -5  -4  -2   6   5   1    4   9   0   0   0   3   5   1   2   2   3   3   4  12   0   0   2  14  23  12  0.78 0.49
  311 R     0   2  -2  -1  -4   0  -1  -1   0  -2   1  -1  -2   1   1  -2  -3   6   3  -2    7  15   2   4   0   5   3   5   2   2  13   3   0   5   7   2   1  12  10   2  0.32 0.27
  312 P     1   1   0   0  -4   0   1  -1  -3  -2  -3  -2  -1  -4   5   1   0  -4  -4  -3   11   7   5   5   0   3   8   3   0   2   3   1   1   0  32  11   6   0   0   1  0.58 0.37
  313 E     1  -1  -1   2  -4   0   4  -2  -3  -4  -3   0  -2  -5   4   0   1  -5  -4  -3   11   2   3  10   0   3  28   2   0   0   2   4   1   0  18   6   8   0   0   1  0.56 0.41
  314 K    -1   1   0  -1  -3   2  -1  -2   1  -1  -1   0   4  -3   2   1   1  -3   0  -1    3   8   3   3   0  10   3   2   3   2   6   5  13   0  12   9   9   0   4   5  0.21 0.22
  315 S     0  -2   1  -1  -4   2  -1  -4   2  -5  -5  -3  -4  -3   5   3  -1  -5  -4  -2    6   2   6   3   0   8   4   0   6   0   0   0   0   1  28  28   4   0   0   2  0.78 0.53
  316 V     1  -3  -5  -6  -4  -5  -5  -5  -5   2  -1  -5   0  -1  -5  -2   0  -5  -4   6   12   2   0   0   0   0   0   0   0  10   5   0   1   3   0   2   6   0   0  58  1.09 0.62
  317 L    -1  -5  -3   0  -4  -4  -5  -5  -5   3   4  -5   0   1  -5  -2  -1  -4   0   2    6   0   1   6   0   0   0   0   0  21  38   0   1   5   0   2   3   0   3  14  0.63 0.42
  318 D     0  -2   1   4  -5  -1   1   0   2  -5  -4   0  -4  -5  -4   4  -2   0  -4  -5    6   2   7  27   0   2   7   6   5   0   2   4   0   0   0  30   1   1   0   0  0.68 0.48
  319 D    -1   2  -2   4  -5   1   2  -1   2  -5  -5   1  -1  -5   3  -1  -2  -5  -4  -5    5  14   0  22   0   6  14   4   6   0   0   9   2   0  14   3   1   0   0   0  0.58 0.40
  320 A     2   2   0   1  -1   0   1   0  -3  -3  -3   1  -3  -4  -1   0  -2  -4  -2  -1   24  12   5   9   1   4  10   6   0   0   2   8   0   0   2   7   1   0   1   5  0.26 0.25
  321 F    -5   0  -3  -6  -6  -3  -6  -4  -5  -1   0  -3   1   8  -6  -2  -2  -3   1  -4    0   5   2   0   0   1   0   1   0   4   7   1   4  65   0   3   3   0   4   0  1.64 0.77
  322 V     3   1   0  -1  -3  -1   0  -1  -1  -1  -1   0   1  -2  -2   0   0  -4  -1   1   32   8   5   3   0   1   5   3   1   3   5   4   3   2   1   6   5   0   2  10  0.19 0.23
  323 R     1   4   1   1  -5   3   0  -2  -3  -5  -4   2  -4  -5  -2   0  -1  -5  -4  -4   13  29   8   7   0  15   5   2   0   0   1   9   0   0   1   5   4   0   0   0  0.62 0.44
  324 R     0   6   0   0   0   1  -2  -1  -3  -3  -5   1  -4  -5  -5   0  -1  -5  -2  -4    9  45   4   5   2   6   2   5   0   1   0   8   0   0   0   7   3   0   2   1  0.79 0.51
  325 V     2  -3  -3   0  -2  -3  -3  -3  -4   1   0  -1   1  -3   0   0   0  -4  -3   3   21   0   0   6   0   0   0   0   0   9   6   4   5   0   4   5   6   0   0  33  0.32 0.25
  326 S     0   2   0   1  -3   1   1   0  -2  -1   0   1  -2  -3  -2   1   0  -4  -3  -1    7  14   5   7   0   8  12   6   0   3  10   7   0   0   0  14   4   0   0   3  0.17 0.14
  327 D     0   2   1   2  -3   1   0   0  -1  -1  -2   0  -2  -2  -1   0   0   1   1  -2   11  16   8  16   0   7   5   5   0   4   3   4   0   0   3   3   6   2   6   0  0.18 0.16
  328 K     0   3  -1  -1  -3   1   0   0   2  -2  -1   2   0  -3   1   0  -1  -4  -2  -1    9  22   2   2   0   6   3   6   6   0   4  16   3   0   7   5   3   0   0   6  0.25 0.19
  329 L     1  -3  -4  -4   0  -2  -4  -1   0   1   4  -3   4  -1  -4  -3  -1  -3  -1   1   11   0   0   0   2   2   0   5   3   4  41   0  16   2   0   0   2   0   2   8  0.50 0.32
  330 T     0   0   1   1  -1   2   1   0  -2   0  -2   0  -1  -2  -2   1   1  -4  -3  -1    9   5   9   8   2  12   9   6   0   7   2   4   2   2   0  11  12   0   0   2  0.15 0.15
  331 S     0   1   1  -1   3   2   0  -1  -2  -3  -2   1  -2  -1  -3   2   0  -3  -1  -2    9   8   8   3   7  10   4   4   0   0   3  10   0   2   0  22   6   0   3   3  0.22 0.20
  332 P    -1  -2   0   0  -3   0   1  -2   0  -2  -2  -1  -3  -1   4   1   1  -4  -1  -1    3   0   3   5   0   5  10   2   3   2   3   3   0   4  27  15   8   0   2   5  0.41 0.26
  333 D     1   1   0   4  -3   1   0   0   2  -3  -3   0  -3  -4   0   1  -1  -4  -3  -1   14   8   2  26   0   6   3   8   5   0   2   6   0   0   5   8   2   0   0   4  0.29 0.22
  334 L     0   0   0   0  -2   0   0  -1   0  -1   0  -1  -1  -2   2   0   1   1  -2   0   10   6   3   7   0   5   6   4   3   0  11   2   0   0  13   5  11   2   0  10  0.13 0.12
  335 R     1   5  -2  -3  -3  -1  -1  -2   1  -3   0   1   2  -3   0  -1  -2   2  -3  -2   15  37   0   0   0   0   2   2   3   0   8  10   7   0   4   4   0   3   0   2  0.46 0.32
  336 R     0   3   1  -1  -3   1   1  -2   0  -2  -2   1  -1  -3   1   1   1  -4  -3  -1    6  19   9   3   0   8   7   2   2   0   2   7   2   0   5   9  12   0   0   6  0.23 0.19
  337 A     1   1  -1   1  -2   0   0  -1  -2  -1  -2   1   1  -1   1   1   0  -3  -2  -1   16  10   2  11   0   3   6   4   0   2   2   8   6   3   7  10   7   0   0   3  0.14 0.14
  338 L    -1  -3  -4  -4  -3   1   0  -4   0   0   4  -3  -1   1  -4  -3  -1  -3  -2   1    4   0   0   0   0   7   7   0   3   4  54   0   0   6   0   0   2   0   0  10  0.57 0.36
  339 Q     0   3   1  -2  -3   3   0  -1   2  -2   0   1   0  -1  -3  -1  -2  -3  -2  -2    8  23   8   0   0  15   6   5   7   2  10   5   3   3   0   3   0   0   0   1  0.27 0.24
  340 V     1   0   2  -1  -2   0   0  -1   1  -1   0   1   2  -1  -2   0   1  -3  -1   0   12   5  14   1   0   3   4   3   4   2   8   8  11   2   0   6   8   0   2   6  0.10 0.14
  341 D    -1  -2  -2   3  -4   2   5   0  -1  -4  -3  -1  -3  -2  -3   0  -1   2  -3  -2    6   0   0  14   0   8  45   6   1   0   2   2   0   2   0   6   2   3   0   3  0.66 0.41
  342 I    -1  -2  -2  -4  -3  -4  -4  -1  -4   5   1  -4  -1  -2  -4   0  -1  -4  -3   3    3   2   2   0   0   0   0   5   0  45  10   0   0   0   0   8   3   0   0  21  0.64 0.38
  343 E     1   2  -1  -2  -3   0   1  -2   3  -2   1   1   1  -3  -2  -1  -1   0  -2   0   14  15   2   0   0   1  14   3   9   0  17   9   4   0   2   2   2   2   0   5  0.19 0.21
  344 A     6  -4  -4  -4  -3  -3  -3  -1  -4  -4  -2  -1  -4  -5  -4   1  -1  -5  -5  -3   78   0   0   0   0   0   0   2   0   0   3   4   0   0   0  11   2   0   0   0  1.31 0.64
  345 V     2   0  -3   0  -3  -2  -2  -3  -3   1   0  -1   1  -3  -3   0   2  -4  -3   3   24   5   0   5   0   0   2   0   0   6   5   2   4   0   0   4  15   0   0  29  0.33 0.27
  346 G    -2   2  -3  -3  -5   1   0   5   3  -5  -3  -2   1  -5  -4  -2  -2  -5  -4  -5    0  14   0   0   0   7   5  56   8   0   2   0   5   0   0   1   2   0   0   0  0.97 0.46
  347 V     2  -4  -4  -4  -3  -4  -4  -4  -4   4  -1  -4  -1  -3  -1  -1  -1  -4   0   5   18   0   0   0   0   0   0   0   0  23   0   0   0   0   3   4   3   0   3  45  0.71 0.37
  348 A     6  -1   0  -4  -3  -1  -3  -1  -4  -3  -1  -3  -3  -4  -3  -2  -3  -5  -4  -2   77   4   4   0   0   2   0   3   0   0   7   0   0   0   0   0   0   0   0   1  1.10 0.53
  349 M    -2   7  -3  -4  -6   0   1  -3  -3  -5  -4   0   2  -5  -5  -3  -2  -5  -4  -5    3  73   0   0   0   3   8   2   0   0   0   2   6   0   0   0   2   0   0   0  1.50 0.59
  350 S     2  -1   0  -2  -3   2   1  -1   2  -3  -1  -1  -2  -3  -3   2   2  -4  -3  -1   17   3   3   0   0  11  12   3   5   0   7   2   0   0   0  22  13   0   0   3  0.27 0.22
  351 L    -2  -3  -4  -4  -3  -3  -4  -3  -1   0   4  -2   3   3  -4   0  -1  -3   1  -1    2   0   0   0   0   0   0   2   2   2  50   2   8  14   0   8   2   0   6   2  0.57 0.32
  352 G    -1  -4  -3  -1  -5  -4  -1   6  -4  -5  -5  -4  -5  -2  -4  -2   0  -5  -5  -5    2   0   0   4   0   0   4  81   0   0   0   0   0   2   0   0   6   0   0   0  1.55 0.52
  353 T     2   0  -1  -1  -2  -2  -2   0  -2  -1   1  -1   1  -2   0   1   1  -3  -2   1   28   6   2   3   0   0   0   6   0   0  13   3   4   0   4  12   7   0   0  11  0.15 0.15
  354 K     0   1   1   1  -2  -1   0   0   2  -2  -2   0   0  -3   4  -1   0  -3  -2  -1    7   8   8   8   0   2   5   8   6   1   2   3   3   1  23   2   7   0   1   5  0.30 0.13
  355 G    -1   1   2   0  -2  -1  -1   3  -2  -2  -2  -1  -2  -2   0   1  -1  -2  -2   0    2   9  15   4   0   1   1  28   1   1   4   1   1   1   4  13   1   0   1  10  0.26 0.15
  356 V    -1  -1  -3  -1  -2  -1   0  -1  -3   3   0  -1   0  -2   0  -1  -1   2  -2   3    3   3   0   3   0   3   6   6   0  21   3   2   2   0   5   5   1   4   0  32  0.24 0.18
  357 K     1   3  -1   0  -3   1   1  -1   1  -2  -3   2  -2  -3   0   0  -1  -3  -2  -1   17  18   0   3   0   5  10   4   4   3   1  19   0   0   5   8   0   0   0   3  0.27 0.17
  358 D     1   0  -1   2  -3   3   2  -1  -2  -3  -2  -1  -2  -4   1   0   1  -4  -3  -3   13   5   2  12   0  18  18   4   0   0   4   0   0   0   6   7  10   0   0   0  0.33 0.22
  359 A     4   1  -1  -3  -2  -2  -2   0   0  -1   1  -2   1  -3  -3   0   0  -4  -3   0   47   8   2   0   0   0   0   5   2   2  14   0   5   0   0   4   7   0   0   4  0.38 0.27
  360 T     1   1  -2  -2  -2   0   1  -3   0   1   0   0  -1  -3   0   1   2  -3  -2   0   12   8   0   0   0   5   8   0   3  13   8   3   0   0   4   8  21   0   0   6  0.16 0.16
  361 R     2   3  -1   1  -3   1   0  -1   1  -4  -3   2  -3  -4  -3   1   0  -4  -3  -3   20  22   1   9   0   6   5   3   3   0   0  15   0   0   0  11   5   0   0   0  0.37 0.23
  362 Q     2  -1   0   1  -3   3   3  -2  -2  -2  -2  -1   0  -2  -3  -1   0  -4  -3  -1   21   2   4   9   0  17  26   2   0   2   2   1   2   2   0   1   5   0   0   4  0.34 0.24
  363 A     5  -3   0  -3  -3  -3  -3  -2  -4  -2  -1  -2  -3  -4  -3   1   0  -5  -4   1   64   0   4   0   0   0   0   0   0   0   4   2   0   0   0  12   3   0   0  11  0.79 0.41
  364 R    -1   3  -1  -1  -4   0   0  -2   0  -2  -3   1  -3  -4   4   0   0  -4  -3  -3    5  20   2   2   0   4   7   2   2   3   2   9   0   0  28   9   5   0   0   0  0.54 0.25
  365 P     1   2  -1   1  -3   2   0   1   0  -2  -3   1  -2  -3   0   1   0   1  -3  -3   10  13   0  10   0  13   5   9   2   3   0   8   0   0   4  15   6   3   0   0  0.24 0.16
  366 L    -2  -4  -4  -4  -3  -1  -1  -5  -4   5   1  -4  -1  -2  -4  -3  -1  -4  -3   3    3   0   0   0   0   3   6   0   0  53  11   0   0   0   0   0   2   0   0  22  0.84 0.37
  367 V    -1  -3  -4  -4  -3  -3  -2  -3  -4   3   3  -2   0  -1  -4  -3  -2  -4  -2   4    3   0   0   0   0   0   3   2   0  19  29   2   0   2   0   0   0   0   0  40  0.61 0.28
  368 E     1   1   0   1  -3   0   3  -1   1  -2  -1   1  -2  -3  -2   0  -1  -3  -1  -1   13   8   3   8   0   2  30   4   5   0   6   6   0   0   0   6   0   0   3   5  0.24 0.16
  369 L     4  -3  -3  -3  -3   1   1   0  -3  -2  -1  -1  -2  -4  -3  -1   0  -4  -3   1   55   0   0   0   0   7  12   4   0   0   6   2   0   0   0   0   4   0   0  10  0.53 0.32
  370 A     5  -3  -3  -4  -2  -3  -3  -2  -4  -2  -1  -3   0  -4  -3   0   2  -4  -3   0   66   0   0   0   0   0   0   0   0   0   6   0   3   0   0   5  14   0   0   6  0.79 0.38
  371 V     0   2   2  -1  -3   0   1  -2   1  -2  -1   2   1   0  -3   1  -1  -3   0  -1    5  16  11   0   0   3   9   0   3   0   6  18   6   6   0  10   0   0   2   5  0.19 0.14
  372 K     1   3  -1   2  -3   0   0  -2   2  -3  -3   2  -2  -3  -3   0   0   2  -2  -2   17  21   0  17   0   3   3   0   6   0   0  19   0   0   0   3   5   4   0   3  0.37 0.20
  373 V    -3  -4  -5  -5  -3  -3  -4  -5  -4   0   5  -4   3   0  -1  -4  -3  -3  -2   1    0   0   0   0   0   0   0   0   0   0  77   0   7   3   4   0   0   0   0   9  0.92 0.32
  374 A     2   2  -1   3  -2   1  -1  -2  -2   1  -1  -1  -1  -3  -2   1  -1  -4  -3   1   21  14   0  20   0   7   0   0   0  12   3   0   0   0   0  12   0   0   0  11  0.21 0.16
  375 S     2   0  -1  -2  -2   1   0   2  -2  -3  -3   1  -2  -4  -2   3  -1  -4  -3  -3   22   4   0   0   0   9   5  16   0   0   0   7   0   0   0  37   0   0   0   0  0.44 0.21
  376 P     0   2  -1   0  -2  -1  -1  -2  -2  -2  -2   0  -2  -2   5   1  -1  -2   0   0    6  13   1   4   0   1   1   1   0   1   1   5   0   1  37  11   1   0   6  11  0.55 0.13
  377 Q    -1  -1   1  -1  -2   1   0   3  -1  -3  -3   1  -2  -3   3   0  -1  -2  -2  -2    1   1   8   1   0   8   3  35   0   1   1  14   0   1  15   8   1   0   1   1  0.39 0.08
  378 G     0   1   0  -1  -2   1  -1   3  -1   1  -1  -1  -1  -2  -2   0  -1  -2  -2  -1    2  10   5   1   0  11   1  32   0  20   2   1   0   1   1  10   1   0   1   1  0.17 0.05
  379 L     0  -1   0  -1  -2   1   2  -1  -2   0   2  -1   2  -1  -2  -1   0  -3  -2  -1   12   0   7   0   0   8  19   3   0   0  35   0  12   0   0   0   3   0   0   0  0.15 0.08
  380 A     2  -2  -2  -2  -3  -2  -2   0  -3  -3  -3  -1  -3  -4   6   0  -1  -4  -3  -2   28   0   0   0   0   0   0   8   0   0   0   4   0   0  57   3   0   0   0   0  1.15 0.16
  381 R    -2   5  -1  -2  -3   2  -1   0   3  -2  -2   1  -2  -3   1  -1  -2  -3  -2  -1    0  51   0   0   0  12   0   9  10   0   3   0   0   0   7   0   0   0   0   9  0.46 0.13
  382 R    -2   5  -2  -2  -4   0  -1  -3  -2  -4  -3   1  -2  -4   5  -1  -2  -4  -3  -3    0  61   0   0   0   0   0   0   0   0   0   0   0   0  39   0   0   0   0   0  1.13 0.16
  383 D     1  -2   2   3  -2  -1   0  -1  -1  -3  -3  -1  -2  -3   4   1   0  -4  -3  -2   13   0  16  26   0   0   0   0   0   0   0   0   0   0  27  18   0   0   0   0  0.55 0.04
  384 V     0  -3  -3  -3  -1  -2  -3  -3  -3   2   0  -2   0  -1  -2  -1   1  -3  -2   4    0   0   0   0   0   0   0   0   0   0   0   0   0   0   0   0  11   0   0  89  0.41 0.06

                      K         Lambda
Standard Ungapped    0.1274     0.3118
Standard Gapped      0.0381     0.2670
PSI Ungapped         0.1244     0.3176
PSI Gapped           0.0381     0.2670
