
Last position-specific scoring matrix computed, weighted observed percentages rounded down, information per position, and relative weight of gapless real matches to pseudocounts
            A   R   N   D   C   Q   E   G   H   I   L   K   M   F   P   S   T   W   Y   V   A   R   N   D   C   Q   E   G   H   I   L   K   M   F   P   S   T   W   Y   V
    1 M    -5  -5  -6  -7  -6  -4  -6  -7  -6  -3  -2  -5  11  -4  -7  -6  -5  -6  -5  -3    0   0   0   0   0   0   0   0   0   0   0   0 100   0   0   0   0   0   0   0  3.43 0.87
    2 H    -3  -1   1  -1  -4   3   0  -4   4   0   2   2  -1   2  -3  -2  -3   0  -1  -3    0   1   6   2   0  14   6   0  14   5  21  16   1  10   0   2   0   1   1   0  0.35 0.23
    3 A    -1  -7  -6  -7  10  -6  -7  -6  -7  -1  -4  -6  -4  -2  -6  -3  -1  -6  -6   3    4   0   0   0  64   0   0   0   0   4   0   0   0   2   0   1   4   0   0  20  2.34 0.67
    4 Y     1  -1  -1   2  -2  -1   0  -2   1  -1  -2  -1  -2   1  -3   1   1   0   3   1   13   4   2  12   1   2   5   1   4   2   3   2   0   5   0  12   8   1  13  11  0.15 0.15
    5 V    -2  -6  -6  -6  -4  -5  -6  -6  -6   6  -1  -5  -2  -4  -6  -3  -3  -6  -4   5    3   0   0   0   0   0   0   0   0  45   3   0   0   0   0   2   0   0   0  47  1.42 0.49
    6 Y    -5  -5  -6  -7  -6  -5  -6  -7   1  -5  -2  -6  -4   3  -6  -5  -5  -2   9  -3    0   0   0   0   0   0   0   0   3   0   3   0   0   8   0   0   0   0  83   1  2.65 0.78
    7 K    -2   6  -3  -1  -2   1  -2  -5  -2  -6  -4   5  -4  -6  -5  -2  -4  -6  -5  -5    3  42   0   3   1   5   1   0   1   0   1  39   0   0   0   3   0   0   0   0  1.29 0.51
    8 S     0  -4  -2  -4   3  -4  -4   0  -1  -5  -4  -4  -5  -3  -2   6   1  -6  -5  -3    7   0   1   0   6   0   0   7   1   0   1   0   0   1   2  66   7   0   0   1  1.16 0.54
    9 Q     0   2   0  -1  -2   0   1  -1  -2  -2  -1   1  -2  -1   1   2   0  -4  -2  -2    7  12   4   2   1   4   9   3   0   1   8   7   0   3   8  24   3   0   1   2  0.19 0.16
   10 R    -1   5   0  -4  -5  -1  -2  -4  -1  -2  -3   5  -1  -4  -4  -2  -2  -6  -3  -3    6  32   4   0   0   2   1   0   1   3   2  40   2   1   0   2   2   0   1   1  0.93 0.42
   11 K    -2   3  -1  -2  -5   1  -1  -4   2  -5  -3   6  -1  -5  -4  -1  -2  -5  -2  -3    2  15   2   1   0   6   2   0   5   0   2  56   2   0   0   3   1   0   1   1  1.04 0.41
   12 Q     1  -1   0   3  -4   2   3  -2   0  -2  -3   0  -2  -3   3   0  -1  -4  -3  -3   14   3   3  16   0   9  18   2   2   2   2   3   1   1  12   5   3   0   0   1  0.34 0.19
   13 D    -2   0   1   4  -4   0   2   3   0  -4  -3  -2  -2  -4  -2  -1  -2  -4  -2  -4    2   5   5  26   0   4  16  25   2   0   3   0   1   0   2   4   1   0   2   0  0.50 0.21
   14 T     1  -2  -2  -3   1  -2  -3  -3   0   0   1  -2   5  -2  -3   0   4   2   0   0   10   2   0   0   3   0   0   0   3   3  11   0  20   0   0   5  31   3   3   4  0.39 0.22
   15 F    -4  -4   0  -5  -5  -4  -4  -5  -1  -4  -3  -4  -3   3  -5  -2  -4  -1   9  -4    0   0   4   0   0   0   0   0   0   0   0   0   0  12   0   4   0   0  76   0  1.98 0.51
   16 V    -3  -5  -6  -6  -3  -5  -5  -6  -5   2   5  -5   0  -2  -5  -5  -3  -4  -3   3    0   0   0   0   0   0   0   0   0  10  67   0   0   0   0   0   0   0   0  23  1.11 0.37
   17 Y    -6  -6  -7  -8  -7  -6  -7  -7  -4  -5  -1  -7  -5   5  -8  -1  -6   4   8  -1    0   0   0   0   0   0   0   0   0   0   7   0   0  21   0   4   0   5  58   5  2.13 0.66
   18 L    -4  -6  -6  -7   3  -5  -6  -7  -6   3   3  -6   3  -4  -6  -5   0  -6  -5   5    0   0   0   0   6   0   0   0   0  14  29   0   7   0   0   0   7   0   0  37  1.05 0.47
   19 A     1   1   0   0   1   0   0  -1   1  -1  -1   0   0  -4   3   0   0  -5  -4  -1   16   9   5   5   3   3   5   3   3   3   4   6   3   0  17   4   6   0   0   4  0.23 0.22
   20 T     0   0   0   0   2   1   0   0   2   0  -1   0   1  -2   1   0   0  -3   1   0    6   6   6   6   6   6   6   6   6   6   6   6   6   0   6   6   6   0   6   6  0.05 0.09
   21 R     0   2   0   3  -5   1   2   3  -1  -5  -4   2  -4  -5  -1  -1  -1  -5  -4  -3    7   9   4  15   0   7  12  20   1   0   1  14   0   0   2   4   4   0   0   1  0.39 0.24
   22 D    -1   0   0   5  -4   0   1  -1   0  -2  -2   1  -1  -2  -3   0  -1  -5  -2  -1    5   4   4  34   0   4  10   4   2   2   4   8   2   2   0   5   4   0   2   4  0.37 0.24
   23 D     0  -1   2   5  -2   0   0   2   2  -4  -3  -1  -4  -5   1  -1  -2  -1  -4  -3    7   2   8  34   1   4   5  13   5   1   2   2   0   0   8   2   2   1   0   2  0.51 0.30
   24 F    -2  -3  -4  -5  -4  -2  -3  -5  -4   1   2  -4   1   5   2  -4  -2   1   0  -1    2   2   0   0   0   2   2   0   0   9  25   0   3  35  12   0   2   2   2   3  0.64 0.29
   25 S     1  -1   0   3  -3   1   3   0  -2  -4  -3   0  -1  -4  -3   2   0  -4  -4  -2   12   2   2  18   0   5  19   8   0   0   2   3   2   0   0  20   6   0   0   2  0.35 0.21
   26 G     0   1   0   2   2   0   2  -2   0  -2  -2   0  -1  -3   2   0   0  -4  -3  -1   11   9   5  12   7   3  13   2   2   1   3   5   2   0   9   6   5   0   0   6  0.16 0.11
   27 L    -2  -3  -4  -4  -2  -3  -3  -4  -3   3   3  -3   3   0  -3  -3  -1   5  -1   2    0   0   0   0   0   0   0   0   0  20  37   0  10   0   0   0   0  10   0  24  0.46 0.09
   28 P    -1  -2  -1   2  -2  -1   1  -2  -2  -1   0  -1  -1  -2   3   1   1  -3  -2   1    0   0   0  14   0   0  14   0   0   0  14   0   0   0  14  14  14   0   0  14  0.22 0.07
   29 A     2  -2  -3   3  -5   1   5  -2  -4  -5  -5   0  -5  -6   1   0  -2  -6  -5  -3   16   1   0  16   0   5  40   2   0   0   0   4   0   0   7   5   2   0   0   2  0.79 0.40
   30 E     2  -2  -1   2  -4   0   3  -1  -1  -3  -3   0  -1  -5   1   0   1  -5  -4  -1   19   1   2  14   0   2  21   5   1   1   1   6   1   0   6   7   9   0   0   4  0.31 0.21
   31 V    -5  -6  -7  -7  -5  -6  -6  -7  -6   3   6  -6  -2   0  -6  -2  -4  -5  -4   2    0   0   0   0   0   0   0   0   0  13  67   0   0   3   0   4   0   0   0  12  1.30 0.51
   32 H    -2   2  -4  -3  -1   1  -2  -3  -1   1   3   0   5  -1  -5  -3  -2   2   0  -2    3  10   0   1   2   7   2   2   2   6  30   6  17   3   0   1   3   3   2   2  0.46 0.33
   33 A     1   2   1   0  -4   3   1  -2   0  -2  -3   2  -1  -5  -2   0   0  -5  -4  -2   12   9   8   4   0  15  10   3   2   2   2  16   2   0   2   5   6   0   0   3  0.30 0.25
   34 Q     0   1  -1  -1  -3   2  -1   0   1  -1   1   0   3  -3  -1   0   0   0   0   0    7  10   2   2   0  10   2   6   4   3  15   4   9   0   2   7   6   1   3   6  0.10 0.15
   35 L     0  -3  -3  -3   3  -2  -3   0  -3   1   1  -3   2   2  -3  -1   1   5  -1   1   10   0   0   0  10   0   0  10   0  10  10   0  10  10   0   0  10  10   0  10  0.25 0.14
   36 A    -1  -2   0  -2  -6  -5  -2   6  -5  -6  -6  -2  -1  -6  -1  -1  -1  -6  -6  -3    5   2   4   2   0   0   2  69   0   0   0   3   2   0   3   3   4   0   0   2  1.34 0.61
   37 P    -1   1   1   0  -5   2   2  -2  -1  -2  -3   2  -1  -5   3  -1   1  -5  -4  -2    4   8   5   5   0  10  16   2   1   3   1  12   1   0  17   3   9   0   0   2  0.39 0.27
   38 F    -1  -3  -2  -5   0  -4  -2  -3   0  -1   3  -3   1  -1   6  -2  -2   0  -1  -1    6   1   2   0   2   0   2   1   2   3  26   1   3   3  36   2   2   1   2   4  0.71 0.40
   39 S     0  -1  -1  -1  -4   2   4  -3   0  -1  -2   0  -1  -2  -4   0   1  -4  -1   0    6   3   3   2   0  11  34   1   3   3   2   4   1   2   0   7   7   0   2   9  0.38 0.30
   40 F    -3   0  -4  -3  -2   0  -1  -5   4  -2   2   0   0   5   0  -1  -3   2   1  -1    1   6   0   1   1   5   5   0  11   1  21   5   1  24   4   4   1   3   3   3  0.43 0.31
   41 V     2  -3  -5  -2  -1  -5  -2  -5  -5   0  -2  -2   0   0  -5   0  -1  -6  -4   6   17   1   0   2   1   0   2   0   0   3   2   2   2   4   0   6   3   0   0  55  0.86 0.51
   42 L    -1  -1  -1   1  -2  -1   1  -3  -2   1   1   1   2   1  -2   0   1  -3  -1   1    0   0   0  10   0   0  10   0   0  10  10  10  10  10   0  10  10   0   0  10  0.10 0.11
   43 E     0   0   0   1  -3   0   2  -1   3  -1  -1   0   3  -3   0   1   1  -4  -3  -1    6   4   4   7   0   4  14   3   9   4   5   4  10   0   3  13   8   0   0   4  0.15 0.16
   44 V    -3   0  -4  -5  -3  -4  -4  -1  -4   2   3  -3   3   3   0  -1   0  -3  -2   1    0   5   0   0   0   0   0   5   0  10  36   0   7  12   5   5   5   0   0   9  0.41 0.26
   45 A    -1  -1   2   2  -4   0   2  -2   0  -1  -1   0  -1  -4   2   0   1   0  -3  -1    4   3  11  13   0   3  16   1   2   3   6   5   2   0  12   5   8   2   0   6  0.23 0.18
   46 L    -3  -2  -5  -1  -4  -4  -3  -6  -5   1   5  -2   1  -1  -5  -5  -4   1  -4   0    2   3   0   4   0   0   2   0   0   7  68   3   3   2   0   0   0   2   0   5  0.95 0.48
   47 T    -1   0   1   3  -4   0   0  -1   1  -2  -3   0  -3  -4  -1   2   3  -5  -3  -2    4   5   5  17   0   4   5   3   4   2   2   4   0   0   2  14  26   0   0   2  0.35 0.26
   48 P     0  -1  -1   0  -4   0   2   0  -3  -3  -3   2  -2  -5   5   0  -1  -5  -4  -2    8   3   2   5   0   2  16   8   0   1   2  12   1   0  30   6   2   0   0   2  0.56 0.32
   49 E    -1   2   0   3  -4   1   3   1   1  -3  -3   0  -2  -4   0   0   0  -5  -3  -4    5  11   4  15   0   5  21  11   3   1   2   3   1   0   4   7   4   0   0   0  0.32 0.23
   50 R     0   0   1   0  -2   1   0   0  -2   0   0   0   1  -2   1   0   0  -3  -2   0    7   7   7   7   0   7   7   7   0   7   7   7   6   0   7   7   7   0   0   7  0.07 0.08
   51 R     1   1   0   0  -3   1   0  -2   1  -1  -3   3  -2  -3   2   1   0  -3   0   0   10   7   4   4   0   4   4   0   5   4   0  21   0   0   9  11   7   0   3   7  0.20 0.20
   52 L    -1   0  -4  -4  -3  -3  -4  -4   2   1   4  -3   3   1  -4  -3  -1  -3  -2   0    4   6   0   0   0   0   0   0   6   6  56   0   7   6   0   0   4   0   0   4  0.61 0.34
   53 A     4  -3  -1  -3  -3  -2  -2   1   0   2  -1  -2   0  -3   0   0  -2  -4  -3   0   48   0   2   0   0   0   2  10   2  13   3   2   2   0   4   3   0   0   0   6  0.43 0.32
   54 Q     1   4   1  -2  -3   1  -2   0   0  -1  -1   0  -1  -1  -3   0  -1  -3  -2  -1   12  33   7   0   0   7   1   9   2   3   6   3   2   4   0   5   2   0   0   3  0.29 0.23
   55 A     2  -2  -1  -2   1   0   1  -1  -2   1   0  -2   1  -1  -3   0  -1  -3  -1   2   24   0   2   0   3   4  10   4   0   7  10   0   3   1   0   7   2   0   2  20  0.15 0.17
   56 D    -2  -2   2   6  -2  -1   1  -2  -3  -5  -5   1  -4  -5  -4   1  -1  -5  -4  -5    2   2  11  49   1   1   8   2   0   0   0   7   0   0   0  12   3   0   0   0  0.92 0.46
   57 V     2  -2  -2  -3   0  -2  -3  -1  -1   1   0  -1  -1  -3   2   0   1  -4  -1   2   23   2   1   0   2   1   0   5   2  11   9   3   1   0  12   4   8   0   2  14  0.21 0.20
   58 A     0   1   1   1  -2   1   2  -2   1  -2  -2   1  -1  -1   1   0   0  -4  -2   0   11   6   8   7   1   7  18   2   3   1   3   6   1   3   6   5   4   0   0   7  0.16 0.15
   59 T    -1   0  -1   1  -5   2   4  -3  -1  -3  -3   4  -3  -5  -3  -1   1  -5  -2  -2    4   3   2   9   0  10  26   1   1   1   2  25   0   0   0   2   9   0   1   3  0.49 0.34
   60 V     0  -5  -6  -6  -4  -5  -5  -6  -6   3   2  -5  -2  -3  -5  -4  -3  -6  -4   6    7   0   0   0   0   0   0   0   0  13  16   0   0   0   0   0   0   0   0  64  1.25 0.57
   61 R    -3   1  -2  -4  -4  -1  -2  -5  -1   3   3   1   4  -1  -4  -3  -2  -4  -2   1    1   8   1   0   0   2   3   0   1  16  33  12  12   1   0   0   1   0   1   8  0.45 0.30
   62 E     2   1   0   1  -2   3   2  -2  -1  -3  -3   2  -2  -4  -3   0  -1  -1  -3  -2   19   6   4   7   1  13  16   2   1   1   2  15   1   0   0   7   3   1   0   2  0.31 0.24
   63 A     2  -2   4   1  -2   1   1   0   2  -3  -3   0  -2  -4  -3   2  -1  -5  -2  -3   19   1  22   8   1   5   7   6   6   1   1   6   1   0   0  14   2   0   1   1  0.36 0.27
   64 L    -4  -5  -6  -6  -4  -5  -6  -7  -6   5   5  -6   1   0  -6  -5  -4  -5  -4   0    0   0   0   0   0   0   0   0   0  36  54   0   2   4   0   0   0   0   0   4  1.28 0.53
   65 G     1   1   0   1  -2   2   3  -1  -1  -1  -2   2  -2  -4  -3   0  -1  -4  -3  -2   10   8   4   8   1  12  22   3   1   4   5  13   0   0   0   4   4   0   0   3  0.27 0.20
   66 K     0   0   0   2  -4   0   4  -3  -2  -4  -4   1  -2  -5  -3   1   2  -5  -4  -3    7   4   3   9   0   3  37   1   1   0   1   8   1   0   0  12  13   0   0   1  0.56 0.34
   67 H    -3   2   2   1  -3   5   1  -4   0  -4  -3   3  -3  -5  -1  -1  -2  -5  -3  -3    0   9  10   9   1  32   7   0   2   0   2  20   0   0   2   2   1   0   1   2  0.70 0.40
   68 G    -3  -3  -4  -3  -6  -5  -6   7  -2  -7  -7  -4  -6  -7  -6  -2  -5  -6  -7  -7    1   1   0   1   0   0   0  92   1   0   0   1   0   0   0   3   0   0   0   0  2.23 0.77
   69 F    -6  -6  -6  -7  -1  -6  -6  -7   0  -4  -3  -6  -4   7  -7  -6  -6   4   7  -5    0   0   0   0   2   0   0   0   2   0   1   0   0  47   0   0   0   5  43   0  2.21 0.75
   70 Y    -4  -5  -5  -6  -6  -4  -5  -6   7  -5  -4  -5  -4   5  -6  -4  -5   2   7  -3    1   0   0   0   0   0   0   0  27   0   0   0   0  24   0   1   0   2  44   1  1.96 0.68
   71 L    -4  -5  -6  -6  -4  -5  -4  -7  -6   2   6  -5   0  -1  -6  -5  -4  -5  -4   1    0   0   0   0   0   0   1   0   0   9  78   0   1   1   0   0   0   0   0   9  1.39 0.53
   72 Q    -5  -3  -4  -4  -7   9  -2  -6   1  -7  -6  -3  -4  -7  -5  -4  -5  -6  -5  -6    0   0   0   0   0  97   0   0   3   0   0   0   0   0   0   0   0   0   0   0  2.84 0.88
   73 L    -4  -4  -6  -6  -4  -4  -5  -6  -5   1   5  -5   7   0  -6  -4  -2  -4  -4   0    0   1   0   0   0   0   0   0   0   5  52   0  34   4   0   1   1   0   0   4  1.32 0.45
   74 P    -2  -6  -6  -5  -6  -5  -5  -6  -6  -7  -7  -5  -6  -7   9  -4  -2  -8  -7  -6    3   0   0   0   0   0   0   0   0   0   0   0   0   0  94   0   3   0   0   0  3.00 0.73
   75 K    -3  -3  -3  -3  -6  -2  -3  -5  -5  -5  -6   0  -6  -7   8  -1  -4  -7  -6  -6    1   1   1   1   0   2   2   0   0   1   0   5   0   0  83   4   0   0   0   0  2.42 0.62
   76 T     0  -1   1  -2  -4   2   0   0  -2  -4  -4   1  -3  -4   4   1   1  -4  -4  -2    8   2   7   1   0  13   6   6   1   0   0  10   0   0  24   9  11   0   0   3  0.45 0.20
   77 H    -2  -1   1   3  -5   1   4  -2   1  -3  -3  -1  -3  -5   4  -2   0  -5  -4  -2    2   2   6  14   0   7  27   2   3   1   1   2   0   0  21   0   7   0   0   2  0.57 0.24
   78 V     0  -1  -1   1  -2   0   2  -2  -1   1   0  -1   0  -1   0   1   1  -3   0   1    4   1   1   8   0   2  17   2   1   8   7   1   3   1   3  12  12   0   5  12  0.10 0.09
   79 L     0   0  -1  -2  -2  -1   0  -2  -2   1   2  -1   0  -2   1  -1  -1   3  -1   1   10   6   2   1   0   2   5   1   0   8  27   4   2   0   9   2   3   6   1  10  0.14 0.09
   80 A     1  -1   0   0  -3   0   1  -1   2  -2  -1  -1  -1  -2   3   1   1  -3  -2  -2   13   2   6   3   0   1  13   3   5   2   8   2   2   2  19  11   8   0   0   0  0.25 0.11
   81 G     2  -1   0  -1  -3  -2   0   3  -2  -3  -2  -1  -1  -1   2   1  -2  -4  -3  -2   24   4   5   1   0   0   6  25   0   0   4   3   2   3  12   9   0   0   0   2  0.31 0.14
   82 E    -2   1   1   0  -4   3   3  -3   2  -1  -1   0  -2  -3  -1   0  -1   1   0  -2    0   7   6   2   0  21  27   0   5   6   7   3   0   0   2   7   3   2   3   0  0.32 0.14
   83 C     2  -3  -3  -3   6  -2   0  -3  -3  -1   3  -3  -1  -2  -1  -1  -2   1   0  -1   25   0   0   0  20   0   7   0   0   0  36   0   0   0   2   4   0   3   3   0  0.42 0.17
   84 D    -2   2   1   4  -4   2   2  -3   4  -3  -4   0  -3  -4  -3  -1  -2  -4  -2  -2    0  16   7  34   0  14   9   0  15   0   0   0   0   0   0   0   0   0   0   5  0.56 0.15
   85 Y    -1  -2   1  -2  -3  -1   0   4  -1  -3  -3   0  -2   2  -3  -1  -2  -1   4  -3    0   0   7   0   0   0   7  45   0   0   0   8   0  12   0   0   0   0  21   0  0.48 0.09
   86 D    -2  -2   1   7  -4  -1   1  -2  -2  -4  -4  -1  -4  -4  -2  -1  -2  -5  -4  -4    0   0   0 100   0   0   0   0   0   0   0   0   0   0   0   0   0   0   0   0  1.28 0.11

                      K         Lambda
Standard Ungapped    0.1360     0.3228
Standard Gapped      0.0581     0.2670
PSI Ungapped         0.1900     0.3173
PSI Gapped           0.0581     0.2670
