
Last position-specific scoring matrix computed, weighted observed percentages rounded down, information per position, and relative weight of gapless real matches to pseudocounts
            A   R   N   D   C   Q   E   G   H   I   L   K   M   F   P   S   T   W   Y   V   A   R   N   D   C   Q   E   G   H   I   L   K   M   F   P   S   T   W   Y   V
    1 M    -5  -6  -7  -8  -6  -5  -6  -7  -6  -2  -2  -6  11  -4  -7  -6  -5  -6  -5  -2    0   0   0   0   0   0   0   0   0   1   0   0  97   0   0   0   0   0   0   2  3.44 1.15
    2 K    -4   5  -3  -5  -7  -1  -3  -5  -5  -7  -7   7  -6  -7  -4  -3  -4  -7  -6  -7    1  33   1   0   0   2   0   0   0   0   0  62   0   0   0   1   0   0   0   0  1.93 0.91
    3 K    -3   1   0  -4  -6  -1  -3  -4  -4  -5  -5   5  -5  -6  -4   5  -1  -7  -5  -6    1   6   5   0   0   1   1   0   0   0   0  41   0   0   1  39   4   0   0   0  1.20 0.73
    4 R    -5   7  -2  -5   0   0  -4  -3  -1  -6  -5   4  -4  -7  -6  -2  -3  -7  -4  -6    0  62   1   0   2   4   0   2   1   0   1  20   0   0   0   3   1   0   0   0  1.65 0.83
    5 F    -6  -3  -5  -6  -2  -6  -6  -6   5  -3  -1  -4  -3   8  -4  -4  -5  -3   4  -4    0   2   0   0   1   0   0   0  11   1   5   1   0  60   1   1   0   0  14   1  1.88 0.87
    6 T    -1  -2  -2  -3  -4  -4  -4  -3  -3  -3  -6  -1  -5  -6  -2   4   6  -7  -6  -5    5   2   2   1   0   0   0   1   1   1   0   4   0   0   1  33  47   0   0   0  1.21 0.75
    7 E    -1  -4  -2   3  -7  -1   6  -4  -3  -5  -5  -1  -6  -7   2  -3  -2  -7  -6  -3    4   0   2  17   0   2  53   1   0   1   1   2   0   0  11   0   2   0   0   2  1.22 0.72
    8 Q     0  -2  -1   1  -6   0   6  -3   0  -5  -6  -2  -5  -6  -2   0   0  -7  -5  -5    9   2   3   7   0   3  55   2   2   0   0   2   0   0   2   8   5   0   0   1  1.04 0.66
    9 Q    -4   0  -5  -2  -8   8   2  -6  -1  -7  -6   0  -5  -8  -3  -5  -4  -7  -4  -7    1   4   0   2   0  74   9   0   1   0   1   5   0   0   1   0   1   0   1   0  2.14 1.09
   10 I    -6  -5  -4  -7  -6  -5  -7  -8  -7   8  -2  -1   1  -3  -6  -6  -3  -7  -6   0    0   1   1   0   0   0   0   0   0  82   2   4   3   1   0   0   1   0   0   5  2.15 0.98
   11 I     1  -3  -4  -5  -5  -4  -6  -5  -4   6   0  -3   2  -3  -4  -4  -2  -6  -5   4   11   2   1   0   0   1   0   0   0  43   8   1   6   1   1   1   1   0   0  23  0.97 0.56
   12 G     2   2  -1  -2  -1  -1  -1   3   0  -4  -3   1  -1   1  -3   1  -1  -4  -1  -2   17  10   3   2   1   2   4  25   2   0   2   7   1   7   0   8   3   0   2   2  0.29 0.27
   13 F     1  -4  -4  -5  -3  -4  -5  -3  -5   5   0   1   2   1  -5  -3  -2  -3  -3   2   13   1   0   0   0   0   0   2   0  40   6  11   5   5   0   1   2   0   1  13  0.71 0.47
   14 L    -5  -5  -5  -7  -5  -4  -7  -7  -7   1   6  -6   0  -2  -4  -4  -5   0  -5   0    0   0   1   0   0   1   0   0   0   6  80   0   1   1   1   1   0   1   0   5  1.66 0.83
   15 K    -1   5  -2  -3  -2   1  -3  -3  -1  -5  -6   6  -2  -7  -4  -2  -4  -2  -6  -5    5  30   2   1   1   6   1   2   1   1   0  44   1   0   0   2   1   1   0   0  1.24 0.72
   16 E    -2   0  -4  -1  -7   5   6  -3   1  -6  -2  -1  -4  -7  -5  -3  -3  -1  -4  -5    3   5   0   3   0  24  48   2   3   0   4   3   0   0   0   1   1   1   1   0  1.20 0.75
   17 A     4  -2  -2  -4  -2   1  -3   0   3  -1  -3  -3  -2  -3  -2   0  -2  -3   0   1   42   1   2   1   1   8   0   7   8   4   2   0   1   1   1   5   1   0   3  11  0.55 0.46
   18 E    -2  -1  -2   3  -7   0   6  -2  -1  -7  -6   0  -6  -7  -5  -3  -3  -7  -6  -5    4   4   2  16   0   3  58   3   1   0   0   5   0   0   0   1   2   0   0   1  1.33 0.77
   19 A     4   0  -2  -1  -1  -1  -1   1  -4  -2  -1  -1  -2  -4  -1   1   0  -5  -4   0   37   4   2   4   1   3   3   9   0   2   6   3   1   0   2  12   5   0   0   6  0.35 0.34
   20 G    -2  -2  -4  -2   0  -5  -3   7  -3  -7  -7  -4  -7  -7  -5  -3  -5  -3  -5  -5    3   3   1   2   2   0   2  80   1   0   0   1   0   0   1   2   1   0   0   1  1.92 0.92
   21 M     1   0  -2  -3  -3   1  -1  -2  -1   0   0   1   3  -3  -2  -1   2   1  -3   2   12   5   1   1   0   6   2   2   1   5   9  11  11   0   2   2  12   2   0  14  0.20 0.25
   22 P     0   1  -2  -1  -3  -2  -1  -2  -3  -2  -4   2  -2  -5   4   3   2  -6  -4  -3    6   7   2   3   0   1   3   3   0   2   1  14   1   0  22  21  12   0   0   1  0.54 0.43
   23 V     0  -1  -4  -3  -2  -3  -4  -5  -4   3   0  -4   0  -4  -2  -2   1  -6  -4   5    9   3   1   1   1   1   0   1   0  13   7   0   2   0   3   2  10   0   0  46  0.73 0.50
   24 K     3   1  -1  -1  -3   0   1   0  -2  -3  -3   2  -2  -5   0   1  -1  -5  -3   0   30   6   3   2   0   3   9   8   1   1   1  11   1   0   5   8   3   0   0   6  0.30 0.30
   25 E    -1  -1  -1   5  -6   1   5  -1  -2  -3  -5   1  -4  -6  -4  -2  -2  -6  -4  -3    4   2   3  27   0   5  36   4   1   1   1   7   0   0   0   3   2   0   0   2  0.84 0.55
   26 L     0  -4  -3  -4  -3  -4  -5  -5  -5   3   4  -4   0  -2  -4  -1  -2  -1  -3   4    8   1   1   1   0   1   0   0   0  16  34   1   1   1   1   4   2   1   1  28  0.69 0.45
   27 C     0  -3  -4  -7  10  -4  -6  -2  -6  -1  -2  -6  -5  -1  -3  -1  -2  -1  -1  -1    8   2   1   0  59   1   0   4   0   4   4   0   0   2   2   4   3   1   2   3  1.95 0.88
   28 R    -2   8  -4  -5  -2   0  -3  -3   1  -7  -5   1  -6  -7  -4  -2  -4  -3  -4  -6    4  72   1   1   1   3   1   3   3   0   1   5   0   0   1   2   1   0   1   0  1.82 0.92
   29 K    -1   3   0   0  -5   2   3  -3   0  -5  -3   4  -2  -3  -4  -1  -1  -2  -4  -3    4  14   3   4   0  10  17   2   2   0   2  31   1   1   0   3   3   1   0   1  0.62 0.44
   30 H     0  -3  -1  -3  -5  -1  -2  -4   8  -1   1  -3   1  -1  -4  -2  -2   2   3  -1    8   1   2   1   0   2   2   1  36   4  13   1   4   2   1   2   2   3  10   4  0.91 0.54
   31 G     0  -1  -1  -1  -1  -1  -1   6  -2  -5  -3  -3  -5  -5  -5  -2  -3   0  -5  -2    6   3   3   3   1   3   5  61   1   0   3   1   0   0   0   2   2   2   0   3  1.09 0.59
   32 F    -3  -5  -4  -2  -1  -5  -4  -4  -5   6  -1  -5   3   2  -5  -2  -2  -5  -1   4    1   0   1   2   2   0   1   2   0  40   2   0   7   9   0   3   2   0   2  24  0.96 0.54
   33 S     1  -3  -1  -3   0  -2  -4  -2  -1  -3  -4  -4   0  -2  -3   6   1   1  -2  -4    9   1   3   1   2   2   0   3   1   1   1   0   2   2   1  59   8   2   1   1  1.00 0.69
   34 D     0   0   0   2  -2   1   4  -2   0  -3  -3  -1   0  -5   0   1  -1  -5  -2  -1    8   5   5  11   1   7  29   2   2   1   2   3   2   0   4   9   4   0   1   5  0.37 0.32
   35 A     5  -1  -1  -2   1   2  -1  -1  -1  -3  -3  -2  -2  -3   1   0  -1  -5  -4  -2   45   4   2   2   3  11   3   4   1   1   2   2   1   1   6   6   3   0   0   1  0.54 0.44
   36 S    -1  -2   0  -2  -1  -3  -3  -3   1  -2  -2  -2   0  -2   0   2   6  -5  -4  -2    5   2   3   2   1   0   1   2   4   2   3   1   2   1   5  14  48   0   0   1  0.78 0.55
   37 F    -4  -1  -2  -2   0  -2  -4  -3  -1   1   0  -4  -2   6  -2  -2  -2   4   4  -2    1   3   2   2   2   2   1   2   1  10   9   0   0  34   2   4   2   5  15   2  0.71 0.43
   38 Y    -3  -2  -2  -2   2   1  -4  -5   4  -2  -1  -4  -1   1  -5  -2  -1   1   8  -2    2   2   2   2   4   6   0   0   9   2   7   0   2   4   0   2   4   2  45   3  1.12 0.64
   39 T    -1   2   2  -1   0   0   0   0   0  -1  -1   2  -1  -2  -1  -1   1   0  -1  -2    4  15  10   2   2   3   4   6   2   4   8  15   2   2   3   3  10   2   2   2  0.13 0.16
   40 W    -1  -1  -1  -1   1   0  -4   0   1  -4  -1  -1  -3   0  -4  -1  -4  10   1  -1    7   4   3   3   3   4   0   7   3   0   5   5   0   4   0   4   0  37   4   4  1.08 0.55
   41 R    -2   2   0  -2   1   1   0  -1   1  -1  -1   3   2   1  -1  -2   0  -3   0  -1    0  13   3   0   3   7   4   4   3   3   4  24   6   6   3   0   7   0   3   4  0.22 0.24
   42 A     2   1   0  -1   0   0   1   0   0  -3  -2   2   0  -2  -1   1   0  -3  -1  -1   18   6   5   2   2   3  11   8   2   0   2  14   2   2   2  10   4   0   2   5  0.14 0.16
   43 K    -2   2   0  -2  -1   3   0  -1   0  -2  -3   5  -1  -5  -2  -1  -2  -5  -4  -1    2  10   4   2   2  12   5   4   3   2   3  38   2   0   2   4   2   0   0   5  0.53 0.40
   44 F    -3  -4  -3  -3   2   1  -4  -5   0  -1  -1  -3  -3   5  -5  -2  -2   1   7  -2    2   0   1   2   4   6   0   0   2   4   5   2   0  20   0   3   3   1  41   2  1.11 0.60
   45 G     1  -1  -2  -2  -1  -1  -1   5  -4  -3  -3  -2  -2  -4  -4   0  -2   2  -2   0   11   4   1   2   1   2   3  49   0   1   3   1   1   0   0   5   1   3   1   7  0.67 0.42
   46 G    -2   1  -1  -2   0  -2  -3   6   0  -4  -5  -1  -2  -5  -3  -1  -2   3  -5  -3    2   7   2   2   2   2   2  60   2   1   1   3   1   0   2   3   2   3   0   2  1.04 0.57
   47 M    -3   0  -2  -2  -5  -2  -3  -3  -1  -1   2  -3   8  -2  -2  -2  -1   2   0  -1    2   4   2   3   0   2   2   3   1   3  20   1  39   1   2   2   3   3   3   3  0.88 0.58
   48 E    -1  -1   0   3  -4   1   3   2  -1  -3  -3   0  -1  -3  -2   1  -1  -4  -3  -1    4   3   4  15   0   5  22  14   1   1   3   6   2   1   2   9   3   0   1   5  0.31 0.27
   49 V     1  -2  -2  -2   0  -2  -2  -2  -3   0  -1  -2   0  -2   2   0   0  -5  -4   4   14   2   2   3   2   1   2   4   1   4   4   1   2   1  10   7   7   0   0  34  0.34 0.33
   50 S     0  -3   0   2  -4  -1   0  -2  -2  -2  -2  -2  -2   0   2   4   0  -5  -2  -2    6   1   5  13   0   2   5   2   1   2   4   1   1   4   9  37   4   0   1   2  0.46 0.42
   51 E    -3  -2  -2   4  -6   3   5  -3   0  -2  -3  -2   0  -5  -1  -3  -2  -6  -1  -3    2   2   1  23   0  13  36   2   2   3   3   1   3   0   3   1   2   0   2   1  0.82 0.57
   52 A     4  -3  -3  -5  -4  -2  -3  -3  -4   1   2  -2   3  -2  -3  -1  -2  -1  -4   2   36   1   1   0   0   2   1   1   0   9  17   2   8   1   1   3   2   1   0  15  0.51 0.42
   53 R    -1   5  -2  -4  -6   1  -1  -3  -1  -3  -4   5  -2  -5  -3   0  -2  -2  -5  -4    5  28   2   0   0   5   2   1   2   1   1  38   1   0   1   8   2   1   0   1  0.92 0.60
   54 R    -4   7  -4  -4   1   2   0  -2   1  -7  -5   2  -2  -6  -4  -4  -4  -1  -3  -6    1  61   0   1   3   8   7   3   3   0   1   9   1   0   1   1   1   1   1   0  1.47 0.81
   55 L    -4  -4  -7  -7  -2  -4  -5  -7  -2   1   6  -6   4  -1  -3  -5  -4  -5  -3  -1    1   1   0   0   1   1   1   0   1   5  70   0  11   2   2   1   1   0   1   4  1.36 0.74
   56 K    -4   4  -1  -4  -1  -1  -2  -4  -2  -6  -5   7  -5  -6  -5  -4  -3  -2  -2  -6    1  22   2   1   1   2   2   1   1   0   1  60   0   0   0   1   2   1   2   0  1.51 0.82
   57 G     2  -1  -1   1  -2   4   4  -3   0  -4  -2   0  -3  -5  -4  -1   0  -5  -3  -2   17   3   2   7   1  20  27   1   2   1   3   4   0   0   0   3   6   0   0   3  0.53 0.44
   58 L    -4  -4  -7  -7  -2  -4  -7  -7  -4  -1   6  -6   0  -2  -4  -5  -4  -6  -5  -1    1   1   0   0   1   1   0   0   0   2  86   0   1   1   1   1   1   0   0   3  1.74 0.87
   59 E    -4   0  -4   0  -7   2   7  -2  -2  -7  -6   0  -6  -7  -4  -4  -3  -7  -6  -3    1   4   0   4   0   8  70   3   1   0   1   4   0   0   1   1   1   0   0   2  1.58 0.86
   60 V     0   0  -1   4  -5   2   4  -2  -1  -4  -2   1  -2  -5  -3  -1  -1  -5  -3  -2   10   4   2  20   0   8  28   2   1   1   5   8   1   0   0   3   3   0   1   3  0.49 0.38
   61 E    -4  -3  -3  -2  -7  -1   8  -4  -5  -7  -7   0  -3  -7  -5  -4  -5  -7  -6  -4    1   1   1   1   0   2  84   1   0   0   0   5   1   0   0   0   0   0   0   1  2.13 1.04
   62 N    -4  -5   9  -2  -2  -4  -4  -5   0  -4  -3  -3  -6  -7  -6  -2  -2  -7  -4  -4    1   0  82   1   1   0   1   0   2   1   3   1   0   0   0   3   2   0   1   1  2.25 1.03
   63 A     3   3   0  -2  -2   1  -1  -1   0  -3  -3   0  -2  -4  -2   1   0  -5  -4  -2   29  19   3   2   1   6   3   5   2   1   2   3   0   0   2  11   7   0   0   3  0.37 0.33
   64 R    -3   7  -2  -4  -3   1   0  -5  -2  -6  -4   4  -2  -5  -4  -3  -3  -3  -5  -5    2  54   1   1   1   5   5   0   1   0   1  24   1   1   1   1   1   0   0   1  1.41 0.74
   65 L    -4  -4  -7  -7  -3  -4  -6  -7  -6  -1   6  -6   0  -2  -4  -4  -5  -5  -2  -3    1   1   0   0   0   1   0   0   0   2  88   0   1   1   1   1   0   0   1   0  1.77 0.85
   66 K    -5   2  -3  -5  -7  -2  -1  -4  -3  -7  -5   8  -5  -4  -5  -4  -3  -7  -6  -6    0  11   1   0   0   1   3   1   1   0   1  78   0   1   0   0   2   0   0   0  1.93 0.91
   67 K    -3   5  -2  -4  -3   3  -1  -4  -1  -5  -4   5  -4  -6  -3  -2  -2  -3  -5  -6    1  32   2   0   1  14   2   1   1   0   1  38   0   0   1   2   3   0   0   0  1.17 0.65
   68 L    -2  -2  -6  -6  -5  -2  -4  -4  -5   2   5  -5   6  -2  -4  -4  -2  -5  -4  -1    3   2   0   0   0   2   1   1   0  12  51   0  21   1   1   1   2   0   0   2  1.06 0.59
   69 L    -3  -5  -6  -5  -2  -4  -5  -6  -3   0   4  -5  -2   0  -4  -5  -4  -4   4   5    2   0   0   0   1   1   0   0   0   3  36   0   0   4   1   0   0   0  15  36  0.98 0.56
   70 T     6  -2  -3  -4  -4  -3  -4  -1  -2  -3  -5  -4  -2  -6  -4  -1  -1  -1  -5  -1   76   2   1   1   0   1   0   4   1   1   0   0   1   0   0   2   4   1   0   4  1.37 0.77
   71 E    -3  -1   0   6  -4  -1   5  -3  -4  -4  -5  -1  -6  -7  -5  -2  -3  -7  -6  -5    2   2   3  40   0   2  41   1   0   1   1   2   0   0   0   2   1   0   0   1  1.32 0.69
   72 A     2  -1  -3  -4  -3   3   0  -4  -2  -2   4  -1   1  -3  -3   0  -1  -5  -3  -2   19   3   1   0   0  13   5   0   1   1  41   4   3   0   1   6   2   0   0   1  0.48 0.41
   73 M     2   0  -1  -1  -3   0   0  -3  -1  -1  -1  -1   5  -4  -4   3   1  -5  -4  -2   16   5   2   2   0   3   7   1   2   2   4   2  18   0   0  25   9   0   0   1  0.43 0.39
   74 L    -4  -3  -6  -7  -5  -3  -6  -7  -3  -1   6  -5   2  -2  -3  -2  -4  -5  -5  -2    1   2   0   0   0   1   0   0   1   2  80   1   5   1   2   3   0   0   0   1  1.46 0.73
   75 D    -3  -2   1   6  -6   0   3  -3  -1  -6  -5   0  -4  -6  -5  -2  -2  -7  -6  -3    2   2   5  52   0   3  21   2   1   0   1   5   0   0   0   2   2   0   0   2  1.20 0.63
   76 M     0   0   4  -3  -2  -2  -2  -3   1   2  -2   4   0  -3  -4  -2  -2  -5  -2  -1    8   5  22   0   1   0   1   1   4  16   4  26   3   1   0   2   1   0   1   3  0.47 0.39
   77 E     3   1  -2   1  -4   2   3  -3   2  -3  -2   0  -2  -5  -3   0  -1  -5  -3   0   25   7   1   8   0   9  23   1   5   0   3   4   1   0   0   4   3   0   0   6  0.39 0.34
   78 A     3  -1  -5  -5  -2  -3  -5  -2  -4   3   0  -4   6  -4  -5  -2   0  -5  -4   2   27   3   0   0   0   0   0   3   0  17   6   0  23   0   0   1   6   0   0  11  0.72 0.48
   79 L    -3  -4  -6  -7  -3  -2  -6  -7  -4   1   6  -6   3  -2  -4  -5  -3  -3  -2  -1    2   1   0   0   0   2   0   0   1   5  77   0   6   1   1   0   1   0   1   2  1.38 0.68
   80 K    -3   3  -1  -4  -6   4  -1  -5  -1  -6  -5   6  -4  -4  -4  -1  -2  -3  -4  -4    2  12   2   0   0  22   3   0   1   0   1  49   0   1   0   4   2   0   0   1  1.16 0.64
   81 V    -1  -3  -1   5  -6  -1   5  -3  -2  -4  -5  -2  -3  -6  -4  -1  -3  -7  -4  -2    6   1   2  33   0   2  43   1   1   1   1   1   1   0   0   3   1   0   0   4  1.10 0.61
   82 V     2  -4  -5  -5  -4  -2  -3  -5  -5   3   1  -4   2  -1  -5  -3  -2  -5  -4   5   21   0   0   0   0   2   1   0   0  14  14   1   4   2   0   1   2   0   0  39  0.70 0.43
   83 V     1  -4  -4  -6  -1  -4  -5  -4  -5   3   4  -5   1  -2  -3  -2  -2  -5  -4   2   14   1   1   0   1   0   0   1   0  16  48   0   2   1   1   3   1   0   0  11  0.73 0.42
   84 K    -2   5  -3  -2  -6   1   4  -3  -3  -5  -5   4  -4  -4  -1  -1  -3  -2  -4  -5    2  30   0   1   0   5  27   1   0   0   0  27   0   0   2   3   0   1   0   0  0.93 0.47
   85 G    -2  -4   3  -2  -5  -3  -4   7  -3  -6  -6  -3  -5  -5  -4  -2  -3  -5  -5  -5    0   0  19   0   0   0   0  81   0   0   0   0   0   0   0   0   0   0   0   0  1.57 0.40

                      K         Lambda
Standard Ungapped    0.1345     0.3203
Standard Gapped      0.0535     0.2670
PSI Ungapped         0.1749     0.3176
PSI Gapped           0.0535     0.2670
