
Last position-specific scoring matrix computed, weighted observed percentages rounded down, information per position, and relative weight of gapless real matches to pseudocounts
            A   R   N   D   C   Q   E   G   H   I   L   K   M   F   P   S   T   W   Y   V   A   R   N   D   C   Q   E   G   H   I   L   K   M   F   P   S   T   W   Y   V
    1 M    -6  -6  -7  -8  -6  -5  -7  -7  -6  -3  -2  -6  11  -5  -7  -6  -5  -6  -6  -4    0   0   0   0   0   0   0   0   0   0   0   0 100   0   0   0   0   0   0   0  3.74 1.23
    2 K     1   2   1  -3  -4   0  -2   1  -2  -5  -4   4  -3  -5   0   1   1  -5  -4  -4   14  12   6   0   0   3   0  11   1   0   1  26   1   0   4  11  11   0   0   0  0.47 0.35
    3 K    -1   3  -1  -3  -5   1  -1  -4  -3  -5  -5   5  -2  -6  -1   1   1  -6  -4  -4    6  17   3   1   0   5   2   0   0   0   0  43   1   0   3   9   9   0   0   0  0.85 0.50
    4 L    -2   4   0  -3  -3   1  -2  -2   1  -3  -3   1   2  -3   3  -1   1  -2   0  -2    2  28   5   0   0   6   1   3   3   2   2   6   7   1  15   5   8   1   4   2  0.47 0.34
    5 P    -2   5   0  -3  -5   1  -2  -2  -2  -4  -5   5  -3  -5   0  -1   1  -2  -4  -4    2  32   5   0   0   5   1   3   1   1   0  31   0   0   4   4   8   1   0   1  0.83 0.48
    6 K    -3   6  -1  -3  -6   1  -3  -4   2  -5  -5   5  -4  -6  -1  -1   0  -6  -3  -3    2  37   3   1   0   5   0   1   4   1   0  30   0   0   3   4   6   0   1   2  1.00 0.54
    7 Y    -7  -7  -7  -8  -7  -6  -7  -8   3  -5  -4  -7  -5   5  -8  -7  -4   0   9  -6    0   0   0   0   0   0   0   0   5   0   1   0   0  24   0   0   1   1  67   0  2.68 1.08
    8 S    -3  -5  -1   2  -5  -3  -3  -4  -5  -6  -6  -3  -5  -6   3   4   5  -7  -6  -5    1   0   2  12   0   1   1   1   0   0   0   1   0   0  15  32  34   0   0   0  1.11 0.68
    9 P     1   0   0   2  -5   2   1  -3  -2  -2  -3   1  -4  -2   5  -1  -1  -6  -4  -3   11   5   4  11   0  10  10   1   0   2   3   9   0   2  25   3   4   0   0   1  0.51 0.36
   10 E    -2  -5  -4   1  -3   1   7  -4  -5  -5  -6  -1  -6  -8  -6  -2  -3  -7  -7  -4    3   0   0   8   1   5  74   1   0   1   1   3   0   0   0   2   1   0   0   1  1.76 0.88
   11 V    -6  -6  -6  -4  -6   0  -1  -7  -5  -2   0  -4  -3   8  -7  -6  -2  -4   1   0    0   0   0   1   0   4   5   0   0   2   8   1   0  65   0   0   3   0   3   7  1.72 0.77
   12 R    -5   5  -4  -5  -7  -2  -4  -6  -5  -7  -7   7  -3  -7  -6  -5  -5  -7  -6  -7    0  29   1   0   0   1   0   0   0   0   0  68   1   0   0   0   0   0   0   0  2.15 0.97
   13 E     1   2  -2   0  -2   2   3  -4  -1  -1   1   1  -2  -2  -4  -2  -2  -2  -1  -1   13  13   2   5   1  10  18   0   1   4  13   8   0   2   0   1   1   0   2   4  0.25 0.25
   14 R    -1   3   0   2  -3   3   4  -3  -2  -5  -4   0   1  -5  -4  -1  -2  -5  -5  -5    6  15   4  13   0  14  28   2   1   0   1   6   4   0   0   3   2   0   0   0  0.64 0.43
   15 A     6  -5  -5  -5  -1  -4  -5  -4  -5   2  -2  -4   0  -3  -4  -2  -2  -5  -3   2   61   0   0   0   1   0   0   1   0  12   3   0   2   1   0   1   2   0   1  14  1.14 0.63
   16 I     0  -5  -5  -5  -1  -5  -4  -5  -5   3   0  -5  -2  -4  -5  -4  -2  -5  -4   6    8   0   0   0   1   0   1   1   0  13   7   0   0   0   0   1   2   0   0  64  1.33 0.63
   17 R     0   5   0  -1  -3   2   2  -3   0  -4  -3   3  -3  -4  -3  -1  -2  -4  -4  -4   10  29   5   3   0   8  14   2   3   1   2  15   0   0   1   4   1   0   0   1  0.57 0.36
   18 M    -2   1  -4  -3  -3   1  -2  -4  -3  -1   4  -2   5  -1  -3  -3  -2  -3   0  -1    2   7   1   1   0   6   3   1   0   3  48   2  14   2   1   2   2   0   4   3  0.70 0.40
   19 V     1  -3  -3  -3   1  -3  -3  -2  -3   1   0  -3   1  -1  -3   0  -1  -3   3   4   12   1   1   1   3   1   1   2   0   7   7   1   3   1   1   7   3   0  12  34  0.44 0.29
   20 F    -1   1  -1  -2  -1   0  -1  -2  -1   1   2  -1   0   0  -2  -1   0  -2   1   1    4   9   2   2   1   4   2   2   1   9  26   3   2   4   1   5   5   0   6   9  0.11 0.10
   21 E     0  -1   0   3  -2   2   4  -1   0  -1  -2   0  -2  -2  -1  -1  -1  -2  -2  -2    7   3   4  14   1   8  28   3   2   3   4   5   1   1   2   4   4   1   1   3  0.31 0.17
   22 H     0   0   1   0  -1   0   0   0   2  -1  -1   0  -1  -1   0   0   0  -1   0  -1    6   7   7   7   1   4   4   9   7   4   8   6   2   2   3   9   6   1   4   5  0.04 0.02
   23 L     0   1   0   1  -1   1   1   0   0  -1  -1   0  -1  -1   0   0   0  -1   0  -1    6  10   5   8   1   9   7   5   3   4   8   5   1   2   3   9   5   1   3   5  0.06 0.03
   24 P     0   0   0   0   0   0   1   1   0  -1  -1   0  -1  -1   1   0   0  -1  -1  -1    8   6   6   6   2   4   8  11   2   4   7   6   1   2   8   6   3   1   2   5  0.06 0.01
   25 E     0   0   1   1  -1   0   1   0   0  -1  -1   0  -1  -1   0   1   0   0   0  -1    7   5   5  11   1   4  12   7   3   4   6   5   2   2   5   9   4   1   3   5  0.07 0.02
   26 Y    -1   1  -1  -1  -1   0   0  -1   2   0   0   0   0   0   0   0   0   0   3  -1    5   9   3   4   2   3   6   6   6   5   8   4   4   4   5   7   4   1  13   5  0.06 0.04
   27 E     0   1   0   0  -1   0   0   0   0  -1  -1   0   0  -1   1   0   0   0   0  -1    8  10   5   5   1   4   6   7   2   4   6   6   3   2   6   9   4   1   4   5  0.04 0.02
   28 S     0   0   1   0  -1   0   1  -1  -1  -1   0   0  -1  -2  -1   2   1  -2  -1  -1    8   6   6   5   1   3   8   4   2   3   9   7   1   2   3  17  10   1   1   5  0.08 0.06
   29 Q     0   1   1  -1  -3   3   2   0  -1  -2  -2  -1  -1  -3   0   2   0   0  -2  -2    7   7   7   2   1  13  13   6   1   2   4   3   1   1   5  19   4   1   1   2  0.22 0.18
   30 W    -1  -2   0  -2  -2  -1  -2   5   0  -4  -4  -1  -3  -3  -2  -1  -1   3   0  -2    4   3   4   2   1   3   3  50   2   1   2   4   1   1   2   5   4   5   3   3  0.73 0.36
   31 A     0   3  -1  -1  -2   0   1   0   0  -1   0   2  -1  -2  -3  -1  -1  -1   2   0    9  16   2   2   1   4   7   7   2   3   8  13   2   1   1   2   4   1   9   7  0.13 0.14
   32 T     2  -2  -1  -3  -3  -1  -3  -1  -4  -4  -4  -2  -4  -5   1   4   4  -5  -4  -3   14   2   2   1   0   3   1   4   0   0   1   1   0   0   8  37  22   0   0   1  0.75 0.49
   33 L    -1  -1  -2  -4   0  -2  -4  -4  -3   4   1  -2   0  -2  -1  -2  -2  -4   1   4    6   3   2   1   2   2   1   1   1  26  11   2   1   1   3   3   2   0   5  28  0.48 0.32
   34 S     2   1  -1  -2   0   1  -1  -1  -2  -2  -3   2  -2  -4  -1   2   1  -3  -3  -1   22   8   3   1   2   5   4   4   1   3   2  16   1   0   3  13   9   0   1   3  0.26 0.25
   35 A     1   1  -1   2  -5   3   4  -2  -1  -4  -4   0  -3  -4  -4   2  -2  -5  -4  -3   10   6   2  13   0  15  27   3   1   1   1   4   0   1   0  13   2   0   0   1  0.57 0.41
   36 I     1  -5  -5  -6  -3  -5  -5  -3  -6   4   2  -5  -2  -1  -5  -3   1  -5  -4   4   13   0   0   0   0   0   0   2   0  25  15   0   0   2   0   1   7   0   0  33  0.82 0.48
   37 A     6  -5  -4  -5   4  -5  -3  -1  -2  -3  -4  -3  -1  -4  -5   1  -2  -6  -5  -2   65   0   0   0   9   0   1   4   1   1   2   2   1   0   0   9   2   0   0   3  1.25 0.69
   38 P     1   4   0   0  -3   0   2  -1  -3  -1  -3   3  -2  -5   0   0  -2  -5  -2  -1   12  22   4   5   0   4  14   4   0   3   2  15   1   0   4   5   1   0   1   4  0.36 0.30
   39 K    -1   1   0   3  -3   1   4  -4   0  -4  -4   2  -3  -6  -4   0  -2  -6  -5  -5    6   8   4  18   1   7  30   1   2   1   2  13   0   0   0   5   2   0   0   0  0.65 0.44
   40 I    -5  -6  -4  -7  -5  -3  -4  -7   0   1   5  -6   1   3  -5  -3  -2  -4   4  -1    0   0   1   0   0   1   1   0   2   7  49   0   3  12   1   2   3   0  16   3  0.98 0.55
   41 G    -4  -5   1   1  -2  -3  -1   7  -2  -8  -8  -2  -7  -7  -6   0  -5  -7  -7  -7    0   0   6   8   1   1   3  70   1   0   0   3   0   0   0   6   0   0   0   0  1.63 0.79
   42 C    -4  -6  -7  -7   3  -6  -7  -7  -7   6   2  -6   0  -2  -3  -5  -3  -6  -3   4    1   0   0   0   5   0   0   0   0  45  18   0   2   1   2   1   1   0   1  24  1.28 0.63
   43 T     0  -2   2   1  -1  -2  -2   1   3  -3  -5  -2  -3  -5   2   3   2  -3  -3  -2    6   2  11   7   1   1   1  10   8   1   0   1   0   0  11  24  12   0   1   2  0.46 0.37
   44 P     0   2  -1   0  -5  -1   2  -3   0  -4  -4   1  -1  -5   4   0  -2  -5   0  -1    9  14   2   5   0   2  14   1   2   0   1   8   1   0  24   6   2   0   4   5  0.51 0.37
   45 E    -1  -2   1  -1  -4   2   2   1   2  -4  -4   0  -2  -3  -2   3   1  -2  -4  -3    5   2   7   2   0  10  11  12   5   0   0   5   1   1   1  26   8   1   0   2  0.39 0.34
   46 T     1  -2  -2  -5   0   0  -4  -4  -4  -2   0  -4   2  -4  -5   1   6  -6  -5  -2   12   2   1   0   2   5   0   0   0   2   9   0   5   1   0  11  47   0   0   2  0.86 0.58
   47 L    -4  -6  -7  -7  -5  -6  -6  -6  -6   3   5  -6   1   0  -6  -6  -5  -6  -5   2    1   0   0   0   0   0   0   1   0  16  64   0   2   3   0   0   0   0   0  13  1.39 0.67
   48 R    -1   4  -1  -1   0  -1  -2   0   2  -4  -4  -1  -2   0  -4   1  -1  -2   5  -3    5  28   2   3   2   2   1   8   4   1   1   3   1   3   1   9   3   0  21   1  0.59 0.42
   49 L    -1   4   4   0  -5   0  -1  -1   0  -3  -2   2  -2  -5  -4   0   0  -3  -2  -2    6  21  20   4   0   4   3   4   2   1   4  14   1   0   0   7   5   0   1   2  0.42 0.32
   50 W    -8  -5  -9  -9  -8  -8  -8  -4  -8  -8  -7  -8  -7  -5  -9  -8  -8  13  -2  -8    0   1   0   0   0   0   0   2   0   0   0   0   0   0   0   0   0  95   1   0  5.05 1.81
   51 V    -2   3  -3  -5   0  -2  -2  -5  -3   4   1   0   0  -4  -5  -4  -3  -5  -3   4    2  16   1   0   2   1   2   1   1  20  10   6   2   0   0   1   0   0   1  34  0.69 0.46
   52 R    -1   5   0  -1  -2   2  -1  -4  -1  -6  -4   5  -2  -6  -5  -1  -1  -6  -4  -5    6  30   4   3   1   8   2   1   1   0   1  34   1   0   0   4   3   0   1   1  0.96 0.59
   53 Q     0   2   0  -1  -6   5   2  -3  -1  -4  -2   3  -4  -3  -3  -3  -1  -6  -5  -4    7  12   4   3   0  30  13   1   1   1   4  15   0   1   1   1   3   0   0   1  0.69 0.51
   54 S     2  -3  -2  -1  -5  -2  -2  -5   3  -4   0  -2  -3   2  -2  -1  -2   1   7  -3   20   1   1   4   0   2   2   0   7   0  10   2   0   7   2   4   2   1  33   1  0.79 0.54
   55 E    -1   3  -1   2  -3   2   3  -2  -1  -3  -2   2  -4  -5  -2   0  -1  -5  -4  -4    5  18   2  10   1   9  21   3   2   1   4  11   0   0   2   7   3   0   0   1  0.44 0.34
   56 R     1   3  -1  -2  -3   1   1  -2  -1   0  -2   2  -2  -2   1  -1   0  -4  -2  -1   12  16   2   2   0   7   9   2   1   7   2  16   1   1   6   3   6   0   1   5  0.23 0.23
   57 N    -1   0   0   3  -4   1   2   1  -2  -1  -3   1  -1  -2  -1   1  -1  -2  -2  -2    5   5   4  19   0   5  14   9   0   3   2  11   2   2   2   9   2   1   1   2  0.25 0.23
   58 S     1   2  -1  -1  -2   0   0   2   2  -3  -3   1  -2  -4   1   1   1  -4  -2  -1   13  10   2   3   1   5   5  16   7   1   2   8   1   0   6   9   8   0   1   3  0.20 0.20
   59 G     0  -1  -1   0  -4   0  -1   4   0  -3  -1  -1  -2  -1   1   0   0  -4  -3  -2    9   3   3   6   0   3   3  33   2   1   6   4   1   3   7   7   7   0   1   2  0.31 0.25
   60 Q     0   0   0   1  -4   1   2   0   1  -2  -2   1  -1  -3   3   0   0  -4  -2  -1    6   5   5   6   0   6  13   7   3   2   3   8   2   1  14   5   5   0   1   5  0.20 0.18
   61 R     0   3  -1   0  -4   0   0   2  -1  -3  -3   2  -1  -3   2   0   0  -5  -3  -2    7  15   2   5   0   4   6  15   1   1   2  13   2   1  11   6   6   0   0   2  0.27 0.24
   62 D     0  -1  -1   2  -1   0   1   0   1  -3  -3   2  -4  -3   3   1   0  -5  -4  -3    6   3   3  13   1   4  10   8   3   1   2  12   0   1  17  10   5   0   0   2  0.32 0.27
   63 G     1   1   0  -1  -4  -1   0   4  -3  -3  -3   1  -1  -4   1   0  -1  -5  -2  -3   11   9   3   3   0   2   6  30   0   1   2   8   1   1   8   8   4   0   1   1  0.38 0.29
   64 L     0   1   0  -1  -2   1   0   0  -1  -1   0   0   0  -1   1   0   0  -3  -2   0   10   9   5   2   1   8   5   8   1   3   9   6   3   3   8   3   7   0   1   9  0.06 0.09
   65 S    -1   0  -1  -2  -3   0  -1   0   1   0   0   1   1  -1   1   2   2  -4  -2  -1    4   5   1   2   0   4   3   6   4   5  11   7   4   3   7  15  15   0   0   3  0.13 0.18
   66 T     1   0  -1   0  -4   0   0  -2  -2  -2  -3  -1  -1  -4   1   1   4  -1  -2  -2   12   6   2   5   0   5   7   2   1   2   2   4   1   1   7  11  29   1   1   3  0.35 0.33
   67 V     1   0  -1   1  -1  -1   1   0  -1  -1  -2   0  -2  -2   3   0   0  -4  -2   0   13   4   1   8   1   2  12   8   1   4   3   6   1   1  14   7   4   0   1   8  0.16 0.16
   68 E    -1   0  -2   2  -5   1   5  -2  -3  -3  -2   0   0  -5  -1   0   0  -5  -3  -2    5   4   2  12   0   6  36   4   0   1   5   4   2   0   3   7   6   0   1   3  0.49 0.38
   69 R     1   3   0   1  -4   3   1  -1   0  -3  -1   1  -2  -2  -2   0  -1  -2  -3  -3   12  20   3   7   0  16   9   3   2   1   5   6   1   2   2   5   3   1   1   1  0.31 0.27
   70 E     2   2   0   0  -3   2   3  -1   0  -2  -3   0  -1  -4  -1   0  -1  -4  -2  -3   21  11   4   4   1  12  18   4   2   2   2   6   2   0   2   5   3   0   1   1  0.31 0.28
   71 R    -2   4   0  -1  -6   0   5  -5  -1  -4  -2   1  -4  -5  -1  -1  -1  -5  -2  -4    2  27   4   2   0   2  36   0   1   1   4   8   0   0   3   3   4   0   2   1  0.79 0.51
   72 V    -1  -2   0  -1  -3  -2  -1  -2  -2   4   2  -2   1   1  -3  -1  -1  -4  -1   1    3   2   5   4   0   1   4   3   1  25  22   2   2   6   1   4   3   0   1  11  0.25 0.22
   73 K     1   4  -1  -1  -3   2   0  -2   0  -2  -3   3  -2  -2   0  -1  -1  -5  -2  -2   13  25   3   3   1   8   6   2   2   2   2  18   1   2   4   2   4   0   1   3  0.35 0.29
   74 L     1   4  -2   0  -3   2   3  -2   0  -2  -2   1  -2  -4  -1  -1  -1  -1  -2  -2   13  24   1   4   1   7  19   3   2   2   3   6   1   0   3   4   4   1   1   2  0.36 0.30
   75 L     0  -1  -3  -5  -4  -1  -1  -1  -5  -1   5  -4   2  -3  -2  -4  -2  -5  -4   0    8   3   1   0   0   2   5   4   0   2  60   0   4   0   2   0   2   0   0   6  0.73 0.48
   76 E    -2   4  -2  -1  -6   2   4  -1  -1  -2  -4   3  -2  -6  -4  -1  -4  -6  -5  -4    3  22   1   2   0  10  31   6   1   2   1  16   1   0   0   3   0   0   0   1  0.75 0.49
   77 R     2   4  -1  -2  -2   1   1  -1   0  -3  -3   3  -1  -5  -2  -1  -1  -5  -3  -4   16  28   2   1   1   4   8   4   2   1   2  20   1   0   2   2   4   0   1   0  0.53 0.40
   78 E    -1   3  -1  -2   0   3   5  -2  -3  -3  -2   2  -4  -6  -2  -2  -2  -6  -5  -3    4  17   2   1   2  13  36   3   0   2   4  11   0   0   1   2   1   0   0   1  0.71 0.50
   79 N    -2  -2   4  -2  -1  -1   0  -1  -3   2   1  -1   1  -2  -4  -1  -1  -4  -2   1    2   2  22   1   1   3   6   4   0  14  18   5   3   1   0   2   3   0   1  12  0.25 0.26
   80 R     1   4  -1  -1  -4   1   0  -1   1  -2  -3   2  -2  -5  -1   0  -1  -1  -2  -3   15  29   3   3   0   4   7   5   3   3   2  14   1   0   3   5   3   1   1   1  0.40 0.33
   81 Q     0   4  -1   0  -4   2   2  -1   0  -2  -2   2  -3  -2  -2  -1  -2  -4   0  -2    7  23   2   6   0  10  16   6   2   2   4  10   0   2   2   3   2   0   3   2  0.33 0.28
   82 L     0  -2  -2  -4   0   0  -2  -3   0   0   4  -2   0   0  -1   0   0  -4  -3   0    9   2   2   0   2   6   2   2   2   4  43   2   2   3   3   8   4   0   0   4  0.29 0.28
   83 R     0   3   0   0  -4   2   3  -1   1  -2  -2   2  -2  -4  -3   0   0  -4  -3  -2    6  18   3   3   0   9  25   4   3   3   3  11   0   0   0   5   5   0   0   3  0.34 0.26
   84 Q     0   2  -2   1  -3   2   1  -1  -2   0  -1   0   2  -3  -3   0   0   2  -3  -1    6  16   0   8   0  12  11   6   0   5   7   5   7   0   0   4   5   3   0   5  0.18 0.20
   85 A     0   0   1   0  -3   1   0   0   2   0  -2   0   1  -2   1   0   0  -3   1   0    6   6   6   6   0   6   6   6   6   6   1   6   6   0   6   6   6   0   6   6  0.08 0.11
   86 N    -3   4   6  -2  -6  -1  -2  -2  -1   1   0   0  -3  -3  -3  -3  -2  -6  -2  -1    2  21  35   2   0   3   2   2   1   7  10   6   0   1   1   1   2   0   1   5  0.74 0.53
   87 E     1   1  -3   4  -2  -1   5  -1  -2  -6  -4  -2  -6  -7  -3  -2  -3  -7  -4  -5   10   7   1  24   1   1  40   4   1   0   1   2   0   0   1   2   1   0   1   1  1.00 0.65
   88 I    -4  -4  -2  -2  -1  -4  -6  -7  -2   7  -1  -6  -2   2  -3  -6  -3  -5   2   2    1   1   2   3   2   1   0   0   1  55   5   0   1   9   2   0   1   0   6  10  1.26 0.68
   89 L    -3  -5  -5  -7  -2  -6  -5  -6  -4  -1   5  -4   0   3   1  -4  -2  -3  -2  -1    3   0   0   0   1   0   1   0   1   3  60   1   2  12   8   1   2   0   1   3  1.10 0.65
   90 R    -3   4  -3  -5  -7   0  -2  -3  -5  -7  -7   7  -6  -3  -2  -4  -4  -2  -6  -5    2  17   1   1   0   4   2   2   0   0   0  64   0   1   2   1   1   1   0   1  1.70 0.92
   91 K     0   2  -3  -3  -6   0  -2  -4  -2  -4  -5   7  -2  -6  -4  -1  -1  -6  -6  -4    8   9   1   1   0   3   2   1   1   1   1  59   1   0   1   4   4   0   0   1  1.31 0.76
   92 A     4  -2  -3  -3   0  -3  -3   3  -2  -1  -3  -3  -3  -4  -3   2  -3  -3  -5   0   36   3   1   1   2   1   2  21   1   3   2   1   1   1   1  16   0   0   0   6  0.64 0.47
   93 S     1   1   1  -1   1  -1  -1   1   0  -2  -2  -1  -1  -1  -2   2   0  -3   2  -1   11  10   6   4   3   3   4  12   2   2   4   2   1   3   1  17   4   0   7   5  0.13 0.17
   94 A     2   3  -1  -1   2   0   0   3   0  -4  -2   0  -3  -3  -2   0  -1  -2  -3  -2   15  15   2   2   5   3   6  22   3   0   3   6   0   1   2   7   3   1   1   3  0.30 0.26
   95 Y    -2  -3  -2  -2   0  -2  -3  -3   4   0   2  -2  -2   3  -3  -1   0   0   3   1    3   1   1   2   2   1   1   2  11   4  24   2   0  11   1   5   5   1   9  10  0.34 0.26
   96 F    -2  -1  -4  -4   0  -4  -4  -4  -4   0   4  -3  -1   5  -1  -1  -3   0  -2   0    4   4   1   1   2   0   1   1   0   5  39   2   1  21   3   6   1   1   1   6  0.64 0.40
   97 C     0   3  -1  -1   4   0   0   0   0  -1  -1   0  -1   0  -1   1  -2  -3  -2  -1    9  17   3   3  10   3   6   6   2   3   8   5   1   4   3  10   2   0   1   3  0.18 0.16
   98 P     0   3  -1  -1  -3   3   1   0   0  -3  -2   1  -3  -2   2   0  -1  -3  -2  -2    7  15   2   3   0  14  10   8   3   2   4   9   0   2   9   5   3   0   1   2  0.27 0.22
   99 G     0   1   0   0   1  -1   1   2  -2  -1  -2   1  -1  -2   0   0  -1  -1  -2  -1    9   9   4   6   4   2   9  20   1   3   3   7   1   2   5   5   4   1   1   4  0.15 0.12
  100 G     0   2   0   0  -2   0   1   2  -1  -2  -1   0  -2  -2  -1   1  -1  -3  -2  -1    9  13   3   4   1   4   9  17   1   2   7   5   1   2   3  11   4   0   1   5  0.14 0.13
  101 A     1   0  -1   0  -1   0   0   1  -1  -1   0   0  -1  -1   0   1   0   0  -2   0   16   7   2   4   1   4   6  10   1   4   9   5   1   2   4   9   7   2   1   6  0.05 0.07
  102 R    -1   4   1   1  -2   1   1  -2   1  -2  -2   0  -2  -3  -2  -1   0  -3  -2  -1    6  27   5   8   1   5   8   3   4   3   5   5   1   1   2   4   5   0   2   5  0.30 0.23
  103 P     0   0  -1   0  -2   0   1  -1  -1   0  -1   0  -2  -3   4   1   0  -3  -2   0    8   5   3   4   1   4   8   5   1   5   8   5   0   1  20  10   4   0   1   6  0.22 0.17
  104 P    -1   1  -1   1  -1   0   0   1   0  -2  -2   0  -3  -2   3   1   0  -1  -2  -1    5   9   3   7   1   3   4  10   2   3   5   5   0   2  17   9   7   1   1   4  0.19 0.16
  105 I     0   0   0  -1  -2   0  -1  -2   1  -1  -1   2   1  -1   1  -1   1   0   0   0    6   6   4   3   1   3   3   3   4   4   7  16   4   3   8   2  12   1   4   8  0.11 0.13
  106 Q     1   3  -1  -1  -2   2   2  -2  -1  -1  -2   1  -2  -2   0   0  -1  -4  -2   0   11  16   2   4   1  11  12   2   1   3   3   9   1   1   4   8   4   0   1   7  0.22 0.22
  107 T     0   0  -2  -1   0   0   2  -3  -4  -1   0  -1   5  -2  -4   0  -1   1  -2   2    9   5   2   3   2   3  16   1   0   4   7   3  16   1   0   7   4   2   1  13  0.30 0.30
  108 M    -2   4  -3  -4  -2  -2  -2  -4  -1   2  -1   4   4  -2  -3  -2  -2  -1   1   0    4  18   1   1   1   2   2   1   1  11   7  25   9   1   1   2   2   1   4   5  0.53 0.40
  109 K    -1  -1  -4  -4  -1  -2  -3  -5   1   1  -1  -2  -1   4   0  -3  -1   2   6   0    5   3   1   1   1   2   2   0   3   7   5   3   1  15   5   2   3   2  29   7  0.68 0.45
  110 T     3   2  -2   0  -1   3   1  -2  -2  -2  -1   0  -1  -5  -1  -1  -1   0  -4  -2   23  12   1   5   1  12  10   3   1   3   7   5   1   0   3   5   4   1   0   3  0.27 0.28
  111 F    -1  -3  -6  -6   1  -5  -3  -3   0   1   1  -3   1   6  -6  -2  -3   3   1   1    6   2   0   0   2   0   2   2   2   6  11   1   4  37   0   3   2   3   5  11  0.84 0.49
  112 I    -3  -2  -3  -3  -2  -3  -3  -3  -2   7  -1  -3   4  -5  -6  -3  -2  -6  -5   2    2   2   1   1   1   1   2   3   1  55   4   1   9   0   0   2   2   0   0  11  1.26 0.68
  113 D     1   1  -1   4  -2   1   3  -3   2  -4  -3   2  -1  -3  -4  -1  -1  -1  -2  -3   10   7   3  21   1   6  16   2   4   1   3  11   1   1   0   4   3   1   1   1  0.42 0.35
  114 E     2   1  -1   2   0   2   3  -2   0  -3  -2   0  -1  -5  -2  -1  -1  -5  -5  -2   15   7   3  12   2  11  19   3   2   1   5   6   1   0   2   4   4   0   0   2  0.33 0.31
  115 N    -2  -1   2  -4   0   1   2  -3   7  -3   1  -2   0  -2  -3  -3  -3   0   1  -3    3   3  10   0   2   6  11   2  26   1  14   3   2   2   2   2   2   1   4   2  0.68 0.50
  116 R    -1   5  -2  -2   0   1  -1  -3   1  -3  -2   3  -1  -7  -2  -1  -2  -8   0  -2    6  30   2   2   2   7   4   3   3   2   4  14   2   0   3   6   3   0   3   3  0.61 0.41
  117 Q     2   1   0   1   0   1   1   1   2  -2  -3   0  -1  -2  -1  -1  -1   1  -1  -2   18   7   4   8   2   5   8   9   4   2   3   6   2   2   3   5   4   2   2   2  0.17 0.17
  118 S     0   2   0   0   1   1   1   0   3  -1  -2   1   0  -1  -1   0  -1  -5   0  -1    6  10   5   6   3   6   8   8   6   3   4   8   3   3   3   7   4   0   3   5  0.10 0.10
  119 Y    -1   0   0   0   2   0   0  -1   2   0  -1   0   2   1   0  -1   0   4   1  -1    5   5   5   5   5   5   5   5   5   5   5   5   5   5   5   5   5   5   5   5  0.09 0.08
  120 G    -1   0  -2  -2  -4  -3  -2   3  -3  -7  -6  -3  -5  -6   5   3  -1  -7  -5  -6    5   5   2   2   0   1   2  21   1   0   0   2   0   0  31  22   4   0   0   0  0.96 0.63
  121 V    -2  -3  -8  -8  -2  -6  -6  -8  -8   5   0  -5  -2  -5  -7  -6  -3  -8  -6   6    3   2   0   0   1   0   0   0   0  24   9   1   1   0   0   0   1   0   0  57  1.63 0.81
  122 E     1   2  -1   0  -2   0   3  -1  -1  -3  -3   2  -2  -4  -3   1   1  -4  -3  -1   13  10   2   4   1   4  20   4   2   1   2  11   1   1   1   9   9   0   1   4  0.30 0.28
  123 P     0   3  -2  -2  -3   0  -1  -3  -3  -1   0   2   0  -1   3   0   0   1  -3   1    7  15   1   2   0   3   4   1   0   3  10  11   3   3  13   5   6   2   1   9  0.22 0.22
  124 I    -2  -6  -7  -8  -1  -4  -7  -4  -7   3   3  -7   8  -3  -7  -4  -2  -2  -6  -1    4   0   0   0   1   1   0   2   0  15  29   0  37   1   0   1   3   1   0   5  1.53 0.79
  125 C     0  -6  -9  -9  11  -7  -9  -7  -9  -4  -1  -9  -8  -5  -5  -5  -5  -9  -9  -5    7   1   0   0  80   0   0   0   0   1   6   0   0   1   1   1   1   0   0   1  3.64 1.48
  126 K    -1   6  -2   0  -2   2   1  -2   0  -5  -4   2  -4  -6  -6  -1  -2  -4  -4  -5    4  41   2   5   1   9  10   3   2   1   2  10   0   0   0   4   2   0   1   1  0.92 0.58
  127 V     1  -4  -6  -7   0  -3  -4  -4  -4   1   2  -4   0  -2  -5  -4   0   1  -3   6   13   1   0   0   2   1   1   2   0   6  15   1   2   1   0   1   5   2   1  45  0.90 0.54
  128 L    -1  -6  -8  -6  -7  -6  -6  -7  -6  -2   6  -6   3   2  -6  -5  -5  -7  -4  -2    5   0   0   1   0   0   1   0   0   2  71   0   6   8   0   1   1   0   1   3  1.62 0.83
  129 P    -2   1   1   1  -3   2   2   4   1  -7  -5   2  -4  -7  -1  -1  -3  -7  -6  -4    2   8   5   8   1   8  13  26   4   0   1  12   0   0   4   5   1   0   0   1  0.55 0.41
  130 I    -3  -4  -7  -7  -5  -5  -5  -5  -6   4   1  -8  -1  -2  -6  -7  -4  -8  -5   6    2   1   0   0   0   0   1   1   0  21  11   0   1   2   0   0   1   0   0  56  1.55 0.80
  131 A     3  -4   0  -4  -2  -2  -5  -2   1  -6  -4  -3  -7  -5   1   6  -1  -4  -4  -6   19   1   4   1   1   2   0   3   3   0   2   1   0   0   6  52   4   0   1   0  1.14 0.77
  132 P    -2   7  -6  -6  -2  -3  -2  -4  -1  -6  -6   1  -5  -5   3  -2  -1  -8  -5  -3    4  55   0   0   1   1   3   1   1   0   1   6   0   0  15   3   4   0   0   2  1.49 0.85
  133 S     0  -1  -2  -5  -1   0  -6  -2  -7  -6  -7  -4  -8  -7  -6   7  -3  -9  -8  -6    8   3   2   1   1   4   0   3   0   0   1   1   0   0   0  73   1   0   0   0  1.83 1.07
  134 T     0  -3  -4  -4   0  -4  -6   5  -7  -6  -6  -6  -4  -5  -3   2   4   1  -7  -4    7   1   1   1   2   1   0  45   0   0   1   0   0   0   2  14  21   2   0   1  1.19 0.73
  135 Y    -7  -6  -9 -10  -3  -8  -9  -6  -1  -5  -3  -9  -7   6 -10  -7  -8   0   9  -4    0   1   0   0   1   0   0   1   1   1   3   0   0  24   0   0   0   1  65   1  2.85 1.30
  136 Y    -5  -1  -4  -7  -6  -4  -8  -9   2  -6  -6  -5  -3  -1  -6  -6  -5  -4  10  -8    1   3   1   0   0   1   0   0   4   0   1   1   1   2   1   1   1   0  80   0  3.08 1.41
  137 R     4   2   0   1  -4   0   0  -3   1  -5  -5   1  -4  -4  -4  -1  -2  -6   2  -4   31  12   4   9   0   5   7   2   3   0   1   9   0   1   1   4   2   0   8   1  0.53 0.42
  138 Y    -1   1  -4  -7  -2  -1  -5  -7   4  -5  -5  -6  -7   0  -8  -3  -6  11   2  -7    6   6   1   0   1   3   1   1  10   1   1   1   0   3   0   3   0  56   6   0  2.73 1.24
  139 A     0   4  -3  -4   0   0  -2  -4  -1   0   3   3  -1  -2  -4  -3  -2  -3  -3   0    7  21   1   1   2   4   2   1   1   5  25  15   2   1   1   2   2   0   1   6  0.44 0.32
  140 A     2   1   2  -1  -1   1  -2  -1   1  -4  -2   4  -3  -3  -3   1   0  -3  -1  -3   16   8   9   4   1   5   2   4   3   1   3  23   0   1   1   8   5   0   2   2  0.34 0.29
  141 Q    -1   7  -1  -3   0   1  -3  -3   1  -3  -4   1  -4  -5  -4  -3  -2  -1  -2  -4    5  53   3   2   2   7   2   3   4   2   2   7   1   0   1   2   3   1   2   1  1.21 0.64
  142 Q     0   3  -2  -1  -2   2   0  -1  -2  -3  -2   1  -2  -3   4  -1  -1  -4  -3  -2    8  15   2   3   1   8   6   5   1   1   4   9   1   1  23   4   4   0   1   3  0.43 0.29
  143 A     1   1  -1   0  -1   0   0  -1   0  -1  -2   0  -1  -1   4   0  -1  -1  -2   1   11   8   3   5   1   4   5   5   2   4   3   5   1   3  18   5   4   1   1   9  0.19 0.14
  144 D     1   1   1   1  -1   0   0   0   1  -1  -2   1  -1  -2   1   1   1  -1  -1  -1   11   8   7   9   1   4   5   6   3   3   4   7   1   2   6   9   7   1   1   4  0.08 0.05
  145 P     0   2  -1  -1  -2  -1   0  -1  -1  -1  -1   0  -1  -1   4  -1   1  -2  -2   0    9  10   3   4   1   3   6   5   2   3   5   6   1   2  20   5   8   1   1   6  0.22 0.11
  146 S     1   1   0   1  -1   0   0   0   0  -1  -1   0  -1  -1   0   1   0  -1  -1  -1   13  10   4   8   1   4   6   7   2   3   6   5   1   2   5   9   6   1   2   5  0.06 0.04
  147 Q     1   1  -1   1  -1   1   1   0   0  -1  -1   1  -1  -2   1   0   0  -1  -2  -1   10   7   2   7   1   6  11   9   2   3   7   7   1   1   7   7   5   1   1   4  0.08 0.06
  148 Q     0   2  -1   0   0   1   1  -1  -1  -1   0   1  -1  -2   2  -1   0   0  -1   0    6  11   3   4   2   6   8   4   1   4  11   9   1   1  10   3   5   1   2   6  0.11 0.09
  149 S    -1  -1  -2  -2   0  -1  -1  -2  -2  -4  -4  -1  -3  -4   0   6   1  -2  -2  -2    6   4   1   2   2   2   4   3   1   1   2   3   1   1   5  51   7   1   2   3  0.82 0.52
  150 A     3   1   0   0  -2   1   1  -1  -1  -2  -1   1  -2  -3  -1   0  -1  -1  -2  -1   25   8   4   5   1   6   8   3   1   2   5   9   1   1   4   6   4   1   1   3  0.20 0.18
  151 R     0   7  -3  -3  -4   0  -2  -3   1  -2  -3  -1  -1  -4  -3  -3  -1  -1  -1  -3    8  55   1   2   0   4   2   3   3   3   2   3   1   1   2   2   4   1   2   2  1.19 0.61
  152 A     3   1  -2   1  -2   3   2  -3   0  -3  -3   1  -1  -3  -3   0   0  -4  -1  -2   21   8   2   7   1  11  13   2   2   2   2   7   1   1   1   7   5   0   3   3  0.30 0.26
  153 Q     0   3  -3  -3  -3   4   0  -3  -1   2   1   1  -1  -3  -3  -2  -2  -1  -3   0    9  14   1   1   1  17   5   2   1  10  13   9   1   1   1   2   3   1   1   7  0.29 0.24
  154 R     1   5  -3  -1  -3   1   4  -3   0  -4  -4   0  -3  -3  -4  -1  -2  -1  -3  -3   12  29   1   4   1   6  22   2   2   1   2   4   1   1   1   5   2   1   1   2  0.68 0.42
  155 D    -4   3   4   6  -1  -1   0  -5   1  -2  -3  -2  -5  -5  -5  -3  -2  -2  -2  -4    1  13  18  39   1   2   5   1   3   2   3   2   0   1   1   2   2   1   2   1  1.01 0.55
  156 Q     3   1  -1   0  -2   2   3  -2  -2  -1  -2   0  -1  -4  -2  -2   0  -3  -4  -1   26   6   3   5   1   8  20   2   1   3   4   5   2   0   2   3   5   0   0   4  0.36 0.29
  157 E     1   2  -3  -1  -3   2   3  -3  -1  -1   0   0  -1  -2  -3  -2   0   1  -1   0   14   9   1   4   1  10  18   2   2   3   8   6   1   1   1   2   5   2   2   8  0.23 0.23
  158 L    -5  -2  -7  -4  -3  -4  -6  -7  -4   2   6  -5   0   0  -3  -3  -4   0  -3   0    1   2   0   1   1   1   0   0   0  10  63   1   2   3   2   2   1   1   1   7  1.23 0.64
  159 G     0   2  -2   0  -1  -1   0  -2  -2   0   1   2   1  -3  -3  -1   1  -4  -2   0   10  10   1   6   1   1   7   3   1   4  15  15   3   1   1   4  10   0   1   6  0.16 0.18
  160 E     2   1  -1   0  -2   1   3   0   0  -2  -3   0  -2  -4   0  -1  -1  -5  -3   0   18   8   2   6   1   7  17   7   3   2   2   6   1   0   5   4   4   0   1   6  0.23 0.23
  161 H     1   2  -3   0  -4   2   2  -2   3  -2   0   1  -1  -2  -3  -2  -2  -2  -3  -1   11  11   1   4   0  10  16   3   8   2  10   9   1   2   1   1   2   1   1   5  0.27 0.26
  162 I    -4  -8  -8  -8  -6  -3  -8  -8  -1   7   1  -6   0  -5  -8  -6  -4  -7  -6   3    2   0   0   0   0   1   0   0   1  61  11   0   2   0   0   1   1   0   0  18  1.83 0.84
  163 Q    -1   5  -3  -4  -1   2   0  -3   0  -2   0   3  -1  -4  -5  -2   0  -6  -3  -2    6  30   1   0   2   9   5   2   3   3   9  16   2   1   0   3   6   0   1   3  0.56 0.41
  164 R     2   3  -2   0  -3   2   2  -3   0  -3  -4   1  -3  -3  -4   0   0  -2  -4  -3   18  18   2   6   1  10  15   2   2   1   1   7   1   1   1   5   6   1   0   2  0.43 0.35
  165 V     1  -4  -6  -6   0  -2  -2  -6  -3   5   1  -5  -1   0  -5  -2  -2  -6  -2   3   12   1   0   0   2   2   3   0   1  34  13   1   1   4   0   3   3   0   1  19  0.75 0.45
  166 W    -2  -3  -6  -6  -1  -2  -5  -5   8  -5  -5  -3  -6   6  -4  -5  -4   6   4  -4    4   2   0   0   1   2   1   1  31   1   1   2   0  27   1   1   1   9  13   2  1.69 0.83
  167 D     2   1   0   1  -3   1   2  -1   1  -1  -1   1  -1  -1  -4  -1   0   0  -1  -2   16   6   4   8   0   8  14   3   4   3   5   9   1   3   0   2   6   1   2   3  0.17 0.19
  168 E     2   2  -1   2  -5   2   4  -2   0  -5  -3   0  -3  -7  -5  -2  -1  -2  -4  -5   15  11   2  13   0   9  27   3   2   1   2   6   1   0   0   3   3   1   0   0  0.60 0.45
  169 H    -2  -3   4  -1  -4  -1  -3  -3   5  -5  -4  -4  -4   0   0   5  -1  -3  -2  -2    2   1  16   3   0   2   2   2  12   0   2   1   0   4   5  37   4   0   1   3  0.83 0.57
  170 F    -3   5   0   1  -5  -1  -2   0   2  -7  -3   3  -4   1  -5  -3  -5  -2   2  -6    3  32   5   8   0   3   3   7   4   0   2  19   0   5   1   2   0   0   6   0  0.77 0.50
  171 Q    -1   2  -2  -3  -1   4   1   4   1  -7  -6   1  -2  -4   0  -1  -4  -3  -4  -7    4  12   1   1   2  15   8  33   3   0   1   7   1   1   5   4   1   1   1   0  0.73 0.50
  172 V     0   4  -2  -4   0  -4  -1  -4  -2   0  -2  -2  -2  -4  -2   0   3  -6  -3   2    7  22   2   0   2   0   3   1   1   5   4   2   1   1   3   8  21   0   1  16  0.50 0.39
  173 Y    -1  -4  -5  -5  -1  -3  -7  -8  -3  -3  -2  -6  -1   1  -3  -5  -7  -5   9  -5    6   1   1   1   1   2   0   0   0   1   4   1   2   5   2   1   0   0  70   1  2.46 1.12
  174 G    -3  -5  -7  -5  -8  -8  -4   8  -8  -9  -9  -8  -8  -9  -8  -5  -8  -8  -9  -9    2   1   0   1   0   0   1  93   0   0   0   0   0   0   0   1   0   0   0   0  2.83 1.23
  175 V     4  -1  -5  -6  -1  -5  -5  -5   0  -3  -3  -4  -4  -3  -1   4  -1  -1   5   1   27   4   0   0   1   0   1   0   2   1   3   1   0   1   4  25   3   1  16   9  0.76 0.54
  176 R    -5   7  -5  -2  -5  -5  -3  -4  -3  -4  -4  -2  -2  -6   5  -5  -5  -2  -2  -2    1  48   0   3   0   0   2   1   1   1   2   3   1   0  30   1   1   1   1   3  1.65 0.89
  177 K    -5   7  -5  -7  -5  -3  -4  -4  -6  -8  -5   5  -2  -4  -4  -3  -2  -3  -4  -5    1  57   0   0   0   1   1   2   0   0   1  26   1   1   1   2   2   0   1   1  1.86 0.93
  178 V    -4  -8  -8  -8  -4  -7  -8  -8  -8   6   2  -8   5  -4  -4  -7  -3  -8  -7   3    2   0   0   0   0   0   0   0   0  46  17   0  12   1   1   0   2   0   0  18  1.61 0.77
  179 W     0   0  -3  -5   0   1  -5  -5   6  -6  -3   0  -3  -1  -4  -2   4   7   1  -2    9   6   1   0   2   6   1   1  18   0   2   5   1   3   1   3  21  13   5   3  0.90 0.56
  180 R     4   3  -3   0  -2   1  -1  -3   3  -3  -1   2  -2  -4  -4  -2  -2  -4  -3  -2   30  14   1   5   1   5   3   1   7   2   5  13   1   1   1   2   3   0   1   3  0.50 0.39
  181 Q     1  -1  -4   2  -2   2   5  -5   0  -2  -1  -1   0  -2  -4  -3  -2   0  -2  -2   14   3   1  10   1   9  33   0   2   2   6   4   2   2   1   2   2   1   2   3  0.54 0.43
  182 L    -1  -5  -8  -8  -3  -7  -8  -5  -2  -1   6  -8   3  -5  -6  -6  -7  -7  -7  -1    5   1   0   0   1   0   0   1   1   3  77   0   6   0   1   1   0   0   0   4  1.81 0.90
  183 L     0   5   2  -4  -1   1  -2  -4   2  -1  -2   2  -3  -4  -3  -3  -1   0  -3  -1    7  33  10   1   1   6   3   1   5   4   4  11   0   0   2   2   3   1   1   5  0.61 0.43
  184 R     2   4   1   1  -3   1   2  -2   0  -2  -3   1  -3  -4  -1  -1  -2  -6  -5  -3   15  24   5   9   0   5  11   4   2   2   2   8   0   1   3   4   2   0   0   1  0.42 0.33
  185 E     1   3  -1   1  -2   4   3  -3   0  -3  -2   1  -1  -4  -4  -1  -2  -1  -3  -3   10  14   3   7   1  15  20   2   2   2   5   7   1   0   1   5   2   1   1   2  0.42 0.34
  186 G    -4  -4  -2  -2  -7  -4  -4   7  -2  -8  -6  -4  -4  -3  -7  -4  -5  -7  -2  -5    1   1   2   3   0   1   1  80   1   0   1   1   0   2   0   1   1   0   2   1  2.04 0.98
  187 Q    -1  -1  -2  -3   0  -1   1  -4   4   2   0  -2   1   2  -2  -3  -2   3   2   1    5   3   2   1   2   2   9   1   9  14   9   2   4   8   2   1   2   4   7  12  0.29 0.24
  188 Q     0   2   1   0   0   2   0  -2   1  -2  -2   2  -2  -3   2  -1   0  -3  -2   0    8  14   6   6   2   9   5   2   4   3   3  11   1   1   9   4   6   0   1   7  0.19 0.20
  189 V    -1  -3  -5  -2   5  -5  -5  -4   2   3  -1  -5   1  -3  -5  -3   0  -1  -1   5    6   2   0   2  12   0   1   1   4  16   5   0   4   1   1   1   5   1   2  37  0.84 0.51
  190 A     1  -2   3  -2   1  -3  -4   4  -2  -5  -6  -3  -5  -6  -1   4  -2  -6  -6  -5   11   2  11   2   3   1   1  26   1   1   0   1   0   0   3  36   2   0   0   1  0.86 0.59
  191 R    -3   6  -3  -3   1   0   1  -4   3  -3  -2   1  -3  -3  -1  -2  -3  -6  -2  -1    2  43   1   1   3   4   9   2   7   2   5   8   1   1   3   3   1   0   1   5  0.80 0.54
  192 C    -1   3   2   0   4  -2  -1  -1   3  -5  -4   4  -5  -1  -2  -1  -3  -1   1  -4    4  13  10   5  10   1   3   5   6   1   1  24   0   2   2   5   1   1   5   1  0.53 0.40
  193 T    -3   6  -4  -6  -3   1  -5  -2  -2  -6  -3   1  -3  -4  -1  -1   4  -7  -1  -4    2  41   1   0   1   5   0   3   1   0   3   7   1   1   3   4  25   0   2   1  1.06 0.68
  194 V    -1  -3  -7  -3  -2  -6  -3  -3  -7   3  -2  -6   1  -5  -2  -4  -2  -7  -6   6    6   2   0   2   1   0   3   3   0  14   3   0   4   0   2   1   2   0   0  58  1.27 0.70
  195 Q     4   2  -2  -2   0   2   1   0  -1  -3  -2  -2  -2  -5  -1  -1  -1   2   0  -3   33  11   2   2   2   8   9   7   2   1   3   2   1   0   3   4   3   3   3   1  0.39 0.36
  196 R    -2   7  -2  -4   0   0  -2  -4  -2  -6  -6   2  -3  -3  -3  -2  -3  -1  -4  -6    3  61   2   1   2   4   2   1   1   1   1  10   1   1   2   3   2   1   1   1  1.53 0.84
  197 L    -1  -2  -6  -5  -2  -4  -6  -4  -1   3   5  -6  -1  -2  -4  -3  -3  -1  -1   0    6   2   0   1   1   1   0   2   1  16  54   0   1   1   1   2   1   1   2   6  0.95 0.55
  198 M    -4  -1  -6  -3   1  -3  -6  -2  -6  -1  -1  -3  10  -3  -6  -4  -1  -1  -2  -3    1   3   0   2   2   1   0   4   0   3   5   2  64   1   0   1   4   1   1   2  2.13 1.05
  199 G    -1   6  -2  -3  -2   2  -2  -3   0  -4  -4   3  -2  -6  -3   0  -2  -1  -5  -3    5  40   2   1   1   7   1   2   2   1   2  19   1   0   1   8   2   1   0   2  0.89 0.56
  200 E     1   1  -1  -1   0   1   3  -1   0  -1  -2   1  -1  -2  -1   0  -1  -5  -2  -1   10   7   2   4   2   6  23   4   3   3   4  10   2   2   3   6   3   0   1   5  0.21 0.21
  201 L     1   1   2  -1   1   0  -1  -1   2  -1   1  -1   1  -1   1  -1  -1   1   0  -1   11   8  12   3   3   5   4   4   5   3  15   2   5   2   6   4   2   2   3   3  0.07 0.14
  202 G    -1   0   0   1   0   0  -1   5   0  -2  -4  -1   1  -5  -1  -1  -3   1  -4  -1    3   4   5   7   2   3   3  44   3   3   0   3   4   0   3   4   0   2   0   5  0.58 0.41
  203 L     0   0  -2   0   2  -2  -2   0   2   0   0  -2   1   1   1   0   0   4   1   0    6   6   0   6   6   0   0   6   6   6   6   0   6   6   6   6   6   6   6   6  0.10 0.15
  204 Q     0   4  -3  -4   1   2  -1  -5   0  -3  -3   3  -2   0  -1   0  -3   2   0   1    8  20   1   1   2  10   4   1   2   2   3  14   1   4   3   6   2   2   3   9  0.44 0.31
  205 G     4  -2  -2  -8   3  -2  -7   3   0  -8  -4  -3  -8  -8   1   3  -2  -8  -2  -1   25   3   2   0   5   2   0  23   2   0   2   2   0   0   6  18   3   0   2   4  0.77 0.49
  206 V    -2   4  -2  -4   2   0  -3  -4  -1   2  -1   4   0  -3  -3  -3  -1   0  -2   2    4  17   2   1   3   4   2   2   2  11   5  19   2   2   2   2   4   1   2  13  0.48 0.29
  207 V    -1   2  -1  -2   2   1  -2  -2   2   0  -2  -1   3   0   0  -1   1   2   1   0    6  11   3   3   3   6   3   4   4   5   3   4   7   4   5   5  10   3   4   7  0.16 0.15
  208 R    -1   4  -1  -7   1  -1  -6  -1   1  -1  -2   2   1  -1   1  -1  -1   2   0  -1    5  23   3   0   3   3   0   6   3   4   5  13   3   3   7   4   5   3   3   4  0.42 0.30
  209 G    -2   6  -3  -4  -2  -1  -4   2  -2  -4  -4   4  -3  -7  -2  -3  -2  -2  -1  -2    3  37   1   1   1   3   1  16   1   1   2  19   1   0   3   2   3   1   2   3  0.94 0.61
  210 K     0   5  -3  -5  -1  -2  -4  -3   0  -3  -3   5  -6  -1   0  -2  -2  -1  -1  -2    9  27   1   1   1   1   1   2   2   1   3  30   0   3   5   3   2   1   2   3  0.79 0.54
  211 P    -3   4  -3  -7  -5  -1  -5  -4  -1  -5  -4   3  -6   5   0  -2  -1   3   4  -5    2  19   1   0   0   3   1   2   1   0   1  16   0  23   5   3   4   4  14   1  0.96 0.61
  212 V    -3   4  -2  -6  -2  -2  -6  -4   2  -2  -3   4  -3  -3   2  -4  -2  -1   2   2    2  23   2   0   1   1   0   1   4   3   2  23   1   1   9   1   3   1   8  13  0.76 0.53
  213 K     0   5  -2  -4  -1  -1  -4  -3   0  -1  -5   2  -3  -3   2  -2  -1  -2   0   1    7  29   2   1   2   3   1   3   3   3   1  13   1   1  11   3   4   1   3  10  0.60 0.44
  214 T    -2   0  -2  -7  -2  -3  -5  -1  -1  -5  -3  -2  -1  -3  -1   0   6  -2   2  -2    3   5   2   0   1   1   1   4   2   1   3   3   2   1   4   8  51   1   7   3  1.06 0.71
  215 T    -2   0  -2  -4  -3  -3  -5  -3   1  -3  -5  -1  -2  -5  -1  -1   7  -2   1  -3    4   5   2   1   1   1   1   2   3   2   1   4   1   1   4   4  56   1   4   2  1.26 0.79
  216 V    -2   2   2   3  -4   0  -1  -2   1   1  -3   2  -2  -3  -3  -1   0  -4  -1   0    4   9   9  18   0   4   2   3   4   8   2  15   1   1   1   3   6   0   2   8  0.29 0.26
  217 S     0   1  -1  -3  -4   0  -3   0   0  -3  -3  -1  -3  -6   3   5  -1  -3  -2  -3    8   8   2   1   0   4   1   7   2   1   3   4   1   0  13  35   3   0   1   2  0.59 0.50
  218 D     0   2   2   4  -4   0   0   0   1  -4  -4   2  -5  -4  -1   0  -2  -7  -3  -3    7   9  11  19   0   4   6   9   4   1   2  11   0   1   3   8   2   0   1   2  0.38 0.32
  219 Q    -1   2  -2  -1   0   1   0  -2   7  -3  -3   1  -3  -3   2  -2  -1  -7  -3  -2    5   9   1   4   2   6   5   4  25   2   3  10   1   1  12   3   4   0   1   3  0.68 0.47
  220 A     1   1   2   0  -3   0   0   1   2  -2  -3   0  -1   0   0   0   0  -3  -2  -2   14   9  10   6   0   5   5  10   4   2   2   5   1   4   4   8   5   0   1   3  0.15 0.17
  221 R     1   0  -1  -1  -2   0   0   0   2  -2   1  -1  -1   1   0   0   0  -2   2  -2   15   6   2   3   1   4   7   6   5   1  12   3   2   5   4   6   5   0   7   3  0.10 0.14
  222 P     1   0  -1  -1  -3   1   0  -1   0  -2  -3   0  -2  -2   5  -1  -1   0  -1  -1   10   6   3   4   0   5   6   6   3   2   3   6   1   2  27   4   4   2   2   5  0.38 0.32
  223 C     0   1  -3  -2   1  -1  -1  -2  -1   2  -1   0  -2  -2   1  -1   0  -4   1   3    8  10   1   2   4   3   4   4   1  13   5   5   0   1   6   4   5   0   4  21  0.17 0.19
  224 P     4   1  -4  -6  -2  -3  -4  -2   0   0  -2  -2  -3  -1   3   0  -2  -6   1   0   34   7   1   0   1   1   1   4   2   5   4   2   1   3  16   7   2   0   5   5  0.52 0.43
  225 Q     0  -1   1   1  -7  -1   1  -2  -1  -3  -3  -1  -4  -5   6  -2  -3  -3  -2  -3    7   4   7   9   0   3  10   3   2   2   3   3   0   1  38   3   1   1   1   2  0.80 0.56
  226 D    -5  -2   8   4  -8  -6  -3  -4  -2  -2  -3  -6  -7  -8  -1  -4  -4  -9  -8  -4    1   2  57  23   0   0   2   1   1   3   3   0   0   0   4   1   1   0   0   1  1.82 0.98
  227 H    -4   1   0  -5  -6  -3  -3  -6   3   1   5  -2  -2  -3  -5  -6  -3  -1   0   1    1   8   5   1   0   1   2   1   6   7  51   3   1   1   1   0   1   1   3   8  0.83 0.53
  228 V    -2  -1  -7  -4  -1  -4  -6  -5  -7   1   5  -3  -2  -2  -5  -6  -3  -1  -1   4    4   4   0   1   1   1   0   1   0   6  48   2   1   2   1   0   2   1   2  23  0.97 0.58
  229 N    -1   0   4   2  -2   2   1   0   0  -4  -2   2  -1  -4  -2  -1  -2  -2  -3  -4    6   5  19  12   1   9   9   6   2   1   5  15   1   1   2   3   2   1   1   1  0.39 0.32
  230 R    -3   7  -2  -1  -3   3  -2  -3   1  -7  -4  -1  -3  -7  -4  -4  -3   0  -6  -7    2  59   2   4   1  12   3   2   3   0   2   4   1   0   1   1   2   1   0   0  1.61 0.88
  231 Q    -1   1   2   4  -1   4   1  -1   1  -4  -4   0   0  -4  -1  -1  -2  -3  -4  -2    5   9  10  20   1  17   8   4   3   1   2   4   3   1   3   4   2   0   1   3  0.45 0.37
  232 F    -3  -4  -3  -4  -3  -7  -3  -5  -6  -3  -2  -4  -3   9   0  -3  -3   0  -1  -2    2   1   2   2   1   0   3   1   0   2   4   1   1  66   5   2   2   1   1   2  1.91 0.94
  233 V     0  -1   3   1  -2   1   0  -3   1  -2  -3   0  -1  -1  -2   1   3  -1  -1  -2    9   3  13   8   1   5   6   2   3   2   3   6   1   2   1  10  18   1   2   3  0.24 0.25
  234 A     4  -2  -3  -2   0  -1  -3  -3  -6  -2  -3  -2  -2  -3   3   0   1  -1  -6   2   32   3   1   2   2   3   1   2   0   2   2   3   1   1  15   6   7   1   0  16  0.58 0.45
  235 E     0   0  -1   2  -1   0   2   0   0  -2  -2   0  -1  -1   1   0   2   0  -2  -2    6   4   3  12   1   4  13   8   3   2   5   4   1   2   8   7  12   1   1   2  0.16 0.18
  236 C     2   2  -1  -1   0   1   2   1  -1  -2  -3   1   0  -2  -2  -1   1   0  -4  -1   17  10   3   3   2   8  12   9   2   2   2   7   2   2   2   4   9   2   0   4  0.19 0.21
  237 P    -1  -2  -6  -3   0  -2  -2  -2  -1   0  -1  -2  -1  -7   7  -2  -2  -7  -6  -1    6   3   0   2   2   2   3   3   2   5   6   2   2   0  51   3   3   0   0   4  1.19 0.72
  238 N    -3  -3   7   3  -1  -5  -2   0   0  -3  -2  -2   0  -2  -1  -2  -2  -7  -2  -4    3   2  46  14   2   0   2   7   2   2   4   2   2   2   3   3   2   0   1   2  1.06 0.64
  239 A    -1   3  -3  -3  -3   5   2  -4  -1  -4  -3   2   0  -6  -3  -2   1  -6  -1  -2    6  18   0   0   1  28  13   1   1   1   2  10   2   0   1   1  10   0   2   3  0.71 0.46
  240 L     0   1  -4  -5  -1  -2  -3  -4  -3   1   2   2   1  -2  -3  -3  -1  -3  -3   4    7   6   0   0   1   1   1   0   1   5  23  17   3   1   1   1   3   0   0  28  0.43 0.31
  241 W    -7  -5  -9 -10  -4  -6  -8  -3  -2  -4  -1  -8   0  -3  -9  -8  -8  12   1  -3    0   1   0   0   1   0   0   2   1   1   6   0   2   1   0   0   0  79   4   2  3.85 1.29
  242 V     0  -3  -5  -3   3  -4  -5  -2  -6   0   0  -5  -1  -2  -3  -2   0   0  -2   6    6   1   0   2   7   0   0   3   0   3   7   0   1   1   1   2   4   1   2  57  0.93 0.51
  243 S     3  -5  -3  -4  -1  -3  -4   3  -5  -4  -4  -4  -2  -6  -5   3   3  -6  -5   0   24   0   0   0   1   0   0  26   0   0   1   0   1   0   0  24  15   0   0   6  0.78 0.48
  244 D    -5  -7  -2   8  -8  -5  -3  -3  -6  -5  -8  -6  -8  -8  -2  -5  -3  -9  -8  -8    1   0   1  92   0   0   0   2   0   1   0   0   0   0   2   0   2   0   0   0  2.74 1.06
  245 F    -3  -7  -7  -4  -5  -6  -7  -4  -6   7   0  -6   1   3  -7  -5  -2  -5  -1   2    1   0   0   1   0   0   0   1   0  58   8   0   3  12   0   1   2   0   2  10  1.38 0.62
  246 T    -3  -6  -4  -6  -6  -4  -6  -7  -7  -5  -4  -4  -2  -7  -4   0   8  -8  -7  -4    2   0   0   0   0   1   0   0   0   0   1   1   1   0   1   5  87   0   0   1  2.35 1.07
  247 Y    -4  -4  -5  -4   1  -1   1  -7  -1  -5  -5  -6  -4   0  -3  -2  -5  -3   9  -5    1   1   0   1   3   3  10   0   1   1   1   0   0   3   1   3   1   0  70   0  2.19 0.96
  248 V    -3  -3  -6  -5   0  -6  -6  -7   0   5   3  -6  -1   1  -6  -4  -3  -5  -2   4    1   2   0   0   2   0   0   0   2  34  22   0   1   6   0   1   1   0   1  26  0.96 0.49
  249 S     0   4  -1  -3  -3  -1  -1  -3   0  -5  -4   2  -3  -4   5  -1  -2   5  -1  -4   10  22   3   1   1   2   3   1   3   0   2  11   1   0  25   4   3   7   2   1  0.72 0.44
  250 T    -1  -4  -4  -5   1  -4  -5  -5  -4   0   0  -4  -1  -2  -4  -2   6  -6   0   1    5   1   1   0   3   0   0   1   0   6   8   0   1   2   1   1  56   0   4  10  1.06 0.62
  251 W     0   2   0   1  -3   1  -1   3  -1  -3  -3   1  -3  -2  -2   0  -1   6  -1  -3    9  11   4   8   0   6   3  20   1   1   3   7   0   1   1   6   3  11   2   2  0.33 0.25
  252 Q     0  -1   0   1  -3   2   4   1  -2  -5  -5   0  -3  -3   0   0   0  -2  -3  -3    6   3   3   7   0   8  33  12   1   0   1   5   0   1   5   7   5   1   1   2  0.46 0.34
  253 G    -3   0  -2  -2  -3  -2  -2   7  -3  -5  -7   0  -4  -7  -4  -3  -3  -3  -4  -6    1   6   2   2   0   2   3  73   1   1   0   5   0   0   1   2   1   0   1   0  1.59 0.73
  254 F    -5   0  -5  -5  -4  -3  -5  -6  -3  -5  -3   2   1   5  -3  -5  -3  11  -1  -3    1   5   1   1   0   1   0   0   1   1   2  11   3  19   1   1   1  47   1   2  2.14 0.89
  255 V     1  -1  -4  -5   2  -3  -4  -3   0   0   4  -4   1  -1  -5  -2  -1  -2   0   3   11   3   1   0   4   1   1   2   2   3  41   0   3   2   0   2   2   0   3  18  0.51 0.35
  256 Y    -5  -4  -4  -3  -3  -4  -6  -7   0  -6  -6  -4  -6   2  -7  -4  -6   1  10  -6    1   1   1   2   1   1   0   0   2   0   0   1   0   7   0   2   0   1  80   0  2.77 1.08
  257 V    -2  -3  -3  -5   1  -3  -4  -5  -3   1   5  -4   1  -1  -3  -3   0  -4  -3   1    2   1   1   0   3   1   0   0   1   5  63   0   2   2   1   1   6   0   0  11  0.77 0.40
  258 A     5  -3  -2  -3   5  -3  -4   1  -4  -3  -4  -3  -2  -3  -4   1   0  -5  -3  -2   57   1   1   1  12   0   0   8   0   1   0   0   1   1   0  10   5   0   1   1  0.89 0.50
  259 F     2  -3  -3  -4   3  -2  -3  -1  -3   0  -1  -2   0   3   0   0   1  -3  -2   2   19   1   0   0   7   2   0   4   0   5   2   1   1  15   4   7  12   0   0  20  0.27 0.25
  260 I    -2  -5  -4  -5  -1  -5  -4  -5  -5   5  -1  -5   0   0  -5  -1  -2   0  -1   5    2   0   1   0   1   0   1   0   0  31   3   0   1   3   0   5   1   1   2  49  0.94 0.48
  261 V    -2   0  -3  -4  -2  -1  -2  -4  -2   3   2   1   4  -1  -4  -2  -1   3  -1   0    2   5   1   0   1   2   1   0   1  24  22  11  15   1   0   2   3   5   2   3  0.41 0.29
  262 D    -3  -5  -1   8  -7  -4   0  -3  -5  -7  -7  -4  -6  -7   0  -2  -4  -8  -6  -6    2   0   2  84   0   0   3   2   0   0   0   0   0   0   5   2   0   0   0   0  2.09 0.81
  263 V     0  -2  -4  -5   1  -2  -3  -3  -2   0   4  -3   1  -1   1  -2  -1  -4  -3   2   10   1   0   0   3   1   1   2   1   3  44   1   3   1   6   2   2   0   0  20  0.44 0.30
  264 F    -1  -3  -3  -5   4  -2  -4  -1   2  -3  -3  -2  -1   6  -5  -1  -3   2   5  -2    5   1   1   0   9   2   0   4   6   0   0   2   1  34   0   5   1   2  24   2  0.90 0.46
  265 A     1  -2   2   0  -4  -3  -3  -1  -1  -3  -4  -2  -4  -5  -3   5   3  -5  -3  -2    8   1  10   5   0   0   0   3   1   1   1   1   0   0   0  51  15   0   1   2  0.76 0.47
  266 R    -3   7   0  -2  -2  -1  -2  -1   1  -5  -5   2  -2  -5  -3  -2   0  -5  -4  -5    1  64   5   2   1   1   1   5   3   0   0   9   1   0   1   1   5   0   0   0  1.23 0.57
  267 F    -1   5  -2  -2  -3   2   2  -3  -2  -3  -3   4   0  -3  -4  -2  -2   3  -2  -3    3  30   1   1   1   8  12   1   1   1   2  24   3   1   0   2   1   5   1   1  0.62 0.37
  268 I    -2  -5  -3  -5   0  -5  -5  -4  -5   6   0  -3   0  -2   0  -4  -2  -5  -4   4    1   0   1   0   2   0   0   1   0  49   4   1   1   1   6   0   1   0   0  31  1.01 0.49
  269 V    -2  -4  -5  -4  -3  -4  -4  -4  -5   3   1  -3  -1  -2   0  -3  -2  -2  -3   5    2   1   0   1   0   0   0   1   0  18  12   2   1   1   5   1   1   1   0  54  0.88 0.46
  270 G     1  -4  -4  -5  -6  -5  -4   7  -3  -7  -7  -4  -6  -6  -4  -1  -3  -6  -6  -5   12   1   0   0   0   0   1  76   1   0   0   1   0   0   1   5   1   0   0   1  1.76 0.75
  271 W    -5  -2  -7  -7  -3  -6  -4  -4   0  -5  -4  -6  -4   1  -5  -5  -2  12   5  -5    1   2   0   0   1   0   2   1   3   1   1   0   0   4   1   1   2  63  16   1  2.97 1.08
  272 K     3   2  -1  -2  -3   1  -1  -2   1  -4  -4  -1  -4  -4  -3   4  -1  -5  -3  -3   27  10   2   2   0   5   3   2   3   1   1   3   0   0   1  35   3   0   0   1  0.60 0.43
  273 V    -1  -3  -3  -5   0  -3  -4  -4  -3   2   2  -4   6   1  -4  -1   1  -1  -2   2    5   1   1   0   2   0   1   1   0  12  17   0  25   7   0   5   8   1   1  14  0.58 0.37
  274 S     3  -1  -2   2  -4  -1  -2   2  -1  -5  -4  -2  -2  -5  -3   4  -1  -5  -4  -4   22   3   1  10   0   2   2  15   1   0   1   1   1   0   1  37   1   0   0   0  0.66 0.45
  275 S     0   1   0   3  -3  -1   1   0   0  -3  -3   1  -2  -3   0   1   1  -3  -2  -3    8   9   4  16   0   1  10   7   2   1   1   8   1   0   4  13  11   0   1   1  0.25 0.21
  276 S    -2   4   1  -1  -3   0  -2  -3   6  -4  -4   0  -4  -3  -4   2   1  -3  -2  -3    1  27   6   3   0   4   1   2  18   1   1   4   0   1   0  17  10   0   1   2  0.69 0.44
  277 A     0  -2   0  -6  -2   0  -5  -6   0   1   2   0   8  -5   2  -5  -5  -6  -4  -3    7   2   4   0   1   4   0   0   3   6  15   5  40   0  11   0   0   0   0   1  1.15 0.63
  278 R    -1   3   1   4  -4  -1   0  -3   2  -4  -4   0  -4  -4   0   0   3  -5  -2  -4    4  16   6  20   0   1   6   2   5   0   1   6   0   1   5   5  18   0   2   0  0.49 0.35
  279 T     3   0  -2  -3  -4  -1  -1  -4  -2  -3  -3   0  -2  -3  -3   1   5  -6  -3  -1   25   6   2   1   0   3   4   0   1   1   3   5   1   1   1   8  34   0   1   4  0.63 0.45
  280 D     0   0   0   3   0   1   4  -2  -1  -5  -4   0  -4  -5   0   1   0  -3  -3  -3    8   4   3  15   2   5  29   3   1   0   1   5   0   0   4  10   5   0   1   2  0.47 0.35
  281 F    -2  -4  -4  -4  -5  -2  -5  -5  -4  -1   6  -4   1   1  -5  -3  -2  -5  -4  -2    4   1   1   1   0   2   0   1   0   3  69   1   3   5   1   2   3   0   0   2  1.19 0.61
  282 V     1  -5  -7  -7   1  -6  -6  -7  -7   1  -2  -6  -1  -6   1  -3   2  -7  -6   6   13   1   0   0   3   0   0   0   0   5   2   0   1   0   8   1  11   0   0  54  1.21 0.66
  283 L     0  -1  -1  -3   2  -1  -1  -2  -2   2   2  -1   1  -2  -3  -1   1  -1  -2   1    7   3   3   1   5   2   5   3   1  14  25   3   4   1   1   4   8   1   1  11  0.19 0.18
  284 D     1   1   1   5  -4   1   1  -2  -2  -3  -4   1  -2  -6  -3   0  -1  -6  -5  -3   10   8   7  30   0   7   8   3   1   2   1   8   1   0   1   7   4   0   0   1  0.52 0.36
  285 A     6  -3  -5  -6  -1  -5  -5  -4  -2  -6  -4  -4   1  -6  -1   0   1  -7  -6  -3   69   2   0   0   1   0   0   1   1   0   2   1   4   0   3   7   8   0   0   1  1.42 0.77
  286 L    -2  -3  -6  -7  -5  -3  -6  -7  -1   0   6  -6   1   2  -5  -3  -4   3  -4  -1    3   2   0   0   0   1   0   0   2   5  65   0   2   9   1   2   1   4   0   4  1.23 0.62
  287 E    -1   2   1   2  -5   2   3  -3   0  -3  -2   2  -1  -2  -2  -1   0   0  -2  -3    4  10   8  12   0   8  20   1   2   1   5  10   1   1   1   4   7   2   1   2  0.33 0.27
  288 Q    -1   1   1  -2  -3   4  -3  -4   0  -2  -2   2   8  -5  -2  -2  -3  -6  -2  -3    4   6   6   2   0  16   1   1   2   2   2  11  37   0   2   2   1   0   1   1  1.05 0.62
  289 A     7  -2  -6  -6  -5  -6  -3  -2  -6  -4  -6  -6  -1  -7  -5  -1  -3  -7  -7  -4   84   2   0   0   0   0   1   3   0   1   0   0   1   0   0   4   1   0   0   1  1.97 0.95
  290 L    -1  -1  -4  -5   1  -2  -4  -4  -2   3   3  -3   1   1  -2  -3  -2   1   1   2    6   3   1   0   3   1   1   1   1  16  28   1   3   6   2   2   1   2   4  17  0.41 0.26
  291 Y     1   2  -2  -2  -1   0  -1   0   2  -1  -1   0   0  -1  -3  -1  -1   7  -1  -1   15  10   1   2   2   5   4   7   5   4   5   5   2   3   1   4   3  16   2   5  0.35 0.22
  292 A     1   4   1  -1  -3   1  -1  -3   0  -3  -1   0  -2  -3  -2   1   1  -4  -2  -2   12  26   7   3   0   7   4   1   2   1   7   6   1   1   1  10   8   0   1   2  0.34 0.25
  293 R    -1   6   1  -2  -1   1   0  -1   0  -3  -2   1  -4  -4  -4  -1  -1   1  -2  -2    5  44   6   2   1   5   6   4   2   1   5   6   0   1   0   4   4   2   1   2  0.72 0.44
  294 R    -2   3   1   0  -1   2   0   1   2  -2  -2   1   0  -3   0   0  -1  -2   0  -3    2  19   7   6   1  10   4  10   5   2   3   9   2   1   5   5   4   1   3   1  0.24 0.20
  295 P    -1   3   0  -1  -2   0  -1   0   1  -1  -1   0  -2  -2   4  -1   0  -4  -1  -1    5  20   4   3   1   3   3   7   3   4   6   5   1   2  18   3   5   0   3   5  0.27 0.20
  296 V     1   0  -1   0  -2  -1   0   1   0  -1  -1   0  -1  -2   3   0   0  -3  -2  -1   14   6   3   5   1   2   6  12   3   4   5   5   1   1  14   5   7   0   1   5  0.14 0.12
  297 K    -2   2   0   0  -3   0   0   0   0  -1  -2   2  -3  -3   4  -1  -1  -4  -1  -2    2  11   4   5   0   5   5   8   2   4   5  11   1   1  25   3   4   0   2   3  0.38 0.26
  298 Q     0   0   1   1  -2   1   1   0   0  -2  -1   0  -2  -1   3   0   0   0   0  -1    7   6   6   7   1   7   8   7   2   2   6   5   1   2  16   6   4   1   4   4  0.16 0.12
  299 G     2   0  -1   2  -2   0   1   1  -1  -2  -3   0  -2  -2   2   1  -1  -3  -2  -2   17   4   3  11   1   4   7  11   1   2   2   7   1   1  11  10   3   0   1   3  0.20 0.14
  300 G    -2  -1   0  -1  -3  -1  -1   6  -2  -3  -4  -2  -4  -4   0  -1  -2  -4  -4  -3    3   4   4   4   1   3   5  56   1   2   2   2   0   1   5   4   3   0   1   2  0.93 0.44
  301 L     0  -5  -3  -6   2  -4  -3  -5  -6  -1   5  -4   0  -3  -2  -4   0  -3  -5   2    7   0   2   0   5   1   2   1   0   3  51   1   2   1   3   1   6   0   0  16  0.81 0.47
  302 I    -5  -4  -7  -7  -4  -6  -7  -8  -7   6   2  -6   2  -4  -2  -6  -3  -4  -5   3    0   1   0   0   0   0   0   0   0  50  20   0   5   0   2   0   2   0   0  18  1.41 0.66
  303 H    -4  -5  -6  -7   1  -2  -6  -4   7   1   1  -6   0   6  -3  -6  -4  -2  -2   0    2   0   0   0   3   2   0   1  29   8  12   0   2  31   1   0   1   1   0   7  1.34 0.66
  304 H    -8  -2  -5  -8 -10  -5  -7  -9  11 -10  -9  -7  -8  -8  -5  -3  -8  -1  -3 -10    0   2   0   0   0   0   0   0  93   0   0   0   0   0   1   2   0   1   0   0  4.10 1.52
  305 S    -1  -3  -4  -4  -6  -6  -6  -5  -4  -6  -8  -6  -7  -8  -3   7   3  -1  -7  -6    4   1   1   1   0   0   0   1   0   0   0   0   0   0   1  74  16   1   0   0  1.89 1.00
  306 D    -3  -3  -4   8  -1  -6  -3  -5  -7  -9  -9  -6  -9  -7  -5  -6  -6 -10  -6  -4    3   2   0  89   1   0   1   1   0   0   0   0   0   0   0   0   0   0   0   2  2.73 1.14
  307 R    -1   7  -4  -6  -6   4  -2  -6   3  -1  -4  -1  -2  -7  -7  -3  -6  -4  -6  -6    6  53   0   0   0  20   2   0   7   4   2   3   1   0   0   2   0   0   0   0  1.51 0.77
  308 G    -3  -3  -6  -5  -8  -7  -6   8  -8  -9  -5  -7  -8  -4  -8  -6  -7   1  -8  -8    2   2   0   0   0   0   0  91   0   0   2   0   0   1   0   0   0   2   0   0  2.54 1.06
  309 V     1  -2  -2  -5   2  -4  -5  -1  -4   0  -5  -4  -4  -3  -3   5   0   3  -3   2   12   3   2   0   4   0   0   4   0   5   0   0   0   1   1  44   6   4   1  13  0.78 0.54
  310 Q    -6  -2  -2  -6  -9   9   1  -4   0  -5  -7  -4  -6  -9  -3  -5  -1  -8  -7  -4    0   2   2   0   0  78   7   1   2   1   0   0   0   0   2   0   4   0   0   1  2.40 1.14
  311 Y    -4  -3  -8  -9   0  -8  -8  -6  -3  -5  -6  -8  -7   3  -9  -7  -8  -4  10  -7    1   2   0   0   2   0   0   1   0   1   0   0   0   8   0   0   0   0  84   0  3.25 1.30
  312 V     3   1  -3  -3   4   1  -5  -1  -2  -3  -2  -2  -2  -4  -6  -1   5  -1  -6  -1   20   8   1   2   7   7   0   4   1   1   4   2   1   1   0   3  33   1   0   5  0.66 0.52
  313 S     1  -3   0  -4   2  -2  -4  -2   2  -5  -7  -6  -1  -2  -6   6  -3   0  -3  -5   12   2   4   1   4   2   1   3   4   1   0   0   2   2   0  59   1   1   1   1  1.28 0.83
  314 I     0   1   1   0  -2   0   1  -1   2   0  -1   1  -1  -1  -1   0   0   1   1  -1    9   7   6   6   1   4   8   4   6   7   8  10   1   2   3   4   4   2   5   4  0.05 0.08
  315 R     2   2  -1   2  -2   1   2  -1   0  -2  -2   1  -2  -3  -3   0  -1  -5  -3  -2   18  12   2  14   1   5  14   4   2   2   4   6   1   1   1   6   3   0   1   3  0.26 0.26
  316 Y    -5  -4  -4  -4  -1  -4  -7  -8  -1  -2  -2  -7   0   6  -8  -3  -4   4   8  -3    1   1   1   1   1   1   0   0   2   3   4   0   2  32   0   2   1   5  40   2  1.79 0.89
  317 T     0   4  -2  -2  -2   4  -2  -1   0  -1  -3  -1  -1  -5  -4   0   2  -1  -2  -1    9  24   1   2   1  18   1   4   3   4   2   3   1   0   1   6  11   1   1   5  0.48 0.40
  318 E     1   2   1   2  -2   3   3  -2   1  -5  -3   2  -1  -4  -4  -1  -1  -5  -3  -3   10  10   6  12   1  12  17   3   3   0   2  11   1   1   0   4   4   0   1   2  0.37 0.31
  319 R     0   3  -2  -3  -1  -1  -1  -5   1   1   2  -1   0   1  -3  -2  -1   1   1   0   10  20   1   1   1   2   4   0   3   7  20   3   3   7   1   2   4   2   4   5  0.27 0.24
  320 L    -1  -6  -7  -7   5  -3  -6  -7  -3   0   6  -6   1  -2  -2  -4  -3  -6  -3  -1    5   0   0   0  10   1   0   0   1   5  61   0   3   1   2   1   2   0   1   4  1.24 0.65
  321 V     1   3   0   0  -1   1   1  -1   0  -2  -3   3  -2  -3  -4  -1   0   0  -3  -3   14  15   4   6   1   6  11   4   2   2   2  19   1   1   0   4   5   2   1   2  0.32 0.28
  322 E     1   3   0   2  -3   2   3  -2  -1  -4  -2   1  -3  -3  -3   1   0  -2  -3  -3   10  14   4  10   1   9  17   3   1   1   5   7   1   1   1   8   5   1   1   1  0.31 0.28
  323 A     2   0   2  -4  -1  -1  -1  -4   6  -3   0  -1  -1   1  -4  -2  -4   0   3  -3   16   4   9   0   2   3   4   1  20   1  10   4   2   7   1   3   1   1  11   2  0.54 0.39
  324 G    -4  -1   2  -1  -1   0  -2   6   0  -7  -5   1  -6  -3  -4  -2  -4  -2  -6  -4    1   4   8   4   1   5   3  55   3   0   1   7   0   1   1   3   1   1   0   1  1.12 0.63
  325 I     0  -6  -3  -6   0  -5  -6  -4  -3   5   2  -6   4   1  -4  -4  -3  -2  -4   3    7   0   1   0   2   0   0   2   1  36  16   0  11   5   1   1   1   1   0  16  0.91 0.50
  326 E    -1   3  -2  -1  -2   1   0  -4  -2   2   0   1  -1  -4  -2  -1   2  -3  -3   2    4  15   1   3   1   7   6   1   1  10   8   9   1   0   1   3  15   0   1  13  0.26 0.25
  327 P     1   2  -3  -5   3   5  -3  -1   1  -2  -2  -3  -3  -4   3  -1  -2  -6  -4  -2   12  10   1   0   6  28   1   6   3   3   5   1   1   1  15   4   2   0   1   3  0.63 0.47
  328 S    -3  -3  -3  -6  -6  -5  -6  -4  -6  -4  -7  -6  -6  -7  -6   8  -4  -7  -3  -7    1   1   1   0   0   0   0   1   0   1   0   0   0   0   0  91   0   0   1   0  2.46 1.21
  329 V    -4  -5  -4  -7  -1  -5  -4  -7  -3   0  -1  -6  10   0  -6  -5  -1   0   0   1    1   1   1   0   1   0   1   0   1   5   4   0  60   4   0   1   4   1   3  10  2.01 0.91
  330 G    -2  -3  -1  -3  -6  -5  -5   4  -5  -4  -7  -5  -6  -6  -5   6  -3  -7  -6  -6    2   1   3   1   0   0   0  30   0   1   0   0   0   0   0  58   1   0   0   0  1.56 0.83
  331 S     0   7  -2  -3  -4  -2  -3  -2  -2  -6  -5   0  -3  -5  -5   1   0  -6  -4  -6    8  55   1   1   0   1   2   3   1   0   1   5   1   1   0  12   6   0   1   0  1.27 0.68
  332 V    -1   2  -4  -4  -3  -2  -3  -4  -4  -1  -3   5  -3  -5   0  -2   2  -5  -4   3    6  12   0   1   0   1   0   1   0   3   2  35   0   0   5   2  11   0   0  20  0.69 0.45
  333 G     0  -3  -5  -3  -3  -5  -4   7  -6  -6  -6  -4  -6  -6  -6  -3  -5  -3  -3  -5    7   1   0   1   1   0   1  82   0   0   1   1   0   0   0   2   0   0   1   1  2.03 0.84
  334 D    -3  -3   6   4   3  -1  -1  -4   0  -2  -4  -2  -3  -5  -4   1  -1  -5  -1  -2    2   1  37  21   7   2   3   0   2   2   1   2   1   0   1   8   4   0   2   3  0.89 0.50
  335 S     0  -6  -5  -6  10  -5  -6  -4  -3  -5  -5  -5  -3  -6   4   2  -3  -3  -4  -3    7   0   0   0  51   0   0   1   1   0   1   0   1   0  17  15   1   0   1   1  2.01 0.84
  336 Y    -2  -2  -2  -5  -3  -4  -5  -2   1  -4  -1  -5  -5   1  -3  -4  -2   9   7  -4    4   2   2   1   1   1   0   3   3   1   7   0   0   6   2   1   3  26  38   1  1.67 0.74
  337 D    -4  -6  -2   8  -7  -3  -2  -4  -2  -7  -7  -4  -7  -7  -6  -5  -5  -7  -6  -5    2   0   1  88   0   1   2   1   1   0   1   1   0   0   0   0   0   0   0   1  2.61 1.04
  338 N    -6  -5   9  -3  -6  -5  -5  -4  -2  -3  -7  -4  -6  -4  -6  -4  -4  -7  -6  -6    1   0  88   1   0   0   0   1   1   2   1   1   0   1   0   0   1   0   0   0  2.76 1.06
  339 A     7  -5  -5  -6  -2  -5  -5  -2  -6  -5  -6  -5  -5  -3  -4   0  -3  -6  -6  -4   85   0   0   0   1   0   0   3   0   0   0   0   0   1   1   5   1   0   0   1  1.92 0.87
  340 L     1  -3  -4  -5   3  -2  -2  -4   0  -1   1  -3   3  -1   2  -3  -2   0  -1   4   13   1   0   0   5   2   2   1   3   2  14   1   8   2  11   1   2   2   2  29  0.43 0.31
  341 A     5  -5  -5  -6   2  -3  -5  -4  -5   1  -3  -4   7  -5  -5  -1  -2  -6  -5   1   48   0   0   0   3   1   0   0   0   7   2   1  24   0   0   3   2   0   0   8  1.19 0.61
  342 E    -5  -3  -5  -3  -7  -2   8  -5  -5  -7  -7  -3  -6  -7  -6  -5  -3  -7  -6  -6    1   1   0   0   0   1  91   1   0   0   0   1   0   0   0   0   2   0   0   0  2.50 1.03
  343 T     0   0   0  -3  -2  -4  -4  -3  -3  -4  -6  -4  -5  -6  -4   6   1  -6  -5  -5    7   6   4   1   1   0   0   2   0   1   0   0   0   0   1  69   8   0   0   0  1.42 0.73
  344 I    -4  -6  -6  -7  -2  -4  -6  -5  -5   0  -1  -6  -2   9  -7  -5  -1   1  -1  -1    2   0   0   0   1   1   0   1   0   4   4   0   1  71   0   1   4   2   1   5  2.04 0.79
  345 N    -6  -4   2  -4  -6  -6  -6  -6   3   0  -3  -6   0   8  -3  -6  -6   6   0  -4    0   1  10   1   0   0   0   0   7   5   1   0   2  57   2   0   0  10   2   1  1.82 0.75
  346 G     3  -1  -1  -3  -3  -1  -2   4   3  -5  -4   2  -3  -5  -4   2  -3  -3  -3  -4   23   3   2   1   0   2   1  27   7   0   1  11   0   0   0  18   0   0   0   0  0.63 0.39
  347 L    -1   0  -2  -4  -2  -2  -4  -3  -1   0   1  -3  -2  -4  -4   3   5  -5  -3  -2    3   5   2   0   1   2   0   1   2   4  17   1   0   0   0  21  38   0   1   2  0.68 0.46
  348 Y    -4  -5  -6  -6  -5  -5  -6  -6  -5   1   5  -6   3   3  -2  -5  -5  -4   3  -2    0   0   0   0   0   0   0   0   0   7  59   0   7  10   2   1   0   0  10   2  1.20 0.56
  349 K    -5   0  -4  -5  -7   0  -2  -6  -5  -7  -7   8  -6  -7  -6  -5  -4  -7  -6  -7    1   3   0   0   0   4   2   0   0   0   0  88   0   0   0   0   1   0   0   0  2.41 0.96
  350 A     1   3   1  -3   1  -1  -2  -2   0  -2  -3   1  -1  -3  -3   0   3  -3  -1   0   12  15   7   0   4   2   1   3   2   2   1  10   1   1   1   7  22   0   2   7  0.30 0.25
  351 E    -4  -4  -3  -2  -8  -2   8  -5  -3  -7  -7  -4  -6  -7  -6  -3  -5  -7  -6  -7    1   1   1   2   0   1  89   1   1   0   0   0   0   0   0   2   0   0   0   0  2.41 1.00
  352 V    -2   0  -4  -4   3  -2   0  -4  -1   0   3  -3   2   1  -4  -3   0   4  -1   1    3   6   0   1   7   1   8   1   1   4  36   0   5   5   1   1   5   6   1   8  0.44 0.30
  353 I    -2  -4  -5  -5  -3  -5  -5  -2  -4   5   2  -5   1   0  -4  -4  -1  -3   1   4    3   1   0   1   0   0   1   3   0  29  20   0   3   3   1   0   3   0   4  27  0.76 0.39
  354 H    -2   2   1   1  -1  -1   0  -2   6  -5  -4   0  -3  -2  -2  -1  -3   2   5  -5    3   9   6   8   1   3   5   4  21   0   1   5   1   1   2   5   1   3  20   0  0.70 0.41
  355 R    -1   4   0   0  -3   1  -1   1   3  -3  -1   0  -2  -2  -1  -2   0   2  -1  -3    4  26   5   4   0   7   3  12   8   1   7   4   1   2   3   1   6   3   1   1  0.35 0.27
  356 R    -2   4   0  -1  -1   2   1  -2   2  -3  -3   2  -1  -1  -3  -2   0  -2  -1  -1    3  28   4   2   2   8  10   4   6   1   2  10   2   3   1   2   6   1   2   4  0.40 0.29
  357 S    -1   3  -1  -1  -3   0   0   2   2  -1  -2   2  -2  -2   1   0   1  -3  -2  -1    4  15   3   4   0   3   4  14   5   5   2  11   0   1   7   7   8   0   1   5  0.18 0.17
  358 W    -7  -1  -7  -7  -7  -4  -6  -5  -3  -4  -3  -6  -3   7  -3  -6  -6   8   6  -5    0   4   0   0   0   1   0   1   1   1   3   0   1  36   2   0   0  22  27   0  2.11 0.87
  359 P     1   2  -1   0  -2   1   1  -2   0  -2  -2   2  -1  -3   2   0   0  -2  -1  -2   14  12   2   4   1   5   8   3   3   2   3  14   1   1   9   7   6   1   3   2  0.21 0.19
  360 T    -4  -4   3   1  -3  -5  -4  -1  -3  -5  -6  -4  -6  -7  -2   3   6  -7  -5  -5    1   1  13   8   1   0   0   4   1   0   0   0   0   0   2  22  45   0   0   0  1.21 0.68
  361 R    -3   5  -3  -3  -3  -1  -1  -3   3   1   0   1   0   1  -2  -3  -3  -1   0   0    2  34   1   1   0   3   3   3   7   8  11   7   2   6   2   1   1   1   3   6  0.52 0.34
  362 G     2   1  -1   3  -5   1   4  -1   0  -4  -3   0  -3  -4  -4   0  -1   1  -3  -3   15   8   3  13   0   7  24   4   2   1   2   6   0   1   0   5   4   2   1   2  0.40 0.31
  363 A     0  -1  -2   3  -6   4   5  -4   2  -4  -5  -2  -1  -6  -5  -2  -1  -6  -4  -4   10   3   2  13   0  17  37   1   4   1   1   2   2   0   0   2   3   0   1   1  0.88 0.53
  364 V     5  -6  -6  -6   0  -5  -6  -4  -6  -2   2  -5   2  -2  -5  -3  -2  -6  -4   2   52   0   0   0   2   0   0   1   0   1  21   0   5   2   0   1   2   0   0  13  1.09 0.61
  365 E    -1   5  -2  -2  -3   0   3  -5   2  -1  -5   3  -1  -4  -5  -3  -2   1  -1  -3    4  33   2   2   1   4  17   1   4   4   1  15   2   1   0   2   3   2   2   2  0.76 0.46
  366 L     1   2   0  -1  -2   2   0  -3   1   0   1   0   0   0  -3   0   1  -1  -1  -1   14  11   4   3   1  10   4   1   3   5  14   5   2   3   1   7   8   1   2   2  0.11 0.15
  367 E     4  -2  -2   2  -3  -1   3  -2  -1  -3  -3  -2  -2  -5  -5   1  -1  -5  -4  -2   36   2   1  12   0   2  18   3   2   1   3   2   1   0   0   9   3   0   1   3  0.58 0.41
  368 T    -3  -5  -6  -7  -2  -5  -7  -7  -7   6   2  -6  -1  -5  -6  -5   2  -7  -4   4    1   0   0   0   1   0   0   0   0  41  15   0   1   0   0   1  14   0   0  24  1.25 0.60
  369 L     1  -1  -3  -1  -3  -3  -2  -2  -2  -1   0  -3  -1   7  -4  -2  -1  -2   0  -1   11   4   2   3   0   1   3   3   1   3   9   2   1  44   1   3   4   0   2   4  0.81 0.44
  370 K    -1   1   1   3  -4   1   5  -2   1  -4  -5  -1  -4  -3  -4  -1  -1  -2  -3  -5    5   9   7  17   0   6  33   4   3   1   0   4   0   1   0   4   3   1   1   1  0.66 0.42
  371 W    -7  -7  -8  -6  -5  -7  -8  -8  -2  -7  -6  -6  -7   3  -8  -6  -7   9   9  -7    0   0   0   1   0   0   0   0   1   0   1   1   0   9   0   1   0  24  61   0  3.03 1.18
  372 V    -4  -7  -7  -7  -2  -7  -6  -7  -7   7   0  -7   1  -3  -6  -7  -4  -7  -5   3    1   0   0   0   1   0   1   0   0  66   7   0   3   1   0   0   1   0   0  17  1.90 0.78
  373 D    -2  -1   0   3  -7  -2   6  -2   3  -5  -5  -2  -3  -6  -5  -2  -1  -2  -2  -5    4   3   4  15   0   1  49   3   6   1   1   2   1   0   0   3   3   1   1   1  1.08 0.59
  374 W    -5   0  -7  -5  -4  -5  -7  -6  -1  -4  -4  -7  -3   7  -7  -6  -4   9   5  -1    1   6   0   1   0   0   0   1   1   1   1   0   1  38   0   0   1  27  16   4  2.09 0.86
  375 F    -7  -7  -7  -8  -3  -7  -7  -8  -2  -7  -6  -7  -6   3  -8  -7  -6   1  10  -7    0   0   0   0   1   0   0   0   1   0   0   0   0  11   0   0   0   2  82   0  3.26 1.23
  376 N    -7  -6   9  -4  -8  -6  -6  -6   0  -8  -8  -6  -7  -8  -7  -5  -4  -8  -2  -8    0   0  92   1   0   0   0   0   2   0   0   0   0   0   0   0   1   0   2   0  3.19 1.23
  377 H    -2   5   2  -3  -4   0  -1  -4   4  -4  -4  -1  -4  -4   1   0   2  -3  -2  -3    3  32   8   1   0   4   3   1  10   1   2   3   0   0   7   6  14   0   1   2  0.68 0.42
  378 R    -2   5  -1  -2  -2   3   1  -4   1  -2  -4   4  -3  -4  -4  -3  -1  -2  -3   0    3  26   2   3   1  12   9   1   3   3   1  21   0   1   1   1   4   1   1   6  0.64 0.40
  379 R    -7   9  -6  -7  -9  -4  -6  -7  -6  -8  -8  -3  -7  -8  -8  -7  -7  -4  -7  -8    0  96   0   0   0   0   0   0   0   0   0   1   0   0   0   0   0   0   0   0  3.28 1.25
  380 L    -5   5  -5  -6  -5  -4  -5  -5  -4   3   4  -1   0  -3   1  -4  -4  -6  -3  -3    0  28   0   0   0   1   0   1   0  16  36   3   2   1   7   1   1   0   1   1  0.96 0.52
  381 L    -7  -3  -4  -7  -8   1  -5  -8  11  -8  -2  -2  -4  -6  -6  -7  -7  -8  -3  -8    0   1   1   0   0   7   0   0  79   0   6   3   0   0   0   0   0   0   1   0  3.30 1.22
  382 E    -1  -3  -4  -4  -6   0   1   0  -3  -6  -5  -1  -4  -7  -4   6   0  -7  -6  -5    4   1   0   1   0   4   8   7   1   0   1   3   0   0   1  64   4   0   0   1  1.29 0.72
  383 P     3   1  -3  -4  -4  -3  -2  -1   1  -4  -5   0  -4  -2   0   3   2   0   1  -3   24   8   1   0   0   0   2   4   3   1   0   6   0   2   4  24  14   1   5   1  0.49 0.38
  384 I    -4  -6   2  -6   1  -6  -7  -7  -5   4   5  -6  -3  -2  -5  -5  -3  -4  -5  -2    1   0   9   0   3   0   0   0   0  19  60   0   0   1   1   1   1   0   0   2  1.33 0.62
  385 G    -3  -4   2   2  -4  -4  -4   7  -3  -9  -7  -2  -6  -8  -7  -5  -6  -8  -8  -8    1   1   9  10   0   1   1  71   1   0   0   3   0   0   0   0   0   0   0   0  1.83 0.80
  386 H    -5  -3   2   0  -3  -2  -6   1   2  -7  -4  -5   1   0  -8  -6  -6   2   8  -6    0   2   9   6   1   2   0  10   4   0   2   0   4   2   0   0   0   2  54   0  1.71 0.80
  387 I    -3   2  -3  -5   0   1  -4  -6  -1   2   4   0   3  -3  -5  -5  -2  -6  -4   2    1  10   1   0   2   7   1   0   1   9  38   7   6   0   0   0   2   0   0  14  0.63 0.39
  388 P    -1  -5  -3  -6  -2  -5  -5  -6  -6  -6  -7  -5  -6  -6   4   5   4  -8  -7  -5    4   0   1   0   1   0   0   0   0   0   0   0   0   0  18  48  27   0   0   0  1.51 0.81
  389 P    -6  -6  -8  -8  -9  -7  -7  -8  -8  -4  -8  -7  -9 -10   9  -7  -6 -10  -9  -8    0   0   0   0   0   0   0   0   0   1   0   0   0   0  97   0   0   0   0   0  3.55 1.37
  390 V     3  -2   2   0  -2  -1   0  -3  -2   1  -1  -2   1  -3  -4  -2  -1  -4  -3   3   24   1  10   5   1   2   7   1   1   8   6   2   3   1   0   2   3   0   1  22  0.32 0.27
  391 E     0  -2  -1   1  -5   4   6  -5  -2  -5  -6  -1  -3  -7  -5  -3  -2  -7  -6  -4    9   2   3   7   0  18  49   1   1   0   1   3   1   0   0   1   3   0   0   2  1.18 0.64
  392 A     0  -6  -7  -7  -4  -6  -7  -7   1  -3  -3  -3  -2   7  -7  -5  -2   0   7  -1    9   0   0   0   0   0   0   0   3   1   2   2   1  41   0   1   2   1  33   4  1.69 0.74
  393 E    -4   1  -4  -3  -8  -3   8  -7  -1  -8  -5  -4  -2  -8  -6  -4  -5  -4  -4  -6    1   7   0   1   0   1  84   0   1   0   1   0   1   0   0   1   0   0   1   0  2.26 1.00
  394 A     2   2   2  -1  -3   3   1  -3  -1  -4  -3   2   1  -4  -4  -1   0  -4  -3  -4   19  11  11   4   0  15  10   1   1   0   2  10   4   0   0   3   7   0   1   0  0.42 0.32
  395 I     2   2   1  -1  -3   3   0  -3   0   0   1   0   0  -3  -3  -1  -1  -3  -3  -2   17  14   6   4   1  15   5   1   2   5  15   5   3   1   0   3   3   0   0   1  0.24 0.23
  396 Y    -4  -4  -1  -5  -6  -4  -5  -6   6  -3  -2  -5  -1   3  -5  -4  -2   5   8  -4    2   1   3   1   0   1   0   0  18   1   3   0   1  11   0   1   2   8  45   1  1.66 0.68
  397 Y    -1   1  -1  -3  -3   1  -2  -5   4  -3  -2  -2  -3   2  -3  -1  -1   4   6  -4    5   8   4   2   0   6   2   0   9   2   4   2   0   8   1   4   4   5  34   0  0.76 0.41
  398 Q     2   3  -1  -1  -2   4   1  -2   2  -3  -2   0  -1  -5  -2   0   0  -5  -4  -2   22  15   2   3   1  18   8   2   5   1   4   4   1   0   2   5   6   0   0   2  0.37 0.29
  399 Q     1   1   1  -1  -4   4   1  -2   1  -4  -4   0   0  -5  -1   1   1  -5  -2  -3   11   7   8   3   0  22   9   1   3   0   1   6   2   0   2  12  11   0   1   1  0.39 0.29
  400 L    -1   0  -1  -3  -3   3   0  -3   1   1   2  -1   1  -2   1   0   1  -4  -2  -1    5   4   2   0   0  17   4   1   4   7  25   3   3   1   6   5   8   0   1   3  0.21 0.21
  401 T     2   0   2   0  -3   1   2  -1  -2  -1  -2   0  -2  -4  -1   1   2  -4  -4  -2   20   4  10   5   0   5  12   3   0   3   3   6   1   0   3   8  15   0   0   1  0.23 0.20
  402 E     2   0  -1   0  -3   2   1  -1  -1  -2  -2   1  -3  -4   1   0   2  -4  -3  -2   16   4   3   4   0  12  11   3   1   2   3   9   0   0   6   4  18   0   0   2  0.25 0.21
  403 S     3  -2  -2  -2  -2   1  -1  -3  -1  -2  -1  -1  -1  -3   4   1   1  -5  -4   0   28   2   1   1   0   6   4   1   1   1   7   2   1   0  18  10   8   0   0   8  0.37 0.26
  404 A     5  -3  -2  -1  -4   0  -1  -2  -2  -3  -4  -1  -4  -5   1   0   1  -6  -5  -3   58   1   2   3   0   4   3   2   1   1   1   4   0   0   7   5  10   0   0   1  0.78 0.43
  405 Q    -1   1  -2  -2  -4   3   2  -2   1  -1   1   1   3  -3   0   0  -1  -4  -1  -1    3   7   0   1   0  18  12   1   4   3  13  10  10   0   4   7   4   0   1   3  0.22 0.18
  406 V     5  -4  -4  -4  -3  -2  -3  -2  -4  -1  -2  -1  -3  -4  -2  -1  -1  -5  -4   2   64   0   0   0   0   1   1   1   0   3   1   4   0   0   2   3   3   0   0  17  0.87 0.40
  407 A     7  -4  -5  -5  -3  -4  -4  -3  -5  -4  -5  -4  -4  -5  -4  -2  -3  -6  -5  -3  100   0   0   0   0   0   0   0   0   0   0   0   0   0   0   0   0   0   0   0  1.90 0.60

                      K         Lambda
Standard Ungapped    0.1343     0.3200
Standard Gapped      0.0410     0.2670
PSI Ungapped         0.1340     0.3174
PSI Gapped           0.0410     0.2670
