
Last position-specific scoring matrix computed, weighted observed percentages rounded down, information per position, and relative weight of gapless real matches to pseudocounts
            A   R   N   D   C   Q   E   G   H   I   L   K   M   F   P   S   T   W   Y   V   A   R   N   D   C   Q   E   G   H   I   L   K   M   F   P   S   T   W   Y   V
    1 M    -8  -8  -9 -10  -8  -7  -9 -10  -8  -6  -5  -8  12  -7  -9  -8  -7  -8  -8  -6    0   0   0   0   0   0   0   0   0   0   0   0 100   0   0   0   0   0   0   0  4.51 1.52
    2 L    -6  -6  -7  -8  -7  -6  -5  -8  -5   7   2  -2   5   1  -7  -6  -3  -7  -4   0    0   0   0   0   0   0   1   0   0  52  18   3  11   6   0   0   1   0   1   6  1.55 0.68
    3 K    -5   4  -3  -1  -9   2   2  -7  -2  -9  -8   7  -6  -9  -7  -3  -3  -9  -8  -8    1  18   1   3   0   8  11   0   1   0   0  52   0   0   0   2   1   0   0   0  1.59 0.77
    4 A     7  -8  -8  -8  -4  -7  -8   2  -6  -7  -2  -7  -6  -7  -8  -4  -1  -9  -4  -5   75   0   0   0   0   0   0  13   0   0   4   0   0   0   0   1   4   0   1   1  1.95 0.92
    5 I    -2  -9  -9 -10  -4  -9  -9 -10  -9   4   0  -9  -3   1  -9  -8  -7  -9  -6   7    3   0   0   0   0   0   0   0   0  21  10   0   1   5   0   0   0   0   0  60  1.87 0.80
    6 V    -6 -10 -10 -10  -5  -9 -10 -10 -10   8   1  -9  -5  -3  -9  -9  -7  -9  -8   3    1   0   0   0   0   0   0   0   0  69  14   0   0   1   0   0   0   0   0  15  2.33 0.93
    7 M   -10 -11 -11 -11  -4 -11 -11 -11  -9  -7  -5 -11  -3  10 -12  -8 -10   1  -2  -7    0   0   0   0   1   0   0   0   0   0   1   0   1  94   0   0   0   2   1   0  3.78 1.39
    8 D   -10 -10  -6   9 -12  -8  -6  -9  -9 -11 -12  -9 -11 -12  -9  -8  -9 -12 -11 -11    0   0   0 100   0   0   0   0   0   0   0   0   0   0   0   0   0   0   0   0  3.74 1.46
    9 F    -8  -9  -5 -11  -5  -6 -10 -10  -3  -6   0  -8  10   5 -10  -8  -8  -4  -7  -5    0   0   1   0   0   0   0   0   1   0   9   0  64  22   0   0   0   0   0   1  3.06 1.24
   10 D   -10 -10  -4   9 -12  -8  -6  -6  -9 -11 -12  -9 -11 -12  -9  -8  -9 -12 -11 -11    0   0   1  99   0   0   0   1   0   0   0   0   0   0   0   0   0   0   0   0  3.65 1.44
   11 G    -7 -10  -7  -6 -10  -9  -8   8 -10 -12 -11  -9 -10 -11 -10  -8  -9 -10 -11 -11    0   0   0   1   0   0   0  99   0   0   0   0   0   0   0   0   0   0   0   0  3.27 1.31
   12 I    -6  -8  -9  -9  -7  -8  -9  -9  -9  -1   5  -8  -5  -7  -9  -7   3  -9  -7   6    0   0   0   0   0   0   0   0   0   3  41   0   0   0   0   0  14   0   0  42  1.70 0.80
   13 V    -8  -9 -10 -10  -8  -8  -9 -10  -9   6   5  -9   6  -6  -9  -9  -6  -8  -8  -1    0   0   0   0   0   0   0   0   0  37  42   0  17   0   0   0   0   0   0   4  1.97 0.84
   14 I    -2  -7  -9  -9  -4  -8  -8  -9  -6   5   2  -8  -2   5  -8  -6  -4  -5  -4   4    3   0   0   0   0   0   0   0   0  27  18   0   1  19   0   0   1   0   0  28  1.36 0.63
   15 D    -7  -9   1   9 -11  -8  -3  -9  -9 -11 -10  -8 -11 -11  -9  -8  -9 -12  -7 -11    0   0   5  92   0   0   2   0   0   0   0   0   0   0   0   0   0   0   0   0  3.28 1.36
   16 T    -6  -8  -3  -6  -8  -8  -8  -6  -9  -9  -9  -8  -8 -10  -8   5   7 -10  -9  -8    0   0   1   0   0   0   0   0   0   0   0   0   0   0   0  43  55   0   0   0  2.35 1.16
   17 E    -5  -5  -6  -5 -11  -3   8  -6  -8  -8  -7  -7  -4  -6  -6  -5  -6 -10  -7  -8    1   0   0   0   0   1  91   1   0   0   1   0   1   1   0   1   0   0   0   0  2.87 1.31
   18 V    -2   4  -3  -3  -5  -2  -2  -4  -2  -2  -4   0  -1  -5   5   0   2   1  -2  -3    4  20   1   2   0   2   3   2   1   3   2   6   1   0  28   6  13   2   1   2  0.75 0.49
   19 V     0  -6  -5  -6  -3  -4  -5  -5  -1   4   3  -5   1   0   2  -4  -2  -2   1   2    7   0   1   0   1   1   1   1   2  19  29   0   3   3  10   1   2   1   5  12  0.64 0.38
   20 W     0  -4  -3  -2  -1  -1  -1  -2   7  -1  -4  -4  -2  -1  -7   0  -3   7   5  -2    7   1   2   3   2   2   5   3  22   4   2   1   1   3   0   8   1  12  18   4  0.97 0.54
   21 Y    -2   1  -2  -3   0   0  -3  -4   1   0   0   0   2   4  -5  -3  -3  -1   5  -1    4   7   2   2   2   5   2   1   3   4  10   6   4  18   0   2   2   1  21   4  0.58 0.35
   22 E    -1   2  -2   1  -5   3   4  -5   0  -2  -2   3  -2  -6  -4  -2  -2  -1  -3  -4    6  11   2   7   0  14  25   1   2   2   5  14   1   0   1   2   2   1   1   1  0.58 0.40
   23 I     5  -5  -5  -6   3  -3  -3  -1  -3   1  -3  -6  -1  -2  -6   2   0  -4  -4   1   41   1   0   0   5   1   2   5   1   7   3   0   1   2   0  15   5   0   1  10  0.76 0.48
   24 F    -2  -5  -1  -1  -2  -3   1  -5  -2  -2  -1  -4   1   3  -8  -4  -2  10   3  -3    3   1   3   4   1   1   8   1   1   2   6   1   3  10   0   2   3  39   8   2  1.62 0.76
   25 K    -1   3   0  -3   0   3   0  -3   0   0  -1   3   1  -1  -4  -1  -2  -3  -2  -1    4  15   4   1   2  15   6   2   2   6   6  16   3   3   1   3   3   0   1   5  0.33 0.25
   26 E    -1   2  -2   2  -6   3   5  -4   0  -2  -4   2  -4  -5  -4  -1  -3  -6  -3  -4    6  10   2  10   0  10  31   2   2   3   2  12   0   0   1   4   2   0   1   1  0.68 0.42
   27 W     2  -5  -4  -6  -4  -4  -4  -6  -3   3   1  -5   3   0  -6  -3   1   2   0   3   18   0   1   0   0   1   1   0   1  15  13   0   7   4   0   2   9   3   4  21  0.61 0.37
   28 F     2  -6  -5  -6   1  -6  -4  -2  -5   0   3  -6   2   5  -6  -4  -4  -4   4  -1   14   0   1   0   3   0   1   4   0   5  24   0   5  24   0   1   1   0  12   4  0.83 0.43
   29 K     1   3  -1  -1  -1   1   2   1   0  -3  -2   3  -1  -3  -3  -1  -2  -2  -2  -3   14  15   2   4   1   5  11   9   2   2   4  17   1   1   1   3   2   1   1   2  0.31 0.21
   30 T     2   0   1   0  -2   0   1  -2  -1  -2  -2   0  -1  -2  -1   2   0  -3  -2  -1   21   4   5   4   1   4  11   3   1   3   5   6   1   2   3  14   6   0   1   3  0.19 0.14
   31 K    -2   2  -2   1  -2   1   4  -2   1  -4  -2   3  -2  -2  -3  -3  -3  -4   0  -4    4  12   2   7   1   7  27   4   4   1   4  15   1   2   1   2   2   0   3   1  0.51 0.31
   32 Q    -3   0  -2  -4  -3   0  -3  -1   6  -2   1  -3   1   3  -6  -5  -4  -2   6  -1    2   4   2   1   1   4   2   5  16   3  15   1   4  12   0   1   1   0  22   4  0.78 0.42
   33 N    -5  -5   1  -1  -6  -2  -3   7  -2  -3  -5  -2  -5  -8  -5  -3  -6  -8  -6  -5    1   1   7   4   0   2   2  71   1   2   1   3   0   0   1   2   0   0   0   1  1.76 0.81
   34 Y     0  -2  -5  -5   0  -2  -3  -5   3   4   1  -1  -2   2  -3  -4  -3  -1   4   2    7   2   0   0   2   2   2   1   6  21  11   5   1   9   1   1   1   1  13  14  0.54 0.32
   35 D    -1  -2   0   3  -3  -1   4  -2   0  -3  -5   0  -5  -6   2   0   1  -7  -4  -3    5   2   5  18   1   3  25   3   2   2   1   6   0   0   8   7  10   0   1   2  0.52 0.37
   36 L    -4  -6  -5  -4  -4  -4  -6  -5  -4   3   4  -5   3   3  -3  -6  -4   1   1   2    1   0   1   1   0   1   1   1   0  16  36   1   7  12   2   0   1   2   5  12  0.87 0.45
   37 S    -2  -3   0   3  -5  -3  -1  -2  -3  -3  -5  -1  -3  -7   4   3   4  -8  -5  -5    3   1   4  14   0   1   4   3   1   2   1   3   1   0  19  18  25   0   0   1  0.78 0.51
   38 I    -1   0  -3   2  -5  -1   3  -4  -1   0   1   0   1   0   1  -2  -2   1   0  -1    4   6   1  13   0   2  19   1   1   5  15   5   3   5   6   2   2   2   3   4  0.23 0.21
   39 E     1  -2  -2   4  -8  -2   6  -4  -2  -6  -6  -1  -5  -8  -4   0  -2  -5  -4  -5   10   2   2  18   0   2  47   2   1   0   1   4   0   0   1   7   2   0   1   1  1.14 0.65
   40 E    -2  -1  -2   2  -4   0   2  -4   1   1   1  -2   1   1  -4  -3   0  -1   1   0    3   3   1  13   0   4  17   1   3   8  14   2   4   7   0   1   5   1   5   8  0.24 0.21
   41 F    -2  -4  -3  -6   1  -1  -6  -5   3   1   0  -3   0   4  -8  -5  -4   7   6   0    3   1   1   0   3   3   0   1   6   6  10   2   3  17   0   1   1  14  24   5  1.08 0.55
   42 L     1   1   0   0  -2   0   1  -2   2   0   1   1   1  -1  -3   0  -1   0   0  -1   14   8   4   4   1   5   8   2   5   5  13   9   3   2   1   5   4   1   3   4  0.08 0.10
   43 Q     0   2   0  -1  -6   3   0  -1   2  -5  -3   3  -2  -5  -1   1   0  -5  -3  -4    8  12   4   4   0  15   7   4   4   1   3  16   1   0   3  12   5   0   1   1  0.40 0.31
   44 C    -2  -4  -1  -6   6  -3  -5  -4  -1   2   1  -5   3   4  -7  -2   1  -1   3   1    3   1   3   0  13   1   0   2   1   9  11   0   6  17   0   3   9   1  10   8  0.66 0.37
   45 V    -2   1  -6  -7  -2  -3  -5  -7  -5   5   0  -4   3   0  -5  -4   0  -3  -2   4    4   7   0   0   1   1   1   0   0  31   9   1   6   4   0   1   5   0   1  26  0.87 0.46
   46 G    -5 -10  -6  -9  -6  -9 -10   8  -7 -11  -9  -9  -6 -11 -10  -3  -9 -10 -11  -8    1   0   0   0   0   0   0  96   0   0   0   0   0   0   0   2   0   0   0   0  3.06 1.26
   47 S    -1   3  -3  -5  -1  -1  -4  -1  -1   0   1   0   4  -4  -5   1   4  -5  -4   0    5  15   1   0   1   2   1   4   1   5  11   6   8   1   0   9  23   0   0   7  0.44 0.34
   48 N    -1   1   3  -1  -5  -2  -4   1  -1  -5  -6  -2  -6  -6   0   3   3  -4  -5  -5    5   8  15   4   0   2   0  10   2   0   0   3   0   0   6  24  20   0   0   1  0.67 0.46
   49 V     0   0   1   1  -3  -1   0   0   1   0  -1  -1   1   0   0   0   1  -1  -1   0    8   5   9   8   0   1   6   7   3   5   5   2   4   4   4   8   9   1   2   8  0.05 0.08
   50 D     1   1   0   2  -5   1   2  -2   0  -2  -2   2  -3   0   0  -1   0  -1  -1  -1   10   8   3  11   0   5  15   2   3   3   3  13   0   5   5   3   5   1   2   4  0.20 0.19
   51 D     0   0   0   5  -5  -1   3  -1   0  -3  -3  -1  -3  -2  -2  -1  -1  -3   1  -2    6   5   4  28   0   3  17   5   2   2   2   4   1   2   2   5   4   0   4   3  0.45 0.32
   52 L     0  -3  -1  -4   2  -3  -4  -2  -2   2   0  -3   4   1   1   0   2   1  -2   2    7   1   3   0   4   1   1   3   1  12   7   1  10   6   8   8  12   2   1  12  0.29 0.23
   53 F     0   1  -3  -3   0  -2  -1  -3   0   1   0  -1   1   3  -5  -3  -3   7   4   0    7   7   1   1   2   2   4   2   2   8   9   5   4  11   0   2   1  13  12   7  0.48 0.29
   54 R     1   2   0   2  -6   2   3  -2  -3  -3  -3   2  -2  -4  -1   0   0  -6  -5  -2   12  12   4   9   0   9  17   3   1   1   3  11   1   1   3   6   6   0   0   2  0.35 0.28
   55 E    -2   0  -2   0  -3  -1   0  -3   3   2   0   0   1   0  -4  -2  -1   1   4   0    3   6   2   6   0   2   7   2   7  13  10   5   3   3   1   3   4   2  14   6  0.22 0.19
   56 L    -4  -6  -7  -9  -3  -6  -8  -8  -5   3   5  -6   3   4  -7  -7  -5   3   0   1    2   0   0   0   0   0   0   0   0  14  46   0   7  14   0   0   1   3   3   7  1.23 0.59
   57 N     0   1  -1  -2   0   1   2  -3   0   1   0   3   0   0  -4  -1  -1  -3   0   0    7   8   2   2   2   5  13   1   2   9   9  18   2   4   0   3   3   0   3   5  0.21 0.19
   58 R     0   1   0   2  -6   2   4  -1  -1  -5  -6   2  -4  -7  -4   0  -2  -7  -3  -6    8   8   5  10   0   8  29   5   2   1   1  13   0   0   1   6   2   0   1   0  0.62 0.41
   59 T    -1   2  -1   0  -3   1   1  -3   3  -1   0   2   0  -2  -3  -2   0  -1   0  -1    6  13   2   5   1   7   9   2   7   4   9  15   2   2   1   2   5   1   3   3  0.20 0.18
   60 E    -2  -3  -3  -4  -2  -4  -3  -5   2  -1   1  -3  -1   5  -6  -4   0   0   6  -1    4   2   1   1   1   1   2   1   4   3  13   2   2  24   0   2   5   1  26   5  0.92 0.49
   61 Q    -2  -3   2   0  -5  -1  -2   6   1  -6  -5   0  -5  -5  -1  -1  -4  -5  -4  -5    3   2   9   5   0   4   3  53   4   1   2   5   0   1   4   4   1   0   1   1  1.06 0.57
   62 M    -1   0  -2   0  -3   0   1  -1   0   1   2   0  -1  -1   1  -1  -1   0  -2  -1    5   5   2   6   0   3   9   5   2   8  24   6   1   2   7   5   3   1   1   4  0.11 0.13
   63 D    -1  -1   1   4  -6  -1   2  -1   0  -5  -5   1  -5  -6   4   0   0  -4  -5  -4    6   3   5  21   0   3  12   4   2   1   1   8   0   0  19   8   5   0   0   1  0.58 0.39
   64 L     0  -3  -4  -1  -1  -1   0  -3  -1   2   1  -2   0   4  -3  -3  -2   0   0   2    7   1   1   4   1   3   8   2   2  11  15   3   2  20   2   1   2   1   3  12  0.34 0.24
   65 N    -2  -3   1   5  -5  -2   0  -3  -2  -5  -5  -2  -7  -6   4   2   1  -5  -5  -4    3   2   6  30   0   1   6   2   1   1   1   3   0   0  18  16   9   0   0   1  0.85 0.53
   66 R     0   2  -3  -3  -3  -2  -1  -4   0   2   0  -1  -1   1   1  -2  -2   2   3   2    7  12   1   1   0   1   4   1   2  11   8   4   1   7   8   2   2   2  10  14  0.22 0.19
   67 Q     0  -2   0   4  -8   1   5  -3  -1  -4  -4   0  -3  -5  -1  -3  -2  -4  -3  -3    7   2   4  18   0   7  39   2   1   1   2   6   1   1   3   2   2   0   1   2  0.84 0.52
   68 D     2   0  -2   2  -3   1   5  -3  -2  -3  -3   1  -3  -4  -4  -2  -1  -4  -2  -2   14   5   2  11   1   6  32   2   1   2   2   9   1   1   1   3   4   0   2   3  0.54 0.38
   69 F    -2  -6  -6  -6  -1  -6  -6  -6  -4   3   4  -5   1   5  -8  -5  -4   1   2   2    4   0   0   0   1   0   0   1   1  14  32   1   3  20   0   1   1   2   7  11  0.94 0.47
   70 E     0   3  -1  -1  -2   0   1  -3   2   1   1   0   1  -1  -5  -1  -2   0   0   0    7  18   3   4   1   3   8   2   6   8  12   6   4   3   0   4   2   1   3   6  0.17 0.16
   71 A     2   2  -1   1  -3   2   3  -3  -1  -2  -2   3  -3  -5  -3  -1  -1  -7  -5  -3   19   9   3   8   1   8  16   2   1   2   3  15   1   0   1   4   5   0   0   2  0.39 0.30
   72 E    -1   4  -2   0  -3   1   4  -4   0  -1  -1   2   1  -2  -6  -2  -1  -2   0  -2    6  19   1   5   1   5  23   1   2   3   7  12   3   2   0   2   3   1   3   2  0.44 0.32
   73 T    -1   4  -2  -4   0   0  -2  -4   1  -1  -2   3   0  -1  -6  -2   0   4   2   1    4  20   2   1   2   3   2   1   3   4   3  17   2   3   0   3   6   5   7   9  0.42 0.30
   74 Q    -3   4   0   0  -3   1   2  -4   2  -1  -2   1   0  -3  -4   0  -1  -1   0  -1    1  24   5   6   0   6  12   1   5   4   4   8   3   1   1   6   4   1   3   4  0.39 0.29
   75 A     2   2  -1   1  -4   2   3  -3  -2  -2  -3   2  -2  -4  -3  -1  -2  -5  -2  -1   16  10   3   7   0   8  21   2   1   2   2  11   1   1   1   5   2   0   2   4  0.39 0.31
   76 T    -1   3  -2  -2  -2  -1   0  -3   2   2   2   0   1  -1  -5  -2  -1  -2   2  -1    5  16   2   3   1   2   5   2   5  11  18   5   3   3   0   2   4   1   8   4  0.24 0.19
   77 F    -1  -1  -3  -3  -1  -2  -1  -5   2   0   0  -1   3   5  -6  -3  -3   1   5   0    5   4   1   1   1   1   5   1   5   5   8   4   6  19   0   1   2   2  21   8  0.63 0.37
   78 I    -1   2  -1  -1  -2   0   0  -2   1   2   1   0   1   1  -3  -2  -1   0   0   0    5  12   3   3   1   4   6   2   4  12  17   6   4   6   1   3   2   2   4   6  0.13 0.12
   79 E     0   1  -2   1  -5   1   5  -4  -2  -1  -2   1  -3  -3  -6   0  -2  -7  -1  -2    8   7   2   7   0   7  35   1   1   3   4   8   0   1   0   7   3   0   2   3  0.57 0.40
   80 N    -1   2   0   0  -3  -1   1  -3   1  -1   2   1   1  -1  -5  -2  -2  -2   2  -2    6  12   5   4   1   2   8   1   4   4  22   9   4   3   0   2   2   1   8   2  0.23 0.20
   81 S     1  -1  -1  -1  -2   0   1  -3  -1   2   1   0   2  -2  -3   0   1  -3   0   1   10   3   3   2   1   3   9   2   2  14  13   5   5   1   1   7   7   0   3   9  0.11 0.12
   82 K     0   2   1   1  -7   1   4   0   2  -5  -4   3  -4  -6  -3  -1  -2  -4  -3  -5    7   9   6   9   0   5  24   7   5   1   2  16   0   0   2   4   2   0   1   1  0.51 0.35
   83 S     0  -1   1   1  -5   1   2   4   0  -4  -4   0  -3  -5  -1   0   0  -7  -4  -5    7   3   6   7   0   5  12  31   2   1   2   6   1   1   3   6   6   0   1   1  0.47 0.32
   84 L    -2  -3  -4  -4  -3   0   0  -5  -3   4   3  -3   1   0  -3  -4  -2  -6  -1   3    4   1   1   1   0   4   6   1   1  19  26   2   4   3   1   1   2   0   2  20  0.56 0.33
   85 P    -1   0  -3   0  -6   1   2  -2  -4  -4  -5   2  -5  -7   6  -2  -1  -5  -6  -2    5   5   1   6   0   6  12   3   0   1   1  11   0   0  37   3   4   0   0   3  0.89 0.54
   86 A     0  -5  -7  -7  -3  -4  -3  -6  -4   1   4  -2   1  -3   4  -5  -2  -7  -4   2    9   1   0   0   1   1   2   0   1   8  32   3   3   1  20   1   2   0   1  15  0.76 0.45
   87 K    -4   3  -2  -6  -3  -3  -5  -7  -6   2   1   5   6   0  -5  -4  -4  -7  -3  -2    1  12   2   0   1   1   0   0   0  10  15  33  15   3   1   1   1   0   1   3  0.99 0.55
   88 E    -2  -4  -4   1  -9  -2   1  -7  -4  -8  -7   1  -7  -8   7  -2  -3  -9  -4  -7    4   1   1   7   0   2  10   0   0   0   0   9   0   0  58   3   2   0   1   0  1.70 0.87
   89 G    -5  -8  -4  -6  -6  -6  -5   8  -2 -11 -10  -9 -10  -4  -9  -7  -9 -10  -1  -9    1   0   1   1   0   0   1  91   1   0   0   0   0   1   0   0   0   0   2   0  2.76 1.17
   90 V     3  -8  -8  -9  -6  -8  -8  -8  -8   2   2  -8  -2  -1  -8  -5  -3  -5  -7   5   20   0   0   0   0   0   0   0   0  11  21   0   1   3   0   1   1   0   0  41  1.27 0.64
   91 E    -1   2  -3  -1  -2  -1   1  -3   1   1   1   1   1  -1  -1  -2  -1  -2   1   1    5  13   1   3   1   2  10   1   3   7  14  11   3   3   4   3   3   1   4  11  0.15 0.15
   92 S    -1  -2  -1   3  -9   0   6  -4  -2  -8  -6  -1  -5  -9  -1  -1  -2  -5  -6  -6    6   2   3  16   0   3  50   2   1   0   1   4   0   0   3   4   3   0   0   1  1.20 0.67
   93 F    -2  -5  -7  -9  -1  -7  -8  -9  -6   1   5  -7   0   2  -8  -5  -1   2   2  -1    4   1   0   0   1   0   0   0   0   8  57   0   2   8   0   1   4   2   7   4  1.25 0.61
   94 I    -5  -7 -10 -10  -8  -9  -9 -10  -7   4   6  -9   0   0  -9  -9  -7  -8  -7   1    1   0   0   0   0   0   0   0   0  21  66   0   2   3   0   0   0   0   0   7  1.85 0.82
   95 R     0   2   0   3  -6   2   4  -3   0  -3  -4   2  -4  -6  -4  -1  -1  -5  -4  -3    9   9   5  15   0   8  22   2   2   2   2  12   0   0   1   5   4   0   0   2  0.51 0.36
   96 E     1   1  -2   0  -3   0   2  -3   2  -3  -2  -1  -2   3  -6  -1   0   4   4  -3   12   6   2   4   1   5  12   2   4   1   4   4   1  10   0   4   5   6  16   1  0.41 0.30
   97 L     3  -8  -9  -9   1  -8  -8  -5  -8   0   6  -8  -2   1  -8  -6  -5  -5  -2  -1   21   0   0   0   3   0   0   1   0   4  60   0   1   5   0   0   0   0   1   4  1.41 0.70
   98 K    -2   4  -2   0  -3   1   0  -6   3  -5  -6   6  -4  -3  -7  -2  -4  -8  -1  -4    4  18   2   4   1   5   5   0   6   1   1  42   0   1   0   3   1   0   3   1  1.08 0.59
   99 E     2   2   1   1  -5   2   4  -1  -1  -5  -6   2  -5  -7  -5   1  -2  -7  -6  -3   15   9   6   8   0   7  22   5   1   1   1  12   0   0   0   9   2   0   0   2  0.51 0.37
  100 R     1   3   3  -3  -5   1   0  -4   3  -2   0   2   1  -4  -6  -1  -3  -5  -4  -4   12  17  14   1   0   6   6   1   6   2  10  14   4   1   0   4   1   0   0   1  0.47 0.34
  101 G    -3  -2   3   0  -8  -2  -2   6   1  -8  -8   0  -7  -6  -4  -3  -6  -8  -5  -8    2   3  14   5   0   2   3  57   3   0   0   6   0   0   1   2   0   0   0   0  1.42 0.69
  102 L    -5  -6  -7  -8  -1  -7  -7  -9  -5   5   3  -4   0   2  -8  -6  -4  -1   4   2    1   0   0   0   1   0   0   0   0  31  29   1   2   6   0   0   1   1  14  11  1.19 0.57
  103 K    -3   3  -5  -5  -5  -2  -4  -4  -1  -5  -2   6  -6  -7   5  -2  -2  -5  -7  -4    3  15   1   0   0   2   1   2   1   1   5  37   0   0  26   3   2   0   0   1  1.23 0.68
  104 L    -3   0  -7  -8   3  -4  -7  -8  -7   4   4  -1   4  -3  -7  -5   1  -4  -3   1    2   5   0   0   5   1   0   0   0  21  30   4  11   1   0   1   9   0   1  10  0.89 0.47
  105 A     6  -8  -8  -7   0  -7  -8   3  -8  -2  -7  -7  -4  -9  -8  -3  -5  -6  -6  -1   67   0   0   0   2   0   0  21   0   2   0   0   1   0   0   1   0   0   0   4  1.82 0.89
  106 L    -6  -9  -9 -10  -7  -9  -9 -10  -9   4   4  -9  -3  -6  -9  -8  -7  -9  -7   6    0   0   0   0   0   0   0   0   0  21  35   0   1   0   0   0   0   0   0  43  1.80 0.81
  107 A     7  -9  -9  -9  -1  -8  -8  -1  -9  -8  -8  -8  -8  -9  -8  -4  -6 -10  -9   0   86   0   0   0   1   0   0   4   0   0   0   0   0   0   0   1   0   0   0   7  2.40 1.10
  108 T    -6  -8  -7  -8  -8  -8  -8  -8  -8  -9  -9  -8  -8 -10  -8   7   6 -10  -9  -8    0   0   0   0   0   0   0   0   0   0   0   0   0   0   0  64  36   0   0   0  2.45 1.19
  109 S    -2  -8   0  -7  -4  -6  -7  -1  -8 -10  -9  -7  -6 -10  -8   7  -4 -10  -9  -9    4   0   4   0   0   0   0   6   0   0   0   0   0   0   0  84   1   0   0   0  2.42 1.18
  110 S     1  -5  -1  -7  -3  -5  -7  -2  -8  -9  -7  -7  -8  -9  -8   6   4  -9  -8  -8   11   1   4   0   1   0   0   3   0   0   1   0   0   0   0  61  19   0   0   0  1.76 0.94
  111 Q    -1   2   0   0  -4  -1  -2  -1   2  -3  -4   0  -4  -4   4   3   0  -4   0  -3    5   9   5   6   0   3   3   5   4   1   2   5   0   1  21  18   7   0   3   2  0.45 0.34
  112 R    -3   6  -3  -5  -5  -1  -1  -4   2  -2  -2   2   2  -3  -1  -2  -2  -3   0  -3    3  44   1   0   0   2   3   2   5   3   4  10   5   1   4   4   3   0   3   2  0.94 0.54
  113 P     0   1   0   2  -5   0   4  -3   0  -3  -5   2  -3  -5   1   1  -2  -1  -2  -2    9   9   4  10   0   3  23   2   2   2   1  11   0   0   6  10   3   1   1   3  0.38 0.30
  114 K    -2   1   1  -2  -5   0  -1  -5   1   0   0   0   1  -1  -6  -2   1   8   1   0    3   8   7   2   0   4   5   0   3   5   9   6   3   3   0   3   7  22   4   6  0.66 0.39
  115 P     2  -8  -8  -9  -4  -7  -8  -6  -9   6  -2  -8  -1  -4  -5  -6  -1  -8  -6   5   19   0   0   0   0   0   0   0   0  36   3   0   2   1   1   0   4   0   0  35  1.47 0.70
  116 L    -3   0   1   3  -7   1   4  -3   1  -1  -1   0   1  -5  -5  -2   0  -5  -3  -1    2   6   7  14   0   5  28   2   3   3   7   5   3   0   0   3   6   0   1   4  0.46 0.34
  117 Y     0   1  -1  -1  -3   0   0   0   1   0   0   1   1   1   0   0   0   0   0  -1    9   9   3   2   0   3   5   9   4   5   9   7   5   7   5   5   4   1   3   2  0.04 0.07
  118 H    -2  -2   1  -6  -2  -2  -3  -5   5   2  -1  -1   0   0  -6  -3  -1   2   3   3    3   3   7   0   1   2   2   0  15  13   6   4   2   4   0   2   4   2   9  20  0.57 0.35
  119 L    -5  -7  -8 -10  -6  -8  -8 -10  -4   1   6  -7   1   0  -7  -8  -2  -3  -4   0    1   0   0   0   0   0   0   0   0   6  75   0   3   4   0   0   2   0   1   5  1.82 0.82
  120 E     0   2   0   2  -4   1   4  -1  -1  -5  -6   3  -4  -7  -4  -1   0  -8  -6  -6    7   9   5  12   0   5  25   5   1   1   0  17   0   0   1   5   6   0   0   0  0.62 0.41
  121 R     0   5  -1  -2  -4   1   0  -2   1  -3  -2   4   0  -4  -3  -1  -1  -3  -4  -3    8  26   3   2   0   6   6   3   3   2   4  20   3   1   1   5   4   0   1   2  0.52 0.35
  122 L     2  -3  -2  -6   0  -4  -4  -4   2   1   3  -4  -1   4  -5  -2   1  -1  -1  -1   17   1   2   0   2   0   1   1   5   6  29   1   1  15   0   3   9   1   1   4  0.54 0.35
  123 G    -3  -3   2   1  -5   0   0   6   1  -9  -8  -1  -6  -9  -6  -3  -7  -9  -8  -7    2   2  10   9   0   4   7  56   3   0   0   5   0   0   0   2   0   0   0   0  1.37 0.69
  124 L    -4  -7  -9  -9  -5  -8  -7  -8  -6   6   5  -8   0  -1  -9  -8  -5  -3  -4   1    1   0   0   0   0   0   0   0   0  34  48   0   2   3   0   0   1   0   0   9  1.58 0.71
  125 L     1   2  -2   0  -3  -1   0  -2   0   0   1   1  -1   0  -3  -1   1   0   0  -2   10  14   2   5   0   2   7   3   2   5  16   8   1   4   1   4   8   1   4   2  0.12 0.14
  126 G    -2  -1   0   4  -6   1   2   1   4  -7  -6   2  -5  -6   2   0  -2  -7  -5  -6    3   3   4  24   0   5  13   9   8   0   0  10   0   0   9   7   2   0   0   0  0.63 0.41
  127 Y    -3   1  -5  -3   2  -2  -3  -7   2  -5  -2  -2  -3   3  -7  -2  -5  -1   8  -4    2   9   1   2   4   2   2   0   4   0   4   3   1  10   0   3   1   1  49   2  1.56 0.75
  128 F   -10 -11 -11 -11  -6 -11 -11 -11  -9  -2  -3 -11  -3  10 -11 -10 -10  -1  -3  -4    0   0   0   0   0   0   0   0   0   3   2   0   1  91   0   0   0   1   0   2  3.56 1.36
  129 D    -2  -2  -1   6  -8   1   2  -4   1  -5  -7  -1  -8  -9  -2   1  -1  -9  -8  -5    4   2   3  46   0   7  13   1   3   1   0   3   0   0   3   9   3   0   0   1  1.13 0.62
  130 A     3  -3  -3  -2   3  -1  -2  -1   2   0  -2  -2  -3   1  -5  -1   1  -4   0   3   24   1   1   2   6   2   3   4   4   6   4   2   0   5   0   4   9   0   3  20  0.36 0.28
  131 I    -4  -3  -7  -8  -4  -6  -7  -8  -5   6   1  -3   1   1  -8  -4  -1  -5  -2   4    1   2   0   0   0   0   0   0   0  40  11   2   3   5   0   1   4   0   2  28  1.27 0.60
  132 I    -1  -1  -5  -8   2  -3  -7  -7  -2   4   0  -3  -1  -3  -8  -3  -2  -8  -4   6    5   4   1   0   4   2   0   0   1  18   8   2   2   1   0   2   3   0   1  48  1.12 0.56
  133 T    -2  -8  -4  -4   7  -6  -6   0  -5  -8  -8  -7  -7  -1  -6   4   5  -4  -2  -6    4   0   1   1  17   0   0   8   0   0   0   0   0   2   0  32  31   0   2   0  1.42 0.77
  134 A     2   2  -6  -6  -3  -4  -5   6  -5  -5  -6  -3  -6  -6  -6   0  -4  -4  -7  -4   18  12   0   0   1   1   1  54   0   1   1   2   0   0   0   6   1   0   0   1  1.37 0.70
  135 E    -3  -5   0   7  -6  -2   4  -4  -2  -8  -8  -4  -7  -7  -7  -2  -3  -7  -6  -6    3   1   4  53   0   2  25   2   1   0   0   1   0   0   0   4   2   0   0   1  1.68 0.83
  136 D    -5  -4  -1   6  -6   1   4  -6   0  -6  -6  -4   5  -5  -7  -4  -3  -9  -5  -7    1   1   3  43   0   7  26   1   2   0   1   1  11   1   0   2   1   0   0   0  1.51 0.77
  137 V    -2  -8  -6  -9  -2  -8  -3  -7  -9   2  -2  -6  -3  -2  -6  -7  -4  -9  -3   7    3   0   1   0   1   0   2   1   0   9   4   1   1   2   0   0   1   0   1  73  1.94 0.87
  138 T     1   0  -2  -2  -5   0   4  -2  -1  -3  -3   3  -3  -4   1   0   2  -7  -5  -1   10   4   1   2   0   4  22   3   1   2   2  16   1   1   8   8  11   0   0   4  0.41 0.33
  139 R    -2   5   3  -4  -4   1   0  -6   6  -5  -4   3  -6  -3  -5  -4  -5  -5  -1  -5    4  28  14   1   0   5   7   0  17   1   2  15   0   2   1   1   1   0   2   1  1.07 0.58
  140 I     1  -4  -3  -6  -3  -6  -6   5  -1  -2  -5  -4  -5  -7   1   3  -1  -8  -6   0    9   1   1   0   1   0   0  40   2   2   1   1   0   0   6  23   4   0   0   8  0.96 0.56
  141 K    -6  -5  -8  -9 -11  -6  -7  -9  -9 -11 -10   9  -9 -11  -9  -8  -8 -11 -10 -10    1   0   0   0   0   0   0   0   0   0   0  99   0   0   0   0   0   0   0   0  3.51 1.44
  142 P    -9 -10 -10 -10 -11  -9  -9 -10 -10 -11 -11  -9 -11 -12   9  -9  -6 -12 -11 -11    0   0   0   0   0   0   0   0   0   0   0   0   0   0 100   0   0   0   0   0  3.91 1.62
  143 E     4  -4   2   5  -6  -4   1  -5   5  -8  -7  -5  -6  -1  -7  -1  -6  -2  -1  -7   29   1   8  29   0   1   8   0  13   0   0   1   0   3   0   5   0   1   2   0  1.15 0.64
  144 P    -7 -10 -10 -10 -11  -9  -9  -8 -10 -11 -11  -9 -11 -12   9  -7  -9 -12 -11 -11    0   0   0   0   0   0   0   0   0   0   0   0   0   0  99   0   0   0   0   0  3.88 1.61
  145 D     0  -8  -6   7 -10  -2   5  -5  -5 -10  -8  -6  -6 -10  -8  -6  -5  -6  -7  -8    7   0   0  52   0   2  35   1   0   0   0   0   0   0   0   0   1   0   0   0  2.04 0.97
  146 L    -5  -9  -9  -9  -1  -8  -9  -6  -7   7   2  -8  -2  -6   0  -5  -4  -9  -7   3    1   0   0   0   1   0   0   1   0  53  17   0   1   0   5   1   1   0   0  19  1.69 0.75
  147 F   -10 -10 -10 -11 -10 -10 -10 -11  -4  -8  -5 -10  -8   8 -11 -10  -9  -4   9  -7    0   0   0   0   0   0   0   0   0   0   1   0   0  45   0   0   0   0  53   0  3.25 1.30
  148 L    -6  -2  -3  -8  -4   0  -3 -10  -3   1   6  -5  -3  -3  -9  -8  -4  -5  -7  -3    1   3   1   0   0   4   2   0   1   7  76   1   0   1   0   0   1   0   0   2  1.73 0.81
  149 E     0   0  -2  -4  -3  -1   2  -6   1  -3   2   4  -1  -5  -6  -3   0  -7  -1  -3    9   5   2   0   1   3  12   0   3   1  21  28   2   0   0   2   7   0   2   2  0.56 0.39
  150 A     7  -8  -8  -9   0  -7  -8  -5  -9  -5  -7  -8  -6  -9  -7  -2   2  -9  -9   0   76   0   0   0   2   0   0   1   0   1   0   0   0   0   0   3  12   0   0   6  2.04 0.98
  151 L     6  -7  -7  -8   6  -5  -8  -6  -8  -3   1  -6   0  -8  -8  -1  -4  -3  -6  -1   57   0   0   0  13   0   0   0   0   2  15   0   3   0   0   4   1   0   0   4  1.51 0.77
  152 R     0   3  -2   1  -8   2   5  -2  -1  -8  -6   3  -5  -6  -6   0  -3  -6  -5  -6    8  12   2   6   0   9  31   3   2   0   0  17   0   0   0   7   1   0   0   0  0.84 0.52
  153 A     1   4  -2  -4   0   1  -1  -3   0  -2   0   4   1  -4  -6  -2  -3  -3  -3  -3   10  23   2   1   2   6   4   2   3   2  10  24   4   1   0   2   2   0   1   1  0.57 0.38
  154 L    -2  -9  -7 -10  -3  -7  -9  -9  -7   0   7  -8   1   0  -9  -5  -5  -5  -5  -3    4   0   0   0   1   0   0   0   0   4  81   0   3   3   0   1   1   0   0   1  1.96 0.88
  155 D    -2  -2   3   0  -3  -1  -1   6  -2  -9  -8   0  -6  -8  -8  -3  -6  -9  -7  -7    3   3  13   6   1   3   5  56   1   0   0   7   0   0   0   2   0   0   0   0  1.36 0.69
  156 V    -1  -4  -8  -8   1  -4  -2  -7  -5   3   2  -4   0  -3  -8  -4  -1  -8  -4   6    6   1   0   0   3   1   3   0   0  13  15   1   2   1   0   1   4   0   1  48  1.11 0.56
  157 K     1   0   1   2  -4   0   2  -4  -1  -4  -2   2  -5  -5   3   1  -1  -7  -5  -4   12   6   8  12   0   4  11   1   2   1   4  10   0   0  13  11   3   0   0   1  0.38 0.30
  158 P     1  -7  -3  -7  -4  -6  -8  -5  -5  -4  -8  -2  -7 -10   8  -3  -2 -11  -8  -4   11   0   2   0   0   0   0   1   0   1   0   3   0   0  73   2   2   0   0   2  2.37 1.11
  159 S     1   0  -1   1  -3   1   5  -1   1  -5  -6   1  -6  -5  -4   1  -1  -5  -5  -4   12   4   3   7   1   7  32   5   3   0   0   8   0   0   1  11   3   0   0   1  0.61 0.42
  160 E    -1   1   3   3  -2   1   5  -4   2  -7  -6   0  -7  -7  -7  -2  -3  -8  -4  -5    4   7  13  12   1   7  38   1   4   0   1   4   0   0   0   3   2   0   1   1  0.97 0.57
  161 A     3 -10  -9 -10  11  -9 -10  -6 -10  -3  -7  -9  -5  -5  -9  -2   0 -10  -9  -2   21   0   0   0  65   0   0   1   0   1   0   0   0   1   0   3   5   0   0   3  3.01 1.20
  162 L    -2  -8  -9  -9  -3  -8  -8  -9  -8   4   4  -8   2  -1  -8  -7  -4  -2  -1   4    3   0   0   0   0   0   0   0   0  23  35   0   5   3   0   0   1   1   3  26  1.28 0.61
  163 I     5  -9  -9  -9  -5  -8  -8  -4  -9   0  -6  -8  -4  -8  -8  -5  -5  -9  -8   6   37   0   0   0   0   0   0   1   0   5   0   0   0   0   0   1   1   0   0  55  1.94 0.91
  164 V    -6  -9  -9  -9  -7  -9  -9 -10  -9   6   4  -9  -2   5  -9  -8  -7  -7  -4   2    0   0   0   0   0   0   0   0   0  35  30   0   1  20   0   0   0   0   0  14  1.64 0.73
  165 E    -9  -8  -8  -5 -12  -6   8 -10  -8 -11 -11  -7 -10 -11  -9  -8  -9 -11 -10 -10    0   0   0   1   0   0  99   0   0   0   0   0   0   0   0   0   0   0   0   0  3.44 1.47
  166 D   -10 -10  -6   9 -12  -8  -6  -9  -4 -11 -12  -9 -11 -12  -9  -8  -9 -12 -11 -11    0   0   0 100   0   0   0   0   0   0   0   0   0   0   0   0   0   0   0   0  3.71 1.48
  167 S     1  -8  -7  -8  -8  -7  -8  -6  -8  -7 -10  -8  -9 -10  -8   8   0 -10  -9  -9    9   0   0   0   0   0   0   0   0   0   0   0   0   0   0  86   5   0   0   0  2.57 1.23
  168 R    -1   0  -1  -3  -2  -1   1  -3   2   0   0   0  -2   0   5  -2   0  -6   1   0    5   4   3   1   1   3   9   2   5   6   8   5   1   5  25   2   6   0   5   5  0.38 0.28
  169 N     1  -3   8  -5  -6  -5  -6  -6   3  -3  -4  -4  -3  -3  -1  -1  -1  -6  -1  -2   11   2  56   0   0   0   0   0   6   2   2   1   1   1   4   4   4   0   3   3  1.50 0.77
  170 G    -7 -10  -8  -9 -10  -9 -10   8 -10 -12 -11  -9 -10 -11 -10  -8  -9 -10 -11 -11    0   0   0   0   0   0   0 100   0   0   0   0   0   0   0   0   0   0   0   0  3.34 1.34
  171 L    -1  -8  -8  -9  -1  -7  -8  -7  -7   5   1  -8   0  -4  -8  -3  -3  -8  -5   5    6   0   0   0   1   0   0   0   0  33  13   0   2   1   0   3   2   0   0  39  1.43 0.66
  172 L     0   4  -2  -5  -5   1   1  -5  -2   0   1   2  -1  -5  -6  -3   1  -4  -5  -3    7  25   2   0   0   7   8   0   1   6  16  14   2   0   0   2   8   0   0   1  0.55 0.37
  173 A     7  -8  -8  -8  -8  -8  -8  -3  -9  -9  -9  -8  -8  -9  -8   3  -7 -10  -9  -7   79   0   0   0   0   0   0   2   0   0   0   0   0   0   0  18   0   0   0   0  2.36 1.09
  174 G     7  -9  -8  -9  -4  -8  -8   2  -9  -7  -7  -8  -8  -9  -8  -4  -7 -10  -9  -5   85   0   0   0   0   0   0  12   0   0   0   0   0   0   0   1   0   0   0   1  2.45 1.09
  175 N    -2   2   0  -5  -5  -1  -4  -5   5  -1  -1   5  -2  -3  -7  -2  -3  -4   2  -1    4   9   4   0   0   3   1   0  12   4   6  38   1   1   0   3   2   0   7   5  0.84 0.48
  176 S     5   3   2  -2  -6  -2  -3  -2  -5  -7  -4   0  -5  -8  -7   1  -2  -8  -7  -5   46  16   8   2   0   2   2   3   0   0   2   6   0   0   0  11   2   0   0   0  1.01 0.59
  177 A     8  -9  -9  -9  -8  -8  -8  -2  -9  -9  -9  -8  -8 -10  -8  -3  -7 -10  -9  -5   95   0   0   0   0   0   0   3   0   0   0   0   0   0   0   2   0   0   0   1  2.81 1.21
  178 G    -6  -4   0  -4  -6  -4  -6   7  -3 -11 -11  -2  -7  -8  -9  -4  -8 -10 -10 -10    0   1   4   1   0   1   1  86   1   0   0   3   0   0   0   1   0   0   0   0  2.49 1.05
  179 V    -2  -9  -8 -10   4  -7  -9  -7  -9   4   1  -8   9  -3  -9  -7  -4  -8  -8  -2    4   0   0   0   8   0   0   0   0  17  14   0  52   1   0   0   1   0   0   2  2.26 0.95
  180 H    -2   3  -2  -3  -2   0  -3  -6   1  -1  -3   4   1   2   1  -2   1  -2   3  -2    3  15   1   1   1   3   1   0   4   4   2  22   3   9   7   2   8   1  10   3  0.50 0.35
  181 V    -1  -9  -7  -9   9  -8  -9  -6  -9  -5  -6  -8  -7  -8   1  -2   2  -9  -7   4    6   0   0   0  40   0   0   1   0   0   0   0   0   0   8   4  13   0   0  27  1.97 0.86
  182 L    -3  -9  -9  -9  -3  -9  -9  -8  -7   7  -1  -9  -3   0  -9  -7  -4  -3  -2   5    2   0   0   0   1   0   0   0   0  48   6   0   0   4   0   0   1   1   2  35  1.80 0.76
  183 V     4  -6  -5  -8   0  -2  -7   2  -1  -1  -2  -7   7  -2  -7  -4  -5  -1  -5   1   36   0   0   0   2   2   0  16   1   4   3   0  21   2   0   1   0   1   0  10  1.10 0.60
  184 I    -5  -5  -9  -9  -4  -8  -8  -9  -6   5  -2  -5  -3   2  -8  -7  -5  -7   3   6    1   1   0   0   0   0   0   0   0  26   3   1   0   8   0   0   0   0   8  51  1.72 0.75
  185 P    -2   1  -5  -4  -8  -2  -4  -7  -4  -4  -4   0  -5  -4   8  -5  -1  -9  -4  -4    3   7   1   1   0   2   1   0   0   1   2   5   0   1  66   1   5   0   1   1  1.90 0.90
  186 N    -5  -6   6   6  -2  -3  -4  -3  -1  -6  -8  -5  -8  -7  -5   0   1  -9  -6  -7    1   0  38  36   1   1   1   3   2   1   0   0   0   0   1   7   7   0   0   0  1.62 0.77
  187 E    -1   0  -3  -1  -4   0   1  -2  -3  -1   2  -1   2  -3   4  -1   0  -3  -3  -2    6   5   1   3   0   4  10   3   1   4  20   4   6   1  18   4   6   0   1   2  0.32 0.25
  188 V    -2  -2   1  -1  -3  -1  -3  -2   3   2   1  -1   1   1  -4  -1   0  -1   1   2    3   2   8   3   0   2   1   2   8  11  15   4   3   5   1   4   5   1   4  16  0.21 0.17
  189 T    -1  -3  -1  -3  -5   2   0  -4  -1  -4  -4  -1  -2  -1   2   3   5  -5  -1  -3    5   1   3   1   0   8   7   1   2   1   2   3   1   2  10  17  31   0   2   2  0.62 0.44
  190 K     1   2  -2  -2  -5  -2  -1   1  -3  -3  -3   2  -5  -4   5  -1  -2  -7  -2  -2   11  11   2   2   0   2   4  12   1   2   3  11   0   1  27   4   3   0   2   3  0.57 0.37
  191 H    -1  -1   3   3  -3   0   1   1   4  -4  -4   0  -3  -3  -1   0   2  -4  -2  -5    5   3  14  16   1   4   8   9   8   1   2   6   0   1   3   7  11   0   1   0  0.40 0.28
  192 S     0  -3  -3   1  -3   5   3  -3   1  -3   1  -1   1  -1   0  -2  -4  -5  -4  -3    7   1   1   8   1  25  15   2   4   1  13   4   4   3   6   3   1   0   1   2  0.49 0.37
  193 D    -2  -3   1   6  -7  -2   4  -4  -3  -4  -6  -1  -6  -6   0  -2  -2  -5  -5  -4    4   2   6  41   0   1  26   1   1   1   1   3   0   0   4   3   3   0   0   1  1.15 0.59
  194 L    -5  -5  -5  -8  -5  -3  -6  -8  -2   3   4  -6   2   6  -6  -6  -3  -2   1   0    1   1   0   0   0   1   0   0   1  13  39   0   5  25   0   0   2   1   4   5  1.16 0.55
  195 T     0   1  -1   1  -3  -2   1  -2   0  -4  -4   0  -4  -5   0   4   1  -7  -4  -3    7   9   2   7   1   2  10   3   2   1   1   5   0   0   5  35   7   0   0   1  0.54 0.40
  196 P     1   0  -2   0  -3   1   1   0   2  -2   0   3   0  -3   1  -2  -2  -4  -3  -3   11   5   1   4   1   7  11   9   6   3  10  17   3   1   6   2   2   0   1   1  0.23 0.21
  197 N     6  -4  -5  -5   2  -4  -3  -2   0  -4  -3  -3  -2  -5  -4  -2  -2  -8  -1  -1   67   1   1   1   4   1   2   3   2   1   3   1   1   0   1   2   3   0   2   4  1.35 0.71
  198 Y    -2  -4   0   7  -1  -4  -2  -5   4  -4  -4  -4  -7  -1  -5  -2  -1   1   2  -2    4   1   3  50   2   1   3   1   8   1   2   1   0   3   0   3   5   2   7   3  1.21 0.62
  199 L     1   2  -4  -3  -1  -2  -2  -2   1   1   3   1   1   0  -3  -2  -1   1   1   0   10  10   0   1   1   2   2   3   4   6  26   9   3   4   1   2   3   2   5   5  0.24 0.20
  200 E    -4   2  -6  -6   0  -1  -2  -8  -3   5  -1   1  -2  -4  -7  -4  -1  -7  -5   5    1  11   0   0   2   3   3   0   1  26   4   8   1   1   0   1   3   0   0  34  0.96 0.51
  201 R    -2  -3  -7  -8   3  -6  -5  -6  -5   4   3  -4   0   3  -6  -5  -3  -6  -1   4    3   1   0   0   5   0   1   0   0  20  25   1   2  10   0   1   1   0   2  27  0.93 0.47
  202 E    -1  -1   2   4  -2  -1   2  -1   0  -6  -5   1  -6  -5   2   1  -1  -7  -4  -5    4   4  10  24   1   2  14   5   3   0   1   9   0   0   9  10   4   0   1   1  0.54 0.37
  203 S    -4  -2   2   3  -3  -4  -4  -3   0  -7  -8  -4  -6  -8  -7   6   0  -9  -6  -7    1   2   8  15   1   1   1   2   2   0   0   1   0   0   0  60   6   0   0   0  1.50 0.81
  204 L    -4  -7  -8  -9  -6  -7  -8  -8  -3   0   6  -6   4   4  -8  -8  -7  -4   0  -4    2   0   0   0   0   0   0   0   1   4  65   0   8  15   0   0   0   0   3   1  1.68 0.75
  205 A     1   0   0   1  -1   0   2  -1   2  -2  -1   0  -2  -2  -3   1   1  -2  -3  -2   15   6   4   7   1   3  15   4   4   2   6   6   1   2   1  13   7   1   0   3  0.18 0.18
  206 E    -2  -3  -1   4  -3   1   6  -2   0  -7  -5  -1  -7  -8  -6  -3  -4  -8  -4  -5    4   1   3  24   1   6  45   4   2   0   1   3   0   0   0   2   1   0   1   1  1.24 0.65
  207 V    -3  -3  -7  -6  -5  -3  -4  -7  -5   4   3  -2   2   2  -4  -6  -4  -5  -4   4    3   1   0   0   0   2   1   0   0  22  22   3   4   7   1   0   1   0   0  31  0.94 0.46
  208 D    -3   0   2   4  -4  -1   0  -3  -2  -4  -5  -1  -5  -6   3   3   3  -7  -6  -5    1   5   9  22   0   2   6   2   1   1   1   4   0   0  12  18  15   0   0   1  0.64 0.42
  209 L    -2  -4  -6  -5  -3  -4  -4  -5  -5   2   5  -5   0   1  -1  -5  -4   2  -1   2    3   1   0   1   1   1   1   1   0  11  52   1   2   5   4   0   1   3   2  11  0.91 0.44
  210 T     1   0   0   2  -3   0   3  -2   0  -3  -2   1  -2  -3   1   0   0  -3  -2  -3   11   4   5  13   0   4  19   2   2   2   4  10   1   1   7   8   5   0   1   1  0.27 0.21
  211 E    -1   0  -1   4  -5   2   4  -3  -2  -5  -4   1  -1  -3  -3  -1   0  -1  -2  -3    4   6   2  19   0   9  26   2   1   0   2  10   2   1   1   4   6   1   1   2  0.55 0.37
  212 I    -4  -7  -8  -8  -6  -7  -8  -8  -8   4   5  -7  -1   1  -8  -7  -5   1  -3   2    2   0   0   0   0   0   0   0   0  20  54   0   1   5   0   0   0   2   1  15  1.41 0.63
  213 M    -2  -2  -5  -5  -3  -2  -3  -7  -4   4   4  -1   2  -1  -5  -3  -2  -6  -3   0    4   3   0   1   0   2   2   0   0  25  44   3   4   2   0   2   2   0   0   5  0.83 0.44
  214 A     3  -2  -1   0  -2   1   2   1  -2  -4  -5   2  -4  -4  -3   1   0  -6  -5  -5   24   1   3   6   1   7  16  11   1   1   1  13   0   1   0  11   5   0   0   0  0.45 0.33
  215 E    -2   3  -1  -1  -4   1   2  -4   2  -1   1   2  -2  -1  -4  -2  -2  -2   1  -1    2  19   2   2   0   7  12   1   5   4  18  11   0   2   0   3   1   0   5   4  0.30 0.24
  216 Y    -4  -5  -6  -5  -5  -2  -4  -7   1   2   3  -5  -1   6  -7  -6  -4  -4   1   2    1   0   0   0   0   2   1   0   4  13  23   0   1  37   0   0   1   0   4  12  1.07 0.48
  217 N    -1   1   4   2  -5   2   3  -3  -1  -5  -4   2  -4  -5  -3   1   0  -2  -4  -5    4   8  18  12   0   7  17   1   1   0   1  12   0   0   1  11   6   1   0   0  0.51 0.31
  218 K    -4   5  -3  -4  -6   2  -2  -5  -3  -6  -6   6  -4  -6  -4  -3  -4  -6  -5  -6    0  34   0   0   0   7   0   0   0   0   0  59   0   0   0   0   0   0   0   0  1.65 0.56

                      K         Lambda
Standard Ungapped    0.1352     0.3166
Standard Gapped      0.0624     0.2670
PSI Ungapped         0.2038     0.3177
PSI Gapped           0.0624     0.2670
