
Last position-specific scoring matrix computed, weighted observed percentages rounded down, information per position, and relative weight of gapless real matches to pseudocounts
           A  R  N  D  C  Q  E  G  H  I  L  K  M  F  P  S  T  W  Y  V   A   R   N   D   C   Q   E   G   H   I   L   K   M   F   P   S   T   W   Y   V
    1 M   -1 -2 -2 -3 -2 -1 -2 -3 -2  1  2 -2  6  0 -3 -2 -1 -2 -1  0    0   0   0   0   0   0   0   0   0   0   0   0 100   0   0   0   0   0   0   0  0.55 0.05
    2 I   -1 -2  1 -2 -2 -2 -2 -3 -2  3  1 -2  3 -1 -3 -2 -1 -3 -1  2    0   0  16   0   0   0   0   0   0  63   0   0  21   0   0   0   0   0   0   0  0.27 0.04
    3 N   -1 -1  5  1 -2  0 -1 -1  3 -3 -3 -1 -2 -3 -2  0  1 -3 -1 -2    0   0  70   0   0   0   0   0  14   0   0   0   0   0   0   0  16   0   0   0  0.60 0.04
    4 L   -2 -3 -3 -3 -1 -3 -3 -4 -3  4  3 -3  1  1 -3 -2 -1 -2 -1  2    0   0   0   0   0   0   0   0   0  61  33   0   0   6   0   0   0   0   0   0  0.40 0.03
    5 T    0 -1  0 -1 -1 -1 -1 -1 -1 -2 -2 -1 -1 -2 -1  3  3 -3 -2 -1    0   0   0   0   0   0   0   0   0   0   0   0   0   0   0  55  45   0   0   0  0.45 0.04
    6 H   -1 -1  4  0 -2  0  0 -1  5 -3 -3 -1 -2 -2 -2  1  1 -3  0 -2    0   0  39   0   0   0   0   0  37   0   0   0   0   0   0   7  16   0   0   0  0.50 0.04
    7 I    2 -2 -2 -2 -1 -1 -1 -1 -2  2  0 -1  0 -2  3  1  0 -3 -2  1   30   0   0   0   0   0   0   0   0  29   0   0   0   0  15  16   0   0   0  10  0.23 0.02
    8 A    4 -1 -1 -1 -1 -1 -1  0 -2 -2 -2 -1 -1 -2 -1  2  0 -3 -2 -1   71   0   0   0   0   0   0   0   0   0   0   0   0   0   0  29   0   0   0   0  0.42 0.04
    9 S    0 -1 -1 -1 -1 -1 -1 -1 -1  0  1 -1  0  2 -2  3  0 -2  0 -1    0   0   0   0   0   0   0   0   0   0  29   0   0  16   0  55   0   0   0   0  0.19 0.03
   10 S    0 -1  0 -1 -1 -1 -1 -1 -1 -2 -2 -1 -1 -2  3  3  3 -2 -2 -1    1   0   0   1   0   0   1   1   0   0   1   1   0   0  17  46  30   0   0   1  0.41 0.03
   11 L    1 -2 -1 -2 -1 -1 -1 -2 -2  0  2 -1  2 -1 -2  1  0 -2 -1  0   16   0   0   0   0   0   0   0   0   0  45   0  10   0   0  29   0   0   0   0  0.18 0.02
   12 A    2 -2 -2 -3 -1 -1 -2 -1 -2  1  2 -2  2 -1 -2  0 -1 -2 -1  1   39   0   0   0   0   0   0   0   0   0  30   0  16   0   0   0   0   0   0  15  0.20 0.02
   13 R    1  4 -1 -1 -3  2  0 -2 -1 -3 -2  2 -1 -3 -2  0 -1 -3 -2 -2   15  55   0   0   0  14   0   0   0   0   0  16   0   0   0   0   0   0   0   0  0.49 0.03
   14 A    3 -2 -2 -2 -1 -1 -1 -1 -2  0  1 -1  0 -1 -1  0  1 -2 -2  1   47   0   0   0   0   0   0   0   0   0  15   0   0   0   0   0  16   0   0  21  0.19 0.02
   15 A    3 -1 -1 -1 -1  0  1 -1 -1 -1 -2  1 -1 -2 -1  0  0 -3 -2  0   61   0   0   0   0   0  14   0   0   0   0  15   0   0   0   0   0   0   0  10  0.25 0.03
   16 L    0 -2 -3 -3 -1 -2 -3 -3 -2  1  3 -2  1  2 -3 -2 -1 -1  0  0   15   0   0   0   0   0   0   0   0   0  69   0   0  16   0   0   0   0   0   0  0.32 0.03
   17 S    0  1  1 -1 -2  0 -1  3 -1 -3 -3  0 -2 -3 -2  2  0 -3 -2 -2    0  16  10   0   0   0   0  29   0   0   0   0   0   0   0  45   0   0   0   0  0.38 0.03
   18 D   -1  0  0  4 -3  2  2 -2 -1 -3 -3  2 -2 -3 -1  0 -1 -3 -2 -3    0   0   0  39   0  16  16   0   0   0   0  29   0   0   0   0   0   0   0   0  0.51 0.03
   19 S    1 -1 -1 -1 -1 -1 -1 -1 -2 -1 -1 -1 -1 -2  3  2  2 -3 -2  1   14   0   0   0   0   0   0   0   0   0   0   0   0   0  15  39  16   0   0  16  0.31 0.02
   20 T   -1 -2  2  4 -2 -1  0  1 -1 -2 -3 -1 -2 -3 -2  0  2 -3 -3 -2    0   0  10  45   0   0   0  16   0   0   0   0   0   0   0   0  29   0   0   0  0.45 0.03
   21 K   -1  1  0 -1 -3  2  1 -2 -1 -2 -2  4 -1 -3 -1  0  1 -3 -2 -2    0   0   0   0   0  16   0   0   0   0   0  68   0   0   0   0  16   0   0   0  0.45 0.04
   22 P   -1 -1 -1 -1 -3  2 -1 -2 -2 -2 -3 -1 -2 -3  6  0  1 -3 -3 -2    0   0   0   0   0  16   0   0   0   0   0   0   0   0  68   0  16   0   0   0  1.29 0.05
   23 K    0  1  0 -1 -2  1  0 -1 -1 -3 -2  4 -1 -3 -1  2  1 -3 -2 -2    0   0   0   0   0   0   0   0   0   0   0  64   0   0   0  29   7   0   0   0  0.40 0.04
   24 M   -1 -2 -2 -3 -1 -2 -2 -3 -2  2  2 -2  3 -1 -2  0  0 -2 -1  3    0   0   0   0   0   0   0   0   0   7  16   0  22   0   0  10   0   0   0  45  0.24 0.02
   25 E    0 -1  0  2 -2  0  2  1  3 -3 -3  0 -2 -3 -1  1  1 -3 -1 -2    0   0   0  17   0   0  22  16  14   0   0   0   0   0   0  15  16   0   0   0  0.29 0.02
   26 R    1  3 -1 -2 -2  2  0 -2 -1 -1  1  0  0 -2 -2  1  0 -2 -2 -1   15  29   0   0   0  16   0   0   0   0  24   0   0   0   0  16   0   0   0   0  0.18 0.02
   27 A    2 -1  2  1 -1 -1  0 -1 -1 -1 -1 -1  1 -2 -1  1  1 -3 -2 -1   45   0  15  14   0   0   0   0   0   0   0   0  10   0   0   0  16   0   0   0  0.21 0.02
   28 I   -1 -3 -3 -3 -1 -2 -3 -4 -3  4  2 -3  2  0 -3 -2 -1 -2 -1  2    0   0   0   0   0   0   0   0   0  64  29   0   7   0   0   0   0   0   0   0  0.40 0.03
   29 N   -2  0  5  0 -3  0  0 -1  5 -3 -3  1 -2 -3 -2  0 -1 -3 -1 -3    0   0  55   0   0   0   0   0  29   0   0  16   0   0   0   0   0   0   0   0  0.57 0.04
   30 V    0 -3 -3 -3 -1 -2 -3 -3 -3  2  1 -2  0 -1 -3 -2  0 -3 -1  4    0   0   0   0   0   0   0   0   0   0   0   0   0   0   0   0   0   0   0 100  0.47 0.05
   31 A    4 -2 -2 -2 -1 -1 -1  0 -2  0 -1 -1 -1 -2 -1  1  0 -3 -2  1   83   0   0   0   0   0   0   0   0   0   0   0   0   0   0   0   0   0   0  17  0.38 0.04
   32 S    0  2  0  2 -2  0  2 -1 -1 -3 -3  0 -2 -3 -1  3  0 -3 -2 -2    0  16   0  15   0   0  14   0   0   0   0   0   0   0   0  55   0   0   0   0  0.36 0.03
   33 H   -2 -1  5  0 -3  0  0 -1  5 -3 -3 -1 -2 -2 -2  0 -1 -3  0 -3    0   0  61   0   0   0   0   0  39   0   0   0   0   0   0   0   0   0   0   0  0.72 0.05
   34 I   -2 -3 -3 -3 -1 -3 -3 -4 -3  5  1 -3  1  0 -3 -3 -1 -3 -2  2    0   0   0   0   0   0   0   0   0 100   0   0   0   0   0   0   0   0   0   0  0.53 0.05
   35 A    4 -1 -1 -2 -1 -1 -1  0 -2 -2 -2 -1 -1 -2 -1  2  0 -3 -2 -1   85   0   0   0   0   0   0   0   0   0   0   0   0   0   0  15   0   0   0   0  0.45 0.04
   36 G    0 -2 -1 -2 -2 -1 -2  5 -2 -2 -1 -2  3 -2 -2 -1 -1 -2 -2 -2    0   0   0   0   0   0   0  71   0   0   0   0  29   0   0   0   0   0   0   0  0.65 0.04
   37 K    0  0  2  0 -2  0  0  3 -1 -3 -3  3 -2 -3 -1  1  0 -3 -2 -3    0   0  16   0   0   0   0  29   0   0   0  39   0   0   0  16   0   0   0   0  0.36 0.02
   38 V    2 -1 -2 -2 -1 -1 -1 -2 -2  1  0  1  0 -2 -2  0  0 -3 -2  3   29   0   0   0   0   0   0   0   0   0   0  16   0   0   0   0   0   0   0  55  0.18 0.03
   39 A    2  0 -1 -2 -1  0 -1  2 -2 -1 -1  2 -1 -2 -1  0 -1 -3 -2  0   39   0   0   0   0   0   0  16   0   0   0  29   0   0   0   0   0   0   0  16  0.19 0.02
   40 L   -1 -2 -3 -4 -1 -2 -3 -3 -2  1  4 -2  4  0 -3 -2 -1 -2 -1  1    0   0   0   0   0   0   0   0   0   0  71   0  29   0   0   0   0   0   0   0  0.46 0.04
   41 Q   -1  0  0 -1 -3  5  1 -2  5 -3 -3  1 -1 -3 -2 -1 -1 -2  0 -3    0   0   0   0   0  71   0   0  29   0   0   0   0   0   0   0   0   0   0   0  0.69 0.06
   42 V   -1 -2 -3 -3 -1 -2 -3 -3 -2  2  1 -2  2  3 -3 -2 -1 -1  1  3    0   0   0   0   0   0   0   0   0  11   0   0  16  29   0   0   0   0   0  44  0.31 0.03
   43 T   -1 -1  1 -1 -2 -1 -1  0 -2 -2 -2  1 -2 -3  4  0  3 -3 -2 -1    0   0   7   0   0   0   0  10   0   0   0  16   0   0  29   0  38   0   0   0  0.50 0.03
   44 S    0 -1  3  0 -2  1  1  3 -1 -3 -3  0 -2 -3 -2  1  0 -3 -2 -3    0   0  23   0   0  10  16  29   0   0   0   0   0   0   0  22   0   0   0   0  0.38 0.02
   45 S    2 -1  0 -1 -1 -1 -1 -1 -1 -2 -2 -1 -2 -3  3  3  1 -3 -2 -2   16   0   0   0   0   0   0   0   0   0   0   0   0   0  15  69   0   0   0   0  0.48 0.04
   46 L   -2 -2 -4 -4 -2 -2 -3 -3 -3  1  3 -3  1  0 -3 -3 -2  7  0  0    0   0   0   0   0   0   0   0   0   0  71   0   0   0   0   0   0  29   0   0  0.75 0.04
   47 L   -2 -2 -3 -4 -1 -2 -3 -4 -3  1  4 -2  3  0 -3 -2 -1 -2 -1  1    0   0   0   0   0   0   0   0   0   0  84   0  16   0   0   0   0   0   0   0  0.49 0.04
   48 E   -1 -1  0  3 -3  1  4 -2 -1 -3 -3  0 -2 -3 -1  1 -1 -3 -2 -3    0   0   0  29   0   0  55   0   0   0   0   0   0   0   0  16   0   0   0   0  0.60 0.03
   49 Q   -1  1  0 -1 -3  5  1 -2  0 -3 -2  2 -1 -3 -1  0 -1 -2 -2 -2    0   0   0   0   0  85   0   0   0   0   0  15   0   0   0   0   0   0   0   0  0.72 0.06
   50 K   -1  2  0 -1 -3  1  0 -2  5 -3 -3  3 -1 -2 -2  0  0 -3  0 -2    0  14   0   0   0   0   0   0  32   0   0  47   0   0   0   0   7   0   0   0  0.45 0.03
   51 G    3 -2 -1 -1 -1 -1 -1  3 -2 -2 -2 -1 -1 -3 -1  1  1 -3 -2 -1   45   0   0   0   0   0   0  29   0   0   0   0   0   0   0  10  16   0   0   0  0.37 0.02
   52 L    1  1 -1 -1 -1 -1 -1  1 -1 -1  1  0  0 -2 -2  2  0 -2 -2 -1   16  17   0   0   0   0   0  16   0   0  22   0   0   0   0  29   0   0   0   0  0.15 0.02
   53 L   -1 -2 -3 -3 -2 -2 -2 -3 -3  1  3 -2  1 -1  4 -2 -1 -2 -2  0    0   0   0   0   0   0   0   0   0   0  68   0   0   0  32   0   0   0   0   0  0.60 0.03
   54 N   -1 -1  4  0 -2 -1 -1  3  0 -3 -3 -1 -2 -3 -2  1  0 -3 -2 -3    0   0  55   0   0   0   0  30   0   0   0   0   0   0   0  15   0   0   0   0  0.56 0.03
   55 E   -1 -1  0  3 -3  0  3 -2 -1 -3 -3  0 -3 -3  4 -1 -1 -4 -3 -3    0   0   0  32   0   0  39   0   0   0   0   0   0   0  29   0   0   0   0   0  0.77 0.03
   56 R   -1  3 -1 -2 -2  0 -1 -2 -1 -1  0  0 -1  2  3  0 -1 -2  0 -1    0  39   0   0   0   0   0   0   0   0  14   0   0  16  16  15   0   0   0   0  0.28 0.02
   57 Q   -1  1  0 -1 -3  5  1 -2  0 -2 -2  2 -1 -3 -1  0  1 -2 -2 -2    0   0   0   0   0  68   0   0   0   0   0  16   0   0   0   0  16   0   0   0  0.54 0.05
   58 Q   -1  2  0 -1 -3  4  1 -2  3 -3 -2  1 -1 -3 -2  1 -1 -2 -1 -2    0  14   0   0   0  54   0   0  16   0   0   0   0   0   0  16   0   0   0   0  0.48 0.04
   59 K   -1  1  2  0 -3  1  2 -2 -1 -3 -3  4 -2 -3 -1  0 -1 -3 -2 -2    0   0  14   0   0   0  16   0   0   0   0  70   0   0   0   0   0   0   0   0  0.49 0.04
   60 G   -1 -2 -2 -2 -2 -1 -2  3 -2  1  1 -2  4 -1 -3 -1 -1 -2 -2  0    0   0   0   0   0   0   0  39   0  16   0   0  45   0   0   0   0   0   0   0  0.33 0.04
   61 L   -2 -3 -3 -4 -2 -3 -3 -3 -2  1  3 -3  1  4 -3 -3 -2  0  1  0    0   0   0   0   0   0   0   0   0   0  55   0   0  45   0   0   0   0   0   0  0.49 0.03
   62 S    2 -1  0  3 -1  0  0 -1 -1 -2 -3 -1 -2 -3 -1  3  0 -3 -2 -2   23   0   0  29   0   0   0   0   0   0   0   0   0   0   0  48   0   0   0   0  0.39 0.03
   63 M   -1 -2 -2 -3 -1 -1 -2 -3  3  2  1 -2  3 -1 -3 -2 -1 -2 -1  3    0   0   0   0   0   0   0   0  16  16   0   0  22   0   0   0   0   0   0  46  0.25 0.03
   64 I    2 -2 -3 -3 -1 -2 -2 -2 -3  3  1 -2  0 -1 -2 -1  0 -3 -1  3   29   0   0   0   0   0   0   0   0  39   0   0   0   0   0   0   0   0   0  32  0.25 0.02
   65 L   -1 -2 -3 -4 -1 -2 -3 -3 -2  1  4 -2  4  0 -3 -2 -1 -2 -1  1    0   0   0   0   0   0   0   0   0   0  68   0  32   0   0   0   0   0   0   0  0.46 0.04
   66 K   -1  1  0  3 -3  2  1 -2 -1 -3 -3  3 -2 -3 -1  0 -1 -3 -2 -3    0   0   0  33   0  16   0   0   0   0   0  51   0   0   0   0   0   0   0   0  0.49 0.03
   67 A    3 -2 -2 -2 -1 -1 -1 -1 -2  0 -1 -1  0 -2 -1  0  1 -3 -2  2   55   0   0   0   0   0   0   0   0   0   0   0   0   0   0   0  16   0   0  29  0.25 0.03
   68 L   -2 -2 -3 -4 -2 -2 -3 -4 -2  1  4 -3  1  3 -3 -3 -1 -1  0  0    0   0   0   0   0   0   0   0   0   0  78   0   0  22   0   0   0   0   0   0  0.46 0.03
   69 S    0  2  2  0 -2  3  1 -1  0 -3 -3  1 -1 -3 -1  2  0 -3 -2 -2    0  17  15   0   0  32   0   0   0   0   0   0   0   0   0  36   0   0   0   0  0.38 0.03
   70 G    0 -2  0 -1 -2 -2 -2  5 -2 -4 -4 -1 -3 -3 -2  1 -1 -3 -3 -3    0   0   0   0   0   0   0  84   0   0   0   0   0   0   0  16   0   0   0   0  0.91 0.04
   71 K   -1  1  0  2 -3  1  2  1 -1 -3 -3  3 -2 -3 -1  0 -1 -3 -2 -3    0   0   0  14   0   0  15  16   0   0   0  55   0   0   0   0   0   0   0   0  0.40 0.03
   72 E    1  2 -1  1 -3  1  4 -2  0 -3 -3  1 -2 -3 -1  0 -1 -3 -2 -2   16  16   0   0   0   0  68   0   0   0   0   0   0   0   0   0   0   0   0   0  0.53 0.04
   73 P    1  2 -1 -1 -2  0 -1  1 -2 -3 -3  1 -2 -3  5  0 -1 -3 -2 -2   16  15   0   0   0   0   0  16   0   0   0  14   0   0  39   0   0   0   0   0  0.65 0.02
   74 V    1 -2 -2 -2 -1 -2 -2 -2 -3  1  0 -2  0 -2  4 -1  0 -3 -2  2   16   0   0   0   0   0   0   0   0   0   6   0   0   0  29   0   0   0   0  49  0.44 0.03
   75 N   -1  4  2 -1 -3  1  0 -1  0 -3 -2  2 -2 -3 -2  1  0 -3 -2 -2    0  46  22   0   0   0   0   0   0   0   0  15   0   0   0  10   7   0   0   0  0.43 0.03
   76 N    1 -1  4  2 -2  0  0 -1  3 -3 -3 -1 -2 -3 -2  1  0 -3 -1 -2   14   0  38  16   0   0   0   0  17   0   0   0   0   0   0  15   0   0   0   0  0.39 0.03
   77 V    0 -3 -3 -3 -1 -2 -3 -3 -3  2  1 -2  0 -1 -3 -2  0 -3 -1  4    0   0   0   0   0   0   0   0   0   0   0   0   0   0   0   0   0   0   0 100  0.47 0.05
   78 E   -1  2  0  1 -3  3  4 -2  0 -3 -3  1 -1 -3 -1  0 -1 -3 -2 -3    0  15   0   0   0  30  55   0   0   0   0   0   0   0   0   0   0   0   0   0  0.61 0.04
   79 T    2 -1  0 -1 -1 -1 -1 -1  3 -1 -2 -1 -1 -2 -1  1  3 -3 -1 -1   29   0   0   0   0   0   0   0  16   0   0   0   0   0   0   0  55   0   0   0  0.33 0.04
   80 H   -1 -1  2 -1 -2  0  0 -1  6 -3 -3 -1 -2 -2 -2  2  0 -3  0 -3    0   0  14   0   0   0   0   0  55   0   0   0   0   0   0  31   0   0   0   0  0.57 0.04
   81 E    0 -1  0  1 -3  1  4  1  3 -3 -3  0 -2 -3 -1  0 -1 -3 -1 -2   10   0   0   0   0   0  60  14  16   0   0   0   0   0   0   0   0   0   0   0  0.46 0.03
   82 G    0 -1  0 -1 -2  0 -1  3 -1 -2 -1  1  1 -2 -1  2  1 -2 -2 -1    0   0   0   0   0   0   0  29   0   0   0  16  14   0   0  26  15   0   0   0  0.24 0.02
   83 G    0 -2 -1 -2 -3 -2 -2  6 -2 -4 -4 -2 -3 -3 -2 -1 -2 -3 -3 -3    0   0   0   0   0   0   0 100   0   0   0   0   0   0   0   0   0   0   0   0  1.17 0.05
   84 G    0  3 -1 -2 -3 -1 -2  5 -2 -4 -3  0 -2 -3 -2 -1 -2 -3 -3 -3    0  29   0   0   0   0   0  71   0   0   0   0   0   0   0   0   0   0   0   0  0.74 0.04
   85 R    1  3  0  0 -2  1  2 -1 -1 -3 -2  1 -2 -3 -1  1  0 -3 -2 -2   16  39   0   0   0   0  29   0   0   0   0   0   0   0   0  16   0   0   0   0  0.37 0.03
   86 F   -2 -3 -3 -4 -2 -3 -3 -3 -2  2  1 -3  0  5 -3 -3 -2  0  2  0    0   0   0   0   0   0   0   0   0  29   0   0   0  71   0   0   0   0   0   0  0.61 0.04
   87 N   -1  2  3  0 -3  1  2 -2  0 -2  0  1 -1 -2 -2  0 -1 -3 -2 -2    0  16  29   0   0   0  31   0   0   0  14  10   0   0   0   0   0   0   0   0  0.30 0.02
   88 L   -2 -2 -3 -4 -1 -2 -3 -4 -3  1  4 -2  3  0 -3 -2 -1 -2 -1  1    0   0   0   0   0   0   0   0   0   0  84   0  16   0   0   0   0   0   0   0  0.49 0.04
   89 A    3 -2  0  4 -2 -1  0 -1 -2 -2 -2 -1 -2 -3 -1  0 -1 -3 -2 -1   55   0   0  45   0   0   0   0   0   0   0   0   0   0   0   0   0   0   0   0  0.44 0.04
   90 R   -1  5 -1 -1 -3  2  0  1 -1 -3 -2  1 -2 -3 -2 -1 -1 -3 -2 -3    0  68   0   0   0  16   0  16   0   0   0   0   0   0   0   0   0   0   0   0  0.58 0.04
   91 A    3 -1 -2 -1 -1  0  1 -1 -2 -2 -2 -1 -2 -3  4  0 -1 -3 -2 -1   55   0   0   0   0   0  16   0   0   0   0   0   0   0  29   0   0   0   0   0  0.56 0.03
   92 A    4 -2 -2 -2 -1 -1 -1  0 -2  0 -1 -1 -1 -2 -1  1  0 -3 -2  1   84   0   0   0   0   0   0   0   0   0   0   0   0   0   0   0   0   0   0  16  0.38 0.04
   93 F   -2  1 -1 -2 -3 -1 -1 -3  5 -2 -1 -1 -1  4 -3 -2 -2  0  3 -2    0  16   0   0   0   0   0   0  31   0   0   0   0  39   0   0   0   0  14   0  0.47 0.03
   94 D   -1 -2  0  4 -3 -1  0  4 -2 -4 -4 -1 -3 -3 -2  0 -1 -3 -3 -3    0   0   0  39   0   0   0  61   0   0   0   0   0   0   0   0   0   0   0   0  0.76 0.04
   95 V    3 -2 -2 -2 -1 -1 -2 -1 -2  1 -1 -1  0 -2 -1  0  0 -3 -2  2   61   0   0   0   0   0   0   0   0   0   0   0   0   0   0   0   0   0   0  39  0.28 0.03
   96 A    2 -1  0  2 -1 -1  0 -1 -2 -2 -2 -1 -1 -2 -1  2  2 -3 -2 -1   39   0   0  16   0   0   0   0   0   0   0   0   0   0   0  16  29   0   0   0  0.29 0.02
   97 S    0  0  0 -1 -2  0  0 -1 -1 -2 -2  2 -1 -3 -1  3  3 -3 -2 -1    0   0   0   0   0   0   0   0   0   0   0  32   0   0   0  39  29   0   0   0  0.34 0.03
   98 V   -1 -3 -3 -3 -1 -2 -3 -3 -3  3  2 -2  1 -1 -3 -2  0 -3 -1  4    0   0   0   0   0   0   0   0   0  14  15   0   0   0   0   0   0   0   0  71  0.38 0.03
   99 V    0 -1  3  0 -1 -1 -1 -1 -1  0 -1 -1 -1 -2 -2  2  0 -3 -2  2    0   0  32   0   0   0   0   0   0   0   0   0   0   0   0  29   0   0   0  39  0.21 0.03
  100 W   -2 -3 -3 -4 -2 -2 -3 -3 -1  2  0 -3 -1  1 -3 -2 -2  8  4  0    0   0   0   0   0   0   0   0   0  29   0   0   0   0   0   0   0  39  32   0  0.96 0.05
  101 E   -1 -1  0  1 -3  1  4  3 -1 -3 -3  0 -2 -3 -2  0 -1 -3 -2 -3    0   0   0   0   0   0  71  29   0   0   0   0   0   0   0   0   0   0   0   0  0.61 0.04
  102 R   -2  5 -1 -2 -3  0 -1 -3 -1 -1  0  1 -1  2 -3 -1 -1 -2 -1 -2    0  71   0   0   0   0   0   0   0   0  15   0   0  14   0   0   0   0   0   0  0.47 0.04
  103 D   -1 -1  0  5 -4  1  4 -2 -1 -3 -3  0 -3 -3 -1  0 -1 -4 -3 -3    0   0   0  55   0   0  45   0   0   0   0   0   0   0   0   0   0   0   0   0  0.78 0.04
  104 K    1  1 -1 -1 -2  0  0 -1 -1 -1 -1  3 -1 -2 -1  0  1 -3 -2  0   16   0   0   0   0   0   0   0   0   0   0  58   0   0   0   0  10   0   0  16  0.25 0.03
  105 S    1  0  0 -1 -2  0  0 -1 -1 -2 -2  2 -2 -3  4  2  0 -3 -2 -2   14   0   0   0   0   0   0   0   0   0   0  30   0   0  22  33   0   0   0   0  0.44 0.02
  106 M   -1  1  1 -2 -2  0 -2 -2 -1  0  2 -1  5 -1 -3 -1 -1 -2 -1  0    0  15  14   0   0   0   0   0   0   0  16   0  56   0   0   0   0   0   0   0  0.25 0.03
  107 H    0  0  0 -1 -2  1  0 -1  4 -3 -3  0 -2 -3  4  2  0 -3 -1 -2    0   7   0   0   0   6   0   0  20   0   0   0   0   0  29  38   0   0   0   0  0.54 0.02
  108 N   -1 -1  4  1 -3  1  3 -1  0 -3 -3  0 -2 -3 -2  0  1 -3 -2 -2    0   0  49   0   0   0  37   0   0   0   0   0   0   0   0   0  14   0   0   0  0.50 0.03
  109 V   -1 -2 -3 -3 -1 -2 -3 -3 -3  2  2 -2  1  0 -3 -2  0 -2 -1  3    0   0   0   0   0   0   0   0   0   0  32   0   0   0   0   0   0   0   0  68  0.36 0.03
  110 M   -1 -2 -3 -3 -2 -1 -2 -3 -2  1  3 -2  5  0 -3 -2 -1 -2 -1  1    0   0   0   0   0   0   0   0   0   0  40   0  60   0   0   0   0   0   0   0  0.44 0.04
  111 S    1 -1  0  1 -1  0  0  1 -1 -3 -3  0 -2 -3 -1  4  1 -3 -2 -2    0   0   0  11   0   0   0   8   0   0   0   0   0   0   0  80   0   0   0   0  0.44 0.03
  112 F   -2 -3 -2 -3 -3 -3 -3  2 -1 -1  0 -3 -1  5 -3 -2 -2  1  3 -1    0   0   0   0   0   0   0  20   0   0   0   0   0  68   0   0   0   0  12   0  0.57 0.03
  113 L   -2 -2 -3 -4 -1 -2 -3 -4 -3  2  4 -3  2  0 -3 -3 -1 -2 -1  1    0   0   0   0   0   0   0   0   0  11  89   0   0   0   0   0   0   0   0   0  0.49 0.03
  114 G    0 -2  0 -1 -2 -1 -1  4 -2 -3 -3 -1 -2 -3 -2  2  0 -3 -2 -3    0   0   0   0   0   0   0  59   0   0   0   0   0   0   0  41   0   0   0   0  0.63 0.03
  115 V   -1 -2 -3 -3 -2 -2 -3 -3 -2  2  1 -2  3  3 -3 -2 -1 -1  1  2    0   0   0   0   0   0   0   0   0  23   0   0  20  31   0   0   0   0   0  27  0.30 0.02
  116 S    1 -1  0 -1 -1 -1 -1 -1 -1  0  0 -1 -1 -2 -1  4  1 -3 -2 -1    0   0   0   0   0   0   0   0   0  10  11   0   0   0   0  79   0   0   0   0  0.30 0.03
  117 D   -2 -2  1  5  4 -1  1 -2 -2 -3 -3 -1 -3 -3 -2 -1 -1 -4 -3 -3    0   0   0  80  20   0   0   0   0   0   0   0   0   0   0   0   0   0   0   0  0.81 0.04
  118 S    0  1  0  2 -2  0  0  2 -1 -3 -3  1 -2 -3 -1  2  0 -3 -2 -2    0  12   0  20   0   0   0  20   0   0   0  10   0   0   0  38   0   0   0   0  0.31 0.02
  119 K    1  1  0 -1 -2  0  0 -1 -1 -2 -2  3 -1 -3 -1  1  2 -3 -2 -1   23   0   0   0   0   0   0   0   0   0   0  46   0   0   0   0  31   0   0   0  0.29 0.02
  120 G    0 -2 -1 -1 -3 -2 -2  6 -2 -4 -4 -2 -3 -3 -2  0 -2 -3 -3 -3    0   0   0   0   0   0   0 100   0   0   0   0   0   0   0   0   0   0   0   0  1.14 0.04
  121 K   -1  2  3  0 -3  1  0 -2 -1 -1 -2  3 -1 -3 -2  0 -1 -3 -2  0    0  11  25   0   0   0   0   0   0   0   0  51   0   0   0   0   0   0   0  12  0.32 0.02
  122 M    1 -1 -1 -2 -1 -1 -1 -1 -2  0  1 -1  2 -1 -2  2  0 -2 -1  1   20   0   0   0   0   0   0   0   0   0  18   0  22   0   0  31   0   0   0  10  0.15 0.02
  123 L   -1 -2 -2 -3 -1 -2 -2 -3 -3  1  3 -2  1  0 -2 -1  1 -2 -1  1    0   0   0   0   0   0   0   0   0   0  80   0   0   0   0   0  20   0   0   0  0.36 0.03
  124 F   -1 -2 -2 -3 -2 -2 -2 -3  2  0  2 -2  0  4 -3 -1  1 -1  1  0    0   0   0   0   0   0   0   0  12   0  30   0   0  38   0   0  20   0   0   0  0.26 0.02
  125 S    0 -1  0 -1 -1 -1 -1 -1 -1 -2 -2 -1 -1  2 -1  3  2 -2  0 -1    0   0   0   0   0   0   0   0   0   0   0   0   0  20   0  69  11   0   0   0  0.32 0.03
  126 L   -1 -2 -3 -3 -2 -2 -3  1 -3  2  3 -2  1  0 -3 -2 -1 -2 -2  0    0   0   0   0   0   0   0  20   0  12  68   0   0   0   0   0   0   0   0   0  0.35 0.05
  127 G    0 -2  2 -1 -3 -2 -2  5 -2 -4 -4 -2 -3 -3 -2  0 -2 -3 -3 -3    0   0  20   0   0   0   0  80   0   0   0   0   0   0   0   0   0   0   0   0  0.96 0.07
  128 K   -1  1  0 -1 -3  3  1 -2 -1 -2 -2  3 -1 -3 -1  0  2 -3 -2 -2    0   0   0   0   0  32   0   0   0   0   0  44   0   0   0   0  24   0   0   0  0.45 0.07
  129 K    0  1  0 -1 -2  2  0 -1 -1 -2 -2  3 -1 -3 -1  2  2 -3 -2 -2    0   0   0   0   0  11   0   0   0   0   0  40   0   0   0  23  26   0   0   0  0.35 0.05
  130 L   -2 -3 -3 -4 -2 -2 -3 -4 -3  2  3 -3  3  2 -3 -2 -1 -2  0  1    0   0   0   0   0   0   0   0   0  16  49   0  11  14   0   0   0   0   0  11  0.40 0.07
  131 A    3 -2 -2 -3 -1 -1 -2 -1 -2  0  1 -2  3 -1 -2  0 -1 -2 -2  0   61   0   0   0   0   0   0   0   0   0  23   0  16   0   0   0   0   0   0   0  0.34 0.10
  132 D   -1 -1  3  3 -3  0  1 -1 -1 -3 -3  1 -2  1 -2  2  0 -3 -1 -2    0   0  23  26   0   0   6   0   0   0   0   9   0  11   0  25   0   0   0   0  0.36 0.07
  133 A    4 -2 -1 -2 -1 -1 -1  2 -2 -2 -2 -1 -1 -3 -1  1  2 -3 -2 -1   70   0   0   0   0   0   0  14   0   0   0   0   0   0   0   0  16   0   0   0  0.48 0.11
  134 M    0 -2 -3 -3 -2 -1 -3 -3 -2  1  2 -2  6 -1 -3 -2 -1 -2 -2  1   11   0   0   0   0   0   0   0   0   0  21   0  57   0   0   0   0   0   0  11  0.50 0.13
  135 A    2 -1  0  1 -1 -1 -1 -1  2 -2 -2 -1 -2 -2 -1  3  2 -3 -2 -1   20   0   0  13   0   0   0   0   8   0   0   0   0   0   0  34  20   0   0   5  0.29 0.09
  136 K    1  0 -1 -1 -2 -1 -1 -2 -2  0 -2  2 -1 -3  3  2  1 -3 -2 -1    8   0   0   0   0   0   0   0   0  12   0  24   0   0  19  30   7   0   0   0  0.35 0.10
  137 P    2 -2 -2 -2 -2 -1 -1 -2 -2 -1 -2  1 -2 -3  5  1 -1 -4 -3  1   22   0   0   0   0   0   0   0   0   0   0  11   0   0  41  10   0   0   0  16  0.70 0.14
  138 E    1 -1  0  2 -2  0  3  0 -1 -2 -2  0 -2 -3  2  1  1 -3 -2 -2   14   0   0  11   0   0  32   7   0   0   1   0   0   0  11  10  10   0   0   1  0.33 0.08
  139 P   -2 -2  1 -2 -3 -1 -2 -3 -2 -2  0  1 -2 -2  6 -1 -2 -3  1 -2    0   0  11   0   0   0   0   0   0   0  11  10   0   0  59   0   0   0   9   0  1.11 0.18
  140 G   -1 -1 -1 -1 -3  4  1  3 -1 -3 -3  0 -2 -3  1  1  1 -3 -3 -3    0   0   0   0   0  37   9  27   0   0   0   0   0   0   7  10  10   0   0   0  0.48 0.15
  141 K    0  1 -1 -1 -2  2  1 -2 -1 -1 -1  2 -1  0  1 -1 -1 -3 -1  1    8  10   0   0   0  13   9   0   0   0   0  19   0   6   9   0   0   0   0  25  0.19 0.09
  142 D   -1 -1  2  3 -2  0  1 -2  3 -2 -1 -1 -2 -2  1  2  1 -3 -2 -2    0   0   9  21   0   0  10   0  11   0  10   0   0   0   8  22   9   0   0   0  0.28 0.10
  143 N   -1 -1  3  0 -2  2  1 -2 -1 -2 -2  1 -2 -3 -2  1  2 -3 -2  0    0   0  30   0   0  17   8   0   0   0   0   6   0   0   0  14  16   0   0   9  0.34 0.12
  144 S   -1 -2  0  2 -2 -1  2  1 -2 -2 -2 -1 -2 -3 -2  2  2 -3 -2 -1    0   0   0  20   0   0  15  15   0   0   0   0   0   0   0  20  22   0   0   7  0.32 0.11
  145 E    0 -1  1 -1 -2  0  1 -2  2 -1 -2  1 -1 -2  1  1 -1 -3 -1  1    7   0  10   0   0   0  12   0  10   0   0  17   0   0   8  15   0   0   0  22  0.17 0.09
  146 A    3  1 -2 -2 -1 -1 -2  1 -2 -1  0 -1  2 -2 -2  0  2 -3 -2 -1   46  10   0   0   0   0   0   8   0   0   8   0   9   0   0   0  20   0   0   0  0.27 0.13
  147 T    1  2  2 -1 -2  0  0 -2 -1 -1  0  1  1 -2 -2  1  2 -3 -2 -1   12  15  13   0   0   0   7   0   0   0   9   8   8   0   0  10  18   0   0   0  0.17 0.08
  148 N    0  0  2 -1 -3  3  0 -2 -1 -3 -2  3 -2  0 -2  1  1 -3 -1 -2    8   0  18   0   0  22   0   0   0   0   0  28   0   8   0   9   7   0   0   0  0.32 0.13
  149 A    2  1  1 -1 -2 -1 -1  1 -1 -1 -1  1 -1 -2 -2  0  0 -3 -2  0   31  10   7   0   0   0   0  10   0   0   6  16   0   0   0   0   8   0   0  10  0.15 0.07
  150 R    0  4 -1 -2 -3  0  1 -2  2 -2 -2  1 -1 -2 -2  0 -1 -2  2  0    8  40   0   0   0   0   7   0   8   0   0   7   0   0   0  10   0   0   9  10  0.31 0.11
  151 H    1  2  2 -1 -3  2 -1 -2  2 -3 -2  0 -2 -2  3 -1 -1 -2  2 -2   18  15  13   0   0  14   0   0   9   0   0   0   0   0  19   0   0   0  10   0  0.36 0.11
  152 A    2 -1 -1  0 -1  1 -1 -1 -2  0 -1 -1  2 -2 -2  1  2 -3 -2  1   26   0   0   8   0   9   0   0   0   0   0   0  10   0   0  15  15   0   0  18  0.19 0.10
  153 Y    0 -2 -2 -2 -2 -2 -2 -2 -1  0  0 -2  0  3 -2  1  1 -1  3  1    8   0   0   0   0   0   0   0   0   6  10   0   0  17   0  16  15   0  19   9  0.22 0.09
  154 F   -1 -2 -2  1 -2 -1  1  0 -2 -1  2 -2  0  4 -3  0 -1 -1  0 -1    0   0   0   9   0   0  15  10   0   0  27   0   0  29   0   9   0   0   0   0  0.21 0.11
  155 S    0 -2  1 -1 -2 -1 -1 -2 -2 -2 -1 -1 -2 -3  5  2  1 -3 -3 -2    8   0  10   0   0   0   0   0   0   0  10   0   0   0  38  29   6   0   0   0  0.68 0.15
  156 S    0  1  1  1 -2 -1 -1  2 -1 -3 -3  1 -2 -3 -2  3  1 -3 -2 -2    0   8   8  10   0   0   0  18   0   0   0  10   0   0   0  38   9   0   0   0  0.35 0.11
  157 N   -1  1  4  0 -3  0  1  1 -1 -3 -3  1 -2 -3  1  1 -1 -4 -3 -3    0   8  37   0   0   0  10  10   0   0   0  14   0   0   8  14   0   0   0   0  0.43 0.13
  158 L    0 -2 -3 -3 -2 -2 -3  0 -3  1  3 -2  2  1 -3  0 -1 -2 -1  0    7   0   0   0   0   0   0   8   0   6  54   0  10   8   0   8   0   0   0   0  0.30 0.12
  159 K    0  1  0  3 -3 -1  0  2  1 -3 -3  1 -2 -2 -2  2 -1 -3  1 -3    5   8   0  26   0   0   0  16   6   0   0  10   0   0   0  22   0   0   7   0  0.30 0.10
  160 L    0  0 -2 -2 -2 -1 -2 -1 -2  2  2  0  1 -1  1 -1  0 -3 -2  1    5   8   0   0   0   0   0   6   0  19  23   8   6   0   7   0   9   0   0   8  0.11 0.06
  161 N   -1  1  3 -1 -2  0 -1 -1 -1 -2 -1  1 -2 -3  1  2  2 -3 -2 -2    0  10  24   0   0   0   0   0   0   0   6  10   0   0   8  28  14   0   0   0  0.32 0.12
  162 K   -1  2  2  1 -3  0  0 -2 -1  0 -2  2 -1 -3 -2  1  1 -3 -2 -1    0  15  17  10   0   0   0   0   0  12   0  24   0   0   0  14   9   0   0   0  0.25 0.10
  163 L    1 -2 -2 -3 -1  0 -2 -2 -2  1  2 -2  2  1 -2 -1  1 -2 -1  2   15   0   0   0   0   8   0   0   0   0  25   0  10   7   0   0  17   0   0  20  0.18 0.09
  164 M    0 -2 -1 -1 -3 -1  1  3  2  0  0 -1  1  0 -2 -1 -2 -2 -1 -1    8   0   0   0   0   0  18  35   9   6   8   0  10   6   0   0   0   0   0   0  0.25 0.10
  165 N   -2  2  3  3 -3  2  1 -2 -1 -3 -2  0  1 -3  1 -1 -1 -3 -2 -3    0  14  23  22   0  15  10   0   0   0   0   0   9   0   8   0   0   0   0   0  0.42 0.13
  166 D   -1  2  2  2 -2  0  0 -1 -1 -1 -2  0 -1 -2 -2  1  0 -3 -2  0    0  20  20  20   0   0   0   0   0   0   0   0   0   0   0  20   0   0   0  20  0.23 0.05
  167 L    1 -2 -3 -3 -2 -2 -2 -3  1  2  2 -2  0 -1  1 -2 -1 -3 -2  2   16   0   0   0   0   0   0   0   6  16  36   0   0   0   8   0   0   0   0  18  0.28 0.12
  168 T    1 -1 -1 -1 -2 -1  0  0  1 -1  0  0 -1  0 -2  1  3 -2 -1 -1   17   0   0   0   0   0   6   7   6   0   8   8   0   7   0   9  31   0   0   0  0.17 0.11
  169 D    0 -1  2  2 -3 -1 -1  1  3 -3 -3  1 -2  0 -2  0  1 -3 -1 -2    9   0  12  17   0   0   0  14  15   0   0  14   0   6   0   0  13   0   0   0  0.26 0.12
  170 Q   -1 -1 -1 -1 -3  4  2 -2  1 -2 -1  1 -1 -3 -2  2  0 -3 -2  0    0   0   0   0   0  35  12   0   5   0   9   6   0   0   0  20   6   0   0   8  0.35 0.18
  171 V    0 -3 -2  0 -2 -2 -2  0 -3  1  1 -2  0  0  2  0 -1 -3 -2  2    7   0   0   6   0   0   0   6   0   7  15   0   0   5  12   8   0   0   0  34  0.19 0.11
  172 F   -1 -2  1 -2 -2 -2 -2 -2 -2  0 -1  0 -1  3  1  1  0 -2  1  1    0   0   9   0   0   0   0   0   0   3   0   8   0  26   7  18   5   0   5  19  0.21 0.14
  173 N    0 -1  4 -1 -3 -1  0  0 -1 -3 -3  1 -3 -3 -2  2 -1 -3  0 -3    7   0  37   0   0   0   7   6   0   0   0  10   0   0   0  28   0   0   5   0  0.49 0.21
  174 K    0  2  2 -1 -3  2  1  0 -1 -3 -3  2 -2 -3  0  1  0 -3 -2 -2    9  10  12   0   0  12  10   6   0   0   0  19   0   0   5  11   7   0   0   0  0.29 0.11
  175 I    0  0 -2 -2 -2  0  0 -3 -2  3  1 -2  2  0 -3 -2  0 -3 -2  2   11   6   0   0   0   4  10   0   0  33   7   0   6   4   0   0   4   0   0  14  0.20 0.14
  176 R   -1  3  1 -2 -3  1 -1 -2  4 -3 -2  0 -2 -3  3  0  1 -3  0 -2    4  28   8   0   0   6   0   0  14   0   4   0   0   0  16   5  11   0   3   0  0.42 0.19
  177 Q    0  1 -1  1 -3  4  1 -2  1 -3 -3  1 -2 -4  0  1  0 -3 -2 -3    6   7   0  11   0  36   5   0   5   0   0   8   0   0   5  14   5   0   0   0  0.48 0.23
  178 S    0 -1 -1 -1 -2  1 -1 -2  0 -1  1  0 -1  0  2  2  0 -3 -2 -1    4   0   0   2   0  11   0   0   3   0  17   6   0   6  13  29   4   0   0   4  0.22 0.17
  179 N   -1 -1  3 -1 -3  0  0 -1 -1  0 -2  0 -2 -3  2  1  2 -3 -1  0    0   0  21   0   0   4   7   4   0   6   0   4   0   0  12  17  16   0   3   6  0.28 0.17
  180 G    0 -2 -2 -2 -3  0  0  3 -2 -1 -2  0  0 -3  3  0  0 -3 -3  0    8   0   0   0   0   5   6  35   0   2   0   8   4   0  16   3   4   0   0   8  0.40 0.18
  181 D    0  0  2  3 -3 -1  1  0 -2 -3 -3  0 -3 -4  3  0  1 -4 -3 -2    6   4  14  26   0   0  12   5   0   0   0   3   0   0  15   4   8   0   0   3  0.44 0.18
  182 R   -2  3  0  0 -3  0 -1 -1 -2 -2 -1  0 -2 -3  4 -1  0 -3  0 -2    0  27   5   6   0   4   2   4   0   3   8   3   0   0  26   0   7   0   4   0  0.45 0.20
  183 V    2 -2 -2 -3 -2 -1 -2 -2 -2  1  0  0 -1 -2  2  0  0 -3  0  2   21   0   0   0   0   3   0   0   0   7   5   8   0   0  13   5   4   0   4  30  0.26 0.18
  184 R    0  3 -1  0 -3  1  2 -2 -2 -3 -2  2 -2 -4  2  1  0 -4 -3 -3    9  23   0   5   0   8  13   0   0   0   2  14   0   0  13  10   3   0   0   0  0.40 0.19
  185 R    1  4 -1  0 -3  0  2 -1 -2 -1 -3  1  0 -3 -2  0  1 -4 -3 -2   11  29   0   4   0   0  20   3   0   4   0   8   4   0   0   7  10   0   0   0  0.36 0.22
  186 P   -1 -3 -3 -3 -4  1 -2 -2 -3 -1 -3  0  0 -4  7 -2  0 -4 -4 -3    4   0   0   0   0   7   0   3   0   4   0   5   3   0  65   0   6   0   0   0  1.46 0.46
  187 M   -1 -2 -2  0 -2  0  0 -3  0  0  0 -1  2 -2  4 -1  2 -3 -2  0    4   0   0   4   0   4   8   0   3   4   9   2   9   0  23   3  18   0   0   9  0.32 0.18
  188 P    0 -3 -3 -3 -4  0  0 -3 -3 -1 -2 -2 -3 -4  7 -1 -1 -4 -4 -3    7   0   0   0   0   4   6   0   0   5   4   0   0   0  63   5   4   0   0   0  1.40 0.46
  189 E   -1 -1  1 -1 -3  2  4  1 -2  0 -1  0 -2 -3 -1 -1 -1 -3 -3 -2    3   0   6   0   0  12  40  10   0   9   6   4   0   0   3   2   2   0   0   0  0.38 0.24
  190 P   -1 -1  0 -3 -4 -3 -1 -3 -3 -4 -4 -2 -4 -4  7 -1 -2 -4 -4 -2    4   3   5   0   0   0   3   1   0   0   1   0   0   0  74   3   0   0   0   3  1.79 0.53
  191 F    1 -1  0  1 -2  1  0 -2 -2 -1 -2  0 -1  0  2  1  2 -2 -2  0   10   2   2  12   0   6   4   1   0   1   1   5   0   7   9  12  18   0   0  10  0.17 0.14
  192 W    1  0  0 -1 -2  0 -1 -1 -2 -2  0  0 -1  0  3  0  0  4  0 -1   17   3   4   2   0   5   1   4   0   1  10   8   0   5  16   7   5   7   3   2  0.20 0.13
  193 R    0  2  0  0 -2  1  2 -1 -1  0  0  1 -1 -2 -2 -1  0 -3 -2 -1   10  11   3   2   0   7  24   5   0   6  11   9   0   0   1   1   6   0   0   1  0.18 0.14
  194 P   -2 -3 -3 -1 -4 -3 -1 -3  0 -2 -2 -1 -3 -4  7 -1  0 -4 -4 -2    0   0   0   4   0   0   3   0   3   2   4   3   0   0  68   3   5   0   0   2  1.57 0.51
  195 Y   -1  1 -1  1 -3  2  3 -1  0 -2 -2  0  0 -3  1  0  1 -3 -1 -1    4   9   0   5   0  12  24   3   3   1   1   2   3   0   5   7  11   0   2   6  0.24 0.17
  196 G    2 -2  0 -2 -2  0  0  0  0 -2 -3 -1 -2 -3  3  1  2 -3 -3 -1   22   0   4   0   0   3   5   5   3   0   1   2   0   0  20  13  17   0   0   3  0.40 0.23
  197 A    1 -2 -2 -2  1 -2 -1 -1 -2  0 -2 -1  1 -3  3  2  1 -3 -3  1   12   0   0   0   4   0   3   3   0   4   0   4   5   0  17  21  10   0   0  15  0.30 0.21
  198 Q    0  0 -1  0 -3  3  2 -1  2 -3 -3  1 -2 -3  3  0  1 -3 -2 -2   10   5   0   3   0  16  15   3   5   0   0   7   0   0  15   8  10   0   0   0  0.37 0.21
  199 Q    0  0 -1  0 -3  2  2  0  2 -1 -1  0 -2 -3  3  0  0 -3 -2 -1    4   4   0   3   0  14  18   7   6   4   4   4   0   0  17   7   4   0   0   4  0.28 0.17
  200 Q   -1  1  0  0 -3  2  2 -1 -1 -1 -2  0  0 -3  3 -1 -1 -3 -1 -1    2  10   3   6   0  13  20   4   0   4   1   4   4   0  17   1   3   0   3   4  0.31 0.18
  201 A    2 -2  0 -2 -2 -1  0 -1  1 -2 -1 -2 -2 -3  4  2  0  1 -2 -1   28   0   4   0   0   2   5   3   4   2   4   0   0   0  22  16   4   2   0   3  0.41 0.23
  202 R    0  1  2 -1 -3  2  2 -2 -1 -3 -2  1 -2 -3  2  0  0 -3 -3 -2   11   8  15   0   0   9  17   0   0   0   5   9   0   0  14   3   8   0   0   0  0.33 0.20
  203 P    1 -2 -2 -2 -3 -2  1 -1 -3 -2 -1  0 -2 -3  5  0  0 -4 -3 -1   13   0   0   0   0   0  10   3   0   0   6   4   0   0  43   7   5   0   0   4  0.78 0.30
  204 Q   -1  0  1  1 -3  2  2 -1  2 -2 -1  1 -2 -1 -1  0  0 -3 -1 -1    2   3   7   5   0  16  19   4   8   2   4   9   0   4   2   3   7   0   0   3  0.21 0.14
  205 T    0  0 -2 -2 -3  0  1 -2 -2  0 -2 -1 -2 -3  4  2  1  1 -3 -2    6   7   0   0   0   5  12   1   0  10   1   0   0   0  28  19   8   2   0   0  0.49 0.25
  206 P   -2  1  0 -1 -3  0  2 -1 -2 -3 -3  1 -2 -3  4 -1  1 -3 -3 -1    1   7   4   2   0   3  17   4   0   0   1  11   0   0  30   1  13   0   0   4  0.57 0.25
  207 P    0 -1 -3 -2 -3  0  0 -3 -3 -1 -1 -2 -2 -3  6 -1 -1 -4 -1 -1    6   3   0   0   0   4   8   1   0   3   5   0   0   0  53   4   3   0   2   5  1.01 0.35
  208 G    0 -1 -1  1 -2  1  2  1  1 -2 -3  0 -2 -3  2  1  1 -3 -2 -1    7   2   0   7   0   4  21  12   5   0   1   4   0   0  10  12  10   0   0   4  0.25 0.15
  209 T    0 -1 -2 -1 -3  0  0 -3 -3 -1 -1 -2 -2 -3  5  1  1 -4 -3 -1    9   4   0   2   0   3   4   0   0   4   6   0   0   0  38  10  13   0   0   4  0.64 0.27
  210 R    0  2 -1  1 -3  1  3 -1 -1 -3 -3  1 -2 -3  1 -1  0 -3 -1 -2   10  13   0   8   0   4  30   3   0   0   1  11   0   0   5   1   7   0   3   2  0.33 0.20
  211 P   -2 -3 -3 -2 -4  0  0 -3 -3 -4 -4 -2 -4 -5  7 -1  0 -4 -4 -4    0   0   0   2   0   3   6   0   0   0   1   0   0   0  75   3   7   0   0   0  1.88 0.53
  212 Q    0  1  0  0 -3  2  1 -1 -1 -2 -2  2 -2 -3  1  0  2 -3 -2 -1    8   9   5   4   0  10  12   3   0   0   1  17   0   0   8   3  17   0   0   3  0.26 0.15
  213 A    3 -1 -2 -2 -2  1  0 -2 -2 -1 -3 -1 -2 -3  4  1  0 -4 -3 -2   33   4   0   0   0   9   5   0   0   4   0   0   0   0  27  12   4   0   0   0  0.58 0.28
  214 N    1 -1  2  2 -3  0  3 -2  0 -3 -3  1 -2 -3  2  0  0 -3 -3 -2   15   0  15  11   0   2  25   0   2   0   2   8   0   0   9   4   5   0   0   0  0.37 0.20
  215 S    0 -1  0 -1 -3  0 -2 -1 -2 -3 -3 -2 -2 -2  5  1  1 -4 -3 -1    4   4   4   3   0   3   0   4   0   0   1   0   0   2  42  14  13   0   0   5  0.76 0.29
  216 A    1 -1  0 -1 -2  1  2 -1 -1 -1 -2  0 -2  0  2  1  2 -3 -2 -1   14   0   5   0   0   6  18   2   0   3   1   4   0   6   9  10  15   0   0   4  0.19 0.14
  217 P    0 -3 -3 -2 -4  0  1 -1 -3 -4 -4 -2 -3 -4  6 -1  1 -4 -4 -3    8   0   0   0   0   4  10   3   0   0   0   0   0   0  62   2   8   0   0   0  1.42 0.44
  218 P    0  1 -1  0 -3  1  2 -1 -2 -2 -2  1 -2 -1  2  0  2 -3 -2 -1   10   6   0   4   0   5  21   3   0   0   0   7   0   4  11   3  19   0   0   6  0.26 0.17
  219 P    0 -3 -2 -1 -3 -1 -1 -3 -3 -3 -2 -2 -3 -4  6  1  1 -4 -3 -3    7   0   0   2   0   3   3   0   0   0   5   0   0   0  55  13  10   0   0   0  1.17 0.39
  220 P    0  0  1  0 -3  1  3 -1 -1 -1 -2  1 -2 -3  2 -1  0 -3 -2  0    7   3   7   3   0   6  29   3   0   2   3  11   0   0  13   0   4   0   0   7  0.30 0.17
  221 P   -1 -1 -1 -3  1  0 -1 -1 -3 -3 -1 -2 -3 -4  7 -1 -2 -4 -4 -3    5   3   3   0   4   4   3   6   0   0   6   0   0   0  63   2   0   0   0   0  1.34 0.43
  222 K   -1  1 -1  1 -3  2  2 -1 -2 -1 -3  2 -2 -3  2  1  0 -3 -3 -2    1   5   0   6   0  10  17   4   0   4   0  21   0   0  10  14   6   0   0   2  0.31 0.18
  223 A    3 -2 -2 -2 -2  0  0 -1 -2 -2 -1 -1 -2 -3  3  1  2  1 -3 -1   32   0   0   0   0   3   7   4   0   0   4   3   0   0  19   9  14   2   0   2  0.40 0.23
  224 E    0  1 -1  0 -3  3  4 -3 -2 -2 -3  0 -2 -4 -2  0  1 -3 -3 -2    9   6   0   2   0  15  42   0   0   3   0   2   0   0   0   6  12   0   0   2  0.53 0.29
  225 P    0 -3 -3 -3 -4  0 -2 -3 -3 -4 -4  0 -4 -5  7 -1  0 -5 -4 -3   10   0   0   0   0   4   0   0   0   0   0   5   0   0  71   3   6   0   0   0  1.74 0.53
  226 R   -1  1  1  0 -3  0  3  0  1 -3 -3  0 -2  0  0  0  1 -3  0 -3    0   8   7   2   0   0  30   9   4   0   0   5   0   6   4   7  14   0   2   0  0.28 0.19
  227 P    0 -3 -1  0 -4 -1 -2 -3 -3 -4 -3 -2 -3 -1  7  0 -1 -4 -4 -3    6   0   3   6   0   3   0   0   0   0   2   0   0   3  68   5   3   0   0   0  1.57 0.49
  228 A    1 -1 -1 -1 -2  0  2  1 -2 -1 -2  0 -2 -1  1  1  1 -3 -2  0   14   0   0   0   0   5  19  10   0   3   1   4   0   4   7  12  12   0   0   8  0.18 0.14
  229 S    1 -2 -1 -2 -2 -2 -1 -2 -3 -2 -2 -1 -2 -3  5  2  2 -4 -3 -1   16   0   2   0   0   0   2   1   0   0   3   3   0   0  37  15  14   0   0   3  0.73 0.29
  230 G    0 -1  1  1 -3  1  2  1 -1 -3 -3  1 -2 -3  2  1  1 -3 -2 -2    7   0   5   5   0   8  19  10   0   0   1   8   0   0  11  14   9   0   0   2  0.29 0.15
  231 R    0  1 -2 -2 -2  1  0 -2 -1 -2  0  0 -1 -3  4  0  0 -3 -2  0    7   9   0   1   0   7   4   1   1   1   9   4   0   0  31   9   8   0   0   7  0.45 0.19
  232 P   -1 -1  0  0 -3  0  2 -2  1  0 -1  1  0 -2  4  0  0 -3 -2 -1    3   1   3   3   0   2  18   1   4   6   4  12   3   0  24   6   6   0   0   3  0.34 0.16
  233 D    1 -1 -2  0 -2 -1  1 -1  0 -1 -2  0 -2 -1  5  1  0 -3 -2 -2   14   3   1   4   0   0  10   5   3   3   1   3   0   4  34  10   4   0   0   1  0.53 0.21
  234 G    0 -1 -1  1 -2  0  2  1 -2 -1 -1  1 -2 -3  3 -1  1 -3 -2 -1   10   1   1   6   0   4  16  11   0   4   4   9   0   0  16   1  11   0   0   4  0.23 0.13
  235 A    1  0 -2 -2 -2  0 -1 -2 -2 -1 -1 -1 -2 -3  4  2  1 -3 -2  0   12   4   0   1   0   3   1   1   0   2   7   3   0   0  28  20   9   0   0   7  0.44 0.20
  236 Q   -1  0  1  0 -3  1  3 -2  1 -1 -2  1 -2 -3  3  0  1 -3 -2 -2    4   4   6   3   0   7  23   1   3   5   1   9   0   0  15   7  11   0   0   0  0.32 0.17
  237 Q    0 -1 -2 -1 -3  0  1 -2 -2 -3 -3  1 -3 -1  5  1  0 -3 -3 -3    7   3   0   2   0   4  10   1   0   1   1   9   0   4  42  10   4   0   0   1  0.79 0.30
  238 Q    0  0  0  0 -3  1  1 -2  1 -2 -3  1 -1 -3  3  0  2 -3 -2 -2    6   5   3   3   0   7  11   2   5   2   1   8   1   0  21   7  16   0   0   2  0.35 0.18
  239 A    2 -2 -2 -2  1  0  0 -2 -3 -3 -2  0 -2 -3  5  1  0 -4 -3 -1   19   0   0   0   3   5   6   0   0   0   2   5   0   0  35  15   3   0   0   5  0.66 0.29
  240 R   -1  2 -1 -1 -3  2  3 -1 -2 -2 -3  1 -2 -3  1  1  1 -3 -3 -1    3  13   0   0   0   8  26   3   0   2   1   8   0   0   7  10  13   0   0   4  0.34 0.21
  241 P    1 -3 -3 -3 -3 -2  0 -1 -3  0 -3 -1 -3 -4  6 -1  0 -4 -4 -1   11   0   0   0   0   0   5   4   0   5   1   3   0   0  55   4   6   0   0   4  1.16 0.41
  242 E    0  0 -1  0 -3  2  3 -1  2 -2 -3  1  0 -3  1  0  0 -3 -2  0    5   4   0   2   0  13  26   3   7   0   1  12   2   0   7   6   4   0   0   7  0.30 0.19
  243 T    0 -2 -2 -2 -3 -1  1 -2 -2 -1 -2  1 -2 -1  4  1  2  1 -2 -2    9   0   0   0   0   0   8   0   0   4   3  10   0   3  24  13  20   2   0   0  0.44 0.25
  244 P   -1 -2 -2 -1 -4  1  2 -2 -2 -3 -1  0  1 -1  4 -1  2  1 -1 -3    2   0   0   3   0   5  19   2   0   0   5   5   4   3  30   2  17   2   2   0  0.56 0.31
  245 P    0 -4 -4 -3 -5 -3 -1 -2 -4 -5 -5 -1 -4 -6  7 -2 -1 -6 -5 -4    9   0   0   0   0   0   5   3   0   0   0   4   0   0  74   2   4   0   0   0  1.93 0.57
  246 R    0  1  0  1 -3  1  2 -1 -2 -2 -3  1  0 -3  1  1  1 -3 -3 -1    5   8   4   6   0   7  17   4   0   2   0   7   3   0   7  13  14   0   0   4  0.23 0.14
  247 T    1 -3 -3 -1 -3 -2 -2 -3 -3 -1 -3 -1 -3 -4  5  2  2 -5 -4 -1   16   0   0   3   0   0   0   0   0   4   0   4   0   0  41  17  13   0   0   3  0.91 0.34
  248 R    0  1 -1  0 -3  1  3 -1  0 -2 -2  2 -2 -3  2  0  1 -4 -3 -2    5   7   0   4   0   4  26   3   2   3   2  13   0   0  10   4  13   0   0   2  0.31 0.18
  249 P    0 -4 -3 -3 -4  0  0 -4 -4 -5 -5 -3 -4 -5  7  0  1 -5 -5 -4    6   0   0   0   0   4   5   0   0   0   0   0   0   0  67   9   9   0   0   0  1.72 0.50
  250 Q    0  0 -1  0 -3  3  2 -1  2 -2 -2  2 -2 -3  1  1  0 -4 -2 -3    5   4   0   2   0  17  20   3   7   2   4  14   0   0   8   9   7   0   0   0  0.32 0.19
  251 A    2 -3 -3 -3 -3  0 -2 -3 -3  0 -1 -1 -2 -4  5  1  1 -4 -4 -2   19   0   0   0   0   4   0   0   0   7   6   3   0   0  39  12  10   0   0   0  0.79 0.31
  252 N    0 -2  1  1 -3  0  4  0 -2 -3 -3  0  0 -4  2  0  1 -4 -3 -1    6   0   9   4   0   3  34   7   0   0   0   3   3   0   9   3  13   0   0   5  0.40 0.22
  253 S    1 -3 -3 -1 -3 -2 -1 -3 -3 -3 -2 -1 -3 -4  6  1  1 -5 -4 -3   16   0   0   4   0   0   3   0   0   0   4   3   0   0  48  11  12   0   0   0  1.03 0.35
  254 T    1  1 -1 -1 -3 -1  3 -3  1 -3 -3  0  0 -4 -2  2  3 -4 -3 -2   10  10   0   0   0   0  25   0   3   0   0   3   4   0   0  14  32   0   0   0  0.49 0.28
  255 P   -1 -4 -4 -3 -4  0 -3 -4 -4 -1 -4 -1 -4 -5  7 -1  0 -5 -5 -4    3   0   0   0   0   5   0   0   0   4   0   3   0   0  77   4   4   0   0   0  1.98 0.54
  256 P    1  1 -1  0 -3  1  2 -1 -2 -3 -3  0  0 -4  3  1  2 -4 -3 -2   12   9   0   3   0   8  14   3   0   0   0   3   2   0  17   7  21   0   0   1  0.37 0.20
  257 P    0 -3 -3 -2 -4  1 -2 -3  1 -4 -2 -1 -3 -4  7  0 -2 -5 -1 -4    9   0   0   2   0   6   0   0   4   0   3   4   0   0  62   8   0   0   2   0  1.41 0.43
  258 P   -1 -2 -1  0 -4  0  4  0  0 -1 -2  1 -2 -4  3  0 -2 -4 -3 -2    4   0   2   1   0   2  39   6   3   3   4   8   0   0  16   9   0   0   0   1  0.47 0.24
  259 P   -1 -4 -4 -1 -4 -3 -3 -4 -1 -4 -3 -3 -4 -5  7 -1 -3 -5 -4 -4    4   0   0   4   0   0   0   0   2   0   2   0   0   0  84   3   0   0   0   0  2.25 0.58
  260 K   -1  1 -1  0 -3  1  2 -2 -2 -2 -3  3 -2 -3  0  1  1 -4 -3  0    2   5   0   4   0   6  15   0   0   0   0  31   0   0   3  11  13   0   0   8  0.36 0.21
  261 A    2  0 -2 -2 -3  1 -1 -2 -2 -1 -3  1 -2 -3  4  1  1 -4 -3 -1   23   4   0   0   0   7   0   0   0   4   0   9   0   0  25  14  10   0   0   2  0.50 0.23
  262 E    1 -2  1 -1 -3  2  4 -1  0 -1 -3 -1 -3 -4  0  0  1 -4 -3 -3   11   0   7   0   0   8  46   4   2   3   0   0   0   0   4   5   8   0   0   0  0.52 0.27
  263 P   -1 -3 -3 -3 -4 -3 -1 -4 -4 -3 -1 -3 -3 -4  7  0  0 -5 -4 -1    5   1   0   0   0   0   3   0   0   0   5   0   0   0  69   7   4   0   0   4  1.63 0.46
  264 R   -1  1 -2  0 -3  0  4 -2  2 -3 -3 -1 -2 -3  1 -1  2 -3  0  0    1   6   0   4   0   2  36   2   6   0   0   1   0   0   6   1  22   0   4   8  0.43 0.26
  265 P   -1 -3 -3 -3 -4  1  1 -4 -3 -4 -4 -2 -4 -5  7  1 -1 -5 -4 -4    4   0   0   0   0   6   9   0   0   0   0   0   0   0  64  13   3   0   0   0  1.60 0.47
  266 A    1 -2  1 -1 -2  0  2 -1  2 -1 -2  0  0 -3  1  0  2 -3 -2  1   19   0   6   0   0   3  16   2   7   2   0   3   2   0   7   6  15   0   0  12  0.20 0.16
  267 S    1 -2 -2 -1 -3 -1 -2 -3 -3 -3 -2  0 -3 -4  6  2  0 -4 -3 -2   12   0   0   4   0   3   0   0   0   0   4   4   0   0  44  19   6   0   0   2  0.89 0.31
  268 G    1 -1 -1  0 -3  1  3  1 -2 -2 -3  0 -2 -3  0  1  1  1 -2 -2   13   3   0   2   0   7  27  15   0   2   0   2   0   0   4   9  12   2   0   2  0.29 0.17
  269 R    0  0 -3 -3 -3  1  0 -3 -3 -3 -1 -2 -3 -4  6 -1  0  0 -3 -2    6   5   0   0   0   6   4   0   0   0   7   0   0   0  56   4   5   1   0   2  1.15 0.35
  270 P   -1  0  1  0 -3  2  3 -1 -1 -3 -3  1  0 -3  3  1  0 -3 -3 -3    3   2   8   2   0  11  24   5   0   0   1   9   3   0  16  10   6   0   0   0  0.40 0.18
  271 D    0 -2 -2  1 -3 -2 -2 -3 -3 -3 -3  0 -3 -1  6  1  0 -4 -3 -3    8   0   0  10   0   0   0   0   0   0   1   7   0   4  49  13   5   0   0   0  1.03 0.33
  272 G   -1 -1 -1  1 -3  0  2  0  0 -1 -2  0  0 -1  2  0  1 -3 -2 -1    3   0   0  10   0   4  23   8   2   4   1   3   4   3  12   6  11   0   0   4  0.24 0.14
  273 A    1 -1 -2 -2 -3  1  0 -3 -2 -3 -2 -2 -3 -4  5  1  1 -4 -3 -3   12   4   0   0   0   7   7   0   0   0   2   0   0   0  43  10  12   0   0   0  0.86 0.29
  274 Q    0  0  0 -1 -3  3  3 -2 -2 -2 -3  0 -2 -3  2  0  1 -3 -3 -1    7   5   2   0   0  18  32   2   0   3   1   3   0   0  11   3  10   0   0   3  0.43 0.22
  275 Q    0  0 -2  0 -3  1 -1 -3  0 -1 -2  0 -2 -3  6 -1 -2 -4 -3 -2    7   6   0   4   0   9   2   1   2   4   3   7   0   0  48   4   0   0   0   2  0.89 0.28
  276 Q   -1 -1 -1  0 -2  2  2 -1 -2 -1 -1 -1 -2 -3  2  0  2 -3 -2  0    3   0   0   2   0  12  20   3   0   1   5   2   0   0  13   7  20   0   0  10  0.30 0.18
  277 A    2 -2 -2  0 -2 -1 -2 -2 -2 -3 -2 -2 -2 -3  5  2  0 -3 -3 -1   26   1   0   5   0   3   1   1   0   1   2   1   0   0  36  16   4   0   0   3  0.74 0.26
  278 R    0  1  0  1 -2  1  3 -2 -1 -1 -1  1 -1 -3  0  0  0 -3 -2  0    9   7   4   9   0   5  25   1   0   1   3   6   0   0   5   5   5   0   0  12  0.20 0.12
  279 P    0 -3  0 -3 -3 -2 -2 -3 -3 -2 -3  0 -3 -4  7 -1  0 -4 -4 -1    7   0   4   0   0   0   0   1   0   2   1   4   0   0  66   2   6   0   0   4  1.51 0.41
  280 E    0  0 -1  1 -3  1  3 -2 -2 -3 -3  2  0 -3  2  0  1 -3 -3 -1   10   2   2   5   0   6  26   0   0   0   0  16   2   0  10   6  10   0   0   3  0.33 0.17
  281 T    1 -2 -2 -2 -3 -2  0 -2 -2 -1 -3  0 -2 -3  5  1  1  2 -1 -2   17   0   0   0   0   0   6   1   0   4   1   6   0   0  36  13   9   3   3   1  0.66 0.24
  282 P   -1 -1 -2 -1 -3  0  3  0  1 -3 -3  0  0 -4  4  0  1 -4 -3 -3    4   3   0   0   0   2  32   6   3   0   0   3   4   0  27   7   9   0   0   0  0.61 0.26
  283 P    1 -4 -3 -3 -4 -3 -1 -3 -4 -4 -4 -3 -4 -1  7  1  0 -5 -4 -4   10   0   0   0   0   0   4   0   0   0   0   0   0   4  68   9   5   0   0   0  1.65 0.48
  284 R   -1  1 -1  0 -3  2  3 -3 -2 -2 -1  1  0 -1  1  0  2 -3 -2 -2    2  10   0   4   0  11  25   0   0   2   4   5   3   4   8   8  15   0   0   0  0.30 0.18
  285 T    0 -1 -2  0 -3 -2  0 -1 -3 -3 -4 -2 -3 -4  6  1  2 -4 -4 -2    8   4   0   4   0   0   5   4   0   0   0   0   0   0  46  11  16   0   0   2  0.95 0.33
  286 R   -1  1  0 -1 -3  1  3 -1  1 -2 -3  0 -2 -3  2  1  0 -4 -3 -1    2   7   3   0   0   6  33   5   4   2   0   4   0   0  10  12   7   0   0   6  0.35 0.20
  287 P    1 -4 -1 -3 -4 -3 -1 -4 -4 -4 -5 -3 -4 -5  7  0 -1 -5 -4 -4   10   0   3   0   0   0   3   0   0   0   0   0   0   0  72   8   4   0   0   0  1.81 0.51
  288 Q   -1  0 -1  0 -3  3  2 -1  2 -2 -3  1 -2 -3  0  1  2 -3 -2 -1    0   2   0   3   0  18  16   4   5   3   0  10   0   0   3  13  18   0   0   3  0.31 0.19
  289 A    2 -3 -2  0 -3  0  0 -2 -3 -3 -3 -1 -3 -4  5  1  0  1 -3 -3   22   0   0   6   0   3   4   0   0   0   2   3   0   0  42  12   4   2   0   0  0.86 0.31
  290 N    0  0  0  0  1  0  3 -1 -2 -1 -3  1  0 -3  0  1  0  2 -2 -2    8   4   4   3   3   1  34   2   0   5   0   9   2   0   3  13   4   4   0   0  0.31 0.19
  291 S   -2 -3 -1 -3 -4 -2  0 -3 -3 -4 -2 -2 -3 -5  6  2  1 -5 -4 -2    0   0   3   0   0   0   7   0   0   0   3   0   0   0  59  16   9   0   0   2  1.39 0.43
  292 T    1 -2 -2 -1 -3 -1  3 -2 -2 -2 -2  1  0 -1  1  0  3  1 -2 -2   10   0   0   0   0   0  29   2   0   1   3   7   3   4   5   5  28   2   0   0  0.36 0.24
  293 P    0 -3 -3 -1 -4  0 -1 -2 -4 -3 -4 -3 -4 -5  7  0 -2 -5 -4 -4    6   0   0   3   0   6   3   2   0   1   0   0   0   0  71   7   1   0   0   0  1.75 0.49
  294 P   -1 -1  0  1 -3  0  2  0  1 -3 -3 -1 -1 -3  3  0  2 -4 -3 -1    0   2   3   8   0   3  22   7   4   0   0   2   2   0  18   7  18   0   0   4  0.37 0.19
  295 P    1 -3 -2 -3 -3  0 -1 -1 -3 -2 -4 -1 -3 -4  6  1  0 -4 -1 -3   12   0   0   0   0   5   2   4   0   2   0   3   0   0  51  13   6   0   2   0  1.06 0.34
  296 P   -1  0  0  0  1  1  3 -3 -2 -1 -2  1 -2 -3  2  1  0 -4 -3 -1    2   5   4   4   4   7  32   0   0   3   1   6   0   0   9  13   6   0   0   3  0.35 0.19
  297 P   -1  0 -4 -3 -5 -3  0 -1 -4 -5 -5 -3 -4 -4  7 -3 -2  1  0 -4    4   6   0   0   0   0   5   4   0   0   0   0   0   0  73   0   2   2   4   0  1.81 0.51
  298 K    0  1  0  1 -3  2  2 -1 -1 -3 -3  2 -2 -4  1  1  1 -4 -3 -2    5   6   3   5   0  13  18   4   0   0   0  18   0   0   6  12   7   0   0   2  0.32 0.17
  299 A    2 -2 -2 -2 -2  0 -1 -2 -1 -2  0 -1  0 -2  4  2  0 -4 -3 -1   26   0   0   0   0   3   3   0   2   0   9   3   3   1  26  16   5   0   0   2  0.47 0.24
  300 E    0 -2 -2  1 -3  1  4 -1  1 -3 -3  0 -3 -4  2 -1  1 -4 -3 -1   10   0   0   6   0   6  38   4   3   0   0   5   0   0  12   2  11   0   0   5  0.46 0.25
  301 P   -1 -4 -4 -4 -4 -3 -3 -4 -4 -4 -5 -1 -4 -5  7 -1  0 -6 -5 -2    3   0   0   0   0   0   0   0   0   0   0   2   0   0  80   4   7   0   0   3  2.12 0.59
  302 R   -1  2  0 -1 -3  0  2  0  1 -2 -3  0 -1 -3  1  1  1 -3 -2 -1    0  17   4   2   0   3  20   7   4   0   0   5   2   0   6  11  13   0   0   6  0.25 0.17
  303 P    0 -3 -2 -2 -4  0  1 -1 -3 -4 -4 -1 -3 -4  6  0  0 -4 -4 -3    8   0   2   0   0   3   9   4   0   0   0   3   0   0  56   8   5   0   0   0  1.23 0.39
  304 A    2 -1 -1  0 -3  1  3 -1 -2 -2 -3  1  0 -1  0  0  2 -3 -2 -2   20   0   0   5   0   6  23   3   0   1   0  11   2   3   4   4  16   0   0   0  0.28 0.19
  305 S    0 -2  0 -2 -3  1  0 -3 -3 -3 -2  0 -3 -4  5  1  2  1 -3 -3    8   0   3   0   0   9   4   0   0   0   4   4   0   0  39  11  15   2   0   0  0.78 0.31
  306 G    0  0 -1  0 -2  0  1  0 -2 -1 -2  1 -1 -3  2  1  1 -3 -2  0    8   3   0   5   0   4  13   8   0   3   0   8   2   0  11  15  11   0   0   7  0.19 0.11
  307 R    1  1 -1 -1 -3  2  1 -2  1 -3 -3  0 -3 -4  5  0 -1 -4 -3 -1   13   8   2   2   0  12   7   0   4   0   0   3   0   0  36   7   2   0   0   4  0.68 0.26
  308 P   -1  0 -1 -1 -3  1  4 -3 -2 -1 -2 -1  0 -3  4 -1  1 -4 -1 -2    4   3   2   0   0   5  34   0   0   4   3   0   3   0  27   2   9   0   2   0  0.61 0.28
  309 D   -1 -2  0  0 -4  0 -1 -1 -3 -4 -2 -1 -3 -4  6 -1 -1 -4 -1 -3    3   2   5   6   0   3   2   3   0   0   3   4   0   0  59   3   3   0   2   0  1.23 0.38
  310 G   -1 -1  0  1 -3  1  2  1 -2 -1 -3  1 -2 -3  0  1  2 -3 -3 -1    2   0   4   7   0   4  22  15   0   3   0  10   0   0   4   8  17   0   0   3  0.26 0.16
  311 A    2 -3 -1 -3 -3  0 -1 -3  1 -3 -4 -2 -3 -4  6 -1  0 -4 -3 -2   22   0   4   0   0   4   4   0   4   0   0   0   0   0  54   1   4   0   0   2  1.18 0.38
  312 Q    0  0 -1  0 -3  2  3 -1 -1 -1 -2  1 -2 -3  0  1  1 -3 -2  0    6   5   1   3   0  10  27   2   0   3   0   7   0   0   4  10  13   0   0   6  0.27 0.16
  313 Q   -1 -1 -1 -2 -3  3  0 -3 -2 -3 -2  0 -2 -4  5  1 -1  1 -3 -3    5   2   2   0   0  16   5   1   0   0   3   7   0   0  43  10   3   2   0   0  0.86 0.30
  314 Q   -1  0  0  1 -3  2  3 -3 -2 -3 -3  0  0 -3  2  0  1 -3 -3 -1    3   3   4   5   0  14  32   0   0   0   0   5   3   0  12   3   9   0   0   5  0.43 0.22
  315 A    2 -1 -2 -2 -3  0  0 -2  2 -1 -3 -1 -3 -4  5  0 -1 -4 -3 -2   21   2   0   0   0   3   6   0   6   3   0   4   0   0  43   7   2   0   0   2  0.85 0.31
  316 R   -1  1 -1 -1 -3  1  3 -2 -2 -1 -2  3  0 -3  1  0  0  1 -2 -1    0   8   0   0   0   4  24   2   0   3   0  25   3   0   7   8   8   2   0   5  0.33 0.20
  317 P    0 -1 -3 -1 -4 -3 -3 -3 -1 -4 -4 -2 -4 -5  7  1 -1 -5 -4 -4    7   4   0   2   0   0   0   0   2   0   0   0   0   0  68  11   4   0   0   0  1.62 0.47
  318 E   -1  1 -1  1 -3  0  3  0  2 -2 -3  0  0 -3 -2  0  2 -3 -2 -1    4   7   1   6   0   0  32   9   6   2   0   2   3   0   0   6  18   0   0   3  0.33 0.21
  319 T    0 -3 -3 -2 -3  1  0 -3 -3 -3 -1 -1 -3 -4  6 -1  2 -4 -3 -3    7   0   0   0   0   7   6   0   0   0   5   3   0   0  52   3  16   0   0   0  1.11 0.37
  320 P   -1  0  0  0 -3  2  3 -2 -2 -2 -3  1 -2 -4  3  0  1 -4 -3 -3    4   3   3   3   0   9  29   2   0   2   0   8   0   0  17   6  13   0   0   0  0.47 0.23
  321 P   -1 -4 -3 -3 -4 -3 -1 -4 -4 -4 -2 -3 -4 -5  7  1  1  1 -4 -4    3   0   0   0   0   0   2   0   0   0   3   0   0   0  68  11  10   2   0   0  1.68 0.50
  322 R    0  2 -1  1 -3  1  1 -1  1 -2 -2  1 -2 -3  1  1  1 -3 -2 -2    7  17   0   8   0   4  10   2   3   1   4   8   0   0   7  15  13   0   0   2  0.23 0.14
  323 T    0 -3 -3 -3 -3  0 -2 -3 -3 -3 -1 -2  0 -4  6  2  1 -4 -1 -2    8   0   0   0   0   3   0   0   0   0   5   0   2   0  51  19   8   0   2   2  1.10 0.39
  324 R   -1  1  0 -1 -4  0  4 -2  1 -4 -4  0 -3 -4  1  1  1 -4 -3 -2    4   9   3   0   0   2  43   2   3   0   0   3   0   0   8  10  12   0   0   1  0.53 0.28
  325 P   -3 -1 -3 -1 -5  2 -2 -2 -3 -4 -3 -2 -4 -5  7  0 -3 -5 -4 -4    0   3   0   3   0  13   0   2   0   0   3   0   0   0  68   8   0   0   0   0  1.69 0.52
  326 Q   -1  0  0 -1 -3  2  1 -1 -2 -1 -2  1  0 -3  1  0  1 -3 -2  0    4   4   5   2   0  15   9   5   0   3   0  12   3   0   8   3  15   0   0  11  0.20 0.15
  327 A    3 -2 -2 -2 -2 -2  0 -1 -3 -3 -1 -1  0 -3  4  2  1 -4 -3 -2   31   0   0   0   0   0   4   3   0   0   4   2   3   0  23  17  12   0   0   0  0.54 0.27
  328 N    0 -1  1 -1 -4  1  4 -3  1 -3 -1 -1  0 -4  0  0  0 -4 -3 -3    9   3   9   0   0   4  49   0   3   0   6   1   2   0   4   6   6   0   0   0  0.54 0.29
  329 S   -2 -3 -2  1 -4  1  0 -3 -3 -4 -4 -1  0 -4  6  2  0  1 -4 -3    0   0   0   9   0   6   4   0   0   0   0   2   4   0  47  19   6   2   0   0  1.03 0.37
  330 A    0  0  0 -1 -3  1  3 -1 -2 -3 -3  0 -2 -4  1  1  3 -4 -3 -2    9   5   3   0   0   5  27   4   0   0   0   3   0   0   8  10  23   0   0   0  0.39 0.23
  331 P   -1 -3 -3 -3 -5  1 -1 -4  1 -5 -5 -1 -4 -5  7  0 -3 -5 -4 -4    3   0   0   0   0   6   2   0   3   0   0   4   0   0  74   7   0   0   0   0  1.92 0.55
  332 P    0 -2  0  1 -3  0  3 -3  1 -2 -3 -1 -3 -4  3  0  2 -4 -3 -1    7   0   3   7   0   2  26   0   3   1   0   0   0   0  20   7  18   0   0   5  0.50 0.25
  333 P   -1 -3 -3 -1 -4  0  1 -4 -3 -4 -4 -2 -4 -1  7  0  0 -5 -4 -4    5   0   0   2   0   3   9   0   0   0   0   0   0   4  64   8   5   0   0   0  1.49 0.46
  334 P   -1 -1 -2 -1 -3  2  4 -2 -2 -1 -3 -1 -3 -4  3  1  1 -4 -3  0    2   3   0   0   0   9  36   2   0   3   0   0   0   0  19  10   9   0   0   7  0.55 0.29
  335 P   -1 -3 -4 -3 -5 -3 -1 -4  1 -2 -5  0 -4 -5  7 -1 -3 -5 -4 -4    5   0   0   0   0   0   3   0   3   2   0   7   0   0  77   3   0   0   0   0  2.00 0.57
  336 K    0  0  0  1 -3  1  2 -1 -2 -3 -3  3 -2 -4  1  1  1 -4 -3 -2    6   2   3   6   0   8  12   4   0   0   0  32   0   0   6   8  11   0   0   2  0.35 0.20
  337 A    3 -2 -2 -1 -2  0  0 -2 -3 -2 -2 -1 -2 -3  3  2  1  1 -3  0   31   0   0   2   0   3   5   0   0   0   2   2   0   0  19  19   8   2   0   5  0.45 0.25
  338 E   -1 -1 -2  1 -4  0  4 -3 -2 -1 -1  1  1 -4  1 -1  1 -4 -3 -2    4   2   0   7   0   2  44   0   0   3   4  10   5   0   9   0  10   0   0   2  0.51 0.30
  339 P   -1 -2 -1 -3 -4 -3 -3 -4 -4 -4 -3 -1 -4 -5  7 -2  1 -5 -4 -4    4   2   3   0   0   0   0   0   0   0   1   2   0   0  77   0   8   0   0   0  1.97 0.59
  340 R   -1  2  1  0 -3  0  3 -3  1 -2 -2  1 -2 -3  1  0  1  1 -2 -3    3  15   7   2   0   0  27   0   5   3   2   9   0   0   8   6  12   2   0   0  0.34 0.22
  341 P    0 -3 -3 -1 -4 -1 -1 -2 -4 -4 -4 -3 -4 -5  7  0  0  1 -4 -4    6   0   0   2   0   3   3   3   0   0   0   0   0   0  69   6   6   2   0   0  1.65 0.53
  342 A    1 -2 -1  0 -3  1  2  1  0 -2 -2  0  1 -3  1  1  2 -3 -2  0   13   0   0   3   0   5  20  11   3   0   0   3   6   0   6   7  17   0   0   6  0.23 0.19
  343 S    0 -1 -3 -3 -4 -2 -2  0 -3 -4 -4  1 -4 -5  6  1  1 -5 -4 -4    5   3   0   0   0   0   0   8   0   0   0   9   0   0  53  13   9   0   0   0  1.19 0.43
  344 G    0  0 -1  0 -3  1  3 -1 -2 -3 -2  0 -2 -3  3  1  1  0 -3 -1    5   3   0   2   0   7  30   4   0   0   3   5   0   0  14   9  13   1   0   3  0.37 0.23
  345 R    0  2 -2  0 -3  1  1 -2 -2 -3 -1  0 -2 -3  4  0  0  1 -3 -2    9  13   0   3   0   7  13   0   0   0   7   2   0   0  31   5   4   2   0   0  0.53 0.24
  346 P    0 -1  0  0 -3  0  2 -2 -2 -1 -3  1  0 -3  4  0  1 -4 -3 -2    7   2   4   2   0   1  20   0   0   3   0  10   3   0  27   8   9   0   0   2  0.47 0.23
  347 D    1 -2 -1  0 -3  0  0 -2 -2  0 -1  0 -2 -3  5  0 -1 -3 -1 -2   15   0   3   6   0   5   6   1   0   7   5   5   0   0  36   6   1   0   2   1  0.57 0.24
  348 G    0  0  1  1 -3  1  2  1 -1 -3 -3  0 -2 -3  3  1  0 -3 -3 -3    5   3   8   6   0   6  22  14   0   0   1   4   0   0  15   9   5   0   0   1  0.36 0.17
  349 T    1 -1 -2 -1 -2 -1  0 -2 -2 -1 -2 -2 -2 -3  5  2  1 -3 -3  0   13   3   0   2   0   3   4   1   0   5   3   0   0   0  33  17  10   0   0   5  0.56 0.25
  350 Q    0  1 -1 -1 -3  1  3 -1  1 -3 -3  0 -2 -3  2  1  1 -3 -2 -1    5   9   1   0   0   5  30   2   5   0   1   4   0   0  10  13  10   0   0   4  0.35 0.21
  351 Q    0 -2  0 -2 -3  0  0 -3 -2 -3 -2  0 -3 -1  6  1  0 -4 -3 -3    5   0   5   0   0   5   7   0   0   0   5   4   0   3  45  15   4   0   0   0  0.85 0.33
  352 Q    0  0  0  0 -3  2  2 -2  1 -3 -3  0  0 -3  3  1  1 -3 -2 -2    7   3   3   2   0  14  21   0   3   0   1   4   4   0  14  12  11   0   0   0  0.37 0.22
  353 A    1 -1 -2  0 -3  1  0 -1 -1 -2 -2 -1  0 -3  4  1  0  1 -2 -2   17   2   0   5   0   6   6   3   2   2   2   3   4   0  28  11   5   2   0   0  0.42 0.21
  354 R   -1  2  0 -1 -3  0  3  0  0 -1 -1  0 -2 -2  1  0  1 -3 -1 -1    1  12   4   0   0   0  28   8   3   3   7   4   0   0   8   3  11   0   2   6  0.20 0.16
  355 P    0 -1 -3 -2 -3 -1  0 -2 -3 -3 -1 -2 -3 -1  6  0 -1 -4 -3 -3    8   4   0   0   0   3   6   3   0   0   5   0   0   3  56   6   4   0   0   1  1.11 0.38
  356 E    0 -1  0  0 -3  0  4 -1 -1 -1 -3  0 -1 -3  2  1  0 -3 -3 -1    5   0   3   4   0   2  38   3   1   3   1   6   2   0  14   9   3   0   0   4  0.41 0.23
  357 T    0 -1 -2 -2 -2  0  0 -2  0 -1 -2  0 -2 -3  4  1  2 -3 -2 -1    9   3   0   0   0   5   5   1   2   5   3   5   0   0  27  16  15   0   0   2  0.44 0.22
  358 P    0 -2 -1  0 -3 -1  2 -1 -2 -1 -1  0 -2 -3  3  0  2 -3 -3  0    9   0   0   6   0   0  20   5   0   4   4   7   0   0  18   2  19   0   0   6  0.32 0.20
  359 P    0 -3  0 -3 -3 -2 -1 -3 -3 -3  0 -2 -3 -4  6  0 -1 -4 -4 -3    6   0   5   0   0   0   4   0   0   0  10   0   0   0  61   9   2   0   0   0  1.35 0.46
  360 R    0  1  1  1 -3  1  2 -1  0 -3 -3  0 -2 -3  2  1  1 -3 -2 -2    7   9   7   6   0   4  22   3   3   0   1   3   0   0  11  10  14   0   0   0  0.31 0.17
  361 T    0 -2  0 -2 -3 -1 -1 -1 -2 -1 -1 -2 -2 -3  5  1  1  1 -1 -1    9   0   4   1   0   2   2   4   0   5   5   1   0   0  39  12  10   2   2   3  0.63 0.26
  362 R   -2  2 -2 -1 -3  1  3 -3 -2  0 -2  1  0 -3  1  0  0 -3 -3 -1    0  17   0   0   0   5  32   0   0   7   1   9   2   0   8   4   7   0   0   5  0.39 0.24
  363 P   -1 -3 -3 -1 -4 -3 -1 -3  1 -4 -4 -1 -3 -4  7  0 -1 -5 -4 -1    4   0   0   3   0   0   4   0   4   0   1   2   0   0  70   5   2   0   0   5  1.64 0.52
  364 Q    0  1  1  0 -3  2  2 -2  2 -2 -3  1 -2 -3  1  1  1 -3 -2 -2    4   7   6   4   0  13  15   0   6   3   1  10   0   0   8  11   8   0   0   2  0.26 0.15
  365 A    2 -2 -2 -2 -2  0  0  0  1 -3 -1 -2 -2 -3  4  1 -1 -3 -3 -1   28   0   0   0   0   4   5   7   4   0   7   0   0   0  29  12   0   0   0   2  0.56 0.27
  366 N   -1  0  2  0 -3  0  3 -1  0 -2 -3  0 -2 -3  0  0  1 -3 -3  0    4   5  12   3   0   2  35   4   1   0   1   5   0   0   3   5   8   0   0   9  0.32 0.21
  367 S   -1 -1 -2 -2 -3  0 -2 -1 -3 -1 -3 -2 -3 -1  6  2  1 -4 -3 -3    2   3   0   0   0   5   0   4   0   4   1   0   0   3  47  19  11   0   0   1  0.95 0.37
  368 A    1 -1  0  0 -2  0  3 -2 -2 -2 -3  1 -2 -3  2  1  1 -3 -2 -1   15   2   5   4   0   3  24   1   0   0   1   7   0   0   9  12  13   0   0   4  0.29 0.18
  369 P   -1 -3 -3 -3 -4  0 -2 -1 -3 -2 -4  0 -3 -4  6  1 -1 -4 -4 -3    3   0   0   0   0   4   0   3   0   3   1   7   0   0  61  14   2   0   0   0  1.40 0.47
  370 P    0 -1  1  1 -2  1  1 -2 -1 -1  0  1 -1 -2  1  1  1 -3 -2  0    9   0   9   9   0   9   9   1   0   0   9   9   0   0   9   9   9   0   0   9  0.14 0.09
  371 P    1 -2 -2 -2 -2 -1  0 -2  2  0 -2 -2 -2 -3  5  1 -1 -3 -2  0   12   1   0   1   0   0   8   1   7   7   1   1   0   0  39  12   1   0   0   7  0.67 0.21
  372 P   -1  1  1  0 -3  0  3  0  1 -2 -3 -1 -2 -3  3  1  0 -3 -3 -2    2   8   7   3   0   2  28   6   3   3   0   0   0   0  15  14   6   0   0   2  0.36 0.20
  373 P   -1 -1 -3 -3 -4  0  0 -3 -3 -3 -2 -2  1 -4  6  1 -2 -4 -4 -3    5   3   0   0   0   5   5   0   0   0   3   0   4   0  62  11   0   0   0   0  1.37 0.44
  374 K    0  0 -1  0 -2  2  1 -2 -2 -2 -2  2  0 -3  1  1  2 -3 -2 -1    8   4   0   6   0  11   7   0   0   0   1  18   2   0   7  11  18   0   0   5  0.24 0.16
  375 A    2  0  1 -1 -2  1  0 -1 -1 -2 -2  0 -2 -2  2  1  0  1  0 -1   25   3   7   2   0   7   5   0   0   0   2   7   0   0  14  15   2   2   4   4  0.24 0.15
  376 E   -1 -1  0  1 -3  1  4 -3 -2 -3 -1 -1 -2 -3  2 -1  0 -3 -3 -2    2   3   4   7   0   4  47   0   0   0   8   0   0   0  11   3   5   0   0   2  0.54 0.27
  377 P   -1 -3 -1  0 -3 -2  0 -3 -3 -3 -1  0 -3 -4  6  1 -1 -4 -4 -3    3   0   3   6   0   0   5   0   0   0   6   5   0   0  58  10   2   0   0   0  1.22 0.39
  378 S    0  1  0  0 -2  0  2  0 -2 -2 -3  1 -2 -3  1  1  2 -3 -2 -2    5   9   3   3   0   2  18   9   0   3   1   6   0   0   7  15  18   0   0   0  0.25 0.16
  379 A    1 -2  0  0 -2 -1  0 -2 -2 -2 -2  0 -2  0  4  2  1 -3 -2  0   12   0   3   4   0   0   5   1   0   0   1   4   0   5  28  19  10   0   0   6  0.46 0.21
  380 G    1 -2  0  1  1 -1  2  2  1 -3 -3  0 -2 -3  2  1  0 -3 -2 -2   12   0   3   6   3   0  17  21   4   0   1   3   0   0  11  11   5   0   0   1  0.29 0.15
  381 G    0 -1  1 -1 -2  1  1  0 -2 -2 -1  0 -2 -3  4  1  1 -3 -3 -2    6   0   6   0   0  10   8   6   0   0   5   3   0   0  26  13  13   0   0   1  0.43 0.19
  382 E   -1 -2 -1  1 -3  2  3 -2 -2 -2 -2 -1  1 -3  2  1  2 -3 -2  0    1   0   0   6   0  11  24   1   0   0   1   0   6   0  14   8  18   0   0   9  0.37 0.22
  383 R   -1  2 -1  0 -3  0  1 -2  0 -2 -1  1 -2 -3  4  0  1  1 -2 -1    4  15   0   4   0   2  11   2   2   1   4   7   0   0  24   4  11   2   0   6  0.34 0.16
  384 P   -1  1  0 -1 -3  0  3 -1 -2 -1 -3  1 -2 -3  5 -1  0 -3 -3 -2    2   7   3   0   0   3  24   5   0   4   1   7   0   0  32   1   7   0   0   2  0.60 0.25
  385 S    0 -3  1 -2 -3 -2  0 -1  0 -3 -3 -1  0 -4  6  2 -2 -4 -3 -1    9   0   7   0   0   0   5   4   3   0   0   3   3   0  46  17   0   0   0   4  0.90 0.35
  386 T    0 -1 -1  1 -3 -1  2 -1 -2 -2 -2 -1  2 -3  2  1  3 -4 -3 -1    4   2   2   8   0   0  16   2   0   0   0   2   8   0   9  12  29   0   0   5  0.33 0.24
  387 A    1 -2 -2 -1 -2  0  2 -2  0 -1 -1 -1 -2 -3  3  1  1 -3 -1 -1   16   0   0   0   0   4  18   0   3   4   5   2   0   0  19  10  13   0   1   5  0.33 0.20
  388 R    0  2  0 -1 -2  0  2  0 -1 -2 -1  1 -2 -3  0  1  1 -3 -1 -2   10  14   5   0   0   2  16   5   0   0   5   8   0   0   3  16  13   0   2   0  0.21 0.15
  389 P    0 -1 -2 -2 -3  1  0 -3 -3 -4 -4 -2 -3 -4  6  1 -1 -4 -3 -3    9   4   0   0   0   9   5   1   0   0   1   0   0   0  58   9   2   0   0   0  1.29 0.40
  390 N   -1 -1  1  0 -4  0  3 -2  5 -4 -4  0 -3 -4  3  0  0 -4 -2 -3    3   0   7   2   0   2  29   2  19   0   0   6   0   0  17   7   4   0   0   0  0.59 0.28
  391 N    0 -1  0  0 -3 -1  1 -2 -1 -2 -3 -1 -3 -4  5  1  0 -4 -3 -2    7   4   6   6   0   0   9   2   1   2   0   3   0   0  44  10   5   0   0   1  0.80 0.29
  392 T    0 -1  0  1 -3  2  3 -1 -2 -2 -3  0 -2 -3  1  0  2 -3 -3 -1    8   0   4   8   0  10  27   2   0   0   0   2   0   0   5   4  23   0   0   6  0.35 0.22
  393 S    0 -1 -2 -2 -3  1  0 -2 -2 -1 -2 -1 -2 -3  4  2  2 -4 -3 -2    5   2   0   0   0   7   7   0   0   5   4   2   0   0  30  21  16   0   0   0  0.56 0.26
  394 A    1 -1  0  0 -2  0  1 -1 -2  0 -2  1 -1 -3  1  1  1 -3 -2  0   20   0   5   2   0   4  15   3   0   6   0   9   1   0   7  10  10   0   0   7  0.17 0.13
  395 A    2 -2  0 -2 -3  1  0 -2 -2 -2 -2 -2 -2  0  4  1  1 -4 -2 -2   25   0   3   0   0   8   5   0   0   2   1   0   0   4  26  13  11   0   0   0  0.50 0.26
  396 D    0  0  1  2 -3  0  3 -1 -2 -3 -3  0 -3 -2  3  1  0 -4 -3 -3    5   4   9  14   0   2  23   3   0   0   1   6   0   2  16  10   5   0   0   0  0.39 0.19
  397 A    2  0 -2 -2 -3  0  0  0 -3 -3 -3 -2 -3 -4  4  2  2 -4 -3 -3   20   5   0   0   0   2   7   6   0   0   0   0   0   0  29  16  14   0   0   0  0.62 0.28
  398 S    1 -2 -1  0 -2  0  2 -1  1 -2 -1 -1  0 -3  2  2  1 -3 -1 -1   15   0   0   2   0   3  18   2   5   0   5   0   2   0  12  20  11   0   2   3  0.27 0.19
  399 A    1 -1 -2 -2 -3 -1 -1 -1  0 -3 -3  0 -3 -4  5  1  3 -4 -3 -3   10   3   0   0   0   2   3   3   3   0   0   4   0   0  34  14  24   0   0   0  0.72 0.30
  400 R   -1  2  1  0 -3  1  3 -2  2 -2 -3  1  0 -3  1  1  0  1  0 -2    3  11   6   3   0   5  27   0   5   3   0   8   4   0   6   9   4   2   3   0  0.29 0.17
  401 V   -2 -3 -1  0 -3  0 -1 -3 -3 -2 -3 -1 -3 -4  6  1 -1 -4 -3  2    0   0   2   6   0   4   3   0   0   0   0   4   0   0  45  12   3   0   0  20  0.88 0.34
  402 G   -1  0 -1  1 -3 -1  2  0  3 -2 -3  1 -1 -3  3  0  1 -4 -2 -2    3   3   0   7   0   0  20   9  10   2   0   8   2   0  18   4  12   0   0   2  0.34 0.19
  403 D    0 -2  1  3 -3 -1  2 -2 -2 -3 -2 -1 -3 -3  3  1  0 -4 -1 -2    8   0   9  20   0   0  18   0   0   0   5   0   0   0  21  12   3   0   3   2  0.48 0.23
  404 S    0 -2  0  1 -3  1  3 -2  2 -3 -3  0 -2 -4  2  2  1 -4 -3 -1    6   0   2  10   0   6  24   0   5   0   0   3   0   0  11  21   7   0   0   4  0.38 0.21
  405 A    2 -1 -1 -2 -3 -2 -1  0  1 -3 -2  0 -3 -4  5  1  1 -4 -3 -3   21   2   3   0   0   0   3   7   5   0   3   7   0   0  34   9   8   0   0   0  0.63 0.26
  406 P   -1  0 -2 -1 -3  2  2 -3  2 -3 -3  1 -3 -4  5  0  1 -4 -3 -2    2   3   0   2   0  10  19   0   6   0   0   8   0   0  31   7   9   0   0   2  0.66 0.27
  407 A    2  0 -1  1 -3 -1 -1  0  1 -1 -2 -1 -2 -3  4  1  0 -4 -3 -2   20   4   0   9   0   0   2   7   5   5   2   3   0   0  22  15   6   0   0   0  0.36 0.19
  408 K   -1  1  0 -1 -3  2  2 -2  3 -3 -3  2 -2 -3  1  1  1 -4 -2 -3    2   9   5   0   0  10  20   2   9   0   2  14   0   0   7  12   9   0   0   0  0.35 0.20
  409 P   -1 -4 -4 -3 -4 -3 -1 -4  0 -4 -1 -3 -4 -5  7  0 -3 -5 -4 -4    5   0   0   0   0   0   4   0   3   0   5   0   0   0  74   9   0   0   0   0  1.87 0.55
  410 P    1  0 -2 -2 -2  0  0 -1 -2 -3 -2  1 -2 -3  4  2  1 -4 -3 -2   16   6   0   0   0   2   5   4   0   0   3   9   0   0  24  17  12   0   0   0  0.45 0.21
  411 V    0 -1  0 -2 -2 -2 -2 -2 -3  0  0 -2 -1 -3  4  1  1 -3 -3  2    9   3   4   0   0   0   0   0   0   3   8   0   0   0  29  14  10   0   0  18  0.46 0.21
  412 K   -1  0  1  1 -3  1  3 -1 -1 -2 -3  2  0 -3  0  1  0 -4 -3 -2    3   3   5   5   0   5  32   2   0   2   0  15   3   0   4  12   6   0   0   2  0.34 0.18
  413 P   -1 -4 -3  0  2 -1 -3 -4 -4 -4 -5 -1 -4 -5  7 -3 -3 -5 -5 -4    4   0   0   6   5   2   0   0   0   0   0   4   0   0  79   0   0   0   0   0  2.05 0.51
  414 L   -1 -1 -1  1 -2  0  0 -3 -2  2  2 -2  1 -1 -1 -1 -1 -3 -2  1    5   3   2  12   0   4   4   0   0  14  39   0   3   0   3   2   2   0   0   7  0.17 0.11
  415 Y    2 -2  1 -2 -2 -1 -2 -2  1 -2 -2  0 -2 -1  0  2  0  3  4 -2   21   0   7   0   0   0   0   0   4   0   3   4   0   0   4  22   5   5  24   0  0.32 0.16
  416 E    0 -1 -2  0 -4  2  6 -3 -1 -4 -4 -1 -3 -4 -2 -1 -2 -4 -3 -3    7   0   0   0   0   5  88   0   0   0   0   0   0   0   0   0   0   0   0   0  1.25 0.31
  417 H   -2  0  0  1 -3 -1  1 -3  5 -1 -3 -1 -2 -2  4 -1  0 -3  1 -2    0   4   3   9   0   0   9   0  27   7   0   0   0   0  27   0   5   0   8   0  0.59 0.15
  418 L   -1 -1 -2  0 -2 -1  0 -3 -2  0  3  0  2  1 -2  0  0 -2 -1  0    4   0   0   5   0   0  10   0   0   0  47   8   5   7   0   5   9   0   0   0  0.17 0.09
  419 G    1 -2 -1 -1 -2 -1  0  4 -2 -3 -3 -1 -2 -3 -1  2  0 -3 -2 -2   17   0   0   0   0   0   9  40   0   0   1   1   0   0   0  20   7   0   0   1  0.42 0.10
  420 L    0 -2 -2 -1 -2 -1  2 -2 -2  2  2 -1  1 -1 -2 -1 -1 -2 -2  1    7   0   0   0   0   0  27   1   0  14  28   1   6   0   0   1   1   0   0  12  0.18 0.08
  421 T    0 -2 -1 -1 -2 -1  0 -2 -2 -2 -2 -1 -2  0  5  1  2 -3 -2 -2    5   0   0   0   0   0   8   1   0   0   1   1   0   5  44   9  23   0   0   1  0.77 0.13
  422 D    0 -1  1  3  2  0  3 -2 -1 -2 -2 -1 -2 -3 -1  0  2 -3 -2 -2    5   1   5  23   8   1  32   1   0   1   1   1   0   1   1   1  18   0   0   1  0.36 0.10
  423 M    2 -2  2 -1 -2 -1 -1 -1 -2  0 -1 -1  3 -2  4  0 -1 -3 -2 -1   29   0  17   0   0   0   1   1   0   5   1   1  17   0  26   1   1   0   0   1  0.43 0.12
  424 S    0 -1  0  2 -2  1  2 -1 -1 -2 -1  0 -1 -2 -1  1  2 -3 -2 -1    8   0   0  15   0   6  20   1   0   0   7   4   0   0   0  18  18   0   0   1  0.24 0.07
  425 V    2 -2 -2 -2 -2 -2 -2 -2 -2  0  0 -2 -1 -2  4  1  1 -3 -2  1   26   0   0   0   0   0   0   0   0   0   9   0   0   0  27  10   7   0   0  21  0.43 0.11
  426 D    0 -2  0  4 -3  0  3 -2 -2 -3 -3 -1 -3 -4 -2  0  2 -4 -3 -2    7   0   0  44   0   0  27   0   0   0   0   0   0   0   0   0  23   0   0   0  0.65 0.16
  427 L    1 -1 -1 -1 -2  0  1 -1 -1 -1  0 -1 -1 -2  3  1  1 -2 -2 -1   10   1   1   1   0   1  15   1   0   3  13   1   0   1  21  18  12   0   1   1  0.28 0.06
  428 S    1  1 -1  0 -2  0  3  0 -1 -2 -2  2 -2 -3 -1  1  1 -3 -2 -2   11   5   0   0   0   0  35   4   0   0   1  15   0   0   0  14  10   0   0   1  0.31 0.09
  429 A    1 -2 -1  2 -2  0  0 -2 -2 -2  0 -1 -1 -2  4 -1 -1 -3 -2 -2   22   0   0  17   0   6   6   1   0   0  12   1   0   0  33   1   1   0   0   1  0.51 0.10
  430 V    0 -2 -2 -2 -1 -1  0 -2 -2  3  1 -1  0 -1 -2  0  2 -2 -2  2    5   0   0   0   0   0  10   1   0  32   8   1   0   0   0   6  19   0   0  14  0.17 0.08
  431 K    1  2 -1 -1 -2  0  0  0 -1 -2 -2  3 -2 -3  2  1  0 -3 -2 -2   16  11   0   0   0   0   1   5   0   0   1  39   0   0  10  11   4   0   0   1  0.32 0.09
  432 K    0  1 -1  1 -3  1  3 -2 -1 -2 -2  3 -2 -3 -1  0  1 -3 -2 -2    7   2   0   9   0   0  31   1   0   0   1  33   0   0   0   1  11   0   0   1  0.38 0.11
  433 A    2 -2 -1 -2 -2 -1 -1 -1 -2 -1 -1 -1  2 -2  4  1  0 -3 -2 -1   30   1   0   1   0   0   1   1   0   1   6   1  10   0  30  12   6   0   0   1  0.48 0.10
  434 Y   -1 -1 -1 -1 -3  1  2 -2  0 -2 -2  0 -2  2 -2  1  0  0  5 -2    0   0   0   0   0   6  21   0   0   0   0   4   0  10   0  20   4   0  35   0  0.42 0.14
  435 R    0  4  1  0 -3  1 -1 -2 -1  0 -2  1 -2 -3  2  1 -1 -3 -2 -2    9  36  10   6   0   4   0   0   0  10   0   4   0   0  11  10   0   0   0   0  0.31 0.10
  436 D   -1  1  0  2 -3  0  3 -2 -1  0 -2  1 -2 -3 -2  1  1 -3 -2 -1    0  10   0  15   0   0  29   0   0  10   0  11   0   0   0  10  15   0   0   0  0.30 0.09
  437 A    2  0 -2 -2 -1 -1 -1 -1 -2 -1  0 -1 -1 -2  3  1  0 -3 -2  0   33   7   0   0   0   0   0   2   0   0  12   0   0   0  20  10   6   0   0  10  0.30 0.09
  438 A    3 -2 -1 -2 -1 -1  0 -1 -2 -1 -2 -1 -1 -3  2  1  2 -3 -2  0   48   0   0   0   0   0   6   0   0   0   0   0   0   0  10   9  21   0   0   7  0.37 0.12
  439 M    1 -2 -2 -2 -1 -1 -2 -2 -2  0  2 -2  1 -1  1  1  1 -2 -2  1   15   0   0   0   0   0   0   0   0   0  32   0   6   0   7  17  10   0   0  12  0.18 0.07
  440 K   -1  0 -1  0 -4  1  4 -2 -1 -1 -3  4 -2 -3 -2 -1 -1 -3 -2 -2    4   0   0   0   0   0  48   0   0   6   0  42   0   0   0   0   0   0   0   0  0.60 0.16
  441 N   -2 -1  2  0 -3 -1 -1 -2  4 -3 -3  1 -3 -3  5 -1 -2 -4 -2 -3    0   0  14   6   0   0   0   0  21   0   0  15   0   0  44   0   0   0   0   0  0.94 0.16
  442 H    0 -1 -1 -1 -3  0  3 -2  6 -3 -3  1 -2 -3 -2 -1  0 -3  0 -3   12   0   0   0   0   0  28   0  45   0   0  10   0   0   0   0   5   0   0   0  0.66 0.16
  443 P    0 -2 -2 -2 -3  0 -1 -2 -2 -3 -3  1 -3 -4  7  1 -1 -4 -3 -3    5   0   0   0   0   6   0   0   0   0   0  10   0   0  70  10   0   0   0   0  1.46 0.19
  444 D    0 -1  0  4 -3  1  3 -2 -1 -2 -3  0 -2 -3 -2  0 -1 -4 -3  0    5   0   0  36   0   7  37   0   0   0   0   0   0   0   0   6   0   0   0  10  0.54 0.12
  445 K    0  0 -1 -1 -2  0 -1 -2  2 -3 -3  3 -2 -3  3  2  1 -3 -2 -2    7   0   0   0   0   0   0   0  10   0   0  31   0   0  21  21  10   0   0   0  0.46 0.11
  446 N   -1 -1  4  0 -3  1  2 -2 -1 -2 -2 -1 -2 -3 -2  1  2 -3 -2  0    0   0  43   0   0   7  18   0   0   0   0   0   0   0   0   6  16   0   0  10  0.43 0.13
  447 R    1  2 -1 -1 -2  0  0 -2 -1 -1 -1  1 -1 -3  3  0  0 -3 -2 -1   23  22   0   0   0   0   6   0   0   5   4  13   0   0  20   0   7   0   0   0  0.33 0.07
  448 G   -1 -1  1  1 -3  0  2  2  1 -3 -3 -1 -2 -3  2  0  1 -3 -2 -2    0   0   7   8   0   0  28  22   5   0   0   0   0   0  11   5  14   0   0   0  0.36 0.07
  449 N    0 -2  2  1 -3 -1 -1  1 -2 -3 -3 -1 -3 -4  5 -1  0 -4 -3 -3    8   0  15  12   0   0   0  11   0   0   0   0   0   0  47   0   7   0   0   0  0.88 0.12
  450 E    0 -1 -1  0 -3  1  5 -2 -1 -3 -3  1 -2 -3  1  0  1 -3 -2 -2    4   0   0   0   0   0  65   0   0   0   0   6   0   0   7   5  12   0   0   0  0.62 0.14
  451 A    2 -2 -1 -2 -2 -1 -1  3 -2 -2 -1 -1 -2 -3  1  2  0 -3 -2 -2   30   0   0   0   0   0   0  32   0   0   5   0   0   0   8  19   6   0   0   0  0.39 0.08
  452 E   -1  1 -1  0 -3  2  4 -2 -1 -2 -2  0 -1 -3 -1 -1  0 -2 -2  0    1  12   1   1   0   6  58   1   0   1   1   1   0   0   1   1   7   0   0   9  0.46 0.10
  453 A    3 -2 -2 -2 -2 -1 -1 -1 -2 -2 -3 -1 -2 -3  5  1 -1 -3 -3 -2   51   0   0   0   0   0   0   0   0   0   0   0   0   0  43   6   0   0   0   0  0.92 0.14
  454 A    1 -1 -1 -1 -1  2  0 -1 -1 -2 -2  0 -1 -2  2  1  3 -2 -2 -1   17   1   1   1   0  16   1   1   0   1   1   1   0   0  12   9  37   0   0   1  0.33 0.07
  455 E    3 -1 -1 -1 -1  0  2  0 -1 -1 -1 -1 -1 -2 -1  1  0 -2 -2  0   43   1   1   1   0   1  21   7   0   1   1   1   0   0   1   8   1   0   0  13  0.22 0.06
  456 R   -1  3 -1  1 -3  2  3 -2  1 -2 -2  1 -2 -3 -2 -1 -1 -3 -2  0    0  28   0   7   0   8  35   0   3   0   0   7   0   0   0   0   0   0   0  12  0.40 0.09
  457 F   -2 -3 -3 -4 -3 -3 -3 -3 -2  0  2 -3  0  6  2 -3 -2  0  2 -1    0   0   0   0   0   0   0   0   0   0  22   0   0  67  11   0   0   0   0   0  0.69 0.11
  458 K   -1  2 -1  0 -3  2  2 -2 -1 -3 -3  4 -2 -3 -1  0  1 -3 -2 -2    0   8   0   0   0   6  23   0   0   0   0  54   0   0   0   0   9   0   0   0  0.50 0.08
  459 V   -1 -1 -2 -2  2  1  0 -3 -2  0  1 -1  2 -1  3 -1 -1 -2 -2  1    0   0   0   0   9  12  10   0   0   0  19   0  16   0  18   0   0   0   0  17  0.24 0.04
  460 I    0 -2 -3 -3 -1 -2 -2 -3 -3  2  2 -2  3  0 -2 -2 -1 -2 -1  2   12   0   0   0   0   0   0   0   0  24  21   0  16   0   0   0   0   0   0  27  0.27 0.04
  461 S    0 -1  0  3 -2  2  1 -1 -1 -3 -3  0 -2 -3 -1  3  0 -3 -2 -2    0   0   0  27   0  19   0   0   0   0   0   0   0   0   0  54   0   0   0   0  0.46 0.07
  462 N   -1  2  3  3 -3  0  1 -1  0 -3 -3  2 -2 -3 -2  0 -1 -4 -2 -3    0  12  28  25   0   0  10   0   0   0   0  25   0   0   0   0   0   0   0   0  0.47 0.05
  463 A    3 -2 -1 -2  4 -1 -1 -1 -2 -2 -2 -1 -1 -2 -1  2  1 -3 -2 -1   53   0   0   0  17   0   0   0   0   0   0   0   0   0   0  19  11   0   0   0  0.38 0.05
  464 Y   -2 -1 -1 -2 -3 -1  1 -3  4 -2 -2 -1 -1  3 -3 -2 -2  1  5 -2    0   0   0   0   0   0  19   0  17   0   0   0   0  15   0   0   0   0  49   0  0.60 0.07
  465 K   -1  1 -1 -1 -3  0  2 -2 -1 -1 -2  3 -1 -3  3 -1 -1 -3 -2  0    0   7   0   0   0   0  19   0   0   0   0  38   0   0  19   0   0   0   0  17  0.38 0.04
  466 I   -1 -2 -3 -3 -2  1 -2 -3 -2  4  1 -2  1 -1 -3 -2 -1 -3 -2  2    0   0   0   0   0  17   0   0   0  71   0   0   0   0   0   0   0   0   0  12  0.36 0.07
  467 L   -2 -2 -4 -4 -2 -2 -3 -4 -3  1  4 -3  2  0 -3 -3 -1 -2 -1  0    0   0   0   0   0   0   0   0   0   0 100   0   0   0   0   0   0   0   0   0  0.63 0.08
  468 S    0 -1  0 -1 -2  1  0  2 -1 -3 -3 -1 -2 -3  3  2  1 -3 -2 -2    0   0   0   0   0  11   0  17   0   0   0   0   0   0  19  41  12   0   0   0  0.43 0.05
  469 D    1 -1  4  4 -3 -1  0 -1 -1 -3 -3 -1 -2 -3 -2  0 -1 -4 -3 -2   19   0  41  40   0   0   0   0   0   0   0   0   0   0   0   0   0   0   0   0  0.57 0.06
  470 P    0 -2 -1 -2 -2 -1 -1 -2 -2 -1 -2 -1 -2 -3  6  1  0 -3 -2  0    0   0   0   0   0   0   0   0   0   0   0   0   0   0  63  23   0   0   0  14  1.12 0.05
  471 E   -1 -1 -1  1 -3  1  5 -2 -1 -3 -3  0 -2 -3 -1  0  1 -3 -2 -2    0   0   0   0   0   0  86   0   0   0   0   0   0   0   0   0  14   0   0   0  0.72 0.06
  472 L   -1  1  2 -1 -2  0  0 -2 -1 -1  1  3  0 -1 -2 -1 -1 -3 -2 -1    0   0  19   0   0   0   0   0   0   0  34  48   0   0   0   0   0   0   0   0  0.20 0.02
  473 R   -2  6 -1 -2 -4  1  0 -2  0 -3 -2  2 -2 -3 -2 -1 -1 -3 -2 -3    0 100   0   0   0   0   0   0   0   0   0   0   0   0   0   0   0   0   0   0  0.88 0.04
  474 K   -1  3  0  2 -3  1  1 -2 -1 -3 -3  4 -2 -3 -1  0 -1 -3 -2 -3    0  17   0  19   0   0   0   0   0   0   0  65   0   0   0   0   0   0   0   0  0.49 0.03
  475 A    3 -1 -2 -2 -1 -1 -1 -1 -1 -2 -2  0 -1  0 -1  0  0 -1  3 -1   71   0   0   0   0   0   0   0   0   0   0  11   0   0   0   0   0   0  19   0  0.29 0.03
  476 Y   -2 -2 -2 -3 -3 -2 -2 -3  1 -2 -1 -2 -1  3 -3 -2 -2  2  7 -1    0   0   0   0   0   0   0   0   0   0   0   0   0   0   0   0   0   0 100   0  1.06 0.05
  477 D   -2 -1  3  5 -3  0  1 -1 -1 -3 -4 -1 -3 -3 -2  0 -1 -4 -3 -3    0   0  19  81   0   0   0   0   0   0   0   0   0   0   0   0   0   0   0   0  0.87 0.04
  478 N   -1  0  4  3 -3  0  0 -1  0 -3 -3  2 -2 -3 -2  0  0 -4 -2 -3    0   0  54  23   0   0   0   0   0   0   0  23   0   0   0   0   0   0   0   0  0.53 0.02
  479 G    0 -2  0 -1 -3 -2 -2  6 -2 -4 -4 -2 -3 -3 -2  0 -2 -3 -3 -3    0   0   0   0   0   0   0 100   0   0   0   0   0   0   0   0   0   0   0   0  1.07 0.01
  480 R   -2  3 -2 -3 -2 -1 -2 -3 -2 -1  1  0  0  0 -3 -2 -1  7  0 -1    0  37   0   0   0   0   0   0   0   0  35   0   0   0   0   0   0  28   0   0  0.54 0.01
  481 I   -1 -3 -3 -3 -1 -3 -3 -4 -3  4  1 -3  1  0 -3 -2 -1 -3 -1  2    0   0   0   0   0   0   0   0   0 100   0   0   0   0   0   0   0   0   0   0  0.42 0.01
  482 N   -2 -1  5  3 -3  0  0 -1  0 -3 -3  0 -2 -3 -2  0  0 -4 -2 -3    0   0  84  16   0   0   0   0   0   0   0   0   0   0   0   0   0   0   0   0  0.70 0.01
  483 E   -1 -1  0  3 -4  1  4 -2  0 -3 -3  0 -2 -3 -1  0 -1 -3 -2 -3    0   0   0  28   0   0  72   0   0   0   0   0   0   0   0   0   0   0   0   0  0.69 0.01
  484 A    2  0  2  0 -2  1  2 -1 -1 -2 -2  2 -1 -3 -1  0  0 -3 -2 -1   37   0  16   0   0   0  28   0   0   0   0  19   0   0   0   0   0   0   0   0  0.27 0.00
  485 G    0 -2  0 -1 -3 -2 -2  6 -2 -4 -4 -2 -3 -3 -2  0 -2 -3 -3 -3    0   0   0   0   0   0   0 100   0   0   0   0   0   0   0   0   0   0   0   0  1.07 0.01
  486 N   -1  1  5  1 -3  0  0 -1  0 -3 -3  2 -2 -3 -2  0  0 -3 -2 -3    0   0  69   0   0   0   0   0   0   0   0  31   0   0   0   0   0   0   0   0  0.53 0.01
  487 R   -1  5  0 -1 -3  1  0 -2  0 -3 -2  3 -1 -3 -2 -1 -1 -3 -2 -2    0  64   0   0   0   0   0   0   0   0   0  36   0   0   0   0   0   0   0   0  0.60 0.00
  488 A    4 -1 -2 -2  0 -1 -1  0 -2 -1 -1 -1 -1 -2 -1  1  0 -2 -2  0  100   0   0   0   0   0   0   0   0   0   0   0   0   0   0   0   0   0   0   0  0.40 0.01

                      K         Lambda
Standard Ungapped    0.1263     0.3082
Standard Gapped      0.0326     0.2670
PSI Ungapped         0.1064     0.3178
PSI Gapped           0.0326     0.2670
