
Last position-specific scoring matrix computed, weighted observed percentages rounded down, information per position, and relative weight of gapless real matches to pseudocounts
            A   R   N   D   C   Q   E   G   H   I   L   K   M   F   P   S   T   W   Y   V   A   R   N   D   C   Q   E   G   H   I   L   K   M   F   P   S   T   W   Y   V
    1 E    -6  -5  -5  -3  -9  -3   8  -7  -5  -8  -8  -4  -7  -8  -6  -5  -6  -8  -7  -8    0   0   0   0   0   0 100   0   0   0   0   0   0   0   0   0   0   0   0   0  2.94 1.19
    2 R     2   7  -3  -5  -6   3  -2  -5   3  -6  -3  -2  -3  -5  -6  -3  -5  -2  -1  -6   17  55   1   0   0  11   2   0   6   0   3   0   1   0   0   1   0   1   3   0  1.35 0.69
    3 R    -1   4   1   0  -5   5   1  -2  -2  -4  -2   0  -1  -5  -4  -1   1  -5  -4  -3    5  21   7   4   0  28  10   2   1   1   5   3   1   0   0   5   7   0   0   1  0.60 0.41
    4 L    -3  -6  -7  -8  -5  -6  -7  -7  -6   0   6  -6   2  -3  -7  -6  -4  -1   0   1    2   0   0   0   0   0   0   0   0   3  80   0   4   0   0   0   0   1   3   8  1.62 0.73
    5 A     5   2  -3  -5  -4  -1  -3  -4   5   0  -3  -1   0  -3  -5  -2  -3  -4  -4   0   54   9   1   0   0   2   1   0  12   5   2   4   2   1   0   2   1   0   0   6  0.91 0.55
    6 A     6  -3  -5  -5  -5   1  -2  -1  -5  -6  -5  -4  -3  -6  -5   1  -3  -7  -5  -3   76   1   0   0   0   6   2   3   0   0   0   0   0   0   0   8   0   0   0   2  1.52 0.77
    7 A     6  -1  -4  -2  -5   3  -1  -4  -5  -6  -5  -4  -5  -5  -5   1  -2  -6  -3  -4   63   3   0   2   0  15   4   0   0   0   0   0   0   0   0   8   2   0   1   0  1.24 0.69
    8 T    -2  -2   5  -4  -2  -3  -4  -4  -1  -3  -4  -4  -4  -5  -5   1   6  -5  -4  -1    2   2  27   0   1   1   0   1   1   1   1   0   0   0   0  11  46   0   0   3  1.18 0.66
    9 A     7  -6  -5  -5  -5  -5  -2  -4  -5  -5  -6  -5  -6  -5  -5  -2  -4  -7  -5  -5   93   0   0   0   0   0   3   0   0   0   0   0   0   0   0   1   0   0   0   0  2.18 0.99
   10 R    -3   6   3   2  -6   4   0  -3  -2  -6  -2  -1  -3  -5  -5  -2  -3  -6  -5  -5    2  38  13  12   0  16   5   2   0   0   5   2   0   0   0   2   1   0   0   0  0.91 0.53
   11 I    -5  -6  -7  -7  -5  -5  -6  -8  -7   7  -2  -6  -2  -4  -7  -6  -3  -5  -3   4    0   0   0   0   0   0   1   0   0  70   2   0   0   0   0   0   2   0   1  23  1.96 0.82
   12 G    -3  -4  -3  -3  -7  -5  -5   7  -7  -9  -8  -5  -7  -8  -7  -4  -5  -7  -8  -8    1   1   1   2   0   0   0  93   0   0   0   1   0   0   0   0   0   0   0   0  2.54 1.01
   13 V     2  -6  -5  -6  -5   0  -2  -5  -6   1  -2  -5  -1  -4  -6  -3  -4  -7  -5   6   16   0   0   0   0   4   3   0   0   7   1   0   1   0   0   2   0   0   0  64  1.31 0.68
   14 A     7  -3  -5  -5  -5  -3  -3  -4  -4  -5  -6  -3  -6  -7  -5  -2  -3  -7  -6  -3   90   1   0   0   0   1   1   0   0   0   0   1   0   0   0   3   1   0   0   1  2.04 0.95
   15 T    -3   4  -3  -3  -5   1   2  -5  -3  -1  -4   3   0  -5  -5  -2   4  -6  -4   1    2  22   0   1   0   5  11   0   0   4   0  15   2   0   0   1  27   0   0   9  0.69 0.47
   16 A     7  -4  -6  -5  -5  -5  -6  -2  -6  -6  -6  -5  -6  -7  -6  -1  -2  -7  -7  -5   91   1   0   0   0   0   0   2   0   0   0   0   0   0   0   4   2   0   0   0  2.14 0.98
   17 E     4  -4   1   5  -5   1   2  -3  -4  -6  -4  -3  -4  -6  -5  -1  -3  -7  -4  -5   35   0   6  31   0   5  15   1   0   0   2   1   0   0   0   2   0   0   0   0  0.96 0.57
   18 L    -5   1  -6  -7  -6  -2  -5  -7  -5  -3   5  -5   1   5  -7  -5  -5   2   3  -4    0   9   0   0   0   2   0   0   0   0  48   0   3  24   0   0   0   2  10   0  1.22 0.62
   19 Y    -6  -7  -7  -8  -7  -7  -7  -8  -3  -5  -1  -7  -4   7  -8  -6  -7   0   8  -6    0   0   0   0   0   0   0   0   0   0   6   0   0  43   0   0   0   1  50   0  2.54 1.02
   20 P    -6  -8  -8  -7  -9  -7  -7  -8  -8  -9  -9  -7  -8  -9   9  -6  -7  -9  -9  -8    0   0   0   0   0   0   0   0   0   0   0   0   0   0 100   0   0   0   0   0  3.67 1.41
   21 D    -1   5  -1   0  -5   1  -3  -4   0  -4  -5   2  -4  -5  -5   3   1  -6  -5  -4    4  31   3   6   0   5   0   0   3   1   0  10   0   0   0  26  10   0   0   1  0.79 0.51
   22 I    -5  -6  -7  -7  -5  -6  -7  -7  -6   5   3  -6  -2   5  -7  -6  -5  -5  -3   3    0   0   0   0   0   0   0   0   0  38  22   0   0  23   0   0   0   0   0  16  1.35 0.63
   23 R    -1   0   0  -2  -5  -1  -3  -3  -3  -4  -5  -2  -3  -3  -4   5   4  -6  -4  -2    5   6   5   2   0   3   1   1   0   0   1   2   1   1   0  43  27   0   0   3  0.88 0.58
   24 L    -6  -6  -7  -8  -6  -6  -7  -8  -7   2   6  -7  -2   0  -7  -7  -5  -6  -5  -2    0   0   0   0   0   0   0   0   0  10  84   0   0   3   0   0   0   0   0   2  1.88 0.82
   25 G    -1  -4   1  -3  -5  -3  -4   2  -4  -2  -2  -3  -3  -2  -2   3   5  -6  -5  -2    3   1   5   1   0   0   0  17   0   2   3   0   0   2   2  20  40   0   0   2  0.79 0.53
   26 G     3  -6  -5  -6  -5  -6  -6   7  -6  -6  -3  -6  -4  -7  -5  -3  -4  -7  -7  -4   21   0   0   0   0   0   0  71   0   0   3   0   0   0   0   1   1   0   0   1  1.80 0.81
   27 S     1  -3   1  -1  -4  -1  -3   0  -4  -3  -2  -3  -1   1  -4   5   1  -5  -3  -3   10   1   7   3   0   3   1   6   0   1   5   0   1   7   0  44   8   0   1   1  0.60 0.46
   28 I     1  -4  -4  -5  -4  -4  -4   1  -4   3   3  -4  -1   3  -4  -3  -2  -2   1   1   12   0   0   0   0   0   0  10   0  17  26   0   1  15   0   1   1   0   5  10  0.50 0.33
   29 G    -2  -5  -2  -4  -7  -4  -6   7  -5  -8  -7  -5  -4  -6  -5   0  -3  -7  -7  -6    3   0   2   0   0   1   0  83   0   0   0   0   0   0   0   6   2   0   0   0  2.05 0.88
   30 A     0  -3  -3  -5  -4  -2  -4  -2  -3  -1   2  -4  -1   4  -4   1   1   3   3   0    9   1   0   0   0   2   0   3   0   2  20   0   1  18   0  14   9   3  11   6  0.42 0.33
   31 T     1  -1   0  -1  -4   4   2  -2  -3  -4  -3  -2  -3  -3  -4   3   1  -5  -4  -2   14   2   3   3   0  18  12   3   0   1   3   0   0   1   0  27  10   0   0   3  0.50 0.41
   32 G     4  -3  -1  -3  -5  -4  -4   2  -4  -6  -5  -4  -4  -5  -5   5   0  -6  -5  -5   31   1   2   1   0   0   0  16   0   0   1   0   0   0   0  42   4   0   0   0  1.05 0.63
   33 L    -1   0   0   1  -3   0   0  -1  -1   0   1  -2   0  -1  -1   1   2  -4  -2  -1    5   5   4  10   0   3   5   3   1   4  18   1   2   3   3  13  17   0   1   4  0.13 0.18
   34 L    -1  -1  -2   0  -4  -2  -3  -1  -1   0   3  -3   0   3  -2   1   0  -2  -2  -1    5   4   1   5   0   1   1   5   2   5  32   0   2  12   2  12   7   0   0   3  0.24 0.24
   35 A     2  -1   0  -1  -4  -2  -1   3  -1  -2  -2  -2  -3  -3  -2   4  -1  -4  -4  -3   15   2   3   3   0   1   3  23   1   2   4   2   0   1   1  31   3   0   0   1  0.49 0.37
   36 D    -2  -1   3   5  -6   0  -1   1   0  -5  -5  -1  -4  -6  -3   1  -1  -5  -4  -5    2   3  13  38   0   5   3  13   3   0   1   2   0   0   1  12   4   0   0   0  0.79 0.47
   37 F    -2  -5  -4  -3  -5  -4  -5  -4  -4   0   6  -5   0   2  -5  -4  -4   3  -3  -1    3   0   1   2   0   1   0   2   0   5  66   0   2   8   0   1   1   5   0   3  1.15 0.59
   38 G    -2  -4  -3  -4  -5  -5  -5   2  -4  -1   2  -5  -1   7  -4  -3  -1  -1  -1  -1    3   1   1   1   0   0   0  15   0   3  17   0   1  45   1   2   5   1   0   4  0.99 0.53
   39 E    -1   0   2   3  -4   1   1   0   0  -4  -3   1  -2  -3  -4   2   2  -4  -4  -3    5   5  10  15   0   5   7   7   2   1   2   8   1   1   0  20  11   0   0   1  0.34 0.28
   40 P     2  -1  -1  -1  -4  -2  -2   2  -2  -4  -2  -2  -2  -3   1   3  -1   6  -3  -3   16   4   3   4   0   1   2  14   1   1   4   2   1   1   8  22   4  12   0   2  0.46 0.35
   41 A     2  -2   0   2  -4  -1  -1   3  -2  -4  -4  -2  -3  -5   2   2  -2  -6  -4  -3   17   2   5  11   0   3   3  24   1   1   2   1   0   0  12  16   1   0   1   1  0.49 0.36
   42 T     3  -4   2  -3  -5  -3  -4   0  -3  -5  -4  -4  -3  -5  -4   5   2  -4  -4  -3   21   0   9   1   0   1   0   6   1   0   1   0   0   0   1  45  13   0   0   1  0.92 0.59
   43 H    -1   4   0  -2  -4   0  -1   0   0  -1   0   0  -1   1  -4   0   0  -1  -1  -1    4  30   5   1   0   4   3   8   2   4  12   4   1   6   0   5   5   1   1   3  0.26 0.24
   44 A     2   0  -1  -3  -3   0  -3  -1  -2   0  -1  -2  -1   3  -3   1   2  -3   0   1   19   5   2   0   0   4   1   5   0   6   4   1   1  12   0   9  15   0   4  11  0.22 0.24
   45 W    -2  -4  -5  -7  -7  -5  -7  -2  -4  -5  -3  -7  -3   4  -8  -3  -4  11   4  -5    3   1   1   0   0   0   0   3   0   0   2   0   1  15   0   2   1  57  11   1  2.74 1.07
   46 S     1  -2   1  -3  -5  -1  -3   1  -3  -4  -2  -4  -2  -3  -5   6   1  -6  -5  -3    9   2   6   0   0   3   1  10   0   1   3   0   1   1   0  54   6   0   0   2  0.89 0.59
   47 L    -1  -6  -6  -6  -4  -6  -6  -3  -5   4   3  -6  -1   5  -5  -4  -3  -2  -1   3    6   0   0   0   0   0   0   3   0  21  25   0   1  22   0   1   0   0   2  19  0.86 0.46
   48 G     2  -5  -4  -5  -6  -5  -5   6  -6  -5  -2  -5  -2  -3  -6  -1  -2  -7  -7  -2   15   0   0   0   0   0   0  69   0   0   4   0   1   1   0   4   2   0   0   3  1.54 0.73
   49 P     2  -6  -4  -5  -7  -5  -6   0  -7  -5  -2  -5  -5  -5   8  -3  -5  -8  -7  -4   14   0   1   0   0   0   0   7   0   0   5   0   0   1  69   2   0   0   0   1  2.01 0.90
   50 L     1  -1   0  -2  -4   2  -2   2  -3  -2   1  -2  -1  -3  -3   3   1  -5  -4  -2    9   3   5   2   0  10   1  13   0   1  14   1   1   1   0  30   7   0   0   3  0.35 0.33
   51 I    -1  -5  -6  -6  -4  -5  -6  -5  -6   5   4  -5   0   2  -5  -4  -3  -5  -4   3    5   0   0   0   0   0   0   1   0  29  35   0   1   7   0   1   1   0   0  20  0.97 0.49
   52 S     1   0   1  -1  -4   0  -3  -2  -1  -3  -2  -2  -2  -4  -4   4   3  -5  -2  -1   13   6   6   4   0   4   1   1   2   1   4   1   1   0   0  35  17   0   2   4  0.50 0.40
   53 W    -1  -5  -6  -6  -6   2  -3  -2  -6  -1   3  -5   0  -1  -3  -5  -4  10  -2  -1    6   0   0   0   0  10   2   3   0   4  26   0   3   2   2   0   1  37   0   5  1.51 0.70
   54 T    -1  -2   2  -2  -6  -2  -3  -5  -3  -3  -5  -4  -6  -6   7   0   2  -7  -5  -5    4   3  10   2   0   1   1   0   1   1   1   1   0   0  56   6  12   0   0   1  1.48 0.72
   55 L    -2  -6  -6  -7  -5  -6  -6  -6  -6   5   4  -6  -1   3  -5  -5  -4  -3  -3   2    3   0   0   0   0   0   0   1   0  39  33   0   0  12   0   0   0   0   0  11  1.16 0.56
   56 P    -6  -6  -2  -2  -6  -7  -6  -7  -4  -3   1  -7  -4   8   2  -6  -5  -2  -1  -5    0   0   2   3   0   0   0   0   0   1  11   0   0  70  10   0   0   0   1   0  2.07 0.87
   57 S    -1  -1   4   6  -6   1   0  -2   1  -5  -4  -3  -4  -2  -4  -1  -1  -4  -4  -5    5   4  20  39   0   7   6   2   3   0   1   1   0   2   0   4   4   0   0   0  0.88 0.50
   58 S     1   0  -2  -4  -6  -2  -5   6  -3  -5  -5  -5  -2  -1  -3  -1  -4   0  -3  -5   13   5   2   0   0   2   0  64   0   0   1   0   1   3   1   3   0   2   1   1  1.30 0.63
   59 G    -1   4  -3  -4  -6  -3  -5   6  -4  -7  -6  -4  -5  -6  -5  -2  -4  -6  -6  -4    5  22   1   1   0   1   0  65   0   0   0   0   0   0   0   2   1   0   0   1  1.61 0.74
   60 A     2   4  -2  -4  -4  -1  -3  -4  -4   2   1  -1  -3  -4  -4  -2   0  -5  -4   1   21  29   2   0   0   3   0   0   0  12  13   3   0   0   0   1   5   0   0  10  0.52 0.38
   61 R    -2   7   0  -4  -6   1  -3  -5  -1  -2   0   2  -4  -5  -5  -4  -2  -2  -3  -4    3  57   4   1   0   5   1   1   1   3  10  10   0   0   0   1   3   1   1   1  1.21 0.63
   62 A     6   0   0  -3  -4   0  -3   0  -1  -4  -5  -3  -4  -4  -5   1  -3  -3  -3  -4   61   4   5   1   0   3   1   6   1   0   0   1   0   1   0  11   0   0   1   1  1.02 0.60
   63 R     1   3   5  -2  -5   4  -1  -1  -1  -5  -4  -1  -2  -5  -5  -1   0  -6  -3  -3   11  19  27   1   0  18   3   5   1   0   1   2   1   0   0   3   5   0   1   1  0.71 0.47
   64 V    -3  -2  -5  -5  -4  -2  -4  -5  -5   5   3  -3  -1  -3  -5  -4  -2  -5  -2   4    1   3   0   0   0   2   1   1   0  28  25   2   1   1   0   1   1   0   1  33  0.89 0.48
   65 R     1   4  -1   3  -5   1   3  -4   0  -3  -4   1  -3  -5  -4  -2  -2  -4  -4  -2   12  23   2  19   0   4  19   1   2   1   1   9   0   0   0   1   1   0   0   3  0.61 0.40
   66 A     3  -1  -3  -3  -3   3  -1  -1  -3   1   1  -2  -1  -2  -4  -1  -2  -4  -2   2   28   3   0   1   0  13   2   3   0   6  14   1   1   1   0   5   2   0   1  17  0.34 0.31
   67 T     5   1  -3  -4  -5   4   0  -4  -3  -5  -4  -2  -4  -5  -4   1  -1  -4  -4  -3   53   8   1   0   0  16   5   0   0   0   1   2   0   0   0   8   3   0   0   1  0.97 0.60
   68 E    -1   3   1   2  -5   2   4  -2  -1  -3  -4   2  -3  -5  -4  -1  -1  -3  -3  -3    4  14   6  13   0   9  27   3   1   1   1  12   0   0   0   3   4   0   0   2  0.55 0.37
   69 A     6  -3  -4  -4  -5  -3  -1  -3  -5  -3  -3  -4  -4  -5  -5  -1  -2  -6  -4  -1   78   1   0   1   0   1   4   1   0   1   2   0   0   0   0   3   2   0   0   5  1.49 0.77
   70 G     2   4  -1   0  -5   3   0   0  -2  -2  -2  -1  -3  -4  -4  -1  -1  -5  -3  -1   17  27   2   5   0  16   6   7   1   2   5   2   0   0   0   4   3   0   0   4  0.45 0.35
   71 A     2   2  -2  -3  -4   4   0  -3   0  -3  -1   0  -2   1  -4  -2   0   0   4  -2   18  12   1   1   0  19   5   1   2   0   5   4   1   5   0   2   7   1  13   2  0.39 0.34
   72 D    -1   2  -1   5  -6   4   4  -4  -2  -5  -5   0  -3  -6  -4  -2  -3  -6  -4  -3    5  11   2  30   0  16  23   1   1   0   1   6   0   0   0   2   1   0   0   1  0.87 0.51
   73 A     3  -2  -3  -2  -5   5   4  -1  -3   0  -4  -3  -2  -6  -5  -2  -3  -6  -5  -2   25   1   0   2   0  31  23   5   0   7   1   0   1   0   0   1   1   0   0   2  0.87 0.57
   74 A     6  -3  -2  -2  -4  -1  -2  -3  -5  -4  -1  -4  -2  -5  -5   0  -1  -6  -1  -3   67   1   1   2   0   3   3   1   0   0   6   0   1   0   0   7   4   0   2   1  1.11 0.65
   75 L     1  -1  -5  -4  -4  -1  -3  -4  -4   1   4  -4   0   0  -5  -3  -3  -3   0   3   15   4   0   0   0   3   2   1   0   5  41   0   1   4   0   1   1   0   3  19  0.54 0.37
   76 A     5  -4  -3  -4  -4  -3  -2  -3  -3   2   1  -5  -3  -3  -5  -2  -2  -6  -2   0   58   0   1   1   0   1   2   1   0  11  14   0   0   1   0   1   1   0   1   6  0.94 0.57
   77 Q     2   2   3   0  -4   3   0  -1   1  -3  -3  -1  -3  -4  -4   1   1  -5  -4  -2   19  11  13   5   0  15   4   4   3   1   3   1   0   1   0   9   9   0   0   2  0.35 0.31
   78 F    -6  -7  -7  -8  -8  -6  -7  -8  -2  -6  -5  -7  -6   4  -8  -7  -7   2  10  -6    0   0   0   0   0   0   0   0   1   0   0   0   0  13   0   0   0   2  83   0  3.19 1.23
   79 D    -3   5  -3   2  -7   4   5  -5   0  -6  -6   0  -5  -7  -5  -4  -4  -6  -4  -5    1  31   0  11   0  17  32   1   2   0   0   3   0   0   0   0   0   0   1   0  1.20 0.65
   80 N     0   2   0  -2  -6   6  -1   1  -2  -6  -4   3  -3  -6  -5   0  -2  -6  -5  -5    7   8   4   2   0  36   3  10   1   0   2  18   0   0   0   8   2   0   0   0  0.80 0.52
   81 T     3  -2  -3  -4  -5   0  -4  -5  -5  -3  -5  -3  -4  -6  -5   1   6  -6  -5   0   21   3   0   0   0   5   0   0   0   1   0   1   0   0   0  10  53   0   0   6  1.16 0.68
   82 V    -3  -7  -7  -7  -4  -7  -7  -6  -7   4  -1  -7  -2  -3  -7  -6  -3  -4  -4   7    2   0   0   0   0   0   0   0   0  18   4   0   1   1   0   0   1   0   0  73  1.84 0.82
   83 L    -4  -2  -5  -7  -6   3  -4  -7  -3  -1   6  -5  -2  -4  -7  -6  -4  -6  -5  -3    1   2   0   0   0  15   1   0   1   2  75   0   0   0   0   0   0   0   0   1  1.52 0.76
   84 Q     0   1   2  -1  -4   2  -1   0  -2  -2  -1  -1  -2  -4  -4   1   4  -5  -4   0    6   8  12   2   0  10   3   7   0   2   6   3   0   0   0   8  25   0   0   6  0.31 0.30
   85 A     7  -6  -6  -6  -5  -6  -6  -1  -6  -6  -6  -5  -6  -7  -6  -1  -5  -7  -7  -5   93   0   0   0   0   0   0   3   0   0   0   0   0   0   0   3   0   0   0   0  2.28 1.03
   86 L    -3  -6  -5  -7  -5  -3  -6  -6  -5  -1   4  -6   1   6  -7  -5  -4   4   0   0    2   0   1   0   0   1   0   0   0   3  41   0   2  37   0   1   0   5   2   5  1.31 0.63
   87 R     0   5  -2  -3  -5   4   3  -1   2  -6  -5   2  -4  -6  -5  -1  -3  -6  -4  -4    6  29   1   0   0  18  20   5   5   0   1   9   0   0   0   3   1   0   0   1  0.83 0.51
   88 E    -5  -5  -2   5  -8   1   7  -5  -5  -8  -8  -4  -7  -8  -6  -4  -5  -8  -7  -7    0   0   2  26   0   5  67   0   0   0   0   0   0   0   0   0   0   0   0   0  2.00 0.93
   89 V     0  -6  -6  -7  -4  -5  -6  -7  -6   0  -3  -6  -3  -5  -6  -2   2  -7  -6   7    7   0   0   0   0   0   0   0   0   3   1   0   0   0   0   3  11   0   0  75  1.71 0.82
   90 Q     2  -2  -1   2  -7   0   6  -4  -3  -7  -5  -3  -6  -6  -5  -1  -5  -7  -6  -5   15   2   2   9   0   4  61   1   0   0   1   0   0   0   0   4   0   0   0   0  1.37 0.73
   91 T    -4  -4   5   6  -7  -1  -2  -3  -4  -4  -6  -4  -6  -7  -5   0   1  -8  -6  -4    1   1  26  49   0   3   1   2   0   1   0   0   0   0   0   6  10   0   0   1  1.42 0.71
   92 S     6  -4   0  -4  -5  -1  -4  -1  -5  -5  -5  -4  -4  -6  -5   1  -1  -7  -3  -3   70   1   4   1   0   3   0   4   0   0   0   0   0   0   0  11   3   0   1   2  1.33 0.73
   93 L    -4  -6  -8  -8  -6  -6  -7  -8  -7   0   6  -7   2   0  -7  -6  -5  -6  -4  -2    1   0   0   0   0   0   0   0   0   4  85   0   5   3   0   0   0   0   0   2  1.83 0.81
   94 S     3  -2  -1  -2  -3  -3  -3  -3  -2   1  -2  -2  -2  -3  -4   2   2  -5  -3   3   25   2   3   2   0   1   1   1   1   7   1   1   1   0   0  15  13   0   0  26  0.47 0.38
   95 R     4   1   1   1  -4   0  -2   1  -3  -3  -3  -2  -3  -4  -4   1   0  -4  -5  -2   41   8   6   7   0   4   2  10   0   1   1   0   0   0   0  10   6   0   0   3  0.50 0.38
   96 Y    -3   1  -4  -5  -1  -1  -4  -5   0   0   2  -4  -2   2  -6  -3  -3   0   7  -1    1   8   1   0   1   3   1   1   2   5  23   0   1   8   0   1   1   1  38   4  0.96 0.53
   97 A     2   3   0   0  -4   2   0   1   1  -3  -2  -1  -2  -4  -4   0   0  -5  -3  -1   20  19   4   6   0   8   5  11   4   1   3   2   1   0   0   8   6   0   1   4  0.28 0.26
   98 Q     1   2   1  -2  -4   2   0  -1   1  -2  -2   1  -2  -2  -3   0   1   1  -1  -2   14  14   6   1   0  10   7   5   3   3   4  10   0   1   0   4  11   2   1   2  0.20 0.21
   99 D     1   0  -1   2  -4   1   3  -2  -2  -2   2  -2  -1  -2  -4   0  -1  -3  -1  -2   11   4   2  11   0   6  26   2   0   2  19   0   1   1   0   7   4   0   3   1  0.31 0.30
  100 L     1   3  -2   0  -4   4   0  -1   0  -2   0   0  -2  -4  -4  -1  -1  -2  -2  -2   15  17   1   5   0  23   5   5   2   2  10   4   1   0   0   3   3   0   1   2  0.36 0.32
  101 D     0   2  -1   3  -5   3   4  -3  -1  -2  -3   0  -2  -5  -4  -1  -1  -5  -4  -2    9  12   2  14   0  16  24   1   1   2   3   4   1   0   0   3   3   0   0   3  0.50 0.37
  102 R    -1   6  -4  -5  -5   5   1  -5  -1  -4  -5  -1  -4  -4  -5  -2  -1  -6  -4  -3    5  48   0   0   0  22  10   1   2   1   1   1   0   1   0   2   4   0   0   2  1.23 0.67
  103 L     0   3   0  -2  -3   1   0  -3   1   0   2  -1   0  -2  -4  -1  -1  -2   0   0   10  17   4   1   0   6   7   1   3   3  24   2   2   1   0   3   3   0   4   8  0.19 0.21
  104 H     3   1  -1   2  -4   2   2  -1  -1  -3  -3   0  -3  -4  -3  -1   0  -5  -4   0   24  10   2  11   0  12  12   5   1   1   2   5   0   0   1   4   5   0   0   7  0.31 0.28
  105 L     4   1  -2   0  -4   0   0  -3   1  -1  -2  -1  -2  -2  -4   2  -1  -3  -2  -1   38   7   1   4   0   5   4   1   4   3   4   3   1   2   0  15   3   0   1   4  0.39 0.34
  106 L    -2   0  -5  -5  -5   4  -2  -6  -3  -2   5  -4  -1  -3  -6  -5  -3  -4  -3  -2    4   5   0   0   0  23   2   0   0   1  58   0   1   0   0   0   1   0   1   2  1.09 0.63
  107 E     2   2  -1   0  -4   4   2  -1  -1  -2  -2   0  -2  -4  -4  -1   0  -4  -3  -1   17  14   2   6   0  19  12   4   1   1   3   4   1   0   0   3   6   0   1   5  0.34 0.30
  108 Q     2   3  -1   1  -5   2   2  -3  -1  -3  -2   1  -2  -5  -4  -1   0  -5  -4  -2   22  19   2   9   0  11  13   1   1   1   3   7   1   0   0   3   5   0   0   2  0.42 0.33
  109 A     5  -2  -3  -4  -4   2  -2  -2  -4  -4  -1  -3  -3  -5  -5   1  -1  -6  -4  -2   57   2   1   0   0  10   2   2   0   0   6   1   0   0   0  10   4   0   0   3  0.92 0.58
  110 Q     2   1  -4  -3  -4   0   0  -4  -2  -1   0  -3  -1  -3  -5  -1   0  -2  -2   5   16   7   0   1   0   4   5   0   1   1  10   0   1   1   0   4   5   1   1  41  0.50 0.39
  111 Q     2   1   0   3  -5   2   3  -3  -2  -4  -4   0  -3  -4  -4   0   1  -5  -4  -1   21   7   3  16   0  10  19   1   1   1   1   5   0   0   0   5   7   0   0   4  0.44 0.34
  112 Q     5  -1  -2  -1  -4   1  -1  -3  -1  -5  -4  -3  -4  -5  -5   2  -1  -6  -4  -3   57   3   2   4   0   7   4   1   2   0   1   1   0   0   0  15   3   0   0   1  0.95 0.59
  113 A     5  -3   1  -2  -4   0  -2  -2  -2  -4  -1  -3  -3  -3  -4   3   0  -4   0  -3   45   1   8   2   0   4   3   1   1   0   7   0   0   1   0  20   4   0   3   0  0.69 0.49
  114 E     1   5  -1   0  -5   4   2  -1  -1  -5  -4   1  -4  -6  -4  -1   0  -4  -4  -3   10  31   2   4   0  16  12   4   1   0   2   6   0   0   0   4   5   0   0   1  0.64 0.43
  115 L     0   5   0   0  -5   2   2  -3  -1  -3  -2   2  -3  -5  -4  -1  -1  -5  -4  -3    7  30   4   6   0   9  16   1   1   1   4  11   0   0   0   4   4   0   0   1  0.56 0.38
  116 A     6   0  -3  -5  -4  -2  -4  -3  -4  -3  -4  -4  -4  -5  -5   2   1  -6  -1  -2   62   4   1   0   0   1   0   1   0   1   1   0   0   0   0  16   7   0   3   3  1.12 0.65
  117 S     3  -2  -3  -4  -3  -1  -1  -4  -2  -2   3  -4  -1   2  -4  -1  -1  -1   2   2   23   2   1   1   0   2   5   0   1   0  28   0   1   7   0   3   3   1   7  16  0.39 0.33
  118 A     1   3   0   3  -5   2   3  -2  -1  -4  -3   0  -3  -5  -4  -1   0  -5  -4  -3   11  19   3  15   0  10  20   2   1   1   2   4   0   0   0   4   5   0   0   2  0.49 0.35
  119 Q    -2  -3  -5  -3  -5   1  -4  -6  -2   2   5  -4   1  -2  -6  -4  -3  -3  -3  -1    3   1   0   2   0   6   1   0   1  11  64   1   3   1   0   1   1   0   0   4  1.03 0.55
  120 N     6  -5  -3  -5  -4  -3  -4  -4  -5  -3  -4  -4  -1  -5  -5   3   1  -6  -6   0   60   0   1   0   0   1   1   0   0   2   1   0   1   0   0  20   7   0   0   6  1.20 0.68
  121 R    -2   4   1   1  -5   3   1  -2  -1  -3  -1   0   0  -3  -4  -1   1  -2  -4  -3    3  26   6   6   0  16  11   3   1   1   7   4   3   1   0   4   7   1   0   1  0.43 0.34
  122 R     1   1   1   1  -3   2   1  -2  -1   0   0   0   0  -3  -3   0   1  -3  -2   0   15   9   7   8   0   9   9   1   1   5  13   3   2   0   0   5   7   0   1   6  0.13 0.16
  123 L    -3   7  -2  -5  -7   4  -3  -4  -4  -5   1  -1  -2  -5  -6  -2  -4  -6  -5  -5    2  51   2   0   0  21   1   1   0   0  17   1   1   0   0   3   0   0   0   0  1.36 0.72
  124 Y    -6  -4  -5  -7  -8  -2  -6  -8  -1  -6  -4  -7  -6   3  -8  -7  -6   0  10  -4    0   1   1   0   0   2   0   0   1   0   1   0   0  11   0   0   0   1  80   1  2.90 1.15
  125 Q    -1   5  -1   2  -6   3   2  -3  -1  -3  -4   2  -3  -6  -4  -1  -1  -4  -5  -3    5  33   2  10   0  12  13   1   1   1   1  11   0   0   0   4   4   0   0   1  0.67 0.43
  126 G     3  -1   2  -1  -3   1   2   1   0  -3  -3  -1  -3  -3  -3   1  -1  -5  -3  -2   31   4   9   2   0   7  13   9   2   1   2   3   0   1   0  11   3   0   1   2  0.36 0.31
  127 G    -5  -7  -4  -6  -8  -5  -7   8  -7  -9  -9  -5  -8  -8  -7  -5  -7  -8  -8  -8    0   0   0   0   0   0   0  99   0   0   0   0   0   0   0   0   0   0   0   0  2.87 1.11
  128 R     1   0  -3  -3  -3  -1  -1  -3  -3   0   3  -2   1  -1  -4  -1   1  -3   1   1   15   6   0   1   0   3   3   1   0   5  30   1   3   1   0   5   8   0   5  12  0.24 0.24
  129 T     2  -3  -3   2  -4  -2  -2  -2  -4   2  -2  -3  -3  -4  -4   1   3  -5  -4   3   15   1   0  12   0   1   2   3   0  11   2   1   0   0   0  12  19   0   0  19  0.41 0.35
  130 P    -1  -4   2   6  -6  -3  -2   0  -5  -5  -6  -4  -5  -7   0   4   0  -7  -6  -6    4   0   7  39   0   0   2   8   0   0   0   0   0   0   5  28   6   0   0   0  1.01 0.59
  131 Y    -3  -3  -6  -7  -7  -2  -6  -5  -2  -3   0  -6  -2   7  -5  -4  -5  -2   7  -5    2   1   0   0   0   2   0   1   1   1   7   0   1  39   0   1   0   0  42   0  1.88 0.82
  132 L    -4  -3  -3  -5  -5   2  -4  -5  -6   0   5  -5   0  -1  -5  -3   0  -5  -4  -1    1   1   1   1   0  10   0   1   0   5  66   0   1   3   0   2   6   0   0   2  1.07 0.59
  133 S     0   0   2   4  -5   0   3  -2  -3  -4  -4  -2  -4  -5  -1   1   2  -6  -4  -1    7   4  11  23   0   3  18   2   0   1   1   0   0   0   3   9  13   0   0   4  0.51 0.37
  134 S    -2  -5  -7  -5  -5  -3  -6  -7  -7  -1   2  -6  -2  -4  -6  -4  -3  -4  -3   7    2   0   0   1   0   1   0   0   0   1  18   0   0   0   0   1   1   0   1  72  1.60 0.77
  135 L    -3  -6  -5  -6  -5  -4  -4  -7  -7   1   6  -6  -1  -3  -7  -6  -3  -6  -5   1    2   0   0   0   0   1   1   0   0   7  78   0   1   1   0   0   1   0   0   8  1.52 0.72
  136 D    -2  -4   0   7  -6   0   1  -5  -5  -4  -5  -4  -5  -7  -5  -1   2  -7  -6  -1    3   1   4  60   0   4   6   0   0   1   1   0   0   0   0   4  12   0   0   5  1.38 0.70
  137 A     6  -5  -3  -5  -5  -3  -4  -4  -6  -5  -4  -5  -1  -6  -5   1   1  -5  -6  -1   73   0   1   0   0   1   0   0   0   0   1   0   1   0   0   9   9   0   0   3  1.49 0.78
  138 E    -5   0  -3  -1  -8   7   5  -5  -3  -8  -6  -3  -6  -8  -6  -4  -4  -7  -6  -7    0   5   1   3   0  57  32   1   0   0   0   0   0   0   0   0   1   0   0   0  1.94 0.94
  139 R    -2   8  -2  -5  -7   2  -4  -4  -5  -5  -4  -1  -5  -7  -6  -2   0  -7  -6  -4    4  71   2   0   0   9   0   1   0   0   2   2   0   0   0   2   5   0   0   1  1.80 0.84
  140 T     2  -1   0   0  -4   2   0  -3  -4  -3  -4  -3  -3  -4  -4   3   4  -6  -4  -2   16   3   5   5   0   8   6   1   0   1   1   0   0   1   0  26  26   0   0   2  0.59 0.45
  141 L     0  -1  -4  -3  -4   1  -3  -6  -3  -2   5  -3   0  -1  -5  -3  -2   1   1   0   10   4   0   2   0   6   2   0   1   0  56   1   1   2   0   2   2   2   4   4  0.71 0.46
  142 A     0  -4  -2  -5  -4  -1  -5  -5  -1   0   4  -5  -1   4  -6  -3  -2  -2   4  -1    7   1   2   1   0   3   0   0   1   3  44   0   1  17   0   2   3   0  12   4  0.72 0.44
  143 S     2  -1   1   1  -4   3   1  -1  -2  -3  -3  -2  -3  -5  -3   3   1  -5  -4  -2   17   3   7   8   0  16   7   4   0   1   2   1   0   0   0  23   8   0   0   2  0.44 0.37
  144 A     5  -3   0  -3  -4   1  -3  -3  -3  -3  -1  -4  -3  -2  -4   1   1  -6  -2  -1   54   1   5   1   0   5   0   1   0   1   5   0   0   2   0  12   7   0   1   5  0.78 0.53
  145 E    -3   3  -3   0  -7   6   5  -5  -3  -7  -5  -2  -4  -7  -5  -3  -3  -7  -6  -6    2  14   1   4   0  35  40   0   0   0   1   1   0   0   0   1   1   0   0   0  1.43 0.76
  146 M    -1   2   0   4  -5   4   0  -4  -3  -1   1  -2  -2  -5  -5  -1  -1  -6  -5  -3    6  13   4  28   0  18   6   1   0   3  13   0   1   0   0   4   3   0   0   1  0.57 0.41
  147 T     3   0   1   1  -4   4   0  -1  -4  -4  -2  -2  -2  -5  -4   2   1  -5  -5  -2   28   4   5   6   0  18   4   4   0   1   3   1   1   0   0  14   9   0   0   2  0.48 0.39
  148 L     0  -1  -5  -5  -4   0  -2  -5  -2  -1   5  -4   0  -1  -6  -3  -3   1   0   1   10   3   0   0   0   5   3   0   1   1  57   1   1   2   0   2   1   2   3   8  0.76 0.47
  149 A     4  -5  -4  -4  -3  -3  -3  -4  -4   2   0  -4  -2  -4  -5  -1   0  -3  -4   3   42   0   0   1   0   1   1   0   0  12   9   0   1   0   0   3   6   0   0  23  0.76 0.48
  150 N     1   1   0   1  -5   6   1  -2  -3  -3  -2  -2  -3  -4  -4   1   0  -6  -5  -2   13   7   4   7   0  36   7   2   0   1   4   1   0   0   0   8   7   0   0   3  0.63 0.46
  151 A     3  -4  -2  -4  -2  -3  -4  -2  -4   0   0  -4  -2  -5  -4   4   1  -6  -4   0   27   0   2   0   1   1   0   3   0   4  11   0   1   0   0  35   8   0   0   6  0.65 0.47
  152 Q    -1   5  -1   1  -6   4   3  -4   0  -5  -3   1  -2  -5  -5  -2  -1  -6  -4  -3    4  30   2   8   0  18  18   0   2   0   3   6   1   0   0   3   3   0   0   1  0.74 0.46
  153 A     2   1  -2  -4  -4   1  -3   3  -4  -1   0  -3  -2  -4  -4   0   2  -3  -3   0   22   8   2   0   0   7   1  22   0   2  12   0   1   0   0   5  12   0   0   6  0.35 0.31
  154 Q     3   1   1   2  -4   3   1  -2  -2  -4  -2  -1  -2  -4  -4   1   1  -5  -4  -3   23   9   6  10   0  17   8   3   0   0   3   2   1   0   0   9   7   0   0   1  0.40 0.34
  155 V    -1   4  -3  -4  -3   2  -1  -4  -2   1   1  -2  -1  -3  -4  -1  -1  -2  -2   3    6  24   1   0   0  10   4   1   1   7  15   1   1   0   0   4   4   1   1  19  0.40 0.33
  156 S     3  -1  -2  -4  -3  -1  -3  -2  -2  -1   2  -3   1   0  -3   1   0  -1   1   0   25   3   1   0   0   3   1   2   1   2  25   0   3   3   0  10   7   1   6   7  0.28 0.28
  157 Q     1   0   0  -1  -3   2  -1  -2  -3   0   1  -1  -1  -3  -4   1   3  -5  -3   1   13   6   4   3   0  10   2   2   0   5  12   2   1   0   0  10  21   0   0   8  0.24 0.26
  158 D     3  -1   4   3  -5  -1  -2  -1   0  -5  -5  -3  -5  -4  -4   1  -1  -6  -2  -4   29   3  20  19   0   3   1   4   2   0   1   1   0   0   0  12   4   0   2   0  0.67 0.45
  159 Q     0   0  -3  -4  -2   2  -2  -4  -1   0   3  -3   0  -1  -4   0   1   1   0   1    8   6   0   0   0  10   1   1   2   4  32   0   2   2   0   9   8   2   3   9  0.29 0.28
  160 I    -1  -7  -6  -7  -5  -6  -7  -7  -7   5  -2  -7  -2  -5  -7  -5  -3  -7  -6   7    5   0   0   0   0   0   0   0   0  25   1   0   0   0   0   0   1   0   0  66  1.76 0.79
  161 Q     4   1   1   1  -4   2  -1   0  -2  -4  -3  -2  -3  -4  -4   1   1  -5  -4  -3   34   8   6   7   0  11   2   7   1   0   2   0   0   1   0  10   9   0   0   1  0.48 0.38
  162 L    -5  -7  -8  -8  -5  -6  -7  -8  -7   1   6  -7  -1  -3  -7  -7  -4  -6  -5   1    1   0   0   0   0   0   0   0   0   6  82   0   1   1   0   0   1   0   0  10  1.79 0.80
  163 F    -4  -6  -3  -7  -2  -4  -7  -7  -1   1  -3  -6  -1   5  -7  -6  -6  -3   9  -1    1   0   2   0   1   1   0   0   1   8   1   0   2  18   0   0   0   0  60   5  2.04 0.88
  164 L    -1   4  -3  -5  -7   1  -2  -5  -3  -5  -1   6  -3  -7  -5  -4  -3  -7  -5  -3    4  20   1   0   0   6   2   0   0   1   6  58   1   0   0   0   1   0   0   1  1.37 0.70
  165 A     7  -6  -4  -6  -5  -5  -5  -4  -6  -6  -6  -5  -5  -7  -5   1  -2  -7  -6  -1   84   0   1   0   0   0   0   0   0   0   0   0   0   0   0   9   2   0   0   4  1.93 0.92
  166 L    -5  -7  -8  -8  -5  -7  -7  -7  -7  -1   7  -7   2  -1  -7  -6  -5  -6  -5  -2    1   0   0   0   0   0   0   0   0   2  89   0   3   2   0   0   0   0   0   2  2.00 0.86
  167 G    -2  -6  -5  -6  -7  -7  -7   8  -7  -9  -9  -6  -5  -8  -7  -5  -6  -7  -8  -8    3   0   0   0   0   0   0  96   0   0   0   0   0   0   0   0   0   0   0   0  2.74 1.06
  168 G    -4  -7  -5  -6  -7  -7  -7   8  -6  -8  -6  -6  -7  -7  -7  -5  -6  -4  -8  -7    1   0   0   0   0   0   0  97   0   0   1   0   0   0   0   0   0   0   0   0  2.73 1.05
  169 G    -3  -3  -5  -3  -7  -6  -6   7  -5  -8  -8  -6  -7  -8  -6  -3  -5  -5  -8  -7    1   1   0   1   0   0   0  93   0   0   0   0   0   0   0   1   0   0   0   0  2.50 0.98
  170 W    -6  -8  -9  -9  -8  -6  -8  -7  -8  -7  -5  -8  -7  -3  -6  -7  -6  13  -3  -7    1   0   0   0   0   0   0   0   0   0   1   0   0   1   1   0   1  95   0   0  4.94 1.59
  171 D    -2   0   1   3  -4   4   4  -3  -1  -4  -4  -1  -3  -5  -1   1   0   0  -4  -3    2   4   5  14   0  23  25   1   1   1   1   2   1   0   3   8   5   2   0   2  0.62 0.41
  172 A     3  -2  -1  -1  -2   0   0   0  -3   0  -2  -2  -2  -4   3   1   1  -5  -3   0   25   1   3   4   1   5   6   5   0   5   3   2   0   0  16   8   8   0   1   8  0.29 0.24
  173 D     0   0   0   3  -2   2   2  -1  -1  -4  -3  -1  -2  -3   3   0   0  -5  -3  -3    9   6   5  15   1   9  15   5   1   1   3   1   1   1  15   8   5   0   0   1  0.34 0.25
  174 A     3  -2  -3   1  -3   1   0   0  -3  -3  -2  -2  -2  -3   3   1   1  -1  -2  -1   31   2   0   7   0   5   6   7   0   1   3   1   1   1  14   9   8   1   1   3  0.35 0.28
  175 G     1  -2  -1   1  -4   0   1   2  -1  -3  -2  -2  -3  -4   4   0   0  -4  -4  -2   15   1   2   9   0   4   9  18   1   1   4   1   0   0  19   6   5   0   0   3  0.38 0.25
  176 R     1   2  -1   0  -2   2   1  -1  -1  -2  -2   1  -1  -4   3   0   1  -4  -3  -1   14  11   3   4   0   9   8   3   1   1   2   9   1   0  14   5   8   0   1   5  0.24 0.18
  177 N     2  -1   0   2  -1   1   1   0  -1  -2  -2  -1  -1  -4   2   0   0  -3  -3  -1   18   3   5  11   1   6   9   8   1   1   4   2   1   0  12   7   7   0   0   4  0.21 0.16
  178 T     3  -1  -2   0   0   0  -1  -1  -3  -2  -2  -1  -2  -4   3   1   2  -5  -2  -1   25   2   1   4   2   4   3   5   0   2   2   3   0   0  16   9  16   0   1   4  0.34 0.26
  179 T     2   0  -2   0  -3   0   0   0  -1  -2  -2  -1  -2  -4   2   1   2  -4  -3   0   24   5   0   5   0   5   6   7   1   1   2   3   1   0   8   9  16   0   0   7  0.24 0.21
  180 T     1  -2  -1   0  -3  -1   0  -2  -2  -2  -1  -2  -2  -4   3   2   3  -3  -3   0   15   2   2   5   0   2   5   2   0   1   5   1   0   0  18  15  18   0   0   8  0.35 0.25
  181 A     4  -3  -2  -2  -2  -1  -1  -1  -4  -2  -2  -3  -3  -4  -1   2   0  -5  -4   2   47   1   1   2   1   2   3   3   0   1   2   0   0   0   3  15   5   0   0  15  0.56 0.36
  182 A     5  -3  -2  -3  -3   0  -1  -1  -4  -3  -4  -2  -3  -5   2   2   2  -5  -4  -1   48   1   1   1   0   3   3   2   0   1   0   1   0   0  10  15  12   0   0   2  0.67 0.37
  183 R    -4   7  -3  -4  -6   2  -2  -5  -3  -6  -5   4  -4  -6  -4  -3  -4  -5  -4  -5    0  69   0   0   0  10   0   0   0   0   0  21   0   0   0   0   0   0   0   0  1.63 0.52

                      K         Lambda
Standard Ungapped    0.1271     0.3151
Standard Gapped      0.0554     0.2670
PSI Ungapped         0.1809     0.3175
PSI Gapped           0.0554     0.2670
