
Last position-specific scoring matrix computed, weighted observed percentages rounded down, information per position, and relative weight of gapless real matches to pseudocounts
            A   R   N   D   C   Q   E   G   H   I   L   K   M   F   P   S   T   W   Y   V   A   R   N   D   C   Q   E   G   H   I   L   K   M   F   P   S   T   W   Y   V
    1 F    -6  -7  -7  -8  -6  -7  -7  -7  -4  -4  -4  -7  -4   8  -8  -6  -6   3   6  -5    0   0   0   0   0   0   0   0   0   0   0   0   0  72   0   0   0   4  24   0  2.60 0.89
    2 R    -4   6   1   3  -6  -1  -2  -5  -4  -4  -3   3  -5  -6  -4  -3  -4  -6  -5  -5    1  51   7  14   0   2   1   0   0   1   3  19   0   0   1   0   0   0   0   1  1.24 0.61
    3 P     0   1  -3   0  -5  -1  -1  -2   0  -4  -5   0  -3  -4   6   0   0  -6  -3  -4    7   9   1   6   0   2   3   2   3   0   0   5   1   1  47   6   5   0   1   1  1.02 0.50
    4 E    -1  -1   0   5  -6  -1   5  -2  -2  -5  -6  -1  -5  -6  -2  -1  -3  -6  -4  -5    4   3   4  36   0   2  37   3   0   0   0   3   0   0   2   4   1   0   0   1  1.02 0.54
    5 Y     1   4   0  -1  -5   2  -1  -2   4  -4  -3   3  -1  -2  -4   0  -2  -5  -1  -3   14  23   3   2   0   7   3   2  10   0   2  20   2   1   0   5   2   0   1   0  0.48 0.34
    6 A     5  -1  -3  -1  -4  -3  -2  -1  -4  -4  -3  -2  -2  -1  -2   2   2  -5  -4  -2   47   4   0   3   0   1   2   3   0   0   2   1   1   3   2  18  14   0   0   1  0.67 0.46
    7 L    -4  -1  -5  -4  -4  -2  -4  -6  -4   2   5  -3  -1   1  -1  -5  -3  -1  -1   1    0   3   0   1   0   2   1   0   0  11  58   1   0   4   4   0   1   1   2   9  0.83 0.45
    8 F    -5  -7  -8  -5  -7  -4  -7  -5  -3  -5  -3  -7  -6   1  -4  -7  -7  12   0  -7    1   0   0   1   0   1   0   1   1   1   2   0   0   6   1   0   0  82   2   0  3.97 1.28
    9 A     2   4   0  -2  -4   0  -2   0   2  -3  -1   1  -2  -3  -2   0  -2   0  -1  -1   19  29   4   1   0   4   1   8   5   1   5   7   1   0   1   5   1   2   2   4  0.35 0.28
   10 E     0   0   3   4  -4   0   1   3  -1  -5  -5   0  -3  -3  -2  -1  -2  -5  -3  -4    7   5  14  27   0   3   7  20   1   0   0   6   1   1   1   3   2   0   1   0  0.51 0.31
   11 G     1   0  -1   2  -4   2   3   1  -2  -3  -1   0  -2  -4   0   0   0  -4  -4  -2   11   5   1  13   0  10  20  10   0   1   6   3   0   0   4   8   5   0   0   2  0.27 0.22
   12 P    -1   1   2   3  -4   0   0   2   0  -4  -4   0  -3  -4   3  -1  -2  -4  -4  -3    4   7  12  17   0   4   6  19   2   1   1   6   0   0  13   3   1   0   0   2  0.41 0.26
   13 G     0   1  -1  -2  -3  -2  -2   2  -1  -1   2  -1   0  -2   0   1   1  -3  -3  -1    5  10   3   2   0   1   2  16   1   1  26   3   1   1   4  13   8   0   0   3  0.17 0.19
   14 Q     0   1  -1   0  -4   0  -1   1   0  -4  -3   0  -3  -3   6  -1  -2   1  -3  -2   10   9   3   5   0   4   2   9   2   0   3   4   1   1  37   3   2   2   1   3  0.65 0.34
   15 F    -4  -3  -5  -6  -5  -4  -5  -2  -1  -2  -1  -5  -2   8  -4  -4  -3   3   4  -2    1   1   0   0   0   1   0   3   1   1   4   0   1  65   1   1   2   3  12   3  1.67 0.66
   16 P    -1   3  -1   0  -4   3   3   0   1  -3  -3   0  -3  -4   1   0   0   3  -2  -3    4  15   1   3   0  17  18   7   3   2   1   4   0   0   7   6   5   4   1   1  0.37 0.27
   17 I     1  -4  -5  -5  -3  -4  -5  -4  -5   3   3  -4   2  -1  -4  -4  -1  -4  -3   4   11   0   0   0   0   0   0   1   0  15  27   0   5   2   0   0   2   0   0  35  0.72 0.38
   18 T    -2   2  -1   1  -5   6   3  -2   2  -5  -3  -1   0  -5  -4  -1  -1  -5  -4  -4    3  10   2   8   0  36  20   3   4   0   2   1   2   0   0   3   4   0   0   1  0.78 0.46
   19 F     0  -2  -5  -5  -4  -2  -5  -3  -4  -2   2  -4   1   6   2  -4  -3   0   1  -2    7   3   0   0   0   1   0   2   0   1  21   0   4  43  10   0   1   1   3   1  0.91 0.47
   20 F    -3  -3  -6  -3  -5  -2  -4  -6  -1  -1   1  -5   1   8  -6  -3  -5  -3   3  -1    1   2   0   2   0   2   1   0   2   2  14   0   3  57   0   1   0   0   9   4  1.38 0.60
   21 H    -2  -5  -4  -6  -7  -4  -5  -6   9  -4  -4  -3  -2  -2   5  -3  -5  -7   0  -4    4   0   0   0   0   0   0   0  56   1   2   1   1   2  28   1   0   0   2   1  2.17 0.86
   22 P     0   3  -3  -5  -3   0  -3  -4  -4  -2   2  -3  -1  -4   5  -2  -2  -5  -5  -1    9  20   1   0   1   4   1   1   0   1  22   0   2   0  30   2   2   0   0   5  0.72 0.43
   23 G    -2  -6  -2  -3  -3  -5  -2   7  -1  -7  -6  -5  -6  -7  -6  -2  -3  -7  -7  -4    2   0   1   1   1   0   3  85   2   0   1   0   0   0   0   2   1   0   0   1  1.99 0.78
   24 K    -2   1   0  -3  -4  -2  -3   0   1  -2   0  -1   2   4  -3   0  -2   5   4  -2    3   8   4   1   0   1   1   7   4   1   9   3   7  20   1  10   1   7  13   1  0.39 0.29
   25 F    -1  -2  -3  -5  -4  -1  -4  -1   0   2   3  -4   1   2  -3  -3  -1   4   3   1    4   2   1   0   0   3   0   4   2  11  30   0   3   9   1   1   3   5  11   7  0.39 0.27
   26 F    -1  -4  -2  -6  -6   0  -4  -6   2  -4  -3  -5  -2   7  -6  -3  -2  -3   6  -2    6   1   2   0   0   4   1   0   4   0   2   0   1  45   0   1   3   0  28   2  1.46 0.67
   27 P    -1   3   2   1  -4   1  -1  -2   1  -2  -3   2  -2  -4   2   0   2  -5  -2  -3    3  17   9   9   0   5   1   3   4   3   1  15   1   0   9   5  12   0   1   1  0.33 0.26
   28 K    -1   2   0   3  -4   2   2  -3   2  -3  -3   1  -3  -2   0  -1   1   0  -2  -2    3  13   4  16   0  12  13   1   5   1   2   8   0   2   4   4   8   2   1   2  0.31 0.24
   29 P     0   1  -3  -4  -3   0  -3  -1  -1  -3  -3  -1  -2  -6   7  -1   0  -6  -6  -3    9   9   1   1   1   4   1   4   1   1   2   3   1   0  51   4   6   0   0   1  1.17 0.58
   30 V    -2  -5  -5  -5  -4  -4  -2  -6  -5   3   0  -2   2  -3  -2  -4  -1  -5  -4   6    2   0   0   0   0   0   2   0   0  14   4   2   5   0   2   0   2   0   0  66  1.09 0.51
   31 R    -1   4   0   1  -4   1   2  -2   0  -2  -2   1  -2  -3  -1   0   1  -4  -2  -1    5  28   3   9   0   5  12   2   2   2   2   7   0   0   2   4   9   0   1   4  0.30 0.20
   32 L    -1  -4  -4  -4   2  -3  -4  -4  -4   5   2  -3   3   1  -4  -3   0  -3  -2   2    4   0   0   0   4   0   0   1   0  37  18   0   9   6   0   0   4   0   0  13  0.57 0.29
   33 Y    -1   1   3   0  -4  -2  -1  -1   4  -3  -2  -1  -2   2  -3   0  -1   3   3  -1    4   7  15   4   0   0   4   4  15   0   4   3   0  11   0   5   4   4  14   4  0.32 0.26
   34 V     0   0   0   0  -2   0   1  -3  -2   1   1  -1   1   0  -2   0   0  -2   0   1    6   4   4   4   0   6  13   1   0   9  14   0   4   4   0   5   7   0   4  14  0.08 0.12
   35 V    -1  -2  -2  -4  -3  -2  -4  -3  -1   2   1  -2   0   0  -1  -3  -1   3  -1   5    3   2   2   0   0   2   0   2   2  11   9   2   2   4   3   0   2   4   2  46  0.52 0.37
   36 D     0   0   1   3  -3   1   3  -3   1  -2  -2   0   0  -3  -1   1   1  -4  -1  -1    6   5   5  18   0   4  20   0   3   2   3   4   2   0   2   9   9   0   2   5  0.27 0.23
   37 K     0   0   2   3  -4   0   0   3   0  -3  -4   0  -4  -5   1   0  -1  -5  -4  -3    8   5   9  22   0   3   6  21   3   2   0   5   0   0   6   7   2   0   0   1  0.39 0.28
   38 G     0  -2   0   1  -1  -1   1   5   0  -5  -5  -1  -4  -5  -2  -1   1  -5  -2  -3    8   2   5   9   1   3   8  43   2   0   0   3   0   0   1   4   9   0   1   2  0.60 0.39
   39 A     0   1   0  -1  -3   2   0   1   1  -1  -2   1   0  -2  -1   0   1   0  -1  -1    8   8   5   2   0  13   5  13   5   3   2   7   3   1   2   6   9   1   1   6  0.12 0.14
   40 A     3  -2  -2  -3   0  -2  -1  -4  -4   0  -2  -2  -1  -1  -1   0   0   1   1   3   32   2   1   1   2   1   3   0   0   4   1   1   1   2   3   6   5   2   5  26  0.41 0.37
   41 R    -1   5  -1  -2  -5   3   1  -3   3  -2  -3   1  -2  -2  -4  -1   0  -5  -2  -2    4  33   2   2   0  15   7   1   8   3   2   7   1   2   0   4   7   0   1   3  0.58 0.42
   42 E     0   0   0   0  -3   1   0   0   2   0  -1   0   1  -2   0   0   0   3   1   0    6   6   5   6   0   5   6   6   5   6   6   6   5   0   6   6   6   5   5   6  0.07 0.10
   43 I    -2  -1  -4  -5  -4  -1  -4  -2   0   4   2  -1   2   0  -2  -2  -3   2   0   3    2   3   0   0   0   4   0   4   3  23  17   4   5   4   2   3   0   3   3  21  0.39 0.31
   44 L     2   1  -1  -1  -4   0  -1  -1   0  -1  -1  -1   0  -1   4   0  -1  -5  -3  -1   18   8   3   3   0   3   4   3   3   3   5   4   3   2  24   6   4   0   0   4  0.34 0.28
   45 Y    -2  -6  -1  -2  -6  -2  -6  -6   0  -1  -2  -6  -4   6  -2  -2  -5   2   7  -2    4   0   3   3   0   2   0   0   2   3   3   0   0  34   3   3   0   2  37   2  1.41 0.69
   46 D     0   1   1   3  -3   0   1  -1   1  -1  -2   0  -2  -3   0   1   1  -4   0  -1    6   8   4  18   0   4   6   4   3   3   4   5   0   0   3  15   8   0   4   4  0.17 0.18
   47 Q     0   0   1   0  -3   1   0   0   2  -2  -1   0   1   0   1   0   0  -3  -2  -1    6   6   6   6   0   6   6   6   6   0   6   6   6   6   6   6   6   0   0   6  0.07 0.11
   48 A     2  -1   0   4  -2   0   1   1  -1  -3  -5   0  -4  -5   0   2  -1  -1  -2  -3   16   4   3  24   1   3  10  10   1   1   0   5   0   0   4  13   3   1   1   1  0.39 0.29
   49 Y     0  -1  -1   2  -1   0  -2  -3  -1   0   3  -2   3   1  -4  -2  -2   1   2  -1    9   3   2  13   1   4   1   1   2   5  28   2  10   4   0   3   2   2   8   2  0.25 0.24
   50 F    -7  -7  -8  -8  -7  -8  -8  -8  -6  -5  -2  -8  -5   9  -8  -7  -1   3   3  -6    0   0   0   0   0   0   0   0   0   0   3   0   0  82   0   0   4   3   7   0  2.76 1.04
   51 D    -2   0   2   4  -4   1   2  -2   0  -2  -2   0  -1  -2  -2   0   0   1  -3  -2    3   5  12  24   0   6  13   2   2   2   4   5   2   2   2   5   7   2   0   3  0.33 0.27
   52 M    -1  -4  -4  -2  -4  -4  -2  -1  -2   0  -1  -2   2   4  -5  -2  -1   3   6  -1    4   0   0   3   0   0   3   5   0   4   5   3   5  21   0   3   3   4  34   4  0.77 0.47
   53 P    -1  -1   0   1  -4  -1   0   3   1  -3  -2  -1  -3  -1   4  -1   0  -4  -1  -1    3   4   3   8   0   2   7  24   3   0   3   3   0   2  20   4   6   0   2   5  0.35 0.25
   54 E     0   0   1   3  -3   0   1   1   0  -2  -2   0  -1  -3   2   1   0  -4  -3  -2    8   6   5  20   0   3   6   9   3   2   3   6   2   0   9  10   4   0   0   3  0.21 0.18
   55 D    -1   0   2   3  -3   0   1   0  -2  -1   0   0  -1  -2   1   0  -1  -4  -3  -1    3   4  10  20   0   3   7   9   0   2  11   5   2   1   7   5   3   0   0   5  0.17 0.17
   56 S     0   0   0   0  -2   1   0   0   1   0  -1   0   1   0   1   0   0  -2   1   0    6   6   5   6   0   5   6   6   5   6   6   6   5   5   6   6   6   0   5   6  0.03 0.06
   57 P     0  -1  -2   0  -3   0  -1  -1   1   1   1  -1  -1   1   3  -1  -1  -3   0   0    9   3   1   5   0   4   3   4   4   8  14   4   1   8  16   4   3   0   2   6  0.15 0.17
   58 A     2   0   0   2  -4   1   0   0  -1  -2  -2  -1  -2  -3   3   0   0  -5  -2  -1   18   5   3  12   0   6   5   6   1   1   4   4   1   1  16   7   4   0   1   4  0.26 0.26
   59 R     0   1  -1   1  -4   1   0   0   0  -2  -1   1  -1  -1   3  -1  -1   0  -1  -2    8   8   2  10   0   5   7   6   3   2   7   8   2   3  17   2   3   1   1   3  0.19 0.20
   60 Q     0   1   0   1  -4   2   1  -1   0  -1  -1   1  -1  -1   1  -1   0   1  -3  -1    9   9   4   9   0  10   9   5   2   3   6   7   1   4   8   3   4   2   0   3  0.11 0.15
   61 L     0   0   0   0  -2   0   0   0   0   0   1  -1   0   0   1   0   0   1   0   0    6   4   5   7   0   3   5   7   3   7  14   3   3   5   7   4   6   2   2   7  0.02 0.04
   62 T    -1  -1  -1   0  -4   1  -1   0  -3  -1  -1   0   0   0   4   0   0   2  -1  -1    5   3   3   4   0   6   4   7   0   3   7   6   3   5  23   6   5   3   2   5  0.26 0.24
   63 Q     1   0   0   1   0   1   1   0   0  -2  -2   1  -1  -4   1   1   0  -4  -1  -1   14   6   3   8   2   5   9   8   2   2   2   9   2   0   7  11   5   0   2   3  0.14 0.16
   64 G     0  -1   1   4  -4   0   0   1   1  -2  -2  -1  -1  -1   0  -1  -1   0  -4  -1    9   3   7  28   0   3   4  10   4   2   4   3   2   2   4   4   4   2   0   4  0.29 0.27
   65 V     0  -2  -2  -3  -4  -1  -2  -1  -1   1   3  -2   1  -1   2   0   0  -1  -2   0    8   2   2   1   0   2   2   5   1   6  37   2   3   2  10   6   5   1   1   4  0.30 0.29
   66 G    -1  -2  -1  -1  -7  -2  -3   7  -1  -7  -7  -2  -7  -7  -1  -2  -3  -7  -2  -7    5   2   2   4   0   2   1  69   2   0   0   2   0   0   4   3   1   0   2   0  1.50 0.81
   67 F    -4  -6  -2  -7  -1  -6  -6  -7   2   0  -1  -6   0   7  -3  -4  -6   4   5   0    2   0   2   0   1   0   0   0   5   4   4   0   2  43   1   1   0   5  21   8  1.47 0.74
   68 A     1  -1  -1   1   4  -1  -1   1  -2  -1  -2   1  -2  -3  -2   1   1  -3  -3   0   13   0   0  13  13   0   0  13   0   0   0  13   0   0   0  13  13   0   0  13  0.18 0.09
   69 G     1  -3  -1  -2   4  -2  -2   5  -2  -3  -3  -2  -2  -3  -2  -1  -2  -3  -3  -2   14   1   1   1  13   1   1  63   0   1   1   1   0   0   1   1   1   0   0   1  0.77 0.12
   70 F     0  -2  -2  -3  -2  -2  -2   0  -2   1   1  -2   2   2  -2  -2  -1   5   2   1   11   1   0   1   0   0   1  11   0  11  11   1  10  10   1   1   1  10  10  11  0.22 0.11
   71 R    -1   6  -1  -1  -4   0   0  -3   0  -3  -2   2  -2  -3  -3   0  -1   1  -1  -1    3  53   2   2   0   2   3   0   2   0   3  11   0   0   0   5   2   2   2   6  0.62 0.30
   72 F     0  -3  -3  -4  -2  -3  -3  -1  -3   2   2  -3   2   2  -3  -2  -1  -2   1   3    7   0   0   0   0   0   0   4   0  15  28   0   5   9   0   0   0   0   6  24  0.30 0.17
   73 Q    -1   0   1  -1  -4   1  -1  -2   4  -1   1  -1   2   0  -4  -1   0   4   1  -1    4   6   8   3   0   7   3   3  13   3  14   3   7   3   0   3   5   6   4   4  0.21 0.23
   74 E     0   0   0  -1   1   0   0   1   3  -3  -2  -1  -3   1   0   0   0   2   4  -2    9   4   5   4   3   4   5  10   8   0   3   3   0   5   4   5   8   3  15   3  0.17 0.21
   75 S     1   1  -1  -2  -5   1  -2  -1   3  -2  -2  -2  -4  -2   5   0  -2  -5  -2  -3   11   9   2   3   0   7   2   5   6   2   3   2   0   2  33   7   2   0   2   2  0.60 0.43
   76 R    -2   0  -1  -1  -3  -1  -1  -1  -1   1   3  -1   0   2  -1  -2   0   0   0   0    2   6   2   3   0   2   4   4   2  10  29   3   2  12   3   3   5   1   2   4  0.17 0.18
   77 T     0  -2   5   0  -3  -1  -1   0   0  -1  -2  -1  -1  -1   2  -1   0  -4  -1  -1    8   2  29   5   0   3   3   6   2   4   4   2   2   2   9   4   7   0   2   5  0.32 0.27
   78 G     0   0   1   1  -3   0   1   2   0  -1  -2   0  -2   0  -1   1   0  -3  -2  -2    5   6   5   9   0   4   9  17   2   3   4   4   0   5   3  12   7   0   0   3  0.13 0.13
   79 H     1   1   0   0  -3   1   0   0   1  -3  -2   0   0  -1   4   0  -1  -3   0  -1   11   8   4   4   0   7   4   6   4   0   4   5   3   3  19   6   4   0   4   4  0.22 0.19
   80 Q     0   0   0   0  -3   1   0   0   2   0  -1   0  -1   0   1   0   0   3  -1   0    6   6   6   6   0   6   6   6   6   6   6   6   0   6   6   6   6   6   0   6  0.06 0.09
   81 K     0   1   0   0  -3   0   1  -1   1   0  -1   1  -2  -2   1   0   0  -2   2   0    7   9   4   5   0   4   9   5   4   6   5  11   0   0   6   4   4   0   8   7  0.08 0.11
   82 K     0   1   0   0  -3   1   0   0   1  -1  -2   1   1  -1   2   0   0   3   0  -1    8   8   4   5   0   6   5   6   3   4   1   8   5   3  11   5   5   4   3   5  0.12 0.13
   83 L     0   1   0   0  -2   0   0   0  -1  -1   0   0   0  -1   1   0   0   2   0  -1    7   9   4   6   0   5   7   7   1   4   8   3   2   3   8   7   8   3   3   5  0.06 0.05
   84 D     0   1   1   1  -2   1   1   0   2  -2  -1   1  -1  -3   1   0   0  -3  -2  -1    7   7   7   7   0   7   7   7   7   0   7   7   0   0   7   7   7   0   0   7  0.11 0.09
   85 W     0   0   0   1   1   0   1   1   0  -1  -1   0  -1  -2   1   0  -1   1  -1  -1    9   4   4  11   4   2  10  13   2   4   7   5   2   2   6   4   3   3   2   3  0.07 0.04
   86 R     0   1   0  -1   0   0   0   0   0  -1  -1   1   0  -1   1   0   0   1   0   0   10  11   4   3   2   4   5   7   2   2   4   7   2   2   7   8   6   2   3   9  0.05 0.04
   87 N    -1   0  -1  -1  -1  -1  -1  -2   1   0   0   0   1   2   0  -1  -1   4   3  -1    4   5   2   4   1   2   4   3   4   5  10   5   3  11   5   5   2   7  13   4  0.16 0.11
   88 N    -1   1   2   5   0   1   2  -1  -1  -5  -4  -2  -4  -3   1  -1  -2  -5  -1  -4    5   7   8  39   2   5  11   3   1   0   1   1   0   1   6   4   2   0   2   0  0.62 0.33
   89 D    -2  -1  -2   3  -5   1   6  -1   0  -4  -3  -1  -3  -4  -1  -1  -2  -4  -4  -3    3   3   0  15   0   5  56   4   2   0   2   0   0   0   3   2   2   0   0   2  0.85 0.36
   90 W    -2  -3  -4  -4   0  -2  -4  -1  -3   3   2  -3   1   4  -4  -3  -2   5   0   2    1   1   0   0   2   1   0   5   0  17  18   1   4  23   0   0   1   8   2  16  0.47 0.23
   91 T     1  -3  -4  -4   0  -2  -3  -1  -4   2   2  -3   2   1  -4  -2  -1  -3  -2   3   17   0   0   0   2   1   0   4   0  11  27   0   7   7   0   2   2   0   0  22  0.34 0.21
   92 A     1   0  -1  -3   2  -1   0  -3  -1   0  -1  -1   0  -3  -3   2   1  -4  -1   2   15   7   1   0   4   1   4   0   1   2   2   3   2   0   0  22  10   0   2  23  0.22 0.20
   93 F    -3  -4  -4  -5  -3  -4  -4  -5  -3   1   1  -4   2   7  -5  -4  -3   4   2   0    0   0   0   0   0   0   0   0   0   5  13   0   7  57   0   0   0   6   5   6  0.99 0.28
   94 L    -1   0  -2  -1  -2   2  -1   1   0   0   2   0   1  -2  -1   0  -1  -3  -2   1    3   5   0   2   0  13   2  11   2   4  26   4   4   0   3  11   0   0   0  10  0.08 0.08
   95 G     0   0  -2   0  -4  -3  -3   6  -3  -5  -5  -2  -4  -4  -4  -2  -3   4  -4  -4    8   7   0   7   0   0   0  72   0   0   0   0   0   0   0   0   0   7   0   0  1.14 0.30
   96 A     1  -2   2   1  -2  -1  -1   1   3  -1  -2  -1  -2   1  -2   1   1  -3  -1   0   11   0  11  11   0   0   0  11  11   0   0   0   0  11   0  11  11   0   0  11  0.15 0.11
   97 A     1  -2   2  -1   4  -1  -1   2  -2  -2  -2  -1  -2  -3  -2   2   2  -3  -2  -2   17   0  17   0  17   0   0  17   0   0   0   0   0   0   0  17  17   0   0   0  0.32 0.07
   98 Y    -3  -1  -1  -1  -4   0  -1  -4   1  -1   0  -1  -2   3  -4  -3  -3   5   6  -2    0   3   3   3   0   4   4   0   3   3   7   3   0  14   0   0   0   7  46   0  0.73 0.25
   99 F    -3  -3  -3  -4  -3  -3  -4  -1  -2   0   0  -3   1   6  -4  -3  -3   5   3   0    1   0   0   0   0   0   0   5   0   5   5   0   4  56   0   1   0   7   9   5  0.82 0.24
  100 R    -3   7  -3  -4  -5   2  -2   0  -2  -5  -5  -1  -4  -4  -4   0  -3  -4   2  -5    0  72   0   0   0   7   0   7   0   0   0   0   0   0   0   7   0   0   7   0  1.38 0.47
  101 A     2  -3  -3  -3   2  -3  -3   1  -3   1   0  -3   2   0   0   1   1  -3  -2   0   20   0   0   0   5   0   0  12   0  11   8   0   6   5   5  11  11   0   0   7  0.21 0.19
  102 I     0   1   1   0  -3   1  -1   0   2   0   0   0   1  -3   1   0   0  -3  -2   0    7   7   7   7   0   7   0   7   7   7   7   7   7   0   7   7   7   0   0   7  0.07 0.11
  103 G     1  -5   0   1   3  -4  -4   5  -5  -6  -6  -4  -5  -6   1   1  -1  -6  -6  -5   13   0   4   8   5   0   0  47   0   0   0   0   0   0   6  13   4   0   0   0  0.97 0.49
  104 E     1   2   0   0   0   1   1  -1   0  -2  -2   2  -1  -2   2   0   0  -4  -1  -2   11  14   4   5   2   6   7   5   2   2   2  12   2   2  10   5   4   0   3   2  0.18 0.14
  105 L    -1  -1   1   2  -4   1   0   3   0  -4  -1   0  -3  -1   0   0   0  -4  -1  -3    3   3   7  15   0   7   5  26   3   0   6   5   0   3   4   4   6   0   2   2  0.29 0.21
  106 Y    -1  -2   1  -1  -2   5  -1   1   2  -3  -1  -1   0  -2  -4  -1   0  -1   0  -2    5   1   7   3   1  35   2  12   4   1   5   3   3   1   0   4   6   1   3   3  0.49 0.34
  107 Q    -1   2   0  -4  -4   4  -1  -2   1   0  -2  -2  -3  -2  -1  -1   0   2  -2   3    4  10   5   0   0  23   2   4   3   5   2   1   0   1   2   3   5   3   1  26  0.42 0.32
  108 Y    -4  -1  -7  -7  -7  -6  -4  -3   0  -3  -1  -6   0   3  -2  -6  -6   3   9  -3    2   3   0   0   0   0   1   2   1   1   5   0   2   9   2   0   0   3  65   2  2.00 0.76
  109 G     0  -1   0   0  -2   0   3   3  -1  -3  -3   0  -2  -3  -1   2   0  -3  -2  -3    0   0   0   0   0   0  33  33   0   0   0   0   0   0   0  33   0   0   0   0  0.41 0.01
  110 L     0  -1  -2  -2  -2   1  -1   0  -2   1   0   0   2   1   1   0   1  -2  -1   0    8   0   0   0   0   8   0   8   0   8   8   8   8   8   8   8   8   0   0   8  0.07 0.10
  111 S    -1   0   0  -2  -3   0  -1  -2   0  -2  -2  -1   1  -3   0   5   0   2  -3  -2    3   5   3   0   0   2   2   0   3   2   4   3   4   0   5  52   5   4   0   3  0.48 0.37
  112 A     4  -3  -1  -3   2  -2   0   0  -3  -1  -2  -2   1   0  -3   1   0  -4  -3  -1   50   0   3   0   4   0   5   6   0   3   3   0   4   4   0  12   3   0   0   3  0.44 0.34
  113 R    -2   7  -3  -4   2  -2  -3  -5   2  -4  -2  -1  -3  -4  -5  -3  -3  -4   2   0    4  71   0   0   4   0   0   0   5   0   4   0   0   0   0   0   0   0   7   6  1.31 0.54
  114 G     3  -1  -2  -3   0  -3  -3   5  -3  -4  -2  -3  -3  -4   0  -1   0   1  -1  -3   26   3   0   0   2   0   0  48   0   0   3   0   0   0   5   2   5   2   2   0  0.70 0.32
  115 I    -2  -4  -4  -5  -3  -3  -4  -2  -4   1   4  -4   1   2  -4  -2  -2   5   0   1    3   0   0   0   0   0   0   3   0   5  55   0   1   7   0   2   0   9   2  11  0.62 0.29
  116 A     5   0  -3  -3   1  -2  -2   0  -3  -1  -1  -2   0  -3  -3   1   0  -4  -1   0   58   4   0   0   2   0   0   5   0   3   5   0   2   0   0   8   4   0   2   4  0.50 0.30
  117 L    -1   0  -3  -3  -3  -1  -3  -4  -3   4   2  -3   1   0  -4  -2  -2  -3   1   2    3   6   1   1   0   3   0   0   0  37  22   0   2   2   0   2   0   0   6  15  0.42 0.24
  118 D    -2   1   4   5  -4  -1  -1   0  -1  -1  -4  -1   0  -4  -3   0  -2  -5  -4  -3    1   7  22  42   0   2   0   6   1   6   0   1   4   0   0   7   0   0   0   0  0.65 0.32
  119 V    -1  -1  -2  -3  -1  -3  -3  -4  -4   1  -1  -3  -2  -1   3   0   5  -4  -3   1    2   2   0   0   1   0   0   0   0   8   3   0   0   3  15   3  49   0   0  13  0.63 0.35
  120 A     3  -4  -4   0  -4  -3  -1   3  -4  -1  -2  -4   1   0   0  -1   0   3   0  -1   28   0   0   5   0   0   4  20   0   4   4   0   4   4   4   4   5   4   4   5  0.37 0.30
  121 Q    -1   1   0  -1  -3   1   0   1   1   0   0  -1   0  -1  -1   0   0   2   1  -1    4   8   4   3   0   8   7  10   4   6  11   3   3   3   3   4   8   3   5   3  0.05 0.08
  122 P     0  -1  -1   2  -3  -1   0  -1   0  -2  -2   1   1  -1   4  -1  -1  -3   0  -1   10   3   2  12   0   2   4   4   2   2   3   8   4   2  26   4   4   0   3   4  0.35 0.20
  123 E    -1   0   1   3  -3   1   1   2   0  -3  -1  -1  -2  -3   1   0   1  -4  -3  -3    3   4   8  17   0   5   9  16   2   1   6   3   0   0   5   7  11   0   0   1  0.25 0.18
  124 R     0   3  -1  -1  -3   1   1   1   1  -2  -2   1  -1  -1  -1   0   0   0  -1  -1    9  19   0   2   0   8   9  11   3   2   2  10   2   2   2   5   4   2   3   6  0.16 0.14
  125 A     0   0   1   0  -3   0   0   1  -2  -2  -1   2   0  -3   1   0   0   3  -2  -1    7   4   9   4   0   4   4  14   0   0   5  21   3   0   8   4   4   5   0   4  0.19 0.14
  126 E    -1  -2  -2   1  -4   2   5  -4  -2  -4  -4   1  -3  -5   1   0   0  -4  -4  -1    5   0   0   5   0   9  47   0   0   0   0   9   0   0   6   6   5   0   0   5  0.69 0.37
  127 E    -1   1   1   0  -4   1   5  -3   1  -2  -3   0  -3  -4   0   1   0  -4  -3  -3    4   7   6   4   0   3  46   1   4   3   1   3   0   0   4   9   4   0   0   1  0.53 0.29
  128 F    -2  -1  -3  -3  -3  -3  -2  -2  -2   1   0  -3   0   6  -3   0  -1  -1   1   0    3   4   1   1   0   0   3   4   0   7   4   1   2  52   1   8   2   0   2   4  0.67 0.29
  129 P     0   0  -4  -3  -4  -3  -3  -4  -4  -4  -4  -3  -4  -5   8  -1  -3  -5  -4  -1    8   6   0   0   0   0   0   1   0   0   1   0   0   0  73   5   0   0   0   4  1.83 0.52
  130 D     0   3  -1   1  -3   1   0  -2   2   0  -1   1   0   0  -2  -1  -1  -1   0   0    7  20   2  10   0   6   3   2   8   6   6   8   2   4   1   3   2   1   3   8  0.12 0.11
  131 F    -4  -4  -4  -5  -4  -4  -5  -2  -3   1   1  -4   0   7  -5  -4  -4   3   2  -1    1   0   0   0   0   0   0   4   0   6  11   0   2  61   0   0   0   3   6   3  1.26 0.44
  132 T    -2   5  -2  -3  -4  -1  -1  -4  -1  -2  -3   0  -3  -4   0   1   3  -5  -4   0    2  42   0   0   0   2   2   0   1   2   1   4   0   0   5  10  24   0   0   7  0.69 0.38
  133 H     1   1  -1   0  -4   1   4   0   1  -3  -4   1  -3  -4  -3   1  -1  -4   0  -3   15   8   1   3   0   3  33   7   4   1   0   6   0   0   0  13   3   0   4   0  0.40 0.25
  134 F    -3  -5  -5  -6  -5  -5  -5  -3  -2   0   1  -5  -1   8  -6  -1  -4   1   2  -2    2   0   0   0   0   0   0   2   1   5  12   0   1  67   0   4   0   1   4   1  1.44 0.53
  135 W    -2   0  -2  -3  -3  -2  -2   0   2  -2  -2  -2  -2   1  -3  -1  -2   9   3  -1    1   6   1   1   0   1   1   7   6   1   1   1   0   6   1   7   1  44  10   7  1.04 0.20
  136 F    -1  -2   0  -2  -2  -2  -2  -3  -2   2   3  -2   2   2  -2  -2  -1  -2   0   1    1   1   8   1   0   1   1   1   0  17  34   1   8  14   1   1   1   0   0  12  0.22 0.08
  137 E    -2   0  -2   0  -1   1   4  -1   1  -1  -1   0  -1  -1  -3  -1  -1  -3  -1   0    2   4   0   3   2   5  40   4   4   3   7   4   2   2   0   4   3   0   2   8  0.35 0.22
  138 S    -1   4  -1  -1  -4   3   1  -3   0  -4  -2   3  -1  -4   0  -1   0   0  -3  -2    4  24   2   2   0  12  10   0   2   0   3  18   2   0   5   3   7   2   0   2  0.43 0.24
  139 P    -1  -1  -1  -3  -4  -3  -3  -4  -4  -3  -1  -3  -3  -4   7  -1   1  -5  -4  -1    4   3   3   0   0   0   0   1   0   0   5   0   0   0  63   4  10   0   0   4  1.45 0.46
  140 D     0   1   1   1  -3   1   1   0   0  -1  -1   1   0  -3   0   0   0  -3  -1  -1    9   7   5  10   0   7  10   7   2   3   4  10   2   1   3   7   6   0   2   4  0.11 0.10
  141 S     1   0  -1  -1  -3   0  -1  -1   0  -1  -2   0   0  -1   4   0   0  -4   0  -1   15   4   3   3   0   5   4   4   3   3   4   5   3   3  22   6   6   0   3   4  0.26 0.23
  142 N     0   0   0   0  -3   0   0   0  -2   0  -1   0   1   1   0   0   0   3   1   0    6   6   5   6   0   5   6   6   0   6   6   6   5   5   6   6   6   5   5   6  0.06 0.08
  143 T     0   1   0   3  -3   0   0   0   1  -3  -2   0  -3  -1   0   1   0  -3   0  -1    8   7   4  20   0   4   5   6   4   0   4   4   0   3   4  13   6   0   3   4  0.18 0.18
  144 S     2   1  -1   2  -3   0   0   0  -2  -3  -2   0  -1  -3  -1   2   2  -3  -3  -2   23   7   2  11   0   3   6   5   0   1   2   3   1   0   2  16  15   0   0   2  0.26 0.20
  145 D    -1   1   2   2  -3   2   2   0   0  -3  -2   2  -1  -3  -1   0  -1  -3  -2  -1    5   9  10  10   0  10  14   6   3   1   3  12   1   1   2   7   3   0   0   4  0.22 0.14
  146 S     0   1  -1  -1  -2   0   0   0   1  -2  -1   0   0  -1   0   2   1  -3   0   0    9   8   1   1   0   5   3   7   4   0   6   4   3   2   5  18  13   0   3   6  0.11 0.12
  147 V    -2  -3  -2  -1  -1  -1  -3  -4  -1   3   2  -3   3   2  -1  -2  -1  -3   1   2    2   0   2   3   1   4   0   0   2  18  25   0  11   8   3   3   2   0   5  12  0.29 0.21
  148 V    -1   2   0  -1  -3  -1  -1  -3  -1   0  -1  -1   0  -2  -3   0   3  -4  -3   3    3  15   5   4   0   3   3   0   1   4   5   2   1   1   0   5  23   0   0  24  0.25 0.23
  149 V     0  -3  -3  -4   1  -1  -3  -4  -3   3   1  -3   3   1  -3  -1  -1   2  -2   3   10   0   0   0   3   4   0   0   0  21  13   0  11   5   0   3   3   3   0  24  0.33 0.19
  150 Y    -2  -1  -1  -2   1  -2  -1  -4   4   0   0  -3   0   3  -4  -2  -1   3   5   1    0   2   2   3   3   0   3   0  12   3  10   0   2  14   0   0   5   4  25  10  0.41 0.22
  151 A     5  -3  -3  -4   3  -3  -3   1  -4   0  -1  -3  -2  -4  -3   0   0  -4  -4  -2   61   0   0   0   7   0   0  11   0   6   5   0   0   0   0   5   5   0   0   0  0.68 0.34
  152 L     0  -2  -4  -2  -3  -1  -2  -4  -1   1   4  -2   0  -1   0  -3   0   3  -1   0    7   2   0   2   0   3   3   0   1   6  52   1   1   1   5   0   6   5   1   4  0.40 0.24
  153 L     1  -2  -2  -3  -2  -2  -2  -3  -2   2   1  -2   2   2  -3   0  -1  -1   3   1   13   0   0   0   0   0   0   0   0  13  12   0  12  13   0  13   0   0  13  13  0.19 0.10
  154 Y    -4   0   1   6  -6   0   2  -4   1  -5  -5  -3  -5   1  -4  -3  -3  -5   0  -5    0   4   7  56   0   3  15   0   3   0   0   0   0   8   0   0   0   0   3   0  1.16 0.41
  155 G     0  -4  -2  -3   2  -3  -3   3  -4  -4  -4  -3   3  -5  -4   5   0  -5  -5  -4    4   0   0   0   5   0   0  24   0   0   0   0   8   0   0  55   4   0   0   0  0.99 0.43
  156 P     0   1   0   0  -4   1   1  -3   1  -1  -2   1  -3  -3   4   0  -1  -4   0  -1    7   8   3   3   0   6  11   0   4   3   3   7   0   0  26   8   3   0   3   4  0.40 0.25
  157 S     0   1   0   0  -3  -2  -2   0   1  -4  -2   0  -3  -3   0   4   0   3   1  -1    5   8   4   4   0   0   0   5   4   0   4   4   0   0   4  43   4   4   4   4  0.40 0.36
  158 I     1  -4  -4  -4   2  -3  -3  -1  -4   2   1  -3   1   1  -3  -1  -1  -3   0   4   13   0   0   0   6   0   0   4   0  10  12   0   3   7   0   4   3   0   2  35  0.34 0.19
  159 C     2  -3   0  -3   0  -2  -1  -2  -3  -2  -3  -1  -2  -4  -3   0   5  -4  -3   2   18   0   5   0   2   0   3   2   0   0   0   4   0   0   0   5  46   0   0  16  0.58 0.32
  160 G     1  -4  -3  -4  -5   0  -4   7  -4  -6  -6  -4  -5  -5  -4   0  -4  -5  -5  -5   11   0   0   0   0   4   0  80   0   0   0   0   0   0   0   5   0   0   0   0  1.59 0.48
  161 A     0   1  -2  -3   3  -2  -2   0   2   1   0  -2   2  -2   2   0  -1  -3  -2   1    9   9   0   0   9   0   0   9   9   9   9   0   9   0   9   9   0   0   0   9  0.14 0.14
  162 Y    -3  -5  -6  -6  -1  -5  -6  -6  -1   2  -2  -5   2   3  -6  -3  -3   1   8  -1    2   0   0   0   2   0   0   0   1  10   3   0   5   9   0   2   1   2  60   3  1.64 0.66
  163 R    -1   5   0  -1  -5   3   1  -2   1  -4  -3   1  -3  -5  -4  -1   0  -5  -4  -2    5  41   3   2   0  11  10   3   3   0   3   7   0   0   0   4   5   0   0   3  0.67 0.37
  164 F    -2  -6  -6  -7  -5  -6  -6  -6  -5   0   0  -6   4   8  -7  -5  -2  -3   1  -1    3   0   0   0   0   0   0   0   0   6   9   0  10  65   0   0   3   0   3   3  1.68 0.64
  165 A    -1   0  -1   1  -3   0   0  -2  -1   1  -1   0   0  -3  -3   0   3  -4  -2   2    4   5   2   8   0   4   7   3   2   7   5   5   3   0   0   5  21   0   1  20  0.17 0.18
  166 I    -1  -4  -2  -4   1  -4  -2  -5  -4   4   2  -4   2   0  -2  -1   0   0  -3   3    5   0   2   0   3   0   3   0   0  28  17   0   6   4   1   5   4   1   0  21  0.46 0.28
  167 Q    -2   4  -1  -1  -4   1   0  -3   3  -1  -3   1  -1  -2  -3   1   3  -4   0  -1    2  22   2   2   0   6   5   1   8   5   1   7   1   1   0  10  20   0   3   3  0.36 0.27
  168 R    -1   0  -3  -3   0  -1  -2  -4  -1  -5  -2  -1  -5  -2   7  -3  -2  -1  -3  -3    5   5   1   1   2   2   3   1   1   0   4   4   0   2  62   1   3   1   1   1  1.44 0.58
  169 G     0  -3  -1   0  -5  -2  -1   6   0  -5  -6  -3  -5  -3  -2  -1  -1  -5  -5  -4    7   1   3   6   0   1   5  61   2   0   0   1   0   1   2   4   5   0   0   1  1.02 0.46
  170 K     0   0   0   0  -3   1   0   0   2   0  -1   0   1   0   1   0   0  -2   1   0    6   6   6   6   0   6   6   6   6   6   6   6   6   6   6   6   6   0   6   6  0.04 0.06
  171 G     0   0   1   2   2   1   1   0   1  -1  -3   0   0  -1   1   0   1   2  -3  -1    7   5   6  13   6   5  12   6   3   3   0   3   3   3   7   4   8   3   0   4  0.15 0.18
  172 V    -1  -5  -2  -2  -1  -1  -3  -5   0  -2  -2  -4   0  -6  -2   1   6  -6  -5   2    4   0   2   2   1   2   2   0   2   2   3   0   2   0   2   9  56   0   0  12  1.06 0.62
  173 V    -1   1  -1  -1  -3   0   0  -2   1   1   0   0   1   0  -3  -1   1  -3   1   2    4   8   3   4   0   4   5   3   3   7   7   6   3   3   0   3   9   0   6  22  0.09 0.12
  174 M     0  -2  -3  -3   3   1  -2  -3  -2   1   1  -2   2   2  -3  -1   1  -2   2   1   10   0   0   0  10  10   0   0   0  10  10   0  10  10   0   0  10   0  10  10  0.19 0.14
  175 E    -1   0   0   4  -5   1   2  -2   1  -2  -2   0   0  -1  -1   0   0  -5   0  -2    3   5   3  28   0   5  14   3   3   3   4   4   3   3   3   5   5   0   3   3  0.32 0.22
  176 V    -1  -4  -4   0   2  -3  -1  -5  -4   3   0  -4   2  -3  -4  -3   0  -5  -3   5    5   0   0   6   4   0   4   0   0  13   6   0   5   0   0   0   6   0   0  52  0.65 0.35
  177 E    -1   2  -1   1  -5   1   3  -2   1  -4  -3   2  -3  -5  -3   0   1   1  -3  -2    3  13   2   9   0   7  26   2   4   0   2  13   0   0   0   6  11   2   0   2  0.44 0.27
  178 A     4  -4   0  -4   3  -1  -2  -2  -1  -3  -2  -2   1  -1  -2   2   0  -5  -2   0   42   0   4   0   6   2   1   2   1   0   4   2   3   3   1  15   5   0   1   8  0.50 0.35
  179 A     0   3  -1   0  -4   0   0  -3   2  -2  -3   1  -1  -2  -4   0   3   0  -2   1    8  20   3   4   0   3   6   1   6   1   0   6   1   1   0   6  21   1   1  11  0.31 0.26
  180 L    -4  -5  -6  -6  -4  -5  -6  -6  -5   4   5  -5   1   0  -6  -5  -2  -4  -1   2    0   0   0   0   0   0   0   0   0  20  60   0   2   3   0   0   2   0   2  11  1.12 0.46
  181 F    -5  -4  -3  -7   0  -6  -6  -7   0  -2  -3  -4  -4   7  -7  -5  -2   1   6  -1    0   1   2   0   2   0   0   0   2   2   1   1   0  55   0   0   3   1  26   4  1.79 0.66
  182 M     2  -2  -5  -5  -2  -3  -3  -4  -4  -1   1  -4   0   4   4  -2  -1   0  -1   0   17   2   0   0   1   1   1   0   0   2  16   0   3  21  25   2   3   1   1   5  0.62 0.35
  183 R    -5   8   0  -5  -7   0  -4  -1  -4  -7  -6  -2  -5  -7  -6  -4  -1  -7  -6  -6    0  83   4   0   0   4   0   4   0   0   0   0   0   0   0   0   4   0   0   0  2.17 0.86
  184 G    -1   4   1   0  -4   1   1  -2   1  -4  -3   2  -1  -4  -2   0   0  -5  -2  -1    6  30   6   6   0   5   8   3   3   0   1  14   1   0   1   5   5   0   1   4  0.41 0.27
  185 E     1   0   0   3  -3   1   2   1   0  -2  -2   0  -3  -4   1   0   1  -4  -1  -2   10   5   4  16   0   5  14  10   2   2   2   4   0   0   6   6   8   0   2   3  0.20 0.18
  186 V    -1  -1  -1   0  -3  -3  -3  -2   0   2   1  -1   1   0   0  -1   0  -4   0   2    4   3   3   6   0   0   0   3   3  16  11   3   4   3   6   6   4   0   3  22  0.15 0.19
  187 Q     0   0   1   0   2   1   0   0   2  -2  -1   0   1  -2   1   0   0  -3   1  -1    6   6   6   6   6   6   6   6   6   0   6   6   6   0   6   6   6   0   6   6  0.08 0.12
  188 R    -2   2   1   0  -2   2   2  -2   3  -3  -1   2  -1  -3  -1   0   0   3  -1  -2    1  14   6   4   1   9  12   1   8   1   6  18   1   0   2   4   5   4   1   1  0.28 0.20
  189 F    -2  -4  -5  -5   0  -4  -5  -3  -5   2   4  -4   1   1   1  -3  -3  -4  -1   3    3   0   0   0   2   0   0   2   0  12  45   0   2   7   7   2   0   0   2  19  0.63 0.32
  190 G     0  -1   1  -2   1  -2  -1   5  -2  -1  -2  -2  -3  -3  -3   1  -2  -3   0  -3    5   4   9   0   3   0   3  53   0   5   3   0   0   0   0  11   0   0   4   0  0.56 0.22
  191 I     0  -3  -3  -3  -2   0  -2  -3  -2   2   2  -2   1   1   3  -2  -2   3   1   1    8   0   0   0   0   5   0   0   0  12  26   0   5   6  15   0   0   5   5  12  0.29 0.14
  192 A     3  -2  -2   0  -2  -2  -2   1  -3   0   0  -2   1   1  -2   0   0  -3  -2   0   42   0   0   5   0   0   0   9   0   7   8   0   5   8   0   5   5   0   0   5  0.21 0.16
  193 P     2  -4  -3  -3   3  -3  -3   2  -4  -4  -4  -3  -4  -5   6   0  -1  -5  -4  -1   16   0   0   0   8   0   0  17   0   0   0   0   0   0  48   4   4   0   0   4  1.09 0.31
  194 I     0  -2  -2  -3   1   2  -2  -2   0   1   2  -2   2   0  -3   0   0  -3  -2   1    5   0   0   0   3  14   0   3   3   8  28   0   9   4   0   9   7   0   0   7  0.17 0.15
  195 S     0  -2   0  -2  -2   0   1  -1   0  -1  -2  -2   1  -3   0   1   3  -4  -3   1    8   0   3   0   0   4  11   3   3   3   0   0   4   0   5  13  29   0   0  14  0.24 0.18
  196 S     1  -3   1   1  -3  -2  -2   2  -3  -3  -1  -2  -2  -4  -3   4   1  -4  -3  -3   11   0   6   8   0   0   0  16   0   0   8   0   0   0   0  42   9   0   0   0  0.45 0.25
  197 M     1   1   1  -2  -2  -1  -2  -2  -2  -1  -1  -1   2   1   2   1   1  -3  -1   0   11  11  11   0   0   0   0   0   0   0   0   0  11  11  11  11  11   0   0  11  0.16 0.12
  198 Y    -5  -6  -6  -6   1  -5  -6  -6   1   0  -2  -6   1   7  -6  -1  -5   4   5  -4    0   0   0   0   3   0   0   0   3   5   3   0   3  52   0   6   0   6  19   0  1.56 0.56
  199 W    -1  -1  -3  -1  -3   1  -1  -1   1   0   2  -3   3   1  -4   0  -1   5   2  -1    4   3   0   3   0   7   3   4   3   3  24   0   9   7   0   6   4   9   6   4  0.25 0.24
  200 F     0   0  -2  -3   2   1  -2   0   2   0   0   0   2   1  -3   0   0   4   1   0    6   6   0   0   6   6   0   6   6   6   6   6   6   6   0   6   6   6   6   6  0.13 0.17
  201 S     0  -4   1   1  -4  -3  -3   5  -4   0  -4  -3  -4  -4  -4   1   0  -4  -4  -3    8   0   7   9   0   0   0  50   0   7   1   0   0   0   0   9   7   0   0   0  0.80 0.33
  202 E    -1   0   0   1  -4   0   4  -1   0  -3  -1   0   0  -4   3  -1  -1  -4  -3  -2    4   4   3   7   0   4  29   4   2   0   8   6   2   0  16   4   4   0   0   3  0.35 0.23
  203 Q     1  -2   4  -1  -1   0  -1   1   1   0  -1  -1   0  -2  -2   0   1  -4  -2  -1   14   1  23   3   1   3   3  12   4   5   6   2   2   2   2   6   7   0   1   3  0.21 0.21
  204 A    -1   1   2   3  -4   1   1  -1   0  -3  -2   0  -3  -2  -2   1   1   1  -1  -3    4   7  11  21   0   7   8   5   2   1   3   3   0   1   1  11   7   2   2   1  0.30 0.24
  205 K    -1   3   0  -1  -4   0  -1  -1   1  -1  -2   0   0  -1   2   0  -1   2   0  -2    6  21   4   3   0   3   4   6   4   3   4   5   3   3  11   8   4   3   3   3  0.20 0.22
  206 K    -1   3   0   0  -4   0  -1   1   1  -1  -1   0   0  -1   1   0  -1   2   0  -1    5  17   5   7   0   4   3  10   4   4   4   5   3   3   8   7   4   3   3   3  0.12 0.15
  207 T     0   3  -1   0  -5   0  -2   0   1  -3  -3  -1   0  -1   4   0   0  -2  -3  -3    6  19   2   5   0   5   2   8   3   1   2   3   3   3  20   7   7   1   1   2  0.40 0.31
  208 A     0  -1  -2  -2   1  -1  -1   0  -1  -1   0  -1   0   3   2  -1   0   1   1   1    9   4   1   2   3   3   3   8   1   2   7   3   2  14  13   2   6   2   4  10  0.12 0.13
  209 A     0   0   0   4  -4  -1  -1   1  -1  -2  -1  -1   0  -2   0  -1  -1   2   1  -2    6   7   4  30   0   2   2  13   1   2   6   3   3   1   4   4   4   3   5   1  0.27 0.22
  210 D    -1  -1   0   6  -5  -1   1  -3   1  -5  -4  -3  -5  -5   1  -2  -1  -5  -2  -5    6   4   4  54   0   3   7   2   4   0   2   0   0   0   7   2   4   0   2   0  1.00 0.50
  211 W     0  -2  -2  -2  -3  -3  -3  -1   1   0   0  -2   0   3   0  -1  -2   4   5   0    7   2   2   2   0   0   0   5   3   6   6   2   3  15   5   5   0   7  22   7  0.34 0.23
  212 R    -2   6  -2  -1  -4   0  -2   0   2  -1  -4  -1  -3  -4  -4  -1  -1  -4   1  -4    3  59   0   3   0   3   1   6   6   5   1   0   0   0   0   3   3   0   5   1  0.96 0.46
  213 P    -1   0   0   0  -3   0   0  -1  -3  -3  -2   0   1  -4   5   1   0  -4  -3  -1    5   4   4   4   0   4   5   5   0   0   4   4   6   0  36  10   5   0   0   4  0.56 0.27
  214 E     2   1   0   0  -3   2   3   0   1  -3  -3   1   1  -3  -2   0  -2  -4  -3  -3   21   8   4   5   0  10  20   7   4   0   1   8   4   0   0   6   0   0   0   0  0.29 0.22
  215 V     1  -1  -3  -3   0  -1  -2  -1  -3   2   0  -2   2  -2  -3  -1  -1  -3  -2   4   13   2   0   0   2   2   2   5   0  10   6   0   7   0   0   2   0   0   0  45  0.28 0.18
  216 H    -1  -1  -1  -3  -4  -2  -2  -1   9  -5  -4  -2  -3   0  -1   0  -3  -3   2  -4    6   3   0   0   0   0   0   4  67   0   0   0   0   4   3   7   0   0   6   0  1.37 0.44
  217 D    -1   0   0   6  -4  -1   3  -1  -2  -4  -4  -1  -4  -4  -3   0  -1  -4  -1  -4    3   5   3  56   0   0  17   3   0   0   0   3   0   0   0   7   3   0   3   0  0.81 0.29
  218 S     0  -2   1  -2   3  -2  -2  -2   3   1  -1  -2   2   1  -3   1   1  -3  -1   1   10   0  10   0  10   0   0   0  10  10   0   0  10  10   0  10  10   0   0  10  0.16 0.15
  219 D    -2  -5   1   7  -6  -1   1  -2  -4  -6  -7  -4  -1  -7  -5   0  -4  -7  -6  -6    2   0   6  69   0   2   8   3   0   0   0   0   2   0   0   8   0   0   0   0  1.62 0.62
  220 G     0  -2  -2  -2  -5  -2  -5   6  -5  -5  -3  -2  -2  -6  -5  -2  -1  -6  -6  -2    6   2   2   2   0   2   0  72   0   0   2   2   1   0   0   2   4   0   0   4  1.35 0.53
  221 L    -2  -6  -7  -7  -5  -6  -6  -7  -6   0   6  -6   2   1  -6  -6  -1  -5  -4  -1    3   0   0   0   0   0   0   0   0   5  72   0   4   6   0   0   4   0   0   4  1.34 0.62
  222 A     1   0  -4  -4  -1   1  -2  -3  -4   0   3  -2   2   0  -4   0  -1   1  -1   0   11   5   0   0   1   7   2   2   0   4  37   2   6   3   0   8   3   2   2   4  0.31 0.26
  223 I    -1  -6  -6  -6   2  -5  -6  -6   1   5   1  -5   5   1  -6  -5   0  -5   0   2    5   0   0   0   4   0   0   0   3  34  10   0  16   5   0   0   5   0   3  15  0.90 0.49
  224 W     0   0   1  -1   1   1   0  -1   4  -1  -1   0   0  -1  -4  -1  -1   5   0  -1    8   5   7   3   3   8   7   5  12   4   5   5   3   3   0   3   4   8   3   5  0.22 0.22
  225 T     0   0   0   0  -2   1   0   0   2   0   0   0   1   0  -2   0   0  -2   1   0    6   6   6   6   0   6   6   6   6   6   6   6   6   6   0   6   6   0   6   6  0.04 0.07
  226 G     1   1   0   0  -4   0   0   3   1  -3  -2   0  -3  -3   0   0  -1   2   0  -2   12   7   5   6   0   4   6  23   3   0   3   4   0   0   5   8   4   3   3   3  0.21 0.20
  227 A     0  -1   4   2  -4   0   0   0   0  -4  -3   0   0  -4  -1   1   1  -4  -1  -2    6   3  24  12   0   3   6   8   2   0   2   4   3   0   2  12   7   0   2   2  0.31 0.27
  228 G    -1  -4   1   1  -5  -2  -2   6  -2  -5  -4  -2  -5   0  -5  -2  -3  -2  -5  -4    5   1   6   9   0   2   2  62   1   0   1   2   0   4   0   1   1   1   0   1  1.12 0.55
  229 E    -1   0   0   0  -5   2   6  -2  -1  -2  -5  -1  -2  -6  -1  -2   0  -6  -5  -3    5   5   5   4   0   7  51   3   1   2   0   3   1   0   4   1   7   0   0   2  0.81 0.50
  230 R    -1   3  -5  -4  -3  -1   0  -5   1  -4  -2  -2  -2   1  -1  -3  -1  10  -1  -3    5  14   0   1   1   2   5   1   3   1   4   2   1   5   3   2   5  44   1   2  1.58 0.71
  231 I    -1  -1  -3  -3  -2  -1  -2  -2   0   4   3  -3   1   0  -4  -2   0  -4  -2   2    4   3   1   1   1   3   3   3   3  25  26   0   3   3   0   3   5   0   1  14  0.34 0.25
  232 W    -4  -4  -7  -7  -1  -6  -4  -7  -6  -2  -3  -7  -5   2  -7  -2  -2  12   1  -4    1   1   0   0   1   0   1   0   0   2   3   0   0   7   0   4   2  70   4   1  3.16 1.15
  233 R    -2   7  -1  -5  -6   0  -3  -4   3  -6  -6  -1  -5  -3  -6  -2  -2  -1  -5  -3    3  71   3   0   0   3   1   1   7   0   0   1   0   1   0   3   2   1   0   2  1.70 0.79
  234 P    -1   0  -1   0  -5   0  -3  -2   2  -5  -5  -3  -4  -5   7  -1  -1  -5   1  -2    6   7   3   5   0   5   0   3   6   0   0   0   0   0  50   5   3   0   5   4  1.08 0.48
  235 L    -1  -5  -5  -5  -4  -4  -1  -1  -5   1   4  -5  -2   1   0  -1  -4  -4   1   0    6   0   0   0   0   0   5   5   0   6  49   0   0   6   5   5   0   0   5   6  0.62 0.36
  236 N     0   0   2   0   2   1   0  -1   2   1   0  -1   0  -1  -3   0   0  -3   0   0    7   5  14   4   5   6   6   3   5  10   8   3   3   3   0   5   5   0   3   5  0.08 0.10
  237 N    -2   1   7  -1  -1  -1   0  -3   2  -3  -6  -3  -5  -5  -5  -2  -1   2  -5  -2    4   7  58   2   2   2   5   2   4   2   0   0   0   0   0   3   3   3   0   3  1.29 0.71
  238 P    -1  -2  -4  -2  -5   1  -1   0   0  -2  -3  -4  -4  -2   7  -1  -1  -5  -1  -1    5   2   0   2   0   6   5   6   2   3   2   0   0   2  51   3   4   0   2   4  1.08 0.61
  239 P     0   2  -1   0  -4   0   1  -1   0  -4  -3   1  -1  -4   4   1  -1  -5  -4  -2    9  10   2   6   0   4   9   5   3   0   2  11   2   0  22  10   3   0   0   2  0.39 0.29
  240 R    -1   2   0  -1  -3   0   0   0   2  -1  -2   1  -1   0  -1   0   0   1   1  -1    5  15   3   3   0   4   5   7   6   3   2   9   1   3   2   7   8   2   7   6  0.11 0.14
  241 T     0   0   0   0   2   0   0  -1   1   0  -1   0   1   0   0   0   0  -3   1   0    5   5   5   5   5   5   5   5   5   5   5   5   5   5   5   5   5   0   5   5  0.03 0.06
  242 M     0   3  -1  -1  -4   2  -1  -2   1  -1  -1  -1   1   0   0   0   1   3   0  -1    9  16   3   3   0  11   3   3   4   3   6   3   3   3   5   6   8   4   3   3  0.16 0.20
  243 A    -1   0   0  -2  -1  -1  -3  -4   0   3   0  -3   1   1  -3  -2   1  -5  -2   4    4   5   5   3   1   3   1   1   2  16   8   1   3   5   1   3   8   0   1  28  0.34 0.28
  244 S    -1  -1   3  -1  -1  -1  -2  -3   1  -4  -6  -3  -3  -3  -2   5   2  -6  -1  -2    4   3  13   3   1   3   2   1   3   1   0   1   1   1   2  41  14   0   2   3  0.75 0.57
  245 A     2   1  -1  -1  -1  -1  -1  -1  -1  -2  -1  -2  -2   0  -3   3   0   0   0   1   15   8   3   3   1   2   3   4   1   2   5   1   1   4   1  24   6   1   4   9  0.21 0.25
  246 F    -3  -2  -6  -6  -6  -2  -6  -3   1   0   0  -5   1   7  -6  -3  -2   1   3  -2    2   3   0   0   0   2   0   2   3   6   9   0   3  53   0   2   2   2   8   2  1.32 0.67
  247 S     1   0   0   0  -3   1   0   0   1  -1  -2  -1   1  -1   1   1   1   1  -1  -1   14   4   3   4   0   8   4   7   4   2   3   3   4   2   8  12   7   2   2   5  0.10 0.15
  248 D     0  -1   0   4   1   0   0  -1   0  -1  -1  -1   1   0  -3  -1   0  -4   0   0   10   3   3  26   3   3   5   4   3   3   6   4   4   4   0   4   5   0   3   6  0.19 0.20
  249 N     0   0   2   1  -3   1   2   0   1  -1  -1   0  -2  -1   0   0   0  -3   0  -1    6   4  10  10   0   5  14   7   3   3   7   5   0   3   5   4   6   0   3   5  0.10 0.12
  250 N     0   0   4   1  -4   1  -1   1   2  -4  -3   0  -1  -5   0   1  -1  -5  -4  -2    6   5  23   7   0   8   3  12   5   0   2   5   2   0   4  12   3   0   0   3  0.36 0.29
  251 P    -2  -5  -1  -5  -5  -5  -5  -2  -5   1   1  -4   0  -1   7  -2  -2  -6  -5   1    3   0   3   0   0   0   0   3   0   6  15   0   2   3  49   3   3   0   0   8  1.15 0.59
  252 R    -1   2   0   3  -3   1   0  -1   0  -2  -2   2   1  -3  -3   0  -1  -3   0  -1    5  14   2  19   0   8   2   3   2   2   3  17   5   0   0   7   3   0   3   5  0.24 0.17
  253 G     0  -1  -2  -1   2  -1  -1   5  -3  -3  -2  -3   0  -4  -4   0   0  -4  -1   1    5   3   0   3   5   3   3  46   0   0   3   0   3   0   0   7   5   0   3  13  0.53 0.28
  254 F    -5  -5  -6  -6  -5  -5  -6  -6  -4  -2   0  -6   3   8  -6  -5  -5   4   4   0    0   0   0   0   0   0   0   0   0   0   6   0   6  63   0   0   0   6  10   8  1.66 0.56
  255 G    -1  -5  -1  -4   2  -5  -5   7  -4  -6  -6  -4  -5  -5  -5  -2  -3  -5   2  -6    4   0   2   0   5   0   0  78   0   0   0   0   0   0   0   2   1   0   7   0  1.69 0.56
  256 L    -3  -4  -5  -5  -4  -4  -5  -5  -5   1   6  -4   1   1  -5  -1  -3  -4  -3   0    0   0   0   0   0   0   0   0   0   4  76   0   3   5   0   5   0   0   0   3  1.15 0.45
  257 L     0  -2  -2  -4  -1  -1  -2  -2  -1   1   3  -3   5   0  -4  -2  -2   1  -1   1    7   1   2   0   1   2   2   4   1   8  29   0  21   4   0   2   1   2   2  11  0.39 0.25
  258 Q    -4  -3  -4  -4  -6   8   0  -5  -3  -2  -5  -2  -4  -6   0  -2  -2  -5  -5  -5    0   0   0   0   0  80   4   0   0   3   0   0   0   0   5   3   3   0   0   0  2.03 0.80
  259 R    -2   7  -3  -5  -6   0  -3  -2  -3  -2  -2   0   0  -5  -5  -2  -1  -6  -5  -5    3  73   0   0   0   3   0   3   0   3   3   3   3   0   0   3   3   0   0   0  1.48 0.65
  260 D    -2  -1   0   6  -5   0   1  -1   2  -3  -5  -1  -4  -5   1  -1  -1  -5  -2  -3    2   2   3  50   0   3   9   3   6   2   0   2   0   0   6   4   3   0   2   2  0.82 0.41
  261 R    -2   7  -1  -2  -6   0  -1  -3   3  -3  -5   0  -4  -5   0  -2  -1  -5  -4  -2    2  62   2   2   0   4   2   2   8   2   0   2   0   0   4   2   4   0   0   3  1.12 0.54
  262 E     0   1   1   1  -3   1   0   0   2   0   0   0   1  -2  -2   0   0  -3  -2   0    7   7   7   7   0   7   7   7   7   7   7   7   7   0   0   7   7   0   0   7  0.07 0.10
  263 F    -1  -1  -4  -4  -4   0  -4  -2  -3  -1  -1  -1  -2   6   0  -1  -1   3   2  -1    5   4   0   0   0   4   0   4   0   4   5   4   0  43   5   4   4   4   6   4  0.63 0.39
  264 S     2   0   0   3   0  -1   2  -1   0  -4  -3  -1  -1  -2  -1   2  -1  -4  -1  -2   20   6   3  17   2   2  12   4   2   0   2   3   2   2   2  17   2   0   2   2  0.28 0.26
  265 H     0   0   1   0  -3   1   0   0   2   0  -3   0  -2  -2   1   0   0   4   1   0    6   6   6   6   0   6   6   6   6   6   0   6   0   0   6   6   6   6   6   6  0.13 0.15
  266 Y    -5  -5  -5  -6  -6  -5  -5  -6  -3  -5  -4  -5  -4   6  -6   3  -4  -2   8  -5    0   0   0   0   0   0   0   0   0   0   0   0   0  30   0  20   0   0  50   0  1.96 0.52
  267 L    -1  -1   0   0  -4   4   3   1   0  -1   0  -1   0  -3  -1  -1  -2  -4  -1   0    4   3   4   3   0  22  19  11   2   3   8   2   2   0   2   3   0   0   2   8  0.26 0.20
  268 D    -1  -4  -2   7  -5  -3   0  -2  -4  -5  -6  -4  -5  -1   0  -1  -1  -6  -5  -5    5   0   0  71   0   0   3   3   0   0   0   0   0   3   4   4   4   0   0   0  1.53 0.50
  269 G     0   0   0   3  -4   0   4   0   1  -1  -1  -1  -3  -2  -1  -1  -1  -4  -3   0    6   5   3  16   0   2  28   6   3   5   5   2   0   2   3   3   2   0   0   8  0.28 0.21
  270 V    -1   0   0   0  -3   0   0  -1   2   0  -1   0   1   0   0   0   0   3   1   0    5   5   5   5   0   5   5   5   5   5   5   5   5   5   5   5   5   5   5   5  0.06 0.09
  271 H    -2   4   0  -1  -6   1   1  -2   5  -2  -2  -1   0   2   0  -2  -4   3   0  -2    3  26   4   3   0   7   8   3  13   2   3   3   2   8   4   2   0   4   2   3  0.46 0.33
  272 Y     0   1  -2  -2  -3   1   1  -3   3  -2  -2  -1   2   2  -3   0   1   5   2  -2    9   9   0   0   0   9   9   0   9   0   0   0   9   9   0   9   9   9   9   0  0.28 0.19
  273 E    -1  -1   0   2  -4   2   4  -2   5  -4  -4  -1  -3  -4   1  -1  -2   4  -2  -4    4   3   4  12   0  12  29   2  18   0   0   0   0   0   6   2   0   7   0   0  0.62 0.31
  274 R    -1   4   0   0  -4   1   0  -1   1  -1   0   2   0  -3  -3  -1  -1   0   0  -2    3  34   5   4   0   4   4   4   3   3  11  13   2   0   0   1   1   2   4   1  0.30 0.21
  275 R    -2   7  -1  -4   0   1  -2  -4   0  -4  -4   1   2  -5  -4  -1  -1  -5  -4  -1    2  65   2   0   2   5   0   0   2   0   0   5   7   0   0   2   3   0   0   5  1.09 0.47
  276 P     1   1  -1   1  -2  -1  -1   1  -1  -2  -2  -1  -2  -2   2   1   1  -2   2   0   11  11   0  11   0   0   0  11   0   0   0   0   0   0  11  11  11   0  11  11  0.17 0.10
  277 G    -1  -2   1   0   1   1  -2   0  -3  -4  -4  -2  -3  -4  -3   5   0   1  -4  -1    2   2   7   5   4   6   0   6   0   0   0   0   0   0   0  57   4   2   0   6  0.69 0.41
  278 L     0  -3  -3   0   3  -2  -2  -2  -3   1   2  -3   0   0  -3   0   0  -3   0   2    9   0   0   6   8   2   1   3   0   5  30   0   2   4   0   6   4   0   2  19  0.21 0.17
  279 W    -1  -3  -5  -3  -5  -4  -2  -3   2  -3  -2  -3   1  -1  -6  -1  -2  11   0  -3    6   2   0   1   0   0   3   2   6   1   4   1   5   1   0   5   2  57   2   2  2.01 0.65
  280 I     0  -3  -2  -3   3  -2   0   0  -2   1   0  -2   2   1   1  -1   0  -2   2   1    8   0   0   0   8   0   8   8   0   8   8   0   8   8   8   0   8   0   8   8  0.13 0.14
  281 E    -1   0   0   2  -4   1   3  -1   0   0  -3   1   0  -4  -3   0   1  -4  -3  -1    3   4   3  14   0   5  29   5   2   6   0   7   2   0   0   5  12   0   0   3  0.31 0.22
  282 P     0  -1  -1  -1  -4  -3  -1  -4  -4   0  -2  -3   0  -1   6  -1   0  -5  -4   0    7   3   3   4   0   0   4   0   0   6   3   0   3   3  48   3   7   0   0   6  0.88 0.39
  283 L    -1   1  -1   1  -3   0   0  -1  -1   1   2   0   1  -2  -1  -1   0  -3  -2   1    2  10   2   9   0   4   4   4   2   9  26   7   2   0   2   3   6   0   0   8  0.10 0.13
  284 G    -1  -1   1   1  -4   2   0   4   0  -2  -2   0  -3  -4  -2  -1  -1  -4  -4  -1    3   2   6   9   0  12   4  38   2   1   4   5   0   0   2   3   2   0   0   5  0.42 0.27
  285 D    -1  -1   1   4  -4   0   1   2  -1  -4  -3  -1  -4  -5   1   1   1  -5  -4  -4    4   3   6  27   0   3   8  13   1   0   2   3   0   0   7  12  10   0   0   0  0.43 0.26
  286 W    -5  -6  -6   1  -6  -5  -3  -2  -6  -3  -3  -6   0   2   0   0  -3  11  -2  -6    0   0   0   8   0   0   2   4   0   2   2   0   2   9   5   8   2  57   0   0  2.26 0.79
  287 G    -1   0  -1  -2  -4   0  -1   5  -1  -2  -1  -2  -4  -5  -1  -1  -2  -5  -4  -1    3   6   2   2   0   5   3  53   2   2   7   2   0   0   4   3   2   0   0   5  0.70 0.37
  288 K     0   2   0   0  -4   2   1   0   0  -4  -3   2  -3  -2   3  -1  -1  -4  -3  -2    8  15   3   6   0  10   6   8   2   0   2  13   0   2  14   3   3   0   0   2  0.31 0.21
  289 G    -4   0  -4   0  -6  -5  -5   6   2  -6  -6  -5  -5   0  -6  -4  -5  -5   1  -1    0   5   0   5   0   0   0  70   5   0   0   0   0   5   0   0   0   0   5   5  1.48 0.60
  290 A     1   2  -1  -1   0   0   0  -1   3  -2  -3   0   0  -1  -3   2   1   1   0   0   12  15   2   2   2   3   6   3  10   2   0   4   2   2   0  15   9   2   2   7  0.19 0.18
  291 V     0  -5  -5  -6  -4  -5  -5  -1  -5   3   1  -5   2   1  -5  -1   0  -5  -4   4    6   0   0   0   0   0   0   6   0  17  14   0   6   6   0   6   6   0   0  34  0.66 0.34
  292 Q     0   0   0   0   2   1   0   0   2   0  -1   0   1   0  -3   0   0  -3   1   0    6   6   6   6   6   6   6   6   6   6   6   6   6   6   0   6   6   0   6   6  0.04 0.08
  293 L    -2  -3  -4  -5  -3  -3  -4  -4  -4   1   4  -4   3   2  -4  -3   0   5  -1   1    0   0   0   0   0   0   0   0   0   7  52   0   7   7   0   0   7   9   0  10  0.62 0.22
  294 V     0   1  -2  -3  -2  -2  -2  -3  -2   1   0  -2   2   2  -3   0   1   5   2   1    9   9   0   0   0   0   0   0   0   9   9   0   9   9   0   9   9   9   9   9  0.21 0.15
  295 E    -1   0   0  -1  -5   3   5  -4   1  -1  -2  -1   0  -4  -3  -1   0  -5  -4  -2    4   3   3   0   0  14  52   0   3   4   3   0   3   0   0   3   6   0   0   3  0.72 0.41
  296 I    -2   0  -2  -4   0   0  -3  -4   0   4   2  -3   1   3  -4  -1  -1   2   1   0    2   5   2   0   2   4   0   0   3  33  17   0   3  14   0   3   2   3   3   2  0.31 0.23
  297 P    -1  -1   0  -2  -5  -1  -2  -1   2  -5  -5  -3  -4  -5   7  -1  -1  -5   0  -3    3   3   5   2   0   2   2   6   5   0   0   0   0   0  59   4   3   0   4   2  1.33 0.51
  298 T     0  -2   1  -2   3   1  -2   0  -2   1   0  -2  -1  -2   2   1   1  -3  -2   0    9   0   9   0   9   9   0   9   0   9   9   0   0   0   9   9   9   0   0   9  0.14 0.12
  299 D     0   0   0   2  -4   1   0  -1   1  -1  -2   1  -2  -1   2  -1   0   4  -2  -1    9   6   5  14   0   5   5   4   3   3   3  10   0   3  10   3   5   7   0   5  0.19 0.16
  300 D    -2   0   4   3  -5   0  -1  -1   1  -2  -2  -1   0  -1  -4   0   1   2   0  -2    3   4  23  18   0   3   3   4   3   3   3   3   3   3   0   6   8   3   3   3  0.35 0.25
  301 E    -1   0  -4   1  -6   1   6  -1  -4  -1  -6  -3  -5  -6   0  -1  -1  -7  -6  -1    5   5   0   7   0   5  51   5   0   5   0   0   0   0   5   5   5   0   0   5  0.90 0.51
  302 I     0  -2  -1   1  -3  -2  -3   2  -2   2  -1  -2  -1   0  -2  -1   3   1   2   0    8   2   3   9   0   1   0  16   1  12   5   1   1   3   1   2  21   2   8   5  0.20 0.18
  303 H     0  -2   4   1  -3  -1  -1  -2   4  -1  -1   0   0   0  -3  -1  -1   0   0   1    6   0  28   6   0   1   2   1  12   3   4   5   3   5   0   2   2   2   3  15  0.29 0.19
  304 D    -2   0   0   7  -6  -1   1  -4  -3  -5  -2  -1  -5  -6  -1  -2  -3  -6  -5  -5    2   5   2  70   0   3   6   0   0   0   4   2   0   0   3   2   0   0   0   0  1.36 0.43
  305 N    -4  -4   8  -2  -6  -3  -3  -4  -3  -6  -7  -3  -5  -6  -5   1  -3  -7  -5  -6    0   0  90   0   0   0   0   0   0   0   0   0   0   0   0  10   0   0   0   0  2.31 0.65
  306 I    -3  -4  -5  -5   3   1  -4  -5  -5   5   1  -4   3  -3  -5  -4   0  -5  -4   3    0   0   0   0   7   8   0   0   0  40   8   0   8   0   0   0   7   0   0  23  0.81 0.34
  307 V     0  -3  -1  -1   1  -1  -1  -1  -3   1   0  -3   1  -2  -4  -1   0   2   0   4   10   0   3   3   3   3   3   6   0   8   5   0   3   0   0   3   4   3   3  37  0.26 0.19
  308 A     3  -3  -3  -3   3  -2  -2   1  -3   0   1  -2   1  -2  -3   0   0  -3  -3   1   39   0   0   0   7   0   0   9   0   5  12   0   4   0   0   6   5   0   0  13  0.28 0.18
  309 M     0  -3  -3  -3   0  -2  -1   0   1  -2  -1  -3   1   4  -4  -1  -1   2   5  -1   11   0   0   0   3   0   4   8   3   0   4   0   4  27   0   4   3   3  24   3  0.43 0.21
  310 W     0  -3  -3  -3   4  -3  -3   1  -2   1  -1  -3  -1   2  -3  -2  -2   6   3   1   13   0   0   0  13   0   0  13   0  13   0   0   0  13   0   0   0  13  13  13  0.35 0.12
  311 V     0   1  -1  -1   0   1   1  -1   0   0   0   0   0  -3  -3   0   1  -4  -2   2    9  10   2   2   2   6   8   4   2   3   6   7   2   0   0   6   8   0   0  21  0.10 0.14
  312 P    -1  -2  -5  -5  -5  -4  -4  -2  -5  -1  -2  -4   0   1   7  -1  -1  -5   0  -1    3   3   0   0   0   0   0   3   0   3   4   0   3   5  61   4   3   0   3   4  1.44 0.64
  313 E     1   1   1   2  -3   0   2  -1   1  -3  -2   1  -1  -2   0   0   0  -4  -2  -3   12   7   8  16   0   4  13   3   4   0   4   8   2   2   3   7   7   0   0   0  0.20 0.16
  314 K     0   1   0   2  -4   2   2   0  -1  -2  -3   1  -3  -4  -1   0   1   0  -2  -2    8   7   4  12   0  13  17   6   1   2   2   8   0   0   2   4   8   1   1   3  0.26 0.23
  315 P     1  -1  -1  -1  -3   0   0   0   0  -1  -1   0   0  -4   5   0   0  -4  -3   0   13   3   3   4   0   4   5   6   2   2   5   6   3   0  27   5   6   0   0   7  0.36 0.27
  316 A     0  -1  -1  -1  -3  -1  -2  -3   0   1   1  -1   1   0   3  -1  -1   2   0   1    9   3   3   3   0   3   0   0   3   8  17   4   3   4  15   3   3   4   3   9  0.17 0.17
  317 G     0   0   1   0  -3   1   0   0   2   0  -1   0   1  -2   1   0   0  -2   1   0    6   6   6   6   0   6   6   6   6   6   6   6   6   0   6   6   6   0   6   6  0.05 0.08
  318 P     4  -1  -4  -4  -2  -2  -2  -2  -4  -3  -2   1  -2  -5   5  -1  -2  -5  -5  -2   38   3   0   0   1   1   2   2   0   1   3  10   1   0  31   2   2   0   0   3  0.86 0.48
  319 G    -2  -3  -1  -1  -2   0  -3   6   0  -4  -4  -1  -5  -6  -3  -2  -3  -6  -6  -6    2   1   2   4   1   4   2  73   2   1   2   3   0   0   1   1   1   0   0   0  1.41 0.62
  320 T    -1   1  -1   3  -4   3   3  -1   0  -3  -3   2  -2  -4  -2   1   0  -4  -3  -3    5   6   2  15   0  16  19   4   3   1   2  11   1   0   1   9   5   0   0   1  0.38 0.27
  321 D     0   1  -2  -1  -4   0   3  -1   1  -3  -3  -2  -2  -5   4   1   0  -5  -2  -2    9   7   1   2   0   3  24   4   3   1   1   1   1   0  24  12   4   0   1   2  0.52 0.33
  322 Y    -2   1  -3  -4  -3  -2  -2  -4   2   0   2  -2   3   3  -4  -2  -1   3   2   1    3   9   0   0   0   1   1   0   7   5  21   2   8  11   0   2   2   4   9  13  0.33 0.23
  323 R     0   2   1   1  -4   0   1  -2   3  -3  -3  -1  -1  -2  -1   1   1  -4   0  -2    9  15   8   8   0   3  11   1  10   1   1   2   1   1   2  10  10   0   3   3  0.24 0.20
  324 L     0  -5  -5  -6  -1  -5  -5  -2  -4   0   1  -5   1   6  -6  -4  -2   3   4   0    7   0   0   0   2   0   0   3   0   4  16   0   3  40   0   0   2   4  13   6  0.94 0.44
  325 R     2   3   0   1  -4   1   0  -1   1  -1  -4   1  -3  -4  -2   2   0  -5  -3  -2   19  15   5   6   0   6   4   3   4   4   0   9   0   0   1  18   4   0   0   1  0.30 0.24
  326 Y    -5  -5  -5   0   3  -5  -5  -6  -3   0  -1  -5  -4   2  -6  -1  -4   5   8  -4    0   0   0   7   7   0   0   0   0   7   6   0   0   6   0   6   0   6  55   0  1.53 0.56
  327 R     0   4   0  -1   1   0  -1  -1   3  -1  -2   1   0  -4  -3   0   0  -4  -3  -1    9  29   3   3   3   3   3   3   9   3   3   7   3   0   0   6   7   0   0   3  0.31 0.21
  328 L    -2  -2  -5  -5  -4   0  -4  -5   2   2   4  -4   4  -3  -5  -4  -1  -4   0   2    3   2   0   0   0   5   0   0   6  11  41   0  11   0   0   0   3   0   4  12  0.71 0.36
  329 H    -1   0   0   0   2   0   0  -1   2   0  -1   0   1   1  -3   0   0   3   1   0    5   5   5   5   5   5   5   5   5   5   5   5   5   5   0   5   5   5   5   5  0.07 0.11
  330 W    -1  -7  -7  -7  -7  -6  -2  -7  -6  -6  -2  -7  -6   3  -1  -1   0  11   2  -1    6   0   0   0   0   0   3   0   0   0   4   0   0  13   4   5   6  49   5   4  2.20 0.92
  331 L    -1   0  -1  -2   2   0  -1   3   0   0  -1  -1   0   1  -1   0   1  -3   1  -1    4   4   2   2   5   5   4  22   2   5   6   2   3   6   3   7   8   0   4   5  0.13 0.13
  332 A     1   0   0   2  -3   0   0   1   0  -2  -1   0   1  -1   0   1   0   3  -1  -2   12   5   5  12   0   3   4  12   2   2   5   4   4   3   4   9   5   4   2   2  0.11 0.13
  333 D     0  -1   0   3  -4   0   1   0   2  -2  -2  -1  -1  -2   1   0   1  -5  -2  -2    9   4   4  20   0   5  11   8   5   2   5   3   2   1   7   5   8   0   1   2  0.24 0.22
  334 E    -1   0   0   0  -3   0   0  -1   2   0  -1   0   1   0   0   0   0   3   1   0    5   5   5   5   0   5   5   5   5   5   5   5   5   5   5   5   5   5   5   5  0.06 0.08
  335 P    -1   0   0   0  -4   0   0  -1   1  -1  -1  -1   0   0   4  -1   0   2  -3  -1    6   5   5   4   0   5   5   4   3   4   5   4   3   4  25   5   5   3   0   5  0.31 0.27
  336 Y     0   0  -1   1   0   0   0  -1   2  -1  -1   0   0   1   2  -1  -1   1   0   1    9   5   2   9   2   5   5   4   5   4   6   5   2   5   9   5   3   2   3   9  0.08 0.08
  337 P     0   1   0   1  -6   1   1  -1   3  -1  -1   0   1  -1   2   0  -1   2  -5  -1    8   8   4   7   0   6   8   6   6   3   6   5   3   3   9   7   4   3   0   4  0.13 0.14
  338 G    -1   0   0   0   2   0   0  -1   2   0  -1   0   2   1   0  -1   0   4   1  -1    5   5   5   5   5   5   5   5   5   5   5   5   5   5   5   5   5   5   5   5  0.09 0.08
  339 E    -1   0   0   0  -3   0   0  -1   2   0  -1   0   1   0   0   0   0   3   1   0    5   5   5   5   0   5   5   5   5   5   5   5   5   5   5   5   5   5   5   5  0.06 0.08
  340 L    -1  -1  -1  -1  -3   0  -1   0  -3   0   2  -1   1   0   1  -1   0   2   0   0    4   4   4   3   0   6   4   7   0   4  26   3   3   5   6   4   4   3   3   8  0.10 0.15
  341 A     5  -2  -1  -5   0  -2  -4   3  -5  -2  -3  -2   1  -2  -1   0  -4   2  -1  -1   43   2   3   0   2   2   0  18   0   2   3   3   3   2   3   5   0   3   2   4  0.65 0.49
  342 H    -1   4  -2  -3  -5   1  -1  -2   3  -2  -2   1   0   0  -1   0   0   4   2  -2    4  26   1   1   0   7   3   3   6   2   3   7   2   3   4   6   6   6   7   3  0.42 0.36
  343 C     2  -6  -4  -3   2  -3  -6  -4  -6   0  -3  -3  -2   0  -3  -3  -1  -2  -3   6   15   0   1   2   4   1   0   2   0   4   1   2   1   3   1   1   3   1   1  57  1.10 0.67
  344 V     1   1  -2  -3  -1  -1  -2  -3  -1   1   0   0   1  -2  -1  -1   2  -2   0   3   10   8   2   1   1   3   2   1   2   8   6   5   3   1   3   3  14   1   3  23  0.20 0.22
  345 A     3   3   1   1  -5   2   0   0   0  -5  -4  -2  -2  -3  -4   1  -2  -5  -2  -2   28  15   6   8   0  11   7   6   2   0   1   2   1   1   0   9   1   0   1   2  0.45 0.39
  346 T    -2  -3  -2  -6  -2  -5  -3  -6  -2  -3  -4  -5  -2  -1  -3   1   7  -1   0   0    4   2   1   0   1   0   2   0   1   1   2   0   1   3   1   8  63   1   3   6  1.38 0.83
  347 R    -1   6  -1  -3  -2  -1  -2  -3   0  -5  -1  -2  -1   1  -5   0  -2   3   1  -3    6  48   3   1   1   2   2   2   2   0   5   1   2   6   0   7   2   3   4   2  0.89 0.57
  348 F     0   2  -1  -3  -1   0  -2  -3  -1   3   0  -2   0   0  -4   1   1  -4  -1   2    6  13   2   1   1   3   2   2   2  16   7   2   2   3   0  11  10   0   2  14  0.21 0.22
  349 G     1  -5  -1  -1   0  -5  -2   6  -5  -6  -3  -5   1  -6  -2   0   0  -6  -1  -2   12   0   2   4   2   0   2  51   0   0   2   0   4   0   2   7   5   0   2   3  0.95 0.55
  350 N     1   3   1  -1  -4   0  -1  -2   2  -1  -2   0   0  -1  -1   0   1   4  -1  -1   10  19   6   3   0   5   4   3   6   3   3   4   3   2   3   8   8   5   2   3  0.20 0.20
  351 G     1  -1   0   0  -4  -1  -2   3   1   0  -2  -1  -3  -4   1   1  -1  -4  -1  -1   13   3   4   4   0   2   2  27   4   6   3   4   0   0   7  10   3   0   2   5  0.29 0.23
  352 G     0   0   1   1  -3  -1   0   2  -1  -1  -2  -1   0  -1   0  -1   0   1   0  -1   10   6   6   9   0   3   5  20   2   3   4   3   3   2   5   4   8   2   3   5  0.11 0.11
  353 R     0   2   0   0  -3   0   0  -3   0   0  -1  -1   0   0   0   0   0   0  -1   1    7  13   5   7   0   4   4   1   2   6   6   3   3   4   4   7   5   2   2  14  0.08 0.11
  354 P     0   0   1   0   0   0   0  -1   0  -1  -1   0   0   0   3   0   0   1   0  -1    9   5   6   5   2   4   4   4   2   3   6   7   3   5  14   8   5   2   3   4  0.10 0.10
  355 G     0   0   0   0   1   1   0   3   1  -3  -1   0  -2  -1   0   0  -1   2   0  -1    5   6   4   5   3   6   6  22   3   1   5   5   0   3   4   6   4   3   3   4  0.14 0.15
  356 Q     0   0   0   0  -3   0   0   0   2  -1  -1   1   0  -1   1   0   0   2   0  -1    7   5   3   6   0   4   7   8   7   3   6   8   3   3   6   6   6   3   3   4  0.06 0.08
  357 T     0   0   2   1  -3   0   1   0   1  -2  -2   0   0  -1   3   0   1   2  -1  -1    6   5   9   7   0   3  10   7   3   3   4   4   2   2  14   5   8   4   2   3  0.16 0.16
  358 R     0   1   1   0   0   1   0  -1   2  -1  -2   0  -2   0   2   0  -1   2   0  -1    6   9   6   7   3   6   5   5   6   4   4   5   0   4  10   7   4   3   3   4  0.10 0.11
  359 P     0   0   1   1  -4   1   0  -1   1  -1  -1   0   1  -3   3   0   0  -4   0  -1    6   4   7   7   0   5   7   5   4   3   5   5   3   0  17   5   7   0   3   6  0.19 0.18
  360 Q     0   0   0   2  -4   1   1   0   0  -2  -3   1  -3  -4   3   0   0   1  -1  -2    9   4   3  11   0   6   8   6   2   2   2  10   0   0  15   5   8   2   2   3  0.22 0.21
  361 G    -1  -1   1   2  -4  -1   0   4  -1  -3  -1  -1   1  -1  -1   0  -1   0  -2  -3    4   3   7  12   0   3   7  30   1   2   5   4   3   2   3   6   4   2   1   2  0.29 0.23
  362 V     1   1  -1  -1  -3   0  -1  -1   0  -1  -1  -1   0  -2  -1   1   2  -1  -1   1   13  10   3   2   0   4   3   4   2   2   6   2   2   1   2  13  14   1   1  13  0.13 0.17
  363 R    -2   4  -1  -2  -4   0  -2  -3   1   2  -1   0   1  -1  -2   0  -1   1   0   1    2  31   2   1   0   3   2   2   4  13   5   4   4   2   2   6   3   2   3   9  0.33 0.26
  364 K     0   3  -2   1  -3   0   0  -1   0  -1   0   2   1   0  -3  -1   0   0  -1  -1    6  18   0   7   0   4   6   4   2   3  11  12   5   4   0   2   8   1   2   5  0.14 0.15
  365 F    -1  -5  -6  -6   0  -5  -5  -6   0   1   0  -3   2   7  -6  -5  -4   3   3   1    6   0   0   0   2   0   0   0   2   7   8   2   4  43   0   0   0   4  10  11  1.07 0.51
  366 V     0  -1   0  -1  -3   1  -1  -1   0   1   0  -2   1   0  -3   0   0   2   0   2    5   3   4   3   0   9   3   3   3   7   7   0   4   3   0   9   7   3   3  23  0.11 0.14
  367 V     0  -4  -4   0   3  -4  -4  -4  -4   3   1  -4  -2  -3   1   0  -2  -4  -3   4    6   0   0   7   6   0   0   1   0  21  15   0   0   0   6   6   0   0   0  30  0.50 0.28
  368 E    -3  -1   0   6  -5  -1   2  -4   0  -4  -1  -1   0  -4  -1  -1  -1  -5   2  -2    0   3   4  46   0   2  10   0   2   0   6   2   3   0   3   4   3   0   8   3  0.70 0.43
  369 F    -1  -5  -5  -5  -5   0  -1  -1  -4   0  -1  -4  -3   7  -1  -4  -1   4   2  -1    5   0   0   0   0   4   4   4   0   4   6   0   0  46   4   0   4   5   7   4  0.92 0.48
  370 Q     1   0   0   1  -2   1   0   0   1  -1  -1   0   0   0  -2   1   0  -2   0   0   13   6   3   9   0   6   7   8   4   3   4   5   3   4   0   9   6   0   3   7  0.06 0.07
  371 G     0   0   0   0  -3   1   0   0   2   0  -1   0   1  -2   0   0   0   3   1   0    6   6   5   6   0   5   6   6   5   6   6   6   5   0   6   6   6   5   5   6  0.07 0.10
  372 R     0   0   0   1  -3   0   0   2   1  -1  -2   0  -2  -1   2   0  -1  -4  -3  -1    8   4   4  10   0   4   7  18   3   5   4   5   0   3  12   4   4   0   0   4  0.18 0.17
  373 T     0   0   0   0  -2   1   0   0   1   0  -1   0   1   0   1   0   0  -2   1   0    6   6   5   6   0   5   6   6   5   6   6   6   5   5   6   6   6   0   5   6  0.03 0.06
  374 L    -1  -1  -1  -1  -3   0  -1  -2  -3   0   3  -1   2   1   0  -1  -1   2  -2   0    5   3   4   3   0   4   4   4   0   6  34   4   4   5   5   3   3   3   0   5  0.18 0.21
  375 E     2  -1   1   1   0   0   1   0  -3  -2  -3   1  -1  -1   1   0  -1   0  -2  -2   21   3   6   9   2   4  11   6   0   3   2   8   2   3   7   6   4   1   1   2  0.17 0.20
  376 K     1   0   1   2   0   0   1   2  -1  -2  -2   0   0  -4  -1   0   0   1  -1  -2   10   6   6  11   2   3   7  14   2   2   5   7   2   0   3   7   7   2   3   2  0.12 0.14
  377 V     0  -2  -4  -1  -4  -1  -2  -1  -1   1   4  -2   2   0   0  -2  -1  -4  -1   1    6   2   0   4   0   2   2   5   2   8  36   3   4   3   4   2   3   0   2   9  0.31 0.26
  378 P     1  -1  -1   2  -1   0   0   0  -1  -2  -2  -1  -1  -2   4   0   0  -1  -4  -2   14   3   2  11   2   3   5   6   2   2   4   4   1   2  23   7   6   1   0   3  0.34 0.30
  379 F     2   0   0   2  -4   0   1  -1   0  -2  -2  -1  -1  -1   2   0  -1   1  -1  -2   17   6   5  10   0   4   9   5   2   3   3   4   2   3  11   6   3   2   2   3  0.16 0.18
  380 N     0   0   1   3  -1   0   1   1   0  -2  -2   0  -1  -2   0  -1  -1   1  -1  -1    8   5   5  16   2   3   9  11   2   2   4   7   2   2   6   4   3   2   2   4  0.12 0.14
  381 T     2  -1  -1   1  -4   1   1  -1   0  -1  -2  -1   0  -1   0   0   2  -5  -4  -1   19   3   3   8   0   6  10   5   2   4   3   4   2   3   4   7  11   0   0   5  0.14 0.20
  382 F     0   0   0   1  -4   0   0   1   0  -1  -2   0   0  -1   2  -1   0   0  -1  -1    7   5   5  10   0   3   6  12   2   3   4   7   3   3  13   4   6   2   2   6  0.13 0.14
  383 P     0  -2  -3  -2   0  -3  -1  -2  -3   2   1  -1   1   0   2  -2  -1   3  -1   3    8   2   0   2   2   0   3   4   0  10  12   3   3   3  11   0   4   4   2  25  0.22 0.23
  384 E     0   1   0   1  -3   0   2  -1   1  -1  -1   0  -2  -1   1   0   0   2  -2  -1   10   7   3   8   0   4  15   3   4   3   4   5   0   3   8   6   6   3   0   6  0.12 0.14
  385 A     0  -1   0   0  -2   0   0   0   1   0  -1   0   1   0   1   0   0  -2   1   0    6   0   5   6   0   5   6   6   5   6   6   6   5   5   6   6   6   0   5   6  0.01 0.08
  386 V    -1  -1   0   2  -4   1   1  -3   0   1  -2  -1   0  -2  -4  -1  -1   0  -4   3    5   3   4  10   0   8  11   2   3   7   3   4   2   1   0   5   4   1   0  27  0.27 0.29
  387 L    -1  -2  -1  -3  -1  -2  -2  -3   0   4   1  -4   0  -1  -2  -2   0  -5  -2   4    5   2   4   1   1   2   3   1   3  21  14   0   1   2   2   3   7   0   1  27  0.42 0.34
  388 S     0   0   1  -1  -1   2   0  -1  -1  -2  -2  -1  -1  -2  -1   2   2   2  -2  -1    6   4   6   3   1   8   7   5   2   3   4   4   2   1   3  19  16   3   1   3  0.20 0.25
  389 S     3  -2   0  -2   1  -1  -1  -1   0   0  -1  -2  -1  -2  -1   1   2  -5  -1   2   22   2   4   2   3   2   3   4   2   4   5   2   2   2   2   8  13   0   2  14  0.19 0.23
  390 S    -1  -1   0   2  -3   0   0   1   1  -1  -2  -1   0  -1   0   2   1   2  -3  -1    4   3   4  11   0   5   4   9   3   3   3   3   3   3   4  22   7   3   0   4  0.16 0.21
  391 R     0   2   2   1  -3   0   0   1   2  -1  -2   0   0  -3   1   0  -1   2  -3  -1    7  13  12   7   0   5   4  11   5   4   3   4   3   0   7   5   4   3   0   4  0.16 0.18
  392 G     0  -1   0  -1  -5  -1   0   5  -4  -1  -5  -1  -4   0  -1  -1  -1  -5  -4  -1    7   3   5   4   0   3   5  45   0   4   1   3   0   4   3   5   3   0   0   5  0.61 0.40
  393 T     0   0   1   0  -3   0   2  -1   0   0  -1   0   0  -1   1   0   1  -3  -1   0   10   5   6   5   0   4  14   5   2   5   4   6   2   2   7   6   9   0   2   6  0.09 0.11
  394 F     1   0  -1  -1  -3  -1  -1   0   1   2   0  -1   0   0  -1   0   0   1   0   2   12   6   3   3   0   3   2   7   4  12   6   3   2   4   2   5   4   2   2  16  0.05 0.10
  395 S     0   1  -1  -1  -1   0   1  -1   0   0   0   1  -1  -1  -2   1   1  -4  -2   0    8   7   2   3   1   4  11   5   2   4  12   9   1   2   1  12   7   0   1   7  0.07 0.11
  396 N    -1  -1   3   1  -3   0   1   0   1   0  -1   0  -1  -1   0   0  -1   0  -1   0    5   3  14   9   0   4  12   6   4   7   6   7   1   2   4   4   3   1   1   6  0.11 0.13
  397 I     0  -2  -2  -4  -4   0  -2  -2  -1   3   1  -2  -1  -1   2  -2   0   0  -2   3    7   2   2   0   0   5   2   3   2  15  11   2   1   2  11   3   6   1   1  24  0.29 0.27
  398 F     0   1   0   0  -3   0   2  -1   1   0  -1  -1   0   0  -1   0   0   0   0   1    6   8   5   5   0   4  14   3   5   5   4   3   2   3   2   6   5   2   4  15  0.08 0.13
  399 T     0  -2   0  -1   0   0   0  -1   1   1   1  -1   0   0  -1   0   0  -3   0   1    7   0   4   3   2   6   5   4   5   8  14   3   2   3   3   7   7   0   2  14  0.05 0.10
  400 E    -1   1   1   0  -4   2   1  -2   1   0  -1   0   0   0  -1   0   0   2   1  -1    4   8   6   4   0  12   9   3   4   5   6   5   3   4   3   7   5   3   4   4  0.10 0.14
  401 A     0   1   0  -1   0   1  -1  -1   1   0  -1   0  -2   0   1  -1   0   2   1   1   10   9   3   3   3   6   3   3   3   5   6   5   0   3   8   4   4   3   5  12  0.06 0.10
  402 V    -1   1  -1  -1  -3   0   0  -1   0   1   0  -1   1   0  -1  -1  -1  -3   1   2    4   8   3   3   0   4   7   4   3  10  11   3   4   4   3   4   4   0   4  19  0.08 0.12
  403 P    -1   0   0   0  -3   0   0  -1   2   0  -1   0   1   0   0   0   0   3   1   0    5   5   5   5   0   5   5   5   5   5   5   5   5   5   5   5   5   5   5   5  0.06 0.08
  404 D    -1  -1   4   1   0   0   0  -1   2   0  -1  -1   0  -3  -1  -1  -2   1   0   0    4   3  26  10   2   4   5   4   5   6   6   3   3   0   4   3   1   2   3   7  0.25 0.25
  405 G     0   1   0   0  -3  -1   0   1   1  -1  -1  -1   0  -1   3   0   0   1  -2  -1    6   7   3   5   0   3   8  13   3   3   6   3   3   3  17   5   5   2   0   5  0.18 0.17
  406 M     0   0   0   1  -3   1   1   0   0  -1  -2   0   0  -1   2   0  -1  -3   1   0    9   5   3   7   0   6  11   9   3   3   3   5   3   3  11   4   4   0   5   7  0.10 0.12
  407 A     0   0   1   1  -3   0   0  -1   0   0  -1   0  -1  -2   0   0   4  -4  -3  -1    7   4   5   7   0   3   5   5   2   6   4   4   1   2   5   6  28   0   0   4  0.19 0.20
  408 G    -1   1   2   1   0   0  -1   4   2  -4  -2   1  -3  -4   0  -1  -2  -4  -3  -4    2   9   9   9   2   3   2  32   7   0   5  10   0   0   4   3   2   0   0   0  0.41 0.28
  409 H     0   1  -1  -1  -1   0  -2   4   0  -1  -2   0  -1  -3  -2   0   1   0  -2  -1    6  10   2   4   1   5   2  33   2   4   3   4   2   0   2   4  10   1   1   3  0.28 0.21
  410 W    -1  -1  -5  -6   0  -2  -5  -5  -1  -1  -1  -3   1   0  -3  -3  -3  10   3   0    5   4   0   0   2   2   0   0   1   3   6   1   3   4   1   2   2  47  10   6  1.70 0.69
  411 R    -2   5  -2  -1  -4   1   0  -4  -2  -1  -1   1   1   0  -3  -1  -1   2  -2  -1    0  48   0   4   0   6   4   0   0   4   6   4   4   4   0   4   4   4   0   4  0.54 0.31
  412 A     2  -3  -3  -4   2   0  -3  -3  -3   1   1  -3   2   0  -3   0   0   3  -2   2   20   0   0   0   5   5   0   0   0   7  17   0   7   5   0   5   5   5   0  21  0.26 0.20
  413 Q     0   0   0  -1   0   1   1  -1   1   0  -1   0   0  -1  -1   1   1   0   0   0    4   4   4   2   2   9   7   3   4   4   5   4   4   3   2  12  11   2   4  11  0.06 0.10
  414 F    -1  -5  -5  -6   0  -5  -5  -5  -4   2   3  -5   1   7  -5  -4  -2  -3  -1   0    6   0   0   0   2   0   0   0   0   9  25   0   3  44   0   0   2   0   0   7  1.03 0.47
  415 D    -1   1   0   4  -4   2   2  -2   0  -2  -1   0  -3  -2  -2  -1   0  -4  -2  -1    4   8   4  26   0  10  13   3   2   3   5   4   0   1   1   2   7   0   1   4  0.30 0.22
  416 L    -1  -4  -5  -5   0  -4  -4  -5  -1   2   3  -2   0   2  -5  -4  -2   3   0   4    3   0   0   0   2   0   0   0   2  13  28   2   2   9   0   0   2   5   3  29  0.59 0.32
  417 T    -1   3  -1   1  -4   1   1  -3   0   0  -1   2  -1  -1  -1  -1   0  -4   0  -1    5  15   2   9   0   5  11   1   2   7   7  12   2   2   2   2   6   0   3   5  0.15 0.15
  418 V     0  -1  -4  -2  -6  -3  -2  -4   1  -1  -2  -3  -2  -3   7  -1  -1  -1  -5   1    6   4   1   2   0   1   2   1   3   3   4   2   1   1  48   5   3   1   0  10  1.04 0.53
  419 E     0  -1   0   4  -5   1   2   1   0  -3  -4   0  -2  -5   1   0   1  -5  -3  -3    7   2   3  24   0   7  14  12   2   1   1   6   1   0   6   6   8   0   1   1  0.38 0.27
  420 G     1  -1   2   2  -4   0   1   3  -3  -5  -5   0  -4  -4   1   1  -1  -5  -3  -4   10   4  10  12   0   3   7  27   0   0   0   4   0   0   7   9   4   0   1   1  0.44 0.29
  421 A     2  -1   0   3   0   0   1   1   0  -3  -4   1  -3  -4   0   0   0  -5  -4  -2   20   3   5  15   2   2  11  11   3   1   1   7   0   0   5   7   6   0   0   2  0.27 0.22
  422 E     1   2   1   2  -4   2   2   0   0  -4  -3   2  -1  -4   0   0  -1  -5  -2  -3   12   9   5  10   0  10  15   6   2   0   1  12   2   0   4   5   4   0   1   1  0.29 0.23
  423 P     0  -3  -1  -2  -5  -2  -1  -2  -3  -2   0  -3  -1  -4   6  -1   0  -6  -4  -1    9   1   4   2   0   1   4   2   0   2   9   1   1   1  47   5   5   0   0   5  0.97 0.49
  424 V     1  -3  -2  -4  -1  -2  -4  -3  -3   2   1  -4   1  -1  -2   0   1  -5  -3   4   15   1   2   0   1   1   0   1   0  13  10   0   4   2   2   7   9   0   0  31  0.42 0.30
  425 D    -3  -1   1   3  -6  -1   6  -4  -1  -4  -4  -3  -5  -6  -3  -2  -1  -6  -5  -1    2   3   6  17   0   1  55   1   1   1   2   1   0   0   1   2   3   0   0   4  1.13 0.60
  426 M    -3  -5  -6  -7  -5  -5  -6  -4  -6   2   5  -6   5   0  -6  -5  -4   0  -4   1    2   0   0   0   0   0   0   2   0  12  55   0  15   3   0   0   0   1   0  10  1.18 0.56
  427 R    -3   7  -2  -3  -3   1  -1  -4  -1  -5  -5   0  -2  -3  -6   0  -1  -3  -6  -5    2  67   1   1   1   5   3   1   1   1   0   4   1   1   0   6   3   0   0   1  1.54 0.72
  428 L     4  -5  -5  -6   5  -5  -5  -1  -5  -1   2  -5   1  -3  -5  -3  -3  -5  -2   2   43   0   0   0  12   0   0   5   0   3  18   0   4   1   0   1   1   0   1  13  0.83 0.49
  429 Y     0   2  -2  -3   1   1  -1  -3   1  -2  -2  -1  -3   4  -4  -1   0   3   3   0   10  11   2   1   3   6   4   2   4   1   3   2   0  20   0   4   7   4  11   7  0.32 0.26
  430 L    -6  -6  -4  -8  -6  -6  -7  -8  -7   1   6  -7   0  -4  -3  -7  -5  -6  -5  -1    0   0   1   0   0   0   0   0   0   7  86   0   1   0   1   0   0   0   0   3  1.86 0.79
  431 R     0   3  -1  -2  -4   1   1  -4   1  -2  -1   3   1  -3  -4   1   1  -2  -1   0    7  16   1   1   0   6   8   0   4   2   5  18   4   1   0   9  10   0   2   7  0.27 0.25
  432 L     0   2   1   1  -1   1  -1  -1   2  -2   0   0   0  -1  -2   0  -1  -4   0  -1    8  14   6  11   2   5   2   4   6   1  13   6   2   2   1   8   2   0   3   4  0.11 0.14
  433 G     0  -1   2   3  -5   1   1   4  -1  -5  -4   0  -3  -3  -1  -1  -3  -3  -2  -5    6   3  10  18   0   6  11  29   1   0   1   5   1   1   2   4   1   0   2   0  0.53 0.34
  434 E    -1  -2   2   3  -6   0   1   5  -2  -5  -5   0  -5  -5  -2  -1  -1  -6  -4  -5    3   1  10  18   0   4   9  39   1   1   0   5   0   0   2   3   3   0   0   0  0.76 0.43
  435 Q    -2   3   0   1  -5   3   2   0   0  -4  -5   3  -3  -6  -3  -1   0  -5  -4  -2    3  16   3   8   0  16  13   7   2   1   0  18   0   0   1   3   6   0   0   2  0.50 0.35
  436 T     2   2  -3  -4  -2  -1  -3  -3  -2  -1  -2   0  -4  -3   5  -2   1   0  -3   0   19  11   1   0   1   3   1   1   1   4   3   5   0   1  30   2   8   1   1   8  0.59 0.39
  437 L    -1  -4  -3  -6  -2  -3  -4  -6  -6   3   4  -5   0  -1  -3  -5  -3   0  -3   3    5   1   2   0   1   1   1   0   0  18  45   0   2   2   1   0   1   1   0  19  0.84 0.45
  438 T    -2  -5  -4  -5  -5  -5  -5  -2  -6  -6  -6  -5  -6  -4  -3   6   5  -7  -6  -4    2   0   0   0   0   0   0   4   0   0   0   0   0   1   1  61  30   0   0   1  1.66 0.86
  439 E    -4  -5  -3  -2  -9  -3   8  -7  -5  -8  -8  -4  -7  -8  -4  -5  -4  -8  -7  -5    1   0   1   1   0   0  94   0   0   0   0   0   0   0   1   0   1   0   0   1  2.66 1.11
  440 S    -4   0  -2  -5  -5  -3  -2  -6  -6  -1  -5  -3  -3  -4  -4  -1   7  -7  -4   1    0   5   2   0   0   1   2   0   0   3   0   1   1   1   0   3  72   0   0   9  1.64 0.81
  441 W    -8  -8  -9 -10  -8  -8  -8  -8  -8  -8  -5  -9  -7  -1  -9  -8  -5  13  -4  -5    0   0   0   0   0   0   0   0   0   0   1   0   0   3   0   0   1  94   0   1  4.92 1.53
  442 L    -1   0  -1  -3  -2  -3  -3  -4  -2   0   3  -3   1  -2  -4   3   2  -5  -2   1    4   5   2   1   0   0   1   1   1   6  30   0   2   1   0  22  15   0   1   8  0.39 0.31
  443 Y    -4  -7  -3  -4  -4  -6  -7  -4   1  -4  -4  -7  -1   2  -8  -6  -4  -3   9  -6    2   0   1   1   0   0   0   1   3   1   2   0   1   5   0   0   1   0  81   0  2.77 1.04
  444 Q    -2   5  -3  -5  -5   5  -2  -5   0  -3   1  -2  -3  -5  -2  -2   0  -1  -4  -1    2  31   0   0   0  28   1   0   2   1  16   1   0   0   2   2   6   1   0   5  0.82 0.50
  445 Y    -5  -7  -8  -5   3  -6  -7  -7   0  -2   2  -7  -4   2  -8  -7  -6  11   3  -2    1   0   0   1   6   0   0   0   2   2  19   0   0   7   0   0   0  52   8   3  2.41 0.86
  446 H    -2   1   0  -2  -4   1  -1  -4   2  -2  -1  -1  -2   1   3  -1   4   1   2  -2    1   7   4   2   0   7   2   1   5   2   4   2   1   6  16   2  26   2   7   2  0.39 0.30
  447 P     0  -1  -2  -5  -6  -5  -3  -6  -6  -7  -7  -3  -6  -7   8  -4  -5  -7  -7  -6    7   4   2   0   0   0   1   0   0   0   0   1   0   0  84   0   0   0   0   0  2.58 0.82
  448 S     3  -3   4  -2  -3  -2  -2  -2  -2  -4  -4  -2  -3  -4  -3   4   1  -5  -4  -3   29   0  26   0   0   0   0   0   0   0   0   0   0   0   0  38   7   0   0   0  0.78 0.33

                      K         Lambda
Standard Ungapped    0.1395     0.3214
Standard Gapped      0.0405     0.2670
PSI Ungapped         0.1324     0.3175
PSI Gapped           0.0405     0.2670
