
Last position-specific scoring matrix computed, weighted observed percentages rounded down, information per position, and relative weight of gapless real matches to pseudocounts
            A   R   N   D   C   Q   E   G   H   I   L   K   M   F   P   S   T   W   Y   V   A   R   N   D   C   Q   E   G   H   I   L   K   M   F   P   S   T   W   Y   V
    1 F    -6  -6  -7  -8  -7  -6  -7  -7  -3  -5  -5  -7  -5   6  -8  -6  -6   2   9  -5    0   0   0   0   0   0   0   0   0   0   0   0   0  30   0   0   0   2  68   0  2.80 0.95
    2 G     0  -2   5   1  -3  -2  -3   4  -1  -6  -6  -2  -5  -6  -4   1  -2  -6  -6  -6    8   1  35   7   0   2   0  32   1   0   0   2   0   0   1   9   2   0   0   0  1.01 0.52
    3 F    -6  -4  -7  -8  -6  -6  -7  -8  -1  -1   6  -6   0  -1  -5  -3  -5  -6   1  -2    0   1   0   0   0   0   0   0   2   2  84   0   2   2   1   2   0   0   4   1  1.73 0.75
    4 S    -1  -4  -1  -4  -3  -5  -5  -2  -3  -4  -6  -4  -6  -3  -4   7  -3  -8  -6  -4    4   0   2   1   0   0   0   2   1   1   0   0   0   1   1  84   1   0   0   1  1.93 0.93
    5 D    -5  -7   0   8  -9  -5  -2  -4  -2  -8  -9  -6  -8  -5  -7  -4  -6  -9  -4  -3    1   0   3  88   0   0   2   1   1   0   0   0   0   1   0   1   0   0   1   2  2.64 1.04
    6 E    -2   1  -3   1  -3  -1   4  -2  -2  -5  -4  -3  -1  -3   5  -2  -4  -6  -1  -1    3   8   1   6   1   2  27   3   1   0   2   0   2   1  33   2   0   0   3   5  0.86 0.51
    7 G     3  -1  -3  -1  -5   4   2   2  -4  -4  -4   1   0  -6  -3  -1  -2  -6  -5  -2   28   3   1   2   0  17  15  15   0   1   1   7   2   0   1   4   1   0   0   3  0.57 0.40
    8 C     1  -4  -6  -6   3  -5  -4  -6  -6   0   3  -4   7  -3  -6  -3   1  -6  -5   2   10   1   0   0   6   0   1   0   0   4  26   1  28   1   0   1   8   0   0  13  0.98 0.53
    9 E    -2  -3  -5  -3  -8  -2   8  -3  -5  -5  -7  -3  -3  -8  -6  -3  -4  -8  -7  -3    3   1   0   1   0   1  84   2   0   1   0   1   1   0   0   1   1   0   0   2  2.23 1.00
   10 D    -3   0  -2   4  -6  -1   4  -4   0  -4  -4   0  -3   2  -5  -3  -4  -2   4  -3    2   5   1  27   0   2  29   1   2   1   1   4   1   8   0   1   1   1  12   2  0.87 0.51
   11 A     4  -1  -3  -4  -2   5  -1  -4  -2  -4  -3  -3   3  -3  -3   0  -1  -6  -3  -2   40   3   1   1   1  27   3   1   1   1   2   1   6   1   1   6   4   0   1   2  0.90 0.58
   12 V    -1  -4  -7  -7   0  -4  -6  -7  -6   4   5  -6   0  -1  -2  -4  -3  -6  -5   1    5   1   0   0   2   1   0   0   0  20  56   0   2   2   2   1   1   0   0   9  1.09 0.54
   13 Y    -1   1   2  -2   1  -2  -3  -4   3  -1   0  -1  -4  -1  -3  -3  -3  -1   6  -1    6   8   9   3   4   1   1   1   6   4  11   4   0   1   2   1   1   1  33   4  0.71 0.44
   14 D    -4  -1  -1   7  -7  -4   2  -1  -1  -6  -5  -2  -6  -4  -5  -2  -1  -7  -2  -2    1   4   1  60   0   0  14   4   2   0   1   2   0   1   0   2   4   0   1   3  1.39 0.68
   15 S    -4   5   2   0  -2  -3  -4  -4  -2   2  -3  -3   0  -5  -2   2   1  -1  -3   0    0  35   8   4   1   0   0   1   1  11   1   0   2   0   2  19   7   1   1   5  0.67 0.46
   16 Q     0  -1  -3  -2   0   0   0  -3  -1   2   2  -2   2  -1   2  -2   0  -1  -1   0    7   4   1   2   2   4   6   2   1  13  24   1   6   2  10   1   6   1   2   4  0.21 0.19
   17 A     2  -3  -2   1  -1  -4  -4  -3  -1  -1  -1  -4  -1  -2  -3   5  -1   0  -2  -2   15   1   1   7   1   0   0   1   1   4   7   0   2   1   1  48   3   1   1   3  0.73 0.49
   18 I    -3  -3  -6  -6  -1  -3  -6  -2  -1   0   0  -5   5   6  -6  -3  -2   2   1   1    2   1   0   0   2   1   0   4   1   5   8   0  17  41   0   1   2   2   4   8  1.05 0.51
   19 R    -3   6  -2  -3   2   1  -3  -4   3  -2  -3   1   4  -6  -3   0  -3   0  -5  -3    2  39   2   1   4   5   1   1   7   2   2   8  12   0   2   8   2   1   0   2  0.89 0.47
   20 G    -2   6  -1   0  -1   1  -1  -3   3  -1  -2   0  -1  -2  -3  -2  -3   1   1  -3    3  43   2   5   1   5   3   2   6   4   4   5   1   1   1   2   2   2   5   2  0.75 0.40
   21 F    -2  -8  -8  -9   2  -9  -9  -9  -7  -1  -2  -9  -6   9  -9  -2  -7  -5  -3  -1    4   0   0   0   4   0   0   0   0   4   4   0   0  78   0   4   0   0   0   4  2.61 0.93
   22 M     2  -5  -5  -6   7  -5  -3  -3  -5  -1   2  -5   1  -1  -2  -1   0  -5  -1   2   20   0   0   0  21   0   2   2   0   3  18   0   3   2   2   4   5   0   2  16  0.73 0.38
   23 G     0   1   1   0   2   1   0   0   2  -2  -1   0   1  -2  -2   0   0   4  -2  -2    7   7   7   7   6   7   7   7   6   0   7   7   6   0   0   7   7   6   0   0  0.14 0.16
   24 I    -1  -2  -2  -2   3   1  -2   0  -2   1   0  -2   2   1   1   0   0   4  -1   0    1   0   0   0   8   8   0   8   0   8   8   0   8   8   8   8   8   8   0   8  0.16 0.15
   25 D     0   0   0   3   1   0   1   0   1  -3  -3   0  -3  -3   0   0   1   2   0  -1    8   4   4  23   3   3   9   6   3   1   1   5   0   0   4   7   8   4   3   4  0.22 0.17
   26 L    -1   0   0   0   2   0   0  -1   2   0  -1   0   2   1   0  -1   0   3   1  -1    5   5   5   5   5   5   5   5   5   5   5   5   5   5   5   5   5   5   5   5  0.09 0.08
   27 G     0  -1  -1   0   1  -1  -1   2   1  -2  -2  -4   2  -1   0   1   1   3   0  -1    8   3   3   6   3   3   5  15   3   3   4   0   5   3   4  11   7   4   4   5  0.17 0.16
   28 R     0   0   0   0   2   0   0  -1   1   0  -1   0   1   0   0   0   0  -2   1   0    5   5   5   5   5   5   5   5   5   5   5   5   5   5   5   5   5   0   5   5  0.03 0.05
   29 E    -1  -1  -1   4   0   0   4  -1   0  -2  -3   0   0  -2  -4  -1   0  -5  -4  -2    6   3   3  24   2   3  25   4   2   2   3   6   2   2   1   4   5   0   0   2  0.50 0.35
   30 S     1   2   1  -1   0   1  -1  -1   0  -2  -2   0  -1  -2   2   0   0   2  -1   0   10  14   8   3   2   6   4   5   3   2   4   4   1   2  10   8   6   3   2   6  0.14 0.15
   31 A     0   0  -2   0   2  -1   0   0  -2   0   0   0   1   1   1   0   0   3   1   0    6   6   0   6   6   0   6   6   0   6   6   6   6   6   6   6   6   6   6   6  0.06 0.11
   32 P    -1   0   1  -4  -5   0  -4  -1  -4  -5  -1  -3  -4  -5   7   0   0  -5  -5  -4    6   5   8   0   0   5   0   6   0   0   6   0   0   0  51   5   5   0   0   0  1.16 0.51
   33 D     0  -1   1   1  -3   1   1   1   3  -3  -3   1  -2  -2   2   1  -1  -3   2  -3    9   0   9   9   0   9   9   9   9   0   0   9   0   0   9   9   0   0   9   0  0.26 0.14
   34 A     0   0   1   0   2   1   0   0   2  -3  -3   0  -2   1   1   0   0   4   1  -1    6   6   6   6   6   6   6   6   6   0   0   6   0   6   6   6   6   6   6   6  0.14 0.17
   35 T    -1   0   0   0   1   0  -2  -3   1   0  -2   1   1  -3   0   2   3  -4   0  -1    5   4   5   4   3   3   0   0   3   5   3  12   3   0   4  14  25   0   3   3  0.25 0.28
   36 T     0  -1  -1  -1  -4  -3  -2  -2   1  -1  -2  -1   0   0   1   0   5  -5  -1  -1    8   4   2   2   0   0   2   2   3   3   2   3   3   4   7   6  42   0   2   3  0.49 0.43
   37 L    -2  -1   0  -4  -4  -4  -4  -3  -1   4   2  -4   1   2  -2  -1  -1  -4  -1   2    2   3   5   0   0   0   0   2   2  32  19   0   3  10   2   5   3   0   2  11  0.46 0.33
   38 L    -1   0   0   0   2   0  -2  -1   2   0  -1   0   1   0   0   0   0   3   1   0    5   5   5   5   5   5   0   5   5   5   5   5   5   5   5   5   5   5   5   5  0.06 0.11
   39 R    -1   3   3  -1   1   0   0  -2   2  -2  -2   1  -3   0  -1  -1  -1  -4   0  -2    3  19  16   3   3   3   6   3   5   3   4  10   0   4   3   4   3   0   4   3  0.27 0.26
   40 F     0   0  -2  -3   2  -2  -2   0   2   0   0   0   2   1  -3   0  -1   4   2   0    7   7   0   0   7   0   0   7   7   7   7   7   7   7   0   7   0   7   7   7  0.12 0.15
   41 R    -1   4   0   0   1   0   0  -1   3  -3  -1   0   0  -1   0   0  -1   2  -3  -2    5  30   3   5   3   3   5   4   7   0   5   4   3   3   4   5   3   3   0   3  0.32 0.27
   42 R    -1   3   1   1   1   0   3  -2   4  -2  -2   0  -3  -4  -1  -1  -1   2  -1  -2    4  16   7   7   3   4  19   3  10   2   3   4   0   0   2   4   3   4   2   2  0.33 0.27
   43 L    -1   0   0   0   2   0   0  -1   2   0  -1   0   2   1   0  -1   0   3   1  -1    5   5   5   5   5   5   5   5   5   5   5   5   5   5   5   5   5   5   5   5  0.09 0.08
   44 L    -2  -1  -7  -7  -7  -1  -2  -2  -7   0   4  -1   1   1   0  -2  -1   4   0  -1    4   4   0   0   0   3   3   3   0   6  40   4   4   5   5   3   4   4   3   4  0.61 0.36
   45 E     0   0  -1   0   0   1   2   0   0   0  -2   1   0  -3  -1   0   1  -4  -1   0    8   6   2   4   2   6  15   6   2   5   3   7   2   0   3   5  12   0   2   7  0.12 0.15
   46 V    -1   0   0   0   2   0   0  -1   1   0  -1   0  -2   0   0   0   0   3   1  -1    5   5   5   5   5   5   5   5   5   5   5   5   0   5   5   5   5   5   5   5  0.02 0.09
   47 H     0   0   0   0   2   0   0  -1   1   0  -1   0   1   0   0   0   0  -2   1   0    5   5   5   5   5   5   5   5   5   5   5   5   5   5   5   5   5   0   5   5  0.03 0.05
   48 Q    -1   0   1   1   0   0   0   3   1  -2  -2   1   0  -4  -1  -1  -1   2   0  -2    4   5   8   7   3   5   6  24   4   3   3   8   3   0   3   4   3   3   3   3  0.20 0.21
   49 L     0   0  -2  -2   0  -1  -2  -2  -1   1   3  -1   0   0   0  -2  -1   2  -1   0    6   6   2   2   2   2   2   4   2   6  35   3   2   4   4   2   5   3   2   5  0.25 0.24
   50 T     1  -2  -2   1   0  -1   0   1   1   1  -1  -3   2  -1   0  -2   1   1   2  -1   12   2   2   8   2   2   5  11   3   7   7   2   6   3   4   2  10   2   6   4  0.13 0.13
   51 R    -1   2   1   2   1   1   2  -1   1  -4  -2   1   0  -4   0  -1  -1   2  -4  -2    5  11   5  13   3   5  16   5   3   0   3   9   3   0   4   4   3   3   0   4  0.24 0.24
   52 L     0   0   0   0   2   0   0  -1   2   0  -1   0   1  -2   0   0   0   3   1   0    5   5   5   5   5   5   5   5   5   5   5   5   5   0   5   5   5   5   5   5  0.07 0.11
   53 L    -1  -1  -4  -1   2  -1  -4  -2   1   2   3  -1   2   0  -1  -4  -1   2  -3   0    4   3   0   3   5   3   0   4   4  12  32   3   4   4   3   0   3   3   0   7  0.34 0.28
   54 F    -1  -2   0  -2   0  -2  -2  -2   0  -1   1  -4   0   5  -5  -1  -2   3   1   0    4   2   5   3   2   2   2   3   3   2  14   0   2  30   0   5   2   4   5   5  0.44 0.36
   55 E    -1   0   0   0   2   0   0  -1   2   0  -1   0   2   0   0  -1   0   3   1  -1    5   5   5   5   5   5   5   5   5   5   5   5   5   5   5   5   5   5   5   5  0.03 0.09
   56 T     0   1  -1  -1   1   2   2  -1   2  -1  -1  -1   2  -1  -1  -1   0   2   0  -1    7   6   3   3   3   9  13   4   4   4   7   4   5   3   3   4   7   3   3   5  0.12 0.13
   57 I     0   0   0   0  -2   1   0   0   1   0  -1   0   1   0   1   0   0  -2   1   0    6   6   5   6   0   5   6   6   5   6   6   6   5   5   6   6   6   0   5   6  0.03 0.06
   58 N    -1   0   0   0   2   0   0  -1   2   0  -1   0   2   1   0  -1   0   3   1  -1    5   5   5   5   5   5   5   5   5   5   5   5   5   5   5   5   5   5   5   5  0.09 0.08
   59 Q     0   2   0   0   1   1   1  -1   2  -1  -2   1   1  -5  -1  -1   0   2   0  -2    9  13   4   5   3   7   7   6   4   4   5   8   3   0   4   5   5   3   3   3  0.13 0.14
   60 H    -2  -1  -1  -3   1   5  -1  -3   4  -1  -2  -2   1   1  -2  -2  -1   3   2  -2    4   4   3   2   2  24   4   2  10   3   5   2   3   5   2   4   4   4   6   4  0.52 0.41
   61 L     0   0  -2  -2  -3   1   0   0   2   0   0  -1   1   1   1   0   0   4   1   0    6   6   0   0   0   6   6   6   6   6   6   0   6   6   6   6   6   6   6   6  0.09 0.14
   62 A     0   1  -1   0   1   1   2   0   1  -1  -1   0   0   0   0   0  -1  -3   0  -1   10   8   2   6   4   7  13   6   4   3   4   5   3   4   5   7   3   0   3   3  0.08 0.11
   63 S     0   0   0   0   2   0   0  -1   1   0  -1   0   1   0   0   0   0  -2   1   0    5   5   5   5   5   5   5   5   5   5   5   5   5   5   5   5   5   0   5   5  0.03 0.05
   64 R     0   2   0  -2   1   2  -1  -2   4  -2  -2   2   1  -1  -2  -1  -2   3   1  -2    8  12   5   3   3   9   4   3   9   3   4  13   3   3   3   4   3   4   4   3  0.31 0.23
   65 G    -2  -1   2  -1   2  -1  -1   5   1  -2  -3  -1   0  -1  -1  -1  -2  -5  -5  -1    3   3   8   3   4   3   4  39   3   2   2   3   3   3   3   5   3   0   0   4  0.53 0.39
   66 L    -1   0  -2   0   2   0   0  -1   2   0  -1   0   1   0   0   0   0   3   1   0    5   5   0   5   5   5   5   5   5   5   5   5   5   5   5   5   5   5   5   5  0.06 0.10
   67 L    -1   0   0   0   2   0   0  -1   2   0  -1   0   2   1   0  -1   0   3   1  -1    5   5   5   5   5   5   5   5   5   5   5   5   5   5   5   5   5   5   5   5  0.09 0.08
   68 L     0   0  -2  -2   2   1   0   0   2   0   0   0   1   1   1   0   0  -2   1   0    6   6   0   0   6   6   6   6   6   6   6   6   6   6   6   6   6   0   6   6  0.05 0.10
   69 K    -1   3   1  -1   1   0  -1  -2   2  -2  -3   2   2  -1  -1   0  -1   2   0  -2    5  14   6   4   3   4   5   4   5   3   3  13   5   3   4   6   3   2   3   3  0.22 0.17
   70 E    -1   1   0  -1   0   1   1   1   0  -1  -2   1   0  -3  -1   0   0   3  -3  -1    4   8   4   2   2   6  12  12   2   3   4  10   3   0   3   8   6   4   0   4  0.14 0.17
   71 G     0   0  -1  -1   0   0  -2   5  -1  -2  -3  -2  -5   0  -5   0  -2   3  -4  -2    6   5   3   3   2   4   2  47   2   2   3   2   0   4   0   6   2   4   0   4  0.72 0.47
   72 T     0   0   0  -2   2   1  -1   0   2   0   0   0   1  -2   1   0   0  -2   1   0    6   6   6   0   6   6   0   6   6   6   6   6   6   0   6   6   6   0   6   6  0.06 0.12
   73 I     0   0   0   0   2   0   0  -1   1   0  -1   0   1   0   0   0   0   3  -2   0    5   5   5   5   5   5   5   5   5   5   5   5   5   5   5   5   5   5   0   5  0.05 0.09
   74 V     0   0   0   0   2   0  -2  -1   2   0  -1  -2   1   1   0   0   0   3   1   0    6   6   5   6   5   5   0   6   5   6   6   0   5   5   6   6   6   5   5   6  0.08 0.13
   75 D    -1   0   0   4  -4   1   0  -1   2  -1  -2   0   1  -3   0  -1  -1   2   0  -1    6   6   3  25   0   5   6   4   6   4   4   6   4   0   4   3   3   3   3   4  0.24 0.24
   76 A     2   2  -2   0   2  -1  -1   0   1   0  -2   0  -2  -3   1   0   0   1  -1  -1   23  13   0   5   4   2   4   5   5   5   3   5   0   0   6   4   6   2   3   3  0.17 0.22
   77 T     0   0   0   0   2   0   0   0   1   0  -1   0   1   0   1   0   0  -3  -1   0    6   6   5   6   5   5   6   6   5   6   6   6   5   5   6   6   6   0   0   6  0.03 0.07
   78 L     0   0   0   0   2   0   0   0   2   0  -1  -2   1   0   0   0   0   3  -2   0    6   6   5   6   5   5   6   6   5   6   6   0   5   5   6   6   6   5   0   6  0.06 0.12
   79 I    -1   0   0   0   2   0   0  -1   2   0  -1   0   2   1   0  -1   0   3   1  -1    5   5   5   5   5   5   5   5   5   5   5   5   5   5   5   5   5   5   5   5  0.09 0.08
   80 A     0   1   0   0   2   1   1  -2   2   0  -2   0   0  -1   0   0  -1  -5   1  -1    8   8   4   6   4   7   8   4   4   6   4   5   3   3   5   7   4   0   6   4  0.09 0.10
   81 A     2   1  -1   0   1  -1  -1  -2   2  -1  -2   0  -3  -1   1   1   1  -5  -3   0   21   8   2   6   3   3   2   2   5   3   4   7   0   2   6  10   8   0   0   8  0.17 0.21
   82 P     0   0   0   0  -2   1   0   0   1   0  -1   0   1   0   1   0   0  -2   1   0    6   6   5   6   0   5   6   6   5   6   6   6   5   5   6   6   6   0   5   6  0.03 0.06
   83 P     0   1  -1  -1   1   0  -1   0   1  -1  -1   0   0  -1   2   1   1   2  -1  -1    8   6   3   3   3   4   4   6   3   3   8   6   3   3   9  10   8   2   3   4  0.06 0.08
   84 S    -1   0   0   0   2   0   0  -1   2   0  -1   0   2   1   0  -1   0   3   1  -1    5   5   5   5   5   5   5   5   5   5   5   5   5   5   5   5   5   5   5   5  0.09 0.08
   85 V     0   0   0   0   2   0   0  -1   1   0  -1   0   1   0   0   0   0  -2   1   0    5   5   5   5   5   5   5   5   5   5   5   5   5   5   5   5   5   0   5   5  0.03 0.05
   86 K    -1   0   2   0   1   1   0  -1   1  -1  -2   2   1  -1   0  -1  -1   3   0  -1    5   4  10   4   2   5   5   6   3   4   4  15   4   3   6   5   4   3   3   4  0.15 0.14
   87 N    -1   0   0   0   2   0   0  -1   2   0  -1   0   2   1   0  -1   0   3   1  -1    5   5   5   5   5   5   5   5   5   5   5   5   5   5   5   5   5   5   5   5  0.09 0.08
   88 R    -1   0   0   0   2   0   0  -1   2   0  -1   0   2   1   0  -1   0   3   1  -1    5   5   5   5   5   5   5   5   5   5   5   5   5   5   5   5   5   5   5   5  0.09 0.08
   89 E     0   2   0   2   1   1   1  -1   1  -1  -2   1  -5  -2   0   1   0  -6  -5  -1    7   9   5   9   3   5  10   4   4   4   4  10   0   2   4   9   6   0   0   4  0.18 0.17
   90 G    -1   1   0   0   0   0   2   1   2  -2  -3   2  -1  -2   0   0   0   2   0  -2    4   8   4   4   2   5  12   9   4   2   3  10   2   2   5   8   6   3   4   3  0.14 0.14
   91 K     0   0   0   0   2   0   0  -1   1   0  -1   0   1   0   0   0   0  -2   1   0    5   5   5   5   5   5   5   5   5   5   5   5   5   5   5   5   5   0   5   5  0.03 0.05
   92 R    -1   3   0   0   2   0   1  -1   1  -1  -2   2  -3  -1   0  -1  -1   2  -3  -1    5  15   3   6   5   4  10   5   3   5   4  12   0   3   4   4   4   3   0   4  0.15 0.17
   93 D     0   0   0   4   2   0  -1  -2   1  -1  -2   1  -1  -2   0  -1  -1  -5  -1  -1    9   4   4  28   5   5   4   3   3   3   3   7   2   2   4   3   4   0   2   4  0.31 0.28
   94 P    -1   0  -1   0  -1   0   0  -1   0   1  -1   0   0   0   3  -1   0   2  -1   0    5   5   3   6   2   4   6   5   2   9   5   6   2   5  15   5   6   3   1   5  0.12 0.13
   95 E     0   0   0   3   0   0   3  -1   1  -2  -5   2  -4  -2  -1  -1   0  -5  -4  -2    7   6   3  20   2   4  20   4   3   2   0  11   0   2   3   4   6   0   0   3  0.39 0.33
   96 M     0   0   0   0   2   0   0  -1   1   0  -1   0   1   0   0   0   0   3  -2   0    5   5   5   5   5   5   5   5   5   5   5   5   5   5   5   5   5   5   0   5  0.05 0.09
   97 H    -1   0   0   0   2   0   0  -1   2   0  -1   0   2   1   0  -1   0   3   1  -1    5   5   5   5   5   5   5   5   5   5   5   5   5   5   5   5   5   5   5   5  0.09 0.08
   98 Q    -1   1  -1  -1   1   2  -1   0   1  -6  -3   0  -6   1   1   0  -1   6   0  -1    6   7   3   4   3  10   4   6   4   0   4   6   0   5   6   7   4  12   3   4  0.36 0.28
   99 A     1   1  -1   0   0   0  -1  -1   0   0  -2   0   1  -4   0   0   3   1  -4   0   11   7   2   4   2   3   3   5   2   6   3   5   3   0   5   5  25   2   0   6  0.21 0.26
  100 K    -2   2   0   0   1   1  -1  -1   2  -2  -4   4   1  -2   2  -2  -1   0  -2  -2    4   9   4   6   3   6   4   6   4   3   2  21   3   2  11   3   4   1   2   3  0.34 0.26
  101 K     0   0   0   0   2   1   0   0  -2   0  -1   0  -1   0   1   0   0  -3  -2   0    6   6   6   6   6   6   6   6   0   6   6   6   0   6   6   6   6   0   0   6  0.04 0.06
  102 G     0   0   0   0   2   0   0  -1   1   0  -1   0   1   0   0   0   0  -2   1   0    5   5   5   5   5   5   5   5   5   5   5   5   5   5   5   5   5   0   5   5  0.03 0.05
  103 N    -1   0   0   0  -3   0   0  -1   1   0  -1   0   1   0   0   0   0   3   1   0    5   5   5   5   0   5   5   5   5   5   5   5   5   5   5   5   5   5   5   5  0.06 0.08
  104 Q    -1   0   0   0  -3   0   0  -1   1   0  -1   0   1   0   0   0   0   3   1   0    5   5   5   5   0   5   5   5   5   5   5   5   5   5   5   5   5   5   5   5  0.06 0.08
  105 W    -1   0   0   0   2   0   0  -1   2   0  -1   0   2   1   0  -1   0   3   1  -1    5   5   5   5   5   5   5   5   5   5   5   5   5   5   5   5   5   5   5   5  0.09 0.08
  106 H     0  -1   0  -1   1   0  -1  -2   5  -1  -3   0   1   1  -1  -2  -1   4   4  -1    7   3   4   4   3   4   4   4  11   3   3   6   3   5   3   4   4   5  11   5  0.27 0.24
  107 F    -1   0  -2   0   2   0   0  -1   2   0  -1   0   1   0   0   0   0   3   1   0    5   5   0   5   5   5   5   5   5   5   5   5   5   5   5   5   5   5   5   5  0.06 0.10
  108 G     0   0   0   0   2   1   0   0   2  -2  -1   0  -2   0   0   0   0   3   1  -1    6   6   5   6   5   5   6   6   5   0   6   6   0   5   6   6   6   5   5   6  0.08 0.12
  109 M    -1   0   0   0   2   0   0  -1   2   0  -1   0   2   1   0  -1   0   3   1  -1    5   5   5   5   5   5   5   5   5   5   5   5   5   5   5   5   5   5   5   5  0.09 0.08
  110 K     0   0   0   0   2   1   0   0   2   0  -1   0   1   0   1   0   0  -3  -2  -2    6   6   6   6   6   6   6   6   6   6   6   6   6   6   6   6   6   0   0   0  0.05 0.10
  111 A    -1   0   0   0   2   0   0  -1   2   0  -1   0   2   1   0  -1   0   3   1  -1    5   5   5   5   5   5   5   5   5   5   5   5   5   5   5   5   5   5   5   5  0.09 0.08
  112 H     0   0   0   0   2   0   0   0   1   0  -1   0  -1   0   1   0   0  -2   1   0    6   6   5   6   5   5   6   6   5   6   6   6   0   5   6   6   6   0   5   6  0.03 0.06
  113 I    -1   0   0   0   2   0  -2  -1   2   0  -1   0   1   0   0   0   0   3   1   0    5   5   5   5   5   5   0   5   5   5   5   5   5   5   5   5   5   5   5   5  0.06 0.11
  114 G    -1   0   0   0   2   0   0  -1   2   0  -1   0   2   1   0  -1   0   3   1  -1    5   5   5   5   5   5   5   5   5   5   5   5   5   5   5   5   5   5   5   5  0.09 0.08
  115 V    -1   0  -2   0   2   0   0  -1   2   0  -1   0   1   0   0   0   0   3   1   0    5   5   0   5   5   5   5   5   5   5   5   5   5   5   5   5   5   5   5   5  0.06 0.10
  116 D    -1   0   0   0   2   0   0  -1   2   0  -1   0   2   1   0  -1   0   3   1  -1    5   5   5   5   5   5   5   5   5   5   5   5   5   5   5   5   5   5   5   5  0.09 0.08
  117 A    -1   0   0   0   2   0   0  -1   2   0  -1   0   2   1   0  -1   0   3   1  -1    5   5   5   5   5   5   5   5   5   5   5   5   5   5   5   5   5   5   5   5  0.09 0.08
  118 A    -1   0   0   0   2   0   0  -1   2   0  -1   0   2   1   0  -1   0   3   1  -1    5   5   5   5   5   5   5   5   5   5   5   5   5   5   5   5   5   5   5   5  0.09 0.08
  119 S    -2   0   0  -1   1   0  -1  -1   2  -1  -1  -1   0   0  -1   3   1   2   1  -1    3   6   4   4   3   4   3   6   5   3   6   4   3   3   3  20   8   3   5   4  0.17 0.18
  120 G    -2  -1  -1  -1   1  -1  -1   4   1  -2  -3   2   0  -1  -2  -2   0   2  -7  -2    4   4   3   3   3   2   4  34   4   3   3  13   2   3   2   3   5   3   0   3  0.56 0.38
  121 L    -1   0  -2   0   2   0   0  -1   2   0  -1   0   1   0   0   0   0   3   1   0    5   5   0   5   5   5   5   5   5   5   5   5   5   5   5   5   5   5   5   5  0.06 0.10
  122 V     0   0  -1   0   2  -1   0   0  -2   0   0   0   1  -2   1   0   0  -3  -2   0    7   7   0   7   7   0   7   7   0   7   7   7   7   0   7   7   7   0   0   7  0.07 0.09
  123 H    -1   1   0   0   1   1   0  -1   4  -1  -1   0   0   0   0  -1   0  -3   0  -1    5   8   4   4   3   7   5   3  14   3   7   5   3   3   5   4   6   0   4   4  0.14 0.14
  124 S    -1   0   0   0   2   0   0  -1   2   0  -1   0   2   1   0  -1   0   3   1  -1    5   5   5   5   5   5   5   5   5   5   5   5   5   5   5   5   5   5   5   5  0.09 0.08
  125 V    -1   0   0   0   2   0   0  -1   2   0  -1   0   2   1   0  -1   0   3   1  -1    5   5   5   5   5   5   5   5   5   5   5   5   5   5   5   5   5   5   5   5  0.09 0.08
  126 V    -1   0   0   0   2   0   0  -1   2   0  -1   0   2   1   0  -1   0   3   1  -1    5   5   5   5   5   5   5   5   5   5   5   5   5   5   5   5   5   5   5   5  0.09 0.08
  127 G     0   0   0   0   2  -2  -2   0   2   0  -1   0   1   1   0   0   0   3   1   0    6   6   5   6   5   0   0   6   5   6   6   6   5   5   6   6   6   5   5   6  0.07 0.12
  128 T     0   0   0   0   2  -1   0   0   2   0  -1   0   1  -2   1   0   0  -3   1   0    6   6   6   6   6   0   6   6   6   6   6   6   6   0   6   6   6   0   6   6  0.04 0.09
  129 A     1   0   0   1   0   0   0  -1   0  -1  -2   0   0  -1   1   1   0   2  -2  -1   10   6   4   7   3   4   4   5   3   4   3   7   3   3   9  12   7   3   0   5  0.09 0.12
  130 A     0   0   0   0  -3  -1   0   0   2   0  -1   0   1  -2   1   0   0   3   1   0    6   6   6   6   0   0   6   6   6   6   6   6   6   0   6   6   6   6   6   6  0.07 0.11
  131 N    -1   2   3   0   0   0   0  -1   1  -1  -1   1  -2   1   0   0   0  -3   0  -1    5  11  15   5   3   4   5   5   3   3   6   9   0   7   4   5   4   0   3   3  0.10 0.13
  132 V    -1   0   0   0   2   0   0  -1   2   0  -1   0   2   1   0  -1   0   3   1  -1    5   5   5   5   5   5   5   5   5   5   5   5   5   5   5   5   5   5   5   5  0.09 0.08
  133 A     0   0   0   0   2   0   0  -1   1   0  -1   0   1   0   0   0   0  -2   1   0    5   5   5   5   5   5   5   5   5   5   5   5   5   5   5   5   5   0   5   5  0.03 0.05
  134 D     0   0   1   0  -3   1   0   0   2  -2  -1   0   1   1  -3   0   0   3   1  -1    6   6   6   6   0   6   6   6   6   0   6   6   6   6   0   6   6   6   6   6  0.09 0.12
  135 V    -1   0  -1  -3   2   0   0  -1   1   0   0   0   1   0   1   0   0   3   0   1    4   4   3   0   5   3   6   5   4   4   8   5   4   4   7   7   4   5   3  13  0.07 0.11
  136 T     0   0   0   0   2   1   0   0   1   0  -1   0   1  -2   1   0   0  -3   1   0    6   6   5   6   5   5   6   6   5   6   6   6   5   0   6   6   6   0   5   6  0.04 0.08
  137 Q     0   0  -1  -1   1   2   1  -2   2  -1  -1   0   1  -1   1  -1  -1  -3   0   1    7   5   3   3   3  10  10   3   7   3   6   4   4   3   6   4   4   0   4  11  0.08 0.13
  138 V     0   0   0   0   2  -1   0   0  -2   0  -1   0   1   1   0   0   0   3   1   0    6   6   5   6   5   0   6   6   0   6   6   6   5   5   6   6   6   5   5   6  0.05 0.09
  139 D    -1  -1   1   2   2   0   1   0   2   0  -2  -1   1  -1   0  -1  -1   2   0  -1    5   4   6  13   4   5  10   8   5   5   3   4   3   3   5   4   4   3   3   4  0.15 0.13
  140 Q     0   0   0   0  -2   1   0   0   1   0  -1   0   1   0   1   0   0  -2   1   0    6   6   5   6   0   5   6   6   5   6   6   6   5   5   6   6   6   0   5   6  0.03 0.06
  141 L     0   0   0   0   2   1   0  -2  -2   0   0   0   1   1   1   0   0  -2   1   0    6   6   6   6   6   6   6   0   0   6   6   6   6   6   6   6   6   0   6   6  0.05 0.09
  142 L     0   0  -2   0   2   0  -2   0  -2   0   0   0   1   1   1   0   0   3   1   0    6   6   0   6   6   6   0   6   0   6   6   6   6   6   6   6   6   6   6   6  0.07 0.12
  143 H    -1   0   0   0   2   0   0  -1   2   0  -1   0   2   1   0  -1   0   3   1  -1    5   5   5   5   5   5   5   5   5   5   5   5   5   5   5   5   5   5   5   5  0.09 0.08
  144 G    -2   0   0   1   1  -5   1   3   1  -2  -3   1  -6  -6   1  -2  -1   2   0  -1    4   6   4   7   3   0   9  24   3   3   4   8   0   0   7   4   4   3   3   4  0.33 0.25
  145 D     0   0   1   0  -2   1   0   0   2   0  -1   0  -1  -2   1   0   0  -2   1   0    6   6   6   6   0   6   6   6   6   6   6   6   0   0   6   6   6   0   6   6  0.06 0.07
  146 E    -1  -1   1   3   1   0   4  -1  -3  -1  -4   0  -3  -1   0  -1  -1  -4  -3  -1    5   4   6  16   3   4  27   6   0   4   1   5   0   3   4   4   4   0   0   4  0.34 0.29
  147 T     0   0   1   0   0   1   1   1   1  -1  -2   1   0  -3   0   0   1   2  -2  -1    6   4   8   5   3   5   8  14   3   4   4   8   3   0   4   6   9   3   0   3  0.10 0.12
  148 Y     0   0   0   0   0   0   1  -2   0   0  -1  -1   0   1   0   0   0   1   0   1   10   6   4   5   3   3   9   2   3   4   3   3   3   6   3   8   6   2   4  13  0.04 0.09
  149 V     0   0   0  -2   2  -1   0   0  -2   0   0   0   1   1  -3   0   0  -2   1   0    7   7   7   0   7   0   7   7   0   7   7   7   7   7   0   7   7   0   7   7  0.05 0.11
  150 S    -2  -1  -3  -1   3  -3  -1  -2   3   0  -1  -1   0   4  -4  -1   0   4   4  -1    3   3   0   3   8   0   3   3   8   4   5   3   3  20   0   4   5   7  14   3  0.42 0.28
  151 G     3   0  -3  -1  -3  -2  -1   3  -3  -3  -1   0   1  -4   0   0   0  -4  -4  -1   33   4   0   4   0   0   5  21   0   0   5   5   4   0   4   4   5   0   0   4  0.37 0.29
  152 D    -1  -1   2   2  -2   0   1   1   3  -3  -3   1  -2  -3  -1   1   1  -3  -1  -2    1   1  12  12   0   0  12  12  11   1   1  12   0   0   1  12  12   0   0   1  0.23 0.08
  153 A     1   0   0   0  -2   0   0   0  -2  -1  -1   0   0   1   2   2   0  -3  -2  -1   15   4   3   6   0   3   3   5   0   3   3   5   3   9   9  17   6   0   0   4  0.12 0.11
  154 G     2  -1  -2   0  -3  -2  -2   5  -3  -1  -2  -2  -2  -3  -2   1  -2  -3  -3  -2   22   5   0   5   0   0   1  47   0   5   5   0   0   0   0   8   0   0   0   1  0.56 0.24
  155 Y    -3  -3  -1  -1   0  -2  -1  -4   2  -3  -3   0  -3   1  -4  -1   0  -1   8  -3    1   0   3   3   3   0   3   1   5   0   1   6   0   3   0   3   6   0  61   1  1.14 0.40
  156 T     0   2  -2   1  -1   2   0  -2  -1  -1  -1   1  -1  -2   0  -1   2   0  -1  -1    9  17   0   8   1  14   2   1   1   5   5   9   1   1   4   2  16   1   2   2  0.18 0.17
  157 G    -2  -1  -1  -2   3  -2  -3   5  -4  -3  -1  -1  -4  -4  -4   2   0  -1  -2  -4    1   3   3   2   6   1   1  46   0   1   6   3   0   0   0  18   5   1   1   0  0.71 0.37
  158 A     2  -1  -1  -1  -1   1   0  -1   3   0  -1   1   0  -2   0  -1  -1  -4  -3   1   25   2   2   3   1   6   4   5   9   5   4  11   2   1   3   2   2   0   0  14  0.17 0.19
  159 A     1   0  -1   2  -1   1   3   0   0  -3  -1   1   0  -4   0  -1   0  -4  -3  -2   15   4   1  13   1   4  23   5   3   0   5   9   2   0   3   2   6   0   0   3  0.27 0.22
  160 K    -2   2   2  -1  -2   0  -1  -2   0  -2  -3   4   0  -2  -3  -1   1  -2  -2  -1    2  10  12   2   1   4   2   2   2   2   2  34   2   2   1   4   8   1   1   5  0.45 0.32
  161 R    -2   7  -2  -1  -2  -1   1  -3   1  -3  -3   1  -5  -6  -2  -3  -1  -6  -3  -3    3  57   1   4   1   2   8   2   3   1   2   7   0   0   2   1   3   0   1   2  1.17 0.59
  162 P     1   1  -1   2  -2   1   3  -3  -1  -1  -3   0  -3  -3   3   0   0  -1  -2  -2   12   6   2  10   1   7  20   1   1   5   2   4   0   1  13   6   5   1   1   3  0.29 0.24
  163 E     1   1  -2   0  -5   0   4  -2   0  -2  -2   0   0  -2   0  -1  -1   2  -1  -1   11   6   1   4   0   3  35   3   2   2   5   5   2   2   4   3   4   3   2   4  0.39 0.30
  164 H     0  -3  -1  -3   0  -2  -3  -2   4   1   3  -1   2   0  -2  -3  -2  -4  -2   0    8   1   4   1   2   1   1   3  10   7  37   4   6   4   2   1   2   0   1   6  0.40 0.29
  165 A     2   3  -2  -2  -1   3   1  -2   0  -3  -2   3  -2  -5  -1  -1  -2   0  -4   0   15  17   2   2   2  13   9   2   2   1   4  18   1   0   3   3   2   1   0   6  0.38 0.31
  166 E     2   1  -1   1  -4   1   2   1   2  -2  -2   1  -2  -4  -2   0  -2  -2  -2  -2   17   6   2   8   0   7  13  13   5   2   4  11   1   0   1   6   2   1   1   2  0.22 0.21
  167 R    -1   5   0  -3   1   0  -1  -3   3  -3  -3   2   0  -3  -1   0  -1  -1  -1  -2    6  32   5   1   3   3   3   2   6   1   3  14   2   1   3   6   3   1   2   3  0.51 0.35
  168 D    -2   1   0   2  -3   0   1   4   0  -4  -5   2   0  -6  -2  -1  -2  -6  -5  -3    2   7   5  13   1   4   7  32   2   1   0  14   3   0   2   3   2   0   0   2  0.54 0.36
  169 V    -1  -4  -6  -5   0  -4  -5  -3  -3   4   1  -3   0   0  -3  -4  -3   1  -2   5    5   1   0   0   2   1   1   2   1  21  15   2   2   4   1   1   1   2   1  36  0.72 0.41
  170 I    -1   3  -1   1  -3   1   1  -2  -1   1  -2   2  -2   0  -1  -1   1  -4   0  -1    6  15   2   8   1   5   9   2   1   8   2  13   1   4   3   4   9   0   3   4  0.18 0.19
  171 W    -5  -1   2   2   0  -6  -4  -4  -3  -7  -4  -3  -3   1  -1   1  -4  10   3  -5    1   3   9  11   2   0   1   1   1   0   1   2   1   6   4   9   1  36  11   1  1.54 0.77
  172 S    -1   4  -1  -4   0   2  -3   2   6  -5  -2  -1  -2   0  -4  -2  -3   0   0  -4    5  20   2   1   2   8   1  15  22   0   5   4   1   4   1   3   1   1   3   1  0.69 0.45
  173 I    -4  -3  -4  -7  -6  -6  -7  -5  -7   7   0  -5  -1  -1  -7  -5  -1  -7  -2   4    1   1   1   0   0   0   0   1   0  55   6   1   1   2   0   1   5   0   1  24  1.48 0.69
  174 A     5  -4   1  -5   0   0  -4  -4   4  -3  -1  -3   4  -5  -3  -3  -2  -6  -3  -2   47   1   7   0   2   5   1   1   9   2   6   1  11   0   1   1   2   0   1   2  0.93 0.58
  175 A     1   4  -2   0  -5   0   2  -2   2  -2  -2   1   4  -2  -3  -3  -2  -5   0  -2   14  20   1   4   0   4  12   2   5   2   4   7  13   1   1   1   2   0   4   2  0.41 0.34
  176 R    -6   6  -5  -6  -7   0  -4  -5  -1  -7  -5   5  -1  -7  -2  -5  -5  -3  -6  -7    0  48   0   0   0   3   0   1   1   0   1  39   2   0   3   0   0   0   0   0  1.85 0.87
  177 P     3   4  -3  -4  -2  -4  -5   0  -3  -5  -5  -1  -6  -7   6  -1  -4  -7  -3  -6   21  22   1   1   1   0   0   7   1   0   1   3   0   0  38   3   0   0   1   0  1.22 0.68
  178 S    -1   0   1  -3  -2  -2  -3   3   1  -5  -2   0  -4  -2  -2   4  -1   1   0  -4    3   5   5   1   1   2   1  26   4   0   4   6   0   2   2  31   4   2   3   1  0.54 0.41
  179 S    -2   4  -4  -2  -6   1  -3  -4  -3  -4  -4   5  -1  -6  -2   1   2  -6  -5  -3    3  25   0   2   0   7   0   1   0   1   2  34   2   0   2   9  11   0   0   2  0.88 0.54
  180 Y    -3   4   2  -3  -1  -2  -3   0   3   1  -1  -1   0  -1  -4  -1  -1  -1   2   1    0  23  11   1   1   0   1   6   7  10   5   3   2   2   0   5   3   1   9  10  0.32 0.29
  181 K    -2   6  -2  -5  -7   1  -2  -6  -4  -6  -6   6  -5  -7  -5  -3  -3  -7  -6  -3    3  37   2   0   0   5   2   0   0   0   0  47   0   0   0   1   1   0   0   2  1.53 0.73
  182 Q    -4   2  -3  -3  -6   4   2  -4   0  -6  -5   6  -4  -6  -4  -3  -3  -5  -4  -5    0   9   0   0   0  23  12   0   2   0   0  54   0   0   0   0   0   0   0   0  1.31 0.57

                      K         Lambda
Standard Ungapped    0.1334     0.3174
Standard Gapped      0.0301     0.2670
PSI Ungapped         0.0985     0.3178
PSI Gapped           0.0301     0.2670
