
Last position-specific scoring matrix computed, weighted observed percentages rounded down, information per position, and relative weight of gapless real matches to pseudocounts
            A   R   N   D   C   Q   E   G   H   I   L   K   M   F   P   S   T   W   Y   V   A   R   N   D   C   Q   E   G   H   I   L   K   M   F   P   S   T   W   Y   V
    1 M    -4  -4  -5  -6  -4  -3  -5  -6  -4  -1   0  -4  10  -3  -5  -4  -3  -4  -4  -2    0   0   0   0   0   0   0   0   0   1   0   0  99   0   0   0   0   0   0   0  2.57 0.54
    2 L    -1  -2  -3  -4  -3  -3  -4  -4  -3   1   3  -3   5   1   0  -2   0  -3   0   1    3   2   1   0   0   0   0   0   0   8  32   0  23   6   6   1   7   0   3   8  0.45 0.19
    3 R    -1   4   0   1  -4   2   2  -2  -2  -3  -3   2  -2  -4  -1   0   1  -4  -3  -2    2  27   4   7   0   8  15   1   0   1   1  14   1   0   2   7   9   0   0   1  0.41 0.18
    4 S     0  -2   0   0  -3   0   1   0  -3  -1  -2   0  -1  -3   3   3   2  -4  -3  -2    7   1   2   3   0   2   8   6   0   3   3   5   2   1  15  25  14   0   0   1  0.30 0.16
    5 G     0  -4   1   2  -4  -2  -1   5  -2  -5  -5  -3  -3  -5   2   1  -3  -5  -5  -5    6   0   5  12   0   1   3  49   1   0   1   1   1   0  12   9   0   0   0   0  0.84 0.29
    6 V     0  -1  -1   1  -3   0   1  -1  -2   1   1  -1   3  -2  -1   0   1  -3  -2   0    8   2   2   8   0   5  10   4   0   8  14   1  14   0   2   6   8   0   1   6  0.11 0.11
    7 S     0   0  -1  -1  -3   0   1  -2  -2   0   1  -1   1  -1   2   0   1  -2  -1  -1    7   5   2   3   0   4  11   2   0   7  18   3   3   3  10   7  11   1   1   2  0.10 0.08
    8 F    -1  -3  -4  -4  -3  -2  -4  -1  -3   5   2  -4   1   1   0  -3  -1  -4  -2   1    6   2   0   1   0   1   0   5   1  40  22   0   4   5   4   1   2   0   0   4  0.51 0.25
    9 S     0  -3  -1  -2  -5  -3  -3   6  -4  -4  -5  -3  -4  -6   3   0   0  -5  -5  -4    7   1   3   2   0   1   1  54   0   1   0   1   0   0  15   7   6   0   0   1  1.01 0.39
   10 S     0   2  -1   0  -3   2   1  -1  -1  -2  -1   2  -2  -4   0   0   2  -4  -3  -1    6  15   2   3   0  11  10   3   1   2   5  14   1   0   4   6  15   0   0   3  0.24 0.16
   11 S    -1   1  -1  -2  -2   2  -1  -2   1   0   1   1   0  -1  -2   0   3  -3  -2   0    3   9   3   1   0   9   2   2   3   5  16   9   2   2   1   5  22   0   1   5  0.17 0.15
   12 K    -1  -2   1  -2  -3  -1  -3  -2  -3   3   2  -2  -1   1  -3   0  -2  -3  -1   1    5   2   9   2   0   3   1   2   0  23  25   2   0   7   0   7   1   0   1   8  0.25 0.17
   13 T    -2  -4   3   2  -5  -4  -3   6  -3  -6  -6  -4  -5  -6   0   0  -3  -6  -6  -6    2   1  12   9   0   0   1  60   0   0   1   0   0   0   5   7   1   0   0   0  1.27 0.48
   14 N    -4   7   0  -4  -7   1  -3  -1   3  -6  -6   1  -5  -6   1  -2  -4  -6  -5  -6    1  58   4   0   0   6   1   5   8   0   0   7   0   0   8   2   0   0   0   0  1.39 0.55
   15 Y    -7  -7  -7  -8  -5  -7  -7  -8  -3  -6  -4  -7  -6   1  -8  -7  -7  -3  10  -6    0   0   0   0   0   0   0   0   0   0   1   0   0   5   0   0   0   0  93   0  3.47 1.03
   16 L    -3   4  -3  -2  -6   3   5  -5   1  -4  -3   2  -5  -6  -4  -3  -2  -6  -5  -2    2  25   1   1   0  12  39   0   3   1   2   9   0   0   0   1   2   0   0   3  0.99 0.46
   17 L    -4  -6  -7  -6  -5  -6  -7  -7  -7   7   3  -6  -2  -4  -6  -6  -4  -6  -4   3    1   0   0   0   0   0   0   0   0  57  25   0   0   0   0   0   0   0   0  15  1.58 0.56
   18 T    -2  -1  -3  -2  -4   0   2  -1  -1   3   3  -1  -1  -2  -4  -3   0  -4  -3   2    1   3   0   2   0   3  15   5   1  16  29   4   1   0   0   1   5   0   0  13  0.32 0.22
   19 R     0   3  -2   1  -3   0   5   0  -1  -6  -6   0  -4  -6  -4   1  -1  -4  -5  -4    8  15   1   6   0   3  39   7   1   0   0   5   0   0   0  12   3   0   0   0  0.72 0.38
   20 E    -2   3  -3  -3   0   2   2  -4   0  -1   1   2   0  -2   0  -2  -1  -4  -3  -1    2  16   0   0   2   8  17   0   2   2  17  15   2   1   5   2   2   0   0   5  0.33 0.24
   21 L    -4  -6  -7  -7  -4  -5  -7  -7  -7   6   5  -6  -2  -3  -7  -6  -4  -6  -4   1    1   0   0   0   0   0   0   0   0  42  47   0   0   0   0   0   0   0   0   9  1.48 0.54
   22 S    -1  -5  -3  -6  -7  -4  -5   7  -6  -8  -8  -6  -7  -8  -6  -2  -6  -7  -7  -7    5   0   1   0   0   1   1  89   0   0   0   0   0   0   0   3   0   0   0   0  2.33 0.76
   23 R     0   5  -2  -1  -2   2   1   1   0  -4  -4   1  -3  -4  -4   1  -1  -5  -3  -3    6  32   1   2   1  10  11   9   2   1   1   7   0   0   0  11   4   0   1   2  0.53 0.30
   24 K    -4  -7  -5  -6  -7  -6  -7   8  -7  -9  -8  -4  -7  -8  -7  -4  -6  -7  -8  -8    0   0   0   0   0   0   0  98   0   0   0   1   0   0   0   1   0   0   0   0  2.74 0.86
   25 V    -1  -6  -4  -6  -7  -6  -6   7  -6  -8  -6  -6  -7  -8  -6  -2  -4  -7  -7  -5    5   0   1   0   0   0   0  89   0   0   1   0   0   0   0   2   1   0   0   1  2.32 0.76
   26 G    -6  -5  -7  -6  -7  -4  -7  -6  -7  -4  -3  -5  11  -2  -8  -6  -3  -7  -6  -5    0   0   0   0   0   0   0   1   0   0   0   1  94   1   0   0   1   0   0   0  3.68 1.13
   27 L     6  -5  -4  -5  -3  -5  -5   4  -6  -6  -5  -5  -5  -6  -5   1  -4  -6  -6  -5   57   0   0   0   0   0   0  33   0   0   1   0   0   0   0   9   0   0   0   0  1.46 0.60
   28 T     0  -1   0   1  -4  -1   2  -4  -2   1  -1  -2  -2  -3  -4  -1   3  -3  -2   3    6   4   4   9   0   2  15   0   1   7   4   1   1   1   0   3  18   0   1  23  0.31 0.24
   29 V    -5  -7  -8  -8  -5  -7  -7  -8  -8   0  -2  -7  -4  -5  -7  -6  -4  -8  -6   8    0   0   0   0   0   0   0   0   0   2   3   0   0   0   0   0   0   0   0  94  2.45 0.82
   30 Y    -7  -5  -7  -8  -7  -5  -7  -8   0  -6  -6  -7  -6   3  -8  -7  -7   4  10  -5    0   1   0   0   0   0   0   0   2   0   0   0   0  10   0   0   0   4  82   0  3.07 0.96
   31 Q    -4   5  -4  -5  -4   0  -1  -6  -1  -4   2   5  -2  -5  -5  -4  -4  -6  -5  -3    1  27   0   0   0   3   4   0   1   0  24  37   0   0   0   1   0   0   0   1  1.04 0.48
   32 G     7  -6  -6  -6  -4  -5  -5   2  -6  -6  -6  -5  -6  -7  -5  -3  -4  -7  -6  -4   83   0   0   0   0   0   0  15   0   0   0   0   0   0   0   1   0   0   0   0  1.96 0.75
   33 V    -3   4  -2  -3  -4   0   1  -5   4  -2  -1   1  -1   0  -5  -3   0   0   3  -1    0  27   1   1   0   4  10   0  12   2   5   7   1   3   0   0   6   1  12   6  0.57 0.32
   34 D    -6  -4  -3   7   2   4  -2  -6   4  -7  -6  -5  -7  -8  -6  -4  -5  -8  -6  -7    0   0   0  67   4  19   0   0   8   0   0   0   0   0   0   0   0   0   0   0  2.08 0.75
   35 E    -1   1  -1  -2  -4   0   0  -3   0   0   1   0  -1  -4   4  -1   2  -5  -4  -1    4   7   2   1   0   4   6   1   3   5  13   5   1   0  22   4  17   0   0   5  0.35 0.23
   36 H    -1   3   0  -2  -4   1   0  -2   0   0   1   1   0  -2  -3   1  -1  -3  -2   0    5  20   4   2   0   6   5   3   3   5  14   8   1   1   1  10   2   0   0   9  0.16 0.15
   37 S    -4  -5  -6  -4  -5  -5  -5  -7  -5   1   6  -5   2  -1  -6  -4  -1  -5  -5  -2    1   0   0   1   0   0   1   0   0   6  76   0   4   2   0   1   4   0   0   1  1.42 0.55
   38 S    -3  -2   3   5  -6   1   1   3   0  -6  -6  -1  -5  -6  -4  -1  -4  -6  -4  -6    1   2  16  33   0   5  10  22   3   0   0   3   0   0   0   3   0   0   0   0  0.89 0.40
   39 R    -5   8  -5  -4  -8  -2  -3  -7  -2  -7  -6  -2  -5  -6  -7  -5  -5  -8  -7  -7    0  93   0   1   0   1   2   0   1   0   0   1   0   0   0   0   0   0   0   0  2.75 0.90
   40 P    -2   0  -1   1  -3   0   1  -4   1   0   0  -1   0   0   3  -2   1  -1   2  -1    2   6   2  10   0   4   9   0   3   5   8   4   2   5  13   1  11   1  10   5  0.18 0.15
   41 V    -4  -6  -8  -8  -5  -7  -7  -8  -8   0  -3  -7  -4  -5  -7  -6  -3  -8  -6   8    1   0   0   0   0   0   0   0   0   3   2   0   0   0   0   0   1   0   0  94  2.43 0.82
   42 V     7  -6  -6  -6  -5  -5  -6  -4  -6  -4  -6  -5  -5  -7  -5  -3  -2  -7  -6  -2   94   0   0   0   0   0   0   0   0   1   0   0   0   0   0   0   3   0   0   2  2.22 0.82
   43 I    -5  -6  -7  -6  -5  -6  -7  -7  -7   6   3  -6  -1  -3  -6  -6  -4  -6  -5   5    0   0   0   0   0   0   0   0   0  39  26   0   1   0   0   0   0   0   0  34  1.42 0.53
   44 K    -6  -3  -5  -6  -8  -4  -4  -7  -6  -8  -8   8  -6  -8  -6  -5  -6  -8  -7  -7    0   0   0   0   0   0   0   0   0   0   0 100   0   0   0   0   0   0   0   0  2.95 0.97
   45 T    -3  -4  -6  -6  -4  -5  -5  -6  -6   4   0  -6   0   1  -6  -5   0  -5  -4   6    1   1   0   0   0   0   0   0   0  23   9   0   2   6   0   0   6   0   0  50  1.14 0.46
   46 L    -6  -6  -8  -8  -4  -6  -7  -8  -7   0   6  -7   3  -2  -6  -7  -5  -6  -5  -2    0   0   0   0   0   0   0   0   0   4  87   0   7   1   0   0   0   0   0   1  1.94 0.69
   47 V     0   4  -1  -3  -5  -2  -3  -4   4  -4  -2   1  -4  -1   4   1  -3  -4  -2  -4    7  25   3   1   0   1   0   1  11   0   4   7   0   2  24  10   1   0   1   1  0.71 0.36
   48 S     1   1  -3   0  -5   0   2  -2  -1  -4  -3  -2  -4  -3   6   0  -2  -6  -4  -3   12   7   1   6   0   4  12   3   1   0   3   2   0   1  36   7   2   0   0   1  0.74 0.36
   49 P    -1   0   0   2  -5   3   4  -2   4  -5  -5   0  -3  -3  -1  -1  -2  -3   0  -4    5   5   3  13   0  15  29   3   9   0   1   4   0   1   3   4   2   0   3   1  0.58 0.32
   50 G    -3  -1  -5  -5  -4  -4  -4  -3   0  -1   4  -4   0   5  -2  -3  -2  -1   4  -1    2   4   0   1   0   0   0   2   3   2  35   0   2  24   3   1   2   1  15   3  0.78 0.36
   51 I     4  -2  -2  -3  -1  -1  -2  -1  -3  -1   0  -3   0  -3  -3   2   1  -5  -4   1   40   2   1   1   1   2   1   4   0   3   8   1   2   0   0  16   8   0   0   9  0.46 0.30
   52 H     1   1   1   1  -3   2   2   0   3  -4  -4   0  -3  -3  -3   1   0  -4  -2  -3   11  10   7   9   0  10  12   7   7   0   1   4   0   1   0  12   5   0   1   1  0.29 0.20
   53 D    -5  -2   2   7  -7  -2   0  -3   0  -6  -6  -4  -6  -7  -5  -1  -3  -8  -6  -7    0   2   7  71   0   1   6   2   3   0   1   0   0   0   0   5   1   0   0   0  1.81 0.66
   54 R     1   0  -3   0  -6   1   3  -3  -1  -5  -5  -1  -5  -6   5   0  -1  -5  -5  -4   11   5   1   5   0   5  24   1   1   0   1   3   0   0  34   5   3   0   0   1  0.89 0.41
   55 R     1   0   1   3  -5   2   4   0  -2  -5  -4  -1  -3  -5  -3   1   1  -5  -4  -3   10   5   6  14   0   8  30   6   1   0   0   2   0   0   0   8   8   0   0   2  0.50 0.29
   56 F     0  -1  -5  -6  -4  -4  -5  -6  -4  -2  -1  -6   0   8  -6  -3  -3  -2   1  -2    9   3   0   0   0   1   1   0   0   1   5   0   2  67   0   2   2   0   3   3  1.70 0.61
   57 L     0   2  -4  -5  -4   0  -3  -5  -2   2   2  -1   0  -3  -4  -3  -2  -5  -3   4    9  12   0   0   0   4   1   0   1  12  18   4   2   0   0   1   2   0   1  33  0.50 0.28
   58 R     2   3  -2  -1  -5   2   4  -2  -2  -4  -4   1  -3  -4  -4  -1  -1  -5  -3  -3   19  17   1   3   0   8  29   3   0   1   1  10   0   0   0   4   4   0   1   1  0.58 0.33
   59 A    -4   8  -4  -6  -8  -2  -4  -6  -3  -8  -6   0  -6  -7  -7  -4  -6  -7  -6  -7    1  90   1   0   0   1   0   0   1   0   0   4   0   0   0   1   0   0   0   0  2.68 0.88
   60 F    -7  -8  -8  -9  -7  -8  -7  -8  -6  -5  -3  -8  -5  10  -9  -7  -7  -4  -2  -6    0   0   0   0   0   0   0   0   0   0   2   0   0  97   0   0   0   0   0   0  3.40 1.00
   61 E    -2   5  -2  -2  -5   2   2  -4   2  -1   0   1  -2  -3  -4  -2  -1  -4  -2  -2    3  30   1   2   0  11  16   1   4   3  10   7   1   1   0   2   3   0   1   3  0.50 0.29
   62 E    -3   7  -1  -4  -5   3  -3  -5   1  -3  -4   0  -4  -5  -6  -3  -3  -2  -5  -4    2  64   3   1   0  12   1   0   3   2   2   4   0   0   0   2   1   1   0   1  1.53 0.60
   63 E    -6  -5  -5  -3  -9  -3   8  -7  -5  -8  -8  -4  -7  -8  -6  -5  -6  -8  -7  -8    0   0   0   0   0   0 100   0   0   0   0   0   0   0   0   0   0   0   0   0  2.92 0.99
   64 A     7  -6  -6  -6  -5  -5  -5  -3  -6  -4  -6  -5  -6  -7  -5  -1  -4  -7  -6  -3   93   0   0   0   0   0   0   1   0   1   0   0   0   0   0   4   0   0   0   1  2.18 0.81
   65 R    -3   5  -3  -3  -5   5   0  -5  -1  -4  -3   3  -2  -6  -5  -3  -3  -6  -4  -4    1  35   0   1   0  30   5   0   1   1   3  17   1   0   0   1   1   0   0   1  1.17 0.52
   66 I     5  -5  -2  -5  -4  -4  -4  -3  -3   1  -2  -4  -1  -4  -5   2   1  -6  -5  -1   57   0   2   0   0   0   0   0   0   8   4   0   1   0   0  14   9   0   0   4  0.98 0.48
   67 M     5  -5  -5  -6  -3  -4  -5  -4  -6   2   1  -5   0  -4  -5  -2  -2  -6  -5   2   52   0   0   0   0   0   0   0   0  13  13   0   2   0   0   2   2   0   0  16  0.96 0.46
   68 Q     6  -4  -5  -6  -5  -3  -4   1  -4  -5  -6  -5  -5  -6  -5   1  -1  -7  -6  -4   73   0   0   0   0   1   0  11   0   0   0   0   0   0   0  11   3   0   0   0  1.53 0.63
   69 L     2   4   1  -3  -3   1  -2   0  -2  -3  -2   2  -1  -5  -4   2  -2  -4  -4  -3   16  23   7   0   0   6   1   7   1   1   4  11   2   0   0  20   1   0   0   1  0.46 0.29
   70 V    -3  -6  -8  -8  -4  -6  -7  -8  -7  -1   7  -7   0  -2  -7  -6  -3  -6  -5  -2    2   0   0   0   0   0   0   0   0   2  90   0   2   1   0   0   1   0   0   1  1.92 0.68
   71 T    -2   0   5   2  -4   1   1  -3  -1  -5  -5  -2  -3  -6  -4   4   0  -6  -5  -3    2   4  28   9   0   5   9   1   1   0   0   1   1   0   0  31   5   0   0   2  0.78 0.41
   72 H    -7  -6  -3  -4  -9  -3  -5  -7  11  -9  -8  -6  -7  -7  -8  -5  -7  -8  -3  -8    0   0   1   1   0   1   0   0  96   0   0   0   0   0   0   1   0   0   0   0  4.08 1.16
   73 P    -3  -3  -5  -6  -8  -4  -5  -7  -4  -7  -7  -5  -7  -8   9  -3  -5  -9  -8  -7    2   2   1   0   0   1   0   0   0   0   0   0   0   0  92   1   0   0   0   0  3.07 0.98
   74 A    -1  -3   8  -3  -5  -4  -5  -1   5  -8  -8  -5  -6  -7  -6  -1  -4  -8  -2  -7    5   1  71   0   0   0   0   4  13   0   0   0   0   0   0   4   0   0   1   0  2.09 0.75
   75 F    -5  -8  -8  -8  -6  -7  -8  -8  -8   8  -2  -7  -3  -3  -7  -7  -5  -7  -6   2    0   0   0   0   0   0   0   0   0  87   2   0   0   1   0   0   0   0   0  10  2.47 0.79
   76 V    -2  -6  -7  -7   3  -6  -7  -7  -7   0   1  -6  -1  -5  -6  -6  -4  -7  -5   7    3   0   0   0   5   0   0   0   0   3  10   0   1   0   0   0   0   0   0  77  1.78 0.66
   77 R     1   0   2  -2  -4   1  -2  -1  -2  -3  -4   0  -3  -5   3   2   3  -5  -4  -2   12   4  11   1   0   7   1   5   1   1   0   5   0   0  14  14  22   0   0   2  0.46 0.29
   78 L    -4  -7  -7  -7  -5  -6  -7  -7  -7   6   0  -6  -1  -2  -6  -5  -3  -6  -5   6    0   0   0   0   0   0   0   0   0  39   8   0   1   1   0   0   1   0   0  50  1.62 0.58
   79 E    -6  -5  -6  -7  -7  -6  -5  -8   6  -2  -2  -6  -4   4  -8  -6  -6  -2   9  -5    0   0   0   0   0   0   1   0  16   2   3   0   0  14   0   0   0   0  63   0  2.42 0.80
   80 D    -4  -5  -2   8  -5  -4   1  -2  -5  -8  -8  -5  -8  -8  -6  -3  -5  -9  -7  -7    1   0   1  84   0   0   8   3   0   0   0   0   0   0   0   1   0   0   0   0  2.41 0.81
   81 R    -1  -1  -5  -6  -4  -3  -3  -6  -1   2  -2  -5  -2   4  -5  -3   0   4   3   4    4   4   0   0   0   1   1   0   1  11   1   0   0  21   0   2   5   5  12  31  0.75 0.36
   82 G    -2  -6  -3   0  -5  -6  -3   7  -5  -5  -7  -6  -7  -7  -6  -3  -6  -5  -7  -6    2   0   1   6   0   0   2  85   0   1   0   0   0   0   0   2   0   0   0   1  2.13 0.72
   83 E    -3   1  -1   0  -4   3   5  -5   1  -3  -5   0  -3  -3  -4  -1  -2  -3  -3  -2    2   8   3   4   0  15  46   0   3   2   1   3   1   1   0   4   3   0   1   3  0.85 0.42
   84 C     1  -3  -3   4  -2   2   4  -4   3  -3  -4  -2  -4  -3  -4   0   0   3  -1  -2   11   0   0  22   1   8  25   1   6   1   1   0   0   1   0   6   7   4   2   3  0.57 0.33
   85 E    -2  -2   1   5  -6   0   3   3   1  -6  -6  -2  -5  -5  -2  -2  -4  -6  -4  -6    3   2   7  31   0   4  23  21   3   0   0   1   0   0   2   1   0   0   0   0  0.86 0.40
   86 Q    -2  -3   1   3  -6  -2   1   5  -2  -6  -6  -2  -3  -6  -2  -1  -3  -6  -5  -6    1   1   6  19   0   2   8  52   1   0   0   2   1   0   2   4   1   0   0   0  1.06 0.44
   87 G    -1   1  -2  -2  -2   1  -2  -1   0   2   1  -1   1   0  -3  -1   2  -1   0   1    3   9   1   1   1   9   1   6   2  13  14   1   3   4   0   3  16   1   3  10  0.14 0.15
   88 R    -1  -2  -2  -3  -1  -1  -3  -5   5  -3  -1  -4  -2   0   4  -2  -1  -2   6  -2    5   2   2   2   1   3   1   0  15   1   7   0   1   3  22   2   4   0  26   3  0.82 0.40
   89 Y    -6  -7  -7  -8  -5  -7  -7  -7  -4  -6  -6  -7  -6   6  -8  -6  -7  -1   9  -6    0   0   0   0   0   0   0   0   0   0   0   0   0  25   0   0   0   0  74   0  2.98 0.93
   90 L    -5  -7  -7  -7  -5  -6  -7  -8  -7   7   3  -6   4   1  -7  -6  -4  -6  -3  -2    0   0   0   0   0   0   0   0   0  62  22   0   9   6   0   0   0   0   1   0  1.68 0.60
   91 V     3  -6  -6  -7  -4  -6  -6  -6  -7   0  -1  -6  -3  -5  -6  -3  -3  -7  -5   7   23   0   0   0   0   0   0   0   0   3   4   0   0   0   0   2   1   0   0  68  1.57 0.62
   92 S    -5  -7  -7  -8  -7  -4  -7  -8  -7  -4  -2  -7  11  -3  -8  -4  -2  -7  -5  -4    0   0   0   0   0   1   0   0   0   0   2   0  91   1   0   1   2   0   0   0  3.53 1.09
   93 E    -3   1  -5  -2  -8  -1   7  -6  -5  -8  -7  -2  -6  -8  -2  -4  -5  -7  -7  -7    2   8   0   1   0   2  81   0   0   0   0   2   0   0   3   0   0   0   0   0  2.07 0.78
   94 Y    -6  -5  -6  -7  -3  -6  -7  -7   1  -4   2  -6  -3   5  -7  -6  -6   0   8  -4    0   0   0   0   1   0   0   0   2   0  19   0   0  20   0   0   0   1  54   1  1.99 0.70
   95 I    -4  -6  -7  -7  -2  -6  -6  -7  -6   4   2  -6   2  -4  -6  -6  -4  -6  -3   6    0   0   0   0   1   0   0   0   0  26  14   0   5   0   0   0   0   0   1  53  1.42 0.54
   96 L    -2   0  -1   4  -6   1   5  -3  -1  -6  -5  -1  -5  -6   1  -1  -2  -6  -5  -5    3   4   2  26   0   5  40   2   1   0   1   3   0   0   6   3   2   0   0   0  0.95 0.44
   97 G    -3  -6  -5  -6  -7  -6  -7   8  -7  -8  -8  -6  -7  -8  -6  -3  -4  -6  -8  -8    2   0   0   0   0   0   0  95   0   0   0   0   0   0   0   1   1   0   0   0  2.61 0.83
   98 S    -1   2  -2  -2  -3   2   2   2  -1   1  -2   1   0  -3   1  -1   0  -3  -3   0    3  13   0   1   0   8  14  15   1   9   2   7   3   0   6   3   5   0   1   8  0.20 0.17
   99 S    -3  -5   2   1  -5  -4  -3  -4  -5  -5  -6  -4  -4  -6  -1   3   6  -7  -6  -5    1   0  10   8   0   0   1   0   0   0   0   0   0   0   3  24  52   0   0   0  1.30 0.59
  100 L    -5  -7  -8  -8  -4  -7  -7  -8  -7  -3   7  -7   0  -4  -7  -7  -6  -6  -5  -1    0   0   0   0   0   0   0   0   0   0  95   0   1   0   0   0   0   0   0   3  2.18 0.75
  101 R     1   5  -1  -1  -6   0  -2  -3  -1  -6  -5   5  -3  -6  -5  -1  -3  -3  -4  -5   10  29   2   3   0   2   2   1   1   0   1  41   0   0   0   5   1   0   0   0  1.01 0.46
  102 D    -1  -1  -1   5  -6   3   4  -3   2  -6  -6   0  -5  -5  -4  -1  -1  -5  -4  -5    5   3   2  28   0  15  29   1   4   0   0   4   0   0   0   4   4   0   0   0  0.87 0.41
  103 S    -2   3  -4  -5  -4  -2  -2  -5   0   2   3  -1   1   0  -5  -3  -3  -1   3   1    3  19   0   0   0   1   2   0   2  13  26   3   4   4   0   1   0   1  11  11  0.46 0.27
  104 I    -4  -5  -6  -7  -5  -5  -5  -7  -6   6   4  -6   4  -3  -6  -6  -4  -6  -5   0    1   0   0   0   0   0   1   0   0  46  40   0   8   0   0   0   0   0   0   3  1.45 0.54
  105 L     1   5  -1   0  -3   3   1  -3  -1  -4  -1   2   0  -5  -3  -1  -2  -4  -4  -3   12  31   2   4   0  13   9   1   1   1   5  12   2   0   0   3   2   0   0   1  0.54 0.30
  106 S     0   3  -1   1  -5   3   4   0   0  -5  -5   2  -4  -5  -3   0  -1  -4  -4  -4    6  17   2   6   0  12  24   8   2   0   0  12   0   0   0   6   2   0   0   1  0.54 0.30
  107 S    -1   2  -2  -3  -6   0  -1   6   0  -7  -6   0  -5  -6  -5  -1  -3  -6  -5  -6    5  11   1   1   0   5   5  59   2   0   0   7   0   0   0   4   1   0   0   0  1.16 0.47
  108 Q     1   3  -3  -4  -4   0  -3  -2  -2  -4  -4   1  -3  -3   6  -1  -1  -5  -4  -2   10  17   1   0   0   4   1   3   1   1   1   8   0   1  41   4   3   0   0   3  0.96 0.43
  109 I    -4  -6  -7  -7  -5  -5  -6  -7  -6   2   6  -6   4   1  -3  -5  -4  -4  -3   0    1   0   0   0   0   0   0   0   0  10  67   0   9   6   1   0   0   0   0   4  1.35 0.52
  110 S     0  -2  -1   1  -5  -2   0  -2  -2  -5  -3  -2  -3  -5   5   3   1  -6  -5  -4    7   2   2   9   0   2   6   3   1   0   2   1   1   0  32  22   9   0   0   0  0.76 0.38
  111 L    -1  -4  -4  -4  -4  -2  -3  -5  -3   1   2  -3  -1  -1   5  -2  -2   3  -1   2    6   1   0   0   0   1   1   0   0   8  24   1   1   2  29   3   2   4   2  14  0.65 0.32
  112 D     0   3   0   3  -5   1   3  -1   1  -4  -4   2  -2  -4   0  -1  -1  -5  -3  -3   10  14   3  15   0   5  20   3   3   0   1  10   1   0   5   4   2   0   0   1  0.40 0.24
  113 K    -3   4  -3   1  -6   3   5  -4  -1  -5  -4   0  -2  -5  -4  -3  -1  -3  -2  -3    2  19   1   6   0  12  43   1   1   0   2   5   1   0   1   1   3   0   1   2  0.91 0.44
  114 A     5  -5  -5  -5  -3  -5  -5  -3  -5   1  -3  -4  -3  -4  -5   0   1  -6  -5   2   58   0   0   0   0   0   0   1   0   8   2   0   0   0   0   5   8   0   0  17  1.07 0.50
  115 I     1  -3  -4  -4  -2  -3  -4  -3  -5   3   3  -4   0  -2  -4  -2  -1  -5  -3   3   15   1   0   1   0   1   1   2   0  15  31   0   1   1   0   2   4   0   0  26  0.58 0.30
  116 S     1   3   0   3  -4   0   3  -1   1  -4  -4   0  -3  -4  -2   1  -2  -5  -3  -4   11  19   4  16   0   4  17   4   4   1   1   5   0   1   2   8   2   0   1   1  0.42 0.25
  117 I    -4  -6  -7  -7  -3  -6  -7  -7  -6   7   2  -6   1   1  -5  -6  -4  -1   1   1    1   0   0   0   0   0   0   0   0  63  14   0   2   4   0   0   1   1   5   8  1.48 0.54
  118 V     3  -4  -4  -5  -1  -4  -4   0  -5   2   0  -4   3   0  -4  -1   1  -5  -4   3   32   0   0   0   1   0   0   9   0  11   9   0   7   3   0   2   7   0   0  19  0.51 0.30
  119 L     0   1  -2  -1  -1  -1   0  -1  -1   2   0   0   0  -2   1   0   0  -3  -2   0   10  10   1   2   1   2   6   5   1  18   9   4   2   1   7   7   7   0   0   5  0.08 0.10
  120 Q    -2  -1  -3   1  -7   8   1  -3  -3  -7  -6  -1  -4  -7   0  -3  -4  -7  -5  -6    4   3   0   8   0  66   7   3   0   0   0   2   0   0   5   1   0   0   0   0  1.69 0.70
  121 V    -1  -6  -7  -7  -5  -6  -6  -7  -7   6   1  -6   0  -4  -6  -5  -2  -6  -5   5    4   0   0   0   0   0   0   0   0  44   9   0   2   0   0   0   2   0   0  38  1.42 0.53
  122 A     5  -6  -6  -6   7  -5  -5  -1  -6  -5   1  -5  -2  -6  -5  -1  -2  -6  -6  -3   52   0   0   0  25   0   0   5   0   0  12   0   1   0   0   3   2   0   0   1  1.40 0.57
  123 Q     1   1  -1   3  -4   1   3  -1  -1  -5  -3  -1  -2  -5  -2   2  -2  -3  -1  -4   13   7   2  19   0   6  21   4   1   0   2   2   1   0   1  16   1   0   3   0  0.44 0.28
  124 A     7  -6  -6  -6  -5  -5  -5   3  -6  -6  -6  -5  -6  -7  -5  -3  -3  -7  -6  -4   78   0   0   0   0   0   0  20   0   0   0   0   0   0   0   0   1   0   0   1  1.88 0.72
  125 I    -4  -6  -8  -8  -5  -6  -7  -8  -7   1   6  -7  -1  -3  -7  -7  -5  -6  -5  -1    1   0   0   0   0   0   0   0   0   7  87   0   1   0   0   0   0   0   0   4  1.89 0.67
  126 T     2  -1  -1   4   0   2   2   1   0  -4  -4  -2  -3  -5  -4   0  -1  -5  -4  -3   17   2   1  27   2  11  15   9   2   1   1   1   0   0   0   6   2   0   0   1  0.54 0.31
  127 T     2  -3  -3  -5  -1  -3  -1  -5   6  -4  -4  -2  -3   2  -6  -3  -2  -3   7  -1   16   1   1   0   2   1   4   0  22   0   1   2   0   8   0   1   2   0  36   4  1.23 0.52
  128 L     7  -6  -6  -6  -4  -5  -5  -4  -6  -5  -2  -5  -4  -6  -5  -1  -4  -7  -6  -4   91   0   0   0   0   0   0   0   0   0   5   0   0   0   0   3   0   0   0   0  2.08 0.78
  129 H    -6  -6  -4  -7  -9  -4  -6  -7  11  -9  -8  -6  -7  -7  -8  -6  -7  -8  -4  -9    0   0   0   0   0   0   0   0  99   0   0   0   0   0   0   0   0   0   0   0  4.28 1.20
  130 R     2   3  -1   2  -4   2   2  -1  -1  -4  -4   1  -4  -5  -4   1  -1  -5  -4  -4   15  19   2  11   0   9  14   5   1   0   1   7   0   0   0  11   3   0   0   0  0.44 0.27
  131 H     1   3   3  -4  -4   4  -1  -3   5  -5  -3   2  -1  -4  -5  -2  -3  -6  -3  -4   13  19  13   0   0  16   3   1  17   0   2  10   2   1   0   2   0   0   0   0  0.72 0.38
  132 G    -4  -3   1  -2  -5  -2  -3   7   1  -8  -7  -3  -6  -7  -6  -3  -5  -7  -6  -7    0   2   6   2   0   2   1  79   4   0   0   2   0   0   0   1   0   0   0   0  1.90 0.67
  133 V    -4  -7  -7  -7  -4  -6  -7  -7  -7   7   1  -6   1  -3  -7  -6  -4  -6  -3   5    0   0   0   0   0   0   0   0   0  54   9   0   3   1   0   0   0   0   1  32  1.62 0.58
  134 L    -4  -7  -7  -7  -5  -6  -7  -7  -7   6   0  -6  -3  -4  -7  -6  -4  -7  -3   6    0   0   0   0   0   0   0   0   0  43   6   0   0   0   0   0   0   0   1  50  1.73 0.61
  135 H    -7  -6  -5  -7  -9  -5  -6  -8  11  -9  -8  -6  -7  -7  -6  -6  -7  -8  -4  -9    0   0   0   0   0   0   0   0 100   0   0   0   0   0   0   0   0   0   0   0  4.33 1.21
  136 L    -6   9  -5  -7   1  -3  -5  -6  -5  -8  -6  -2  -6  -8  -7  -6  -6  -8  -7  -7    0  95   0   0   3   0   0   0   0   0   1   1   0   0   0   0   0   0   0   0  2.94 0.95
  137 D    -7  -7  -4   9  -9  -5  -3  -6  -6  -8  -9  -6  -8  -9  -7  -5  -6 -10  -8  -8    0   0   0 100   0   0   0   0   0   0   0   0   0   0   0   0   0   0   0   0  3.22 1.00
  138 I    -5  -7  -7  -7  -5  -7  -7  -8  -7   7   2  -7  -1  -4  -7  -6  -5  -6  -5   4    0   0   0   0   0   0   0   0   0  61  15   0   1   0   0   0   0   0   0  23  1.74 0.61
  139 K    -6  -3  -5  -6  -8  -4  -4  -7  -6  -8  -8   8  -6  -8  -6  -5  -5  -8  -7  -7    0   0   0   0   0   0   0   0   0   0   0  99   0   0   0   0   0   0   0   0  2.90 0.96
  140 P    -5  -7  -7  -7  -8  -6  -6  -7  -7  -8  -7  -6  -8  -9   9  -2  -5  -9  -8  -8    0   0   0   0   0   0   0   0   0   0   0   0   0   0  96   3   0   0   0   0  3.37 1.05
  141 E     2  -3  -1  -1  -5   4   3   1   5  -6  -5  -3  -4  -6  -3   2  -3  -6  -4  -5   19   0   2   3   0  17  18  11  14   0   0   0   0   0   1  15   0   0   0   0  0.72 0.40
  142 N    -7  -6   9  -4  -8  -5  -5  -6  -5  -9  -9  -5  -7  -8  -7  -5  -5  -9  -7  -8    0   0 100   0   0   0   0   0   0   0   0   0   0   0   0   0   0   0   0   0  3.37 1.06
  143 I    -5  -7  -7  -7  -5  -7  -7  -8  -7   7   0  -7   0  -4  -7  -6  -4  -7  -5   4    0   0   0   0   0   0   0   0   0  70   5   0   2   0   0   0   0   0   0  22  1.97 0.67
  144 V    -5  -5  -7  -7  -4  -5  -7  -7  -4   2   5  -5   7   0  -7  -6  -5  -5  -4  -1    0   0   0   0   0   0   0   0   0   9  56   0  27   4   0   0   0   0   0   2  1.56 0.58
  145 L    -4  -5  -6  -7  -1  -5  -6  -7  -6   5   3  -5   2   1  -6  -4  -4  -4  -3   3    0   0   0   0   1   0   0   0   0  34  32   0   5   5   0   1   0   0   0  22  1.09 0.43
  146 S    -1  -1   0   4  -4  -1  -2  -1  -3  -4  -2  -3  -3  -5  -4   1   5  -6  -5  -3    5   3   4  27   0   2   1   6   0   0   3   1   0   0   0  10  37   0   0   1  0.80 0.42
  147 Q     0   2  -1   1  -5   1   3  -2   0  -5  -4   2  -3  -5   4   0  -1  -5  -4  -4    8  14   2   7   0   6  17   3   2   0   0  13   0   0  18   6   3   0   0   0  0.51 0.28
  148 S    -1   1   2   5  -5   0   2  -1  -1  -5  -4   0  -4  -4  -4   1  -1  -4  -2  -4    4   9   8  34   0   4  13   5   1   0   1   4   0   0   0   9   4   0   1   0  0.63 0.32
  149 G    -3  -3  -1   0  -7  -5  -4   7  -3  -8  -7  -3  -4  -7  -6  -4  -5  -7  -6  -7    1   1   3   5   0   0   1  85   1   0   0   1   1   0   0   0   0   0   0   0  2.10 0.71
  150 E    -1   4   2   0  -5   3   0  -2   2  -2  -3   1  -1  -3  -4  -1   1   1  -1  -1    4  25   8   4   0  14   6   2   5   3   2   5   1   1   0   3   8   2   2   4  0.37 0.24
  151 I     3  -6  -6  -6  -1  -5  -5  -5  -6   2  -1  -5  -2  -3   1  -3  -2  -6  -2   6   23   0   0   0   1   0   0   0   0  10   4   0   0   1   6   1   2   0   1  51  1.05 0.47
  152 K    -5   0  -5  -5  -5  -3  -4  -6  -3  -4  -2   7  -2  -2  -6  -4  -4  -6   2  -1    0   3   0   0   0   0   0   0   0   1   5  75   1   2   0   0   1   0   8   4  1.73 0.68
  153 L    -4  -6  -7  -7  -5  -6  -7  -7  -7   4   3  -6  -1  -4  -6  -6  -4  -6  -5   6    0   0   0   0   0   0   0   0   0  23  27   0   1   0   0   0   0   0   0  49  1.45 0.54
  154 I     3  -5  -4  -5  -4  -4  -5  -3  -5   0   1  -4   4  -4  -5   0   5  -6  -5  -1   21   0   0   0   0   0   0   1   0   4  11   0  12   0   0   6  42   0   0   3  0.93 0.47
  155 D    -7  -7  -4   9  -9  -5  -3  -6  -6  -8  -9  -6  -8  -9  -7  -5  -6 -10  -8  -8    0   0   0 100   0   0   0   0   0   0   0   0   0   0   0   0   0   0   0   0  3.22 1.00
  156 Y    -7  -8  -8  -9  -8  -8  -8  -8  -6  -5  -4  -8  -5  10  -9  -8  -7  -3  -1  -6    0   0   0   0   0   0   0   0   0   0   1   0   0  98   0   0   0   0   1   0  3.48 1.01
  157 G    -5  -7  -5  -6  -7  -7  -7   8  -7  -9  -9  -6  -8  -8  -7  -4  -6  -7  -8  -8    0   0   0   0   0   0   0 100   0   0   0   0   0   0   0   0   0   0   0   0  2.87 0.89
  158 L    -5  -7  -7  -7  -5  -7  -7  -8  -7   7   3  -7  -2  -3  -7  -6  -4  -6  -5   0    0   0   0   0   0   0   0   0   0  70  25   0   0   1   0   0   1   0   0   3  1.95 0.66
  159 S     7  -6  -6  -6  -5  -5  -5  -4  -6  -5  -6  -5  -5  -7  -5  -1  -5  -7  -6  -3   95   0   0   0   0   0   0   0   0   0   0   0   0   0   0   3   0   0   0   1  2.27 0.83
  160 A    -3   6  -4  -4  -7   0  -4  -5  -2  -6  -6   5  -4  -6  -5  -3   1  -7  -6  -5    2  47   0   0   0   4   0   0   1   0   0  33   0   0   0   1  11   0   0   0  1.50 0.60
  161 W     4  -2  -4  -5  -4   1  -3  -3  -3   1   2  -3   4  -2  -4  -2  -1  -1  -3   0   34   1   0   0   0   8   1   1   0   7  23   0  11   1   0   2   4   1   1   5  0.53 0.33
  162 Q     2  -2  -2  -2  -4   0  -1  -3  -2  -3  -1  -2   1  -5  -2   0   5  -5  -4   1   16   2   1   2   0   4   3   1   1   1   5   1   4   0   2   6  42   0   0   8  0.63 0.37
  163 F     0  -3   0   0  -5  -1  -1   6  -1  -6  -5  -3  -4  -4  -4   1  -1  -4  -6  -5    6   1   5   6   0   2   4  57   2   0   1   1   0   1   1  10   4   0   0   1  1.01 0.43
  164 N     2  -2   0   0  -4   0   0   0  -1  -3  -4  -2   2  -4  -3   3   3  -5  -3  -1   18   1   5   6   0   5   4   7   1   1   0   2   6   0   0  21  19   0   0   4  0.38 0.27
  165 H     1  -3  -4  -2  -3  -2  -2  -2  -1   3   0  -3   2  -2  -3   0   1  -4  -4   4   11   1   0   2   0   1   2   3   2  16   5   0   6   1   1   6   8   0   0  34  0.43 0.26
  166 W    -3  -5  -6  -6  -4  -5  -6  -5  -6   3   3  -5   6   0  -6  -3  -3   2  -3   3    1   0   0   0   0   0   0   0   0  19  28   0  25   3   0   2   1   3   0  16  1.02 0.43
  167 G    -4  -7  -5  -6  -7  -6  -7   8  -7  -8  -8  -6  -7  -8  -7  -5  -6  -7  -8  -8    1   0   0   0   0   0   0  98   0   0   0   0   0   0   0   0   0   0   0   0  2.78 0.86
  168 S    -4  -5  -4  -5  -5  -5  -5  -6  -6  -5  -6  -5  -5  -7  -5   4   7  -7  -6  -5    0   0   0   0   0   0   0   0   0   0   0   0   0   0   0  25  74   0   0   0  2.12 0.81
  169 P     3  -6  -6  -6  -5  -5  -5  -5  -6  -2  -3  -5  -2  -4   6  -4  -3  -7  -6   4   20   0   0   0   0   0   0   0   0   1   2   0   1   0  45   1   1   0   0  28  1.47 0.58
  170 A     3   0  -1  -1  -5   2   0  -1   7  -2  -4  -2  -3  -4  -2  -1  -1  -4  -1  -4   24   4   2   3   0  11   6   4  28   2   1   2   0   1   1   5   4   0   1   1  0.70 0.36
  171 Y    -7  -7  -7  -8  -7  -7  -7  -8  -3  -6  -6  -7  -6  -2  -8  -7  -7  -3  10  -6    0   0   0   0   0   0   0   0   0   0   0   0   0   1   0   0   0   0  98   0  3.75 1.11
  172 M    -4  -6  -6  -7  -4  -5  -6  -6  -6   2   2  -6   9   4  -7  -4  -4  -5  -3  -1    1   0   0   0   0   0   0   0   0  10  17   0  52  14   0   1   1   0   0   2  1.81 0.65
  173 S     3  -5  -4  -5  -5  -5  -5  -4  -5  -6  -7  -5  -6  -7  -4   7  -3  -7  -6  -6   19   0   0   0   0   0   0   0   0   0   0   0   0   0   1  79   0   0   0   0  1.96 0.78
  174 P    -6  -7  -7  -6  -8  -6  -6  -7  -7  -8  -8  -6  -7  -8   9  -6  -6  -8  -8  -7    0   0   0   0   0   0   0   0   0   0   0   0   0   0  99   0   0   0   0   0  3.52 1.07
  175 E    -6  -5  -5  -3  -8  -3   8  -7  -5  -8  -8  -4  -7  -8  -6  -5  -6  -8  -7  -7    0   0   0   0   0   0  99   0   0   0   0   0   0   0   0   0   0   0   0   0  2.86 0.96
  176 Q    -5  -4  -5  -5  -8   9  -3  -7  -1  -8  -6  -4  -4  -8  -6  -5  -5  -7  -6  -5    0   0   0   0   0  96   0   0   1   0   0   0   0   0   0   0   0   0   0   1  3.12 1.05
  177 S     5  -2  -5  -5   0  -4  -4   0  -5   0  -2  -2  -2  -3  -5  -2  -1   1  -5   2   59   2   0   0   2   0   0   6   0   6   3   3   1   1   0   1   3   2   0  12  0.91 0.45
  178 R    -1   6  -2  -3  -3   4   1  -4  -1  -5  -1   2   0  -5  -5   0  -3  -6  -3  -4    4  39   1   1   0  18   7   1   1   0   6  11   2   0   0   6   1   0   1   1  0.84 0.41
  179 Q    -2  -6  -1  -3  -4  -2  -5   7  -1  -8  -8  -5  -5  -7  -2  -2  -6  -7  -7  -7    2   0   3   1   0   2   0  84   2   0   0   0   0   0   2   3   0   0   0   0  2.05 0.70
  180 E    -1   1  -1   0  -4   3   4   1   1  -4  -1   2  -2  -4  -3  -1  -2  -5  -4  -3    6   7   1   5   0  12  26  13   4   1   7  11   1   0   0   3   2   0   0   1  0.40 0.25
  181 P     0   0  -1   0  -4   0   2  -2   0  -2  -2   1  -1  -1   4   0   0  -4   0  -1    9   6   3   5   0   4  12   2   2   2   4   7   2   3  23   5   7   0   3   3  0.30 0.18
  182 P     2  -5  -5  -6  -2  -4  -5  -3  -4   2   1  -5  -2  -4  -1  -2   0  -6  -4   5   15   0   0   0   1   0   0   2   0  11  12   0   0   0   3   3   6   0   0  47  0.81 0.39
  183 S    -4  -6  -1   7  -7  -4  -3   0  -4  -6  -6  -4  -5  -7  -6   0   2  -8  -7  -5    1   0   2  68   0   0   0   7   0   0   0   0   0   0   0   8  12   0   0   0  1.74 0.66
  184 P     2  -1  -2  -3  -4   0   1   2   5  -4  -4  -2  -4  -1   3  -1  -2  -5   0  -3   20   3   1   0   0   3  10  13  16   1   0   2   0   3  18   3   2   0   4   2  0.53 0.30
  185 A     1   7  -4  -5  -5   1  -4  -4  -3  -7  -5   2  -5  -7  -2  -2  -3  -5  -4  -6   12  66   0   0   0   5   0   1   0   0   0   9   0   0   2   2   1   0   0   0  1.62 0.63
  186 S     2  -5  -4  -5  -3  -4  -5  -4  -5  -6  -6  -5  -5  -7  -5   6   3  -7  -6  -4   15   0   0   0   0   0   0   0   0   0   0   0   0   0   0  65  19   0   0   1  1.59 0.69
  187 D    -7  -7  -4   9  -9  -5  -3  -6  -6  -8  -9  -6  -8  -9  -7  -5  -6 -10  -8  -8    0   0   0 100   0   0   0   0   0   0   0   0   0   0   0   0   0   0   0   0  3.22 1.00
  188 V    -5  -6  -7  -7  -4  -3  -7  -8  -7   7   3  -6  -2  -4  -7  -6  -4  -6  -5   2    0   0   0   0   0   2   0   0   0  56  28   0   0   0   0   0   0   0   0  14  1.57 0.57
  189 Y    -7  -7  -7  -8  -8  -7  -7  -8  -4  -6  -6  -7  -6   4  -8  -7  -7   4  10  -6    0   0   0   0   0   0   0   0   0   0   0   0   0  15   0   0   0   5  81   0  3.15 0.97
  190 S     3  -5  -4  -5  -5  -4  -5  -3  -6  -7  -7  -5  -6  -7  -5   7  -3  -7  -6  -6   19   0   0   0   0   0   0   1   0   0   0   0   0   0   0  80   0   0   0   0  2.00 0.80
  191 L    -2  -6  -7  -7  -3  -6  -7  -7  -7   0   6  -6   0   1  -7  -6  -2  -5  -4   0    3   0   0   0   0   0   0   0   0   3  78   0   2   6   0   0   2   0   0   6  1.53 0.58
  192 A    -2  -7  -5  -6  -5  -7  -7   8  -7  -9  -8  -6  -7  -8  -7  -4  -6  -7  -8  -8    3   0   0   0   0   0   0  97   0   0   0   0   0   0   0   0   0   0   0   0  2.72 0.86
  193 L    -1  -6  -7  -7   3  -6  -6  -7  -7   5  -2  -6  -2  -5  -6  -5  -3  -7  -5   6    6   0   0   0   6   0   0   0   0  26   2   0   0   0   0   0   0   0   0  59  1.55 0.58
  194 L    -4  -6  -7  -7  -3  -6  -6  -7  -7   3   0  -6   3  -4  -6  -5  -1  -6  -5   6    0   0   0   0   0   0   0   0   0  17   8   0   8   0   0   0   4   0   0  63  1.53 0.58
  195 A    -1  -6  -7  -7  -3  -6  -6  -6  -6   0   6  -6   4   2  -6  -5  -3  -5  -4  -1    6   0   0   0   0   0   0   0   0   3  69   0   9   8   0   0   2   0   0   2  1.33 0.53
  196 Y    -7  -7  -7  -8  -8  -7  -7  -8  -1  -6  -6  -7  -6   4  -8  -6  -7  -2  10  -6    0   0   0   0   0   0   0   0   1   0   0   0   0  13   0   0   0   0  85   0  3.26 1.00
  197 E    -4  -4  -5  -3  -6   1   8  -7  -2  -8  -8  -4  -7  -8  -6  -5  -6  -8  -7  -7    1   0   0   0   0   6  92   0   1   0   0   0   0   0   0   0   0   0   0   0  2.59 0.91
  198 L    -2  -6  -7  -8  -1  -6  -7  -8  -7  -3   3  -6  10  -4  -7  -6  -4  -4  -6  -3    4   0   0   0   1   0   0   0   0   1  23   0  69   0   0   0   1   0   0   1  2.56 0.86
  199 I    -1  -6  -7  -7  -1  -6  -6  -6  -5   1   5  -6  -1  -3  -6  -4  -3  -5  -5   3    6   0   0   0   1   0   0   0   0   7  64   0   1   1   0   1   1   0   0  17  1.23 0.49
  200 M     0  -6  -5  -6   0  -5  -5  -5  -5  -4  -2  -5  -3  -6  -6   0   7  -7  -6  -1    8   0   0   0   2   0   0   0   0   1   3   0   1   0   0   5  77   0   0   4  1.81 0.73
  201 G    -3  -5  -5  -5  -7  -5  -7   8  -6  -8  -8  -5  -7  -8  -7  -4  -6  -7  -6  -7    1   1   0   0   0   0   0  96   0   0   0   0   0   0   0   0   0   0   0   0  2.62 0.84
  202 Q    -2   6  -3  -2  -5   3   2  -3   2  -4  -5   2  -4  -5  -5  -2  -1  -6  -4  -3    3  39   0   2   0  12  15   2   5   1   0  12   0   0   0   3   3   0   0   2  0.88 0.41
  203 L    -2   2  -4  -5  -4  -1  -4  -5  -3  -1   3  -1  -1  -3   3  -3  -1  -5  -4   3    3  11   0   0   0   3   1   0   1   1  34   3   1   1  15   1   3   0   0  23  0.60 0.34
  204 A    -2  -7  -7  -7  -5  -6  -6  -7  -7  -8  -7  -6  -8  -9   9  -2  -6  -9  -8  -7    4   0   0   0   0   0   0   0   0   0   0   0   0   0  92   4   0   0   0   0  3.14 0.99
  205 L    -5  -6  -7  -7  -7  -5  -6  -6  -1  -3  -1  -7  -2   9  -7  -5  -6  -3   3  -4    1   0   0   0   0   0   0   0   2   1   6   0   1  76   0   0   0   0   9   1  2.38 0.76
  206 G     0  -2  -1   0  -5   0   0   4  -3  -5  -6  -1  -2  -5   5  -1  -1  -6  -5  -4    9   2   2   6   0   4   5  28   0   0   0   4   1   0  31   5   3   0   0   1  0.80 0.37
  207 K     1   5  -2   2  -5  -1   0   2   1  -5  -5   0  -3  -5  -2   1  -3  -5  -4  -4   10  31   1  10   0   2   6  16   4   0   0   5   0   0   1  12   0   0   0   1  0.58 0.32
  208 V     0  -1   0   1  -3   1   2  -3  -1  -1  -2  -1  -2   1  -1   2   2  -3  -3   0    6   2   3   9   0   6  17   0   1   4   3   3   0   6   2  14  16   0   0   6  0.22 0.19
  209 Y     0  -2  -1  -2  -3  -1  -2  -3   2   1   1  -2  -1   1   3   0   1  -1   2   0    6   2   3   1   0   2   2   0   7   9  13   2   1   6  13   6  10   1   8   6  0.18 0.15
  210 V     0   1   5  -2  -4  -2  -1  -4  -3   1   0  -2   0  -4   1  -2  -1  -5  -3   3    9   8  27   2   0   1   3   0   0   6   7   1   2   0   8   1   2   0   0  20  0.44 0.29
  211 S     2  -3  -4  -3  -6  -2  -2  -3  -2  -6  -6  -4  -5  -7   7   2  -1  -7  -6  -4   14   2   1   1   0   2   2   1   1   0   0   0   0   0  55  16   3   0   0   1  1.53 0.60
  212 L     0  -1   0   3  -4   1   2   0  -1   0  -1  -2  -2  -4  -2   0   0  -4  -3   0    9   2   5  21   0   6  13   6   1   7   7   1   1   0   2   7   4   0   0   9  0.21 0.16
  213 L    -3  -6  -6  -6  -3  -6  -6  -7  -6   5   3  -6   0  -3  -5  -5  -3  -6  -5   4    1   0   0   0   0   0   0   0   0  33  31   0   2   1   0   0   1   0   0  30  1.18 0.46
  214 P    -5  -6  -4   2  -7  -5  -5  -5  -4  -8  -7  -6  -6  -8   8   0  -3  -8  -6  -7    0   0   1   9   0   0   0   1   1   0   0   0   0   0  80   7   1   0   0   0  2.54 0.85
  215 S     1   0  -3  -1  -5   1   2  -3  -2  -2  -3   0  -2  -5   5  -1  -2  -5  -3   0   11   5   1   3   0   7  14   1   1   2   2   4   1   0  32   4   2   0   1   8  0.62 0.32
  216 K     3   2  -1   0  -4   0   2   1  -1  -4  -4  -1  -2  -4   0   2  -1  -1  -4  -2   23  10   2   5   0   4  15  11   1   1   1   3   1   0   5  13   2   1   0   2  0.32 0.23
  217 I    -3  -6  -7  -7  -3  -6  -6  -7  -6   2   5  -6   1   0  -6  -6  -4  -3  -3   3    2   0   0   0   0   0   0   0   0  11  59   0   3   3   0   0   0   0   1  20  1.21 0.48
  218 S    -2  -1   0   5  -2   1   5  -3  -4  -5  -5  -3  -4  -6  -5  -1  -3  -7  -5  -3    4   2   3  30   1   7  43   2   0   0   1   0   0   0   0   4   1   0   0   2  1.12 0.50
  219 K     2   3   1   1  -4   2   2  -2   0  -4  -2   1  -2  -4  -2   0  -1  -2  -3  -3   21  17   8   6   0   8  12   2   2   0   4   9   1   1   2   4   3   1   1   1  0.32 0.22
  220 I    -2  -7  -7  -7  -2  -6  -7  -7  -7   6   0  -6  -1  -4  -6  -5  -3  -7  -5   5    3   0   0   0   1   0   0   0   0  43   5   0   1   0   0   0   1   0   0  46  1.57 0.57
  221 L    -4  -6  -7  -6  -1  -6  -6  -7  -7   5   1  -6  -1  -4  -5  -5  -2  -6  -5   5    1   0   0   0   1   0   0   0   0  36  13   0   1   0   0   0   3   0   0  45  1.40 0.53
  222 I     0   0  -1  -1  -3  -1  -1  -3  -1  -1   4  -2   5  -1  -4  -1  -1  -3  -2  -1    7   5   3   4   0   3   5   2   1   2  39   2  15   3   0   3   2   0   1   3  0.40 0.26
  223 Q    -4   6  -4  -5  -5  -1  -3  -5   1  -6  -5   6  -4  -7  -6  -4  -2  -5  -5  -6    1  39   0   0   0   2   0   1   3   0   1  50   0   0   0   0   2   0   0   0  1.70 0.65
  224 A     6  -6  -6  -6   5  -5  -5  -3  -5  -5  -1  -5  -1  -6  -5  -1  -1  -7  -6  -2   73   0   0   0  11   0   0   1   0   0   5   0   1   0   0   4   3   0   0   2  1.55 0.63
  225 L    -5  -6  -7  -7  -3  -6  -7  -7  -6   0   6  -6   6  -4  -7  -6   1  -6  -5  -2    0   0   0   0   0   0   0   0   0   3  69   0  19   0   0   0   8   0   0   1  1.62 0.61
  226 Q     5  -1  -2  -2  -3   2   3  -4  -2  -5  -5  -2  -3  -6  -4   0  -2  -6  -5  -3   50   4   1   2   0   9  21   0   1   0   0   2   1   0   0   7   1   0   0   1  0.92 0.47
  227 P    -4   0  -4  -5  -8  -3  -4  -6  -3  -6  -6   8  -6  -8  -1  -3  -4  -8  -6  -7    1   4   0   0   0   0   0   0   1   0   1  87   0   0   3   1   1   0   0   0  2.28 0.81
  228 S    -2   0   3   5  -6   0   2  -4  -2  -5  -5   1  -5  -5  -4   0  -2  -5  -5  -4    3   6  16  38   0   3  15   0   1   0   1   7   0   0   0   8   1   0   0   1  0.88 0.40
  229 P    -2   2  -6  -6  -7  -1  -5  -7  -6  -4  -4  -3  -4  -8   8  -5  -4  -8  -7  -3    3   9   0   0   0   2   0   0   0   1   2   2   0   0  76   0   1   0   0   2  2.27 0.79
  230 A     2  -1   1   3  -4   0   4  -1  -1  -4  -4  -1  -3  -3  -4   0  -2  -6  -4  -3   21   3   5  19   0   4  27   4   1   0   1   3   0   1   0   6   2   0   0   1  0.54 0.31
  231 A     0   2   1   4  -4   2   2  -3   1  -4  -1   0  -1  -4  -4  -2  -2  -4  -2  -3    9  13   6  26   0   9  15   1   3   0   6   4   1   0   0   2   1   0   1   1  0.49 0.28
  232 R    -7   9  -6  -7  -9  -4  -5  -8  -5  -8  -7  -3  -7  -8  -7  -6  -6  -8  -7  -8    0 100   0   0   0   0   0   0   0   0   0   0   0   0   0   0   0   0   0   0  3.22 1.01
  233 F    -6  -7  -7  -8  -5  -5  -7  -8  -1  -5  -5  -7  -5   5  -2  -7  -7   0   9  -6    0   0   0   0   0   0   0   0   1   0   0   0   0  23   3   0   0   1  71   0  2.76 0.88
  234 S     2   0  -3  -2  -6   7   0  -2  -1  -5  -5  -1  -4  -7   2   0  -2  -6  -5  -4   14   4   1   2   0  48   5   3   1   0   1   2   0   0  10   6   2   0   0   1  1.06 0.52
  235 S    -3  -1   1   2  -4  -2  -3  -3   1  -5  -6  -2  -4  -6  -5   5   4  -7  -5  -4    1   3   5   9   0   2   1   1   3   0   0   2   0   0   0  46  26   0   0   0  1.05 0.52
  236 M     6  -5  -5  -5   0  -5  -5  -1  -6   0  -4  -5   2  -5  -4  -3  -1  -6  -5   1   69   0   0   0   2   0   0   5   0   5   1   0   4   0   1   0   3   0   0   9  1.30 0.57
  237 Q     2   1  -1   1  -4   1   1   2  -1  -3  -3   0  -2  -4  -3   1   0  -3  -3  -1   18  10   2   9   0   6  10  14   1   1   1   5   1   0   0  10   6   0   1   4  0.24 0.18
  238 E     1  -4  -3   4  -7   1   6  -4  -2  -6  -6  -3  -5  -7  -5  -2  -4  -7  -6  -5   14   0   0  19   0   5  57   1   1   0   0   0   0   0   0   2   0   0   0   0  1.42 0.60
  239 F    -5  -6  -7  -7  -4  -5  -6  -7  -6  -1   4  -6   7   5  -7  -6  -5  -5  -3   0    0   0   0   0   0   0   0   0   0   2  35   0  32  22   0   0   0   0   0   7  1.55 0.58
  240 A     3   3  -2  -3  -3  -1  -2  -1  -2   2   1   1   0  -3  -4  -1  -2  -3  -3   0   28  18   1   1   0   2   2   3   1  12  12   7   2   0   0   3   1   0   1   6  0.33 0.24
  241 E     2   2   0   1  -4   2   2  -1   0  -2  -2   0  -2  -2  -3   0   1  -4  -3  -2   21  10   3   9   0   9  13   3   2   2   3   5   0   1   0   6  10   0   0   2  0.25 0.19
  242 A     4  -4  -3   6  -6  -2   1  -4  -3  -4  -5  -4  -3  -6  -5  -2  -3  -7  -5  -3   34   0   0  48   0   1   7   0   1   1   1   0   1   0   0   1   1   0   0   2  1.31 0.56
  243 L    -5  -6  -7  -7  -3  -6  -7  -7  -7   2   6  -6   0   1  -7  -6  -5  -1  -3   1    0   0   0   0   0   0   0   0   0   9  75   0   1   5   0   0   0   1   1   9  1.53 0.57
  244 Q    -1   3   0   1  -4   2   4  -2  -2  -3  -2   2  -2  -5  -4   0  -1  -4  -4  -3    6  20   3   6   0  10  25   2   1   1   4  10   1   0   0   7   3   0   0   2  0.48 0.27
  245 D     1   4   1   0  -4   1   1  -2   1  -4  -3   0  -3  -4  -2   0   2  -3  -3  -3   15  22   6   6   0   6   8   3   3   1   1   5   0   1   1   8  13   0   0   1  0.35 0.23
  246 Y     3  -3  -4  -4   2  -3  -3  -3  -2   0   0  -3  -2   2  -3  -1  -1   0   3   2   32   1   0   1   4   1   1   1   1   5   7   0   0  10   1   4   3   1  11  16  0.43 0.26
  247 L     0   0  -3  -3  -2  -2  -2  -3  -2   1   4  -2   2  -1  -3  -2  -1  -2  -2   1    9   5   1   2   1   1   2   2   1   8  43   3   6   2   1   3   2   0   1  10  0.37 0.21
  248 L     1   1   0  -1  -2   1   0  -1  -1  -1   0   0   0  -2  -1   1   1  -3  -2  -1   18  11   4   3   0   6   6   5   2   4   8   5   3   1   3   9   8   0   1   4  0.09 0.08
  249 H     0   0   0   0  -2   0   0   2   2  -3  -2   0  -2  -3   1   1   0  -2  -2  -2    9   6   4   3   0   5   6  21   5   1   3   5   1   1   8  12   7   0   1   3  0.20 0.13
  250 D     1   0   0   2  -2   0   2   0  -2  -2  -1  -1  -1  -3   3   1   0  -2  -3  -2   10   5   5  12   0   3  12   6   0   3   7   3   2   1  13  11   4   0   0   2  0.20 0.13
  251 V     1   1  -1  -1  -3  -1  -1  -1  -2   0   0  -1   0  -2   3   0   1  -2  -2   0   13   8   2   3   0   2   4   5   1   5  12   3   2   1  15   5   9   0   1   8  0.13 0.10
  252 H     1   0   0   1  -3   1   1  -1   2  -2  -2  -1  -2  -3   2   1   0  -3  -2   0   13   5   4   8   0   7  11   4   6   2   4   2   1   1  12   9   5   0   1   7  0.17 0.12
  253 E     0   0   0   1  -3   1   2   0   0  -2  -2   1  -2  -3   2   0   0  -3  -2  -2    9   5   4   7   0   7  17   7   2   2   3   8   1   1  12   6   6   0   1   2  0.20 0.12
  254 D     1   1   0   2  -3   0   2  -1  -1  -2  -2  -1  -2  -2   2   1   1  -2  -3  -1   15   9   3  12   0   3  14   4   1   1   3   2   0   2  10   8   7   0   0   3  0.21 0.14
  255 Y     1   0  -1  -2  -2   0   0  -1   0  -1   0  -1   0   0   2   0   1   1   1   0   14   6   1   2   0   3   6   3   2   3   9   3   3   5  12   6   8   2   5   7  0.10 0.08
  256 R     1   4  -1  -1  -3   1   1  -1  -1  -2  -3   1  -1  -3   1   0   0  -3  -3  -1   10  26   2   3   1   7   8   3   1   3   2   7   1   0   7   8   7   0   0   4  0.29 0.18
  257 K     1   2  -1   0  -3   0   0   0   0  -1  -2   0  -1  -2   1   1   1  -2  -2   0   17  13   2   4   0   3   5   5   2   3   4   6   1   1   8  11   8   1   1   6  0.13 0.11
  258 K     1   1   0  -1  -3   0   0   0  -1  -1  -1   0   0  -2   2   1   1  -2  -2   0   13  10   4   3   0   4   6   7   1   2   5   6   3   1  11   9   8   0   1   6  0.13 0.09
  259 D     1   1  -1   2  -3   0   1   0  -2  -1  -2  -1  -1  -3   2   1   1  -4  -2  -1   12   8   2  16   0   3   7   6   1   3   3   3   1   1  11   9   8   0   1   5  0.19 0.13
  260 H     1   1   0   0  -3   1   1   0   2  -2  -2   0  -1  -2   3   0   0  -4  -1  -2   11   8   3   6   0   7  11   5   6   2   2   3   1   2  17   6   6   0   2   3  0.23 0.14
  261 V     1   0  -2  -1  -3  -1  -1  -2  -1   1   0  -1   0  -1   2   0   1  -2  -1   1   12   6   1   4   0   2   4   2   1   7   9   2   2   2  12   5  11   0   2  15  0.12 0.10
  262 V     1  -1  -2  -2  -3  -1  -1  -1  -2   0   0  -1   0  -1   2   1   1  -2  -1   1   14   3   1   2   0   2   3   4   1   6   9   3   2   2  12   9  10   1   1  13  0.14 0.11
  263 A     3  -1  -1  -1  -3   1   2  -1  -2  -2  -2  -1  -1  -2   3   1   0  -4  -3   0   27   2   2   3   0   5  14   3   0   2   3   2   2   1  13   8   7   0   1   6  0.29 0.20
  264 Q     0   0  -1   1  -3   1   1   0  -1  -1   0   0   0  -2   2   0   0  -3  -1   0   10   6   1  10   0   7   8   6   1   2   8   4   3   2  13   6   5   0   1   6  0.13 0.09
  265 I     0   0  -2  -2  -2  -1  -1  -2  -1   1   1  -1   1  -1   1   0   1  -3   0   1    8   4   1   2   0   2   3   3   2  10  14   3   5   2   6   8  11   0   3  13  0.08 0.08
  266 E     1   1   0   1  -4   1   3  -1   0  -3  -3   0  -3  -3   1   1   1  -2  -2  -1   11   8   3   7   0   6  23   3   2   1   1   4   0   1   7  11   7   1   1   4  0.26 0.18
  267 Q     0   3   0   0  -3   2   1  -1  -1  -1  -1   1  -1  -2   1   0   0  -4  -2  -1    9  17   3   6   0  12   8   3   1   4   5   8   1   1   6   7   5   0   1   4  0.17 0.12
  268 W     1  -1  -2  -2  -3  -1   0  -1  -1   0   1   0   0  -1   2   0   1   5  -1   0   12   4   1   2   0   1   6   4   1   3  16   5   1   1   9   5   9   8   2   9  0.14 0.12
  269 H     0   2  -1   0  -3   2   1  -1   1  -3  -2   0   0  -2   3   0   0   0  -1  -2   10  11   3   5   0   9   9   4   4   1   4   4   2   1  16   8   5   1   2   2  0.22 0.14
  270 N     1   2   1   1  -3   1   1   0   1  -3  -2   1  -2  -3   1   0   0  -3  -1  -1   12  13   6   9   0   7   7   6   3   0   3   8   0   0   6   6   7   0   1   5  0.16 0.11
  271 Q     1   2  -1   0  -3   2   1  -1  -1  -2  -1   0  -1  -3   1   1   1  -4  -2  -1   13  13   2   4   0  10  10   3   1   2   4   5   2   0   6  11   9   0   1   3  0.17 0.14
  272 R     0   4  -1  -1  -4   1   0  -1  -2  -2  -2   1  -1  -2   1  -1   1   0  -2  -2    7  29   2   2   0   6   6   4   1   2   3   9   2   1   7   4  12   1   1   3  0.32 0.21
  273 A     3   0  -1  -2  -3   0   1  -1  -1  -1  -1   0  -1  -2   3   0   1  -2  -3   0   25   6   2   1   0   4   8   3   1   3   4   5   1   2  13   5  12   0   0   6  0.23 0.17
  274 W     0   0  -1  -2  -3  -1  -1   0  -1   1   0  -1   0  -2   0   0   1   5  -1   0   10   5   2   2   0   2   4   9   1   9  10   2   2   1   5   7  11  10   1   7  0.13 0.11
  275 L     0  -1  -2  -2  -3  -1  -1  -2  -2   1   2  -1   1  -1   2   0   0  -3  -1   1   10   3   1   1   0   3   5   2   1   8  25   4   3   2  12   5   6   0   1   8  0.15 0.11
  276 S     1   0  -1  -1  -1   0   0  -1  -1  -1  -1  -1  -1  -2   2   2   1  -2  -2  -1   12   6   1   3   1   4   7   4   1   5   6   1   1   2   9  22   9   1   1   4  0.15 0.13
  277 P    -1   0  -2  -1  -6  -2  -1  -3  -4  -4  -3  -1  -5  -4   7  -1  -1  -6  -5  -5    6   5   1   3   0   1   4   2   0   1   2   3   0   1  61   4   5   0   0   0  1.47 0.52
  278 E     1   2   0   0  -3   1   2  -1  -2  -2  -3   1  -2  -4   1   0   1  -4  -3   0   13  13   3   5   0   5  14   3   1   2   1   8   1   0   8   6   8   0   0   9  0.20 0.15
  279 K     0   3  -1  -1  -2   1   0  -2   0  -2  -2   1  -1  -3   2   0   1  -3  -3  -2   10  19   1   3   1   6   6   2   2   3   2  10   1   1  12   6  11   0   0   3  0.27 0.17
  280 L     0   0  -2  -2  -2   0  -1  -1  -1   1   1   0   0  -1   2   0   0  -1  -2   1   10   7   1   1   0   5   3   3   1   8  14   4   3   3  11   6   7   1   0  13  0.09 0.08
  281 S     1   0  -1  -2  -4  -2  -1  -1  -3  -2  -2  -1  -2  -1   4   2   2  -3  -3  -1   13   6   2   2   0   0   3   5   0   2   3   3   1   3  25  16  12   0   1   3  0.43 0.24
  282 A     2   0  -1  -1  -3   0   0  -1  -1   0  -1   1  -2  -1   2   1   1   0  -2   0   20   5   1   2   0   3   7   3   1   5   7   7   0   2  10   9   8   1   1   5  0.12 0.11
  283 P     0  -3  -5  -5  -6  -2  -4  -2  -5  -2  -3  -2  -2  -4   7  -2  -1   6  -5  -3    7   1   0   0   0   2   1   3   0   2   2   2   1   1  59   2   3  12   0   1  1.68 0.58
  284 E     0   0  -1   1  -4   1   1  -2   0  -2  -3   0  -3  -3   5   0   0  -2  -2  -1    7   6   3   7   0   6   7   2   2   2   2   6   0   1  26   8   7   0   1   4  0.40 0.20
  285 E     1   0  -1   0  -3   1   1   1  -2  -2  -2   0  -1  -1   1   0   0   4  -1  -1   12   6   2   5   0   6  13  11   0   2   4   3   2   2   6   6   7   7   2   3  0.15 0.11
  286 I     1  -1  -2  -2  -3  -1  -1  -2  -3   2   1  -2   1  -1   1  -1   1  -2  -2   2   12   4   1   2   0   2   4   3   0  13  13   1   3   3   7   3  13   0   1  15  0.13 0.12
  287 C     2   1  -1   0   0   0   1   1  -1  -2  -2   0  -1  -3   1   0   0  -2  -2  -1   21   7   2   5   2   3  10  13   2   2   3   3   1   0   7   8   5   0   1   4  0.15 0.11
  288 V     1   1  -2  -1  -2   0   0   0  -3   1   0  -1   0  -1  -1  -1   0  -1  -2   2   13  10   0   2   0   3   6   6   0  11  11   3   2   2   3   4   5   1   1  18  0.08 0.09
  289 H     1   0  -1  -1  -3   1   0   2   2  -2  -1  -1  -1  -1   1   0   0  -3  -2   0   16   4   1   2   0   7   5  17   8   1   7   2   1   3   6   6   8   0   0   7  0.14 0.12
  290 I     1  -1  -3  -2  -2  -1  -2  -2  -1   2   2  -2   1  -2   1   0   1  -1  -2   1   11   4   0   1   0   3   2   3   2  16  18   1   5   0   7   5  10   1   0  12  0.16 0.12
  291 Y     2  -1  -1  -1  -3   0   0   1  -1   0  -1  -1  -1   1   1   0   0  -1   1  -1   25   2   1   3   0   4   6   9   1   6   6   4   1   6   6   6   4   1   6   3  0.10 0.10
  292 S     1   0   0  -1  -1   0   0   0   0  -2  -1   0  -1  -2   1   1   1   0  -1  -1   17   7   3   3   1   4   3   7   3   2   8   4   1   1   8  12  10   2   1   3  0.10 0.08
  293 Q     0   1   0  -1  -3   2   1  -1   1  -1   0   1  -1  -2   0   1   0   0  -1  -1    8   7   2   2   0  13   7   3   4   3   8   9   1   1   5  11   7   1   1   4  0.11 0.09
  294 K     0   1  -1  -1  -3   0  -1   0  -2  -1   0   1  -2   0   3   0   0   1   0  -1    6   9   3   2   0   5   1   8   1   4   8  12   0   4  18   5   6   2   4   4  0.18 0.11
  295 E     0   1  -1   0  -2   0   2   0   1  -1  -1   0  -1  -2   1   0  -1   1  -1   0    9   9   2   6   1   2  16   6   5   4   6   6   0   1   8   5   3   2   2   7  0.09 0.08
  296 P     1   0  -1  -1  -4  -1  -2   0  -2  -1  -2  -1  -3  -5   6  -2   0  -2  -4   0   15   5   3   3   0   2   1   8   1   3   4   3   0   0  38   2   6   1   0   6  0.67 0.29
  297 C     1   0  -2  -2   1   0  -1   2  -1   0   0  -1   0  -2   1   0   0  -1   0   0   15   6   1   1   3   4   2  15   1   3  12   2   3   1   6   7   6   1   3  10  0.07 0.08
  298 Y     0   0  -2  -2  -2   1  -1  -2   0  -1  -1  -1  -1   0   2   1   0   4   2   1    9   5   1   1   1   7   3   2   2   3   4   2   1   3  11  10   5   5   8  16  0.16 0.13
  299 L     1  -2  -2  -1  -1  -1  -1  -2  -3   1   2  -2   1  -1   2   0  -1   0  -3   1   12   1   1   3   1   3   3   3   0   6  26   1   3   1  12   5   3   1   0  14  0.19 0.14
  300 H     1  -1  -1  -1  -2  -1  -1   0   2  -1   0  -1  -1   1   0   1   0   4   1   0   14   2   2   4   0   2   4   6   6   3  11   1   1   6   4  11   7   6   5   5  0.09 0.08
  301 N     1  -2   1   0  -1  -2   0   4  -2  -2  -3  -2  -2  -2   2   0   0  -4  -3  -3   12   1   8   6   1   1   5  33   1   2   2   1   1   1  12   5   5   0   1   1  0.41 0.20
  302 I     1  -1  -2  -2  -2  -1  -1  -2  -3   2   2  -2   0  -2  -1  -1   0  -1   0   2   15   4   2   2   0   2   3   3   0  13  21   2   2   0   2   5   4   1   3  17  0.13 0.11
  303 Y     1  -1  -3  -4  -4  -2  -1  -2  -1   0  -2  -2  -1   1   1  -1  -1   1   6  -1   15   3   1   0   0   1   3   2   1   6   2   2   1   6   7   3   3   2  36   3  0.57 0.27
  304 Y     1  -2  -3  -2  -3  -3  -2  -1  -1  -1   0  -1  -2   3   0  -1  -2   3   5   0   12   1   0   2   0   0   2   5   1   3   8   5   0  11   5   4   1   3  26   8  0.36 0.20
  305 D     1  -2  -1   5  -4  -1   2  -1  -3  -1  -2  -2  -3  -1   1  -1  -1  -4  -3   0   15   1   2  36   0   2  12   4   0   3   3   1   0   3   6   4   2   0   0   6  0.44 0.22
  306 M     0  -2  -2  -1  -3  -1  -1  -2  -1   1   2  -1   1   3   0  -1   0   3   1   0    6   0   1   3   0   3   2   2   1   6  22   4   5  14   4   5   6   4   5   4  0.13 0.10
  307 L    -2  -2  -2  -2  -3  -1  -1  -2  -1   2   2   0   0   2   0   0   0  -2   1   1    0   1   1   2   0   2   5   2   1  13  23   6   1  10   5   8   4   0   4  13  0.12 0.10
  308 T     1   1  -1   0  -3   1   1   0   0  -1  -1   1  -1  -1   2   0   0  -3  -2  -1   15   9   2   3   0   5  11   5   2   2   6   8   2   4   9   8   4   0   0   4  0.11 0.07
  309 S     0   2  -1   0  -1   1   0   0  -1  -1   0   0  -1   1   2   0   0  -3  -1  -1    6  15   2   4   1   6   6   7   1   4  10   3   1   7   9   7   3   0   1   5  0.07 0.06
  310 G     1   1  -1  -2  -4   0  -2   4   0  -3  -2   1  -3  -4   3   0  -1  -1  -2  -2   12   9   1   1   0   5   1  30   2   1   4  10   0   0  13   4   2   1   1   3  0.37 0.18
  311 N    -1   2   3   2  -4   1   1   0   0  -2  -2   1   0  -3   0  -1  -1   1  -2  -2    5  12  20  12   0   5   9   5   2   3   3   7   3   0   4   3   2   2   1   2  0.23 0.14
  312 V    -1   1   0   0  -3  -1   0   0  -2   0   0   0  -1  -2   1   0   0  -1  -1   1    3  10   5   5   0   2   4  10   0   3  12   7   1   1   8   5   6   1   1  16  0.06 0.07
  313 A     2   0  -2  -1   1   0  -1   0   0  -1  -1   0  -2   0   1   1   0   1  -1  -1   21   6   0   3   4   3   1   8   3   4   6   5   0   4   8  11   7   2   1   2  0.10 0.09
  314 E     0   2  -1  -1  -3   0   1   1  -2   0   1   0  -1   0  -1   0  -1  -2   0   0    5  13   2   1   0   2  12  12   0   5  17   6   0   3   2   5   1   0   5   8  0.06 0.08
  315 F    -1   0  -1  -1  -1  -2  -2  -1  -2   0   1  -1   1   3   0   0  -1   4   2   0    4   5   3   4   1   0   1   5   0   3  16   3   3  14   4   6   4   7   9   7  0.14 0.10
  316 W     0  -2  -3  -3  -1  -3  -2   0  -1   1   1  -2   0   1  -1  -2   0   8   0   0    7   2   0   1   1   0   2  10   1  11  13   2   2   7   3   1   7  21   3   5  0.46 0.20
  317 F    -1  -3  -2  -2   2  -3  -2  -3  -3   2   1  -3   0   3  -1  -1   0   6   0   1    3   1   1   2   4   0   1   1   0  17  13   1   1  15   3   5   7  12   3   9  0.33 0.16
  318 C     1  -2  -3  -3   3  -3  -3   2  -4   2   1  -3   1   0  -2  -1   0  -3  -3   2   11   1   0   1   7   0   0  17   0  14  15   0   3   3   1   1   7   0   0  17  0.23 0.14
  319 Y     1  -1  -3  -2  -1  -1  -1   0  -2   2   1  -2   1   1  -2  -2  -1   0   1   2   16   4   0   1   1   1   4   6   0  13  18   1   2   7   2   0   1   1   7  14  0.12 0.10
  320 A     2  -2  -2  -3  -2  -1  -1   1  -3   1   1  -1   1  -1  -2   1  -1   0  -2   1   26   2   0   0   0   1   3  11   0   7  16   3   4   2   1  11   2   2   0  10  0.16 0.13
  321 P     0  -3  -1  -1  -3  -1   1   1  -3   1  -2  -2   0  -2   5   0   0  -4  -2  -1    9   0   1   3   0   3  10  12   0   9   3   0   2   1  28   8   5   0   1   4  0.40 0.18
  322 G     0  -1  -1   1  -3  -1  -1   3  -1   0   0  -2  -1  -2  -1   2   0  -4  -3   0    7   3   1   9   0   2   3  23   1   4   8   0   1   1   3  18   6   0   0   9  0.17 0.12
  323 N     1   0   0   0   0  -1  -1  -1  -2   1   0   0   0  -2  -1   0   1  -3  -2   1   15   5   6   5   2   0   1   4   0  13  11   7   1   0   3   7   8   0   0  13  0.07 0.08
  324 C     1   0  -2  -2   3   1   0   0  -1   0   1   0   0  -1  -1   0   0  -3  -2   0   14   3   0   0   8   8   4   9   1   5  15   8   3   2   2   9   4   0   0   4  0.08 0.09
  325 S     0  -3  -2  -1  -3  -2  -1   2  -1   0   1  -1  -1  -1  -1   1   1  -3  -1   0    4   0   0   3   0   0   3  20   1   6  20   3   0   3   3  16   8   0   2   8  0.14 0.13
  326 F    -1  -2  -3  -3  -3  -3  -4   1  -3   3   2  -3  -1   3  -4  -1   0  -3   1   1    4   2   0   1   0   0   0  14   0  19  23   0   0  16   0   4   7   0   4   6  0.29 0.17
  327 A     1  -1  -2  -2  -1  -2   0  -2  -3   1   0   0   0  -1   1   0   0   0   0   2   15   1   0   0   1   0   7   2   0  10   7   7   3   1   8   8   5   2   3  18  0.11 0.10
  328 L    -1  -2  -3  -1  -1  -2  -2   0  -3   2   2  -2   2   0  -2  -1   0  -3  -1   1    4   2   0   3   1   1   3  10   0  16  24   0   7   3   1   5   7   0   2  10  0.15 0.11
  329 S     3  -1  -1  -3   1  -1  -2   2  -1  -1  -2  -2  -1  -3   0   2  -1  -4  -2  -1   37   3   1   0   3   1   0  17   2   4   2   2   1   0   4  16   2   0   1   4  0.36 0.21
  330 M     0  -3  -1  -2   0  -1  -3   0  -3   2   2  -2   4  -1  -2  -1  -1  -3  -1   2    7   0   4   1   1   3   0   7   0  11  18   1  14   1   1   5   3   0   2  19  0.19 0.14
  331 M    -1  -4  -4  -4  -3  -3  -4  -2  -1   2   2  -3   2   2  -2  -2   0  -3   0   3    3   0   0   0   0   0   0   3   1  11  26   0   7   9   2   2   5   0   3  27  0.39 0.19
  332 K     1   3  -1  -2  -3   0  -1   1  -1  -1   0   2  -2  -1  -1   0  -2  -3   0  -1   12  20   3   0   0   2   3  10   1   3   9  17   0   3   3   5   0   0   4   4  0.17 0.12
  333 Q     1  -3  -1  -1  -3   1   0   4  -3  -1  -2  -1  -1  -1  -1   0   0   1  -3   0   10   0   2   3   0   7   5  36   0   4   3   2   2   3   3   5   4   2   0   8  0.28 0.15
  334 F     0  -2   0  -2  -3  -3  -3  -1  -3   2   2  -2   4   2  -3  -1  -1  -3  -2   0    9   2   5   2   0   0   0   5   0  16  26   1  13   9   0   5   3   0   0   3  0.25 0.16
  335 L     0  -4  -2  -2   0  -2  -3  -2  -4   3   3  -3   1  -1  -1  -2   0  -4  -3   3    6   0   2   2   2   2   0   3   0  18  31   0   2   2   3   2   4   0   0  23  0.34 0.18
  336 N     0   2   0  -1   0   0   0  -1   1  -2   0   0  -1  -2  -1   2   0  -3   1  -1    8  15   4   3   2   5   5   4   3   0   9   1   1   0   2  18   7   0   8   4  0.11 0.10
  337 Q     0   2   1   0  -3   1   0  -1  -2  -3  -3   0   1  -2  -3   3   2  -4  -1  -2    6  15   5   4   0   8   5   5   0   0   0   3   5   2   0  25  15   0   1   2  0.29 0.18
  338 R     1   0  -1  -1  -3   1  -1   0  -2  -1   1   1   0  -1   2   0   0  -3   0  -1   14   6   1   2   0   6   2   6   0   1  19   9   1   3  11   9   3   0   3   3  0.11 0.09
  339 E     0   0  -1   1   0  -1   2  -3  -1   0   0  -1  -1  -1  -1   0   1  -3   0   0    7   7   2  10   2   0  15   0   2   8  10   2   0   3   2   9  11   0   4   7  0.08 0.09
  340 E     0   0   1  -1  -3   1   1   1   3  -2   0   0   2  -2   0   0   0  -3  -2  -1    5   4  10   1   0   6  12  12   9   0   9   3   8   2   5   4   4   0   0   6  0.11 0.10
  341 K     0   3   1   0  -3   0   1  -2  -2  -3  -1   1  -1  -4   0   2   1  -4  -3  -1    5  17   7   5   0   2   8   0   0   0   5   8   2   0   3  23  11   0   0   3  0.26 0.16
  342 A     1  -1  -3  -3  -3  -1  -2  -1  -3  -1   1  -1   0  -2   4   0   1  -3   1   1   17   4   0   0   0   3   2   4   0   0  13   3   3   0  19   3  13   0   6  10  0.27 0.15
  343 K     1   0   0   1  -3  -1   1  -2  -2  -3  -1   2  -1  -2   3   1   1  -4  -3  -2   11   4   3   9   0   0   8   0   0   0   6  19   1   2  14  11  10   0   0   2  0.25 0.14
  344 D     1  -1   0   3  -3  -1   1   1   1  -2  -2  -1  -2  -3   1   0   1  -4  -3   0   14   2   2  19   0   0   7   9   5   0   4   3   0   0   7   7  10   0   0  11  0.18 0.12
  345 I     0  -2  -2  -2  -2  -1   0  -1  -3   1   2   0   0   0   1   0   0  -3  -2   0    8   0   0   2   0   2   6   3   0  11  26   7   2   5   9   9   3   0   0   5  0.11 0.09
  346 Q    -1   1  -1   1  -1   3   2  -1   0  -3  -3   2  -2   1  -1   0   1  -3  -2  -1    2   6   2   9   2  18  13   3   2   0   0  12   0   7   2   7  10   0   0   6  0.23 0.15
  347 T    -1   1  -1   2  -1   1   1   0  -2  -3  -1   1  -2  -3   0   1   2  -4  -3  -2    2  10   0  14   2   7   9   8   0   0   9   7   0   0   5   8  19   0   0   2  0.20 0.14
  348 V     1  -1   0  -2  -2   1  -1  -2  -2   1   1   0   1   0   1  -1   0  -3  -2   1   11   3   5   0   0   9   2   1   0   9  12   6   4   5   8   4   4   0   0  17  0.09 0.08
  349 I    -1  -2  -3  -2   0  -3  -3  -1  -3   3   0  -3   1  -1   2   0   1  -4  -2   3    4   2   0   2   2   0   0   6   0  19   7   0   4   2  11  10   7   0   0  24  0.23 0.14
  350 K     0   2   1   0  -3   2   2  -2  -2  -2   0   1  -1   0  -1   0   1  -3  -2  -2   10  11   6   4   0  10  16   0   0   0  12   6   0   5   2   7  10   0   0   0  0.17 0.12
  351 S     0   0  -1   0  -1   1   1  -2   0   1   0   0   0  -1   0   1   0  -3  -2   0    9   3   2   4   1   6  13   0   2  10   6   7   2   2   4  14   6   0   0   8  0.07 0.06
  352 M     0  -3   0  -1  -2  -1   0  -2  -2   2   2  -2   1  -1   1  -2   0  -3   0   2    6   0   5   3   0   2   7   2   0  12  28   0   3   0   8   0   4   0   4  15  0.16 0.11
  353 D     0  -1   3   2  -3   2   0  -1  -2   0  -3  -1  -2  -3   0   1   1  -4  -1   0    8   2  19  12   0  14   5   2   0   6   0   0   0   0   4   9   8   0   2   8  0.23 0.14
  354 T     1   0  -1   0   2   0   1  -1  -2  -1  -1   0  -1  -1   1   0   1  -3  -2  -1   16   4   2   6   5   4  13   5   0   2   7   6   0   2   6   7  13   0   0   2  0.11 0.08
  355 L    -1  -2  -3  -2  -2  -1  -1  -2  -3   1   3  -2   2   1   1   0   0  -2   0   1    4   2   0   2   0   2   5   2   0   5  35   0   5   7   7   6   6   0   2   8  0.17 0.11
  356 C     0  -1   0  -1   2   1  -2   0  -2   2   1  -2   0  -2   0   0   1  -3  -3   1    8   2   5   2   6  10   0   9   0  17  15   0   2   0   4   6   8   0   0   7  0.09 0.10
  357 K     0   1  -1   1  -2   1   1  -1  -2  -1   0   1   0  -2   0   1   1  -3  -2  -1    9   9   0   7   0   4  10   3   0   4   8  14   2   0   5  10  10   0   0   4  0.11 0.07
  358 T     2  -2  -1  -2  -2   1   1  -1  -2   1  -1   0   2  -3  -2   1   3  -3  -2  -1   18   0   2   0   0   7  10   3   0  10   5   5   7   0   0   7  22   0   0   1  0.19 0.14
  359 M     0  -3  -1   1  -2  -2  -1  -1   0   0   2  -2   3   0  -1   1  -1  -3  -2   0    7   0   2   8   0   0   4   4   2   4  31   0  10   3   2  13   2   0   0   6  0.15 0.12
  360 H    -1   1   3   0  -4   1   1   1   3  -2  -2   1  -2  -4   0   0   0  -4  -2  -3    2   6  20   2   0   4  12  13  11   2   4   9   0   0   4   5   5   0   0   0  0.28 0.14
  361 I     0   2  -2   1  -3   0   1  -2   1   1  -1  -1  -1  -2   2   0   0  -3  -1   1    8  16   0  10   0   2   9   3   5   9   6   0   0   0  11   5   4   0   2  12  0.13 0.10
  362 P    -2  -3  -1  -2  -4  -2   0  -4  -3   0   0  -3   1  -1   6  -2   2  -4  -3   0    0   0   2   2   0   0   7   0   0   5  11   0   4   2  43   0  16   0   0   7  0.81 0.26
  363 I    -1  -3  -1  -3  -2  -1   0   0  -3   3   2  -2   0   2   0  -2  -2  -2  -1   1    3   0   3   0   0   3   7   7   0  24  21   0   0  12   5   1   0   0   0  11  0.20 0.12
  364 C     0   0  -1   3   5   0   0  -2  -2   0  -1   0  -1  -3   1   0  -1  -4  -3   0    5   7   0  21  15   4   3   3   0   6   5   4   2   0   7   9   3   0   0   7  0.22 0.12
  365 K     0   1   0  -1  -4   2   3   1  -2  -4  -2   2  -3  -4   0   1   0  -4  -3  -3    7   6   2   0   0   8  30  10   0   0   3  14   0   0   5   8   7   0   0   0  0.36 0.17
  366 E     0  -1  -2   0  -4   4   1  -1   1  -3  -3  -1   0   0   4  -1  -1  -4  -2  -1   10   2   0   4   0  23  10   5   4   0   0   2   3   6  20   2   3   0   0   5  0.39 0.19
  367 G    -1  -1   0   1  -3  -1  -1   4  -2  -2  -3  -1  -3  -3   1   0   0  -3  -1  -1    3   4   5  10   0   3   2  41   0   2   0   2   0   0   6   6   8   0   3   5  0.40 0.16
  368 I    -2  -3  -3  -1   2  -3  -2  -2  -2   1   1  -3  -1   4   1   0  -1  -2   2   2    0   0   0   3   5   0   3   3   0   9  12   0   0  21   7   8   3   0   9  16  0.23 0.13
  369 S     1   1  -1   1  -3   0   1   0  -2  -3  -2   2  -2  -3   2   2   0  -3  -3  -1   14   8   0   7   0   2  10   7   0   0   3  13   0   0   8  18   5   0   0   3  0.21 0.10
  370 C    -1  -2  -2  -2   1   0   0  -1  -2   1   1  -1   1   1   1  -1   0  -2   0   1    3   1   0   1   4   3  10   6   0  10  21   3   2   6   9   4   3   0   3  11  0.07 0.05
  371 C     0  -2  -1  -1   3   0  -1  -1  -2   1   0  -2   1  -2   1   1   1   2  -2   1   10   1   3   4   8   4   1   4   0  12   7   1   5   1   7  10   9   3   0  11  0.09 0.06
  372 C    -1   1  -2   0   2  -1  -1  -1   2  -1   1   0  -1   3  -3   0  -1  -2   1  -1    3   9   0   7   7   0   4   4   8   0  15   5   0  19   0  10   0   0   4   4  0.12 0.10
  373 F    -2  -3  -1  -3  -3  -3  -3  -4  -2   0   3  -1   0   4  -3   0  -2  -2   3   1    0   0   3   0   0   0   0   0   0   4  37   4   0  20   0   9   0   0  10  11  0.38 0.17
  374 I     0   0   1   2  -2  -1   1  -2  -1   0   0   0   0  -1   0   0   0  -3   0   1    8   3  11  13   0   0  10   0   0   6   6   6   2   3   3   5   5   0   3  14  0.07 0.05
  375 F    -1  -3   0   0  -2  -2  -1  -3  -2   2   2  -2   2   1   1   0   1  -3   0  -1    3   0   6   6   0   0   3   0   0  13  30   0   6   6   8   7   9   0   3   0  0.18 0.12
  376 F    -1   0   3  -1  -3   0  -1   1   2  -1  -1   0  -1   1  -3   1   0   1   0  -1    4   4  19   0   0   2   0  13   6   3   6   6   0   9   0  15   3   2   2   6  0.13 0.10
  377 L     0  -2   1  -2  -3  -1   1   0  -2  -1   1   0   1  -2   3  -1   1   2  -2  -1    6   0   8   0   0   0  12   7   0   3  14   6   6   0  19   3   9   3   0   3  0.21 0.11
  378 E     0   0   3   4  -3   0   2  -2  -2  -3  -2   0  -3  -4   0   1   0  -4  -3  -2    6   6  14  26   0   3  15   0   0   0   3   3   0   0   3  12   6   0   0   3  0.37 0.15
  379 E    -1   1   1   0  -3   2   3  -1   0  -1  -3  -1  -2  -3   2   0   2  -3  -2  -1    1   8   7   4   0   8  25   4   3   3   1   0   0   0  10   3  17   0   0   6  0.27 0.13
  380 L    -1  -1  -3  -3  -2  -2  -3   0  -3   2   3  -2   1   1  -3  -2   1  -2  -2   0    3   4   0   0   0   0   0  10   0  10  44   0   3   8   0   0  10   0   0   4  0.30 0.14
  381 M     0  -2  -2  -1  -2  -1  -1  -3  -2   1   1  -1   3  -2  -3   1   2   2  -1   1    4   0   0   3   0   2   4   0   0   7  10   3  12   0   0  16  21   4   2  12  0.19 0.14
  382 C     0  -3  -3  -4   4  -1  -3  -4   1  -1   0  -3  -2   4  -4  -1  -1   3   5   1    9   0   0   0  10   4   0   0   4   0   7   0   0  19   0   3   4   3  28  10  0.51 0.20
  383 F    -1  -3  -4  -4  -2  -3  -4  -4  -4   4   2  -3   0   1  -3  -3  -1  -3  -2   4    3   0   0   0   0   0   0   1   0  35  17   0   0   7   0   0   3   0   0  31  0.54 0.19
  384 S     1  -2   1  -2  -3  -2   1  -1  -2  -1  -3  -2  -3  -4   0   5   1  -4  -3   0    7   0   5   0   0   0   8   3   0   3   0   0   0   0   4  58   4   0   0   8  0.56 0.25
  385 C     0   1  -3  -4   8   1  -3  -3   1  -1  -2   0  -2   0  -4  -1  -1  -3  -3  -2    7   8   0   0  47   7   0   0   4   4   3   7   0   6   0   3   3   0   0   0  0.91 0.27
  386 G    -1  -1   1  -2  -3   0  -3   5   0  -3  -2  -2  -3  -4  -3   1  -2  -4  -3   0    0   4   7   0   0   5   0  58   3   0   4   0   0   0   0   9   0   0   0   8  0.72 0.23
  387 K    -1   0   0   0  -3   0   0   2   1  -2  -2   1  -1  -1   2   0  -1  -2   2  -2    4   4   4   4   0   3   7  17   5   3   0  14   2   3  13   3   4   0  10   0  0.19 0.09
  388 T     1   0   0   1  -2   1   1   1  -2  -2  -3  -1  -2  -3  -2   2   2  -3   0  -1   14   4   3  10   0   6  10  11   0   0   0   0   0   0   0  22  13   0   4   4  0.22 0.12
  389 D     0  -2   0   1  -2   0   0  -2   0   0   0   0  -1  -2   4   0   0  -3   0  -1   10   0   3  10   0   4   4   0   2  10   9   6   0   0  20   8   4   0   5   4  0.21 0.09
  390 F    -1  -3  -3  -1  -2  -3  -3  -2  -3   2   3  -1   0   2  -3  -3  -2   5  -1   1    3   0   0   4   0   0   0   4   0  18  32   6   0  12   0   0   0   8   0  10  0.33 0.14
  391 S    -3   1  -3  -3  -4   0  -2  -4   4   1  -2   0   2  -2   0  -1   0   8  -1  -2    0  10   0   0   0   4   0   0  15  10   3   6   8   0   4   4   7  28   0   0  0.77 0.25
  392 L     0  -1  -3  -4  -2  -1  -3  -4   0   3   2  -2   4   0   0  -2   1  -3  -2   2    6   2   0   0   0   4   0   0   3  18  16   0  19   3   4   0  10   0   0  16  0.30 0.15
  393 K    -2  -2   0  -2  -3  -2   0  -3   0   0   0   1  -2  -1   5   1  -1   2  -2   0    0   0   4   0   0   0   7   0   2   6  14  10   0   2  32  12   2   3   0   6  0.45 0.17
  394 K     0   1   1   1  -3   2   1  -2  -1  -2  -2   2  -1  -3   2   1   0  -3  -3  -1    8   6   6   7   0  13  10   0   0   0   3  14   2   0  12   9   4   0   0   4  0.25 0.10
  395 Q     0  -1   1   0  -3   2   2   0  -2  -3  -2   2  -2  -4  -2   2  -1  -4  -3  -1    7   0   8   4   0  11  19   7   0   0   3  15   0   0   0  19   0   0   0   6  0.27 0.14
  396 T    -1  -2   2  -2  -3  -2  -2   4  -2  -1  -1  -1   0  -3  -3   2   1  -3   0  -2    2   0  13   0   0   0   0  36   0   3   7   3   4   0   0  18  10   0   4   0  0.39 0.17
  397 G    -1   3  -1  -2  -4   1   0   3   0  -4  -4   2  -3  -1  -3   1  -1  -3   0  -3    2  24   0   0   0   8   5  27   3   0   0  12   0   3   0   9   4   0   4   0  0.40 0.16
  398 G     0   0   2   1  -3   1   2   1   1  -2  -2   2  -2  -3  -2  -1   0  -3  -1  -1    7   3  11   7   0   6  19  11   4   0   4  15   0   0   0   0   4   0   2   7  0.18 0.10
  399 V    -1  -1  -3  -3  -3  -2  -3  -4  -3   1   1  -1  -1  -2   5  -2   1  -4   0   2    3   4   0   0   0   0   0   0   0  11  13   4   0   0  33   0  12   0   4  16  0.55 0.19
  400 Q    -1   3  -1  -2  -3   2   1  -1   0  -2   0   2  -1  -1   0   0  -1  -3  -2  -2    3  25   0   0   0  14   8   4   2   2  10  13   0   3   5   7   3   0   0   0  0.26 0.13
  401 R     0   4  -1   1  -3   1   2  -3  -2   0  -2   2  -2  -3   0   0  -1  -4  -3  -2   10  28   0   7   0   4  17   0   0  10   3  10   0   0   3   5   3   0   0   0  0.30 0.14
  402 F    -2  -3  -4  -4  -3  -3  -4  -4  -1   3   2  -1   0   3  -1  -3  -2   5  -1   2    0   0   0   0   0   0   0   0   2  23  26   4   0  14   3   0   0   8   0  19  0.48 0.18
  403 Q    -1  -2   0   0  -2   1  -1  -1  -2   2   2  -1   0   0  -2   0   0  -3  -2   1    3   0   6   4   0   8   4   3   0  20  21   3   0   3   0   6   7   0   0  10  0.09 0.08
  404 A     4  -3  -2  -3  -2  -2  -2   1  -3  -3  -3  -2  -3  -3  -2   4   1  -4   0  -1   37   0   0   0   0   0   0  11   0   0   0   0   0   0   0  35  10   0   4   4  0.54 0.23
  405 E    -2  -1   2   2  -4   0   4  -1   1  -4  -4   1  -3  -1  -1   1   0  -3   0  -3    0   0  14  11   0   2  32   2   4   0   0   6   0   4   3  11   6   0   4   0  0.40 0.16
  406 S    -2   0   5  -1  -3  -1   0   1  -2  -1   1  -2  -2  -3  -3   2  -1  -4  -3  -2    0   4  34   0   0   0   7  11   0   4  17   0   0   0   0  22   0   0   0   0  0.41 0.20
  407 Q     0  -3  -1   2  -4   1  -2  -3  -3  -2  -4  -2  -3  -4   6   0   0  -5  -4  -1    8   0   3  12   0   8   0   0   0   3   0   0   0   0  50   4   8   0   0   6  0.99 0.25
  408 G     1  -2  -2   1  -2  -1   0   1  -2  -1   1  -2  -1  -1   3   0   0  -3  -2   0   12   0   0   8   0   3   8  12   0   0  21   0   0   3  15   6   8   0   0   6  0.18 0.09
  409 I    -2  -3  -4  -4  -3  -3  -4  -2   0   2   5  -3   0  -1   0  -3   1  -3  -3   0    0   0   0   0   0   0   0   4   3  11  65   0   0   0   4   0  12   0   0   0  0.60 0.23
  410 G     0  -4   0  -3  -4  -3  -2   6  -4  -4  -3  -3  -4  -5  -4  -2  -3  -4  -5  -2    5   0   4   0   0   0   3  81   0   0   3   0   0   0   0   0   0   0   0   4  1.33 0.32
  411 E     0   0  -1   0  -2   0   1  -1  -2   0  -1   2   1  -3  -2   0   2  -3  -2  -1    9   4   0   4   0   3   9   5   0   9   4  20   8   0   0   6  18   0   0   3  0.14 0.10
  412 E     0  -2   1   3  -3  -1   2  -3   0   0   0  -1  -2  -3   0  -1   2  -4  -3   0    7   0   7  22   0   0  20   0   2   7   8   0   0   0   3   0  16   0   0   7  0.25 0.13
  413 T    -1  -3  -1  -3  -3  -2   0  -1  -3  -1   0  -2  -2  -4   6   0   1  -4  -4  -1    3   0   2   0   0   0   6   3   0   4  11   0   0   0  50   6   8   0   0   4  0.90 0.23
  414 P     0  -2   1   1  -3   1   1   1   0  -2  -2  -1   1  -3   2   2   0  -4  -3  -1    3   0   9   8   0   8   8  12   3   0   3   0   7   0  12  18   4   0   0   4  0.22 0.10
  415 L     0  -1  -1   0  -2   0   0  -3   0   0   1  -1   0  -1   2  -1   1   2   0   1    6   3   3   4   0   4   8   0   3   6  21   0   0   0  12   3  10   3   5  10  0.12 0.07
  416 E     0  -1   0   0  -3   3   3   0   3  -3  -2   1  -2  -3  -2   0  -1  -4  -2  -1    5   0   5   3   0  15  30   8   8   0   4  10   0   0   0   3   3   0   0   7  0.31 0.14
  417 I    -3  -3  -4  -4  -3  -4  -4  -4  -3   3   1  -1  -1   6  -4  -3   0  -1   2   0    0   0   0   0   0   0   0   0   0  24   9   4   0  50   0   0   5   0   4   4  0.73 0.21
  418 H    -1   2   1  -1  -3   2   0   1   2  -2   0   0  -1   0  -2   0   1  -2   1  -2    0  15   8   0   0  13   6  10   5   0  10   3   0   3   0   7   9   0   7   0  0.14 0.07
  419 E    -1  -2  -2   0  -4   0   6  -3   2   0  -2  -1  -2  -3  -2   0  -2  -4  -3  -2    5   0   0   0   0   0  68   0   7   9   4   0   0   0   0   4   0   0   0   0  0.76 0.23
  420 Q     1  -2   0  -2  -2   3  -1   1  -2  -1  -2  -1  -2  -3  -2   0   4  -3  -3  -1   12   0   4   0   0  20   0  14   0   4   1   0   0   0   0   4  36   0   0   3  0.34 0.15
  421 S     1  -1  -1  -2  -2   0   0  -1  -2   0  -1   1  -1  -2  -2   1   2  -2   1   2   10   0   0   0   0   4   7   4   0   4   1  12   0   0   0  10  16   0   6  24  0.12 0.08
  422 F    -2  -2  -1   3  -3   1   0  -3  -2   0   0  -2   1   2  -2  -1   0  -2   0   1    0   0   0  26   0  10   4   0   0   4   6   0   4  14   0   3   4   0   3  19  0.20 0.10
  423 L     3  -2   4   0  -2  -1   1  -1  -2  -3  -1  -1  -2  -3  -2   1   0   2  -2  -2   34   0  26   3   0   0  10   0   0   0   5   0   0   0   0  12   6   4   0   0  0.37 0.16
  424 W    -4  -4  -4  -4  -4  -3   1  -4  -4  -4  -2  -4  -3   3  -5  -1  -4  11   0  -4    0   0   0   0   0   0  12   0   0   0   4   0   0  14   0   6   0  64   0   0  2.15 0.36
  425 E    -1  -1   3   1  -3   0   3   1   1  -4  -4   2  -3  -4  -2   1   0  -4  -3  -3    3   0  18   4   0   0  24  10   4   0   0  21   0   0   0  10   6   0   0   0  0.37 0.12
  426 P     0  -2  -2  -2  -3   0   2  -3  -2   3  -1  -1   1  -3   4   0  -1  -4  -3   1    4   0   0   0   0   3  17   0   0  26   0   4   4   0  25  10   0   0   0   7  0.40 0.13
  427 G     1   0  -1   1  -4  -2  -2   6   1  -5  -4  -2  -4  -4  -3  -1  -3  -4  -4  -4   12   6   0   9   0   0   0  70   4   0   0   0   0   0   0   0   0   0   0   0  0.99 0.22
  428 D    -3  -3   3   6  -4  -2   1   0  -2  -4  -4  -2  -4  -5   0  -1  -2  -5  -4  -1    0   0  12  67   0   0   4   6   0   0   0   0   0   0   4   0   0   0   0   6  1.02 0.24
  429 E    -1  -2  -1  -1  -3   0   3  -3  -2  -1   0  -1  -2  -3  -2   2   4  -4  -3  -2    0   0   0   0   0   4  25   0   0   4  10   0   0   0   0  21  36   0   0   0  0.43 0.17
  430 L     0  -2  -3  -3  -2  -2  -1  -4  -3   0   4  -1   2   2  -3  -2  -2  -2  -1   1    9   0   0   0   0   0   6   0   0   0  54   4   6   8   0   0   0   0   0  12  0.37 0.14
  431 I    -1  -3   0  -3  -2  -3  -3  -4  -3   5   1  -1   0  -1  -3  -2  -1  -3   0   3    4   0   6   0   0   0   0   0   0  48   7   6   0   0   0   0   0   0   4  25  0.45 0.16
  432 V    -1  -3  -3   0  -2  -3  -3  -4  -3   2   4  -3   2   1  -3  -3  -2  -3  -2   2    6   0   0   6   0   0   0   0   0   6  54   0   3   6   0   0   0   0   0  18  0.43 0.14
  433 H    -2  -2  -1  -1   4   2  -2  -1   7  -4  -3  -2  -2   0  -3   0  -2  -2   4  -3    0   0   0   3  13  12   0   4  36   0   0   0   0   4   0  10   0   0  19   0  0.73 0.21
  434 T    -1  -2   2   1  -2   0  -1  -2  -2  -3  -3  -1  -2  -4  -2   4   4  -4  -3  -2    0   0   8   6   0   4   0   0   0   0   0   0   0   0   0  49  33   0   0   0  0.65 0.22
  435 P    -1   0  -3  -3  -3  -2  -3  -3   1  -2  -1  -2   0   3   6  -1  -2   5  -1  -1    3   7   0   0   0   0   0   0   4   0   5   0   4  18  40   4   0  11   0   4  0.81 0.18
  436 K     0  -1   2   3  -3   2   3   0  -1  -4  -4   1  -3  -4  -2   1   0  -4  -3  -3    6   0  15  22   0  12  20   7   0   0   0   6   0   0   0   7   5   0   0   0  0.41 0.11
  437 A     2  -1  -2  -2  -2  -2  -2  -2   0   2   1  -2   0  -2   1  -1   0  -3  -2   1   34   4   0   0   0   0   1   1   4  16  17   0   0   0   8   1   5   0   0   8  0.18 0.09
  438 R     0   2   1   1  -3   0   3   1  -1  -3  -2   1  -2  -3  -2   0   0  -3  -3  -2    5  11   7   4   0   0  33  13   0   0   4  12   0   0   0   4   7   0   0   0  0.30 0.10
  439 D    -1  -2   1   4  -3   0   3  -1  -2  -2  -3  -1  -2  -3  -2   0   0  -4  -3   0    4   0   4  38   0   4  21   4   0   0   0   0   0   0   0   4   8   0   0  12  0.42 0.12
  440 L     0  -2   1   0  -2  -1  -1  -2   0   1   1  -1   2  -2   2   0   0  -3  -2   1    8   0   8   8   0   0   0   0   4   8  16   0   9   0  12  11   5   0   0  10  0.12 0.05
  441 V     2  -2  -2  -3  -1  -2  -2  -1  -2   2   1  -2   2   1  -2   0   0  -2  -1   1   23   0   0   0   0   0   0   5   0  18  17   0   8   6   0   5   4   0   0  13  0.15 0.06
  442 Y     1   0   2  -1  -2  -1   1  -2  -1  -1  -1  -1   0   2  -2   1  -1  -2   1  -1   18   5  13   0   0   0  13   0   0   0   6   0   5  11   0  17   0   0   7   4  0.11 0.07
  443 L    -2  -1   0   0  -2  -1   0  -3   1   0   3   1   0   1  -2  -2   0  -2  -1  -1    1   0   5   6   0   0   5   1   5   0  47  14   0   9   0   1   5   0   0   1  0.18 0.09
  444 Y     0   0   1   2  -3   0   2   1  -1  -2  -2   1  -2   1  -2   0   1  -2   1  -2    5   6   6  12   0   0  19  10   0   0   1  10   0   8   0   5  10   0   7   1  0.16 0.05
  445 C     1  -2  -1   1   2  -1  -1  -2  -2   1   0   0   0  -2  -2   1   1  -3  -2   1    9   0   0   9   7   0   1   1   0  10  13   5   0   0   0  19  14   0   0  10  0.10 0.05
  446 P    -1  -2   1   0  -2  -2  -2  -2  -2   1   1  -2   1  -2   4  -1  -1  -3  -2   1    5   1  10   5   0   1   1   1   0  14  19   1   5   1  27   1   1   0   0   9  0.33 0.07
  447 S     1  -1   0  -1  -2  -1   1  -1  -1  -1   1   0   1   0  -1   2   0  -2  -1  -1    9   1   5   1   0   1  10   1   0   1  21   5   6   5   1  30   1   0   1   1  0.11 0.06
  448 F    -1  -2   0  -1   2  -1   1  -2  -1   1   1  -1   0   3  -2  -1  -1   3   1   0    1   1   5   1   6   1  18   1   0  14  16   1   0  16   1   5   1   4   5   1  0.11 0.05
  449 L     0   0   0   1  -2   0   1  -1  -1  -1   1  -1   1  -1  -1   0   1  -2  -1  -1   12   5   5  11   0   1  11   2   0   1  25   1   5   1   1   6   9   0   1   1  0.07 0.04
  450 K     0  -1  -1  -1  -2   1   2   1  -1   0  -1   1  -1  -2  -1   0   1  -2  -2   1    6   1   1   1   0   5  21  14   0   6   2   8   0   1   1   6  11   0   1  13  0.11 0.04
  451 L    -2  -3  -3  -3  -2  -2   0  -4  -3   3   4  -2   1  -1  -3  -2  -1  -2  -2   2    1   0   0   0   0   0   8   1   0  19  54   0   0   0   0   1   0   0   0  13  0.40 0.11
  452 Q    -1   0   1  -1   2   3   0   0  -1  -2  -1   1  -1  -3   1   2   0  -3  -2  -2    1   1   5   1   5  23   1   6   0   1   5  13   0   0   5  26   5   0   0   1  0.24 0.09
  453 D     0   1   1   4  -3   0   3  -2  -1  -3  -3   0  -2  -3   1   1  -1  -3  -3  -3    6   9   6  30   0   0  28   1   0   0   1   1   0   0   5  11   1   0   0   1  0.44 0.09
  454 R    -1   3   3  -1  -3   2  -1  -2   3  -3  -2   0   1  -2  -2   1  -1  -2   1  -2    1  28  23   0   0  10   1   1  10   0   1   1   6   0   0  11   1   0   6   1  0.35 0.10
  455 G     0   0  -2  -2  -2   0   0   0  -2   0   2  -1   0  -1  -2   0   1  -2  -2   1   10   7   0   0   0   5   6   8   0   0  33   1   0   0   0   5  11   0   0  11  0.08 0.05
  456 Q    -1  -1  -1   0  -2   3   1  -2   3  -1   0   0  -1   0  -2   0   1  -2   1  -1    1   0   0   6   0  24   5   1  11   0  15   6   0   6   0   5  14   0   4   1  0.17 0.07
  457 I     0  -2  -2  -3  -2  -2  -2  -2  -2   1   3   0   1   2  -2   0   0  -2   0   1   11   0   0   0   0   0   1   1   0   8  39   7   0  14   0   6   6   0   0   5  0.16 0.06
  458 D     1   0  -1   2  -2  -1   0  -1  -2  -2  -3  -1  -2  -3   3   3   0  -3  -3  -1   15   6   0  17   0   0   5   0   0   0   0   0   0   0  14  35   0   0   0   5  0.36 0.10
  459 I     0  -3  -3  -3  -2  -2  -2  -3  -3   3  -1  -2   1  -2   6   0  -1  -4  -3   0   11   0   0   0   0   0   0   0   0  28   0   0   6   0  46   5   0   0   0   0  0.82 0.14
  460 F     2  -1  -1  -2  -2   3  -1  -2  -1  -2  -2   1  -1   3  -2   0   2  -2  -1  -2   25   0   0   0   0  26   0   0   0   0   0  10   0  20   0   0  16   0   0   0  0.27 0.11
  461 C     0   2  -1  -2   4   3   0  -2  -1  -3  -3   3  -2  -3  -2   1  -1  -2   0  -2    5  15   0   0  14  20   0   0   0   0   0  28   0   0   0   9   0   0   5   0  0.38 0.11
  462 E    -1  -1   1  -1  -3   4   1  -1  -1   0  -1   0  -1  -3   1   1  -1  -3  -2   0    0   0  10   0   0  41   8   5   0   6   5   0   0   0   7   9   0   0   0   6  0.31 0.11
  463 T     1  -2  -2  -2  -1  -2  -2  -2  -2   2   0  -2   1  -1  -2   1   1  -2   2   2   15   0   0   0   0   0   0   0   0  16   0   0   6   0   0  15  14   0  10  22  0.17 0.07
  464 D    -2  -2   1   4  -4   0   4   0  -1  -4  -4  -1  -3  -4   2  -1  -2  -4  -3  -4    0   0   6  28   0   0  47   9   0   0   0   0   0   0  10   0   0   0   0   0  0.71 0.15
  465 N     2   0   2   2  -2   0   0   0   1  -3  -3   0  -2  -3  -2   2   1  -3  -2  -2   22   5  12  15   0   0   5   5   5   0   0   5   0   0   0  16  10   0   0   0  0.25 0.07
  466 L    -2  -3  -3  -4  -2  -3  -3  -4  -3   3   3  -3   4  -1  -3  -2   1  -3  -2   2    0   0   0   0   0   0   0   0   0  31  34   0  16   0   0   0   9   0   0  11  0.44 0.11
  467 Q    -1  -2  -2  -2  -2   2  -1  -3   2   1   2  -1   0   0  -3   1  -1  -3  -1   1    0   0   0   0   0  17   0   0   7   6  32   0   0   5   0  21   0   0   0  13  0.17 0.09
  468 K    -1   3  -1  -2   1   0   1   1  -2  -2  -1   2  -1  -3   2   0  -1  -3  -2   0    0  28   0   0   5   0  11  13   0   0   6  13   0   0   9   6   0   0   0  10  0.22 0.07
  469 G     1   0   1  -1  -3   0   1   2  -2  -3  -3   4  -2  -4  -2   0   0  -4  -3  -3   15   0   5   0   0   0   6  14   0   0   0  49   0   0   0   6   5   0   0   0  0.39 0.11
  470 I     0  -3  -2  -3   2  -2  -3  -3  -3   2   2  -2   2  -1  -3   0   1   3  -1   2    6   0   0   0   6   0   0   0   0  14  25   0   6   0   0   5  15   6   0  15  0.23 0.07
  471 R     0   1  -1  -1  -2   1   1  -2  -1  -2  -1   1  -1  -3  -2   3   2  -3  -2  -1    6   8   0   0   0   7  10   0   0   0   6   6   0   0   0  31  22   0   0   5  0.24 0.08
  472 Q    -1   1   0  -1  -3   4   2  -2   2  -3  -3   1  -2  -3  -2   3   1  -3  -2  -3    0   5   0   0   0  33  11   0   6   0   0   6   0   0   0  31   7   0   0   0  0.45 0.12
  473 K     1   1  -1  -2  -2   1  -1   0  -1  -1   0   2   3  -1   1   0  -1  -2   1  -1   17   7   0   0   0   6   0   7   0   0   7  20  18   0   6   6   0   0   6   0  0.14 0.07
  474 Y    -1   0  -1   1  -3   3   2  -3  -1  -3  -1   2  -1  -2   1  -1   1  -2   1  -2    0   0   0   7   0  24  18   0   0   0   6  18   0   0   6   0  13   0   8   0  0.31 0.09
  475 D     1  -1  -1   2  -3   0   1  -2   4  -1  -2   0   1  -2  -2  -1   0   4  -1  -2   18   0   0  19   0   0  11   0  20   6   0   7   7   0   0   0   6   7   0   0  0.26 0.08
  476 R     0   2   2   1  -3   0   1   0  -1  -1  -1   2   1  -3  -2   0  -1  -3  -2  -1    6  15  13  11   0   0   6   7   0   6   6  18   7   0   0   6   0   0   0   0  0.15 0.05
  477 S     1  -1  -1   1  -2   2   0  -1  -1  -2  -1   0  -1   0   2   2   1  -3  -2  -2   13   0   0   7   0  13   0   0   0   0   6   7   0   6  11  32   5   0   0   0  0.24 0.08
  478 L    -1  -1   3  -1  -3  -1  -1  -2   2  -1   2   1   0   2  -3   1  -1  -2  -1  -2    0   0  25   0   0   0   0   0   6   0  27  17   0  12   0  12   0   0   0   0  0.19 0.09
  479 Y     0   1   2   1  -3   1   0  -2   0  -2  -2   0  -2   1  -2   1   1   3   3  -2    6  13  13   7   0   6   6   0   0   0   0   0   0   5   0  13  11   6  14   0  0.21 0.06
  480 P     2  -3  -3  -3  -3  -2  -2   0  -3  -3  -4  -2  -3  -4   7  -1   0  -4  -4  -3   19   0   0   0   0   0   0   7   0   0   0   0   0   0  69   0   6   0   0   0  1.47 0.18
  481 S     0   1  -1  -2  -2   1  -1   1   1   1  -1   1  -1  -2  -2   2   0  -3  -2   0    0   7   0   0   0   6   0  11   6  13   7  13   0   0   0  33   0   0   0   5  0.13 0.07
  482 T     1  -2  -1  -2  -2  -1  -2   0  -2   0  -1  -1  -1  -3  -2   2   4  -3  -2  -1   12   0   0   0   0   0   0   7   0   6   6   0   0   0   0  19  51   0   0   0  0.40 0.12
  483 L    -2  -3  -4  -4  -2  -3  -4  -4  -3   3   3  -3   1   2  -3  -3  -1  -2  -1   3    0   0   0   0   0   0   0   0   0  19  40   0   0  13   0   0   0   0   0  29  0.45 0.10
  484 I    -2  -4  -4  -4  -2  -4  -4  -5  -4   5   2  -4   1   2  -4  -3  -2  -3  -1   2    0   0   0   0   0   0   0   0   0  64  19   0   0  11   0   0   0   0   0   6  0.60 0.13
  485 S     0  -2   1  -1   2  -1  -1   0  -2  -3  -3  -1  -2  -3  -2   5   2  -4  -3  -2    0   0   6   0   6   0   0   5   0   0   0   0   0   0   0  71  12   0   0   0  0.62 0.16
  486 L     0  -3  -4  -4  -2  -3  -3  -4  -3   3   3  -3   1   0  -3  -2  -1  -2   1   2    8   0   0   0   0   0   0   0   0  29  40   0   0   0   0   0   0   0   7  16  0.35 0.07
  487 K    -1   2   1  -1  -3   4   0  -2  -1  -3  -1   4  -1  -3  -2   0  -1  -3  -2  -3    0   7   8   0   0  29   0   0   0   0   7  43   0   0   0   6   0   0   0   0  0.47 0.10
  488 R    -2   7  -1  -3  -5   0  -1  -3  -1  -4  -3   2  -2  -4  -3  -2  -2  -4  -3  -4    0  92   0   0   0   0   0   0   0   0   0   8   0   0   0   0   0   0   0   0  1.24 0.18
  489 V    -1  -3  -3  -3  -2  -3  -3  -4  -4   4   1  -3   0  -1  -3  -2   2  -3  -2   3    0   0   0   0   0   0   0   0   0  52   0   0   0   0   0   0  18   0   0  30  0.45 0.09
  490 R    -1   4   0   0  -4   3   3  -2   0  -3  -3   2  -1  -3  -2  -1  -1  -3  -2  -3    0  48   0   0   0  25  28   0   0   0   0   0   0   0   0   0   0   0   0   0  0.55 0.02

                      K         Lambda
Standard Ungapped    0.1356     0.3211
Standard Gapped      0.0502     0.2670
PSI Ungapped         0.1639     0.3176
PSI Gapped           0.0502     0.2670
