
Last position-specific scoring matrix computed, weighted observed percentages rounded down, information per position, and relative weight of gapless real matches to pseudocounts
            A   R   N   D   C   Q   E   G   H   I   L   K   M   F   P   S   T   W   Y   V   A   R   N   D   C   Q   E   G   H   I   L   K   M   F   P   S   T   W   Y   V
    1 M    -6  -7  -8  -9  -7  -6  -7  -8  -7  -4  -2  -7  11  -5  -8  -7  -6  -7  -6  -4    0   0   0   0   0   0   0   0   0   0   2   0  98   0   0   0   0   0   0   0  3.87 1.24
    2 S     0  -1   4   2  -5   0  -1  -2  -2  -4  -5   4  -4  -5  -2   2   0  -6  -3  -4    8   1  25   9   0   3   3   1   0   1   0  24   0   0   1  18   5   0   1   1  0.62 0.34
    3 L    -4  -3  -3  -4  -1  -4  -4  -6  -4   3   4  -3   3   1  -4  -3   1   0  -2   2    0   1   1   1   1   0   0   0   0  17  41   1   6   6   1   1   8   1   1  12  0.64 0.32
    4 N     2  -1   1  -1   2   0  -1  -1   2  -2  -3  -1  -2  -2  -3   2   1  -4   0   0   21   2   7   4   5   4   3   5   5   2   1   2   1   1   0  16  11   0   3   6  0.22 0.19
    5 V     5  -5  -5  -5   1  -5  -5  -1  -5   2  -3  -5  -3  -3  -4  -1   1  -6  -5   3   44   0   0   0   2   0   0   4   0  12   1   0   0   1   0   4   7   0   0  24  0.83 0.44
    6 V    -3  -7  -7  -7  -3  -6  -7  -7  -7   6   1  -6  -1  -2  -6  -6  -4  -6  -4   5    2   0   0   0   0   0   0   0   0  45  11   0   1   1   0   0   0   0   0  40  1.49 0.58
    7 I    -4  -7  -7  -8  -2  -7  -7  -8  -8   7  -1  -7  -2  -5  -7  -6  -3  -7  -6   5    1   0   0   0   1   0   0   0   0  63   3   0   1   0   0   0   1   0   0  31  1.94 0.71
    8 L    -6  -7  -8  -8  -3  -7  -7  -8  -7  -2   7  -7   3  -3  -8  -7  -6  -6  -6  -3    0   0   0   0   1   0   0   0   0   0  92   0   6   0   0   0   0   0   0   0  2.15 0.82
    9 A     7  -6  -6  -7   1  -6  -6  -3  -6  -6  -6  -5  -6  -7  -6  -1  -3  -7  -7  -5   92   0   0   0   2   0   0   2   0   0   0   0   0   0   0   3   1   0   0   0  2.20 0.88
   10 A     7  -6  -2  -6  -5  -5  -5  -1  -6  -6  -6  -5  -6  -7  -5  -2  -3  -7  -2  -4   87   0   2   0   0   0   0   5   0   0   0   0   0   0   0   2   1   0   1   1  1.98 0.82
   11 G    -4  -7  -2  -2  -8  -6  -3   7  -1  -9  -9  -6  -8  -8  -7  -4  -6  -8  -8  -8    1   0   2   2   0   0   2  91   2   0   0   0   0   0   0   1   0   0   0   0  2.46 0.92
   12 K    -2   2   0  -1  -4   2   2  -4  -2  -4   0   5  -1  -4  -4  -3  -3  -6  -3  -4    3   9   4   4   0   9  11   1   1   1  11  41   2   1   0   1   1   0   1   1  0.71 0.42
   13 G    -2  -6  -5  -2  -1  -6  -3   7  -6  -8  -8  -6  -7  -8  -6   2  -5  -7  -7  -5    3   0   0   2   2   0   2  76   0   0   0   0   0   0   0  14   0   0   0   1  1.93 0.79
   14 T    -3  -2  -3  -2  -6  -2  -3  -6  -4  -4  -5   3  -5  -7  -2   1   7  -7  -6  -3    1   2   1   2   0   2   1   0   0   1   1  17   0   0   2  11  58   0   0   2  1.31 0.70
   15 R    -4   9  -6  -7  -9  -1  -5  -8  -6  -9  -8  -1  -7  -8  -8  -6  -7  -8  -7  -8    1  94   0   0   0   3   0   0   0   0   0   2   0   0   0   0   0   0   0   0  2.99 1.14
   16 M    -7  -7  -8  -9  -7  -6  -8  -5  -7  -3  -1  -7  11   2  -8  -7  -4  -7  -6  -4    0   0   0   0   0   0   0   1   0   1   5   0  83   8   0   0   1   0   0   1  3.25 1.25
   17 R    -4   3   2  -3  -2   0  -3  -1   1  -5  -4   6  -3  -5  -4  -3  -4  -7  -3  -4    1  17  10   1   1   3   1   5   3   0   2  52   1   1   0   1   0   0   1   1  1.15 0.61
   18 S    -3  -4  -3  -4  -3  -3  -4  -3  -6  -5  -4  -4  -3  -6  -5   7   1  -8  -7  -5    1   1   1   1   1   1   0   1   0   1   2   1   1   0   0  82   7   0   0   1  1.89 0.94
   19 V     1   1   1   3  -3   0   2  -1  -1  -4  -4   2  -3  -5   0   2  -1  -5  -4  -3   11   8   6  15   0   4  12   5   1   0   1  13   1   0   4  15   3   0   0   2  0.34 0.26
   20 L    -2   2  -3  -3  -3   0  -3  -3  -1   1   3   2   1  -2  -4  -2   2  -3  -1   0    1  11   1   1   0   4   1   1   2   8  32  14   3   1   0   2  12   0   2   5  0.35 0.29
   21 P     0  -6  -5  -4  -7  -3  -6  -5   0  -4  -6  -6  -4  -8   8   1  -1  -8  -4  -4    9   0   0   1   0   1   0   1   2   1   1   0   0   0  67  11   3   0   1   1  1.96 0.89
   22 K    -4  -3  -5  -6  -8  -4  -3  -7  -6  -8  -8   8  -6  -8  -6  -4  -4  -8  -7  -4    1   0   0   0   0   0   1   0   0   0   0  95   0   0   0   1   1   0   0   1  2.71 1.11
   23 V    -1  -6  -5  -7  -1  -4  -5  -5  -3   1  -1  -6   0  -2   1  -3  -3  -7  -4   7    5   0   0   0   1   1   0   1   1   5   6   0   2   1   8   1   1   0   1  66  1.32 0.67
   24 L    -2  -6  -7  -8  -2  -4  -7  -7  -7  -1   6  -6   3   0  -7  -5  -3  -6  -5  -1    4   0   0   0   1   1   0   0   0   3  77   0   5   3   0   1   2   0   0   4  1.53 0.72
   25 H    -3  -3  -4  -6  -4   1  -3  -7  11  -5  -4  -6  -3   0  -7  -4  -4  -7   0  -3    2   1   0   0   1   7   1   0  75   1   2   0   1   4   0   1   1   0   2   2  2.78 1.10
   26 P    -3   1  -2  -1  -2   0   2  -4  -1  -5  -3   3  -3  -5   5  -1   1  -6  -4  -4    2   7   1   3   1   4  16   1   2   0   3  16   1   0  31   5   8   0   0   1  0.74 0.46
   27 V    -2  -6  -7  -7  -2  -6  -6  -7  -7   5   4  -6   0  -1  -6  -5  -3  -6  -5   4    2   0   0   0   1   0   0   0   0  32  32   0   1   2   0   1   1   0   0  27  1.17 0.56
   28 A     3  -4  -2  -4   7  -4  -4   2  -2  -2   2  -5   0  -2  -5  -1  -4  -2  -3  -3   28   0   2   0  22   0   1  13   1   2  18   0   2   2   0   5   0   1   1   1  0.79 0.47
   29 N    -4  -4   0   0  -4  -4  -3   7  -4  -8  -7  -5  -7  -2  -7  -3  -5  -3  -4  -8    0   1   4   4   0   1   2  81   0   0   0   0   0   2   0   2   0   0   1   0  1.97 0.85
   30 K    -2   5  -3  -3  -6   1   0  -5  -3  -1  -1   5  -2  -3  -5  -3  -3  -6  -3  -1    2  29   1   1   0   5   5   0   0   4   7  34   1   1   0   1   1   0   1   6  0.82 0.50
   31 P    -1  -4  -5  -6  -2  -3  -1  -5  -4  -7  -6  -5  -4  -6   8   0   1  -8  -4  -7    4   1   0   0   1   1   5   1   0   0   0   0   0   0  68   8   9   0   1   0  1.96 0.90
   32 M    -4  -7  -8  -8  -6  -6  -7  -8  -7   2   4  -7   9  -2  -8  -3  -6  -7  -6   0    1   0   0   0   0   0   0   0   0  10  32   0  48   1   0   2   0   0   0   5  1.99 0.89
   33 V    -2  -7  -7  -8  -2  -7  -7  -5  -7   5   4  -7  -1  -2  -4  -5  -3  -6  -3   3    3   0   0   0   1   0   0   1   0  34  37   0   1   1   1   1   1   0   1  18  1.22 0.62
   34 S     0   0   0   2   0   1   2   0   0  -3  -1  -1   0   0  -4   1  -1   2   0  -2    9   5   5  13   2   6  14   7   2   1   6   3   2   4   0  10   2   3   4   2  0.14 0.17
   35 H    -4   1  -3  -7  -3  -3  -5  -6   8  -4  -3  -4  -2   0  -7  -5  -6   6   7  -7    1   7   1   0   1   1   1   1  37   1   2   1   1   3   0   1   0  11  29   0  2.01 0.92
   36 V     0  -6  -3  -6  -5  -3  -6  -5  -7   2  -1  -6  -1  -5   1  -2  -1  -7  -5   6    9   0   1   0   0   1   0   1   0  11   6   0   1   0   7   3   4   0   0  55  1.12 0.62
   37 I    -2  -4  -6  -7  -1  -3  -5  -5  -3   4   4  -4   1  -2  -6  -4  -2  -2  -1   3    3   1   0   0   1   1   1   1   1  23  42   1   3   1   0   1   2   1   2  16  0.90 0.49
   38 D     0   2   1   5  -2   0   2  -3   1  -5  -3   1  -3  -6  -5   0  -1  -2  -3  -4    9  13   6  27   1   3  14   2   3   0   3   7   1   0   0   6   3   1   1   1  0.54 0.38
   39 T     4  -2   0  -5  -1  -1  -2  -3  -2  -2   0  -2  -2  -4  -4   1   3  -2  -5  -1   39   2   4   0   1   2   2   1   1   2   9   2   1   1   1  11  18   1   0   3  0.60 0.46
   40 A     4  -6  -4  -6   4  -5  -4  -3  -6   0   3  -5   0  -1  -6  -1  -1  -2  -5   3   32   0   1   0   8   0   1   2   0   5  23   0   2   2   0   4   3   1   0  17  0.69 0.46
   41 R     0   3  -1   0  -1   2   2  -2   0  -2  -1   3  -1  -3  -2   0  -1  -3  -3  -2    8  15   2   4   1  10  11   3   2   1   8  16   1   1   2   8   2   0   1   3  0.24 0.23
   42 Q     1  -1   0   1   0   2   2   0   0  -3  -3   2  -2  -4   0   1   0  -2  -4  -2   12   3   4   6   2   8  14   9   2   1   3  13   1   1   4  11   5   1   0   2  0.21 0.21
   43 V     2  -5  -3  -4   1  -5  -4  -4  -3   1   4  -5   1  -1  -5  -1   0  -2  -4   2   19   0   1   1   3   0   1   1   1   8  39   0   2   2   0   5   5   1   0  11  0.61 0.41
   44 G    -1  -1   2   1   0   0   1   4  -1  -2  -4   1  -2  -3  -3   0  -1  -5  -3  -3    4   3  11   8   2   4   8  31   2   2   1   9   1   1   1   6   3   0   1   1  0.41 0.29
   45 A     2  -5  -3  -2   0  -3  -3  -2  -5   3  -2  -4   0   0   5   0  -2  -6  -4   1   14   0   1   3   2   1   2   2   0  14   3   1   2   4  29   7   3   0   0  11  0.61 0.41
   46 E     1   0   1   3  -4   1   3  -1   0  -3  -4   2  -4  -5  -3   1   0  -6  -3  -3   10   5   5  17   0   5  19   5   2   1   1  12   0   0   1  11   4   0   1   1  0.40 0.31
   47 Q    -1   4   1   2  -4   2   1  -2   1  -4  -5   3  -3  -5   0  -1  -2  -6  -4  -3    4  22   7  10   0  10   9   3   4   1   0  16   0   0   5   5   2   0   0   1  0.51 0.36
   48 L    -3  -2  -3  -6  -1  -2  -6  -6  -3   6   0  -3  -1  -4   1  -3   1  -7  -5   3    2   2   1   0   1   2   0   0   1  39   9   2   1   1   7   2  10   0   0  20  0.86 0.49
   49 H     0  -4  -2  -5   1  -4  -5  -3   3   4  -1  -4  -2   0  -6  -2   0   1   1   4    8   1   2   0   2   0   0   2   6  21   5   1   1   4   0   3   6   2   5  31  0.60 0.39
   50 L    -2  -7  -7  -8   0  -7  -7  -6  -7   3   1  -7  -1  -1  -4  -5  -1  -7  -4   6    4   0   0   0   2   0   0   0   0  13  13   0   1   2   1   0   5   0   1  57  1.37 0.68
   51 V    -6  -8  -8  -8  -6  -7  -8  -8  -8   3  -3  -7  -3  -6  -7  -5  -5  -8  -6   7    0   0   0   0   0   0   0   0   0  16   2   0   0   0   0   1   1   0   0  79  2.30 0.99
   52 Y    -1  -5  -4  -5  -1  -5  -6  -5  -1   3   1  -4  -3  -3  -6  -4   1  -6   1   6    4   0   1   1   2   0   0   1   1  16  12   1   0   1   0   1   9   0   4  46  0.98 0.52
   53 G    -1  -3   1  -3  -6  -4  -6   6   1  -5  -7  -5  -6  -6   0   2  -5  -7  -3  -7    4   2   5   2   0   1   0  62   3   1   0   0   0   0   6  12   0   0   1   0  1.43 0.70
   54 H    -3  -1  -1  -1  -5  -2  -1  -3   8  -5  -5   0  -5   1   4  -3  -3  -5   3  -4    3   3   3   3   0   2   4   2  34   1   1   5   0   5  18   2   1   0  10   2  1.15 0.60
   55 G    -1  -1   1   2  -3   4   2   3   0  -6  -4   2  -3  -5  -4  -1  -3  -6  -3  -5    5   3   7  11   1  17  11  24   2   0   1  10   1   0   1   3   1   0   1   1  0.57 0.39
   56 A     3   2   0  -2  -3   0  -2   1   2  -2  -3   1   1  -3  -2   1  -2  -5  -3  -2   28  11   4   2   0   3   2  11   5   2   2   9   3   1   1  10   2   0   1   2  0.32 0.28
   57 E    -2  -3  -1   4  -7   1   6  -3  -1  -4  -5  -1  -4  -6  -2  -2  -2  -7  -4  -5    4   1   3  22   0   5  45   3   2   1   1   4   0   0   2   2   3   0   1   1  1.06 0.61
   58 L     1   1  -2   1  -4   3   2  -2  -1  -1   0   1   1  -1  -3  -1  -2  -3  -3  -2   13   8   1   7   0  16  13   2   1   3  12   7   4   3   1   4   2   0   1   2  0.25 0.24
   59 L    -3  -6  -5  -5  -6  -4  -5  -6  -7   3   1  -5  -1   0  -3  -5  -2  -7  -2   6    1   0   1   1   0   1   1   0   0  15  10   1   1   3   2   1   3   0   1  57  1.30 0.63
   60 K     0   4  -3  -3  -3   2   2  -3  -2   0  -2   3   0  -2  -3  -1  -2  -3  -3  -2    8  21   1   1   1   9  12   1   1   6   3  20   2   2   1   4   2   0   1   3  0.44 0.32
   61 E     2   0   1   2  -5   1   4  -2  -3  -4  -5   2  -3  -5  -1   0  -1  -4  -5  -4   19   5   5   9   0   5  26   2   0   1   1  11   1   0   3   7   3   0   0   1  0.52 0.37
   62 R     2   0  -1  -2  -1   1   0  -2   3  -2  -2   0  -2   0  -3   0   0  -1   2  -1   22   5   2   2   1   5   7   3   9   2   4   6   1   4   1   5   6   1   9   5  0.20 0.20
   63 I    -1  -4  -4  -5   0  -5  -3  -3  -2   3   4  -2   1   2  -5  -4  -3  -5  -1   2    5   1   1   0   2   0   2   2   1  16  37   2   3   9   0   1   1   0   2  15  0.64 0.36
   64 L     1   0   0  -1  -1   0   0  -1  -1   0   0   1   0   0   1   0   0   1   0   0   12   4   5   3   1   4   6   4   2   4  13   9   2   5   5   8   4   2   2   5  0.03 0.04
   65 A     0  -3   1   2  -1  -1   0   4   0  -5  -5   0  -5  -1   2   0  -2  -4  -3  -4    9   1   6  12   1   2   7  27   3   0   1   5   0   4  10   8   1   0   1   1  0.45 0.31
   66 P    -1   1   1   1   0   0   1  -1   1  -2  -1   1  -1   0   2  -1  -1   1   2  -2    4   7   6   8   2   4  10   4   4   2   5   8   2   4  11   5   3   2   8   2  0.14 0.13
   67 D    -1   1   2   3  -5   0   1   2   0  -5  -5   1  -4  -2   1   1  -2  -6  -4  -4    4   8   9  19   0   3   9  15   2   0   1   7   0   2   7  10   2   0   0   1  0.40 0.28
   68 L     1  -4  -5  -4   2  -5  -5  -4  -4   4   2  -4  -2   0  -2  -3  -1  -2   0   4   12   1   0   1   4   0   0   1   0  20  15   1   0   4   2   1   4   1   3  30  0.63 0.36
   69 N    -1   2   2   0  -3   1   2  -3   1  -1  -2   1  -2  -2  -3   0   1  -5  -2  -1    3  11  10   6   1   7  17   1   3   4   4   9   1   2   0   7  10   0   1   5  0.25 0.21
   70 W    -3  -5  -6  -7   1  -5  -6  -6  -4   2  -1  -5  -3   6  -3  -3   2   6   4   0    2   0   0   0   3   0   0   0   0  11   6   1   0  30   2   2  11   9  15   7  1.03 0.51
   71 V     4  -5  -6  -7   1  -5  -5  -6   0   3  -2  -5  -4  -2  -5  -3  -2  -5  -3   5   28   1   0   0   2   0   0   0   2  13   3   0   0   2   0   1   2   0   1  43  1.08 0.56
   72 L    -2   0  -2   0  -1  -2   1  -5   1   2   1  -1   0   0  -3  -2   0   0   1   3    2   5   1   5   2   1  13   0   3  14  12   3   1   4   1   3   5   2   4  20  0.21 0.19
   73 Q    -5  -5  -6  -4  -3   9  -4  -8   0  -8  -5  -5  -6  -8  -7  -4  -7  -8  -7  -8    1   0   0   1   1  91   0   0   2   0   2   0   0   0   0   1   0   0   0   0  3.12 1.27
   74 A     0   1   0   2  -5   0   3  -1   0  -4  -5   3  -3  -5   0   0   0  -4  -4  -2    9   7   4   9   0   4  23   4   2   1   1  16   0   0   5   6   5   0   0   4  0.38 0.28
   75 Q    -2  -1   0  -1  -6   2   5  -3   1  -3  -5   1  -3  -5   2  -1  -1  -2  -5  -1    3   3   4   3   0  10  38   2   3   1   1   9   0   0   9   4   3   1   0   5  0.65 0.42
   76 Q    -1   1  -5  -5  -4   7  -3  -4  -5  -3  -2  -3  -1  -3   4  -2  -4  -7  -3  -2    6   7   0   0   0  45   1   1   0   2   5   1   1   1  21   3   0   0   1   3  1.20 0.67
   77 L    -3   3   1  -1  -4  -2  -3  -5  -2  -3   5   1   1  -3  -1  -3  -4  -6  -1  -4    2  13   6   3   0   1   2   1   1   0  50   9   3   1   3   1   1   0   2   0  0.74 0.44
   78 G    -6  -8  -3  -3  -8  -8  -5   8  -8 -10 -10  -7  -9  -9  -8  -4  -7  -9  -9  -9    0   0   1   2   0   0   1  95   0   0   0   0   0   0   0   1   0   0   0   0  2.80 1.07
   79 T    -5  -7  -4  -7  -7  -6  -4  -6  -7  -2  -7  -6  -1  -8  -5  -1   8  -8  -6  -3    0   0   1   0   0   0   1   0   0   2   0   0   1   0   0   4  87   0   0   2  2.48 1.07
   80 G     3  -7  -6  -7  -7  -7  -4   7  -7  -8  -7  -6  -7  -8  -5  -4  -3  -3  -8  -5   25   0   0   0   0   0   1  69   0   0   0   0   0   0   1   1   2   1   0   1  1.95 0.84
   81 H    -4  -3   0   4  -8  -2  -3   0  10  -9  -7  -5  -7  -5  -7  -4  -5  -3  -1  -8    2   1   4  24   0   1   1   7  54   0   1   1   0   0   0   1   0   0   2   0  2.19 0.89
   82 A     8  -7  -8  -8  -6  -7  -4  -4  -8  -7  -8  -7  -7  -8  -7  -3  -6  -9  -8  -6   96   0   0   0   0   0   1   1   0   0   0   0   0   0   0   2   0   0   0   0  2.64 1.13
   83 V    -1  -7  -7  -8  -2  -4  -7  -6  -8   1   3  -7   1  -3  -5  -6  -2  -7  -6   6    6   0   0   0   1   1   0   0   0   5  22   0   3   1   1   0   3   0   0  57  1.40 0.67
   84 A     0   3  -2  -4  -6   3  -2  -4  -3  -2   2   2   5  -3  -5  -1  -3  -3  -3  -4    7  14   2   1   0  14   3   1   0   1  20  13  15   1   0   5   1   0   1   1  0.59 0.41
   85 Q     1  -2  -3  -5   6   5  -2  -4  -3  -1  -2  -2   2  -4  -5   1   0  -3  -4   1   12   2   1   0  14  26   2   1   0   4   3   2   5   1   0  10   5   0   0  11  0.69 0.45
   86 A     6  -6  -4  -6   3  -6  -6   0  -6  -3  -4  -5  -4  -4  -6  -1  -1  -7  -3   0   66   0   1   0   5   0   0   8   0   2   2   0   0   1   0   3   5   0   1   6  1.36 0.70
   87 I     0   2  -3  -3  -2   0   1  -3  -3   0   3   1   3  -1  -4  -2  -2   0  -2   0    7  14   1   1   1   4  10   1   0   6  27   8   7   2   0   3   1   1   1   6  0.30 0.25
   88 P     0  -1   0   3  -4   0   3  -1  -3  -5  -6   1  -4  -6   5   1  -2  -7  -6  -5    7   4   5  14   0   3  16   4   0   0   0   7   0   0  26   9   2   0   0   0  0.66 0.42
   89 F     2  -1  -1  -2  -1   0   1  -2   2  -1   0   0  -1   1  -3   0  -1   1   2   0   20   3   2   2   1   5   8   3   5   2  12   5   1   7   1   5   3   2   7   6  0.11 0.14
   90 W    -3  -5  -4  -7  -1  -4  -4  -5  -4   3   5  -5   0   2  -4  -3  -3   2  -2   1    2   0   1   0   1   1   1   1   0  17  49   1   2   8   1   2   1   2   1   9  0.90 0.47
   91 K     0   1   0   1  -5   0   2   1  -1  -4  -4   3  -2  -4   2   1  -1  -5  -3  -2    7   7   4   8   0   4  14   9   1   1   1  16   1   0  10  10   3   0   1   3  0.30 0.23
   92 D     0  -2   2   4  -4  -1   1   2   0  -4  -4   1  -4  -4   0   0  -1  -6  -4  -4    8   1   9  23   0   2  10  17   2   1   1   7   0   1   5   7   4   0   0   1  0.44 0.29
   93 E     0   0   1   2  -2   0   2  -1   2  -3  -3   1  -3   2  -2   0   0  -2   0  -3    8   4   6  14   1   4  16   3   4   1   1  10   0   9   2   8   5   0   2   1  0.24 0.20
   94 D    -2  -2  -1   3  -4  -1   1   5  -3  -5  -5  -1  -5  -5  -1   0  -3  -6  -6  -4    3   3   2  15   0   2   9  47   1   0   1   4   0   0   3   7   2   0   0   1  0.86 0.44
   95 D    -2   1   2   3  -2   0   1  -2   2  -2  -2  -1  -2  -1   0  -1   2   0   1  -2    3   7  11  15   1   5   8   3   5   1   4   3   1   2   5   3  13   1   6   3  0.21 0.18
   96 V    -1  -6  -5  -6  -2  -5  -6  -6  -6   3   2  -5  -1  -2  -5  -3   1  -2  -2   6    5   0   1   0   1   0   0   0   0  15  16   1   1   1   0   1   8   1   1  49  1.00 0.49
   97 L    -2  -6  -7  -7  -2  -6  -7  -7  -6   1   5  -6   2   2  -7  -6  -3  -1  -3   3    3   0   0   0   1   0   0   0   0   8  59   0   4   7   0   0   1   1   1  16  1.21 0.54
   98 V    -4  -7  -7  -8  -2  -7  -7  -8  -8   5  -2  -7  -1  -3  -7  -5  -4  -7  -6   6    1   0   0   0   1   0   0   0   0  34   2   0   1   1   0   1   1   0   0  58  1.81 0.73
   99 L    -1  -6  -5  -7   0  -4  -6  -7  -3   2   5  -6   2   0  -6  -3   0  -1  -3   2    5   0   0   0   2   1   0   0   1   9  54   0   5   3   0   2   5   1   0  12  0.94 0.47
  100 Y    -1  -4   4  -3   5  -3  -5  -2  -1  -4  -2  -4  -2   1   1   1  -1  -4   5  -3    6   0  22   1  10   1   0   3   1   0   3   0   1   5   8  11   3   0  22   2  0.74 0.45
  101 G     1  -7  -6  -6  -1  -7  -7   7  -7  -8  -8  -6  -7  -8  -1  -3  -4  -8  -8  -4   12   0   0   0   2   0   0  79   0   0   0   0   0   0   3   2   1   0   0   1  2.09 0.83
  102 D    -4  -7  -1   9  -9  -6  -4  -7  -7  -9  -9  -6  -9  -2  -7  -2  -7 -10  -8  -9    2   0   2  91   0   0   0   0   0   0   0   0   0   2   0   2   0   0   0   0  2.89 1.13
  103 T     1  -5  -1  -1   1  -2  -3  -3  -1   0  -1  -4   4   0  -5  -1   3  -5  -1   3   10   0   3   4   3   1   1   2   2   5   3   0  10   4   0   4  23   0   2  23  0.45 0.34
  104 P    -4  -8  -8  -4  -2  -8  -7  -8  -8  -4  -9  -7  -1  -9   9  -4  -7 -10  -3  -4    1   0   0   1   1   0   0   0   0   1   0   0   2   0  89   1   0   0   1   2  3.08 1.29
  105 L    -5  -5  -4  -5  -1  -4  -8  -5  -3  -2   6  -8   1   1  -5  -5  -4  -7  -6  -3    1   1   1   1   1   1   0   1   1   1  79   0   3   6   1   1   1   0   0   1  1.73 0.83
  106 I    -6  -7  -8  -4  -2  -4  -7  -8  -7   6   3  -7   2  -2  -4  -7  -1  -7  -3   3    0   0   0   1   1   1   0   0   0  39  28   0   4   1   1   0   4   0   1  18  1.23 0.63
  107 Q    -2   3  -1   1  -3   1   0  -4  -2  -6  -3   1  -3  -6  -1   2   4  -2  -6  -4    2  15   2   6   1   7   7   1   1   0   2   7   1   0   4  15  28   1   0   1  0.59 0.45
  108 P     2  -1  -2  -1  -2  -1   0  -1  -1  -3  -3   1  -2  -3   4   1   0  -2  -1  -1   20   2   1   3   1   3   6   6   2   1   3   8   1   1  21   8   7   1   2   4  0.35 0.30
  109 E     1  -2   0   3  -2   1   5  -2   0  -4  -5   1  -3  -4  -2   0  -2  -6  -4  -4   11   2   4  15   1   7  33   3   2   1   1   7   1   1   2   7   2   0   1   1  0.63 0.43
  110 T    -2  -3  -2   0  -2  -3  -2  -5  -2  -1  -2  -6  -1  -4  -4   1   7  -8  -4  -2    3   2   1   5   1   1   3   1   1   4   5   0   1   1   1   9  58   0   1   3  1.20 0.72
  111 L    -4  -7  -3  -7  -1  -6  -7  -8  -7   4   5  -7   2   1  -7  -6  -5  -6   0   1    2   0   2   0   1   0   0   0   0  20  55   0   4   5   0   0   0   0   3   8  1.29 0.63
  112 Q     1   3   0   0  -1   2   1  -2   0  -3  -1   2  -2  -3  -3   0   0  -2  -2  -2   10  19   4   4   1   9  10   3   2   1   6  13   1   1   1   6   5   1   1   2  0.27 0.24
  113 R     1   1   0   0   0   1   1  -1   1  -1  -2   2   0  -1  -1   0  -1  -3   1  -1   11   9   5   4   3   7   8   4   3   3   3  12   3   3   3   5   3   0   6   4  0.08 0.13
  114 L     0   0  -2  -2   2   1   0   0   2   0   0   0   1   1  -2   0   0  -3  -1   0    7   7   0   0   6   7   7   7   6   7   7   7   6   6   0   7   7   0   0   7  0.05 0.11
  115 L    -1  -2  -5  -6   0  -4  -5  -6  -2   4   3  -3   1   0  -6  -4  -2  -2   0   3    4   2   0   0   2   1   0   0   1  24  30   1   3   4   0   1   2   1   4  19  0.74 0.42
  116 A     2   2   1   3  -5   1   3  -2   1  -5  -3   2  -4  -5  -5   0  -1  -6  -4  -4   14   9   6  15   0   6  20   3   3   0   2  10   0   0   0   7   3   0   0   1  0.46 0.36
  117 A     2   1  -1  -1  -2   1   1  -2   1  -1  -1   1  -1   1  -3   0   0  -4   0  -1   19   7   2   2   1   6   8   2   4   4   7  10   1   6   1   8   7   0   3   3  0.12 0.16
  118 K     0   1  -2  -3  -3   1  -2  -4   9  -4  -2   1  -4   0  -5  -2  -2  -5  -1  -3    7   6   2   2   1   5   2   2  46   1   4   8   0   4   0   3   3   0   2   2  1.35 0.70
  119 A     0   3   1   0  -2   2   1  -1   1  -2  -2   1  -4  -4  -2   1   0  -4  -3  -3    8  17   6   5   1  10  10   4   3   2   4   7   0   0   2  11   6   0   0   1  0.26 0.26
  120 D    -1   2   3   3  -6   2   2   1  -2  -6  -6   2  -4  -6  -2   0  -2  -6  -5  -5    6  11  16  13   0   8  14   9   1   0   0  10   0   0   2   7   2   0   0   0  0.53 0.39
  121 K     3   0   3  -2  -1   0  -1  -1   0  -3  -4   0  -4  -3  -1   3   0  -6  -1  -2   23   4  13   1   2   4   4   5   3   1   1   6   0   1   3  19   6   0   2   3  0.35 0.32
  122 G     3  -2   0   4  -5  -3  -2   3   0  -3  -4  -1  -5  -6   0   0  -2  -5  -5  -2   20   2   4  22   0   1   2  22   2   1   1   4   0   0   5   8   3   0   0   3  0.53 0.39
  123 M     4  -5  -5  -6   2  -4  -5  -3  -6   2   3  -3   3  -1  -5  -3  -4  -4  -3   2   31   0   0   0   5   1   1   2   0  12  22   1   6   2   0   1   0   0   1  14  0.69 0.44
  124 A     3  -5  -4  -6   0  -5  -5  -1  -4  -2  -3  -4  -3  -6  -5   2   6  -7  -6   1   20   0   0   0   2   0   0   5   0   2   2   1   1   0   0  15  40   0   0  11  0.98 0.64
  125 L    -2  -6  -7  -7  -1  -6  -6  -7  -7   3   4  -3   2   2  -6  -5  -4  -4  -5   5    4   0   0   0   1   0   0   0   0  16  32   2   4   7   0   0   0   0   0  32  1.05 0.55
  126 L     0  -6  -7  -7  -4  -6  -6  -5  -7   1   5  -6   3  -2  -6  -2  -2  -2  -4   1    8   0   0   0   0   0   0   1   0   5  60   0   7   2   0   3   3   1   0   9  1.16 0.62
  127 T     0  -5  -4  -6  -2  -5  -5   1  -6  -4  -5  -5  -4  -2  -5   2   7  -7  -5  -1    7   0   0   0   1   0   0   9   0   1   1   0   0   2   0  16  55   0   0   5  1.32 0.77
  128 V     4  -5  -5  -4   1  -4  -4  -2  -5  -1  -1  -4   3   4  -5   0   1  -5  -4   1   34   0   0   1   2   0   1   3   0   3   6   0   7  15   0   7  10   0   0  10  0.66 0.46
  129 V    -2   2   0   0  -2   0   2  -4   2   1  -1   1   0   0  -1  -1   1  -4   0   1    1  10   4   5   1   3  15   0   4   8   5   8   2   4   2   5   8   0   4   9  0.14 0.17
  130 L     1  -2  -2  -3  -2  -3  -4  -2  -3   0   3  -1   2  -1   2  -1   0  -4  -3   2   10   2   2   1   1   1   0   3   1   5  28   3   6   2  10   5   6   0   1  15  0.32 0.27
  131 D     1  -1   0   4  -5   0   3  -2  -2  -5  -4   1  -2  -4   3   0  -2  -6  -5  -3   10   3   3  21   0   3  19   2   1   0   1   8   1   1  13   8   2   0   0   2  0.52 0.39
  132 N    -4  -2   5   6  -4  -1   1  -3   0  -4  -5  -2  -6  -5  -1  -2  -3  -6  -4  -4    1   3  22  42   0   3   8   2   2   1   2   2   0   1   3   3   2   0   1   1  1.08 0.61
  133 P    -1  -5  -2  -1  -6  -4  -4  -3  -5  -6  -7  -3  -5  -5   8  -1  -2  -8  -4  -5    6   1   2   3   0   1   1   2   0   0   1   2   0   1  72   4   2   0   1   1  2.13 1.03
  134 T     0   0   1  -1  -4  -1  -1   0   1  -3  -3   0  -2   1  -2   1   3  -4   0  -2    9   6   6   2   0   3   3   9   3   1   3   7   1   7   2  12  23   0   3   2  0.26 0.26
  135 G    -1  -1  -1   0  -5   0  -2   6  -2  -7  -6  -3  -4  -5  -4   1  -4  -5  -6  -6    4   4   3   4   0   4   2  61   1   0   1   1   1   0   1   9   1   0   0   0  1.27 0.67
  136 Y    -6  -5  -7  -6  -1  -6  -7  -4  -2  -6   0  -7   0   2  -4  -4  -6  -4   9  -3    0   1   0   1   1   0   0   2   1   0   8   0   2   6   1   2   0   0  71   2  2.45 1.08
  137 G    -3  -7  -4  -5  -7  -7  -7   8  -7  -8  -5  -4  -4  -8  -7  -4  -6  -7  -7  -6    2   0   1   1   0   0   0  90   0   0   1   1   1   0   0   1   0   0   0   1  2.54 1.09
  138 R    -7   9  -3  -4  -8  -4  -5  -7  -3  -5  -5  -1  -7  -8  -4  -5  -5  -8  -5  -5    0  86   2   1   0   0   1   0   1   1   1   3   0   0   1   1   1   0   0   1  2.65 1.17
  139 I    -5  -7  -7  -7  -4  -7  -7  -6  -1   7   0  -7   0  -3  -7  -6  -5  -7  -6   5    0   0   0   0   0   0   0   1   1  52   8   0   2   1   0   0   0   0   0  32  1.74 0.78
  140 V    -4  -4  -6  -5  -2  -3  -3  -6  -3   5   2  -2  -1  -1  -4  -3  -3  -6  -4   4    1   1   0   1   1   1   2   0   1  31  21   3   1   3   1   2   1   0   0  30  0.95 0.50
  141 R    -4   7  -2  -4   0  -2  -3  -4  -2  -3  -1   0  -1  -2  -5  -3  -1  -6  -5  -2    1  62   2   1   2   2   1   2   1   2   5   5   2   2   0   1   5   0   0   3  1.42 0.70
  142 E    -3  -1   3   6  -1   0   2  -4  -2  -5  -4   1  -4  -6  -4   0  -2  -6  -5  -4    3   3  11  41   1   3  13   1   1   0   2   7   0   0   1   7   2   0   0   1  0.94 0.54
  143 N    -1  -2   3   4  -5   1   2   1  -1  -6  -5   0  -3  -6  -3   2  -2  -6  -5  -5    4   2  15  22   0   5  13  12   2   0   1   6   1   0   1  13   3   0   0   0  0.59 0.40
  144 G    -3  -2   2   0  -6  -4  -1   6  -2  -7  -7  -1  -6  -6  -5  -1  -3  -7  -6  -6    2   2   9   6   0   1   5  63   1   0   0   4   0   0   1   4   2   0   0   0  1.43 0.72
  145 Q    -1   3   2   0  -3   2   1  -1   0  -3  -3   2  -2  -3  -3   1  -1  -3  -2  -3    5  16  11   5   1   8   9   5   3   1   2  13   1   1   1   9   4   0   1   2  0.30 0.25
  146 V    -3  -5  -4  -6  -3  -4  -6  -3  -6   4   1  -3  -2   1  -1  -4  -4  -6  -5   5    2   1   1   0   0   1   0   2   0  21  14   2   1   6   4   1   0   0   0  42  1.01 0.54
  147 V     0   0  -2  -2  -1   0   1  -3  -2   2   1   0   0  -2  -4   0   1  -4  -2   2    7   5   2   2   1   5  11   1   1  10  16   6   2   1   0   5   9   0   1  15  0.16 0.17
  148 G     2   4  -2  -2  -1  -1   0   2  -2  -5  -5   3  -4  -5  -5   1  -2  -6  -3  -4   16  20   1   2   1   2   7  17   1   1   1  18   0   0   0   9   2   0   1   1  0.58 0.41
  149 I    -5  -6  -6  -8  -6  -7  -8  -8  -3   8  -3  -7  -2  -3  -3  -6  -3  -7  -6   2    1   0   1   0   0   0   0   0   1  78   2   0   1   1   2   1   2   0   0  10  2.30 0.99
  150 V    -4  -1  -5  -4  -4  -5  -4  -7  -7   4  -2  -3  -1  -5  -6  -3  -3  -7  -6   7    1   4   0   1   0   1   2   0   0  17   2   2   1   0   0   2   2   0   0  62  1.51 0.75
  151 E    -5  -6  -2  -2  -8  -3   8  -6  -4  -6  -8  -4  -7  -8  -5  -4  -6  -8  -5  -8    1   0   2   2   0   1  89   1   0   0   0   1   0   0   1   1   0   0   0   0  2.62 1.23
  152 Q     1  -3  -4   1  -7   4   5  -4   4  -5  -5  -3  -4  -2  -4  -3  -3  -1   1  -3   12   1   1   8   0  15  35   1  10   1   1   1   0   2   1   2   2   1   4   2  0.90 0.58
  153 K     0   3   0  -4  -1  -2  -3  -2  -2  -3  -3   6  -5  -3  -4  -1  -2  -7  -3  -3    9  17   4   1   1   1   1   3   1   2   2  45   0   1   1   4   2   0   1   2  0.94 0.58
  154 D    -3  -5   0   8  -5  -2   3  -4  -1  -8  -5  -4  -7  -8  -5  -4  -5  -8  -4  -4    3   1   3  68   0   2  14   1   2   0   2   1   0   0   0   1   0   0   1   1  1.94 0.95
  155 A     6  -3  -2  -2   4  -5  -3  -2  -6  -1  -1  -5  -4  -3  -6  -2  -2  -7  -2  -3   60   1   2   3   7   0   1   4   0   3   7   0   0   1   0   3   3   0   1   2  1.13 0.67
  156 N    -2  -3   3   2  -5  -2  -3  -2  -1  -4  -3  -1  -4  -5  -3   3   5  -7  -6  -4    2   1  12  11   0   2   1   3   2   1   2   4   0   0   2  23  32   0   0   1  0.81 0.56
  157 A     0  -2  -1   2   1  -2   3  -2  -2  -2  -4   0  -4  -3   5   0  -2  -7  -4  -3    9   2   3  11   3   2  19   4   1   3   2   5   0   1  24   6   2   0   0   2  0.55 0.41
  158 E     2  -2   0   2  -6   0   5  -2   0  -3  -4   0  -4  -4  -2   0  -2  -5  -2  -3   15   2   5  11   0   4  34   3   2   1   2   6   0   1   2   6   2   0   1   2  0.57 0.42
  159 Q    -4  -3  -2  -1  -5   6   5  -4  -2  -2  -3  -3  -4  -7  -4  -2  -1   0  -4  -2    2   1   2   4   0  30  39   1   1   3   2   1   0   0   1   2   4   1   1   3  1.19 0.73
  160 L    -2   5  -3  -3  -4   0  -2  -3  -1  -4   2   4  -3  -5  -5  -3  -4  -6  -2  -4    4  33   1   1   0   4   2   2   1   1  19  24   0   0   1   2   1   0   2   1  0.90 0.54
  161 T     2   1  -1  -1  -3   2   1  -1  -1  -2  -1   3  -2  -4  -1   0   0  -5  -4  -3   20   6   2   3   0  10   9   5   1   3   5  16   1   1   2   7   5   0   0   1  0.26 0.25
  162 I    -2  -7  -2  -4  -2  -5  -5  -4  -4   7   0  -5  -3  -3  -2  -3  -2  -7  -3   2    3   0   3   1   1   1   1   2   0  60   7   1   0   1   3   2   3   0   1  11  1.42 0.69
  163 R    -3   4   2   0   1   0  -2  -1   1  -5  -4   3  -4  -4  -1  -1   2  -6  -4  -4    2  20  11   5   3   5   2   4   3   0   1  20   0   1   3   4  13   0   0   1  0.53 0.39
  164 E    -5  -2  -5  -4  -2  -2   7  -7  -4  -3   1  -4  -4  -3  -2  -5  -3  -4  -3  -5    1   2   0   1   1   2  70   0   0   2  12   1   0   1   2   1   1   0   1   1  1.73 0.92
  165 V    -2  -3  -7  -7   6  -6  -7  -4  -7   5  -2  -6  -2  -2  -7  -5  -4   0  -4   5    3   2   0   0  13   0   0   2   0  31   2   0   1   2   0   1   1   2   0  38  1.39 0.67
  166 N    -4  -4   9  -4  -3  -2  -6  -5  -3  -8  -5  -5  -7  -3  -5  -2  -5  -2   0  -5    2   1  80   1   1   2   0   1   1   0   1   1   0   1   1   3   1   1   3   1  2.55 1.15
  167 T     3  -6  -5  -6   1  -5  -4  -1  -6  -4  -3  -6  -4  -7  -1   4   4  -7  -7   0   22   0   0   0   3   0   1   4   0   1   3   0   0   0   3  30  26   0   0   6  0.95 0.64
  168 G    -2  -9  -5  -5  -5  -8  -9   7  -9 -10  -7  -6  -6 -10  -5  -1  -7  -9 -10  -4    4   0   0   1   0   0   0  86   0   0   1   0   0   0   1   5   0   0   0   1  2.46 1.13
  169 V    -1  -6  -7  -8  -1  -5  -7  -7  -6   6   0  -7   1  -1  -6  -4   0  -1  -3   4    6   0   0   0   1   0   0   0   0  41   7   0   3   3   0   1   5   1   1  28  1.21 0.62
  170 L    -6  -8  -9 -10   1  -8  -9  -7  -4  -1  -1  -9   5   3  -9  -8  -5  -1   9  -4    1   0   0   0   3   0   0   0   0   3   6   0  13   9   0   0   1   1  61   1  2.46 1.13
  171 V     3  -5  -6  -8   8  -6  -6  -5  -8   2   1  -5  -1  -2  -8  -4  -4   0  -3   2   22   1   0   0  32   0   0   1   0  10  11   1   2   2   0   1   1   1   1  14  1.33 0.69
  172 A     1  -6  -8  -9   0  -8  -8  -4  -7   2   0  -8  -1   8  -8  -3  -3  -3  -2   1   11   0   0   0   2   0   0   2   0  10   8   0   2  51   0   2   2   0   1  10  1.52 0.76
  173 N    -2   2   3   5  -4  -1   1  -3  -2  -6  -6   2  -6  -5   1   0  -3  -3  -3  -5    3  10  12  28   0   3  10   2   1   0   1  13   0   0   6   8   1   0   1   1  0.72 0.48
  174 G     3   1   1  -4  -2  -2  -4   1  -3   0  -1   0  -3  -4  -2   2   2   1  -4   0   23   7   6   0   1   2   0  11   1   6   5   4   0   0   1  13  11   2   0   6  0.28 0.28
  175 A     1   1   1   2  -6   1   2   0   0  -4  -5   2  -4  -5   1   1   0  -3  -4  -4   12   6   6  13   0   5  11   7   2   1   1  12   0   0   8   9   5   0   0   1  0.34 0.29
  176 D     1   0  -1   1  -2  -1  -1  -2   1  -1   0   0  -2   3  -2  -1  -2   6   0   0   11   4   2   8   1   2   4   2   4   4  11   7   0  11   2   4   1  10   3   6  0.21 0.19
  177 L    -2  -7  -8  -6  -2  -7  -8  -7  -5   0   6  -7   1  -1  -4  -7  -5  -7  -6  -1    4   0   0   1   1   0   0   0   0   5  75   0   3   3   1   0   1   0   0   4  1.70 0.83
  178 R    -1   3  -2  -3  -3  -1   0  -3  -1  -1   0   2  -1   4  -3  -2  -2   6   0  -3    6  16   1   2   1   3   6   2   1   3  10  13   1  16   1   4   3   9   2   2  0.43 0.31
  179 G     0   2   0   2  -4   1   3  -1  -1  -4  -5   2  -4  -5   1   1  -1  -2  -4  -4    9  11   5  11   0   5  19   4   2   1   1  13   0   0   6   9   3   1   1   1  0.41 0.33
  180 W     4  -2   0  -4   0  -3  -3  -2   2  -2   1  -3  -2   0  -5  -1  -2   6   1   0   31   2   5   1   2   1   2   3   5   2  12   1   1   4   0   4   2  10   5   7  0.51 0.38
  181 L    -5  -6  -8  -8  -4  -7  -8  -8  -8   3   6  -8   0  -2  -8  -5  -5  -7  -4   0    1   0   0   0   0   0   0   0   0  15  72   0   2   2   0   1   0   0   0   6  1.73 0.84
  182 S     1   1   0   1  -4   0   1   0  -1  -5  -3   2  -4  -4   3   1   0  -5  -3  -4   11   9   5   8   0   3  10   8   1   0   2  10   0   1  15   9   5   0   1   1  0.32 0.27
  183 R    -1   3   0  -1  -2   2   1  -1   0  -4   0   4  -1  -5  -4   0  -2  -6  -2  -4    5  17   4   3   1   8  10   4   2   0  10  24   1   0   0   6   2   0   1   1  0.44 0.34
  184 L    -5  -7  -6  -4  -4  -5  -7  -5  -8   5   4  -7  -1  -1  -4  -6  -4  -7  -4   2    1   0   0   1   0   1   0   1   0  34  41   0   1   2   1   0   1   0   1  14  1.30 0.66
  185 D    -2   1   1   2  -4   1   1   1  -1  -5  -3   3  -3  -5   0   1   1   0  -5  -3    3   7   5  10   0   6   8  11   1   0   2  16   1   0   4  12  10   1   0   2  0.31 0.28
  186 N     0   0   5   0   0  -2  -2  -3  -3  -4  -4   0  -1  -2   4   0   1   0  -6  -3    7   5  23   4   2   2   2   2   1   1   2   6   2   2  21   6   9   1   0   2  0.56 0.41
  187 N    -1   0   5   4  -5   1   0  -1   2  -4  -5  -1  -4  -7  -3   1  -2  -7  -5  -4    5   6  24  22   0   6   5   4   5   1   1   4   0   0   1  11   2   0   0   1  0.69 0.46
  188 N    -3  -3   8  -2  -8  -4  -3  -1  -2  -6  -5   0  -5  -8   0  -1  -2  -8  -7  -6    3   1  63   2   0   1   2   5   1   0   2   5   0   0   6   5   3   0   0   1  1.70 0.87
  189 A     4   0  -1  -1  -3   0  -1  -1  -1  -1  -4   2  -3  -4  -1   1   0  -2  -4   0   36   5   3   4   0   4   3   4   1   3   1  11   1   0   3   9   5   1   0   6  0.42 0.34
  190 Q    -1  -2  -1  -5  -4   7  -1  -3  -1  -7  -5   4  -3  -6  -3   0  -1  -7  -6  -5    5   2   3   0   0  44   3   3   1   0   1  21   1   0   2   8   5   0   0   1  1.23 0.73
  191 G    -2  -1   1  -3  -7   0  -2   6   0  -3  -4   2  -1  -7  -7  -2  -5  -7  -5  -6    3   4   7   1   0   4   2  54   2   2   2  13   1   0   0   3   1   0   0   0  1.15 0.63
  192 E    -8  -5  -3  -4 -10  -1   8  -5  -7 -10  -5  -3  -9  -3  -8  -5  -4 -10  -9  -9    0   0   1   0   0   2  89   1   0   0   1   1   0   1   0   1   1   0   0   0  2.67 1.28
  193 L    -5  -1  -5  -3  -1  -3  -4  -4   0  -1   0  -3  -1   4  -8  -3  -7  -2   8  -2    1   3   1   2   1   1   2   1   2   4  10   2   1  14   0   3   0   0  50   2  1.57 0.79
  194 Y    -7  -3  -3  -3  -4  -6  -8  -9  -2  -3  -4  -4  -5   1  -5  -3  -5  -2  10  -8    0   1   1   2   1   0   0   0   1   1   2   1   0   6   1   3   1   1  78   0  2.83 1.25
  195 L    -5  -7  -8  -8  -7  -7  -8  -4  -4   2   6  -7  -1   0  -4  -7  -6  -7  -4  -3    1   0   0   0   0   0   0   2   0  11  78   0   1   3   1   0   0   0   0   1  1.87 0.87
  196 T    -5  -5  -3  -7  -7  -6  -2  -5  -7  -3  -6  -5  -7  -2   1  -2   8  -8  -7  -4    1   1   1   0   0   0   2   1   0   2   1   1   0   2   8   2  77   0   0   1  2.13 1.08
  197 D    -2  -5  -4   8  -9  -2   0  -5  -1  -9  -9  -5  -8  -9  -5  -4  -4   1  -8  -8    4   1   1  79   0   2   6   1   1   0   0   1   0   0   1   1   1   2   0   0  2.39 1.09
  198 V     0  -8  -8  -8   2  -8  -8  -5  -8   5   3  -8   0  -3  -8  -4   0  -8  -7   4    9   0   0   0   3   0   0   1   0  26  23   0   2   1   0   1   6   0   0  27  1.13 0.59
  199 I    -4  -9 -10 -10  -3  -9  -6 -10 -10   6   0  -9  -2   2  -2  -9  -5  -1  -4   6    2   0   0   0   1   0   1   0   0  32   9   0   1   7   3   0   1   1   1  42  1.62 0.79
  200 A     3  -1  -1  -2  -8   1   4   2   0  -5  -5   2  -4  -5  -2   0  -3  -9  -4  -5   21   3   3   3   0   6  21  12   2   1   1  10   1   1   3   8   2   0   1   1  0.55 0.41
  201 M    -2  -3  -5  -5  -4  -2  -3  -6   0   6   3  -4   4  -1  -6  -4  -4   1  -1   0    4   2   1   1   1   2   2   1   2  32  24   2  10   3   1   2   1   2   3   7  0.97 0.50
  202 A     5  -6  -5  -6  -1  -5  -9  -3  -9   0   3  -9   2   1  -9  -3  -5  -2  -2  -2   44   1   1   1   1   1   0   2   0   6  25   0   4   6   0   2   1   1   1   3  1.17 0.67
  203 H     1   3   2  -4  -2  -1  -4  -4   2  -1  -2   1  -3  -2  -4   0  -2  -3   1   2   12  16   8   1   1   3   1   2   4   4   5   9   1   2   1   8   3   0   5  15  0.34 0.26
  204 A     2   2   2   1  -8   2   2  -1   0  -5  -5   3  -3  -5  -3   1  -2  -8  -4  -5   15  10   8   6   0   9  14   5   2   1   2  14   1   1   2   8   2   0   1   1  0.46 0.35
  205 D     0   2   1   3  -3   2   3  -3   0  -5  -3   2   0  -4  -5   0  -3  -2  -3  -6    9   9   6  13   1  10  16   3   2   1   3  11   2   1   1   8   2   1   1   1  0.44 0.34
  206 G    -4  -2   2   0  -9  -2  -2   7   0  -9  -9   0  -3  -9  -4  -3  -4  -9  -4  -5    2   3   8   5   0   2   3  61   2   0   0   6   1   0   1   3   1   0   1   1  1.52 0.81
  207 C    -1   1  -3  -2   0   0   1   1   3  -1   1   2   1  -1  -6  -2  -2   1   1  -1    5   8   2   2   2   4   9  10   7   4  16  10   3   2   0   2   2   2   4   5  0.20 0.16
  208 P     0   3   1  -2  -2  -1  -1  -2   0  -2  -3   4  -3  -4   2   0   0  -2  -4   0    7  14   5   3   1   2   4   4   2   3   3  20   1   1  10   7   6   1   1   6  0.36 0.29
  209 I     0  -4  -8  -9   2  -4  -8  -5  -9   4  -3  -4  -1  -3  -4  -4  -1  -9  -3   6    7   1   0   0   4   1   0   1   0  17   3   2   2   2   1   2   5   0   1  50  1.37 0.69
  210 A     1   0   0   0  -1   0   0   2   2  -1  -2   0  -2  -3  -4   2   0  -1  -2   0   13   5   4   6   1   4   7  13   4   3   4   5   1   1   1  12   5   1   1   8  0.14 0.14
  211 A     4  -2  -3  -3   1  -3  -3   0   0  -2  -3  -3  -1  -2  -1   1   2   0  -1   0   33   3   2   2   3   1   2   6   2   3   3   2   2   2   4  11  12   1   2   6  0.49 0.37
  212 V    -2  -3  -3  -4   2  -2  -3  -4   2   2   1  -4   1   3  -3  -3  -3   2   3   4    3   2   1   1   3   2   3   2   4  11  11   1   3  11   2   3   2   2   9  23  0.55 0.31
  213 H    -1   0   0   0   1   1   1  -2   1   1   0   0   0  -1   0   0   0   0  -1   0    4   6   4   4   4   7   8   2   4   9   8   7   3   2   5   6   7   2   2   8  0.04 0.06
  214 P     1  -1  -1  -1   2  -1  -1  -1   1   1   0  -2   1  -1   1   0   1   2   0   1   12   3   3   3   5   3   4   3   4   9   8   0   3   3   8   5   8   3   3  12  0.09 0.13
  215 D     0  -1   0   1   1   0   1   1   1  -1  -2   0  -3  -1   2   0   0  -4   0  -1    8   3   4  10   3   4   9  12   3   3   4   5   0   3  11   6   4   0   3   5  0.12 0.13
  216 S    -2  -2   2   6  -1  -1   2  -3   0  -5  -5  -3  -1  -4  -1  -1  -3   0  -4  -5    4   2   9  44   1   3  11   3   2   1   1   2   2   1   4   5   2   2   1   1  0.99 0.51
  217 A     1  -2  -1   1  -2  -2   2  -2   0  -2  -2  -2  -2   0   4   0  -1   2   0  -1   10   2   3   6   1   2  14   3   2   3   5   2   1   4  24   8   3   2   3   5  0.35 0.27
  218 M    -1   1   0   3  -2   0   3  -1   1  -2  -1  -2  -1   0  -3   0   0   2  -1  -2    6   8   4  17   1   4  17   4   3   2   6   2   1   5   1   8   5   3   2   3  0.22 0.19
  219 E    -2  -2  -2   1   0   0   6  -2   1  -3  -3  -3  -2  -2  -3  -2  -2  -2  -1  -2    4   2   2   6   2   4  52   4   3   1   3   1   1   2   1   2   2   1   2   3  0.91 0.51
  220 V     1  -3  -3  -5   1  -4  -3  -3  -4   3   1  -4   0   2  -3  -2   1  -2  -1   3   13   1   1   0   3   0   1   2   0  17  15   0   2   8   1   3   8   1   2  23  0.40 0.27
  221 E    -1   0  -2   0  -1   1  -1  -3  -1   1   3   0   4   0  -4  -1  -1  -1   0  -1    5   4   2   5   1   7   5   1   2   8  29   5  12   3   0   3   4   1   3   2  0.22 0.21
  222 G    -2  -1   0  -3  -6  -2  -5   7  -5  -6  -5  -3  -6  -2  -1  -2  -2  -6  -6  -4    2   3   5   1   0   2   0  72   0   0   1   1   0   2   4   2   3   0   0   1  1.48 0.66
  223 A    -1  -5  -6  -6   2  -5  -5  -6  -6   5  -1  -5   1  -2  -2  -3  -2  -5  -4   5    4   0   0   0   4   0   0   0   0  31   4   0   3   2   2   1   1   0   0  46  1.14 0.53
  224 N    -5  -2   8   2  -6  -2  -2  -5  -1  -6  -7  -1  -6  -6  -5  -2  -2  -7  -2  -6    0   2  72   9   0   2   3   0   1   0   0   4   0   0   0   3   2   0   1   0  1.93 0.81
  225 N    -2  -3   3   5  -1  -3  -3  -3  -1  -5  -4  -4  -5  -5  -4   2   4  -6  -5  -4    3   1  14  30   1   0   0   2   1   0   2   0   0   0   0  17  27   0   0   0  0.93 0.52
  226 R    -3   7  -1  -3  -2   1  -3  -4  -1  -3  -2   1  -2  -3   1  -3  -3  -2  -2  -3    2  58   2   1   1   5   1   1   1   1   5   8   1   1   7   1   1   1   1   2  1.17 0.58
  227 V     1   1  -2  -1  -1   0   1  -2  -1   0  -1   0   1   0  -2   0  -1   0   0   1   17   8   1   2   1   4  10   2   2   7   6   6   4   3   1   6   2   1   4  14  0.08 0.12
  228 Q    -1   0   0   3   1   3   2  -1   1  -4  -2   0   0  -4  -3   0  -1   2  -3  -3    5   3   4  17   3  19  16   5   3   0   3   4   3   0   0   7   3   3   0   0  0.34 0.27
  229 L    -1  -1  -4  -5   1   0  -4  -5   1   0   4  -1   2   0  -1  -3  -3   3   0   0    4   4   0   0   4   4   0   0   4   4  49   4   4   4   4   0   0   4   4   5  0.47 0.33
  230 A     5  -2  -2  -4  -2  -1  -2  -3  -2  -2  -3  -4  -1  -4  -6   2  -2   1  -2  -2   53   2   2   1   1   3   2   2   1   2   3   1   2   1   0  17   2   2   1   3  0.91 0.60
  231 A     0   2   0   0  -3   2   3  -3  -1  -1  -2   2   0  -2  -4  -1  -1  -1  -2  -2    9  13   3   5   1  11  21   1   1   4   5  11   2   2   0   3   3   1   2   2  0.31 0.28
  232 L     5  -3  -6  -7   1  -2  -6  -3  -6   0   1  -5   1  -2  -6  -2  -2  -7  -6   2   50   2   0   0   3   2   0   2   0   4  14   0   4   2   0   2   3   0   0  12  0.91 0.59
  233 E     0   0   1   0  -2   0   6  -2   1  -3  -4  -3  -2  -3  -6  -1   0  -1  -1  -4    7   4   8   3   1   4  47   3   3   1   1   1   1   1   0   4   5   1   2   1  0.80 0.55
  234 R     1   3   0  -1   0   1   2  -1   1  -2  -3   2  -1  -2  -4  -1  -1   1   0  -2   14  17   4   4   2   5  12   4   3   2   2  12   2   2   0   4   3   2   3   3  0.24 0.25
  235 S     0  -1  -2  -2   0  -1  -1  -3   0   4   1  -1   0   1  -4  -2   0   2   1   1    8   4   2   2   2   2   3   2   2  24  13   3   2   5   0   2   5   2   5  11  0.21 0.21
  236 Y    -1  -2  -2  -3   0  -1  -3  -3   0   1   3  -2   5   2  -6  -3  -2   3   1   0    5   2   2   2   2   2   2   2   2   6  29   3  15   9   0   2   2   3   6   5  0.45 0.36
  237 Q    -3   5   0  -5   0   6  -2  -4  -1  -2  -3   1  -1  -1  -6  -2  -3   0   1  -3    2  28   5   0   2  31   2   2   2   3   3   7   2   2   0   2   2   2   4   2  0.92 0.64
  238 K     0   4   1   0  -1   2   1  -2   0  -1  -2   2   0  -3  -4  -1  -1   0  -2  -2    7  21   7   6   1  11   9   2   2   4   3  11   2   1   0   5   3   1   1   2  0.31 0.29
  239 M    -2   6  -1  -3  -2   1   0  -4   0  -2  -2   2   0  -2  -6  -2  -3   0  -2  -3    3  46   3   2   1   6   5   1   2   3   4  10   3   2   0   3   2   1   1   1  0.88 0.58
  240 Q    -3   1  -1  -5  -2   1  -2  -6  -2   5   1   2   0  -1  -6  -3   0   0  -2   1    2   7   3   0   1   5   2   0   1  34  14  12   2   3   0   1   5   1   1   7  0.54 0.39
  241 A     2   3   3  -5   1  -2  -4  -4  -1   1   1  -1  -2  -3  -5  -3  -2  -6  -1   1   16  18  15   0   3   1   0   1   1   9  15   3   1   1   0   1   2   0   2  10  0.41 0.37
  242 E     0   2   0   1   1   1   2  -1   1  -1  -2   1   0  -1  -4   0   0   2   0  -2    7  10   5   8   3   5  15   3   4   3   4   9   3   3   0   5   6   3   3   3  0.14 0.16
  243 K     0   2   0   1   1   1   1  -1   1  -1  -2   1   0  -1  -3   0   0   2   1  -1    7  11   4   7   3   6  10   4   4   4   3  10   3   3   0   5   5   3   5   3  0.12 0.15
  244 L    -1  -3  -6  -7   0  -5  -6  -7   5   0   4  -4   0   3  -7  -4  -5   8  -1  -2    6   1   0   0   2   0   0   0  14   4  35   1   2  11   0   1   0  19   2   2  1.18 0.58
  245 M    -2  -1  -5  -5   0   0  -3  -3  -1   2   2  -3   8  -1  -5  -3  -2   0  -1  -1    3   3   0   0   2   4   2   2   2  11  15   2  42   2   0   2   2   1   2   4  1.02 0.51
  246 I     0   1   0   2  -4   0   3  -2   1  -2   0   1   1  -2  -3   0  -1   0   0  -2    7   7   3  10   0   3  25   2   3   2  10   7   5   2   0   5   2   1   3   2  0.21 0.19
  247 A     1   1   3   1   0   1   1  -1   0  -3  -3   2  -1  -2  -3   1  -1  -5  -4  -2   16   8  15   7   2   6   7   3   2   2   2  17   2   2   0   8   2   0   0   2  0.28 0.23
  248 G    -1   0   2   0  -7  -5  -6   7  -6  -8  -8  -5  -7  -7  -6  -4  -5  -7  -7  -7    5   5   8   5   0   0   0  76   0   0   0   0   0   0   0   0   0   0   0   0  1.88 0.77
  249 A    -1  -7  -3  -7  -1  -6  -7  -7  -7   1  -1  -6   0  -5  -6  -4  -2  -7  -6   7    6   0   1   0   2   0   0   0   0   5   4   0   2   0   0   1   2   0   0  76  1.77 0.70
  250 T    -2   0  -2  -3  -2  -1  -1  -4   1   0  -1  -1   0  -1  -5   1   6  -1  -2  -2    2   6   2   1   1   2   3   1   3   4   5   4   2   2   0   8  49   1   1   3  0.77 0.45
  251 L   -10 -12 -12 -13   5 -12 -12 -13 -12   5   2 -12   6   5 -12 -11 -10 -11  -9   3    0   0   0   0   9   0   0   0   0  26  18   0  16  17   0   0   0   0   0  15  1.78 0.57
  252 L    -1   0  -1  -2   1   0   0  -3   2   3   0  -1   2  -1  -1  -2  -1   2   0   2    5   5   3   3   3   5   6   3   6  14   8   3   5   3   3   3   4   3   3  13  0.17 0.08
  253 D     0  -3   2   7   0  -1  -2  -2  -1  -4  -3  -2  -2  -3  -4  -1  -3  -7  -2  -4    9   2   8  53   2   2   2   3   1   1   3   2   1   1   1   4   1   0   1   1  1.10 0.61
  254 P    -2  -3  -4  -4  -7  -4  -4  -4  -3  -2  -4  -4  -2  -4   8  -3  -3  -2  -4  -4    3   2   1   1   0   1   1   2   1   3   2   1   1   1  72   2   2   1   1   1  2.06 0.98
  255 A     1   0   2   3  -3   0   3  -2   0  -3  -3  -1  -2  -4  -1   1  -1  -2  -3  -3   12   4   9  17   1   5  22   3   2   1   3   2   1   1   2   9   3   1   1   1  0.38 0.30
  256 R    -1   3   1  -2  -2  -1  -4  -1   1  -3  -3  -1  -1  -3  -4   3   4  -5  -3  -3    4  16   5   2   1   2   0   5   4   1   2   3   2   1   0  21  28   0   1   1  0.59 0.43
  257 F    -1  -3  -1  -4   2  -1  -3  -4  -4   2  -1  -3  -2   3  -4  -1   3  -3  -2   3    4   0   3   0   4   3   1   1   0  11   5   0   0  12   0   3  25   0   0  26  0.47 0.30
  258 D    -2  -1  -1   2  -1  -1  -1  -4   1  -1  -2  -1   0   3  -4  -1  -1   5   5  -1    3   2   2  14   2   2   3   1   3   3   3   3   2  12   0   3   4   8  26   3  0.52 0.29
  259 L    -2  -4  -4  -5   1  -1  -4  -5  -4   5   2  -4   1   2  -1  -2  -3  -4  -3   2    3   0   0   0   4   3   0   0   0  40  16   0   3   9   3   3   0   0   0  15  0.67 0.34
  260 R    -1   3   0   3   0   0   2   0   2  -4  -4  -1  -3  -2  -1   1  -1  -4  -1  -4    4  17   2  22   3   2  12   8   6   0   1   2   0   2   2  12   2   0   2   0  0.37 0.25
  261 G     1  -2  -1   0  -1  -1   0   3   0  -2  -2  -1  -1  -1   3  -1  -1   1   2  -1   10   2   3   5   1   1   7  21   2   2   3   3   1   2  14   4   3   2   9   3  0.25 0.20
  262 T    -2  -1   1   4  -2   0   1   0  -1  -3  -4  -2  -2  -2  -3   1   2  -5   0  -3    2   3   6  29   1   3  10   8   2   1   1   2   1   2   1   9  14   0   4   2  0.44 0.32
  263 L     0  -5  -5  -6   1  -3  -5  -6   0   1   1  -3   0  -2  -5  -2   1  -6  -4   6    7   0   0   0   2   1   0   0   3   6  10   2   2   2   0   2  10   0   0  52  0.89 0.50
  264 E    -1   1   0  -2  -2   1   2  -3   0   0  -3   2  -2  -2  -3   0   2  -2  -2   0    3   9   5   2   1   6  15   1   2   5   2  15   1   2   1   6  14   1   1   7  0.25 0.23
  265 I    -2  -6  -6  -7   2  -6  -6  -7   0   6   1  -6   0   2  -6  -4  -3  -5   0   3    4   0   0   0   4   0   0   0   2  44  11   0   2   9   0   1   1   0   3  18  1.11 0.51
  266 G     0  -4  -3  -2   1  -2   2   6  -2  -5  -5  -3  -3  -4  -4   0  -4  -6  -6  -5    9   1   1   2   2   2  11  57   1   1   1   1   1   1   1   6   1   0   0   1  1.18 0.59
  267 E     1   3  -1  -1  -3   2   0  -2   1  -2  -3   2  -2  -3   3   0  -1  -2  -2  -3   10  17   3   3   0  11   5   3   3   2   2  12   1   1  13   6   4   1   2   1  0.33 0.24
  268 E    -5  -6   0   7  -7  -3   0   2  -2  -7  -6  -2  -7  -7  -6  -4  -6  -7  -7  -7    1   0   5  66   0   1   5  15   1   0   1   3   0   0   0   1   0   0   0   0  1.86 0.77
  269 V     0  -5  -3  -6   4  -5  -5  -6  -6  -1  -3  -5  -4  -5  -5   1   5  -6  -5   4    8   0   1   0   8   0   0   0   0   2   2   0   0   0   0   9  39   0   0  28  1.14 0.58
  270 V    -3  -1  -3  -3  -2  -1   1  -5  -1   3  -1  -1  -2   1  -5  -1   2   0   0   4    1   3   1   1   1   3  11   0   1  13   5   3   1   5   0   4  13   1   3  30  0.43 0.29
  271 I    -6  -7  -7  -7  -6  -7  -7  -7  -7   8   2  -7  -1  -2  -7  -6  -5  -6  -6   2    0   0   0   0   0   0   0   0   0  68  14   0   1   2   0   0   0   0   0  11  1.94 0.73
  272 D    -2  -2  -3   4  -3  -1   3   1   4  -4  -1  -2  -2  -1  -5  -3  -3   0   4  -4    3   2   1  20   1   2  18   9  11   1   7   2   1   3   0   1   1   1  15   1  0.62 0.37
  273 V    -1  -3  -2  -4  -1  -2  -3  -1  -3   0  -6  -3  -5  -4   7  -2  -2  -3  -4   1    6   1   2   1   2   2   2   5   1   6   0   1   0   1  55   3   3   1   1   8  1.34 0.64
  274 N    -3  -2   6   0   0  -1  -3   4   1  -6  -5  -4  -1   2  -1  -2  -4  -2   0  -6    2   2  35   5   2   3   1  27   3   0   1   0   1   8   4   2   0   1   4   0  0.91 0.49
  275 V     0  -6  -1  -6   6  -5  -5  -6  -6  -2  -3  -5  -2  -5  -5   0   4  -6  -5   5    7   0   3   0  13   0   0   0   0   1   1   0   1   0   0   8  23   0   0  42  1.16 0.58
  276 I    -3  -1  -3  -4  -1   0  -2  -5   3   3  -1  -2   0   2  -4  -1   0  -1   2   3    1   4   1   0   1   5   3   0   8  16   4   2   3   7   0   6   7   1   6  24  0.38 0.27
  277 I    -5  -6  -7  -7  -3  -6  -7  -7  -6   6   4  -6  -1   4  -6  -6  -4  -5  -4  -1    0   0   0   0   1   0   0   0   0  36  40   0   1  17   0   0   1   0   0   3  1.40 0.60
  278 E    -2   2  -1  -1  -2   0   4   1  -1  -3   0   1  -1  -3  -4  -1   0  -1   0  -3    2  13   2   2   1   3  29  10   1   1   9   7   2   1   0   5   5   1   4   1  0.35 0.28
  279 G    -3  -3  -3  -3  -4  -3  -2   7  -3  -6  -5  -1  -6  -7   1  -2  -4  -6  -6  -6    2   2   1   1   0   1   2  72   1   1   1   4   0   0   8   2   1   0   0   1  1.62 0.70
  280 K     0   1   3   1  -2   0   1   1   1  -4  -4   3  -3  -2  -2   0  -1  -5  -2  -3    7   8  16   7   1   4  10  11   3   1   1  17   1   2   1   5   4   0   1   1  0.33 0.23
  281 V    -3  -6  -2  -6   4  -6  -6  -6  -6  -1  -5  -6  -3  -6  -6   2   6  -7  -6   5    1   0   2   0   7   0   0   0   0   2   0   0   1   0   0  12  41   0   0  33  1.35 0.68
  282 T    -2   2  -2  -2  -3   0   1  -4   1   1  -1   2  -2  -1  -4   0   2  -2  -2   2    2  12   1   1   0   3   9   0   4   9   4  13   0   2   0   7  13   0   1  17  0.27 0.24
  283 L    -4  -7  -7  -7  -5  -6  -7  -7  -7   7   2  -6  -2   1  -7  -6  -5  -6  -5   3    1   0   0   0   0   0   0   0   0  59  16   0   1   6   0   0   0   0   0  15  1.62 0.65
  284 G     0  -3  -3  -3  -4  -4   1   7   0  -6  -6  -1  -4  -6  -4  -3  -5  -6  -4  -6    7   1   1   2   0   1   9  67   3   0   1   4   1   0   1   2   0   0   1   0  1.46 0.61
  285 N     1   1   2   2  -1   0   2  -1   0  -4  -4   1  -3  -4   0   2   0  -4  -4  -3   12   6   9   9   1   4  16   3   2   1   1  10   0   1   5  15   5   0   0   2  0.29 0.22
  286 Q    -3   0   5   2  -2  -2  -1   5   0  -5  -5  -2  -5  -4  -3  -2  -4  -5  -2  -5    2   5  23  10   1   2   4  41   2   0   1   2   0   1   1   2   0   0   2   1  0.91 0.44
  287 V     1  -5  -2  -5   9  -4  -5  -5  -5  -3  -4  -5  -4  -5  -5   0   1  -5  -5   4   13   0   2   0  35   1   1   1   0   0   1   0   0   0   0   8   7   0   0  29  1.40 0.59
  288 R    -2   2  -2  -3  -2   0   1  -4   1   1  -1   0  -2  -2  -3   0   2  -1  -1   2    2  14   1   1   1   3   9   1   4   9   4   6   1   2   0   6  16   1   2  17  0.25 0.22
  289 I    -4  -5  -6  -6  -5  -5  -6  -6  -6   7   0  -5  -1  -3  -5  -5  -4  -5  -5   3    1   0   0   0   0   0   1   1   0  68   7   1   1   1   0   1   1   0   0  16  1.76 0.65
  290 G    -2  -1  -2  -1  -2  -1   1   5   1  -3  -3  -1  -2  -4  -3  -1  -2  -2   1  -4    3   3   1   4   1   3  11  51   3   1   2   3   1   1   1   3   3   0   4   1  0.80 0.36
  291 A     1  -2  -2  -2  -3   0  -2  -1  -1  -3  -4  -1  -2  -3   6   1  -1  -4  -3  -3   10   2   2   3   1   4   2   5   2   1   2   3   1   1  43  11   4   0   1   2  0.87 0.39
  292 G    -2  -2   4   0  -1  -1  -2   4   2  -3  -3  -3  -1   2  -3   0  -2  -1   1  -3    3   2  21   5   1   2   2  27   5   1   2   1   1   9   1   6   2   1   5   1  0.50 0.27
  293 S     1  -3  -2  -3   7  -2  -3  -2  -3  -2  -3  -3  -3  -3  -3   3   3  -4  -3   1   13   1   2   1  20   1   1   2   0   1   2   1   0   1   1  22  17   0   1  10  0.68 0.34
  294 V    -2   2  -2  -2  -2   0  -1  -3   2   2  -1  -1  -1   0  -3  -2   0   2   2   3    2  13   1   2   1   5   4   1   5  12   5   3   1   4   1   2   6   3   7  20  0.21 0.16
  295 L    -3  -4  -4  -4  -2  -4  -4  -4  -4   6   4  -4  -1  -2  -4  -4  -3  -3  -3   1    2   1   1   1   1   1   1   1   0  41  33   1   1   1   1   1   1   0   1   8  0.93 0.37
  296 K    -1   2   0   0  -1   0   1  -2   1   0  -1   2  -1  -2  -2   0   1  -2  -2   1    4  12   4   4   1   3  11   2   3   7   4  14   1   2   1   8   8   1   1  10  0.13 0.11
  297 D    -2  -2   5   6  -3  -2  -1  -1  -1  -4  -4  -2  -4  -3  -3   0  -2  -4  -3  -4    3   2  26  41   1   1   3   4   1   1   2   2   1   1   2   5   2   0   1   1  1.00 0.40
  298 C     1  -2  -2  -3   4  -2  -2  -2  -3  -2  -3  -2  -1  -2  -3   4   1  -3  -1   1   13   2   1   1   9   1   1   3   1   1   2   2   2   1   1  35  10   0   2  11  0.53 0.30
  299 V    -1   1  -1  -1  -1   1   1  -2   0   0  -1   1  -1  -1  -2   0   2  -2  -1   1    4  10   3   3   1   6   8   2   3   7   4  11   1   2   1   6  13   1   2  14  0.11 0.10
  300 I    -2  -3  -3  -3  -2  -3  -3  -4  -3   6   1  -3  -1  -2  -3  -3  -2  -3  -3   3    2   1   1   2   1   1   2   2   1  41  14   2   1   2   1   2   2   0   1  22  0.78 0.31
  301 G     1  -2  -2   0  -3  -2   1   5   0  -2  -3  -1  -3  -3  -2  -1  -2  -2  -3  -3   10   2   2   4   1   2   9  47   2   3   3   3   0   1   2   4   2   0   1   2  0.66 0.30
  302 D     0   0   2   5  -3  -1   2  -2  -1  -3  -4   0  -3  -4   0   0  -2  -4  -3  -3   10   5  10  33   1   3  11   3   1   2   2   5   0   1   4   6   2   0   1   1  0.52 0.28
  303 H    -2   1   4   2  -2  -1   0   4   1  -4  -4  -1  -3  -2  -3  -1  -2  -4  -2  -4    2   9  18  12   1   2   5  31   3   1   2   2   1   2   1   3   1   0   1   1  0.56 0.28
  304 T     2  -3  -1  -3   5  -2  -2  -2  -3  -1  -3  -3  -2  -3  -3   1   2  -4  -3   4   18   1   2   1  12   1   2   2   0   2   2   1   1   1   1  13  12   0   1  28  0.53 0.31
  305 E    -1   2   0  -2  -2   1   2  -3   3   1  -1   1  -1  -2  -3   0   1  -2  -2   1    3  12   3   2   1   5  12   1   7   8   4   8   1   1   1   6  11   0   1  12  0.17 0.15
  306 V    -3  -4  -3  -3  -1  -4  -4  -4  -2   6   1  -4  -2  -2  -4  -3  -2  -4  -3   4    2   1   1   2   1   1   1   1   1  41  10   1   0   1   1   2   2   0   1  30  0.98 0.41
  307 K    -2   2  -1  -2  -3   0   1  -2   2   0   0   3  -1  -1  -2  -2  -1   1  -1  -1    2  13   2   2   1   4   7   3   5   5  12  24   1   3   2   2   3   2   2   3  0.24 0.18
  308 P     3  -2   0   0  -1   0  -1  -1  -2  -3  -2  -2  -2  -2   4   2  -2  -1  -3  -1   22   2   4   6   1   5   4   5   1   1   3   2   1   2  20  14   1   1   1   4  0.36 0.23
  309 Y    -2  -1   2  -4  -1  -2  -3   0   5  -3  -3  -3  -1   5  -4   1  -3  -2   5  -3    3   4  10   1   1   2   1   7  12   1   2   1   1  23   1  10   1   0  17   1  0.70 0.36
  310 S    -2  -5  -3  -5   6  -3  -4  -5  -2  -5  -5  -4  -5  -6  -5   6   2  -6  -5   0    3   0   1   0  13   1   1   0   1   1   1   1   0   0   0  58  13   0   0   7  1.40 0.70
  311 I    -3  -1  -2  -3  -4  -1  -2  -4   6   2  -1  -3   0   0  -5  -2  -2   0   2   4    2   4   2   2   0   3   2   1  17   9   4   1   2   4   0   2   3   1   8  34  0.63 0.37
  312 I    -1  -4  -6  -6  -1  -5  -5  -5  -3   6   3  -4   0  -2  -5  -4  -2  -5  -4   3    6   1   0   0   2   0   0   1   1  39  26   1   2   1   0   1   2   0   0  16  0.96 0.45
  313 E    -3   0   0   1  -4   1   6  -5   0  -2  -3   0  -4  -4  -5  -1   0  -3  -2  -2    2   5   3   6   0   5  48   0   2   2   3   4   0   1   0   5   7   0   1   4  0.80 0.47
  314 G    -2  -2   2   4  -4   1   2   4   0  -5  -5  -1  -4  -5  -4   0  -3  -5  -3  -5    2   2  11  21   0   6  12  27   3   0   1   3   0   0   0   8   1   0   1   0  0.66 0.38
  315 A     4  -4  -3  -5   4  -4  -4  -4  -5  -3  -5  -4  -4  -6  -5   5   0  -6  -5   1   32   1   1   0   9   0   1   1   0   1   0   0   0   0   0  40   5   0   0   9  1.08 0.60
  316 Q    -2   2  -2  -1  -3   0   2  -4   2   1  -2   1  -2  -2  -3   0   2  -3  -1   2    2  13   1   3   0   4  12   1   6  10   2   8   0   1   1   6  15   0   2  14  0.25 0.23
  317 V    -4  -7  -7  -7  -3  -6  -7  -7  -7   6   2  -6  -1  -3  -7  -5  -4  -6  -5   5    1   0   0   0   1   0   0   0   0  47  14   0   1   1   0   1   1   0   0  33  1.53 0.66
  318 A     1   0  -1   0  -3  -2   2   5   0  -4  -5   0  -3  -5  -2  -1  -4  -4  -4  -5   10   4   2   5   1   1  14  45   2   1   1   6   1   0   2   5   1   0   1   1  0.76 0.42
  319 D     1   0   2   4  -4  -1   2  -2  -2  -4  -5   2  -5  -5   0   1  -2  -6  -4  -4   14   6   9  21   0   2  13   2   1   1   0  12   0   0   5  11   2   0   0   1  0.48 0.33
  320 L    -2   1   4   2  -2  -1   0   4   2  -6  -6   0  -4  -4  -5  -1  -4  -3  -3  -6    3   6  23  12   1   3   5  32   4   0   1   4   0   1   0   3   0   0   1   0  0.77 0.44
  321 C     4  -5  -3  -5   7  -5  -4  -5  -6  -4  -5  -5  -4  -6  -6   2   1  -7  -6   3   29   0   1   0  22   0   1   0   0   0   0   0   0   0   0  13   9   0   0  22  1.14 0.61
  322 S    -2   1   0   1  -3   2   0  -3   1   1  -3   2  -2  -4  -4   1   2  -3  -3   0    2   8   4   7   0   9   6   1   4   9   2  11   1   0   0  12  15   0   0   8  0.25 0.24
  323 V    -3  -7  -8  -8  -1  -7  -7  -8  -8   6  -1  -6  -1  -4  -7  -6  -5  -7  -5   6    2   0   0   0   1   0   0   0   0  41   6   0   1   0   0   0   0   0   0  48  1.72 0.74
  324 G    -4  -6  -6  -6  -8  -5  -5   8  -7  -9  -8  -5  -8  -8  -4  -6  -6  -8  -8  -7    1   0   0   0   0   1   1  94   0   0   0   1   0   0   1   0   0   0   0   0  2.71 1.05
  325 P    -5  -8  -6  -6  -5  -7  -7  -8  -8  -8  -7  -7  -8  -9   9  -4  -7  -9  -9  -8    1   0   0   0   0   0   0   0   0   0   0   0   0   0  96   1   0   0   0   0  3.45 1.31
  326 F    -7  -5  -4  -8  -3  -7  -7  -7  -2  -5  -3  -7   1   8  -8  -5  -7   0   6  -5    0   1   1   0   1   0   0   0   1   0   2   0   3  64   0   1   0   1  24   0  2.43 0.93
  327 A     6  -6  -4  -6   1  -5  -5  -3  -6  -4  -5  -4  -4  -6  -5   3  -1  -7  -6  -1   65   0   1   0   3   0   0   1   0   1   0   0   0   0   0  18   4   0   0   5  1.41 0.71
  328 R    -5   6   0  -6  -5  -2  -4  -6   8  -6  -5  -3  -6  -2  -6  -3  -4  -6   3  -2    0  36   5   0   0   2   1   0  36   0   1   1   0   2   0   2   1   0  11   3  1.72 0.75
  329 L    -5  -6  -7  -7  -2  -6  -7  -7  -7   4   6  -6   0  -2  -7  -6  -4  -6  -5   0    1   0   0   0   1   0   0   0   0  24  64   0   1   1   0   0   1   0   0   6  1.50 0.65
  330 R    -6   9  -4  -5  -6  -3  -5  -5  -1  -5  -7  -1  -6  -8  -6  -5  -5  -8  -6  -7    0  90   1   0   0   1   0   1   1   1   0   2   0   0   0   0   0   0   0   0  2.73 1.05
  331 P    -2  -4   0  -1  -7  -3   0  -1  -2  -7  -6  -2  -2  -6   8  -2  -3  -7  -7  -4    3   1   4   4   0   1   7   4   1   0   1   3   1   0  64   3   1   0   0   1  1.69 0.75
  332 G    -2  -3   2   0  -6   0   0   6   0  -7  -4   0  -6  -6  -6  -3  -4  -6  -5  -6    2   1   9   4   0   4   7  61   3   0   2   6   0   0   0   1   1   0   0   0  1.24 0.59
  333 A     3  -5  -1  -4   2  -4  -4  -4  -5  -5  -5  -5  -5  -6  -5   4   5  -6  -6   0   20   0   3   0   4   0   0   0   0   0   0   0   0   0   0  27  39   0   0   5  1.12 0.62
  334 V    -3   2  -1   0  -3   0   2  -4   3   1  -1   1  -1  -2  -4  -2   0  -3   0   3    1  10   3   6   0   3  12   0   8  10   3   8   1   1   0   2   5   0   4  23  0.27 0.24
  335 L    -4  -6  -7  -7  -4  -6  -7  -7  -7   5   5  -6   0  -3  -5  -6  -3  -6  -5   2    1   0   0   0   0   0   0   0   0  35  45   0   1   0   0   0   1   0   0  14  1.34 0.59
  336 E     1  -1  -1   0   0   0   2   4   1  -5  -4   1  -1  -3  -3   0  -3  -5  -3  -4   13   3   2   5   2   3  16  34   3   0   1   7   2   1   1   5   0   0   1   1  0.52 0.33
  337 Q     1   0   1   4  -4   0   3  -2  -1  -5  -5   1  -2  -5   1   0  -1  -6  -4  -4   12   6   7  21   0   4  21   2   1   0   0   7   1   0   6   7   3   0   0   1  0.48 0.32
  338 D    -2   0   4   2  -4   0   1   4   2  -6  -6   1  -5  -4  -4  -1  -4  -5  -3  -5    2   5  21  10   0   3   9  29   6   0   0   8   0   1   0   4   0   0   1   0  0.68 0.38
  339 A     4  -5  -2  -5   3  -4  -5  -2  -5  -2  -4  -5  -4  -5  -5   1   1  -6  -5   5   32   0   1   0   5   0   0   3   0   1   0   0   0   0   0  12   8   0   0  36  0.89 0.52
  340 H    -3   4  -2  -4  -2  -1   0  -5   7  -4  -5   5  -5  -5  -5  -2  -2  -6  -1  -1    1  19   1   0   1   1   5   1  22   1   1  36   0   0   0   2   2   0   1   4  1.12 0.56
  341 V    -1  -6  -7  -7  -5  -6  -6  -7  -7   6   0  -6   0  -4  -6  -5  -2  -6  -5   5    5   0   0   0   0   0   0   0   0  49   6   0   1   0   0   1   2   0   0  35  1.50 0.63
  342 G    -4  -7  -4  -6  -7  -7  -7   8  -7  -8  -8  -5  -7  -8  -5  -5  -6  -7  -8  -8    0   0   0   0   0   0   0  97   0   0   0   1   0   0   1   0   0   0   0   0  2.75 1.00
  343 N    -2  -4   8   1  -1  -4  -4  -4  -3  -7  -7  -4  -6  -7  -3   0   0  -8  -6  -6    4   1  70   6   1   0   0   1   0   0   0   1   0   0   2   7   6   0   0   0  1.86 0.80
  344 F    -7  -7  -4  -8  -3  -8  -8  -6  -1  -5  -4  -8  -5   9  -8  -5  -7  -4   2  -6    0   0   1   0   1   0   0   0   1   0   0   0   0  88   0   1   0   0   5   0  3.00 1.03
  345 V     0  -6  -5  -7   2  -5  -6  -3  -7  -1  -3  -6  -2  -5  -6  -4  -1  -7  -5   7    7   0   0   0   4   1   0   2   0   1   1   0   1   0   0   1   3   0   0  78  1.74 0.74
  346 E    -6  -5  -5  -2  -8  -3   8  -6  -2  -8  -7  -4  -7  -8  -6  -5  -6  -8  -7  -7    0   0   0   2   0   0  96   0   1   0   0   0   0   0   0   0   0   0   0   0  2.73 1.05
  347 M    -3  -5  -5  -6  -2  -5  -6  -6  -6   5   1  -5   2  -3  -5  -4   2  -6  -4   4    1   0   0   0   1   0   0   0   0  30  12   0   6   1   0   0  14   0   0  34  1.02 0.48
  348 K    -5  -2  -1  -5  -7  -3  -4  -6  -5  -5  -6   8  -6  -7  -6  -4  -3  -7  -6  -2    0   0   3   0   0   0   0   0   0   1   0  89   0   0   0   1   1   0   0   3  2.37 0.93
  349 K    -1   2   6  -2  -6  -1  -2  -4  -2  -6  -6   5  -5  -7  -5  -3  -4  -7  -5  -6    5  10  39   2   0   3   1   1   1   0   0  37   0   0   0   1   0   0   0   0  1.34 0.62
  350 S     3  -5  -4  -4  -1  -3  -4  -4  -5  -4  -5  -4  -5  -6  -5   6   3  -6  -5  -2   19   0   0   0   1   0   0   1   0   1   1   0   0   0   0  57  15   0   0   3  1.28 0.65
  351 R    -2   3   0  -1  -3   0   0  -4   2   0  -3   1  -3  -2  -4   0   3  -4  -2   1    1  18   4   3   0   5   5   0   5   5   1  10   0   2   0   5  21   0   1  13  0.33 0.27
  352 L    -4  -6  -6  -6  -4  -6  -6  -7  -6   6   3  -6   1   1  -6  -5  -3  -5  -4   3    1   0   0   0   0   0   0   0   0  42  31   0   3   6   0   0   1   0   0  16  1.20 0.50
  353 G    -1  -3  -1  -2  -5  -4  -2   7   0  -6  -6  -1  -4  -5  -4  -2  -4  -6  -5  -6    5   2   2   2   0   1   3  73   2   0   1   4   0   0   1   3   0   0   0   0  1.52 0.60
  354 V     1   1   1   1  -3   1   3  -3  -2  -4  -4   3  -3  -5   0   0  -1  -5  -3  -3   13   8   6   9   0   4  22   1   1   1   1  17   1   0   4   6   3   0   1   2  0.41 0.27
  355 G    -3   0   2  -1  -5  -2  -2   6   1  -6  -5   0  -4  -3  -5  -2  -4  -4  -1  -6    1   6  11   4   0   2   3  57   3   0   1   6   1   1   0   2   0   0   2   0  1.11 0.50
  356 S     2  -5  -3  -5  -1  -4  -4  -4  -5  -3  -5  -4  -4  -6  -5   5   4  -6  -5   2   16   0   0   0   1   0   0   0   0   1   0   0   0   0   0  42  25   0   0  14  1.04 0.57
  357 K    -2   1  -1  -4  -3  -1  -3  -6  -2  -6  -4   8  -5  -5  -5  -2  -4  -7  -6  -5    3   5   3   1   1   2   0   0   1   0   2  79   0   1   0   2   0   0   0   0  1.87 0.78
  358 C     4  -5  -5  -6   0  -4  -5  -4  -5   3  -2  -5   2  -4  -5  -1  -3  -6  -5   4   41   0   0   0   2   1   0   0   0  16   2   0   4   0   0   3   1   0   0  29  0.96 0.49
  359 G     0  -1   4  -3  -3  -2  -3   2   0  -5  -3   2  -2  -5   3   2  -3  -4  -5  -5    6   3  23   0   1   1   0  16   3   0   2  12   1   0  16  15   0   0   0   0  0.62 0.38
  360 H    -7  -4  -3  -6  -8  -5  -5  -7  11  -8  -8  -6  -7  -7  -7  -6  -7  -8  -4  -8    0   0   1   0   0   0   0   0  98   0   0   0   0   0   0   0   0   0   0   0  4.16 1.28
  361 L    -5  -4  -7  -7  -5  -3  -6  -7   0  -2   6  -5  -1   3  -7  -6  -5  -5  -4  -2    0   1   0   0   0   1   0   0   3   0  79   0   1  12   0   0   0   0   0   1  1.64 0.68
  362 T     2  -5  -3  -4  -1  -4  -4  -2  -5  -5  -6  -4  -5  -6  -5   6   4  -7  -6  -4   14   0   0   0   1   0   0   3   0   0   0   0   0   0   0  59  21   0   0   1  1.36 0.67
  363 Y    -7  -7  -7  -8  -3  -6  -7  -8  -3  -6  -6  -7  -6   0  -8  -5  -7  -3  10  -6    0   0   0   0   1   0   0   0   0   0   0   0   0   2   0   1   0   0  96   0  3.55 1.16
  364 L    -4  -6  -6  -7  -2  -6  -6  -7  -6   5   4  -6   0  -3  -6  -5  -4  -5  -5   3    1   0   0   0   1   0   0   0   0  38  41   0   1   0   0   0   0   0   0  17  1.27 0.53
  365 G    -4  -7  -3  -6  -7  -6  -6   8  -6  -8  -6  -6  -7  -7  -6  -4  -6  -7  -7  -7    0   0   1   0   0   0   0  96   0   0   1   0   0   0   0   1   0   0   0   0  2.62 0.90
  366 D    -6  -6   0   8  -8  -3  -3  -6  -5  -7  -8  -5  -7  -8  -6  -5  -5  -8  -7  -7    0   0   4  93   0   1   0   0   0   0   0   0   0   0   0   0   0   0   0   0  2.80 0.96
  367 A     6  -5  -4  -5   2  -4  -4  -2  -5  -4  -5  -4  -4  -6  -4   2   2  -6  -5  -1   63   0   0   0   4   0   0   2   0   0   0   0   0   0   0  15  11   0   0   3  1.22 0.59
  368 E    -3  -1  -1   2  -4   1   4  -4   0   0  -3   0  -3  -2  -4   0   3  -3  -3   0    1   2   3  13   0   6  26   0   2   5   2   4   0   2   0   6  22   0   1   7  0.44 0.31
  369 V    -4  -6  -6  -6  -4  -6  -6  -7  -6   6   1  -6   1  -3  -6  -5  -3  -6  -5   5    0   0   0   0   0   0   0   0   0  48  13   0   2   0   0   0   1   0   0  35  1.45 0.57
  370 G    -3  -6  -4  -2  -7  -5  -3   7  -5  -8  -7  -4  -7  -7  -6  -4  -5  -7  -7  -7    1   0   0   3   0   0   2  91   0   0   0   1   0   0   0   1   0   0   0   0  2.34 0.81
  371 A     1   1   0   1  -4   0   4  -3  -2  -3  -4   3  -3  -5  -1   1  -1  -5  -4  -3   14   7   4   6   0   3  26   1   1   1   0  16   0   0   3  12   3   0   0   1  0.46 0.29
  372 K    -3   1   4   2  -3  -1   1   3   2  -5  -5   1  -4  -4  -4  -1  -3  -5  -2  -5    1   8  21  13   0   2   7  25   6   0   0  10   0   0   0   4   1   0   2   0  0.61 0.33
  373 V     1  -5  -5  -5   1  -5  -5  -5  -6   0  -3  -5  -3  -5  -5   0   3  -6  -5   6   12   0   0   0   3   0   0   0   0   2   0   0   0   0   0   8  17   0   0  56  1.10 0.53
  374 N    -5  -5   9  -3  -7  -5  -4  -5  -4  -7  -7  -5  -6  -7  -6  -3  -2  -8  -6  -6    0   0  94   0   0   0   0   0   0   0   0   0   0   0   0   1   2   0   0   0  2.89 0.99
  375 I    -5  -6  -7  -7  -5  -6  -6  -7  -6   7  -1  -6  -1   0  -6  -6  -4  -6  -4   3    0   0   0   0   0   0   0   0   0  73   4   0   1   3   0   0   0   0   0  18  1.83 0.66
  376 G    -3  -6  -4  -5  -6  -6  -6   8  -6  -7  -7  -5  -6  -7  -6  -2  -5  -6  -7  -6    1   0   0   0   0   0   0  94   0   0   0   0   0   0   0   2   0   0   0   1  2.49 0.82
  377 A     7  -5  -5  -6   6  -5  -5  -3  -6  -5  -5  -5  -5  -6  -5  -2  -3  -6  -6  -4   81   0   0   0  14   0   0   1   0   0   0   0   0   0   0   2   1   0   0   0  1.92 0.75
  378 G    -2  -6  -3  -5  -6  -3  -6   7  -6  -7  -7  -5  -5  -7  -6  -3  -5  -6  -7  -7    2   0   1   0   0   1   0  93   0   0   0   0   0   0   0   1   0   0   0   0  2.38 0.79
  379 T    -1  -5  -3  -5  -1  -5  -5  -5  -6  -4  -4  -5  -2  -3  -5   1   7  -6  -5   2    5   0   1   0   1   0   0   0   0   0   0   0   1   1   0   7  70   0   0  14  1.56 0.70
  380 I    -4  -7  -6  -7  -5  -7  -7  -7  -7   8  -2  -7  -3  -4  -7  -4  -3  -7  -5   3    0   0   0   0   0   0   0   0   0  77   0   0   0   0   0   1   1   0   0  20  2.07 0.74
  381 T    -4  -6  -5  -6  -4  -5  -5  -6  -4  -2  -5  -5  -3   3  -6  -3   8  -6  -5  -1    1   0   0   0   0   0   0   0   0   2   0   0   0  12   0   0  81   0   0   4  2.00 0.81
  382 C     3  -7  -7  -7  10  -6  -7  -6  -7  -4  -5  -7  -4  -6  -6  -4  -4  -7  -6   2   23   0   0   0  63   0   0   0   0   0   0   0   0   0   0   1   0   0   0  12  2.54 0.83
  383 N    -6  -5   9  -3  -7  -5  -5  -5  -4  -8  -8  -5  -7  -8  -7  -4  -3  -8  -2  -8    0   0  97   0   0   0   0   0   0   0   0   0   0   0   0   0   1   0   1   0  3.05 1.01
  384 Y    -6  -6  -2  -8  -7  -6  -7  -8   0  -6  -5  -6  -3   4  -8  -6  -6   1   9  -6    0   0   2   0   0   0   0   0   2   0   0   0   0  15   0   0   0   1  80   0  2.84 0.93
  385 D    -6  -4   1   8  -8  -4  -1  -6  -5  -8  -8  -5  -7  -8  -5  -4  -5  -9  -7  -8    0   1   5  91   0   0   2   0   0   0   0   0   0   0   0   0   0   0   0   0  2.64 0.88
  386 G    -4  -5  -4  -5  -7  -6  -6   8  -5  -8  -8  -6  -7  -6  -6  -4  -3  -7  -7  -7    0   1   0   0   0   0   0  96   0   0   0   0   0   0   0   0   2   0   0   0  2.52 0.82
  387 V     0   0  -2  -2  -3   1   0  -4  -1   0  -2   3  -2   2  -4  -2  -1  -3   1   2    8   4   1   2   0   5   7   0   1   6   2  24   0   9   0   1   3   0   5  19  0.26 0.22
  388 N     0   2   5   1  -5   0   1  -2   2  -3  -3   3  -3  -3  -3   0  -1  -5  -3  -3    7   9  29   5   0   3   7   1   5   1   2  18   0   1   0   5   3   0   0   1  0.51 0.30
  389 K    -5  -2  -4  -3  -8  -3  -4  -6  -3  -5  -6   8  -6  -4  -4  -5  -5  -7  -6  -7    0   0   0   1   0   0   0   0   0   1   0  95   0   1   1   0   0   0   0   0  2.50 0.89
  390 F    -3  -3   3  -4  -6  -1  -4  -5   9  -6  -4  -4  -5   1  -6   1  -5   0   3  -6    2   1  11   0   0   2   0   0  55   0   1   0   0   6   0   9   0   1  10   0  1.82 0.68
  391 Q    -3   5  -2  -3  -5   3   0  -4   2  -4  -4   4  -3  -4   2  -2  -1  -6  -3  -3    2  29   1   0   0  12   4   0   4   1   1  28   0   0  10   1   4   0   0   1  0.81 0.41
  392 T    -4  -6  -4  -5  -2  -5  -5  -6  -6  -2  -6  -5  -5  -7  -6   0   8  -7  -6  -4    0   0   0   0   1   0   0   0   0   2   0   0   0   0   0   5  92   0   0   1  2.39 0.90
  393 I    -2  -1  -2  -1  -3  -1   1  -4   0   3  -1   1  -1  -2  -4  -2   2  -5  -2   3    1   3   1   3   0   1  10   0   2  19   2   9   1   1   0   2  17   0   1  26  0.38 0.28
  394 I    -5  -7  -7  -7  -5  -7  -7  -8  -7   8  -1  -7  -2  -4  -7  -6  -5  -7  -5   3    0   0   0   0   0   0   0   0   0  82   3   0   0   0   0   0   0   0   0  14  2.18 0.74
  395 E    -3  -4  -3  -2  -5  -2   3   6  -2  -7  -7   0  -5  -7  -5  -3  -5  -6  -6  -7    1   0   1   2   0   1  20  67   1   0   0   6   0   0   0   1   0   0   0   0  1.54 0.60
  396 D     0  -1   3   6  -5  -2   1  -4  -4  -6  -6   1  -5  -6  -2  -1  -3  -7  -5  -5    7   2  12  52   0   1   8   0   0   0   0  10   0   0   1   5   1   0   0   1  1.16 0.50
  397 D    -3   2   4   3  -6  -2   0   4   3  -6  -6  -1  -5  -5  -5  -2  -4  -6  -2  -6    1  10  23  15   0   1   4  32   8   0   0   4   0   0   0   2   0   0   1   0  0.85 0.40
  398 V     5  -5  -5  -6   4  -5  -5  -4  -6  -2  -4  -5  -4  -5  -5   1  -2  -6  -5   5   44   0   0   0   7   0   0   0   0   0   0   0   0   0   0   8   2   0   0  39  1.16 0.54
  399 F    -5  -1  -5  -7  -7  -3  -7  -7  -2  -4  -3  -3  -2   9  -8  -3  -6  -3   1  -5    1   4   0   0   0   1   0   0   1   0   1   2   1  84   0   2   0   0   2   0  2.46 0.81
  400 V    -4  -6  -7  -7  -5  -6  -7  -7  -7   7  -1  -6  -2  -4  -6  -6  -1  -6  -5   4    0   0   0   0   0   0   0   0   0  64   4   0   0   0   0   0   4   0   0  27  1.70 0.62
  401 G    -4  -7  -5  -6  -7  -6  -6   8  -6  -8  -8  -6  -7  -8  -6  -3  -6  -7  -7  -8    0   0   0   0   0   0   0  98   0   0   0   0   0   0   0   1   0   0   0   0  2.66 0.84
  402 S     0  -5  -4  -4   5  -4  -4  -3  -5  -5  -6  -4  -5  -6  -5   7  -1  -7  -6  -2    6   0   0   0  10   0   0   1   0   0   0   0   0   0   0  77   3   0   0   3  1.68 0.71
  403 D    -4  -4   7   5  -5  -1  -3   1   0  -7  -7  -4  -6  -7  -5  -2  -4  -7  -6  -7    0   0  47  36   0   2   0   9   2   0   0   0   0   0   0   2   0   0   0   0  1.59 0.62
  404 T    -1  -4   0  -4   0  -4  -4  -4  -5  -4  -5  -4  -4  -6  -5   4   6  -6  -5   1    4   0   4   0   2   0   0   0   0   0   0   0   0   0   0  36  46   0   0   8  1.20 0.57
  405 Q     0  -3   2  -3   1   3  -1  -4  -3   0  -2  -2   4  -4  -4   1   2  -5  -3   1    8   0  12   0   3  18   2   0   0   6   2   1  15   0   0  12  11   0   0  10  0.41 0.31
  406 L    -5  -6  -7  -7  -3  -6  -6  -7  -6   1   6  -6   0   2  -6  -6  -4  -5  -3  -2    0   0   0   0   0   0   0   0   0   8  81   0   2   7   0   0   1   0   0   1  1.58 0.59
  407 V    -4  -4  -7  -7  -4  -6  -6  -7  -7   5  -1  -6  -3  -4  -6  -5  -4  -6  -5   6    0   1   0   0   0   0   0   0   0  30   3   0   0   0   0   0   0   0   0  67  1.72 0.62
  408 A     7  -5  -5  -6  -4  -5  -5  -3  -6  -5  -6  -5  -5  -6  -4  -1  -4  -7  -6  -4   95   0   0   0   0   0   0   1   0   0   0   0   0   0   0   4   0   0   0   0  2.12 0.79
  409 P    -5  -7  -7  -6  -8  -6  -6  -7  -7  -8  -8  -5  -7  -8   9  -5  -6  -8  -8  -7    0   0   0   0   0   0   0   0   0   0   0   0   0   0  99   0   0   0   0   0  3.42 1.01
  410 V    -3  -5  -6  -7  -3  -6  -6  -6  -6   3   1  -6  -2  -4  -6  -5  -3  -6  -5   6    2   1   0   0   0   0   0   0   0  15  12   0   0   0   0   0   1   0   0  68  1.44 0.56
  411 R    -2   2   1  -2  -2  -1   1  -4   0  -2  -4   3  -3  -4  -4   0   5  -5  -4  -1    1  11   6   1   1   1  10   0   2   2   0  17   0   1   0   7  35   0   0   4  0.56 0.35
  412 I    -4  -6  -7  -7  -4  -6  -6  -7  -7   6   1  -6  -1  -4  -6  -5  -4  -6  -5   5    0   0   0   0   0   0   0   0   0  54  11   0   1   0   0   0   0   0   0  34  1.53 0.56
  413 G    -1  -3  -3  -3  -5  -2   1   7  -2  -7  -7  -1  -6  -5  -3  -3  -4  -6  -6  -6    5   1   1   1   0   2   8  76   1   0   0   3   0   0   1   1   0   0   0   0  1.58 0.57
  414 K     1   1   1   4  -4   0   2  -3  -2  -5  -5   3  -4  -5  -2   0  -1  -6  -5  -4   11   7   6  29   0   2  13   0   0   0   0  19   0   0   2   8   2   0   0   0  0.62 0.32
  415 G    -3   0   4   2  -3  -1  -1   5   1  -6  -6  -1  -4  -5  -5  -2  -4  -4  -2  -6    1   6  19  10   0   2   4  47   3   0   0   4   0   0   0   2   0   0   1   0  0.93 0.40
  416 A     6  -3  -4  -5   0  -4  -4  -2  -5  -4  -4  -4  -4  -5  -4   3  -1  -6  -5   1   61   1   0   0   2   0   0   2   0   0   0   0   0   0   0  19   3   0   0  12  1.11 0.52
  417 T    -2   0  -3  -5  -3  -3  -4  -5  -2   2   0  -1   2   2  -5  -2   2   0   6   1    2   4   1   0   0   1   0   0   0  10   9   3   6   9   0   1  15   1  28   9  0.58 0.32
  418 L    -4  -5  -5  -5  -4  -5  -5  -6  -6   5  -2  -5  -2  -3  -5  -3   5  -6  -5   4    0   0   0   0   0   0   0   0   0  33   2   0   0   0   0   1  35   0   0  29  1.21 0.52
  419 G     5  -5  -4  -5  -5  -5  -4   6  -5  -6  -6  -5  -5  -6  -4  -3  -4  -6  -6  -5   44   0   0   0   0   0   1  54   0   0   0   0   0   0   1   0   0   0   0   0  1.59 0.60
  420 A     7  -5  -5  -5  -2  -5  -5  -3  -3  -5  -5  -5  -5  -6  -2   0  -2  -6  -6  -4   89   0   0   0   0   0   0   1   1   0   0   0   0   0   1   5   2   0   0   0  1.85 0.71
  421 G    -3  -5  -4  -5  -5  -6  -6   8  -6  -8  -8  -5  -7  -7  -6  -3  -6  -7  -7  -7    1   0   0   0   0   0   0  97   0   0   0   0   0   0   0   1   0   0   0   0  2.54 0.78
  422 S     1  -5  -3  -4  -4  -4  -4  -4  -5  -6  -6  -4  -5  -6  -5   7   3  -6  -5  -5    9   0   0   0   0   0   0   0   0   0   0   0   0   0   0  73  17   0   0   0  1.61 0.68
  423 T    -2  -5  -4  -5  -2  -4  -4  -6  -6  -1  -3  -5  -3  -4  -5  -2   5  -4  -5   5    2   0   0   0   1   0   0   0   0   2   0   0   0   0   0   1  43   0   0  49  1.35 0.58
  424 I    -4  -6  -7  -7  -4  -6  -6  -7  -7   7   0  -6  -2  -3  -6  -6  -4  -6  -5   5    0   0   0   0   0   0   0   0   0  57   5   0   0   0   0   0   0   0   0  37  1.67 0.59
  425 T    -3   0   1  -3  -4  -4  -4  -4  -4  -3  -4  -3  -3  -6  -4   0   7  -5  -5  -2    1   5   6   1   0   0   0   0   0   1   1   1   0   0   0   5  75   0   0   2  1.54 0.64
  426 K    -2   3  -1   1  -5   1   3  -3   1  -4  -5   5  -2  -5  -4  -1  -2  -5  -3  -5    1  17   2   6   0   6  17   1   3   1   0  38   1   0   0   3   2   0   0   0  0.77 0.37
  427 D    -4  -4   4   7  -7  -3   0  -4  -2  -7  -6  -2  -6  -7  -3  -2  -2  -7  -6  -5    1   0  19  65   0   0   5   1   1   0   0   2   0   0   1   3   2   0   0   0  1.64 0.59
  428 V    -2  -6  -7  -7  -3  -6  -6  -7  -7   3  -2  -6  -1  -4  -6  -5  -3  -6  -5   7    3   0   0   0   0   0   0   0   0  11   2   0   1   0   0   0   1   0   0  81  1.77 0.64
  429 A    -1  -4  -3  -2  -6  -3   1  -4  -3  -6  -6   0  -5  -7   8  -1  -4  -7  -5  -4    4   0   1   2   0   1  10   1   0   0   0   5   0   0  69   3   0   0   0   1  1.88 0.64
  430 E     2  -2  -1   3  -5  -1   3  -2  -1  -4  -5   1  -4  -5   4   1  -2  -6  -5  -3   21   1   3  18   0   1  18   1   1   0   0   8   0   0  19   8   1   0   0   1  0.62 0.32
  431 N    -3  -1   4   4  -5  -2   0   4   0  -6  -5   0  -5  -4  -4  -2  -3  -3   0  -5    1   3  18  21   0   1   5  38   2   0   1   4   0   1   0   2   0   0   3   0  0.82 0.37
  432 E     4  -2  -1   0  -1   0   0  -1  -2  -4  -4  -1  -2  -5  -3   3   1  -5  -4  -2   40   1   2   5   1   3   6   3   1   0   0   3   1   0   0  26   8   0   0   1  0.60 0.35
  433 L    -4  -4  -5  -6  -4  -5  -5  -6  -5   0   6  -3   2   0  -6  -4  -1  -5  -4  -1    0   1   0   0   0   0   0   0   0   4  78   1   3   3   0   1   5   0   0   3  1.30 0.50
  434 V     5  -5  -4  -5  -2  -4  -4   1  -3  -2  -4  -4  -4  -3  -4   0   0  -1  -3   2   57   0   0   0   0   0   0  11   0   1   0   0   0   1   0   4   5   1   0  18  0.92 0.45
  435 I    -4  -6  -6  -6  -4  -5  -6  -5  -6   6   2  -5   0   0  -6  -5  -3  -3  -1   4    0   0   0   0   0   0   0   1   0  44  14   0   1   3   0   0   0   0   2  33  1.17 0.45
  436 T     4  -3  -1  -3  -4  -3   1   4  -2  -5  -5  -3  -4  -4  -4   2   0  -5  -4  -3   32   1   2   0   0   0   8  32   1   0   0   0   0   1   0  17   5   0   0   1  0.74 0.38
  437 R    -3   8  -3  -3  -5  -2  -2  -1  -3  -4  -4  -1  -4  -5  -3  -3  -3  -5  -4  -4    2  79   1   1   0   0   2   5   0   1   1   1   0   0   1   2   1   0   0   1  1.80 0.59
  438 V     3  -3  -1  -3  -2   0  -1   1  -3  -1  -3  -2  -2  -4   0   2   0  -5  -3   2   28   0   3   0   1   3   3  11   0   2   0   2   0   0   3  20   5   0   0  16  0.35 0.26
  439 P    -3   5  -3  -2  -6   0   1  -4  -2  -4  -5   3  -3  -6   4  -2  -1  -6  -3  -4    2  35   0   1   0   3   7   1   1   1   0  18   0   0  24   2   4   0   1   0  0.94 0.41
  440 Q     2  -3  -4  -4  -6   8  -1  -5  -2  -3  -2  -3  -1  -6  -2  -4  -3  -6  -5  -4   15   0   0   0   0  70   2   0   0   2   4   0   2   0   2   0   1   0   0   0  1.69 0.69
  441 R    -2   4  -2  -3  -4  -1   1  -4  -2   1  -2   3  -1  -2  -4  -1   1  -5  -3   2    1  23   1   0   0   1   9   0   1   8   1  21   1   1   0   2   9   0   0  20  0.48 0.29
  442 H    -3  -3   6  -2  -4  -1  -1  -4   1   3  -2  -3  -2  -3  -1  -1   1  -5  -3   1    1   0  37   1   0   2   4   0   4  17   1   1   1   1   3   4  10   0   1  12  0.64 0.35
  443 I    -4   0  -4  -5  -5  -3  -3  -5  -3   4   1   5  -1  -2  -4  -4  -3  -4  -2   1    0   4   0   0   0   0   0   0   0  29  11  40   1   2   0   0   1   0   1  10  0.81 0.40
  444 K     0   0  -2   1  -4   0   4  -3  -2  -3  -3   3  -4  -5   3   0  -1  -5  -3  -3    6   4   1   9   0   2  31   1   1   2   3  18   0   0  13   5   3   0   0   1  0.53 0.29
  445 N    -3   0   4   2  -5  -1   0   5  -1  -6  -6  -1  -5  -6  -4  -2  -3  -5  -5  -5    1   5  18  12   0   2   5  50   1   0   0   4   0   0   1   1   0   0   0   0  0.99 0.40
  446 W    -3   1  -6  -5  -6  -5  -5  -1  -2  -5  -3  -1  -1   1  -6  -4  -3  11   5  -5    2   8   0   1   0   0   0   5   1   0   2   4   2   5   0   1   1  52  17   0  2.19 0.67
  447 A     3   0  -1  -2  -3   0  -1   0  -2  -2  -2   1  -1  -1  -2   0  -1  -4   0   3   31   4   3   1   0   3   2   5   1   0   1  12   1   2   1   4   2   0   3  22  0.27 0.22
  448 R     0   4  -2  -1  -4   0   1  -2  -2  -1  -1   3  -2  -3  -1  -1   0  -3   0  -2   10  25   1   4   0   3   7   1   0   3   5  24   1   1   3   3   5   0   3   1  0.37 0.23
  449 P    -2   5  -1  -2  -5   0  -1  -4  -2  -2  -4   5  -4  -5   3  -1  -2  -6  -4  -3    3  28   2   2   0   2   2   1   1   2   1  34   0   0  16   3   2   0   0   2  0.85 0.38
  450 V    -3   3  -1  -3  -4   0  -1  -3  -1  -1   0   3  -1   3  -2  -2  -1   1   2  -2    1  18   3   0   0   3   2   1   1   3  11  26   1  14   2   2   3   2   6   2  0.36 0.23
  451 K    -3   6  -2  -2  -6  -1  -1  -4  -1  -3  -2   5  -1   0  -3  -2  -3  -4  -4  -4    1  43   1   1   0   1   3   0   1   1   4  33   2   5   1   2   1   0   0   0  1.01 0.42
  452 K     0   2   1  -1  -5   2   3  -1  -1  -4  -4   4  -2  -5  -2  -1  -3  -5  -4  -4    7  12   8   2   0   8  17   5   1   1   0  34   1   0   1   4   0   0   0   0  0.57 0.28
  453 K    -4   5  -3  -3  -6   1   1  -5  -3  -6  -5   6  -4  -6  -4  -3  -4  -6  -5  -5    0  29   0   0   0   4   6   0   0   0   0  61   0   0   0   0   0   0   0   0  1.48 0.48

                      K         Lambda
Standard Ungapped    0.1357     0.3177
Standard Gapped      0.0555     0.2670
PSI Ungapped         0.1812     0.3176
PSI Gapped           0.0555     0.2670
