
Last position-specific scoring matrix computed, weighted observed percentages rounded down, information per position, and relative weight of gapless real matches to pseudocounts
            A   R   N   D   C   Q   E   G   H   I   L   K   M   F   P   S   T   W   Y   V   A   R   N   D   C   Q   E   G   H   I   L   K   M   F   P   S   T   W   Y   V
    1 M    -5  -5  -6  -7  -5  -5  -6  -7  -6   1   2  -5  10  -4  -6  -6  -4  -5  -5  -3    0   0   0   0   0   0   0   0   0   7  18   0  74   0   0   0   0   0   0   0  2.43 0.75
    2 H    -6   6   1  -5  -8   0  -5  -7   8  -7  -6   4  -7  -7  -7  -5  -6  -5  -2  -8    0  34   7   0   0   3   0   0  31   0   1  22   0   0   0   0   0   0   1   0  1.85 0.78
    3 I    -5  -8  -8  -8  -6  -8  -8  -9  -8   6   0  -8  -3   0  -8  -7  -5  -5   1   5    1   0   0   0   0   0   0   0   0  45   9   0   0   3   0   0   0   0   4  37  1.70 0.71
    4 H    -9  -7  -6  -8 -10  -7  -7  -9  11 -10  -9  -8  -8  -1  -9  -8  -9  -4   4  -8    0   0   0   0   0   0   0   0  83   0   0   0   0   3   0   0   0   0  14   0  3.89 1.37
    5 I    -7  -8  -8  -9  -1  -8  -8  -9  -7   2   3  -8   3   8  -9  -8  -7  -5  -3  -1    0   0   0   0   1   0   0   0   0  11  27   0   7  50   0   0   0   0   0   4  1.85 0.76
    6 L    -5  -8  -8  -8  -3  -7  -8  -7  -8   6   1  -7   3  -5  -7  -5  -2  -8  -6   5    1   0   0   0   0   0   0   0   0  45  12   0   6   0   0   1   2   0   0  32  1.60 0.68
    7 G    -1  -6  -7  -8  -9  -8  -8   8  -8 -10 -10  -8  -9  -9  -6  -6  -8  -9  -7  -9    5   0   0   0   0   0   0  94   0   0   0   0   0   0   0   0   0   0   0   0  2.83 1.10
    8 I    -3  -9  -9  -9  -7  -9  -9  -9  -9   8  -3  -9  -1  -6  -9  -8  -6  -9  -7   3    3   0   0   0   0   0   0   0   0  79   1   0   1   0   0   0   0   0   0  15  2.53 0.97
    9 C     0  -6  -6  -6   6  -7  -5   7  -6  -8  -7   0  -6  -9  -8  -4  -7  -8  -8  -8    9   0   0   0  17   0   1  65   0   0   0   6   0   0   0   1   0   0   0   0  1.99 0.84
   10 G    -6  -9  -7  -8  -9  -8  -9   8  -9 -10 -10  -8  -9 -10  -9  -7  -8  -9 -10 -10    0   0   0   0   0   0   0 100   0   0   0   0   0   0   0   0   0   0   0   0  3.19 1.21
   11 T     3  -6  -5  -5   1  -4  -5  -6  -5   3  -4  -5  -1  -4  -5   1   4  -7  -1   3   21   0   0   0   2   1   0   0   0  18   0   0   1   0   0  11  25   0   2  17  0.83 0.50
   12 F     2  -6  -5  -7  -7  -6  -7   7  -3  -8  -6  -7  -4   1  -7   0  -6  -8  -7  -7   14   0   0   0   0   0   0  69   1   0   1   0   0   6   0   8   0   0   0   0  1.83 0.81
   13 M    -7  -8  -9 -10  -8  -7  -9 -10  -9  -3  -1  -8  11  -7 -10  -9  -5  -9  -8  -1    0   0   0   0   0   0   0   0   0   1   5   0  88   0   0   0   1   0   0   4  3.82 1.42
   14 G     2  -2  -3  -6   1  -4  -5   2  -6  -8  -7  -4  -6  -6  -6   6  -1  -8  -5  -5   13   2   1   0   2   1   1  13   0   0   0   1   0   0   0  61   4   0   0   1  1.43 0.77
   15 G     5  -7  -1  -6  -6  -4  -6   5  -3  -7  -7  -6  -6  -8   0   1  -3  -8  -7  -5   42   0   3   0   0   1   0  36   1   0   0   0   0   0   4  11   1   0   0   1  1.33 0.69
   16 I    -3  -8  -9  -9  -7  -8  -8  -7  -8   5   6  -8   1  -2  -8  -8  -6  -7  -6   1    2   0   0   0   0   0   0   0   0  26  61   0   2   1   0   0   0   0   0   7  1.67 0.73
   17 A     8  -8  -8  -8  -7  -7  -8  -5  -8  -8  -8  -7  -8  -9  -7  -5  -6  -9  -8  -4   98   0   0   0   0   0   0   1   0   0   0   0   0   0   0   0   0   0   0   1  2.84 1.21
   18 L    -1   3  -3  -3  -1   2   3   0   1  -1   0   1   0  -3  -4  -2  -2  -4  -3  -1    6  18   1   1   1   8  20   9   4   4  10   7   2   1   0   2   2   0   1   4  0.33 0.27
   19 I    -2  -7  -8  -8  -2  -7  -7  -7  -6   5   4  -7   4  -2  -7  -6  -5   0  -1   3    3   0   0   0   1   0   0   0   0  25  34   0   9   1   0   0   0   1   2  21  1.20 0.57
   20 A     2  -7  -8  -9   0  -7  -8  -7  -6  -3   6  -7   3   1  -8  -5  -5  -5   0  -4   14   0   0   0   2   0   0   0   0   0  67   0   6   6   0   1   1   0   3   1  1.55 0.73
   21 R     0   2  -4  -4  -4   1  -4  -5   4   0   3   3   1  -2  -6  -2  -3  -6  -2  -1    8  10   1   1   0   6   0   0   9   4  31  18   3   2   0   2   1   0   1   4  0.54 0.37
   22 Q     2   0   2   2  -4   3   3  -1  -1  -6  -4   0  -5  -6  -5   0  -1  -6  -3  -5   16   5  11  10   0  11  21   5   2   0   2   5   0   0   0   7   3   0   1   0  0.49 0.36
   23 A     0   4  -1  -3  -2   3  -1  -4  -1  -3   2   2   4  -3  -6  -1  -4   0  -3  -4    8  21   2   1   1  11   4   1   1   1  18  11  10   1   0   5   0   1   1   0  0.53 0.37
   24 G    -6  -6  -3  -4  -9  -8  -8   8  -5 -10 -10  -4  -9 -10  -9  -6  -8  -9 -10  -9    0   0   1   1   0   0   0  95   0   0   0   1   0   0   0   0   0   0   0   0  2.88 1.15
   25 H    -1  -4  -4  -5   2  -5  -4  -5   5   0  -2  -1  -1   4  -7  -5  -5   4   7   0    6   1   1   1   4   0   1   1  14   5   3   4   1  14   0   1   1   5  31   7  1.15 0.57
   26 R    -1   3  -1   0  -3   2   2  -4   2  -1  -3   2  -2  -4  -1   0   1  -4  -4  -1    6  18   2   4   1   7  15   0   4   4   2  13   1   0   2   6  10   0   0   4  0.36 0.28
   27 V    -5  -9  -9  -9  -7  -9  -9  -9  -9   3  -4  -9  -5  -7  -7  -8  -6  -9  -7   8    1   0   0   0   0   0   0   0   0  12   1   0   0   0   0   0   0   0   0  85  2.63 1.06
   28 T    -3  -2  -5  -5  -3   0  -4  -5  -5  -6  -5  -5  -5  -4  -7   6   5  -4  -4  -6    2   3   0   1   1   4   1   1   0   0   1   1   0   1   0  54  30   0   1   0  1.56 0.84
   29 G    -6  -9  -7  -8  -9  -8  -9   8  -9 -10 -10  -8  -9 -10  -9  -7  -8  -9 -10 -10    0   0   0   0   0   0   0  99   0   0   0   0   0   0   0   0   0   0   0   0  3.18 1.23
   30 C    -4  -7  -6  -7   4  -7  -6  -6  -8  -9  -9  -7  -8  -7  -7   8  -3  -9  -5  -6    1   0   0   0   9   0   0   0   0   0   0   0   0   0   0  87   1   0   0   1  2.58 1.17
   31 D    -8  -8  -5   9 -10  -7  -3  -8  -8 -10 -10  -7 -10 -10  -8  -6  -8 -11 -10 -10    0   0   0  97   0   0   1   0   0   0   0   0   0   0   0   0   0   0   0   0  3.42 1.32
   32 A     1   1  -2  -2  -3   1  -1  -3  -2   2   2  -1   1  -2  -3  -1   0  -3  -3   1   12   8   1   2   0   7   4   1   1  12  23   3   4   1   1   5   6   0   0   8  0.21 0.18
   33 N     1   2   3  -1  -2   2   0   0   1  -4  -4   3  -2  -5  -1   1  -2  -5  -4  -3   10  13  13   4   1   8   5   8   3   1   1  17   1   0   3  10   2   0   0   2  0.37 0.26
   34 V     2  -2  -3   2  -1  -2   3  -3  -3   1   0  -3   0  -1   1  -2  -2  -2  -3   2   16   2   1  10   2   1  19   2   0   7   8   1   2   3   7   2   2   1   0  14  0.27 0.23
   35 Y    -1   0   2   0  -3   0   0  -1   0  -2  -3   0  -3  -1  -2   2  -1   1   5  -2    4   5   9   5   1   4   6   5   2   2   3   4   0   2   2  16   4   1  23   3  0.39 0.24
   36 P    -2  -3   0  -1  -6  -3  -1  -1  -5  -5  -5  -4  -6   1   5   5   1  -5  -4  -6    3   1   5   3   0   1   4   5   0   0   1   1   0   6  26  36   7   0   1   0  0.95 0.56
   37 P     2   0  -1   0  -3  -2   1  -3  -1  -3  -4  -1  -3  -1   6  -2  -2  -5  -1  -2   15   6   3   5   0   1  10   2   1   2   1   3   1   3  35   3   2   0   2   4  0.72 0.43
   38 M     0  -2   0  -6  -5  -2  -4  -5  -5   2   1  -5   7  -3  -6  -4   2  -6   0   2    6   2   5   0   0   2   1   1   0  11  14   0  23   1   0   1  14   0   3  15  0.74 0.43
   39 S     0  -2  -3   0  -3  -3  -3  -3  -4   0   0  -3  -3  -3  -4   3   5  -3  -5   0    6   2   1   6   1   1   1   2   0   5   9   1   0   1   1  21  34   0   0   6  0.63 0.40
   40 T     1   1  -1   4  -4   1   3  -3  -1  -4  -3   1  -3  -5  -3  -1   1  -6  -5  -5   10   9   3  20   0   7  21   2   2   1   2   8   0   0   1   3  10   0   0   0  0.53 0.37
   41 Q     0   4  -1  -1  -4   2   0  -2   1  -1  -1   1   0   0  -3  -1  -2  -2   0  -1    9  24   2   3   0   9   6   2   3   4   7   9   2   4   1   4   1   1   4   5  0.26 0.21
   42 L    -7  -7  -8  -9  -7  -8  -9  -9  -9  -2   7  -8  -2  -3  -9  -8  -7  -8  -7  -3    0   0   0   0   0   0   0   0   0   2  94   0   1   1   0   0   0   0   0   1  2.49 1.02
   43 E     2   5  -3  -2  -4   2   3  -4  -2  -2  -4   2  -3  -6  -5  -1  -1  -7  -6  -2   16  25   1   2   0   7  20   1   1   3   1  13   0   0   0   4   4   0   0   3  0.67 0.43
   44 A     2   2   1   1  -3   1   3  -2  -2  -6  -5   2  -4  -6  -5   1  -2  -7  -6  -5   19  11   5   8   0   6  17   3   1   0   1  13   0   0   0  10   2   0   0   0  0.53 0.37
   45 Q     2   1   0  -3  -2   1   0  -4   0  -1   3   1   2  -2  -5  -2  -3   0  -3  -2   15   8   4   1   1   6   7   1   3   3  32   7   4   1   0   3   0   1   1   2  0.35 0.29
   46 G    -4  -6  -1  -3  -8  -4  -6   7  -3  -9  -9  -2  -7  -9  -6  -4  -7  -8  -9  -9    1   0   3   2   0   1   0  86   1   0   0   3   0   0   0   1   0   0   0   0  2.43 1.00
   47 I     4  -7  -8  -8  -2  -7  -7  -4  -8   6  -2  -7  -1  -3  -7  -5  -5  -4  -6   3   30   0   0   0   1   0   0   1   0  47   3   0   1   1   0   0   0   0   0  15  1.51 0.70
   48 E    -1   3  -2   0  -4   1   2  -3  -1  -3  -4   3  -3  -6   2   0   2  -6  -5  -1    4  13   2   6   0   6  14   1   2   1   1  16   0   0  11   5  13   0   0   4  0.42 0.32
   49 L    -2  -8  -8  -8   0  -6  -8  -8  -6   5   0  -7  -3   0  -3  -6  -3   0  -1   6    3   0   0   0   2   0   0   0   0  33   7   0   0   4   2   0   2   1   2  43  1.40 0.64
   50 I     0   0  -2  -3  -2  -1  -3  -5   4  -1  -1  -1   0   5  -6   0   0   2   4  -2    7   5   2   1   1   2   1   1  10   3   4   4   3  22   0   7   6   2  15   2  0.56 0.35
   51 E    -1  -1  -2  -2  -2   1   1  -4  -1   4   0  -1   0  -2  -1  -1   0  -3   0   2    3   3   2   2   1   6  10   1   2  26   8   3   2   2   4   4   5   0   4  12  0.26 0.22
   52 G    -4  -4  -2  -3  -8  -4  -2   7  -6  -8  -8  -4  -8  -6   0  -2  -5  -8  -6  -6    1   1   2   2   0   1   3  79   0   0   0   1   0   0   5   3   1   0   0   1  2.01 0.87
   53 F    -8  -6  -5  -6  -7   1  -5  -8  10  -8  -8  -7  -6   4  -7  -6  -7  -1   4  -8    0   0   0   0   0   7   1   0  62   0   0   0   0  14   0   0   0   1  14   0  2.86 1.12
   54 D     1   2   1   5  -2   0  -1  -3   2  -6  -6   1  -5  -6  -5   3  -2  -7  -6  -4   11  11   6  27   1   5   4   2   4   0   0   8   0   0   0  19   2   0   0   1  0.68 0.43
   55 P     5  -1  -5  -3  -5  -3   0  -1  -5  -3  -5   0  -4  -6   4  -1  -3  -6  -6  -2   43   3   0   2   0   1   7   4   0   1   1   5   0   0  22   5   1   0   0   3  0.91 0.55
   56 A     2  -1  -2   2  -4   0   5  -1  -2  -5  -6   1  -5  -6  -4   2  -1  -5  -6  -4   16   3   2  10   0   3  32   5   1   0   0   8   0   0   0  14   3   0   0   1  0.67 0.45
   57 Q    -3  -1   7  -4  -8   1  -5  -5   7  -7  -5  -4  -6  -3  -5  -3  -3  -3  -2  -6    3   3  52   0   0   7   0   1  23   0   1   1   0   1   1   2   1   1   1   1  1.86 0.84
   58 L    -5  -7  -7  -7  -4  -7  -7  -8  -6   5   4  -7  -1  -2  -6  -6  -5  -4  -6   4    0   0   0   0   0   0   0   0   0  28  37   0   1   1   0   0   0   0   0  29  1.41 0.63
   59 S     1  -1   0   2  -4   1   2   1  -2  -3  -4   1  -3  -5   3   0   0  -5  -4  -2   12   2   5  11   0   5  11  11   1   1   2   8   0   0  15   7   6   0   1   2  0.32 0.23
   60 I     0   1   0   1  -2   0   1  -1   1  -1  -1   0  -2  -2   2   0  -1   1  -2  -1    9   8   3   9   1   3  10   4   4   5   6   6   1   1  12   7   4   2   1   4  0.12 0.08
   61 G     0   0   2   4  -5   0   0   4   0  -5  -5   0  -4  -5  -2  -1  -2  -4  -5  -4    7   5   9  23   0   4   5  27   2   0   1   7   0   1   2   4   2   0   0   1  0.62 0.36
   62 A     4  -5  -5  -4   2  -4  -5  -4  -5   0  -3  -3  -3  -4   4  -2   0  -3  -3   2   35   0   0   1   4   1   1   1   0   6   2   1   1   1  23   2   6   0   1  14  0.85 0.50
   63 D    -4  -4  -1   8  -8   0   2  -3  -1  -7  -7  -4  -6  -8  -6  -2  -3  -9  -7  -5    2   1   2  69   0   4  10   2   1   0   0   1   0   0   0   3   2   0   0   1  1.92 0.85
   64 L     1  -3  -5  -7   1  -4  -4  -6  -4   1   4  -5   1  -1  -6  -4   0  -1  -2   3   10   2   0   0   3   1   1   0   0   6  44   0   3   2   0   0   6   1   1  18  0.79 0.43
   65 Y    -3  -8  -9  -9  -3  -8  -8  -9  -6   2   1  -8  -5  -2  -8  -7  -5  -3  -3   7    2   0   0   0   1   0   0   0   0   9  12   0   0   1   0   0   0   0   1  73  2.00 0.85
   66 V    -4  -8  -8  -9  -3  -8  -8  -9  -9   5  -3  -8  -4  -6  -8  -7  -4  -8  -7   7    1   0   0   0   1   0   0   0   0  25   2   0   0   0   0   0   1   0   0  70  2.22 0.90
   67 I    -1   0  -6  -7  -3  -5  -7  -8   1   4  -3  -5  -2   0  -6  -5  -1  -5   6   4    5   5   0   0   1   0   0   0   3  18   1   1   1   3   0   0   4   0  30  27  1.17 0.59
   68 G    -4  -6  -5  -6  -7  -6  -6   4  -7  -8  -8  -6  -7  -8  -6   6   3  -9  -8  -7    1   0   0   0   0   0   0  24   0   0   0   0   0   0   0  57  18   0   0   0  1.79 0.90
   69 N     2  -5   5  -2  -6  -4  -4  -2  -5  -5  -6  -4  -6  -8  -1   5   3  -8  -6  -5   15   0  25   2   0   0   1   3   0   0   0   1   0   0   3  35  14   0   0   1  1.10 0.64
   70 V     7  -8  -8  -5  -3  -4  -7  -4  -3  -5  -7  -6  -6  -7  -6  -2  -5  -9  -5   0   84   0   0   1   1   1   0   1   1   1   0   0   0   0   0   2   0   0   0   7  2.14 0.97
   71 I    -2  -8  -7  -8  -1  -5  -7  -8  -1   7  -1  -8   1  -3  -8  -7  -5  -5  -1   5    4   0   0   0   1   1   0   0   1  48   5   0   3   1   0   0   0   0   3  33  1.60 0.70
   72 S     0   3  -1  -1  -5  -1  -3   0   1  -7  -5   2  -4  -7   5   3   0  -4  -6  -5    7  13   3   4   0   3   1   6   3   0   1  11   0   0  24  19   5   0   0   0  0.68 0.44
   73 R     0   3  -2   2  -6   0   3  -3  -2  -5  -4   2  -2  -4   3  -1  -2  -3  -4  -3    9  18   2  10   0   3  18   2   1   0   2  11   1   1  14   4   2   0   1   2  0.50 0.35
   74 G    -2  -4   2   6  -7  -3   1   2  -2  -7  -6  -3  -7  -7  -5   1   1  -8  -6  -6    3   1   9  41   0   1   8  16   1   0   1   1   0   0   0   8   9   0   0   0  1.05 0.56
   75 N    -7  -6   9  -2  -7  -5  -5  -7   4  -8  -8  -7  -3  -6  -8  -5  -5 -10  -6  -8    0   0  83   2   0   0   1   0  10   0   0   0   1   0   0   0   0   0   0   0  2.97 1.19
   76 P    -2  -6  -6  -6  -2  -3  -1  -7  -8  -1  -5  -6  -7  -9   8  -3  -5  -9  -9   1    3   0   0   0   1   1   5   0   0   4   1   0   0   0  69   2   1   0   0  11  2.13 0.96
   77 L    -4  -7  -7  -4  -2  -3   8  -9  -7  -5  -5  -6  -6  -8  -8  -6  -7 -10  -9  -6    2   0   0   1   1   1  91   0   0   1   2   0   0   0   0   0   0   0   0   1  2.77 1.20
   78 M    -1   0  -7  -8  -5  -6  -7  -7  -6   3   4  -6   1  -1  -7  -5  -4  -1   1   4    6   6   0   0   0   0   0   0   0  14  36   0   4   2   0   0   1   1   4  26  0.93 0.48
   79 E     1   1  -4  -2  -3   2   3  -5  -4   1   1   1   0  -4  -5  -2  -2  -6  -5   3   11   7   0   2   0  11  17   0   0   7  12   7   2   0   0   2   2   0   0  18  0.38 0.30
   80 A     5   0  -5  -4  -3  -1   4  -4  -1  -4  -4   0  -3  -1  -6  -2  -2   1   1  -3   42   6   0   0   1   3  23   1   2   1   1   6   0   2   0   2   2   2   5   2  0.83 0.52
   81 I     7  -7  -8  -8  -5  -7  -7  -4  -8  -1  -2  -7  -2  -7  -7  -4  -3  -8  -8   1   79   0   0   0   0   0   0   1   0   3   4   0   1   0   0   1   2   0   0   9  1.93 0.90
   82 L    -2   6  -3  -4  -6   1  -1  -5   0  -1   2   3  -1  -4  -6  -4  -3  -5  -4  -2    4  36   1   1   0   5   4   1   2   3  20  16   1   1   0   0   2   0   0   3  0.83 0.47
   83 D     2   3   2   1  -5   1   3  -4  -2  -5  -4   2  -4  -6  -5   0  -2  -7  -6  -5   15  17   8   8   0   6  21   1   1   0   1  11   0   0   0   6   2   0   0   0  0.61 0.41
   84 R     1   5   0  -4  -3   1  -3  -4   1  -5   2   2  -1  -4  -6  -1  -2  -5  -4  -4   12  31   4   1   1   6   1   1   3   0  19  11   2   0   0   4   2   0   0   1  0.63 0.41
   85 N    -4   1   3  -1  -6  -1  -3   6   1  -8  -7   2  -4  -6  -6  -2  -5  -8  -7  -8    1   7  12   3   0   3   1  55   3   0   1  10   0   0   0   3   0   0   0   0  1.32 0.64
   86 L    -4  -3  -7  -8  -2  -3  -8  -9  -8   7   3  -3   0  -3  -8  -6  -4  -3  -3   1    1   2   0   0   1   1   0   0   0  52  26   2   2   1   0   0   1   0   1   9  1.50 0.66
   87 P    -3   1  -3  -4  -5  -1  -1  -7  -4  -5  -4   0  -6  -6   8  -3  -2  -7  -7  -5    2   8   1   1   0   2   5   0   1   1   2   5   0   0  64   2   3   0   0   1  1.85 0.87
   88 Y    -4  -3  -5  -6   0  -2  -3  -7  -3   3   0  -5   0  -1  -7  -4   1  -3   4   5    1   1   0   0   2   2   2   0   1  17   9   1   3   3   0   1   8   0  13  37  0.89 0.47
   89 V    -2  -1  -6  -7  -2  -3  -5  -6  -4   4   3  -3   3  -1  -7  -4   0   4   1   2    3   3   0   0   1   1   0   0   0  22  26   1   8   2   0   1   6   5   5  14  0.72 0.39
   90 S    -2   2  -2  -2  -5  -1  -1  -5   5  -5  -5   2  -3  -6   1   4   0  -7  -4  -5    2  10   1   2   0   2   3   1  13   1   1  13   1   0   8  34   6   0   0   1  0.83 0.52
   91 G    -6   7  -5  -6  -9  -3  -4  -1  -1  -7  -1  -4   3   0  -8  -7  -7  -3   4  -6    0  61   0   0   0   1   1   6   2   0   5   0   6   4   0   0   0   0  13   0  1.81 0.84
   92 P     5  -5  -5  -4  -5  -3  -4   0  -5  -5  -6  -4  -3  -3   5   2  -4  -8  -6  -5   41   1   0   1   0   1   1   8   0   1   1   1   1   1  25  17   1   0   0   1  1.15 0.64
   93 Q     0  -2  -5   2  -8   5   6  -5  -2  -7  -6  -2  -4  -6  -6  -3  -2  -6  -6  -3    7   2   0  10   0  20  47   1   1   0   1   2   0   0   0   2   2   0   0   3  1.30 0.69
   94 W     3  -7  -7  -8  -2  -6  -7  -5  -7  -1   2  -6   7   2  -6  -4  -3   5  -2   0   25   0   0   0   1   0   0   1   0   3  19   0  25   9   0   1   2   6   1   7  1.11 0.57
   95 L    -6  -7  -9  -9  -6  -5  -9  -9  -9   1   7  -8  -1  -3  -9  -8  -7  -4  -6   0    0   0   0   0   0   1   0   0   0   6  85   0   1   1   0   0   0   0   0   5  2.13 0.88
   96 G     4   0  -2  -4  -4  -3  -4   5  -1  -6  -5  -2  -4  -6  -4   0  -4  -2   0  -4   34   5   2   1   0   1   1  38   1   0   1   3   1   0   1   6   1   1   3   1  1.01 0.52
   97 D     1   2  -2   1  -5   2   5  -3   0  -4  -2   0  -2  -4  -2  -1  -3   0  -2  -4   10  10   2   6   0   7  37   2   2   1   4   4   1   1   2   5   1   1   1   1  0.60 0.35
   98 N    -1  -1  -1  -2  -1  -1  -1  -2   2   2   2  -2   1   2  -2  -1  -1   2   1   0    5   3   3   2   1   2   5   3   5  11  25   3   3   9   2   3   3   2   5   4  0.16 0.10
   99 V    -3  -7  -7  -8  -1  -6  -7  -7  -5   3   4  -7   5   4  -7  -4  -2  -3  -4   2    2   0   0   0   1   0   0   0   0  12  42   0  12  14   0   1   2   0   0  11  1.13 0.53
  100 L    -1  -1  -1  -3  -1  -3  -3  -4  -4   1   3  -1   7  -3  -5   0   1  -5  -4  -2    6   3   3   2   1   1   1   1   0   7  23   5  27   1   0   8   9   0   0   1  0.71 0.41
  101 R     1   4   1   0  -3   2   1   0   0  -4  -3   2  -3  -6  -1  -1  -2  -3  -5  -3   10  26   7   4   0   8  10   6   2   1   2  10   1   0   3   5   1   0   0   2  0.45 0.31
  102 Q    -2  -2   0   2  -3   0   1   3   1  -4  -1  -1   0   1  -3   0  -2  -2   2  -4    3   2   4  12   0   4   8  26   4   0   6   4   2   5   1   6   3   0   7   1  0.32 0.24
  103 K    -3   5  -3  -4  -5  -1  -2  -4   2  -6  -5   5  -1  -3  -2  -1  -2  -6   2  -6    3  31   1   1   0   3   2   1   4   0   1  35   2   1   2   4   2   0   6   0  1.08 0.55
  104 W    -3   3   0  -1  -1   1   0  -4   3  -2  -3   2  -2   1  -1  -2   1   1   2  -2    1  16   4   3   2   6   7   0   7   2   2  13   1   6   3   3  10   2   8   3  0.32 0.24
  105 V     0   0  -2  -5  -1  -3  -5   4  -6  -4  -2  -4  -4  -5   0   3   2  -7  -6   1    6   5   2   0   1   1   0  28   0   1   5   1   0   0   5  22  12   0   0  11  0.59 0.40
  106 L    -4  -8  -9  -9  -4  -7  -9  -9  -9   7   1  -8  -2  -3  -8  -7  -5  -5  -5   4    1   0   0   0   0   0   0   0   0  60  14   0   1   1   0   0   0   0   0  22  1.92 0.78
  107 A     6  -7  -6  -7   1  -6  -7   1  -7  -4  -4  -6  -3  -7  -7  -1  -2  -8  -7   3   60   0   0   0   3   0   0   9   0   1   2   0   1   0   0   4   3   0   0  18  1.42 0.71
  108 V    -5  -9  -9  -9  -7  -9  -9 -10  -9   5  -4  -9  -4  -5  -9  -7  -5  -9  -7   7    1   0   0   0   0   0   0   0   0  28   1   0   0   0   0   0   0   0   0  69  2.37 0.95
  109 A     6  -7  -6  -7   2  -6  -7  -3  -7  -6  -7  -6  -7  -8  -7   3   2  -8  -8  -4   60   0   0   0   4   0   0   2   0   0   0   0   0   0   0  20  13   0   0   1  1.65 0.82
  110 G    -6  -9  -7  -8  -9  -9  -9   8  -9 -11 -11  -8 -10 -10  -9  -7  -8  -9 -10 -10    0   0   0   0   0   0   0 100   0   0   0   0   0   0   0   0   0   0   0   0  3.22 1.22
  111 T     0  -7  -6  -7  -1  -6  -7  -8  -8  -5  -7  -7  -1  -8  -7   2   8  -9  -8  -3    9   0   0   0   1   0   0   0   0   1   0   0   2   0   0  11  75   0   0   2  2.21 1.01
  112 H    -6  -8  -3  -9 -11  -7  -8  -6  12 -11 -10  -7  -9  -9 -10  -7  -9 -10  -4 -11    1   0   1   0   0   0   0   1  96   0   0   0   0   0   0   0   0   0   1   0  4.54 1.56
  113 G    -7  -9  -7  -8  -9  -9  -9   8  -9 -11 -11  -8 -10 -10  -9  -7  -8  -9 -10 -10    0   0   0   0   0   0   0 100   0   0   0   0   0   0   0   0   0   0   0   0  3.24 1.23
  114 K    -8  -5  -7  -8 -10  -6  -6  -9  -8 -10 -10   9  -8 -10  -8  -7  -8 -10  -9  -9    0   0   0   0   0   0   0   0   0   0   0 100   0   0   0   0   0   0   0   0  3.41 1.33
  115 T    -6  -8  -7  -8  -8  -7  -7  -6  -8  -8  -8  -7  -8  -9  -8   2   8  -9  -8  -7    0   0   0   0   0   0   0   0   0   0   0   0   0   0   0  14  85   0   0   0  2.79 1.20
  116 T    -5  -8  -7  -8  -8  -8  -8  -8  -9  -7  -8  -8  -8  -9  -8   0   8  -9  -9  -7    1   0   0   0   0   0   0   0   0   0   0   0   0   0   0   6  93   0   0   0  3.05 1.27
  117 T    -5  -8  -7  -8  -4  -7  -8  -8  -9  -3  -8  -7  -6  -9  -8  -2   8  -9  -8  -2    1   0   0   0   0   0   0   0   0   2   0   0   0   0   0   3  91   0   0   3  2.85 1.21
  118 T     0  -7  -6  -6  -2  -7  -7  -7  -8  -7  -8  -7  -7  -9  -7   4   7  -9  -8  -6    9   0   0   0   1   0   0   0   0   0   0   0   0   0   0  25  65   0   0   0  2.13 1.00
  119 S     5  -7  -5  -7  -4  -6  -6   0  -5  -8  -7  -6  -5  -6  -7   6  -1  -3  -7  -6   39   0   0   0   0   0   0   7   0   0   0   0   0   0   0  48   3   0   0   0  1.60 0.82
  120 M    -6  -7  -9 -10  -4  -7  -9 -10  -8   0   4  -8  10  -2  -9  -8  -6  -1  -7  -4    0   0   0   0   0   0   0   0   0   4  30   0  61   2   0   0   0   1   0   1  2.74 1.08
  121 L    -1  -7  -7  -8  -1  -7  -7  -7  -7   5   4  -7   0  -4  -7  -5   1  -4  -5   2    6   0   0   0   1   0   0   0   0  30  35   0   2   0   0   1   9   0   0  14  1.12 0.53
  122 A     6  -7  -5  -6  -5  -6  -6   2  -3  -5  -6  -6  -5  -6  -6   2   2  -6  -5  -1   54   0   0   0   0   0   0  13   1   1   0   0   0   0   0  14  10   0   0   4  1.26 0.67
  123 W    -1  -3  -3  -4  -1   0  -1  -6   5  -4   0  -1  -1   0  -6   1   1   8   1   0    6   1   1   1   1   4   4   0  15   0   9   3   2   4   0   9   9  18   4   6  0.74 0.43
  124 I     1  -7  -7  -8  -1  -7  -7  -7  -8   6   2  -7   3  -4  -7  -5  -2  -7  -5   4   11   0   0   0   1   0   0   0   0  38  17   0   7   0   0   1   2   0   0  22  1.23 0.57
  125 L    -4  -8  -9  -9  -4  -8  -9  -8  -8  -3   6  -8   2   3  -9  -7  -5  -1  -4  -4    2   0   0   0   0   0   0   0   0   1  78   0   4  12   0   0   1   1   0   1  1.98 0.84
  126 Q     0   1  -1   1  -3   2   3  -4   2   0   0   0   0  -4  -4  -1   1  -3  -1   0    6   9   3   6   0   7  21   1   4   6   9   6   3   0   0   3   8   0   2   5  0.23 0.21
  127 D     2   1  -1   1  -1   2   3  -1   3  -4  -5   1  -2  -2  -5   0  -1  -3   0  -3   17   7   2   7   1  10  19   4   7   1   1   6   1   1   0   8   3   0   3   2  0.38 0.29
  128 A     6  -6   0  -5   4  -3  -3   1  -5  -4  -1  -5  -2  -6  -5   0  -1  -7  -7  -4   55   0   4   0   8   1   1  10   0   1   7   0   1   0   0   6   3   0   0   1  1.09 0.59
  129 G    -4  -3   1  -1  -8  -3  -2   7  -3  -7  -8   0  -8  -7  -6  -4  -5  -6  -6  -8    1   2   6   4   0   2   3  73   1   0   0   5   0   0   0   1   1   0   0   0  1.82 0.80
  130 Y    -1   1  -5  -4  -1   0  -2  -5  -1  -1   4   0   2   0  -6  -4  -3   1   1  -2    6   9   0   1   1   4   3   1   1   3  46   6   5   4   0   1   2   2   5   2  0.62 0.37
  131 D    -3  -1   2   7  -3  -2  -1  -5  -1  -8  -8  -1  -7  -8  -5  -1  -6  -9  -5  -8    3   3   9  65   1   2   4   1   2   0   0   4   0   0   1   4   0   0   1   0  1.77 0.80
  132 P    -4  -9  -9  -8  -4  -8  -8  -7  -9  -5  -7  -8  -9  -8   9  -6  -5 -11  -8  -5    2   0   0   0   0   0   0   1   0   1   1   0   0   0  93   1   1   0   0   1  3.33 1.33
  133 G    -3  -7  -3  -5  -3  -5  -6   3  -7  -6  -4  -6  -4  -8  -7   4   6  -5  -7  -5    1   0   1   0   1   0   0  17   0   0   2   0   0   0   0  31  45   0   0   1  1.50 0.78
  134 F     1  -7  -7  -8  -2  -6  -7  -5  -3   2  -2  -7  -1   6  -8  -5  -4   2   5   4   10   0   0   0   1   0   0   1   1   9   3   0   1  31   0   1   1   3  16  22  1.21 0.57
  135 L     0  -5  -7  -7  -3  -4  -6  -7  -2   4   3  -6   3   2  -7  -4  -4  -6  -2   4    9   1   0   0   1   1   0   0   1  20  30   0   6   8   0   1   0   0   1  22  0.91 0.45
  136 V    -4  -8  -2  -8  -1  -8  -8  -8  -9   7  -1  -8  -3  -5  -7  -5  -5  -8  -7   5    1   0   3   0   1   0   0   0   0  47   6   0   0   0   0   1   1   0   0  39  1.79 0.76
  137 G    -4  -9  -7  -8  -9  -8  -9   8  -9 -10 -10  -8  -9 -10  -9  -7  -8  -9 -10 -10    1   0   0   0   0   0   0  99   0   0   0   0   0   0   0   0   0   0   0   0  3.15 1.20
  138 G     3  -8  -6  -7  -6  -7  -7   7  -8  -9  -9  -7  -6  -9  -8   0  -3  -8  -8  -7   19   0   0   0   0   0   0  71   0   0   0   0   0   0   0   7   2   0   0   0  2.05 0.89
  139 V    -2   1   0   1  -3  -1   3  -4   0   3  -1   0   0  -2  -3  -2   0  -2  -2   2    3   8   4   8   0   2  18   1   2  15   4   6   2   1   1   2   5   1   1  15  0.26 0.21
  140 P    -1  -4  -6  -6  -1  -6  -6  -6  -5   2   3  -5   2  -2   3  -2  -3  -4  -3   4    5   1   0   0   1   0   0   0   0  11  27   0   4   1  14   4   1   0   1  28  0.79 0.43
  141 R    -1   1   2   0  -2   0   0  -1   0  -1  -1   2  -2  -3   3  -1  -2  -3  -3  -2    6   8  12   4   1   4   7   4   2   3   7  13   1   1  16   4   2   0   1   3  0.23 0.20
  142 N     0  -3   4   3  -3   1   2   2  -1  -4  -4  -2  -4  -3  -3   1  -1  -4  -2  -3    8   1  22  13   0   7  11  13   2   1   1   2   0   1   1  10   3   0   1   2  0.48 0.33
  143 F    -2  -4  -4  -5  -4  -4  -4  -4  -4   2   3  -4  -1   5  -4  -2  -1   4   0  -1    4   1   1   1   0   1   1   2   0  13  30   1   1  26   1   4   4   5   3   3  0.79 0.41
  144 G    -3  -2   1   1  -4  -1   0   6   0  -8  -7  -1  -5  -6   0  -2  -4  -8  -7  -7    2   2   6   8   0   3   6  56   3   0   1   4   0   0   4   3   1   0   0   0  1.18 0.58
  145 L     0   0  -2  -2  -2  -2  -3   3  -2  -3  -4  -2  -3  -5  -3   4   2  -4  -4  -1    7   5   2   2   1   2   2  25   1   1   2   3   1   0   1  26  13   0   0   5  0.52 0.36
  146 S    -2  -5   7  -5  -3  -3  -5   2   1  -7  -8  -5  -7  -5  -2   3  -2  -8  -5  -7    3   0  53   0   1   1   0  14   3   0   0   0   0   1   2  18   2   0   0   0  1.60 0.76
  147 A     5  -6  -4  -7  -1  -6  -6   1  -2  -2  -3  -5  -4   2  -6   0  -3  -1   2   0   50   0   1   0   2   0   0  10   1   2   2   0   0   9   0   8   2   1   7   6  0.97 0.54
  148 R    -1   6  -2  -3  -1   0  -4  -2   4  -2  -3   2  -1  -6  -6  -2  -4   0  -1  -2    5  43   1   1   1   4   1   3  10   3   3  13   2   0   0   2   1   2   2   3  0.98 0.52
  149 L     1  -2  -3  -4  -1  -3  -4  -4   1   1   3  -4   0   1  -2  -1  -2   4   2   1   11   2   1   1   1   1   1   1   3   7  33   1   2   5   2   4   2   5   6  11  0.42 0.28
  150 T    -4  -8  -4  -3  -7  -6  -7   8  -8  -8 -10  -6  -6  -8  -4  -3  -3  -9  -9  -9    1   0   1   2   0   0   0  89   0   0   0   0   0   0   1   2   2   0   0   0  2.54 1.02
  151 A     0   2   0   1  -5   1   1   0  -1  -5  -5   3  -4  -5  -3   2   1  -6  -4  -4    7  10   5   9   0   7   9   8   2   0   1  18   0   0   1  15   8   0   0   1  0.40 0.31
  152 S    -3  -4  -3  -2  -5  -5  -4   6  -3  -9  -9  -4  -5  -7  -4   3  -3  -8  -8  -7    2   1   1   3   0   0   1  64   1   0   0   1   0   0   1  23   1   0   0   0  1.72 0.79
  153 D    -2   0   0   5  -6   0   3  -2  -3  -7  -6   1  -4  -6   3  -1  -3  -6  -7  -6    4   6   5  26   0   4  21   4   1   0   0   9   0   0  14   4   1   0   0   0  0.79 0.46
  154 F    -3  -4  -3  -3  -3  -5  -3  -7   3   1   1  -6  -3   4  -1  -5  -2   6   6   0    2   1   1   2   1   0   2   0   7   7  13   0   1  13   4   0   2  10  27   5  0.96 0.48
  155 F    -2  -7  -8  -8  -2  -8  -8  -8  -7   1   2  -8   3   8  -8  -5  -5  -2  -2   0    4   0   0   0   1   0   0   0   0   7  19   0   7  54   0   1   1   0   1   5  1.75 0.73
  156 V    -4  -9  -9  -9  -6  -8  -9  -8  -9   4  -2  -8  -5  -7  -8  -8  -4  -9  -7   7    1   0   0   0   0   0   0   0   0  18   4   0   0   0   0   0   1   0   0  75  2.28 0.93
  157 I     4  -7  -5  -7   0  -6  -5  -6  -7   4   0  -6  -2  -1  -6  -3   0  -7  -3   4   30   0   0   0   2   0   1   0   0  18  10   0   1   3   0   2   6   0   1  28  0.92 0.49
  158 E    -6  -7  -7  -5 -11  -5   8  -9  -7 -10 -10  -6  -9 -10  -8  -7  -8 -10  -9 -10    1   0   0   0   0   0  99   0   0   0   0   0   0   0   0   0   0   0   0   0  3.31 1.34
  159 A     6  -7  -7  -7  -3  -7  -7   3  -8  -6  -5  -7  -7  -8  -7  -1  -3  -8  -8  -2   69   0   0   0   1   0   0  20   0   0   1   0   0   0   0   5   2   0   0   3  1.77 0.83
  160 D    -8  -9  -6   8   7  -7  -4  -8  -8 -10 -10  -8 -10 -10  -9  -7  -8 -11 -10  -9    0   0   0  79  20   0   1   0   0   0   0   0   0   0   0   0   0   0   0   0  3.10 1.21
  161 E    -6  -7  -7  -5 -11  -5   8  -9  -7 -10 -10  -6  -9 -10  -8  -7  -8 -10  -9 -10    1   0   0   0   0   0  99   0   0   0   0   0   0   0   0   0   0   0   0   0  3.29 1.34
  162 Y    -5  -7  -6  -7  -7  -7  -7  -7  -4  -7  -7  -7  -7   2  -7   5  -6  -4   8  -7    1   0   0   0   0   0   0   0   0   0   0   0   0   7   0  38   0   0  52   0  2.37 1.01
  163 D    -3  -4   0   8  -4  -2  -2  -4  -4  -5  -4  -2  -2  -4  -3  -3  -3  -5  -3  -3    3   1   4  70   0   2   2   2   0   1   2   3   1   1   1   2   2   0   1   2  1.79 0.67
  164 T    -1   3   0   0   0  -1  -1   0   0  -2  -2   0  -2  -2  -1   1   3  -2  -1  -2    5  17   3   4   2   3   4   8   2   2   4   5   1   2   2  12  18   1   2   3  0.20 0.11
  165 A     3  -1  -1   0   0  -1  -1   0  -1  -1  -1  -1   1  -1  -1   1   0  -1  -1  -1   28   3   3   4   2   3   4   5   1   3   6   3   4   2   4  12   5   1   2   4  0.17 0.07
  166 F    -1  -1  -1  -1  -1  -1  -1  -1   0  -1  -1  -1  -1   5   0  -1  -1   0   2  -1    5   4   3   4   2   3   4   5   2   4   7   4   1  27   5   5   4   1   6   5  0.27 0.07
  167 F    -1  -1  -1  -1  -1  -1  -1  -1   0  -1   1  -1   0   5  -1  -1   0   2   0  -1    6   3   3   4   1   3   4   5   2   4  12   4   2  23   3   5   5   3   3   5  0.18 0.05
  168 D    -1  -1   0   5  -1   0   0   0  -1  -1  -1   0  -1  -1  -1  -1  -1  -1  -1  -1    6   4   4  31   1   3   5   6   1   3   6   5   1   3   3   5   4   1   2   4  0.30 0.07
  169 K     0   0   0   0  -1   0   0  -1   0   0  -1   3   0  -1   1   0   0  -1  -1  -1    7   5   4   4   1   3   4   5   3   5   7  23   2   3   6   5   4   1   2   5  0.11 0.04
  170 R    -1   3   0  -1   0   0   0   0   0  -1  -1   1  -1   0  -1   0   0  -1   0   0    5  20   3   3   2   5   4   9   2   3   5   7   1   4   3   5   7   1   3   7  0.11 0.06
  171 S     1   0  -1  -1  -3  -2  -1   4  -2  -4  -3  -2  -3  -4   4   1  -3  -3  -3  -3   11   5   3   3   0   1   4  28   1   1   2   2   1   1  20  12   1   0   1   2  0.57 0.28
  172 K    -3  -1  -1  -4  -5  -3  -4  -4   1  -5  -5   5  -5  -5  -4   5   2  -4  -4  -5    2   3   3   1   0   1   1   1   3   1   1  28   0   0   1  44  10   0   1   1  1.14 0.58
  173 F    -6  -7  -7  -7  -6  -7  -7  -7  -6  -3  -1  -7  -2   9  -7  -6  -6  -5  -3  -5    1   0   0   0   0   0   0   1   0   2   7   0   1  84   0   1   0   0   0   1  2.92 1.01
  174 V    -3  -4  -5  -4  -4  -3  -4  -5   0   0   6  -4   0  -1  -6  -4  -3  -1  -4   0    2   1   1   1   0   1   1   1   3   4  67   1   2   2   0   1   2   1   0   7  1.21 0.54
  175 H    -1   0   2  -2  -1   0   0  -1   7  -4  -1   2  -3  -1  -5  -1  -3   0   2  -4    6   6   8   2   1   4   5   4  27   1   6  10   1   3   0   4   2   1   6   1  0.63 0.34
  176 Y    -6  -6  -7  -7  -6  -3  -6  -7  -3  -2   5  -6  -1   3  -7  -6  -5  -3   7  -4    1   0   0   0   0   1   0   0   0   2  44   0   1  10   0   1   0   0  35   1  1.68 0.71
  177 R    -1   3   1  -1  -3   1  -1  -3   4  -4  -2   2  -2  -1   0   2  -1  -2   0  -4    5  18   7   3   1   5   4   1  11   1   4  10   1   3   5  13   4   1   3   0  0.34 0.25
  178 P    -1  -5  -6  -7  -3  -4  -6  -5  -5  -6  -5  -6  -6  -6   9  -3  -4  -8  -6  -5    5   1   0   0   1   1   0   1   0   0   1   0   0   0  83   3   1   0   0   1  2.72 1.09
  179 R    -1   2   0   2  -2   1   2  -4   2  -3  -3   1  -1   0  -4   0   1   2   1  -2    4  10   3  11   1   6  12   1   5   1   2   9   1   4   0   7  11   2   6   3  0.24 0.20
  180 T    -1  -4  -5  -5  -1  -5  -5  -2   1   5   0  -5   1  -2  -6  -2   1  -2   2   3    6   1   0   1   1   0   0   4   4  34   7   0   3   1   0   3   7   1   6  20  0.73 0.39
  181 A     5  -5  -4  -6  -2  -5  -3   1  -7   0   1  -6  -3  -4  -5   0  -2  -7  -6   0   51   0   1   0   1   0   2   9   0   5  13   0   0   0   0   7   3   0   0   7  0.92 0.53
  182 I    -2  -8  -8  -9  -2  -8  -8  -6  -9   5   0  -8  -3  -5  -8  -6  -3  -8  -7   6    3   0   0   0   1   0   0   1   0  33   9   0   0   0   0   0   1   0   0  52  1.76 0.74
  183 L    -5  -8  -9  -9  -5  -8  -8  -9  -9   6   2  -8  -1  -4  -8  -7  -6  -5  -7   5    1   0   0   0   0   0   0   0   0  42  20   0   1   1   0   0   0   0   0  35  1.73 0.72
  184 N    -6  -7   4  -7  -6  -7  -7  -3  -6  -7   1  -6  -3  -8  -8  -3   7  -9  -8  -6    0   0  16   0   0   0   0   2   0   0  11   0   1   0   0   2  68   0   0   0  2.06 0.96
  185 N    -4  -5   9  -5  -9  -5  -7  -2  -3 -10  -9  -6  -9  -9  -5   2  -4 -10  -6  -8    2   1  79   0   0   0   0   3   0   0   0   0   0   0   1  12   1   0   0   0  2.63 1.10
  186 L    -4  -8  -9  -9  -2  -8  -9  -9  -9   7   2  -8   0  -5  -8  -8  -5  -8  -7   4    1   0   0   0   1   0   0   0   0  54  15   0   2   0   0   0   0   0   0  26  1.86 0.76
  187 E    -5  -7  -5   5 -10  -4   7  -6  -5 -10  -9  -5  -9 -10  -8  -5  -7 -10  -9  -9    1   0   0  31   0   0  64   1   0   0   0   0   0   0   0   1   0   0   0   0  2.31 1.02
  188 F     2  -1  -1  -1  -4  -3   1  -4   2  -4  -1  -2   0   4   2  -2  -3   4   2  -3   17   4   3   4   0   1   8   1   4   0   6   2   2  18  11   2   1   5   7   1  0.43 0.31
  189 D    -8  -8  -5   8 -10  -6   3  -8  -8 -10 -10  -7 -10 -10  -8  -7  -8 -11 -10 -10    0   0   0  81   0   0  19   0   0   0   0   0   0   0   0   0   0   0   0   0  2.93 1.17
  190 H    -9  -8  -5  -9 -11  -7  -8 -10  12 -11 -11  -8  -9  -9 -10  -8  -9 -10  -6 -11    0   0   0   0   0   0   0   0 100   0   0   0   0   0   0   0   0   0   0   0  4.81 1.63
  191 A     2  -6  -7  -8  -6  -6  -7  -5  -3  -1   5  -6   4  -1   3  -5  -3  -7  -5   0   18   0   0   0   0   0   0   1   1   3  47   0   8   2  13   0   1   0   0   6  1.05 0.56
  192 D    -6  -6   0   8  -8  -5   1  -6  -6  -8 -10  -7  -9 -10  -8  -4  -6 -11  -8  -8    1   0   4  84   0   0   7   1   0   0   0   0   0   0   0   1   0   0   0   0  2.76 1.10
  193 I    -5  -5  -1  -7   4  -4  -7  -8   5   4  -3  -6  -3   3  -8  -5   0  -1   6  -1    1   1   3   0   8   1   0   0  12  23   2   0   1  12   0   1   6   1  25   4  1.21 0.58
  194 F    -9  -9  -9  -6  -9  -9  -9 -10   0  -8  -7  -9  -7   6 -10  -9  -9   3   9  -8    0   0   0   1   0   0   0   0   2   0   0   0   0  30   0   0   0   4  63   0  3.08 1.17
  195 P     0   2  -2   0  -7  -1   0   3   0  -7  -5   3  -6  -7   3  -1  -4  -7  -5  -6    8  12   1   6   0   3   6  23   2   0   1  17   0   0  15   4   1   0   0   0  0.64 0.40
  196 D    -6  -6   3   6  -6  -5  -4  -1  -3  -8  -8  -5  -5  -8  -6   3   3  -9  -8  -7    0   0  14  40   0   0   0   4   1   0   0   0   0   0   0  20  19   0   0   0  1.43 0.72
  197 L    -3  -2  -6  -5  -5  -2   0  -7  -4   3   4  -3   3   4  -1  -5  -4  -2   0   0    2   2   0   1   0   2   7   0   0  14  34   1   6  15   4   1   0   1   2   7  0.66 0.37
  198 A     2  -2  -1   5  -6   0   5  -2  -2  -5  -6  -1  -5  -6  -3  -1  -3  -6  -5  -5   15   2   3  26   0   4  32   3   1   1   1   4   0   0   1   5   2   0   0   1  0.90 0.51
  199 A     3   0   2   3  -5   1   2  -2   3  -6  -6  -1  -3  -7  -5   0  -3  -7  -5  -5   25   5   9  17   0   6  15   3   6   0   0   4   1   0   0   6   1   0   0   1  0.63 0.41
  200 I    -5  -7  -8  -8  -5  -6  -7  -8  -7   6   3  -7   2  -1  -8  -7  -3  -6   3   3    1   0   0   0   0   0   0   0   0  37  27   0   4   2   0   0   1   0   9  19  1.32 0.59
  201 E    -2   2  -3  -2  -3   2   2  -5  -1   1   0   4  -1  -1  -5  -3  -2  -4   0   1    3  12   1   2   1   9  13   0   1   8   8  23   1   2   0   1   2   0   3   9  0.42 0.31
  202 T     2   2   1   3  -4   2   2  -2  -1  -5  -3   2  -4  -6  -5   0   0  -2  -5  -4   15  11   5  15   0   8  14   3   1   0   2  11   0   0   0   6   5   1   0   1  0.42 0.31
  203 Q     5  -5  -4  -5  -2   1  -3  -1  -3  -4  -5  -4  -2  -6  -5   2   1  -5  -5  -1   51   0   1   0   1   6   1   4   1   1   1   1   1   0   0  15  10   0   0   5  1.01 0.58
  204 F    -9 -10  -8 -10  -9 -10 -10 -10  -8  -6  -6 -10  -3  10 -10  -9  -8  -6   2  -5    0   0   0   0   0   0   0   0   0   0   0   0   1  91   0   0   0   0   6   1  3.52 1.26
  205 H     1   3  -2  -1  -3   1   1  -2   3  -1   0   1  -2  -3  -4   0   0  -4  -2   1   11  19   2   3   0   5   9   3   6   4   8   8   0   1   0   5   4   0   1   9  0.22 0.19
  206 H    -1   3  -1   2  -5   3   2  -3   3  -5  -3   2  -3  -5  -5  -1   0  -3  -2  -4    6  15   3   9   0  14  14   2   6   0   2  14   1   0   0   4   5   0   1   1  0.50 0.34
  207 L    -6  -9  -9 -10  -4  -9  -9  -7  -4  -6   2  -9  -2   9 -10  -8  -8  -1   2  -4    1   0   0   0   0   0   0   0   0   0  19   0   1  70   0   0   0   1   6   1  2.53 0.98
  208 V     3  -6  -7  -7   1  -6  -6  -3  -7   3   2  -6   2  -2  -6  -3  -1  -7  -5   4   24   0   0   0   3   0   0   2   0  17  19   0   4   1   0   2   3   0   0  25  0.83 0.45
  209 R     1   3   3   1  -2   1   1  -1   1  -6  -4   1  -4  -5  -5   1  -1  -5  -5  -4   12  17  15   8   1   5   9   5   4   0   1   8   0   0   0   9   3   0   0   1  0.45 0.31
  210 T    -2   4   2  -4  -3   3  -3  -2   0  -1   1   2  -1  -5  -5   0   0  -3  -4  -3    4  20  11   1   0  11   0   4   2   4  14  13   1   0   0   6   7   0   0   1  0.43 0.32
  211 V    -2  -5  -5  -6  -1  -5  -6  -6  -6   4   3  -6   2  -4  -4  -4   1  -6  -5   5    3   1   0   0   1   0   0   0   0  22  23   0   4   0   1   1   8   0   0  33  1.01 0.48
  212 P    -1   1  -3   0  -5  -2  -2  -3  -3  -7  -5   1  -5  -7   7   0  -2  -7  -7  -4    4   7   1   5   0   2   3   2   1   0   1   8   0   0  54   7   2   0   0   1  1.41 0.67
  213 G     1   1  -2   0  -2   0   1   0  -2  -3  -3   0  -4   3   4   1  -2  -5  -3  -3   10   7   2   5   1   3   8   8   1   1   2   5   0  14  19   9   2   0   1   1  0.36 0.27
  214 Q    -1  -1   2   4  -5  -1   1   2   1  -5  -5  -1  -5  -2  -2   0  -1  -2   4  -5    5   3   9  21   0   2  10  14   3   0   1   4   0   1   2   8   3   1  13   0  0.50 0.33
  215 G    -2  -3  -3  -3  -5  -3  -2   7  -7  -8  -7  -3  -7  -8  -4  -2  -4  -7  -7  -5    4   2   1   2   0   1   3  79   0   0   1   2   0   0   1   3   1   0   0   1  1.97 0.81
  216 R     0   1  -3  -4   2  -2  -3  -2   1   0   2   0   0   2  -2  -1   1   1   0   0    7   9   1   0   4   1   1   3   4   4  18   7   2   9   2   3  10   2   3   8  0.14 0.14
  217 V     1  -5  -5  -7  -2  -6  -6  -4  -6   3   4  -5  -1  -2  -5  -3  -3  -4  -5   4   13   0   0   0   1   0   0   1   0  16  38   0   1   1   0   2   2   0   0  23  0.91 0.46
  218 L    -2  -7  -8  -8  -2  -7  -8  -7  -6   5   1  -7  -3   1  -8  -4  -5  -3  -3   6    3   0   0   0   1   0   0   0   0  31  13   0   0   6   0   2   0   0   1  43  1.42 0.63
  219 V     3  -5  -6  -7   2  -5  -6  -3  -5   2   2  -5  -1  -1  -5  -4  -2   1   2   4   21   0   0   0   3   0   0   2   0  11  20   0   1   3   0   1   3   2   7  23  0.64 0.38
  220 N    -2  -3   5  -3   9  -6  -7  -2  -1  -3  -5  -6  -5  -3  -1  -2  -5   2  -2  -6    3   2  28   1  42   0   0   4   2   2   1   0   0   1   4   3   0   2   2   0  1.85 0.78
  221 G     3  -1  -1  -3  -1  -2  -3   3   0   0  -1  -2  -2  -2  -4   0  -1   0  -2   0   28   3   3   1   1   1   2  22   2   6   8   2   1   1   1   6   3   1   2   5  0.33 0.25
  222 R    -2  -4  -1   8  -7  -2   1  -2  -2  -5  -6  -4  -5  -7  -6  -3  -3  -5  -6  -6    4   1   2  70   0   2   9   4   1   1   1   1   0   0   0   2   1   0   0   1  1.90 0.80
  223 E    -5  -5   1   8   2  -3   0  -5   1  -6  -8  -6  -8  -5  -7   0  -4  -1  -3  -7    1   0   7  66   4   1   6   1   3   0   0   0   0   0   0   7   1   1   1   0  1.86 0.81
  224 E     1  -1  -2   0  -3   0   2  -3  -3  -3  -3   0  -4  -4   6  -1  -3  -7  -3  -3   11   3   2   6   1   4  13   2   1   2   3   6   0   1  36   5   2   0   1   2  0.77 0.45
  225 S     1   1   5  -2  -3  -1  -1   2   2  -2  -3  -2  -3  -4   1  -2  -1  -2  -2  -1   10   7  24   2   1   2   4  18   5   3   3   2   0   1   7   2   3   1   2   5  0.40 0.28
  226 L     2  -4  -2  -3   2  -4  -3  -2  -1   2   2  -4  -1  -4  -4  -1   0  -5  -3   3   17   1   2   1   4   0   1   3   2  11  19   1   1   0   0   5   7   0   1  24  0.43 0.28
  227 K     2   4  -1  -2  -1   2  -1  -3  -2  -2  -1   2   0  -3  -4  -1  -2  -2  -3   1   17  23   2   2   1   9   3   2   1   1   7  10   3   1   0   5   2   1   1   9  0.36 0.27
  228 R     0   4  -1   1  -5   1   3  -2  -2  -5  -3   1  -1  -5  -2   1  -1  -3  -4  -4    9  23   3   8   0   5  17   2   1   0   3   9   1   0   2  10   3   0   1   1  0.48 0.32
  229 V     1  -3  -4  -4  -3  -3  -1  -4  -4   3   3  -3   0  -2  -5  -2  -1  -2  -3   3   11   1   1   1   1   1   4   1   0  15  32   1   2   1   0   2   3   1   1  20  0.54 0.31
  230 L     1  -2  -5  -5   0  -3  -4  -4  -4   3   4  -3   2  -1  -5  -3  -2  -4  -3   2   14   2   0   1   2   1   1   1   0  15  37   2   5   2   0   2   2   0   0  15  0.65 0.35
  231 A     3   0  -1  -1  -1   0   1   0  -2  -3  -2   1  -3  -4   3   0   0  -3  -4  -3   25   5   3   3   1   3   8   6   1   1   3  10   0   1  14   7   4   0   0   2  0.31 0.23
  232 R     0   4   1   1  -3   2   2  -2   1  -4  -3   2   0  -4  -2   0  -2  -5  -2  -3    7  20   5   7   0   7  12   3   3   1   3  14   3   1   2   7   2   0   1   2  0.35 0.24
  233 G     1   0   0   0  -1  -1  -1   2   0   0  -1   0  -1   0  -1   1   0  -3   0   0   14   5   3   5   1   3   3  17   2   7   6   5   1   4   3   9   4   0   3   5  0.08 0.08
  234 C     2   0  -1  -1   3  -2  -1  -1   0   0   1  -1  -1  -2   0   0   0  -1  -1   1   20   5   2   2   7   1   3   3   2   7  12   4   1   2   4   8   7   1   2   8  0.10 0.11
  235 W     0   1   0   1  -1   0   0   2   1  -3  -3   1  -3   0   1   0  -1   4  -1  -1    7   9   5   7   1   4   4  14   3   1   2  10   0   4   6   6   4   6   2   4  0.17 0.14
  236 S     1   4  -2  -3   5  -1  -3  -1   0  -2  -3   1  -3  -5   0   1   0  -5  -3  -1   13  21   1   1  14   2   1   4   2   2   2   8   1   0   4  11   6   0   1   5  0.47 0.31
  237 E    -1   5   1  -2  -6   1   1  -3  -1  -6  -5   3  -4  -5   4  -2   0  -4  -5  -4    4  27   6   2   0   5   7   3   2   0   1  15   0   0  18   2   5   0   0   1  0.71 0.41
  238 V    -1  -2  -5  -6   0  -3  -4  -5  -4   3   0  -2  -2   0  -4  -3   0  -1   1   5    5   3   0   0   2   1   1   1   0  16   7   3   1   3   1   1   6   1   4  41  0.73 0.40
  239 E    -1  -1  -4  -3  -3   0   1  -4  -2   4   1  -2  -1  -1  -5  -2   0  -2  -1   3    4   4   0   1   0   4   9   1   1  24  14   2   1   3   0   3   7   1   2  20  0.40 0.25
  240 L    -4   1  -4  -5  -5  -5  -4  -2  -3  -5  -3  -3  -5   0  -4   2   6   2   0  -4    1   6   1   1   0   0   1   3   1   1   3   2   0   3   1  16  53   3   3   1  1.20 0.66
  241 F    -5  -7  -8  -9  -3  -6  -7  -7  -3  -4  -5  -7  -6   6  -9  -4  -5  -2   9  -1    1   0   0   0   1   0   0   1   0   1   1   0   0  28   0   1   1   0  59   4  2.54 1.00
  242 G    -2  -5  -3  -6  -6  -6  -7   7  -6  -6  -7  -6  -5  -8  -6   0  -5  -8  -8  -6    4   1   2   0   0   0   0  84   0   1   1   0   0   0   0   6   1   0   0   1  2.28 0.93
  243 A    -2  -1  -3  -4  -2  -2  -1  -4  -3   2   3  -2   1   5  -4  -1   0  -1  -1   0    4   3   1   1   1   2   5   1   0  11  25   2   2  21   1   4   6   1   1   5  0.42 0.27
  244 E     1  -1   2   2  -3   0   1   2   1  -4  -4  -1  -5  -5  -4   3   0  -6  -3  -3   10   3   9  11   1   3   9  13   3   1   2   4   0   0   1  23   5   0   1   2  0.39 0.29
  245 D     1  -1   1   3  -5   0   3   0  -1  -4  -5   0  -4  -5   4   0  -1  -6  -4  -3   11   3   5  13   0   4  16   7   2   1   1   6   0   0  17   8   3   0   1   1  0.44 0.30
  246 G    -1  -1   1   3  -4   1   2   2   1  -4  -3   0  -4  -4  -1   0  -1  -2  -2  -3    5   3   7  17   0   5  11  18   3   1   2   6   0   1   4   8   4   1   1   1  0.33 0.23
  247 T     5  -3   2   0   3  -2  -3  -3  -2  -4  -3  -4  -3  -3  -3   1  -2  -1  -3  -1   48   2  10   5   6   2   2   2   1   1   2   0   0   1   1   8   3   1   1   4  0.80 0.46
  248 G     0  -3   0   7  -3  -1   1  -2   1  -4  -5  -3  -1  -3  -4  -2  -2   1  -2  -4    9   1   4  52   1   3   7   3   3   1   1   1   2   1   1   2   3   2   2   1  1.07 0.54
  249 W    -3  -1  -4  -5  -3  -2  -4  -6  -2   1   1  -4  -2   3  -6  -5  -4   9   5   1    3   3   1   1   1   2   1   1   1   7  13   1   1   9   0   1   1  24  20  10  1.16 0.54
  250 A    -1   5  -2  -3  -1   3  -2  -4   1  -3  -3  -1  -1  -2  -4  -1   0   2   2  -1    5  35   2   2   1  13   3   1   3   2   2   3   2   1   1   5   5   3   6   5  0.65 0.40
  251 I     5  -4  -6  -5  -1  -5  -5  -2  -5   4   1  -4  -1  -3  -3  -3  -3  -2  -3   1   44   1   0   0   1   0   0   4   0  19  11   1   1   1   2   1   1   1   1  11  0.85 0.47
  252 A     0   2  -2   0  -3   0   2  -2  -2  -1  -1   2  -2  -3  -4   1   2  -5  -3   1    9  11   2   4   0   3  16   2   1   3   5  11   1   1   0   9  11   0   1  10  0.23 0.20
  253 N    -1  -1   5   4  -4  -1   1  -1   0  -3  -2   0  -3  -3  -1   0  -3  -5  -2  -3    5   3  26  21   0   2   9   5   2   2   5   4   0   1   3   5   1   0   2   2  0.52 0.33
  254 L    -2  -2  -1  -2  -1  -3  -2  -3  -1   4   2  -3  -1   0  -2  -2  -1  -2   0   3    2   3   3   3   1   1   3   2   2  26  19   2   1   3   2   2   3   1   3  18  0.39 0.24
  255 G     0   2  -1  -2  -4   1   1   3   0  -4  -5   1  -4  -4   0   1   1  -3  -3  -3    8  13   3   2   0   7  10  22   2   1   1   6   0   0   4  10   8   0   1   2  0.35 0.26
  256 D    -1  -1  -1   2  -3   0   1   2  -1  -2  -1  -2   1   2   1   0  -1   1   1  -2    6   3   3  11   0   4   9  17   2   1   5   2   3   8   6   5   4   2   6   3  0.15 0.15
  257 D    -1   1   0   2  -2   0   1   4   1  -4  -4   0  -3  -3  -3   0   0  -3  -2  -3    4   6   4  10   1   4   8  31   3   1   1   6   0   1   1   8   5   0   1   2  0.42 0.28
  258 D    -1  -2   0   0   0   1  -1   0  -3  -2  -3  -2   1  -4   0   3   3   0  -1  -2    5   2   5   4   2   6   4   7   1   2   2   2   3   1   4  25  20   1   2   2  0.35 0.29
  259 S     0   3   0  -1  -1   0   1  -1   1  -2  -3  -1  -3  -2  -4   3   1  -1  -1  -2    7  17   3   3   1   5   8   5   3   2   2   4   0   2   1  22   9   1   2   3  0.29 0.24
  260 F    -2  -3  -7  -7  -1  -6  -7  -1  -4  -3  -3  -5  -2   8  -6  -4  -3   0   3  -2    4   2   0   0   2   0   0   5   0   2   2   1   1  65   0   2   2   1   8   3  1.94 0.78
  261 D    -1   1  -1   4  -3  -1   2  -2  -2  -3  -2   0  -2  -2  -4   1   3  -2  -3  -1    4   8   2  21   0   3  14   3   1   2   3   5   1   2   0   9  18   1   1   4  0.38 0.28
  262 V     0  -4  -6  -6   0  -5  -5  -5  -4   3   3  -4  -1   0  -4  -4  -3  -3  -4   5    7   1   0   0   2   0   1   1   1  12  26   1   1   3   1   1   2   0   0  40  0.93 0.45
  263 V    -2   1  -2  -3   1  -1  -1  -4   1   1   1  -1   1   3  -4  -1   0   3   3   2    3   7   2   1   3   2   4   1   3   6  11   3   3  12   0   4   5   4  11  13  0.25 0.18
  264 R    -1   2  -1  -2   0  -1  -1  -2   5  -1  -1   0  -1   2  -3  -1  -1   2   3  -1    4  14   2   3   2   3   4   4  13   3   7   6   1   8   1   4   3   3  11   5  0.27 0.20
  265 D    -1   3   2   2  -3   1   1   0   2  -3  -3   2  -3  -1   1  -1  -3  -4  -3  -3    4  14   8  11   0   6   7   7   5   2   3  15   1   3   6   4   1   0   1   1  0.29 0.21
  266 G    -2  -2   1   1  -6  -3   0   6  -1  -7  -6   0  -6  -6  -4  -1  -3  -7  -7  -5    4   2   7   9   0   1   7  54   2   0   1   5   0   0   1   4   1   0   0   1  1.13 0.55
  267 Q    -1   2   0   0  -3   1   3   1   0  -2  -4   3  -3  -4  -3  -1   0  -3  -4  -1    4  11   4   6   1   7  17  10   2   3   1  17   1   1   1   3   6   0   0   5  0.31 0.23
  268 V     0   1  -1   0  -1  -1   1  -2   0  -1  -1   1  -1   0   2   0   0  -2   0   0    6  10   3   6   1   2   9   2   2   4   7  12   1   5  10   6   5   0   4   6  0.10 0.10
  269 Q    -1  -1  -3  -3  -1  -1  -1  -4  -1   2   3  -2   0   1  -1  -2  -1   2   0   1    5   3   1   1   1   3   5   1   1  10  33   2   2   4   3   4   3   3   4  10  0.29 0.20
  270 G     1  -3  -3  -2   0  -2  -2   6  -1  -1  -1  -3  -2  -2  -3  -2  -1  -3  -3  -1    9   2   1   2   2   2   3  50   2   4   5   2   1   2   2   3   4   0   1   4  0.76 0.39
  271 R    -1   4   0   2  -5   1   3  -3   1  -4  -3   0  -3  -5   1   0   1  -3  -4  -3    4  19   4  10   0   5  18   2   4   1   2   6   1   0   6   6  11   0   0   2  0.42 0.30
  272 V    -3  -7  -7  -7   0  -6  -7  -5  -6   4   2  -6   0   5  -7  -5  -3   0  -1   4    2   0   0   0   2   0   0   1   0  23  17   0   2  19   0   0   1   1   2  27  1.04 0.48
  273 R    -1   3   0   0  -1   1   2  -4   2  -3  -3   1  -2  -2  -3   1   2  -4  -3  -1    5  17   4   4   1   5  13   1   4   2   1  10   1   2   1  11  12   0   1   4  0.32 0.25
  274 W    -5  -7  -7  -8  -3  -7  -7  -7  -5   2   6  -7   1  -3  -4  -2   0   4  -5   0    1   0   0   0   1   0   0   0   0   9  64   0   2   1   1   4   5   5   0   6  1.36 0.63
  275 P     0   2   2  -2  -2   2  -2   0   1  -5  -4   0  -4  -5   4   2  -2  -3  -4  -4    7  10  11   2   1  10   2   7   3   0   1   6   0   0  21  13   3   0   0   1  0.52 0.36
  276 L    -2  -6  -8  -8  -4  -1  -7  -7  -6   3   4  -5   4  -3  -7  -5  -4  -7  -5   5    3   0   0   0   0   3   0   0   0  15  32   0   9   1   0   0   1   0   0  34  1.18 0.56
  277 Q    -1  -5  -7  -5  -2  -6  -6  -5  -1   1  -1  -5  -2  -1   7  -2  -2   0  -2  -2    6   1   0   1   1   0   0   1   2   7   7   1   1   3  58   3   3   1   2   4  1.51 0.73
  278 G    -6  -9  -7  -8  -9  -9  -9   8  -9 -11 -11  -8 -10 -10  -9  -7  -8  -9 -10 -10    0   0   0   0   0   0   0 100   0   0   0   0   0   0   0   0   0   0   0   0  3.22 1.22
  279 D    -1   5  -2   0  -4   0   2  -4  -1  -1   0   2   0  -3  -3  -2  -1  -3  -3  -1    6  28   1   4   0   4  15   1   2   4   8  10   2   1   1   3   4   0   1   5  0.43 0.30
  280 H    -7  -7  -6  -8  -8  -2  -7  -8  11  -7  -7  -7  -4   1  -9  -8  -9  -9   2  -8    0   0   0   0   0   2   0   0  84   0   1   0   1   5   0   0   0   0   6   0  3.77 1.35
  281 N    -7  -7   9  -6 -10  -3  -7  -6   0  -8  -7  -7  -1  -6  -9  -4  -6 -10  -2  -7    0   0  90   0   0   1   0   0   2   0   1   0   2   0   0   1   0   0   1   0  3.12 1.23
  282 R     3  -3  -7  -8  -3  -3  -6  -5  -7   3   0  -5   0  -5  -7  -5  -4  -7  -4   6   20   2   0   0   1   1   0   1   0  15   9   1   2   0   0   0   1   0   1  46  1.16 0.57
  283 M     0   2  -3  -4  -2   2  -1  -4   0  -2   4  -2   2  -3  -6   0  -3   0   2  -2    7  12   1   1   1   8   4   1   2   1  36   3   4   1   0   8   1   1   7   2  0.47 0.34
  284 N    -9  -8   9  -1 -10  -7  -7  -7  -3 -10 -11  -7  -9 -10  -9  -6  -7 -11  -9 -10    0   0  96   3   0   0   0   0   1   0   0   0   0   0   0   0   0   0   0   0  3.57 1.36
  285 A     7  -7  -6  -7  -1  -6  -7  -2  -7  -3  -4  -7  -5  -4  -7   2  -2  -6  -5  -3   73   0   0   0   1   0   0   3   0   2   2   0   0   1   0  13   2   0   1   2  1.72 0.84
  286 L     1  -6  -6  -8  -1  -4  -6  -6  -6  -2   6  -6   1  -4  -7  -4   1  -7  -6   0   13   0   0   0   1   1   0   1   0   2  63   0   2   0   0   1   9   0   0   5  1.26 0.63
  287 A     7  -7  -6  -7  -1  -6  -6   2  -5  -5  -5  -7   1  -6  -6  -1  -4  -8  -8  -4   71   0   0   0   1   0   0  16   0   0   1   0   3   0   0   5   1   0   0   1  1.73 0.82
  288 A     7  -8  -8  -7   1  -7  -7  -5  -8  -5  -7  -7  -5  -8  -7  -1  -2  -9  -8   2   75   0   0   0   2   0   0   1   0   0   0   0   0   0   0   4   3   0   0  15  1.94 0.89
  289 I     1  -6  -6  -7   0  -6  -7  -6  -5   5   2  -6   0   2  -7  -4  -1  -1   0   2   11   0   0   0   2   0   0   0   0  33  20   0   2   7   0   1   4   1   3  15  0.88 0.44
  290 A     6  -5  -6  -7  -1  -4  -5   1  -7   0  -1  -5  -4  -7  -6   0  -1  -8  -5   0   58   1   0   0   1   1   0   9   0   6   6   0   0   0   0   7   4   0   0   6  1.12 0.61
  291 A     4  -7  -7  -7   1  -6  -6  -5  -7   1   2  -6   2  -4  -6  -3   0  -7  -6   5   28   0   0   0   3   0   0   0   0   6  17   0   5   1   0   1   6   0   0  33  0.97 0.52
  292 A     5  -7  -5  -7   5  -6  -6   2  -7  -4  -1  -6  -3  -6  -6   0  -2  -4  -7  -2   52   0   0   0  10   0   0  17   0   1   7   0   0   0   0   6   3   0   0   3  1.24 0.64
  293 R    -1   2  -1   0  -1  -1  -1  -3   4   0   2  -1   1  -2  -4  -1   0   0   0   0    6  13   2   7   1   3   3   2  10   4  20   4   4   1   0   5   5   1   4   6  0.19 0.18
  294 H     1   0  -1  -1  -1   1   4  -2   4  -2   0  -1  -2  -1  -5  -1  -1   2   0  -2   10   6   2   2   2   6  24   3   9   2   9   3   1   3   0   5   4   3   3   3  0.29 0.24
  295 V     1  -4  -4  -7   2  -3  -3  -5  -3   0   5  -6   2   0  -6  -4  -4  -2   0   1   10   1   1   0   4   1   2   1   1   5  52   0   4   3   0   1   1   1   3   8  0.84 0.45
  296 G    -4  -5   0   0  -6  -4  -1   7  -2  -8  -8  -2  -8  -5  -6  -3  -5  -8  -8  -8    1   1   4   6   0   1   4  77   1   0   0   3   0   1   0   1   1   0   0   0  1.98 0.84
  297 V     0  -6  -5  -7  -1  -4  -5  -4  -3   5   2  -5   0   0  -5  -5  -4  -7  -3   4    8   0   0   0   1   1   1   2   1  29  20   0   2   4   0   0   0   0   1  28  0.95 0.47
  298 P     0  -3   0   4  -5  -3   1  -2  -4  -6  -6  -2  -5  -7   4   3  -1  -8  -7  -6    6   1   4  24   0   1   9   3   0   0   0   3   0   0  23  19   4   0   0   0  0.86 0.51
  299 P     0  -2  -3   0  -4  -2  -1  -3  -3   0   1  -2   1   4   3  -2  -2   2  -1   0    8   3   1   6   0   1   5   2   1   5  12   2   3  18  17   2   2   3   2   7  0.34 0.25
  300 A     1  -1   0   3  -5   1   4  -1  -1  -5  -5   1  -4  -5  -1   0  -1  -7  -5  -3   12   3   4  18   0   5  28   5   1   0   1   8   0   1   3   6   3   0   0   2  0.57 0.38
  301 Q     2   0  -1   2  -2   1   1  -2   0  -1  -2   1  -2  -3  -2   0   1  -3  -3   1   17   6   2  11   1   7   9   3   2   3   4   7   1   1   1   5   9   0   0   9  0.16 0.17
  302 A     3  -6  -5  -6   0  -6  -7  -5  -7   6   0  -7   1  -2  -6  -3  -2  -4  -4   2   20   0   0   0   2   0   0   1   0  45   9   0   3   2   0   2   2   0   1  12  1.14 0.54
  303 I     3   3  -3  -4   1   1  -2  -3  -4   1   0   2  -2  -3  -4   0  -2  -6  -4   0   26  14   1   0   2   7   2   1   0   7   9  13   1   1   0   5   2   0   0   7  0.40 0.30
  304 E     2   2   0   1  -5   1   3  -2   0  -5  -4   2  -4  -5  -2   0  -1  -6  -4  -4   16  11   3   7   0   6  19   3   2   0   2  14   0   0   2   6   3   0   0   1  0.41 0.31
  305 S     5  -5  -4  -6  -2  -5  -5   4  -1  -4  -5  -5  -5  -6  -5   1  -1  -8  -4  -2   47   0   1   0   1   0   0  29   2   1   1   0   0   0   0  10   3   0   1   2  1.19 0.62
  306 L    -4  -8  -9  -9  -4  -8  -9  -9  -8   1   6  -8   0   1  -9  -8  -6  -6  -5  -1    2   0   0   0   0   0   0   0   0   7  78   0   2   6   0   0   0   0   0   4  1.91 0.80
  307 A     4   0  -1  -3  -2   0   2   0  -3  -5  -3   1  -3  -4  -3   2  -2  -3  -3  -5   33   6   2   1   1   3  16   6   1   1   3  10   1   1   1  13   1   0   1   0  0.51 0.37
  308 R     0   1   2   1  -1   0   1   1   0  -5  -4   1  -3  -5  -5   3   2  -6  -5  -4    8   9   9   7   1   3   8   9   2   0   2   8   0   0   0  21  11   0   0   1  0.37 0.29
  309 F    -7 -10 -10 -10  -4 -10 -10 -10  -8  -6  -5 -10  -5   9 -10  -8  -8  -6   4  -5    0   0   0   0   1   0   0   0   0   0   1   0   0  86   0   0   0   0  11   1  3.38 1.22
  310 E     0   3  -2  -3  -3   2   1  -1   1  -3  -4   3  -3  -6   1   1   1  -6  -4  -3    7  18   1   0   0  10   8   5   3   1   2  15   0   0   7   9   9   0   0   2  0.41 0.30
  311 N    -6  -6  -1  -8  -9  -7  -8   8  -8 -10  -6  -8  -9 -10  -4  -3  -6  -9  -9 -10    0   1   4   0   0   0   0  90   0   0   1   0   0   0   1   2   0   0   0   0  2.65 1.06
  312 V     2  -7  -7  -8  -4  -7  -7  -7  -8   2  -2  -7  -2  -6  -1  -2   2  -8  -6   6   17   0   0   0   0   0   0   0   0   9   4   0   1   0   3   3  13   0   0  50  1.27 0.63
  313 K     1   4  -2   0  -4   1   0   1   3  -7  -5   4  -4  -5  -5  -1  -3   3  -4  -5   10  18   2   5   0   5   6  12   6   0   1  25   0   0   0   4   1   3   0   1  0.62 0.39
  314 R    -8   9  -7  -9 -11  -5  -7  -9  -5 -10  -8  -2  -7 -10  -9  -8  -8 -10  -9 -10    0  98   0   0   0   0   0   0   0   0   0   1   0   0   0   0   0   0   0   0  3.49 1.33
  315 R    -9   9  -8  -9 -11  -6  -7 -10  -7 -10  -9  -5  -9 -10  -9  -8  -8 -10  -9 -10    0  99   0   0   0   0   0   0   0   0   0   0   0   0   0   0   0   0   0   0  3.59 1.37
  316 M    -6  -8  -8  -9  -2   2  -8  -7  -6  -4   2  -8   5   8  -9  -4  -7  -2  -2  -6    1   0   0   0   1  10   0   0   0   0  16   0  12  57   0   1   0   0   1   0  2.05 0.86
  317 E    -6  -6  -4   2  -9   4   7  -8  -2  -8  -9  -5  -3  -9  -7  -4  -1  -9  -7  -8    0   0   1   9   0  18  64   0   1   0   0   0   1   0   0   1   4   0   0   0  2.01 0.93
  318 V    -4   1  -4  -4  -1  -2  -3  -6   0   3   2   0   0   2  -2  -3  -1  -1   1   3    1   8   0   1   2   2   1   0   3  17  19   6   1   8   2   1   4   1   6  18  0.41 0.26
  319 R    -4   3  -6  -6  -4  -3  -5  -7   0   3   2   4   0  -3  -6  -5  -3  -4  -2   2    1  16   0   0   0   1   0   0   3  14  21  25   2   1   0   0   1   0   1  14  0.79 0.45
  320 G     0  -5  -4  -4  -4  -6  -6   7  -3  -7  -5  -5  -7  -2  -6  -3  -6  -5   2  -7    8   1   1   1   0   0   0  72   1   0   2   1   0   2   0   2   0   0   7   0  1.81 0.78
  321 T    -2   1  -1   0  -2   1   5  -5   0  -3  -4   1  -3  -4  -5   0   1  -7  -3   0    2   7   2   6   1   6  38   0   2   2   2   7   0   1   0   7  10   0   1   6  0.66 0.42
  322 V     1   0  -2  -2  -1  -2  -1  -2   0   1  -1   0  -1   1  -2  -1  -1   2   0   3   15   6   2   3   1   2   4   2   3   8   3   6   1   6   2   5   4   3   4  21  0.14 0.15
  323 D     0   2   4   2  -2   0   0   3   1  -7  -6   1  -5  -5  -2  -1  -3  -4  -4  -6    7  12  21  10   1   3   5  21   3   0   0   8   0   0   2   5   1   0   1   0  0.61 0.37
  324 G    -4  -2   1   2  -6  -2  -2   7  -2  -7  -7  -2  -8  -7  -5  -2  -3  -4  -8  -8    1   2   6   9   0   2   3  66   1   0   1   3   0   0   1   2   1   0   0   0  1.57 0.71
  325 V     2  -5  -7  -8   0  -6  -7  -6  -6   5  -2  -6  -2  -1  -5  -4  -3  -4  -3   5   15   1   0   0   2   0   0   0   0  32   3   0   1   2   1   1   2   0   1  39  1.26 0.59
  326 T    -1   2  -3  -2  -2  -1  -1  -4  -1   1   1   1   2  -4  -2  -1   4   0  -3   1    4  10   1   2   1   2   4   1   1   7  16   7   4   0   1   4  25   1   1   8  0.31 0.26
  327 V    -5  -7  -9  -9  -5  -8  -8  -9  -8   4   1  -8  -2   2  -8  -7  -6  -3  -4   6    0   0   0   0   0   0   0   0   0  22  14   0   1   7   0   0   0   0   0  55  1.69 0.73
  328 Y    -5  -8  -8  -9  -7  -7  -8  -9  -6   5  -1  -8   1   2  -8  -7  -6  -3   6   4    0   0   0   0   0   0   0   0   0  34   4   0   3   8   0   0   0   0  22  28  1.57 0.69
  329 D    -7  -6  -3   9 -10  -5   0  -8  -3  -8 -10  -7 -10 -10  -8  -3  -6 -11 -10  -8    0   0   1  88   0   0   6   0   1   0   0   0   0   0   0   3   0   0   0   0  2.91 1.15
  330 D    -9  -9  -6   9 -11  -7  -4  -8  -8 -10 -11  -8 -10 -11  -9  -5  -8 -11 -10 -10    0   0   0  98   0   0   0   0   0   0   0   0   0   0   0   1   0   0   0   0  3.50 1.33
  331 F    -9  -9  -9 -10  -7  -9  -9 -10  -4  -8  -8  -9  -8   5 -10  -9  -9  -5  10  -8    0   0   0   0   0   0   0   0   0   0   0   0   0  22   0   0   0   0  77   0  3.47 1.31
  332 A     7  -8  -8  -8  -7  -7  -7   3  -8  -8  -8  -7  -8  -9  -7  -5  -7  -9  -8  -7   80   0   0   0   0   0   0  20   0   0   0   0   0   0   0   0   0   0   0   0  2.33 1.02
  333 H    -9  -8  -6  -9 -11  -6  -8  -8  12 -11 -10  -8  -9  -9 -10  -8  -9 -10  -4  -8    0   0   0   0   0   0   0   0  99   0   0   0   0   0   0   0   0   0   0   0  4.71 1.61
  334 H    -8  -8  -2  -8 -11  -6  -8 -10  12 -11  -5  -8  -9  -9  -8  -6  -8 -10  -6 -11    0   0   2   0   0   0   0   0  95   0   2   0   0   0   0   1   0   0   0   0  4.43 1.53
  335 P    -6 -10  -9  -9 -10  -9  -8 -10  -5 -10 -10  -8 -10 -11   9  -8  -8 -11 -10 -10    0   0   0   0   0   0   0   0   0   0   0   0   0   0  99   0   0   0   0   0  3.81 1.47
  336 T    -1  -2  -3  -4  -4  -4  -3  -6  -6  -4  -6  -4  -5  -8  -6   1   8  -9  -8  -1    4   2   1   1   0   1   2   1   0   1   0   1   0   0   0   8  72   0   0   5  1.88 0.90
  337 A     3  -5  -7  -5  -9  -2   7  -8  -7  -9  -9  -1  -8  -9  -6  -4  -7  -9  -8  -8   25   0   0   0   0   2  68   0   0   0   0   3   0   0   0   1   0   0   0   0  2.10 0.98
  338 I    -5  -9  -9  -9  -4  -8  -9  -9  -9   7  -1  -8  -1  -5  -9  -8  -6  -8  -7   5    1   0   0   0   0   0   0   0   0  58   6   0   1   0   0   0   0   0   0  32  2.11 0.85
  339 R     3   5  -2  -2  -4   0   1  -5  -2  -4  -3   4  -1  -5  -6  -1  -2  -7  -5  -3   21  26   2   2   0   3   8   1   1   1   2  21   2   0   0   5   3   0   0   1  0.73 0.44
  340 T     6  -4  -4  -6  -2  -3   1  -4  -4  -6  -3  -2  -3  -6  -5   0   0  -8  -5   0   63   1   1   0   1   1   8   1   0   0   2   2   1   0   0   6   6   0   0   6  1.24 0.66
  341 T     0  -7  -4  -5  -3  -6  -7  -6  -8  -4  -3  -7  -3  -8  -7  -1   7  -9  -8   2    7   0   1   1   0   0   0   0   0   1   2   0   1   0   0   5  70   0   0  11  1.92 0.91
  342 I    -5  -7  -9  -9  -6  -8  -8  -9  -5   4   6  -8  -1  -4  -8  -7  -5  -5  -4   0    1   0   0   0   0   0   0   0   0  20  71   0   1   1   0   0   0   0   0   5  1.85 0.78
  343 D     2   2   0   1  -5   2   3  -2  -2  -5  -3   2  -4  -6  -5   1  -1  -6  -5  -4   20  11   4   8   0  10  16   2   1   0   2  12   0   0   0   9   3   0   0   0  0.49 0.35
  344 G     6  -6  -5  -6  -5  -6  -6   1  -7  -6  -7  -6  -4  -8  -7  -1   2  -8  -7  -4   70   0   0   0   0   0   0  11   0   0   0   0   0   0   0   5  12   0   0   1  1.72 0.83
  345 L     5  -7  -7  -7  -2  -6  -6  -4  -5   1   2  -6   0  -1  -6  -4  -2  -5  -5   1   52   0   0   0   1   0   0   1   0   8  20   0   3   3   0   1   2   0   0   9  1.12 0.59
  346 R    -2   8  -4  -6  -5  -3  -5  -7  -3  -7  -6   4  -7  -8  -7  -3  -6  -8  -6  -6    3  66   1   0   0   1   0   0   1   0   1  23   0   0   0   2   0   0   0   0  2.15 0.89
  347 R     1   0   1   1  -3   3   3  -1  -1  -4  -1   1  -2  -5  -3   1   0  -4  -4  -3   11   4   6   6   1  13  19   4   1   1   6   7   1   0   1  12   5   0   0   1  0.33 0.26
  348 R     1   3  -1  -3  -1   0  -2   1   1  -1  -1   1   1  -1  -4   0  -1   1  -1   0   14  20   2   0   1   4   1   9   3   3   7   8   4   3   0   6   3   2   2   7  0.20 0.18
  349 V     0  -4  -3  -5   0  -4  -4  -5   2  -2  -1  -4  -1   5  -5  -4  -4   6   6   0    9   1   2   1   2   1   1   1   5   3   6   1   1  21   1   1   1  12  26   6  1.06 0.48
  350 G    -2  -1  -2  -2  -5  -3  -2   2  -1  -5  -5   0  -5  -5   7  -1  -1  -6  -5  -5    3   4   2   3   0   1   2  17   2   1   1   5   0   1  48   4   4   0   0   1  1.21 0.56
  351 A    -1   0   2   3  -3   1   1   3   1  -6  -5   2  -3  -3   0   0  -2  -1  -1  -4    4   4   8  16   1   5   9  20   4   0   1  11   1   1   4   5   3   1   2   1  0.38 0.26
  352 A    -1   6   0  -3  -6   0  -2   2   1  -7  -6   3  -6  -6  -5  -1  -4  -7  -3  -6    5  38   5   1   0   5   2  16   4   0   1  16   0   0   0   5   0   0   1   0  0.99 0.52
  353 R    -5   8  -2  -6  -6  -2  -3  -8   0  -8  -8   3  -6  -8  -1  -4  -3  -6  -6  -7    1  71   2   0   0   2   1   0   2   0   0  13   0   0   3   1   2   0   0   0  2.14 0.92
  354 I    -6  -7  -8  -8  -5  -7  -7  -9  -7   6   4  -7  -2  -4  -7  -7  -4  -7  -6   4    0   0   0   0   0   0   0   0   0  35  37   0   1   1   0   0   1   0   0  24  1.55 0.67
  355 L    -5  -2  -7  -8  -3  -7  -8  -7  -1   5   0  -6  -2   0  -8  -5  -2   8  -1   4    1   2   0   0   1   0   0   0   2  31   8   0   1   4   0   1   2  17   2  29  1.41 0.63
  356 A     5  -7  -7  -7   5  -6  -7  -3  -5  -2  -2  -6  -1  -5  -7  -2  -2  -5  -6   4   44   0   0   0  12   0   0   2   0   2   4   0   1   0   0   3   3   0   0  27  1.26 0.64
  357 V     1  -7  -8  -6   1  -6  -8  -7  -8   4   0  -7  -3  -3  -7  -6  -5  -8  -4   6    9   0   0   0   3   0   0   0   0  21   9   0   0   1   0   0   0   0   0  54  1.48 0.67
  358 L    -7  -9  -8 -10  -4  -9 -10 -10  -2  -2  -3  -9  -3   9 -10  -9  -8   2   1  -3    0   0   0   0   0   0   0   0   1   2   3   0   1  84   0   0   0   2   4   2  3.06 1.13
  359 E    -7  -5  -7  -4 -10   9   4  -9  -1  -9  -9  -5  -4 -10  -8  -7  -7  -9  -8  -6    0   0   0   1   0  73  23   0   1   0   0   0   1   0   0   0   0   0   0   1  2.76 1.20
  360 P    -3  -9  -9  -9  -4  -8  -8  -8  -9  -8  -6  -8  -5  -8   9  -6  -8 -11 -10  -8    3   0   0   0   0   0   0   0   0   0   1   0   0   0  94   0   0   0   0   0  3.44 1.36
  361 R    -5   4  -3  -8 -10  -3  -6  -5  11 -10  -8  -5  -8  -6  -8  -7  -8  -9  -4 -10    1  18   1   0   0   1   0   1  75   0   0   0   0   0   0   0   0   0   0   0  3.39 1.26
  362 S    -5   5  -5  -6  -7   2  -5  -7  -2  -6   1  -4  -2  -7  -7   3   4  -7  -6  -5    0  32   0   0   0   8   0   0   1   0  15   0   1   0   0  18  23   0   0   1  1.14 0.65
  363 N    -2  -4   3  -7  -8  -5  -7  -6   1  -5  -5  -5  -5   4  -6  -6  -6  -1   8  -3    4   1  14   0   0   1   0   1   3   1   1   1   0  17   1   0   0   1  53   2  2.01 0.86
  364 T    -5  -6  -4  -5  -6  -5  -6  -6  -6  -5  -7  -5  -6  -7  -5   6   6  -7  -6  -4    0   0   0   0   0   0   0   0   0   1   0   0   0   0   0  54  40   0   0   1  1.94 0.90
  365 M     0   3   0  -1   0   0  -1  -1  -1  -1  -1  -1   3  -1  -1   1   0   0   0  -1    7  21   3   3   2   3   4   4   2   3   6   3   8   2   3  13   5   1   3   4  0.17 0.08
  366 K    -5   8  -6  -8  -3  -3  -6  -7  -4  -7  -7  -1  -5  -8  -8  -5   3  -9  -8  -3    1  74   0   0   1   1   0   0   0   0   0   3   0   0   0   1  16   0   0   2  2.33 1.00
  367 L    -3   4  -5  -7  -7   0  -5  -7  -6  -3   0  -2   1  -4  -6  -2   6  -7  -4  -2    2  21   0   0   0   4   1   0   0   1   9   2   3   1   0   2  50   0   1   3  1.27 0.68
  368 G     2   4   1   0  -6   2  -1   0   1  -5  -6   4  -5  -5  -5  -1  -4  -6  -2  -5   18  18   7   4   0  10   3   7   3   0   0  23   0   0   0   4   0   0   2   0  0.65 0.41
  369 V     1  -1  -2   1  -1   0  -1  -3   0   1   1  -2   0   2  -4  -1   0  -3   1   1   15   3   1  10   1   3   4   0   3   7  17   2   2   9   0   4   4   0   4   9  0.14 0.14
  370 M    -6  -7  -6  -7  -3  -5  -8  -8   3  -4   5  -7   2   7  -8  -6  -6  -1  -2  -5    0   0   0   0   1   1   0   0   8   0  47   0   4  35   0   1   0   1   1   0  1.71 0.74
  371 K     1  -1  -3  -3  -3   3  -1  -1  -1  -2   2   0   2   3  -3  -2  -3   4   1  -2   11   3   1   1   1  15   3   4   1   2  19   5   5  12   1   2   1   5   5   2  0.33 0.25
  372 Q     0   1   1   5  -5   0   3  -2   2  -5  -6   1  -5  -6  -1   0  -1  -6  -5  -5    9   7   7  27   0   4  16   3   4   0   0  10   0   0   3   5   3   0   0   1  0.59 0.36
  373 Q    -1   0  -3   4  -7   2   5  -2  -3  -5  -4  -1  -4  -3  -3  -2  -2  -7  -6  -6    6   5   1  24   0   7  41   3   1   1   2   3   0   1   1   2   2   0   0   0  1.02 0.55
  374 L    -5  -9  -9 -10  -8  -9  -9  -9  -5  -3   1  -9   0   9 -10  -8  -6  -2   4  -7    1   0   0   0   0   0   0   0   0   1  12   0   2  71   0   0   0   1  11   0  2.60 1.00
  375 P     5  -3  -5  -5  -1  -4  -3   2  -5  -1  -2  -3  -4  -5  -1   0   0  -7  -5   2   46   2   0   0   1   0   1  15   0   3   4   1   0   0   4   5   5   0   0  12  0.76 0.47
  376 A     1   2   0   2  -4   1   3  -1   1  -4  -4   2  -3  -5  -1   0   1  -4  -3  -4   12  11   4  10   0   7  16   5   3   1   1  10   0   0   3   6   8   0   1   1  0.32 0.25
  377 S     6  -6  -6  -6   4  -6  -4  -5  -7  -3  -5  -6  -6  -6  -6   4  -4  -8  -7   0   55   0   0   0   9   0   1   1   0   2   1   0   0   0   0  24   1   0   0   8  1.49 0.75
  378 L    -6  -8  -9  -9  -6  -9  -8  -9  -8  -4   5  -9  -4   8  -9  -8  -6  -4  -3  -4    1   0   0   0   0   0   0   0   0   1  41   0   0  55   0   0   0   0   0   1  2.31 0.92
  379 E     2   0   0   2  -3   0   1   1  -1  -3  -2   1  -2  -2  -3   2   0  -5  -2  -3   17   4   4  12   0   4   7   9   1   1   3   7   1   1   1  17   6   0   1   1  0.26 0.22
  380 G     1  -1   1   3  -3   1   1   1   0  -1   0   0  -2  -4  -2  -1  -2  -5  -2  -3   11   3   5  18   0   7   8  12   2   3  12   5   1   0   2   5   2   0   1   1  0.20 0.19
  381 A     7  -6  -7  -5   0  -7  -7  -5  -7  -4  -5  -6  -6  -3  -4  -1  -2  -6  -6   0   79   0   0   1   2   0   0   1   0   1   1   0   0   1   1   5   2   0   0   6  1.86 0.87
  382 D    -6  -7   0   9 -10  -4  -2  -6  -1  -9 -10  -6  -9 -10  -5  -5  -5  -6  -8  -9    1   0   3  88   0   1   2   0   2   0   0   0   0   0   1   1   1   0   0   0  2.87 1.13
  383 Q    -1   2  -2  -2  -2   1   3  -3   3   0   0   1  -1  -1  -4  -2  -1  -1  -1   1    5  13   1   1   1   7  18   2   6   4  11   7   2   3   0   3   4   1   2  11  0.23 0.21
  384 V    -1  -7  -7  -7  -3  -6  -7  -8  -8   2   2  -7  -2  -5  -7  -4  -1  -8  -6   7    6   0   0   0   1   0   0   0   0   9  18   0   1   0   0   1   3   0   0  60  1.52 0.69
  385 F    -4  -5  -7  -8  -2  -7  -7  -6  -5   5   2  -6  -2   3  -7  -6  -4   3   2   4    2   1   0   0   1   0   0   0   0  34  16   0   1  11   0   0   0   3   7  23  1.15 0.53
  386 A    -3  -7  -8  -8  -2  -7  -7  -7  -8   5   3  -7   0  -1  -5  -5  -5  -1  -6   4    2   0   0   0   1   0   0   0   0  30  29   0   2   3   0   1   0   1   0  31  1.29 0.59
  387 Y     2  -4  -2  -5   1  -5  -5  -2  -2  -3   1  -4   1  -2   1  -1   5  -5  -1  -1   16   1   2   0   3   0   0   4   1   1  16   1   4   2   6   4  35   0   2   3  0.62 0.43
  388 G    -4  -1  -1   6  -5  -1   3   0  -4  -6  -7  -1  -6  -5   4  -3  -4  -8  -7  -6    2   4   2  42   0   2  16   6   0   0   0   4   0   0  17   2   1   0   0   0  1.15 0.60
  389 A    -4  -7  -6  -5  -6  -7  -2  -7  -5   7  -2  -6  -3  -4   0  -6  -2  -7  -5   4    1   0   0   1   0   0   3   0   0  54   3   0   0   0   5   0   3   0   0  26  1.58 0.69
  390 A    -1  -7  -6  -6  -5  -6  -4  -6  -2  -7  -5  -4  -3   3   0  -3  -4  -4   9  -5    6   0   0   0   0   0   2   1   1   0   1   1   1  11   5   2   1   0  67   1  2.32 0.97
  391 S     4   0  -2  -1  -4  -2  -1   0  -1  -6  -4  -2  -5  -2   4   2  -2  -6  -4  -4   31   5   1   4   0   2   4   6   2   0   2   2   0   2  22  15   2   0   0   1  0.67 0.43
  392 G     6  -3  -4  -3  -4  -4  -2  -1  -4  -1  -4  -2  -5  -6  -1   0  -4  -3  -5  -1   63   2   1   2   0   0   3   4   1   4   1   3   0   0   4   8   0   0   0   5  1.16 0.62
  393 R    -3   6  -2  -2  -5  -1   1   2  -1  -6  -6  -1  -4  -5   1   0  -4  -5  -6  -6    2  44   1   2   0   2   9  17   1   0   1   3   0   1   7   8   1   0   0   0  1.04 0.56
  394 D    -6   1  -3   1  -8  -1   7  -1  -3  -5  -7  -1  -6  -5  -5  -5  -5  -5  -7  -6    0   7   1   8   0   2  67   6   0   1   1   3   0   0   1   1   0   0   0   0  1.68 0.80
  395 A     1   0  -1   1  -3   0   0  -2  -3   1  -1   1  -1  -2   0   0   1  -4  -3   2   12   4   2   7   0   4   7   2   0   9   6  11   1   2   4   6   8   0   0  14  0.11 0.13
  396 L    -2  -3   1   1  -6  -2  -1  -4  -4  -2  -1  -2  -3  -3   6   2   0  -7  -4  -2    3   2   7   8   0   2   4   1   0   2   7   2   1   1  35  16   6   0   0   3  0.75 0.46
  397 G     0  -2  -2   1  -5  -3  -1   2  -5   3  -2  -2  -2  -5   1   2   0  -6  -5  -1    7   2   1   7   0   1   4  17   0  20   4   2   1   0   7  17   5   0   0   3  0.33 0.28
  398 W     0   1  -3   0  -4   1   3  -2  -3  -3  -2   2  -2  -2   3  -1  -2   4  -3  -3    9   7   1   4   0   7  23   4   0   1   4  10   1   2  15   3   2   5   1   2  0.44 0.32
  399 D    -1   0   0   4  -6   0   1   4  -1  -4  -4  -1  -2  -6  -5   0  -1  -7  -5  -4    4   4   4  24   0   5  10  27   2   1   1   4   1   0   0   8   4   0   0   1  0.61 0.38
  400 L    -3  -7  -7  -7  -6  -7  -7  -7  -6   4   5  -6   0  -3  -4  -4  -4  -5  -6   4    3   0   0   0   0   0   0   0   0  19  46   0   2   1   1   1   1   0   0  25  1.25 0.58
  401 A     3  -3  -2  -1   1  -2  -2  -3  -2  -1  -2  -3  -3  -2  -4   2   2  -4  -2   3   26   1   2   3   3   1   2   1   1   3   3   2   0   1   1  16  12   0   1  21  0.45 0.34
  402 G     2   1   0   2  -4   1   3   1  -3  -5  -5   1  -4  -5  -4   1  -2  -5  -5  -4   16   8   3  11   0   7  18  12   0   0   1   7   0   0   0  11   2   0   0   1  0.43 0.32
  403 A     3   1  -2   2  -3   0   2  -2  -1  -1  -1   1  -2  -4  -4   0  -2  -6  -4  -1   23   8   2  10   1   4  16   3   2   3   7   9   1   0   0   5   2   0   0   4  0.29 0.25
  404 L    -1  -4  -6  -6  -2  -6  -4  -6  -5   5   4  -4   2  -2  -7  -4  -1  -3  -5   2    6   1   0   0   1   0   1   0   0  31  38   1   4   1   0   1   3   0   0  10  1.02 0.50
  405 A     1   3   1  -2  -3   2   0  -3  -2   0  -2   2  -2  -4  -2   0  -1  -5  -4  -1   14  18   7   1   1   8   7   2   1   7   4  15   1   0   1   7   2   0   0   5  0.31 0.25
  406 P     2   2   0  -1  -3   1   1  -2   0  -3  -2   3  -2  -3  -1   1  -1  -4  -4  -2   20   9   4   3   0   7  10   3   2   1   5  16   1   1   3   8   3   0   0   2  0.27 0.23
  407 L     0   2   0   0  -1   1   0   0   2   0   0   1   0  -1  -1   0  -1  -2   0  -1    9  14   5   4   2   6   4   6   5   5  10   7   2   2   2   5   4   0   3   4  0.06 0.08
  408 G    -1  -2   1  -1  -4  -1  -3   6   5  -3  -5  -1  -4  -4  -1  -1  -2  -7  -4  -4    4   3   5   3   0   3   2  49  13   2   1   3   0   1   3   4   2   0   1   1  0.98 0.51
  409 E    -1   1  -1  -1  -2   1   0   0   2   0  -3   3  -2  -4   2  -1   0  -5  -4   1    5   7   3   3   1   5   5   6   6   6   2  18   1   0  12   4   6   0   0   9  0.23 0.21
  410 Q    -2   2   3   2  -5   1   1  -2   1  -4  -5   2  -4  -6   3  -1  -1  -5  -4  -4    3  10  14  13   0   6  10   4   4   1   1  11   0   0  14   5   4   0   0   1  0.48 0.33
  411 A     5  -5  -3  -4   2  -4  -5  -4  -6   0  -3  -4  -3  -4  -2  -1   0  -5  -4   4   40   0   1   1   4   0   0   1   0   5   2   1   0   1   3   4   5   0   0  31  0.93 0.53
  412 R    -1   2  -2  -2  -2   0   0  -4   3   1  -1   0  -1   1  -4  -1   0   0   2   1    5  13   1   2   1   3   8   1   8   8   6   6   1   5   0   4   6   2   6  13  0.17 0.17
  413 A     0  -3  -3  -6   0  -4  -4  -5   3  -1  -1  -5  -2   4  -4  -3  -2   1   7   0    7   2   1   0   2   1   1   1   6   3   6   0   1  15   1   3   3   2  39   7  1.14 0.58
  414 F     0  -4  -4  -5   2  -4  -1  -3   0   4   1  -4   0   3  -4  -3  -1  -3   0   3   10   1   0   0   4   1   5   2   2  22  13   0   2  12   1   2   3   0   2  18  0.47 0.29
  415 S     1  -1  -1   1  -6  -2   1   0   1  -4  -3   0  -4  -6   5   1  -2  -6  -5  -3   12   3   3   7   0   2   9   8   3   1   2   6   0   0  30   9   2   0   0   2  0.60 0.39
  416 D    -2  -2   2   5  -3  -2   0   0   0  -6  -6  -1  -6  -7  -2   3   2  -7  -6  -6    2   2  10  28   1   1   7   6   2   0   0   3   0   0   2  23  11   0   0   0  0.77 0.48
  417 L    -1   1  -2  -3  -2  -2  -3  -3  -1   0   2   1   1   3   0  -2  -1   2   0   1    5   8   2   1   1   2   1   1   2   5  19  10   3  15   5   2   3   3   3  10  0.22 0.18
  418 G     1  -1   0   4  -6   0   4  -2  -1  -5  -4   0  -5  -5  -2   0  -1  -4  -4  -4   10   3   4  25   0   4  24   4   1   0   1   5   0   1   2   8   4   0   1   1  0.61 0.40
  419 A     2   0  -1   4  -7   1   4  -3  -1  -5  -4   0  -3  -6  -5  -1  -1  -7  -5  -5   15   5   3  21   0   7  27   2   1   0   2   5   1   0   0   4   3   0   0   0  0.68 0.45
  420 L     3  -6  -7  -7  -3  -6  -6  -5  -7   5   3  -6   1  -2  -6  -4  -1  -7  -5   2   20   0   0   0   1   0   0   1   0  29  25   0   2   2   0   1   5   0   0  14  0.93 0.49
  421 V     2  -1  -3  -4  -1  -3   0  -3  -3   2   1  -1  -2  -2   2  -1  -1  -3  -2   3   20   3   1   0   1   1   6   2   1  10  12   3   1   1  10   3   4   0   1  20  0.30 0.26
  422 D     2   1   0   3  -3   2   3  -1  -1  -5  -4   1  -3  -5  -1   0  -1  -6  -4  -4   15   8   5  15   1   8  19   4   1   0   1   7   1   0   3   6   3   0   0   1  0.40 0.30
  423 A     0   1  -3  -3  -2   0   0  -4   3   0  -1   0  -1   3  -5  -1   0   1   4   0    9   7   1   1   1   4   6   0   7   4   7   5   2  10   0   3   6   2  17   6  0.30 0.23
  424 V    -1  -7  -8  -8  -3  -6  -7  -8  -8   3   5  -7  -1  -3  -8  -7  -4  -6  -5   3    6   0   0   0   1   0   0   0   0  14  57   0   1   1   0   0   1   0   0  18  1.41 0.66
  425 T     2   1  -2  -1  -1   0   0  -2  -1   0   1   2   0  -2  -2   0  -1  -3  -2   0   18  10   1   4   1   3   6   3   1   4  14  13   2   1   2   5   3   0   1   8  0.13 0.15
  426 A     1   1   1   2  -4   1   3   0  -1  -6  -5   2  -4  -5   0   1  -1  -2  -5  -5   14   8   5  11   0   6  17   6   1   0   1  10   0   0   4  11   4   1   0   0  0.37 0.30
  427 A    -1   1   1  -1  -2   1   2  -3   2   2   0   0   0  -1  -4  -1   0  -1  -1   0    5   9   8   3   1   5  14   2   6  12  10   5   3   2   0   4   6   1   1   5  0.13 0.14
  428 A     3  -5  -4  -6   1  -5  -6  -5  -5   2   3  -4   0  -4  -6  -3  -1  -3  -3   3   26   0   1   0   3   0   0   0   0   9  31   1   2   0   0   2   3   0   1  18  0.75 0.44
  429 R    -1   5  -1  -2  -2   3   1  -1   0  -4  -3   3  -2  -5  -4  -1  -1  -7  -4  -3    4  27   3   2   1  15   8   4   2   1   3  19   1   1   1   5   3   0   0   1  0.65 0.42
  430 P     1  -1  -2   1  -4  -1   1  -3  -3  -6  -6   0  -6  -7   6   1  -2  -8  -7  -5    9   3   2   8   0   3  10   2   1   0   0   6   0   0  40  10   2   0   0   1  0.97 0.57
  431 G    -5  -4   3   1  -6  -3  -2   7  -2  -9  -7  -2  -8  -5  -4  -4  -6  -6  -4  -8    1   1  12   7   0   1   3  67   1   0   1   3   0   0   1   1   0   0   1   0  1.70 0.78
  432 D    -3  -7  -3   8  -6  -4  -2  -7  -4  -6  -8  -7  -5  -9  -6  -2  -2  -6  -8  -6    2   0   1  84   0   1   2   0   0   1   0   0   0   0   0   3   3   0   0   1  2.59 1.09
  433 H    -3  -5  -6  -7  -3  -4  -7  -6   0   3   3  -6   2  -2  -7  -5  -2  -3  -3   5    3   0   0   0   0   1   0   0   2  15  28   0   4   1   0   1   3   0   1  39  1.08 0.54
  434 V    -4  -8  -8  -9   0  -8  -8  -9  -6   5   2  -8  -3   1  -8  -7  -5  -5  -5   6    1   0   0   0   2   0   0   0   0  26  17   0   0   5   0   0   0   0   0  48  1.57 0.71
  435 L    -3  -8  -8  -9  -2  -7  -8  -9  -8   5   5  -8   2  -2  -8  -7  -5  -7  -6   4    2   0   0   0   1   0   0   0   0  25  43   0   4   2   0   0   0   0   0  23  1.41 0.65
  436 V    -2  -7  -5  -7   1  -6  -7  -4  -7   2  -1  -6   1   3  -7  -3   6  -7  -5   2    3   0   0   0   3   0   0   1   0  10   5   0   3  11   0   2  47   0   0  13  1.20 0.65
  437 M    -5  -8  -9  -9  -3  -1  -8  -9  -8   0   4  -8   9   0  -9  -7  -6  -8  -7  -1    1   0   0   0   1   3   0   0   0   5  32   0  50   3   0   0   0   0   0   4  2.15 0.93
  438 S    -5  -8  -6  -7  -8  -7  -8   7  -8 -10 -10  -7  -9  -9  -8   4  -3  -9  -9  -9    0   0   0   0   0   0   0  74   0   0   0   0   0   0   0  24   2   0   0   0  2.32 1.02
  439 N     7  -7   4  -7  -1  -6  -7  -4  -7  -6  -7  -6  -7  -8  -6  -1  -5  -9  -8  -4   72   0  19   0   2   0   0   1   0   0   0   0   0   0   0   4   0   0   0   1  1.99 0.94
  440 G    -6  -3  -7  -8  -9  -7  -7   8  -4 -10 -10  -6  -9 -10  -5  -5  -6  -9 -10 -10    0   2   0   0   0   0   0  95   0   0   0   0   0   0   1   1   0   0   0   0  2.90 1.16
  441 G    -2  -6   3   7  -8  -5  -3   1  -5  -7  -9  -4  -8  -7  -2   2  -3  -9  -6  -8    3   0  13  54   0   0   1   9   0   0   0   1   0   0   2  13   2   0   0   0  1.55 0.76
  442 F    -3  -8  -5  -8  -6  -7  -7  -4  -8   6  -2  -8  -1   5  -6  -5  -6  -7  -5   4    2   0   1   0   0   0   0   2   0  42   2   0   1  22   0   1   0   0   0  26  1.57 0.70
  443 G    -3  -1   2   3  -3  -4  -2   2   0  -6  -5  -4  -6  -1  -4  -1   3   6   4  -3    2   3   8  14   1   0   3  17   2   0   1   0   0   2   1   5  16  12  12   2  0.71 0.45
  444 G    -1   2   1  -1  -4   2   1   2   0  -5  -2   3  -1  -5  -4  -1   0  -4  -3  -4    5  12   6   4   0  10   8  18   2   0   4  18   2   0   0   4   6   0   1   1  0.40 0.30
  445 V    -1  -6  -7  -7  -3  -5  -4  -7  -4   5   3  -5   0   0  -7  -5  -3   2  -3   4    4   0   0   0   0   0   2   0   0  28  28   1   2   3   0   1   1   3   1  26  1.03 0.50
  446 H     3  -3  -4  -5   0  -2  -4   4   4   0  -4  -3  -4  -4   0   0  -1  -4  -1  -2   26   2   1   0   2   2   0  29  10   5   1   1   0   1   6   5   3   0   3   2  0.67 0.42
  447 Q    -1   2  -1   3  -6   2   3  -2   3  -5  -4   1  -4  -4   2  -1  -2  -3   0  -4    4  10   3  13   0   7  21   4   6   0   1   7   0   1  11   3   3   0   3   1  0.46 0.32
  448 K     0   3   0   0  -6   2   3  -3  -2  -3  -1   3   1  -5  -3  -2  -2  -1  -5  -3    9  16   4   5   0   8  20   2   1   2   5  16   4   0   1   3   2   1   0   1  0.46 0.33
  449 L    -4  -7  -8  -8  -5  -7  -8  -8  -7   4   5  -7  -1   2  -8  -7  -3  -3  -2   1    2   0   0   0   0   0   0   0   0  19  56   0   1   9   0   0   1   0   2   9  1.39 0.63
  450 L     1  -4  -6  -7  -2  -4  -5  -6  -6   2   4  -2   1  -2  -2  -3  -2  -6  -2   3   13   1   0   0   1   0   0   0   0  10  43   2   3   1   2   2   2   0   1  18  0.78 0.43
  451 D     2   2   1   3  -6   1   3  -2  -2  -6  -5   2  -3  -6  -3   0  -1  -6  -4  -5   14   9   7  13   0   7  22   3   1   0   0  13   1   0   1   5   3   0   0   0  0.54 0.36
  452 A     2   4  -1  -3  -2   0   0  -1  -1  -2  -1   2  -1  -2  -4   0  -1   1  -1  -2   19  21   2   1   1   4   7   4   1   2   8  10   2   1   0   7   2   2   2   3  0.29 0.24
  453 L    -5  -6  -7  -9  -4  -7  -8  -8  -8   1   6  -7   1  -1  -7  -7  -5  -7  -2  -2    1   0   0   0   0   0   0   0   0   7  82   0   3   3   0   0   0   0   1   2  1.88 0.79
  454 G     1   4   1  -2  -5   3   2   1  -3  -6  -6   3  -4  -6  -4   1  -2  -6  -5  -5   10  18   6   1   0  12  12  12   0   0   0  15   0   0   0  10   2   0   0   0  0.57 0.37
  455 E     1   2   1   1  -4   2   3  -1  -1  -5  -4   2  -3  -6  -4   1  -1  -6  -5  -4   13  11   7   7   0   9  23   4   1   0   1  12   0   0   0   9   3   0   0   1  0.49 0.33
  456 R    -3   7  -2  -4  -7   0  -2  -3   0  -7  -5   4  -2  -7  -2  -2  -2  -7  -5  -6    2  51   2   1   0   3   1   2   3   0   0  27   1   0   3   3   2   0   0   0  1.35 0.59
  457 V     2   0  -1   0  -2   0   1  -1   0  -1   0  -1   0   1  -2   0   1  -3   1   0   19   5   2   4   1   5  13   3   2   2   7   3   2   6   0   6   9   0   6   6  0.08 0.11
  458 G     3   0   1  -2  -4  -1   1   4  -1  -3  -4  -1  -4  -5   0   1  -2  -5  -4  -2   23   6   6   1   0   1   9  31   1   1   1   2   0   0   4  11   1   0   0   2  0.47 0.27
  459 A     2  -2   0  -1  -1   1   1   2  -3  -4  -3   0  -2  -3   2   2  -1  -4  -4  -2   24   1   3   1   1   5  12  16   0   0   2   5   1   1  10  15   2   0   0   1  0.33 0.21
  460 A     5  -2  -2  -3  -3  -3  -1  -2  -4  -4  -4  -1  -3  -5   3   1   0  -5  -4  -3   61   1   1   0   0   0   4   1   0   0   0   3   0   0  13  11   5   0   0   0  0.85 0.36
  461 N    -1  -1   3  -1  -3   4   1  -2  -2  -4  -4   1  -3  -4  -3   3   1  -4  -3  -3    0   0  20   0   0  25   8   0   0   0   0   6   0   0   0  35   7   0   0   0  0.62 0.24

                      K         Lambda
Standard Ungapped    0.1383     0.3215
Standard Gapped      0.0529     0.2670
PSI Ungapped         0.1727     0.3179
PSI Gapped           0.0529     0.2670
