
Last position-specific scoring matrix computed, weighted observed percentages rounded down, information per position, and relative weight of gapless real matches to pseudocounts
            A   R   N   D   C   Q   E   G   H   I   L   K   M   F   P   S   T   W   Y   V   A   R   N   D   C   Q   E   G   H   I   L   K   M   F   P   S   T   W   Y   V
    1 M    -1  -1  -2  -3  -1   0  -2  -3  -2   1   2  -1   5   0  -2  -1  -1  -1  -1   1    0   0   0   0   0   0   0   0   0   0   0   0 100   0   0   0   0   0   0   0  0.34 0.00
    2 N    -2   0   6   1  -3   0   0   0   1  -3  -3   0  -2  -3  -2   1   0  -4  -2  -3    0   0 100   0   0   0   0   0   0   0   0   0   0   0   0   0   0   0   0   0  0.72 0.00
    3 I    -1  -3  -3  -3  -1  -3  -3  -4  -3   3   3  -3   1   0  -3  -2  -1  -2  -1   2    0   0   0   0   0   0   0   0   0  67  33   0   0   0   0   0   0   0   0   0  0.37 0.01
    4 T     0  -1   0  -1  -1  -1  -1  -2  -2  -1  -1  -1  -1  -2  -1   1   5  -2  -2   0    0   0   0   0   0   0   0   0   0   0   0   0   0   0   0   0 100   0   0   0  0.50 0.01
    5 S     0   0   0  -1  -2   0   0  -1  -1  -3  -3   2  -2  -3   4   2   0  -3  -2  -2    0   0   0   0   0   0   0   0   0   0   0  33   0   0  26  41   0   0   0   0  0.50 0.00
    6 L    -2  -2  -3  -4  -1  -2  -3  -4  -3   1   4  -3   2   0  -3  -3  -1  -2  -1   1    0   0   0   0   0   0   0   0   0   0 100   0   0   0   0   0   0   0   0   0  0.49 0.02
    7 T     0  -1   3   0  -1   0  -1  -1  -1  -2  -2   0  -1  -2  -1   2   3  -3  -2  -1    0   0  22   0   0   0   0   0   0   0   0   0   0   0   0  28  50   0   0   0  0.37 0.01
    8 S     2  -1   0  -1  -1   0  -1   0  -1  -2  -2   0  -1  -2  -1   3   2  -3  -2  -1   28   0   0   0   0   0   0   0   0   0   0   0   0   0   0  50  22   0   0   0  0.34 0.01
    9 T     3  -1  -1  -1  -1  -1  -1   0  -2  -1  -2  -1  -1  -2  -1   2   2  -3  -2   0   48   0   0   0   0   0   0   0   0   0   0   0   0   0   0  22  30   0   0   0  0.32 0.01
   10 A     3  -1  -1  -1  -1  -1  -1   2  -2  -2  -2  -1  -1  -2  -1   2   0  -3  -2  -1   50   0   0   0   0   0   0  22   0   0   0   0   0   0   0  28   0   0   0   0  0.36 0.01
   11 G     0   0  -1  -2  -2  -1  -1   4  -2  -1   0   2  -1  -2  -2  -1  -1  -2  -2  -2    0   0   0   0   0   0   0  50   0   0  22  28   0   0   0   0   0   0   0   0  0.33 0.01
   12 K    -1   1  -1  -2  -2   0   0  -2  -1   0   2   3   0  -1  -2  -1  -1  -2  -2  -1    0   0   0   0   0   0   0   0   0   0  38  62   0   0   0   0   0   0   0   0  0.25 0.02
   13 S     1  -1   0  -1  -1  -1  -1   2  -1  -2  -2  -1  -2  -3  -1   3   2  -3  -2  -2    0   0   0   0   0   0   0  16   0   0   0   0   0   0   0  68  17   0   0   0  0.40 0.03
   14 P     3  -2  -1  -1  -1  -1  -1   0  -2  -2  -2  -1  -1  -3   4   2   0  -3  -2  -1   61   0   0   0   0   0   0   0   0   0   0   0   0   0  23  16   0   0   0   0  0.50 0.02
   15 T     2  -2  -1  -1  -1  -1  -1   2  -2  -2  -2  -1  -2  -3   3   1   2  -3  -2  -1   23   0   0   0   0   0   0  17   0   0   0   0   0   0  22  16  23   0   0   0  0.42 0.01
   16 A     2  -1   0  -1  -1  -1  -1   2  -2  -2  -2  -1  -1  -2  -1   2   2  -3  -2  -1   39   0   0   0   0   0   0  22   0   0   0   0   0   0   0  23  17   0   0   0  0.33 0.01
   17 Q    -1   1   0  -1  -3   5   1  -2   0  -3  -2   2  -1  -3  -1   0  -1  -2  -2  -2    0   0   0   0   0  78   0   0   0   0   0  22   0   0   0   0   0   0   0   0  0.64 0.04
   18 G     2  -2  -1  -2  -1  -1  -2   3  -2   0  -1  -1  -1  -2  -2   0   1  -3  -2   1   23   0   0   0   0   0   0  39   0   0   0   0   0   0   0   0  17   0   0  22  0.29 0.01
   19 T     0  -1  -1  -2  -1  -1  -1  -2  -2   0   0  -1   2  -1  -2   2   3  -2  -1   1    0   0   0   0   0   0   0   0   0   0   0   0  17   0   0  22  39   0   0  23  0.21 0.02
   20 E     1  -1   0   4  -2   0   2  -2  -1  -1  -2  -1  -1  -2  -1   0  -1  -3  -2   1   17   0   0  39   0   0  23   0   0   0   0   0   0   0   0   0   0   0   0  22  0.30 0.02
   21 K    -1   2   0  -1  -3   1   1  -2  -1  -3  -3   5  -2  -3  -1   0  -1  -3  -2  -2    0   0   0   0   0   0   0   0   0   0   0 100   0   0   0   0   0   0   0   0  0.62 0.04
   22 I    -2  -3  -3  -3  -2  -3  -3  -4  -3   3   2  -3   1   3  -3  -2  -1  -1   0   2    0   0   0   0   0   0   0   0   0  62  17   0   0  22   0   0   0   0   0   0  0.36 0.02
   23 S     0  -1   0  -1  -2  -1  -1  -1  -1  -2  -2  -1  -1   2   3   3   0  -2   0  -2    0   0   0   0   0   0   0   0   0   0   0   0   0  23  17  60   0   0   0   0  0.36 0.03
   24 I    -1  -3  -3  -3  -1  -3  -3  -4  -3   4   1  -3   1   0  -3  -2  -1  -3  -1   3    0   0   0   0   0   0   0   0   0  77   0   0   0   0   0   0   0   0   0  23  0.43 0.03
   25 P    -1  -2  -2  -2  -3  -1  -1  -2  -2  -3  -3  -1  -3  -4   7  -1  -1  -4  -3  -3    0   0   0   0   0   0   0   0   0   0   0   0   0   0 100   0   0   0   0   0  2.13 0.05
   26 D    -1   3   2   3  -3   1   1  -1  -1  -3  -3   3  -2  -3  -2   0  -1  -3  -2  -3    0  23  16  23   0   0   0   0   0   0   0  38   0   0   0   0   0   0   0   0  0.43 0.02
   27 S     1  -1   0  -1  -1  -1  -1  -1  -1  -1   1  -1   0  -2  -1   4   1  -3  -2  -1    0   0   0   0   0   0   0   0   0   0  23   0   0   0   0  77   0   0   0   0  0.29 0.03
   28 S     0   0   0  -1  -2   0   0  -1  -1  -2  -2   2  -2  -3   4   2   2  -3  -2  -2    0   0   0   0   0   0   0   0   0   0   0  23   0   0  22  39  16   0   0   0  0.44 0.02
   29 R    -1   4  -1  -2  -2   0  -1  -3  -1   0  -1   1  -1   2  -3  -1  -1  -2   0   1    0  55   0   0   0   0   0   0   0   0   0   0   0  22   0   0   0   0   0  23  0.31 0.02
   30 M     1   0  -1  -2  -2   2   0  -2  -1  -1   0   2   4  -1  -2   0  -1  -2  -1   0   23   0   0   0   0  17   0   0   0   0   0  22  39   0   0   0   0   0   0   0  0.18 0.02
   31 I    -1  -3  -3  -3  -1  -3  -3  -4  -3   4   2  -3   1   0  -3  -2  -1  -2  -1   2    0   0   0   0   0   0   0   0   0  77  23   0   0   0   0   0   0   0   0   0  0.42 0.03
   32 N    -2  -1   6   1  -3   0   0  -1   0  -3  -4   0  -2  -3  -2   0   0  -4  -2  -3    0   0 100   0   0   0   0   0   0   0   0   0   0   0   0   0   0   0   0   0  0.86 0.04
   33 A     3   0  -1  -1  -1   0  -1   2  -2  -2  -2   2  -1  -3  -1   0  -1  -3  -2  -1   55   0   0   0   0   0   0  22   0   0   0  23   0   0   0   0   0   0   0   0  0.32 0.02
   34 G     2  -2   0   3  -2  -1   0   1  -2  -1  -2  -1  -2  -3  -1   0  -1  -3  -2   0   39   0   0  38   0   0   0  11   0   0   0   0   0   0   0   0   0   0   0  11  0.29 0.02
   35 S     1  -1   0   0  -1   0   0   0  -1  -3  -3   0  -2  -3  -1   4   1  -3  -2  -2    0   0   0   0   0   0   0   0   0   0   0   0   0   0   0 100   0   0   0   0  0.54 0.04
   36 T    -1  -2  -2  -3  -1  -2  -2  -3  -3   2   3  -2   1   0  -2  -1   2  -2  -1   1    0   0   0   0   0   0   0   0   0  16  61   0   0   0   0   0  23   0   0   0  0.29 0.02
   37 R    -1   3   0  -1  -3   1   0   2  -1  -3  -3   4  -2  -3  -2   0  -1  -3  -2  -3    0  23   0   0   0   0   0  22   0   0   0  55   0   0   0   0   0   0   0   0  0.44 0.02
   38 W    -2  -3  -4  -4  -2  -2  -3  -3  -3   1  -1  -3  -1   0  -4  -3  -2  10   1  -1    0   0   0   0   0   0   0   0   0  23   0   0   0   0   0   0   0  77   0   0  1.78 0.05
   39 L    -2  -2  -3  -4  -1  -2  -3  -4  -3   2   4  -3   2   0  -3  -3  -1  -2  -1   1    0   0   0   0   0   0   0   0   0  22  78   0   0   0   0   0   0   0   0   0  0.45 0.02
   40 N     0  -1   4   2  -2   0   0  -1   0  -3  -3   0  -2  -3  -1   3   0  -3  -2  -2    0   0  39  17   0   0   0   0   0   0   0   0   0   0   0  45   0   0   0   0  0.46 0.02
   41 R    -1   3   0  -1  -3   1   0  -2  -1  -3  -3   4  -1  -3  -1   0  -1  -3  -2  -2    0  23   0   0   0   0   0   0   0   0   0  77   0   0   0   0   0   0   0   0  0.58 0.03
   42 N     1  -2   2  -1  -1  -1  -2  -2  -1   1   2  -1   1  -1  -2   0   0  -2  -2   1   23   0  23   0   0   0   0   0   0   0  38   0   0   0   0   0   0   0   0  16  0.13 0.01
   43 R     0   3   0  -1  -2   0  -1   3  -1  -3  -3   1  -2  -3  -2   1  -1  -3  -2  -3    0  39   0   0   0   0   0  40   0   0   0   0   0   0   0  22   0   0   0   0  0.45 0.02
   44 S     2  -1   0   3  -1   0   0   0  -1  -2  -2  -1  -2  -3  -1   3   1  -3  -2  -2   22   0   0  23   0   0   0   0   0   0   0   0   0   0   0  55   0   0   0   0  0.37 0.02
   45 V     2  -1  -1  -1  -1  -1  -1  -1  -2   0  -1  -1  -1  -2  -1   2   1  -3  -2   1   39   0   0   0   0   0   0   0   0   0   0   0   0   0   0  38   0   0   0  23  0.24 0.02
   46 I    -2  -3  -3  -3  -2  -3  -3  -4  -3   4   1  -3   1   3  -3  -2  -1  -2   0   2    0   0   0   0   0   0   0   0   0  78   0   0   0  22   0   0   0   0   0   0  0.39 0.03
   47 G     2  -2  -1  -1  -2  -1  -1   4  -2  -3  -3  -1  -2  -3  -2   1  -1  -3  -3  -2   23   0   0   0   0   0   0  61   0   0   0   0   0   0   0  16   0   0   0   0  0.62 0.02
   48 N     1   1   3   2  -2   0   0  -1  -1  -3  -3   3  -2  -3  -1   0   0  -3  -2  -2   23   0  23  16   0   0   0   0   0   0   0  38   0   0   0   0   0   0   0   0  0.30 0.02
   49 H    -2   3   0   2  -3   0   0  -2   5  -3  -3   1  -2  -2  -2  -1  -1  -3   0  -3    0  38   0  23   0   0   0   0  39   0   0   0   0   0   0   0   0   0   0   0  0.52 0.03
   50 I    -1  -3  -3  -3  -1  -3  -3  -4  -3   4   2  -3   1   0  -3  -2  -1  -2  -1   2    0   0   0   0   0   0   0   0   0  78  22   0   0   0   0   0   0   0   0   0  0.42 0.03
   51 S     0   1  -1  -2  -1   0  -1  -2  -1   0   0   0   2  -1  -2   1   2  -2  -1   1    0  16   0   0   0   0   0   0   0   0   0   0  22   0   0  23  17   0   0  23  0.13 0.02
   52 T    -1   0   0   4  -2   0   1  -2  -1  -2  -2   2  -2  -3  -1   0   3  -3  -2  -2    0   0   0  38   0   0   0   0   0   0   0  23   0   0   0   0  39   0   0   0  0.38 0.02
   53 S     1  -1   0   0  -1   0   0   0  -1  -3  -3   0  -2  -3  -1   4   1  -3  -2  -2    0   0   0   0   0   0   0   0   0   0   0   0   0   0   0 100   0   0   0   0  0.54 0.04
   54 I    -1  -3  -3  -3  -1  -3  -3  -4  -3   5   1  -3   1   0  -3  -2  -1  -3  -1   2    0   0   0   0   0   0   0   0   0 100   0   0   0   0   0   0   0   0   0   0  0.49 0.04
   55 E    -1   1   0   0  -3   4   3  -2   0  -3  -3   2  -1  -3  -1   0  -1  -3  -2  -2    0   0   0   0   0  38  39   0   0   0   0  23   0   0   0   0   0   0   0   0  0.55 0.02
   56 K     0   1   0  -1  -2   1   0  -1  -1  -3  -3   3  -2  -3  -1   3   0  -3  -2  -2    0   0   0   0   0   0   0   0   0   0   0  55   0   0   0  45   0   0   0   0  0.39 0.03
   57 G     0  -2   2  -1  -3  -1  -2   5  -1  -4  -4  -1  -3  -3  -2   0  -1  -3  -3  -3    0   0  22   0   0   0   0  78   0   0   0   0   0   0   0   0   0   0   0   0  0.84 0.03
   58 K     0   1   0   0  -2   1   2  -1  -1  -3  -3   3  -2  -3  -1   2   0  -3  -2  -2    0   0   0   0   0   0  23   0   0   0   0  39   0   0   0  38   0   0   0   0  0.37 0.02
   59 L    -2  -2  -3  -4  -1  -2  -3  -4  -3   1   4  -3   2   0  -3  -3  -1  -2  -1   1    0   0   0   0   0   0   0   0   0   0 100   0   0   0   0   0   0   0   0   0  0.52 0.03
   60 F    -2  -3  -3  -4  -3  -3  -3  -3  -1   0   0  -3   0   6  -4  -3  -2   1   3  -1    0   0   0   0   0   0   0   0   0   0   0   0   0 100   0   0   0   0   0   0  0.89 0.04
   61 E    -1   1   0   1  -3   3   4  -2   0  -3  -3   2  -2  -3  -1   0  -1  -3  -2  -2    0   0   0   0   0  23  55   0   0   0   0  22   0   0   0   0   0   0   0   0  0.57 0.02
   62 L    -1  -2  -2  -3  -2  -1  -2  -3   4   1   3  -2   1   0  -3  -2  -1  -2   0   1    0   0   0   0   0   0   0   0  23   0  55   0   0   0   0   0   0   0   0  22  0.27 0.02
   63 A     4  -2  -2  -2  -1  -1  -1   0  -2   1  -1  -1   0  -2  -1   0   0  -3  -2   1   77   0   0   0   0   0   0   0   0  23   0   0   0   0   0   0   0   0   0   0  0.30 0.03
   64 S     1  -1   0  -1  -1  -1  -1   2  -1  -3  -3  -1  -2  -3  -1   4   1  -3  -2  -2    0   0   0   0   0   0   0  22   0   0   0   0   0   0   0  78   0   0   0   0  0.46 0.03
   65 L     2  -2  -2  -3  -1  -2  -2  -1  -2   0   3  -2   1  -1  -2   0  -1  -2  -1   0   45   0   0   0   0   0   0   0   0   0  55   0   0   0   0   0   0   0   0   0  0.24 0.02
   66 G     0  -2   0  -1  -2  -1  -2   5  -2  -3  -3  -1  -2  -3  -2   1  -1  -3  -3  -3    0   0   0   0   0   0   0  77   0   0   0   0   0   0   0  23   0   0   0   0  0.80 0.03
   67 D     1  -2   0   4  -2  -1   0  -1  -1  -3  -3  -1  -2  -3   3   1   0  -4  -3  -2   17   0   0  46   0   0   0   0   0   0   0   0   0   0  22  16   0   0   0   0  0.56 0.02
   68 N    -2  -1   5   1  -2  -1  -1  -1   0  -1   0  -1  -1  -2  -2   0   0  -3  -2  -2    0   0  77   0   0   0   0   0   0   0  23   0   0   0   0   0   0   0   0   0  0.48 0.03
   69 M     1  -2  -2  -3  -1  -1  -2  -2  -2   1   1  -1   5  -1  -2  -1   1  -2  -1   1   18   0   0   0   0   0   0   0   0  13   0   0  53   0   0   0  16   0   0   0  0.26 0.05
   70 F    -2  -3  -3  -4  -3  -3  -3  -3  -1  -1   0  -3   0   6  -4  -3  -2   1   4  -1    0   0   0   0   0   0   0   0   0   0   0   0   0  82   0   0   0   0  18   0  0.89 0.06
   71 G     0  -2   0   2  -3  -2  -1   5  -2  -4  -4  -2  -3  -3  -2  -1  -2  -3  -3  -3    0   0   0  18   0   0   0  82   0   0   0   0   0   0   0   0   0   0   0   0  0.93 0.05
   72 V     0  -2  -2  -3  -1  -2  -2  -2  -3   2   1  -2   2  -1  -2  -1   1  -3  -1   3    9   0   0   0   0   0   0   0   0  13   0   0  16   0   0   0  18   0   0  44  0.23 0.03
   73 P    -1  -2  -1  -2  -3  -1  -1  -2   5  -3  -3  -1  -2  -3   6  -1  -2  -3  -1  -3    0   0   0   0   0   0   0   0  34   0   0   0   0   0  66   0   0   0   0   0  1.40 0.06
   74 A     3  -2  -2  -2  -1  -1  -1  -1  -2  -2  -2  -1  -2  -3   5   0  -1  -3  -2  -1   66   0   0   0   0   0   0   0   0   0   0   0   0   0  34   0   0   0   0   0  0.71 0.05
   75 I    -2  -3  -3  -3  -2  -3  -3  -4  -3   3   2  -3   1   3  -3  -3  -1  -1   1   1    0   0   0   0   0   0   0   0   0  53  18   0   0  29   0   0   0   0   0   0  0.39 0.04
   76 A     1  -1  -1  -1  -1  -1  -1  -1  -2  -1   0  -1  -1  -2   3   2   2  -3  -2  -1   14   0   0   0   0   0   0   0   0   0  12   0   0   0  18  27  29   0   0   0  0.33 0.03
   77 V     0  -1   0   2  -2   0   3   2  -1  -1  -2   0  -2  -3  -2   0  -1  -3  -2   0   10   0   0  20   0   0  38  18   0   0   0   0   0   0   0   0   0   0   0  14  0.30 0.03
   78 R    -1   5   2  -1  -3   0  -1   1   0  -3  -3   1  -2  -3  -2  -1  -1  -3  -2  -3    0  72  16   0   0   0   0  12   0   0   0   0   0   0   0   0   0   0   0   0  0.61 0.05
   79 N    -1   0   3   2  -3  -1  -1   3  -1  -3  -3  -1  -3  -3   2   0  -1  -3  -3  -3    0   8  24  18   0   0   0  41   0   0   0   0   0   0  10   0   0   0   0   0  0.49 0.03
   80 S     0  -1   0   0  -2   2   2  -1  -1  -3  -3   0  -2  -3  -1   4   1  -3  -2  -2    0   0   0   0   0  16  13   0   0   0   0   0   0   0   0  71   0   0   0   0  0.44 0.05
   81 T     1  -1   0   3  -2  -1   0  -1  -2  -2  -2  -1  -2  -3  -1   1   3  -3  -2  -1   13   0   0  34   0   0   0   0   0   0   0   0   0   0   0   0  53   0   0   0  0.41 0.04
   82 Y    -2  -1  -1  -2  -3  -1  -1  -3   6  -1   1  -2   0   3  -3  -2  -2   0   4  -1    0   0   0   0   0   0   0   0  42   0  18   0   0  16   0   0   0   0  24   0  0.50 0.04
   83 R    -2   3   0  -1  -3   2   0  -2   6  -3  -3   2  -2  -2  -2  -1  -1  -3   0  -3    0  27   0   0   0  10   0   0  46   0   0  18   0   0   0   0   0   0   0   0  0.58 0.05
   84 P    -1  -2  -2  -2  -3  -2  -1  -2  -2  -3  -3  -1  -3  -4   8  -1  -1  -4  -3  -3    0   0   0   0   0   0   0   0   0   0   0   0   0   0 100   0   0   0   0   0  2.20 0.08
   85 V    -1  -2  -2  -3  -1   1  -1  -3  -2   3   0  -2   0  -1  -2  -2   0  -3  -1   4    0   0   0   0   0  16   0   0   0  18   0   0   0   0   0   0   0   0   0  66  0.30 0.04
   86 L    -1  -2  -3  -4  -1  -2  -3  -4  -3   2   3  -3   1   0  -3  -2  -1  -2  -1   2    0   0   0   0   0   0   0   0   0   0  71   0   0   0   0   0   0   0   0  29  0.43 0.04
   87 R     0   3   4   0  -3   2   0   1   0  -3  -3   1  -2  -3  -2   0  -1  -3  -2  -2   10  26  38   0   0  18   0   8   0   0   0   0   0   0   0   0   0   0   0   0  0.38 0.03
   88 F    -3  -3  -3  -4  -3  -3  -4  -3  -2   0   0  -3   0   7  -4  -3  -2   1   3  -1    0   0   0   0   0   0   0   0   0   0   0   0   0 100   0   0   0   0   0   0  1.00 0.07
   89 E    -1   0  -1   1  -3   2   4  -2  -1  -1  -2   0  -1  -3  -2  -1  -1  -3  -2   0    0   0   0   0   0  13  71   0   0   0   0   0   0   0   0   0   0   0   0  16  0.54 0.05
   90 P     0   0  -1  -1  -3   2   0  -2  -1  -3  -3   1  -2  -3   6  -1  -1  -3  -2  -2   10   0   0   0   0  16   0   0   0   0   0  18   0   0  56   0   0   0   0   0  1.03 0.05
   91 D    -1  -1   1   5  -2  -1   1   2  -1  -3  -3  -1  -2  -3  -1   0  -1  -3  -2  -2    1   1   1  59   0   1   1  26   0   1   2   1   0   1   1   1   1   0   1   1  0.55 0.03
   92 H    -1  -1   0  -1  -3   2   0  -2   6  -3  -3  -1  -2  -2   5  -1  -2  -3   0  -3    0   0   0   0   0  18   0   0  48   0   0   0   0   0  34   0   0   0   0   0  0.87 0.06
   93 N    -1  -1   5   3  -3  -1   0   2   0  -3  -4  -1  -3  -3  -2   0  -1  -4  -3  -3    0   0  58  24   0   0   0  18   0   0   0   0   0   0   0   0   0   0   0   0  0.63 0.05
   94 Q    -1   0   3   0  -3   4   2  -2   4  -3  -3   0  -1  -3  -2   0  -1  -3  -1  -3    0   0  21   0   0  43  18   0  18   0   0   0   0   0   0   0   0   0   0   0  0.51 0.04
   95 D    -1  -2   1   5  -3   0   2   2  -1  -3  -4  -1  -3  -4  -2   0  -1  -4  -3  -3    0   0   0  71   0   0  12  18   0   0   0   0   0   0   0   0   0   0   0   0  0.76 0.05
   96 L    -1  -2  -3  -4  -1  -2  -3  -4  -3   2   4  -3   2   0  -3  -2  -1  -2  -1   2    0   0   0   0   0   0   0   0   0   0  82   0   0   0   0   0   0   0   0  18  0.47 0.04
   97 N    -2  -1   6   1  -3   0  -1  -1   0  -4  -4  -1  -2  -3  -2   0   0  -4  -2  -3    0   0 100   0   0   0   0   0   0   0   0   0   0   0   0   0   0   0   0   0  0.96 0.08
   98 L    -2  -2  -4  -4  -2  -2  -3  -4  -3   1   4  -3   2   0  -3  -3  -1  -2  -1   1    0   0   0   0   0   0   0   0   0   0 100   0   0   0   0   0   0   0   0   0  0.58 0.05
   99 V     3  -2  -2  -2  -1  -1  -1  -1  -2   0  -1  -1  -1  -2  -1   1   0  -3  -2   2   58   0   0   0   0   0   0   0   0   0   0   0   0   0   0   9   0   0   0  32  0.27 0.04
  100 E     0   2   0   0  -2   0   1   2  -1  -3  -3   1  -2  -3  -1   2   0  -3  -2  -2    0  18   0   0   0   0  14  18   0   0   0   9   0   0   0  41   0   0   0   0  0.31 0.03
  101 V    -1  -3  -3  -3  -1  -3  -3  -3  -3   3   1  -3   1  -1  -3  -2   0  -3  -1   4    0   0   0   0   0   0   0   0   0  27   0   0   0   0   0   0   0   0   0  73  0.44 0.05
  102 S    -1  -1   2   1  -2  -1  -1  -2   2  -2  -2  -1  -1   2  -2   1  -1   0   4  -2    0   0  16  13   0   0   0   0   8   0   0   0   0  12   0  14   0   0  37   0  0.35 0.03
  103 M    -1  -2  -3  -3  -2  -1  -2  -3  -2   1   1  -2   6   0  -3  -2  -1  -2  -1   2    0   0   0   0   0   0   0   0   0   0   0   0  84   0   0   0   0   0   0  16  0.55 0.08
  104 Q    -1   1  -1  -1  -3   5   1  -2   0  -2   0   2   0  -3  -2  -1  -1  -2  -2  -2    0   0   0   0   0  72   0   0   0   0  12  16   0   0   0   0   0   0   0   0  0.54 0.06
  105 D    -1  -2   2   4  -3  -1   0  -1  -1   0  -2  -1  -2  -3  -2   1  -1  -4  -3  -1    0   0  18  53   0   0   0   0   0  16   0   0   0   0   0  13   0   0   0   0  0.45 0.04
  106 S     0  -1   3   0  -2  -1  -1  -1  -1  -3  -3  -1  -2  -3   4   3   0  -3  -2  -2    0   0  26   0   0   0   0   0   0   0   0   0   0   0  30  44   0   0   0   0  0.64 0.04
  107 A     3  -1   3  -1  -1  -1  -1   2  -1  -2  -2  -1  -2  -3  -1   1   0  -3  -2  -1   45   0  29   0   0   0   0  18   0   0   0   0   0   0   0   8   0   0   0   0  0.35 0.03
  108 G     0  -2  -1  -1  -3  -1   1   5  -2  -4  -4  -1  -3  -3  -2   0  -2  -3  -3  -3    0   0   0   0   0   0  18  82   0   0   0   0   0   0   0   0   0   0   0   0  0.89 0.05
  109 K    -1   1  -1  -1  -3   1   0  -2  -1  -3  -3   5  -2  -3   3  -1  -1  -3  -2  -3    0   0   0   0   0   0   0   0   0   0   0  84   0   0  16   0   0   0   0   0  0.64 0.06
  110 L    -1  -2  -3  -3  -2  -2  -2  -3  -1   0   3  -2   1   0   4  -2  -1  -1   2   0    0   0   0   0   0   0   0   0   0   0  54   0   0   0  29   0   0   0  16   0  0.51 0.04
  111 N    -1   0   4   0  -3   4   1  -1   0  -3  -3   0  -1  -3  -2   0   1  -3  -2  -2    0   0  44   0   0  47   0   0   0   0   0   0   0   0   0   0  10   0   0   0  0.54 0.05
  112 P    -1   1  -1  -2  -3   2  -1  -2   2  -3  -3   0  -2  -3   6  -1  -1  -3  -2  -3    0  11   0   0   0  14   0   0  10   0   0   0   0   0  64   0   0   0   0   0  1.24 0.08
  113 W    -3  -3  -4  -5  -3  -3  -3  -3  -3  -3  -2  -4  -2   0  -4  -3  -3  11   1  -3    0   0   0   0   0   0   0   0   0   0   0   0   0   0   0   0   0 100   0   0  2.92 0.16
  114 Q     1   0   2   2  -2   2   1   1  -1  -3  -3   1  -2  -3  -1   0  -1  -3  -2  -2   26   0  13  17   0  13   7  14   0   0   0  10   0   0   0   0   0   0   0   0  0.27 0.03
  115 P     1  -2  -1  -2  -2  -1  -1  -2  -2  -3  -3  -1  -2  -3   6   2  -1  -4  -3  -2   14   0   0   0   0   0   0   0   0   0   0   0   0   0  64  22   0   0   0   0  1.24 0.08
  116 S     2  -1   0  -1  -1  -1  -1  -1  -2  -2  -2  -1  -1  -2  -1   3   3  -3  -2  -1   25   0   0   0   0   0   0   0   0   0   0   0   0   0   0  45  30   0   0   0  0.40 0.06
  117 P    -1  -2  -2  -1  -2  -1  -1  -2  -2  -3  -3  -1  -2  -3   7   1  -1  -3  -3  -2    1   1   0   1   0   0   1   1   0   1   1   1   0   0  77  14   1   0   0   1  1.51 0.08
  118 D     0  -1   1   3  -2   1   0   1  -1  -3  -3  -1  -2  -3   2   0   1  -3  -2  -2    8   0   8  34   0  13   0  11   0   0   0   0   0   0  10   0  14   0   0   0  0.36 0.04
  119 E     2  -1   1  -1  -1   0   1   1  -1  -2  -2  -1  -2  -3  -1   2   1  -3  -2  -1   37   0  10   0   0   0  13  11   0   0   0   0   0   0   0  14  13   0   0   0  0.26 0.03
  120 M     2  -2  -2  -2  -1  -2  -2   2  -2   0   1  -2   2  -1  -2  -1  -1  -2  -2   1   24   0   0   0   0   0   0  25   0   0  14   0  13   0   0   0   0   0   0  23  0.19 0.03
  121 A     3  -2  -1  -2   4  -1  -1  -1   3  -2  -2  -1  -1  -2  -1   1   2  -3  -1  -1   50   0   0   0  14   0   0   0  14   0   0   0   0   0   0   0  22   0   0   0  0.33 0.05
  122 P     0  -2  -1  -2  -2  -1  -1  -2  -2  -1   0  -1  -1  -2   5   0   3  -3  -2  -1   10   0   0   0   0   0   0   0   0   0  14   0   0   0  39   0  37   0   0   0  0.65 0.06
  123 P     1  -2  -1   1  -2  -1  -1  -1  -2   0  -1  -1  -1  -2   4   1   1  -3  -2   0   24   0   0  11   0   0   0   0   0  14   0   0   0   0  26   8  15   0   0   0  0.38 0.04
  124 S     0  -2  -1  -1  -2  -1  -1  -1  -2  -3  -3  -1  -2  -3   6   3   0  -4  -3  -2    0   0   0   0   0   0   0   0   0   0   0   0   0   0  52  48   0   0   0   0  1.06 0.08
  125 P     0   0   1  -1  -2  -1  -1  -2  -2  -3  -3  -1  -2  -3   6   2   0  -4  -3  -2    0   7   8   0   0   0   0   0   0   0   0   0   0   0  52  33   0   0   0   0  0.96 0.07
  126 A     1  -2  -2  -2  -2  -1  -1  -2  -2  -3  -3  -1  -2  -4   7   1  -1  -4  -3  -2   13   0   0   0   0   0   0   0   0   0   0   0   0   0  74  13   0   0   0   0  1.47 0.08
  127 S     1  -1   0  -1  -2   2   0  -1  -1  -3  -3   0  -2  -3   4   3   0  -3  -2  -2   11   0   0   0   0  14   0   0   0   0   0   0   0   0  24  51   0   0   0   0  0.53 0.06
  128 L     0  -1  -1  -1  -2   1   1  -2  -1  -1   1  -1   0  -1  -1   1   0   4  -1  -1    1   1   1   1   0   9  16   1   0   1  29   1   0   1   1  26   1  11   0   1  0.18 0.03
  129 P     0  -2  -1  -1  -2  -1  -1  -1  -2  -2  -2  -1  -2  -3   6   1   1  -3  -2  -2    1   1   1   1   0   1   1   1   0   1   1   1   0   1  55  20  14   0   0   1  0.96 0.05
  130 D     0  -1   2   4  -2   0   0  -1  -1  -2  -2  -1  -2  -2  -1   2   1  -3  -2  -2    1   1   9  40   0   1   1   1   0   1   1   1   0   1   1  26  14   0   0   1  0.39 0.04
  131 A     3  -2  -2  -2  -1  -1  -1   2  -2  -2  -1  -1   1  -2   4   0  -1  -3  -2  -1   50   0   0   0   0   0   0  14   0   0   0   0  10   0  25   0   0   0   0   0  0.48 0.05
  132 Q    -1   0  -1  -1  -3   6   1  -2   0  -3  -3   1  -1  -4   3  -1  -1  -3  -2  -3    0   0   0   0   0  86   0   0   0   0   0   0   0   0  14   0   0   0   0   0  0.86 0.11
  133 A     2  -2  -1  -1  -2  -1  -1   3  -2  -2  -3  -1  -2  -3   2   2   1  -3  -2  -2   20   0   0   0   0   0   0  28   0   0   0   0   0   0  14  28  10   0   0   0  0.41 0.04
  134 S     1  -1   3   1  -2  -1  -1   2  -1  -3  -3  -1  -2  -3  -2   2   0  -3  -2  -2   14   0  30   8   0   0   0  20   0   0   0   0   0   0   0  27   0   0   0   0  0.38 0.04
  135 S     3  -1  -1  -1  -1  -1  -1   0  -2  -2  -2  -1  -1  -3  -1   3   1  -3  -2  -1   50   0   0   0   0   0   0   0   0   0   0   0   0   0   0  42   8   0   0   0  0.41 0.06
  136 A     3  -2  -1   1  -1  -1  -1  -1  -2  -2  -2  -1  -2  -3   3   1   0  -3  -2  -1   61   0   0  13   0   0   0   0   0   0   0   0   0   0  14  11   0   0   0   0  0.41 0.05
  137 S     1   1   0  -1  -2   0  -1  -1  -1  -2  -2   0  -2  -3   4   2   1  -3  -2  -2    8  14   0   0   0   0   0   0   0   0   0   0   0   0  26  39  13   0   0   0  0.50 0.05
  138 S     0  -1   0   0  -2   0   1  -1  -1  -3  -3   0  -2  -3   4   3   0  -3  -2  -2    0   0   0   0   0   0  14   0   0   0   0   0   0   0  25  60   0   0   0   0  0.61 0.07
  139 S     0  -1   0  -1  -2   1   0   1  -1  -2   0  -1  -1  -2  -1   3   2  -3  -2  -1    0   0   0   0   0  13   0  14   0   0  11   0   0   0   0  47  14   0   0   0  0.26 0.05
  140 L    -2  -2  -4  -4  -2  -2  -3  -4  -3   1   4  -3   2   0  -3  -3  -2  -2  -1   0    0   0   0   0   0   0   0   0   0   0 100   0   0   0   0   0   0   0   0   0  0.63 0.08
  141 P    -1  -3  -2  -2  -3  -2  -2  -3  -3  -3  -3  -1  -3  -4   8  -1  -2  -4  -3  -3    0   0   0   0   0   0   0   0   0   0   0   0   0   0 100   0   0   0   0   0  2.26 0.12
  142 R    -1   3  -1  -1  -3   4   0  -2   3  -3  -3   1  -1  -3   2  -1  -1  -3  -1  -3    0  33   0   0   0  40   0   0  13   0   0   0   0   0  14   0   0   0   0   0  0.57 0.06
  143 M    -2   6  -1  -2  -3   0  -1  -3  -1  -2  -2   1   2  -3  -3  -1  -1  -3  -2  -2    0  87   0   0   0   0   0   0   0   0   0   0  13   0   0   0   0   0   0   0  0.81 0.09
  144 P    -1  -3  -2  -2  -3  -2  -2  -3  -3  -3  -3  -1  -3  -4   8  -1  -2  -4  -3  -3    0   0   0   0   0   0   0   0   0   0   0   0   0   0 100   0   0   0   0   0  2.26 0.12
  145 P    -1  -3  -2  -2  -3  -2  -2   1  -3  -3  -3  -1  -3  -4   7  -1  -2  -4  -3  -3    0   0   0   0   0   0   0  11   0   0   0   0   0   0  89   0   0   0   0   0  1.90 0.10
  146 A     3  -2  -2  -2  -1  -2  -2  -1  -2   0  -1  -1  -1  -2   2   0   0  -3  -2   2   50   0   0   0   0   0   0   0   0   0   0   0   0   0  13   0   0   0   0  37  0.33 0.05
  147 G     0  -2   0  -1  -2  -2  -2   5  -2  -4  -4  -1  -3  -3  -2   2  -1  -3  -3  -3    0   0   0   0   0   0   0  77   0   0   0   0   0   0   0  23   0   0   0   0  0.88 0.07
  148 A     2  -2  -1  -2  -1  -1  -1  -1  -2   1   1  -1   0  -1  -1   2   0  -3  -2   0   41   0   0   0   0   0   0   0   0  14  19   0   0   0   0  27   0   0   0   0  0.20 0.04
  149 T     0  -2  -1  -2  -2  -1  -2   3  -2  -1  -1  -1   1  -2  -2   1   2  -3  -2   0    0   0   0   0   0   0   0  38   0   0   0   0   8   0   0  14  24   0   0  15  0.30 0.04
  150 L    -2  -2  -4  -4  -1  -2  -3  -4  -3   1   4  -3   2   0  -3  -3  -1  -2  -1   2    0   0   0   0   0   0   0   0   0   0  86   0   0   0   0   0   0   0   0  14  0.53 0.06
  151 S     0  -1   2   0  -1  -1  -1  -1  -1  -2  -2  -1  -2  -3  -1   4   3  -3  -2  -2    0   0  13   0   0   0   0   0   0   0   0   0   0   0   0  61  25   0   0   0  0.46 0.07
  152 S     0  -1   0  -1  -1  -1  -1  -1  -2  -1   1  -1   0  -2  -2   4   1  -3  -2  -1    0   0   0   0   0   0   0   0   0   0  26   0   0   0   0  74   0   0   0   0  0.35 0.07
  153 L    -1  -2  -3  -3  -1  -2  -3  -3  -3   3   2  -2   3   0  -3  -2  -1  -2  -1   2    0   0   0   0   0   0   0   0   0  25  28   0  25   0   0   0   0   0   0  22  0.36 0.04
  154 G     0  -3  -1  -2  -3  -2  -3   5  -2  -3  -3  -2  -2   1  -3  -1  -2  -2  -1  -3    0   0   0   0   0   0   0  87   0   0   0   0   0  13   0   0   0   0   0   0  0.96 0.08
  155 T    -1  -2  -2  -2  -1   1  -1  -3  -2   2   1  -2   1   2  -2  -1   1  -2   0   2    0   0   0   0   0  13   0   0   0  15  14   0   0  14   0   0  13   0   0  30  0.17 0.03
  156 A     3   1  -1  -1  -2  -1   0   3  -2  -2  -2   0  -2  -3  -2   0  -1  -3  -2  -1   51  13   0   0   0   0   7  28   0   0   0   0   0   0   0   0   0   0   0   0  0.37 0.05
  157 L    -1  -2  -3  -3  -1  -2  -3  -3  -3   1   4  -2   1   0  -3  -2   1  -2  -1   0    0   0   0   0   0   0   0   0   0   0  86   0   0   0   0   0  14   0   0   0  0.47 0.07
  158 N     0  -1   3   1  -2  -1  -1   3  -1  -3  -3  -1  -2  -3  -2   2   0  -3  -2  -3    0   0  30   8   0   0   0  25   0   0   0   0   0   0   0  36   0   0   0   0  0.45 0.05
  159 Q    -1   0   4   0  -3   4   0   1   2  -3  -3   0  -2  -3  -2   0  -1  -3  -2  -3    0   0  36   0   0  41   0  14   8   0   0   0   0   0   0   0   0   0   0   0  0.50 0.07
  160 A     2  -1  -1  -2  -1   1  -1  -1   3  -1   1  -1   0  -1  -2   0   0  -2  -1  -1   40   0   0   0   0  13   0   0  14   0  25   0   0   0   0   0   8   0   0   0  0.16 0.04
  161 Q    -1   0  -1  -1  -3   5   1  -2   0  -3  -2   0  -1  -2  -2  -1  -1   5  -1  -2    1   1   1   1   0  75   1   1   0   1   1   1   0   0   1   1   1  15   0   1  0.72 0.08
  162 R     1   3  -1  -1  -2   0   0  -2  -1  -2  -2   2  -2  -3   4   0  -1  -3  -2  -2   15  37   1   1   0   0   1   1   0   1   1  11   0   0  28   1   1   0   0   1  0.54 0.04
  163 H     1  -1   0   1  -2  -1  -1  -2   5  -2  -2  -1  -1   2  -2   1   1  -2   1  -2   14   0   0   8   0   0   0   0  40   0   0   0   0  14   0  13  10   0   0   0  0.33 0.05
  164 S     0   2   0  -1  -2   3   0  -1  -1  -2  -2   0  -1  -2  -1   3   0  -2  -2  -2    1  15   1   1   0  23   1   1   0   1   1   1   0   1   1  51   1   0   0   1  0.33 0.05
  165 A     1  -1  -1  -1  -2   1   0   1  -1  -1  -2  -1  -1  -2   4   0   0  -2  -2   0   14   1   1   1   0  14   1  11   0   1   1   1   0   1  30   9   1   0   0  12  0.41 0.03
  166 R    -1   3  -1  -1  -2   0   0  -1  -1  -2  -2   2  -1  -2   4   0  -1  -2  -2  -2    2  29   1   1   0   1   2   2   1   1   2  26   1   1  24   2   1   0   1   2  0.45 0.03
  167 V     1  -1  -1  -2  -1  -1  -1  -1  -2   1   0  -1   0  -1  -1   0   3  -2  -1   2   23   1   1   1   0   1   1   1   0  12   1   1   0   1   1   1  34   0   0  21  0.17 0.03
  168 D    -1   1   2   4  -2   0   1  -1  -1  -3  -3   0  -2  -3  -1   1   0  -3  -2  -2    1  14  12  47   0   1   1   1   0   1   1   1   0   1   1  15   1   0   0   1  0.44 0.04
  169 K     0   2   0  -1  -2   0   0  -1  -1  -2  -2   3  -1  -2   3   1   1  -2  -2  -2    1  17   1   1   0   1   1   1   0   1   1  31   0   1  15  12  14   0   0   1  0.33 0.03
  170 S     1   0   0  -1  -1   3   0  -1  -1  -2  -2   0  -1  -2   2   2   0  -2  -2  -1   16   1   1   1   0  25   1   1   0   1   1   1   0   1  11  37   1   0   0   1  0.31 0.04
  171 V     1  -1  -1  -1  -1   1  -1  -1  -1   1   0  -1   2  -1  -1   1   0  -2  -1   2    9   1   1   1   0  15   1   1   0   8   1   1  14   1   1  20   1   0   0  25  0.10 0.03
  172 A     1   0  -1  -1  -2   0   0   1   2  -2  -2   1  -2  -2   3   1  -1  -2  -1  -2   14   1   1   1   0   1   1  15  12   1   1  17   0   1  21  11   1   0   0   1  0.32 0.02
  173 R     1   2  -1  -1  -2   0  -1   2  -1  -1  -2   1  -1  -2   2   0  -1  -2  -2   0   16  20   1   1   0   1   1  21   0   1   1   9   0   1  14   1   1   0   0  11  0.22 0.02
  174 S    -1   2  -1  -1  -2   2   0  -2  -1  -1  -1   0   1   3  -2   0  -1  -1   0  -1    1  24   1   1   0  14   1   1   0   1   1   1  12  25   1  14   1   0   0   1  0.17 0.03
  175 S    -1  -2  -1  -1  -2  -1  -1  -2  -2  -2  -2  -1  -2  -3   7   1  -1  -3  -2  -2    1   1   1   1   0   1   1   1   0   1   1   1   0   1  74  14   1   0   0   1  1.42 0.07
  176 G     1  -1   1  -1  -2  -1  -1   4   3  -2  -2  -1  -2  -2  -1   0  -1  -2  -1  -2   18   1  11   1   0   1   1  43  17   1   1   1   0   1   1   1   1   0   0   1  0.38 0.03
  177 Q    -1   3   0  -1  -2   2   0  -1   3  -2  -2   1  -1  -2  -1   1   0  -1   0  -2    2  28   1   2   1  16   2   2  17   2   3   2   1   1   2  13   2   0   1   2  0.23 0.02
  178 D     0   1   0   2  -2   1   2  -1   0  -2  -2   0  -1  -2  -1   1   0  -2  -1  -2    2  12   1  16   1   1  28   2   1   2   3   2   1   1   2  19   2   0   1   2  0.23 0.02
  179 E    -1   0   0   2  -2   1   4  -1   0  -2  -2   0  -1  -2  -1   0  -1  -2  -1  -2    2   2   1  10   1   1  62   2   1   2   3   2   1   1   2   2   2   0   1   2  0.43 0.03
  180 R    -1   3   0   0  -2   1   1  -1   3  -2  -1   1  -1  -1  -1   0  -1  -1   0  -1    3  33   2   2   1   2  13   3  17   2   4   2   1   2   2   3   2   1   1   3  0.22 0.02
  181 N    -1  -1   4   0  -2   0  -1  -1   1  -2  -2   0  -1   0  -1   0   0   0   3  -2    2   2  49   2   1   1   2   2   1   2   3   2   1   1   2   2   2   0  22   2  0.31 0.03
  182 G     0   1   0   0  -2   1   2   2  -1  -2  -2   2  -1  -2  -1   0  -1  -2  -1  -2    2  10   1   2   1   1  23  25   1   2   3  18   1   1   2   2   2   0   1   2  0.21 0.01
  183 A     3  -1  -1  -1  -1  -1  -1   2  -1  -1  -1  -1  -1  -2  -1   1   0  -2  -1  -1   54   2   1   2   1   1   2  19   1   2   3   2   1   1   2   2   2   0   1   2  0.24 0.02
  184 R    -1   4   0  -1  -2   1   0  -1   0  -2  -2   3  -1  -2  -1   0  -1  -2  -1  -2    2  42   1   2   1   1   2   2   1   2   3  29   1   1   2   2   2   0   1   2  0.35 0.03
  185 I    -1  -2  -2  -2  -1  -1  -2  -2  -2   3   1  -2   1   1  -1  -1   0  -1   0   2    2   2   1   2   1   1   2   2   1  45   3   2   1  10   2   2   2   0   1  19  0.14 0.02
  186 N    -1   0   4   1  -2   0   2  -1   0  -2  -2   0  -1  -2  -1   0   0  -2  -1  -2    2   2  53   2   1   1  19   2   1   2   3   2   1   1   2   2   2   0   1   2  0.37 0.03
  187 A     3  -1  -1  -1  -1  -1  -1   0  -2  -1  -2  -1  -1  -2   3   1   0  -2  -2  -1   69   1   1   1   0   1   1   1   0   1   1   1   0   1  17   1   1   0   0   1  0.42 0.04
  188 K     1   2  -1  -1  -3   1   0   1  -1  -3  -3   4  -2  -3  -1   0  -1  -3  -2  -2   17  11   0   0   0   0   0  10   0   0   0  63   0   0   0   0   0   0   0   0  0.41 0.05
  189 Q     1   0   2   2  -2   4   1  -1   0  -3  -2   0  -1  -3  -2   0   1  -3  -2  -2   17   0  15  16   0  42   0   0   0   0   0   0   0   0   0   0  10   0   0   0  0.37 0.05
  190 S     2  -1   0  -1  -1  -1  -1  -1  -2  -1  -2  -1  -1  -2  -1   2   3  -3  -2  -1   32   0   0   0   0   0   0   0   0   0   0   0   0   0   0  24  44   0   0   0  0.38 0.05
  191 K     1   3  -1  -1  -2   1   0  -2  -1  -2  -2   3  -1  -3  -2   0  -1  -3  -2   0   16  26   0   0   0   0   0   0   0   0   0  47   0   0   0   0   0   0   0  10  0.36 0.05
  192 P    -1  -3  -2  -2  -3  -2  -2  -3  -3  -3  -3  -1  -3  -4   8  -1  -1  -4  -3  -3    0   0   0   0   0   0   0   0   0   0   0   0   0   0 100   0   0   0   0   0  2.24 0.11
  193 I     0  -1  -1  -1  -1  -1  -1  -1   3   1  -1  -1  -1  -2   3   0   2  -2  -1   0   12   1   1   1   0   1   1   1  17  15   1   1   0   1  17   1  27   0   0   1  0.23 0.03
  194 A     4  -1  -1  -1  -1  -1   1   0  -1  -2  -2  -1  -1  -3  -1   2   0  -3  -2  -1   65   0   0   0   0   0   8   0   0   0   0   0   0   0   0  26   0   0   0   0  0.40 0.05
  195 T     1   2   0  -1  -2   0  -1   2  -1  -2  -2   1  -1  -3  -1   2   1  -3  -2  -2   16  15   0   0   0   0   0  17   0   0   0  10   0   0   0  27  15   0   0   0  0.26 0.03
  196 K     0   2  -1   0  -3   1   3  -2  -1  -3  -2   2  -2  -3  -1   0   1  -3  -2  -2   10  17   0   0   0   0  40   0   0   0   0  22   0   0   0   0  11   0   0   0  0.39 0.04
  197 D     3  -1   2   1  -1  -1  -1  -1  -1  -1  -2   0  -1  -3  -1   0   0  -3  -2   0   51   0  15  12   0   0   0   0   0   0   0   9   0   0   0   0   0   0   0  13  0.23 0.06
  198 C    -1  -2   2  -2   3  -2  -2  -2   0   0   1  -2   0   0  -3  -1  -1  -1   4   1    0   0  22   0  12   0   0   0   0   0  16   0   0   0   0   0   0   0  26  24  0.24 0.06
  199 D    -1   2   0   2  -3   2   2   2  -1  -3  -2   0  -2  -3  -1   0  -1  -2  -2  -2    1  15   1  13   0  16  23  22   0   1   1   1   0   1   1   1   1   0   0   1  0.31 0.04
  200 D     1  -2   0   2  -2  -1   0   2  -2   0  -1  -1  -1  -2  -1   0  -1  -2  -2   1   14   1   1  19   0   1   8  25   0   9   1   1   0   1   1   1   1   0   0  15  0.16 0.02
  201 P    -1   1  -1  -2  -3   0  -1  -2   6  -1  -2  -1  -1  -1   2   0  -1  -2   2   0    0  13   0   0   0   0   0   0  42   0   0   0   0   0  12   8   0   0   9  16  0.43 0.08
  202 Q    -1   2   2  -1  -3   3   0  -2   3  -3  -3   0  -2  -3   2   0  -1  -3  -1  -3    0  15  16   0   0  33   0   0  13   0   0   0   0   0  14   9   0   0   0   0  0.45 0.07
  203 T    -1  -1   1   2  -2  -1  -1  -2  -2  -2  -2  -1  -1  -3  -2   2   4  -3  -2  -1    0   0   9  15   0   0   0   0   0   0   0   0   0   0   0  13  63   0   0   0  0.47 0.09
  204 T    -1  -2   2  -1  -2  -1  -1  -2  -2   0   0  -1  -1  -2   4   1   1  -3  -2   1    0   0  17   0   0   0   0   0   0   0  15   0   0   0  27  13  12   0   0  16  0.36 0.05
  205 H     0  -1   4   0  -3   0   1  -1   5  -3  -3  -1  -2  -3  -2   0  -1  -3  -1  -3   12   0  39   0   0   0  14   0  34   0   0   0   0   0   0   0   0   0   0   0  0.56 0.09
  206 S     0  -2  -1  -1  -2  -1  -1  -1  -2  -3  -3  -1  -2  -3   5   4   0  -4  -3  -2    0   0   0   0   0   0   0   0   0   0   0   0   0   0  41  59   0   0   0   0  0.92 0.11
  207 D    -2  -1   5   5  -3  -1   0  -1  -1  -4  -4  -1  -3  -4  -2   0  -1  -4  -3  -3    0   0  49  51   0   0   0   0   0   0   0   0   0   0   0   0   0   0   0   0  0.89 0.11
  208 L     0  -2  -2  -3  -1  -2  -2  -2  -2   0   3  -2   2   0  -2  -1  -1   5  -1   0   13   1   1   1   0   1   1   1   0   1  53   1   5   0   1   6   1  14   0   1  0.32 0.06
  209 D    -1  -1   2   3  -2   0   1   1   2  -2  -2  -1  -2  -2  -1   0   1  -3  -1  -2    1   1  15  20   0   1  14  14  10   1   1   1   0   0   1   1  18   0   0   1  0.27 0.04
  210 R    -1   3  -1  -2  -2   1   0  -2  -1   0   1   2   0  -1  -2  -1   0  -2  -1   0    1  26   1   1   0  10   1   1   0   1  27  14   0   0   1   1   8   0   0   8  0.16 0.04
  211 Q    -1   0  -1   0  -3   4   3  -2   0  -3  -2   0  -1  -3   3  -1  -1  -2  -2  -2    1   1   1   1   0  45  24   1   0   1   1   1   0   0  21   1   1   0   0   1  0.62 0.08
  212 Q    -1   1  -1  -1  -3   2   0  -2  -1  -2   0   4  -1  -2  -1  -1  -1  -2  -2  -2    1   1   1   1   0  11   1   1   0   1  15  65   0   0   1   1   1   0   0   1  0.38 0.08
  213 D     0  -1   3   3  -2   0   3  -1  -1  -3  -3   0  -2  -3  -1   0  -1  -3  -2  -2   15   1  22  25   0   1  29   1   0   1   1   1   0   0   1   1   1   0   0   1  0.40 0.05
  214 A     2  -1  -1   1  -1  -1   0  -1  -2  -2  -2  -1  -1  -2   1   1   2  -2  -2  -1   38   1   0  13   0   0   1   1   0   1   1   1   0   0   7   7  26   0   0   1  0.27 0.05
  215 D     3  -2  -1   1  -1  -1  -1   2  -2  -1  -1  -1   2  -2  -2   0   0  -3  -2  -1   52   0   0  10   0   0   0  18   0   0   0   0  13   0   0   0   7   0   0   0  0.29 0.07
  216 P    -1  -1  -1   1  -3   4   0  -2  -1  -3  -3   0  -2  -2   5  -1  -1  -2   2  -3    0   0   0  11   0  39   0   0   0   0   0   0   0   0  37   0   0   0  13   0  0.77 0.10
  217 R    -1   4   0   2  -3   0   2  -2   3  -3  -3   1  -2  -3  -2   2  -1  -3  -2  -3    0  38   0  13   0   0  14   0  11   0   0   0   0   0   0  24   0   0   0   0  0.41 0.07
  218 P    -1  -1  -2  -2  -2  -1  -1  -2  -2   1   2   0   1   2   2  -1  -1  -1   0   1    1   1   1   1   0   1   1   1   0   1  36  14   0  15  10   1   1   0   0  15  0.15 0.03
  219 A     4  -1  -1  -1  -1  -1  -1   0  -2  -2  -2  -1  -1  -2  -1   2   0  -2  -2  -1   76   1   1   1   0   1   1   1   0   1   1   1   0   1   1  12   1   0   0   1  0.42 0.08
  220 E     1  -1  -1   2  -3   2   4  -2  -1  -2  -2   0  -2  -3  -2   0  -1  -3  -2   0   13   0   0  11   0  14  51   0   0   0   0   0   0   0   0   0   0   0   0  11  0.44 0.08
  221 G     1  -1   0   2  -2   1   1   1  -1  -3  -3   0  -2  -3   3   2   0  -3  -2  -2    6   0   0  11   0   7  13  10   0   0   0   0   0   0  14  39   0   0   0   0  0.38 0.06
  222 M     1   1  -2  -3  -1  -1  -2  -2  -2   3   1  -1   2  -1  -2  -1  -1  -3  -2   1   24  14   0   0   0   0   0   0   0  39  13   0  10   0   0   0   0   0   0   0  0.18 0.06
  223 N    -2   0   4   0  -3   5   1  -2   0  -3  -3   0  -2  -4  -2   0  -1  -3  -2  -3    0   0  42   0   0  58   0   0   0   0   0   0   0   0   0   0   0   0   0   0  0.77 0.13
  224 S     1   2   2  -1  -2   0  -1  -1  -1  -3  -3   0  -2  -3  -2   3   0  -3  -2  -2   11  18  17   0   0   0   0   0   0   0   0   0   0   0   0  54   0   0   0   0  0.40 0.08
  225 M     3  -1  -2  -3  -2  -1  -2  -2  -2   0   0   1   5  -1  -2   0  -1  -2  -2   0   40   0   0   0   0   0   0   0   0   0   0  11  49   0   0   0   0   0   0   0  0.36 0.11
  226 G     1   3  -1  -1  -2   1   1   1  -1  -3  -2   2  -2  -3  -2   0  -1  -3  -2  -2   24  32   0   0   0   7  13  10   0   0   0  14   0   0   0   0   0   0   0   0  0.33 0.06
  227 E    -1  -1  -1   0  -3   2   4  -2  -1  -3  -3   0  -2  -3   3   1   1  -3  -2  -2    0   0   0   0   0  11  51   0   0   0   0   0   0   0  14  11  13   0   0   0  0.54 0.08
  228 H     1   0  -1  -1  -3   3   2  -2   4  -2   0   1  -1  -2  -2  -1  -1  -3  -1  -2   14   0   0   0   0  25  13   0  24   0  13  11   0   0   0   0   0   0   0   0  0.30 0.07
  229 Q    -1   1  -1  -1  -3   5   2  -2   0  -3  -3   3  -1  -4  -2  -1  -1  -3  -2  -3    0   0   0   0   0  49  11   0   0   0   0  40   0   0   0   0   0   0   0   0  0.66 0.11
  230 N     2   1   3   1  -2   0   1  -1  -1  -3  -3   1  -2  -3  -2   1   0  -3  -2  -2   27  13  26   7   0   0  11   0   0   0   0   5   0   0   0  11   0   0   0   0  0.29 0.05
  231 E    -1  -1   0   3  -4   0   4   3  -1  -4  -4   0  -3  -4  -2  -1  -1  -3  -3  -3    0   0   0  24   0   0  48  27   0   0   0   0   0   0   0   0   0   0   0   0  0.62 0.09
  232 M     1  -2  -2  -3  -2  -1  -2   1  -2   2   1  -2   5  -1  -2  -1  -1  -2  -2   0   19   0   0   0   0   0   0  12   0  15  12   0  41   0   0   0   0   0   0   0  0.27 0.09
  233 H    -1   2   1  -1  -3   5   1  -2   3  -3  -3   1  -1  -3  -2   1  -1  -3  -1  -3    0  15   8   0   0  57   0   0   9   0   0   0   0   0   0  11   0   0   0   0  0.57 0.11
  234 H    -1   3   2  -1  -3   2   0   0   4  -3  -3   0  -2  -3   2  -1  -1  -3  -1  -3    0  25  12   0   0  19   0   8  24   0   0   0   0   0  12   0   0   0   0   0  0.45 0.08
  235 A     4  -2  -2  -2  -1  -1  -1   0  -2  -2  -2  -1  -1  -3  -1   2   0  -3  -2  -1   83   0   0   0   0   0   0   0   0   0   0   0   0   0   0  12   5   0   0   0  0.54 0.11
  236 E     0   1  -1   0  -3   2   3  -2  -1  -2   0   1  -1  -2  -2  -1  -1  -3  -2  -2   12  11   0   0   0   8  45   0   0   0  15   8   0   0   0   0   0   0   0   0  0.33 0.07
  237 A     3  -1  -2  -2  -1  -1  -1   0  -2  -1   1   1  -1  -2   2   0  -1  -3  -2  -1   50   0   0   0   0   0   0   4   0   0  19  15   0   0  12   0   0   0   0   0  0.26 0.07
  238 L    -2  -1  -3  -3  -2  -2  -3  -3  -2   2   2  -2   1   3  -3  -2  -1  -1   2   2    0   5   0   0   0   0   0   0   0  19  28   0   0  21   0   0   0   0  12  15  0.30 0.05
  239 L    -1  -2  -2  -2  -1  -2  -2  -2  -2   2   2  -2   1   1  -2   0  -1  -1  -1   1    2   1   1   1   0   1   1   1   0  28  38   1   0   6   1  14   1   0   1   1  0.16 0.04
  240 K     1   3   0  -1  -2   2   0  -1  -1  -2  -2   2  -1  -2  -1   1   0  -2  -1  -2   14  28   1   1   0  13   1   1   0   1   2  22   0   1   1  10   1   0   1   1  0.28 0.04
  241 A     3  -1  -1  -1  -1   0   1   0  -1  -1  -1   0  -1  -2  -1   1   1  -2  -2  -1   49   1   1   1   0   1  13   1   0   1   2   1   0   1   1   9  14   0   1   1  0.24 0.05
  242 K    -1   1  -1   0  -2   1   2   1  -1  -1   0   2  -1  -2  -1  -1  -1  -2  -2  -1    2   6   1   1   0   1  29  14   0   1  17  22   0   1   1   1   1   0   1   1  0.17 0.03
  243 S     0   0   2   0  -2   0   1  -1  -1  -2  -2   2  -1  -2   3   1   0  -2  -2  -2    6   1  16   1   0   1  13   1   0   1   2  25   0   1  17  10   1   0   1   1  0.31 0.04
  244 D     2  -2   0   3  -2  -1   1   2  -2  -3  -3  -1  -2  -3  -2   1  -1  -3  -3  -2   38   0   0  31   0   0   9  16   0   0   0   0   0   0   0   6   0   0   0   0  0.39 0.07
  245 L    -1  -1  -2  -3  -2  -1  -2  -3  -2   1   2   1   3  -1  -2   0  -1  -2  -2   2    0   0   0   0   0   0   0   0   0   5  34  14  19   0   0  10   0   0   0  19  0.21 0.06
  246 Q    -2   0  -1   2  -3   5   1  -2   0  -3  -3   2  -1  -1  -2  -1  -1  -1   3  -3    0   0   0  14   0  52   0   0   0   0   0  16   0   0   0   0   0   0  18   0  0.55 0.12
  247 T     2  -1  -1  -2  -1   1  -1  -2  -2  -1   1  -1   0   2  -2   1   2  -2  -1  -1   25   0   0   0   0  10   0   0   0   0  16   0   0  14   0   8  27   0   0   0  0.17 0.06
  248 R    -1   3   0   0  -4   2   3  -2   4  -3  -3   3  -2  -3  -2  -1  -1  -3  -1  -3    0  21   0   0   0   7  24   0  16   0   0  32   0   0   0   0   0   0   0   0  0.51 0.08
  249 E     0  -1  -1   0  -3   0   4  -2  -1  -3  -3   0  -2  -4   5   1  -1  -3  -3  -2   10   0   0   0   0   0  48   0   0   0   0   0   0   0  32  10   0   0   0   0  0.77 0.10
  250 A     1   2  -1   1  -2   0   1  -2  -1   0  -2   0  -1  -3   2   0   0  -3  -2  -1   26  18   0  10   0   0  16   0   0  10   0   0   0   0  14   0   7   0   0   0  0.24 0.05
  251 M     0   2  -2  -3  -2   0  -1  -2   2   1   2  -1   3  -1  -2  -1  -1  -2  -1   0   13  16   0   0   0   5   0   0  10  10  32   0  15   0   0   0   0   0   0   0  0.17 0.06
  252 H    -1   5   0  -1  -3   0  -1  -2   2  -3  -3   2  -2  -3  -2   2  -1  -3  -2  -3    0  53   0   0   0   0   0   0   8   0   0   7   0   0   0  32   0   0   0   0  0.57 0.11
  253 K    -2   4  -1  -2  -3   0   0  -3  -1   1  -2   4  -1  -3  -2  -1  -1  -3  -2  -1    0  42   0   0   0   0   0   0   0  16   0  42   0   0   0   0   0   0   0   0  0.53 0.10
  254 Q    -1   0   0   2  -4   5   2  -2   0  -3  -3   2  -2  -4  -2  -1  -1  -3  -2  -3    0   0   0  16   0  61  14   0   0   0   0  10   0   0   0   0   0   0   0   0  0.72 0.12
  255 H     1  -1  -1  -1  -2   0   2  -2   2  -1   0  -1  -1  -2   2   0   3  -3  -2  -1   14   0   0   0   0   0  18   0   8   0  13   0   0   0  10   0  37   0   0   0  0.25 0.07
  256 M     0  -1   1  -2  -2   2  -1  -2  -1  -1   1  -1   3   3  -3  -1  -1  -1   3  -1   10   0  10   0   0  16   0   0   0   0  13   0  20  18   0   0   0   0  14   0  0.20 0.07
  257 D    -2  -1   3   5  -4   0   3  -2  -1  -4  -4  -1  -3  -4  -2  -1  -1  -4  -3  -3    0   0  16  52   0   0  32   0   0   0   0   0   0   0   0   0   0   0   0   0  0.82 0.11
  258 V    -1  -3  -3  -3  -1  -2  -3  -3  -3   2   2  -2   1  -1  -3  -2   0  -3  -1   4    0   0   0   0   0   0   0   0   0   0  22   0   0   0   0   0   0   0   0  78  0.39 0.04
  259 L    -2  -2  -2  -3  -2  -2  -2  -3   4   1   4  -2   1   0  -3  -2  -1  -2   0   0    0   0   0   0   0   0   0   0  21   0  79   0   0   0   0   0   0   0   0   0  0.39 0.04
  260 D    -1  -1   5   2  -3   0   2  -1   0  -3  -3   0  -2  -3  -2   1   0  -4  -2  -3    0   0  56  10   0   0  21   0   0   0   0   0   0   0   0  12   0   0   0   0  0.55 0.04
  261 A     3  -1  -1  -1  -1   0   2  -1  -1  -2  -2  -1  -2  -3   3   0  -1  -3  -2  -1   57   0   0   0   0   0  22   0   0   0   0   0   0   0  21   0   0   0   0   0  0.46 0.03
  262 I    -2  -3  -3  -3  -1  -3  -3  -4  -3   4   2  -3   1   0  -3  -3  -1  -3  -1   2    0   0   0   0   0   0   0   0   0  79  21   0   0   0   0   0   0   0   0   0  0.45 0.04
  263 Q    -1   3   0  -1  -2   4   1  -2   0  -2  -2   1  -1  -2  -1   0  -1  -2  -1  -2    2  36   1   1   0  39   8   2   0   1   2   1   0   1   1   1   1   0   1   1  0.40 0.02
  264 S     3  -1   2   0  -1   0  -1   0  -1  -2  -2  -1  -1  -3  -1   3   0  -3  -2  -1   43   0  21   0   0   0   0   0   0   0   0   0   0   0   0  36   0   0   0   0  0.34 0.03
  265 G     0  -1  -1  -1  -3  -1  -1   5  -2  -4  -3   1  -2  -3  -2   0  -2  -3  -3  -3    0   0   0   0   0   0   0  78   0   0   0  22   0   0   0   0   0   0   0   0  0.80 0.04
  266 R    -1   3   0  -1  -3   3   1  -2   0  -3  -2   3  -1  -3  -1   1   0  -3  -2  -2    0  31   0   0   0  22   0   0   0   0   0  25   0   0   0  21   0   0   0   0  0.43 0.03
  267 E    -1   0  -1   0  -3   3   4  -2  -1   1  -1   0  -1  -2  -2  -1  -1  -3  -2  -1    0   0   0   0   0  22  57   0   0  21   0   0   0   0   0   0   0   0   0   0  0.42 0.04
  268 D    -1   0   1   5  -4   1   3  -2  -1  -3  -3   2  -3  -3  -1   0  -1  -4  -3  -3    0   0   0  57   0   0  22   0   0   0   0  21   0   0   0   0   0   0   0   0  0.65 0.04
  269 S     1  -1   0  -1  -1   0   0  -1  -1  -3  -3   0  -2  -3   1   4   1  -3  -2  -2    0   0   0   0   0   0   0   0   0   0   0   0   0   0   5  95   0   0   0   0  0.55 0.05
  270 F     0  -2   2  -1  -1  -1  -1  -2  -1   1   0  -1   0   1  -2   0   2  -2  -1   0   12   0  22   0   0   0   0   0   0  25   0   0   0  10   0   0  30   0   0   0  0.14 0.02
  271 D    -2   0   3   4  -3   0   1  -1  -1  -3  -3   2  -3  -3  -2   0  -1  -4  -3  -3    0   0  25  52   0   0   0   0   0   0   0  22   0   0   0   0   0   0   0   0  0.60 0.04
  272 K    -1   3   0  -1  -3   1   0  -2  -1  -3  -3   5  -2  -3  -1  -1  -1  -3  -2  -3    0  21   0   0   0   0   0   0   0   0   0  79   0   0   0   0   0   0   0   0  0.61 0.05
  273 K     1   1  -1  -1  -2   0   0  -2  -1  -2  -1   3  -1   3  -2   0  -1  -1   0  -2   16   0   0   0   0   0   0   0   0   0   0  58   0  26   0   0   0   0   0   0  0.24 0.02
  274 I    -1  -3  -3  -3  -1  -2  -3  -4  -3   4   2  -2   3   0  -3  -2  -1  -2  -1   2    0   0   0   0   0   0   0   0   0  74   0   0  26   0   0   0   0   0   0   0  0.37 0.02
  275 S     1  -1   0   0  -1   0   2  -1  -1  -3  -3   0  -2  -3  -1   3   1  -3  -2  -2    0   0   0   0   0   0  26   0   0   0   0   0   0   0   0  74   0   0   0   0  0.43 0.02
  276 A     3  -2  -1   3  -1  -1   0   0  -2  -2  -2  -1  -1  -3  -1   1   0  -3  -2  -1   74   0   0  26   0   0   0   0   0   0   0   0   0   0   0   0   0   0   0   0  0.36 0.02
  277 T     0  -1   0  -1  -1   0   1  -2  -1  -1  -2   0  -1  -2  -1   1   4  -3  -2   0    7   0   0   0   0   0  16   0   0   0   0   0   0   0   0   0  77   0   0   0  0.40 0.02
  278 D     3  -1  -1   2  -1   0   2  -1  -1  -2  -2   0  -1  -3  -1   1   0  -3  -2  -1   58   0   0  13   0   0  29   0   0   0   0   0   0   0   0   0   0   0   0   0  0.33 0.01
  279 E    -1   1   0   0  -3   3   2  -2   0  -3  -2   3  -1  -3  -1   0   0  -3  -2  -2    0   0   0   0   0  24  13   0   0   0   0  54   0   0   0   0   8   0   0   0  0.43 0.02
  280 N    -2  -1   6   1  -3   0   0  -1   0  -3  -4   0  -2  -3  -2   0   0  -4  -2  -3    0   0 100   0   0   0   0   0   0   0   0   0   0   0   0   0   0   0   0   0  0.83 0.03
  281 A     4  -1  -1  -1  -1  -1  -1   0  -1  -2  -2  -1  -1  -2  -1   2   0  -3  -2  -1   74   0   0   0   0   0   0   0   0   0   0   0   0   0   0  26   0   0   0   0  0.39 0.02
  282 K     0   1   0  -1  -2   0   0  -2  -1  -2  -2   3  -1  -3  -1   1   3  -3  -2  -1    0   0   0   0   0   0   0   0   0   0   0  51   0   0   0   0  49   0   0   0  0.36 0.02
  283 G     0  -2  -1  -1  -3  -2  -2   6  -2  -4  -4  -2  -3  -3  -2   0  -2  -3  -3  -3    0   0   0   0   0   0   0 100   0   0   0   0   0   0   0   0   0   0   0   0  1.11 0.03
  284 I    -2  -3  -3  -3  -2  -3  -3  -4  -3   4   1  -3   1   3  -3  -2  -1  -1   0   2    0   0   0   0   0   0   0   0   0  74   0   0   0  26   0   0   0   0   0   0  0.38 0.02
  285 N    -1  -1   5   1  -2   0   0   1   0  -3  -3   0  -2  -3  -2   2   0  -3  -2  -3    0   0  68   0   0   0   0   8   0   0   0   0   0   0   0  24   0   0   0   0  0.55 0.02
  286 Y    -2  -2  -2  -3  -3  -2  -2  -3   2  -2  -1  -2  -1   3  -3  -2  -2   2   7  -1    0   0   0   0   0   0   0   0   0   0   0   0   0   0   0   0   0   0 100   0  1.00 0.04
  287 V     0  -2  -3  -3  -1  -2  -2  -3  -3   3   1  -2   1  -1  -2  -2   0  -3  -1   4    0   0   0   0   0   0   0   0   0   0   0   0   0   0   0   0   0   0   0 100  0.34 0.00

                      K         Lambda
Standard Ungapped    0.1232     0.3085
Standard Gapped      0.0368     0.2670
PSI Ungapped         0.1202     0.3192
PSI Gapped           0.0368     0.2670
