
Last position-specific scoring matrix computed, weighted observed percentages rounded down, information per position, and relative weight of gapless real matches to pseudocounts
            A   R   N   D   C   Q   E   G   H   I   L   K   M   F   P   S   T   W   Y   V   A   R   N   D   C   Q   E   G   H   I   L   K   M   F   P   S   T   W   Y   V
    1 M    -6  -7  -8  -8  -6  -7  -8  -8  -8   6   3  -7   7  -5  -8  -7  -6  -7  -6   2    0   0   0   0   0   0   0   0   0  44  20   0  25   0   0   0   0   0   0  11  1.81 0.73
    2 I    -5  -3  -3  -6  -5   0  -5  -6   4   3  -1   1  -4   1  -6  -4   1   1   6   2    0   1   1   0   0   4   0   0   9  16   5   8   0   6   0   1   8   2  25  13  0.79 0.44
    3 P     4  -7  -2  -6   0  -4  -6  -1  -2  -2  -6  -6  -6  -6   7  -2  -2  -8  -4  -1   28   0   2   0   2   1   0   4   1   2   0   0   0   0  49   3   2   0   1   5  1.48 0.69
    4 C    -2  -8  -8  -8  -3  -8  -8  -8  -8   3   1  -8  -3  -3  -8  -6  -3  -8  -6   7    3   0   0   0   1   0   0   0   0  16  11   0   0   1   0   0   1   0   0  68  1.84 0.75
    5 I    -7  -9  -9  -9  -7  -9  -9 -10  -9   8   0  -8  -4  -4  -9  -8  -6  -8  -6   2    0   0   0   0   0   0   0   0   0  79   7   0   0   0   0   0   0   0   0  13  2.50 0.91
    6 L    -7  -8  -9  -9  -7  -7  -8  -9  -8   0   6  -8   8  -5  -6  -8  -7  -7  -7  -4    0   0   0   0   0   0   0   0   0   4  64   0  31   0   1   0   0   0   0   0  2.27 0.90
    7 S     6  -7  -7  -7   7  -7  -7  -6  -7  -5  -7  -7  -7  -8  -7   3  -4  -8  -8  -3   61   0   0   0  18   0   0   0   0   1   0   0   0   0   0  18   0   0   0   1  1.96 0.86
    8 G    -5  -9  -7  -8  -9  -8  -9   8  -8 -10 -10  -8  -9 -10  -9  -6  -6  -3  -9 -10    0   0   0   0   0   0   0  98   0   0   0   0   0   0   0   0   1   0   0   0  3.07 1.13
    9 G    -5  -9  -7  -8  -9  -8  -9   8  -9 -10 -10  -8  -9 -10  -9  -7  -8  -9 -10 -10    0   0   0   0   0   0   0 100   0   0   0   0   0   0   0   0   0   0   0   0  3.15 1.15
   10 A     1   1  -2  -4  -5  -2  -2  -1  -2  -1  -4   1  -2  -3  -5   5  -1   0  -3   0   12   7   1   0   0   2   2   5   1   3   1   7   1   1   0  42   3   1   1   8  0.61 0.42
   11 G    -6  -9  -7  -8  -9  -8  -9   8  -9 -10 -10  -8  -9 -10  -9  -5  -8  -9 -10 -10    0   0   0   0   0   0   0  99   0   0   0   0   0   0   0   1   0   0   0   0  3.15 1.17
   12 T    -2  -4  -4  -5  -5  -4   2  -5  -6  -5  -6  -1  -4  -8  -6   3   7  -8  -7  -4    3   1   1   0   0   1  11   1   0   0   1   5   0   0   0  18  58   0   0   1  1.54 0.78
   13 R    -8   9  -7  -8 -10  -6  -7  -6  -7 -10  -9  -4  -8 -10  -9  -4  -8 -10  -8  -9    0  98   0   0   0   0   0   1   0   0   0   0   0   0   0   1   0   0   0   0  3.45 1.29
   14 L    -7  -8  -9  -9  -7  -8  -9  -9  -8  -4   6  -8  -3   6  -9  -8  -7  -6  -4  -5    0   0   0   0   0   0   0   0   0   0  71   0   0  27   0   0   0   0   0   0  2.21 0.89
   15 W   -10 -11 -12 -12 -10 -10 -11 -10 -10 -10  -9 -11  -9  -2 -12 -11 -10  13  -3 -11    0   0   0   0   0   0   0   0   0   0   0   0   0   2   0   0   0  98   1   0  5.55 1.82
   16 P    -8  -9  -9  -9 -10  -8  -8  -9  -9 -10 -10  -8 -10 -11   9  -8  -8 -11 -10 -10    0   0   0   0   0   0   0   0   0   0   0   0   0   0 100   0   0   0   0   0  3.85 1.47
   17 V    -1   1  -6  -6  -4  -4  -3  -7  -5   1   5  -1   2  -2  -7  -3  -4  -2  -4   1    5   7   0   0   0   1   2   0   0   6  53   5   5   1   0   3   1   1   1  10  0.89 0.47
   18 S    -4  -8  -5  -7  -8  -7  -7  -6  -8  -9  -9  -7  -8  -9  -8   8  -4 -10  -9  -8    1   0   0   0   0   0   0   0   0   0   0   0   0   0   0  98   1   0   0   0  2.98 1.29
   19 R    -7   9  -3  -8  -5  -3  -7  -7  -3  -6  -8  -3  -8  -9  -8  -6   1  -6  -6  -7    0  86   1   0   0   1   0   0   1   0   0   1   0   0   0   0   8   0   0   0  2.78 1.13
   20 M     0   2  -1  -2  -5   2   3  -3  -1  -4  -3   3  -2  -5   0   0   0  -6  -4  -3    9  12   2   2   0   9  22   2   1   1   2  17   1   0   4   8   6   0   0   2  0.44 0.32
   21 E     1   0   2   1  -3   1   0  -2   2  -3   0   1   0  -2  -4   1   0  -4  -1  -3   13   5  10   9   0   5   6   3   4   1  12   8   2   2   0  12   5   0   2   1  0.17 0.18
   22 L    -2   3  -1  -4  -2  -1  -3  -6   4  -3   0   1   3   2  -6  -1  -1  -1   5  -3    3  16   2   0   1   2   1   0  10   1   9   8   7   9   0   4   5   1  19   1  0.62 0.38
   23 P    -5  -9  -9  -9 -10  -8  -8  -7  -9 -10 -10  -8 -10 -11   9  -4  -6 -11 -10  -9    1   0   0   0   0   0   0   0   0   0   0   0   0   0  97   1   0   0   0   0  3.62 1.42
   24 K    -7  -4  -7  -7 -10  -5  -5  -8  -7 -10  -9   9  -8 -10  -5  -7  -7 -10  -9  -9    0   0   0   0   0   0   0   0   0   0   0  99   0   0   1   0   0   0   0   0  3.30 1.30
   25 P    -7  -6  -7  -7 -10   9  -5  -9   1 -10  -8  -6  -7  -3   2  -5  -6  -9  -3  -8    0   0   0   0   0  84   0   0   3   0   0   0   0   1   9   1   0   0   1   0  2.97 1.28
   26 F    -7  -9  -9 -10  -4  -9  -9  -9  -6  -4   3  -9  -1   9  -9  -8  -6  -5   0  -3    0   0   0   0   0   0   0   0   0   1  26   0   2  67   0   0   0   0   2   1  2.47 0.96
   27 I    -2  -6  -6  -8  -1   0  -6  -7   2   3   5  -7   1  -4  -7  -5  -5  -3  -3   0    3   0   0   0   1   4   0   0   5  14  59   0   3   0   0   1   0   0   1   6  1.23 0.60
   28 R     0   2   2   0  -2  -1  -1  -4  -1  -6  -6   3  -5  -6   4   2   0  -7  -6  -4    9  12   9   5   1   2   3   1   2   0   0  19   0   0  18  13   4   0   0   1  0.59 0.40
   29 M    -6  -7  -9  -9  -7  -8  -8  -8  -8   4   6  -8  -1   3  -6  -7  -5  -4  -6   0    0   0   0   0   0   0   0   0   0  21  62   0   1   9   0   0   0   0   0   4  1.66 0.73
   30 A     0  -3  -1  -1  -1  -2  -2   0  -2   1   1  -2   0   2  -1  -1   2  -2   0   2    8   1   3   5   1   1   2   7   1   9  13   2   2  11   4   3  12   0   2  13  0.13 0.13
   31 D    -3  -4   1   3  -4  -3  -2   6  -3  -8  -8  -4  -5  -5  -4   2  -3  -8  -6  -7    2   1   7  13   0   1   3  53   1   0   0   1   0   0   1  14   1   0   0   0  1.28 0.64
   32 G    -2   0   2   4  -7   0   3   3   0  -6  -6   0  -6  -7  -1  -1  -2  -7  -6  -6    3   5   8  23   0   4  19  20   2   0   0   6   0   0   3   5   2   0   0   0  0.69 0.42
   33 H    -2   3   0   0  -4   2   2  -1   2  -4  -2   3  -3  -4  -3  -2  -1  -3  -1  -4    3  18   5   6   0   9  12   6   6   1   5  19   0   1   1   2   4   0   2   1  0.44 0.31
   34 S    -4  -7  -3  -7  -7  -6  -6  -7  -7  -7  -8  -6  -7  -9   0   6   5  -9  -8  -6    1   0   1   0   0   0   0   0   0   0   0   0   0   0   5  60  32   0   0   0  2.00 0.99
   35 L    -7  -8  -6  -9  -7  -8  -9  -9  -8  -2   6  -8   7   0  -5  -7  -2  -7  -7  -5    0   0   0   0   0   0   0   0   0   2  65   0  26   3   1   0   2   0   0   0  2.08 0.90
   36 L    -6  -8  -9  -9  -7  -6  -8  -9  -8   4   5  -8  -2   5  -8  -8  -6  -6   0  -2    0   0   0   0   0   0   0   0   0  20  49   0   0  25   0   0   0   0   3   2  1.66 0.72
   37 Q    -1   1  -4  -5  -6   8   2  -4  -3  -5  -6  -2  -5  -8  -7  -3  -4  -6  -5  -4    5   6   1   0   0  65  10   2   1   1   1   2   0   0   0   2   1   0   1   1  1.93 0.95
   38 K     0   0   1   0  -5   4   4  -3   0  -4   0   1   1  -5  -5  -1  -1  -6  -4  -3    8   4   6   5   0  17  25   2   2   0   8   9   4   0   0   4   3   0   0   1  0.50 0.36
   39 T     1  -8  -6  -8  -2  -7  -7  -8  -8  -5  -8  -7  -4  -9  -8  -1   8  -9  -8  -5   10   0   0   0   1   0   0   0   0   1   0   0   0   0   0   4  83   0   0   1  2.54 1.14
   40 F     1  -5  -7  -7   0  -6  -7  -6  -4   3   3  -6  -1   1  -7  -4  -4   0   1   4   11   1   0   0   2   0   0   0   0  16  25   0   1   6   0   1   1   1   5  31  0.88 0.46
   41 Q     0   2   0   2  -5   2   2  -2  -2  -3   1   1  -1  -5  -5   0  -2  -6  -4  -3    9  10   4  13   0   9  16   2   1   1  15   9   1   0   0   5   2   0   0   1  0.33 0.27
   42 R    -7   9  -5  -9  -6  -5  -7  -7  -3 -10  -4  -4  -5 -10  -9  -8  -6 -10  -9  -9    0  94   1   0   0   0   0   1   1   0   2   0   0   0   0   0   0   0   0   0  3.25 1.29
   43 A     1  -6  -2  -6   1  -5  -6  -4  -1   3   4  -6   1   1  -6  -2  -2  -6  -3   3   13   0   3   0   2   0   0   1   1  13  32   0   3   5   0   2   2   0   0  20  0.68 0.38
   44 A     1   1   0   0  -1   2   1  -2   0  -2   1   1  -1  -3  -2   1   0  -3  -3  -2   12   9   4   6   1   8   8   2   2   1  14  10   2   1   2  11   4   0   1   2  0.15 0.16
   45 R     0   1   1   1  -4   0  -1   3  -1  -5  -3   1  -4  -5   4   0  -2  -6  -5  -5    9   6   7   9   0   3   4  19   1   1   3   7   0   0  20   7   3   0   0   0  0.45 0.30
   46 L    -2  -1  -3  -3  -1  -3  -3  -3  -1   3   4  -3   1   2  -1  -2  -2  -1  -2   1    3   3   1   2   2   1   1   2   1  14  40   1   3   7   4   2   3   1   1   7  0.48 0.27
   47 P     1  -3  -1  -1   1  -1   0  -2  -3   2  -1  -1  -1   0   2   0   0  -4  -3   2   12   1   3   4   3   2   5   3   0  13   4   3   1   5   9   8   5   0   1  19  0.18 0.16
   48 G    -1  -1   1   2  -2  -1   0   2  -1  -3  -2  -1  -2  -1   4   0  -2  -4  -3  -3    5   4   5  11   1   3   7  16   1   2   5   3   1   3  22   7   2   0   1   2  0.38 0.26
   49 V     1  -1  -2  -1   2  -2  -1  -3  -1   0  -1  -1  -1   4   3  -1  -1   0   1   0   11   3   2   3   4   2   4   1   1   6   6   4   2  16  16   4   4   1   4   8  0.25 0.19
   50 R     0  -1   0   3  -4   0   4   0   0  -5  -4   1  -5  -6  -4   1   0  -5  -4  -4    9   3   5  14   0   4  28   8   2   1   2   7   0   0   1  11   5   0   0   1  0.52 0.36
   51 R     1   4   3   2  -3   1   1  -3   0  -6  -6   1  -5  -6   2   0  -2  -6  -5  -5   10  19  15  13   1   5   7   2   3   0   0   8   0   0   9   5   2   0   0   0  0.56 0.37
   52 V    -3  -5  -7  -7  -3  -4  -7  -7  -4   5  -1  -6  -2  -2   5  -4   0  -5  -5   2    2   1   0   0   1   1   0   0   0  34   6   0   1   2  32   1   6   0   0  13  1.26 0.62
   53 M    -4  -3  -6  -7  -2  -6  -6  -7  -2   4   3  -6   1   3  -7  -4  -1   4   3   2    1   2   0   0   1   0   0   0   1  23  23   0   3  10   0   1   4   5  11  13  0.84 0.43
   54 A    -4  -8  -7  -8  -1  -8  -8  -9  -8   6   0  -8  -3  -2  -8  -6   0  -8  -5   6    1   0   0   0   1   0   0   0   0  37   7   0   0   2   0   0   5   0   0  46  1.68 0.73
   55 V    -1  -8  -8  -8  -2  -7  -8  -7  -8   5   0  -7   0  -4  -8  -3  -4  -8  -6   6    6   0   0   0   1   0   0   0   0  24   7   0   2   0   0   2   0   0   0  56  1.61 0.72
   56 T     1  -7  -6  -7   7  -7  -7  -1  -8  -4  -5  -7  -6  -8  -7   0   7  -8  -6  -2    9   0   0   0  21   0   0   4   0   1   1   0   0   0   0   7  53   0   0   3  1.78 0.85
   57 N     0  -3   7  -4  -6  -3  -4   3   1  -6  -5  -4  -7  -8  -4   2   0  -8  -7  -5    7   2  45   1   0   1   1  19   3   0   1   0   0   0   1  13   5   0   0   1  1.26 0.66
   58 Q     1   2   0   1  -5   2   4  -3   0  -2  -4   1  -4  -3  -2  -1  -2  -6  -3  -2   13  10   3   6   0   8  30   1   2   2   1   9   0   1   2   5   2   0   1   2  0.52 0.36
   59 Q     1   1   0   3  -5   1   4  -2   1  -3  -3   0  -3  -6  -3   0  -2  -6  -5  -4   11   7   5  16   0   6  26   2   3   2   2   6   0   0   1   8   2   0   0   1  0.50 0.34
   60 A    -5  -6  -2  -5  -8   4  -5  -7   9  -4   1  -6  -1   2  -8  -6  -5  -4   5  -5    1   0   2   1   0  14   0   0  38   1  12   0   1   8   0   0   1   0  18   1  1.74 0.79
   61 M     2   5  -4  -4  -3   0   0  -2  -1  -2  -2   1  -3  -1  -5  -2  -2  -3   2   1   16  30   0   0   0   4   5   3   2   2   4   8   1   2   0   2   2   0   6  11  0.52 0.35
   62 F     0  -2  -2   2  -6  -2   1  -2   1  -4  -3  -2  -3   6   0  -1  -2  -1   0  -4    7   3   2  13   0   2   9   3   3   1   2   3   1  37   5   4   2   1   3   1  0.74 0.42
   63 R     0  -1  -2  -2  -4   0   1  -3   0   3   3  -2   1  -1  -1  -2  -1  -3  -2  -1    7   3   2   2   0   5   8   2   3  15  31   3   4   2   3   2   4   0   1   3  0.28 0.22
   64 T     1  -6  -6  -7   0  -6  -6  -6  -5   4   0  -6  -1  -3  -6  -3   1  -7  -6   5   13   0   0   0   2   0   0   1   0  23   9   0   1   1   0   2   7   0   0  40  1.07 0.53
   65 L     2   4  -2  -2  -2   1   0  -3   0  -2   0   2  -1  -3  -4  -1  -1  -4  -3  -2   20  22   1   2   1   7   6   2   2   2   9  13   2   1   0   4   4   0   1   2  0.39 0.29
   66 E     0   1   1   3  -5   2   5  -2  -1  -6  -4   1  -3  -6  -5  -1  -2  -4  -3  -5    7   8   7  13   0   8  33   3   1   0   2   7   1   0   0   5   3   0   1   0  0.66 0.41
   67 E    -2  -4  -1  -1  -4   8   2  -6   3  -3  -3  -4  -3  -5  -6  -2  -4  -7  -6  -4    4   0   3   3   0  57  12   1   7   2   3   1   1   1   0   4   1   0   0   2  1.59 0.79
   68 C     0  -6  -6  -7   2  -5  -6  -5  -5   2   5  -6   2  -1  -6  -4  -3  -4  -1   0    9   0   0   0   3   0   0   1   0   9  57   0   4   3   0   1   2   0   3   6  1.08 0.52
   69 S     0   3  -1  -1   0   1   1  -2   0  -4  -3   1  -3  -4   5   0  -1  -4  -4  -4    8  15   3   4   2   6   7   2   2   1   2   8   0   1  24   8   4   0   0   1  0.50 0.33
   70 G     1  -1   1   2  -3   2   4   0  -1  -5  -3   0  -1  -3  -4   0  -3  -1  -3  -3   11   3   6   9   0  10  29   7   1   0   3   6   2   1   1   6   1   1   1   1  0.45 0.31
   71 V     0  -4  -4  -4   0  -3  -4  -4  -3   5   3  -4   1  -1  -5  -4  -2  -3  -2   2    9   1   1   1   2   1   1   2   1  32  28   1   3   3   1   1   2   0   1  11  0.73 0.35
   72 N    -2  -2   3   2  -3  -2  -2   4  -2  -3  -3  -1  -3  -4   4  -1  -3  -2  -2  -4    3   2  11  10   1   1   3  27   1   2   2   4   1   1  21   5   1   1   1   1  0.63 0.35
   73 E     0   0  -1   0  -1  -1   1  -2   0   1   0   0   0  -1   2  -1  -1  -2  -1   1    7   5   2   6   1   3  10   2   2  11  10   7   2   2  11   5   3   0   3  10  0.09 0.07
   74 R     0   1   1   1  -2   0   3   0   0  -3  -2   2  -2  -3  -1   0   0  -2  -1  -3    7   8   7   7   1   4  19   7   2   1   3  12   1   1   3   6   5   0   2   2  0.23 0.15
   75 Q     0   0   1   0  -1   0   0   1   0   0   0   0   0   0   1   0  -1  -1   0  -1    6   4   8   6   1   6   5  10   2   6  11   4   2   6   8   4   3   1   3   4  0.04 0.03
   76 L     0   0   0   0   0   0   0   0   1   0   0   0   0   0   1   0   0  -1   0   0    7   4   3   4   2   3   5   6   4   6  14   6   2   4   9   7   5   1   3   7  0.03 0.01
   77 A     2   0   0   1  -2   0   0   0  -1  -1  -1   1  -1  -2   2   0   0  -2  -1  -1   17   4   4   7   1   4   6   8   1   3   5   8   1   2  10   8   5   1   2   5  0.11 0.07
   78 L     2  -1   0   0   0   0   1   0   0   0  -1  -1  -1  -1  -1   1   0  -1   0  -1   18   3   3   5   2   4   9   8   2   5   5   3   1   3   3  10   6   1   4   5  0.07 0.06
   79 E    -2   2   5   1  -3   2   0  -2   4  -4  -3   0  -3  -2  -3  -1   0  -4  -3  -4    3  12  28   6   1   8   5   4   9   1   4   4   0   2   1   5   7   0   1   1  0.57 0.32
   80 L    -5  -7  -8  -8  -3  -6  -7  -7  -6   7   2  -6   0   3  -7  -6  -3  -4   1   3    1   0   0   0   1   0   0   0   0  50  15   0   2   9   0   0   1   0   4  16  1.44 0.62
   81 L    -6  -7  -8  -8  -4  -7  -7  -8  -7   6   4  -7   0  -1  -7  -6  -5  -4  -4   2    0   0   0   0   0   0   0   0   0  44  37   0   2   2   0   0   0   0   0  13  1.55 0.64
   82 L     1  -3  -5  -5   0  -4  -3  -1  -5   2   4  -4  -1   0  -4  -2  -1  -4  -2   2   11   1   0   0   2   1   1   5   0   9  42   1   0   3   0   3   3   0   1  15  0.59 0.34
   83 E    -7  -4  -6  -4 -10  -4   8  -8  -6  -9  -9  -5  -8  -9  -7  -6  -7  -9  -8  -9    0   1   0   0   0   0  98   0   0   0   0   0   0   0   0   0   0   0   0   0  3.10 1.23
   84 P    -6  -7  -8  -5  -5  -6  -5  -8  -6  -8  -9  -5  -9 -10   9  -2  -5 -10  -7  -8    0   0   0   1   0   0   1   0   0   0   0   1   0   0  92   3   1   0   0   0  3.24 1.24
   85 A     1  -3  -3  -3   3   0   2  -5  -3   1  -1  -2   3   1  -4  -1   0  -5  -2   3   10   1   1   1   7   3  17   0   0   6   6   2   7   7   0   4   5   0   1  21  0.34 0.27
   86 G     2   0  -3  -4  -6  -4  -5   6  -6  -5  -6  -2  -2  -6   2   1  -5  -7  -7  -5   19   6   1   1   0   1   0  48   0   1   0   2   1   0  10   8   0   0   0   1  1.11 0.57
   87 R    -5   8  -4  -7   0  -3  -6  -8  -4  -7  -6   4  -2  -9  -8  -6  -7  -8  -7  -8    1  71   1   0   2   0   0   0   0   0   1  23   1   0   0   0   0   0   0   0  2.38 0.97
   88 N    -6  -6   8   3  -8  -6  -4   1  -3  -9  -9  -5  -8  -8  -7  -3  -6  -9  -8  -8    0   0  70  16   0   0   1  10   0   0   0   1   0   0   0   2   0   0   0   0  2.32 0.95
   89 T    -5  -7  -3  -6  -6  -6  -6  -7  -7  -6  -7  -6  -6  -7  -6  -1   8  -8  -7  -6    1   0   1   0   0   0   0   0   0   0   0   0   0   0   0   5  91   0   0   0  2.78 1.13
   90 A     7  -5  -4  -6  -1  -5  -5   0  -4  -5  -1  -5  -2  -4  -5  -2  -1  -6  -4  -5   72   0   1   0   1   0   0   8   0   0   6   0   1   1   0   2   4   0   1   0  1.52 0.70
   91 P     3  -5  -3  -5  -5  -4  -5  -1  -5  -5  -5  -5  -4  -6   7  -2  -2  -2  -4  -4   24   0   1   0   0   1   1   5   0   1   1   1   1   0  56   3   2   1   1   1  1.69 0.73
   92 A     6  -5  -5  -5   6  -4  -4  -3  -5  -4  -5  -4  -4  -5  -2   0  -3  -5  -5  -2   60   1   1   1  17   1   1   1   0   1   1   1   0   0   3   8   2   0   0   2  1.49 0.63
   93 I     1  -5  -5  -5   0  -5  -5  -5  -5   6   0  -5   0  -3  -1  -4  -3  -5  -4   3   10   0   0   0   2   0   1   1   0  48   9   1   2   1   4   1   1   0   0  19  1.13 0.49
   94 A     5  -5  -5  -5  -1  -4  -4   3  -5   0   0  -5  -1  -4  -4  -2   0  -4  -2  -1   44   0   0   0   1   0   1  22   0   5  10   0   2   1   0   1   7   0   1   3  0.82 0.47
   95 A     1  -5  -6  -7   2  -6  -6  -5  -4   2   4  -6   0   0  -4  -4  -3   3   1   1   14   0   0   0   4   0   0   1   0  11  44   0   2   3   1   1   1   4   5   9  0.83 0.44
   96 A     7  -7  -4  -7  -4  -6  -6   1  -7  -4  -2  -6  -4  -6  -4   0  -2  -8  -7  -3   72   0   1   0   0   0   0   9   0   1   4   0   0   0   1   7   3   0   0   2  1.60 0.78
   97 A     6  -6  -5  -6   3  -5  -6  -5  -6  -1   0  -6  -1  -6  -5   0   0  -3  -5   0   61   0   1   0   5   0   0   0   0   3   9   0   2   0   0   7   5   0   0   6  1.24 0.64
   98 L     3  -2  -3  -5  -2  -1  -2  -3   0   0   3  -1   2   1  -5  -2  -2  -1  -1   0   24   2   1   0   1   3   2   1   2   5  31   4   4   5   0   3   2   1   2   7  0.41 0.28
   99 D     2   0  -2  -2  -1   0  -1  -3   5  -1   0  -1   1   1  -4  -1  -1   1   3   0   17   5   1   2   1   4   4   1  13   4   8   4   4   5   0   4   4   2  12   6  0.28 0.22
  100 M     2  -5  -5  -6   2  -4  -4  -5  -3   4   3  -5   0  -2  -4  -3  -2  -2  -1   2   20   0   0   0   4   1   1   1   1  25  26   0   2   1   1   2   2   1   2  12  0.71 0.38
  101 L     1   0  -1  -2  -1   0   0  -1   1   1   1   0   0   0  -1   0  -1   0   0   0   15   5   3   2   1   5   6   3   4   7  16   6   3   4   2   5   2   2   3   5  0.05 0.06
  102 E     2   1   0   0  -2   0   2  -2   1  -1  -1   1  -2  -3  -2   0  -1  -2  -2  -1   20   9   4   4   1   4  15   3   3   5   5   9   1   1   2   7   4   1   1   3  0.18 0.13
  103 R     0   4  -1  -2  -3   1  -1  -2   1  -2   0   3   0  -3  -3  -1  -2  -2  -2  -2   10  26   2   2   1   6   4   3   3   3   9  16   3   1   1   5   2   0   1   2  0.38 0.23
  104 Q     0   1   0   1  -1   1   1  -1   0  -1  -1   2  -1  -1  -2   0  -1   0   0  -2   10  10   4  10   1   7   9   5   2   4   5  11   1   3   1   5   4   1   3   2  0.10 0.08
  105 E     0   1   1   1  -1   0   1  -1   2  -1  -1   0  -1   0   1   0  -1  -2   0  -1    8   7   7  10   1   4   9   4   5   5   5   7   1   6   6   5   4   0   3   3  0.08 0.06
  106 G    -2  -3   2   6  -3  -3  -1   3  -2  -4  -4  -3  -3  -2  -2   0  -3  -2  -2  -4    3   1  11  38   1   1   3  20   1   1   2   2   1   2   2   7   1   1   2   1  0.81 0.39
  107 S    -1  -2  -2   0  -3  -2   1   1  -4  -4  -4  -1  -4  -4   6   0  -2  -4  -3  -3    6   2   2   6   1   2   9  10   0   1   2   5   0   1  41   8   2   0   1   2  0.85 0.43
  108 E    -3  -2   2   6  -4   0   3  -3  -2  -6  -4  -1  -4  -5  -4  -2  -3  -6  -5  -6    2   2  10  48   0   4  18   2   1   0   2   3   0   1   1   2   1   0   0   1  1.19 0.54
  109 A     5  -3  -3   0  -1  -1   1   0  -3  -3  -3  -2  -4  -5   1   0  -1  -5  -4  -2   43   1   1   5   1   2   9   8   1   1   2   2   0   0   8   7   4   0   0   3  0.59 0.37
  110 I    -3  -5  -2  -5  -2  -3  -4  -6  -4   4   2  -3  -1  -3   0  -3   1  -6  -3   5    2   0   2   0   1   1   1   0   0  19  19   1   1   0   5   2   7   0   1  36  0.78 0.41
  111 L    -4  -6  -5  -7   2  -4  -5  -5  -6   2   4  -6   8   0  -7  -4  -4  -3  -5   2    1   0   0   0   4   0   0   1   0  11  32   0  32   3   0   1   1   0   0  12  1.29 0.58
  112 L     2  -5  -6  -6   0  -4  -6  -2  -4   2   4  -5   0   0  -6  -4  -3  -1  -3   2   19   0   0   0   2   0   0   4   0  11  42   0   1   4   0   1   1   1   0  14  0.74 0.41
  113 V    -2  -6  -5  -7  -1  -6  -5  -7  -7   4  -1  -6  -1   0  -3  -2  -2  -7  -4   6    4   0   0   0   1   0   0   0   0  18   5   0   1   4   1   3   2   0   0  58  1.29 0.59
  114 L    -2  -6  -7  -7   0  -6  -5  -6  -6  -1   5  -6   5   2  -7  -2  -1  -6  -3   1    4   0   0   0   2   0   0   0   0   2  49   0  15   9   0   3   4   0   0  10  1.09 0.52
  115 P     0  -8  -8  -4  -5  -7  -7  -8   0  -9  -9  -7  -8  -9   8  -2  -2 -10  -8  -8    7   0   0   1   0   0   0   0   3   0   0   0   0   0  82   4   3   0   0   0  2.74 1.08
  116 A     5  -6  -5  -6   0  -5  -5  -3  -6  -3  -6  -5  -6  -7  -6   5   0  -7  -6  -4   47   0   0   0   2   0   0   1   0   2   0   0   0   0   0  41   5   0   0   1  1.49 0.73
  117 D    -8  -8  -3   9 -10  -7  -5  -2  -7  -9 -10  -7  -9 -10  -8  -6  -7 -10  -9  -9    0   0   1  95   0   0   0   4   0   0   0   0   0   0   0   0   0   0   0   0  3.19 1.19
  118 H    -4  -7  -4  -8 -10   0  -7  -5  11 -10  -7  -8  -8  -8  -7  -6  -9  -9  -3 -10    2   0   1   0   0   4   0   1  91   0   1   0   0   0   0   0   0   0   1   0  4.06 1.42
  119 L    -1  -2  -4  -4  -2  -2  -4  -6   3   2   2  -3   3   1  -6  -3  -3   1   4   3    4   2   1   1   1   1   1   0   7   9  21   1   6   6   0   2   1   2  14  20  0.56 0.33
  120 V    -6  -8  -9  -9  -4  -8  -9  -2  -9   8  -2  -8   1  -1  -8  -8  -6  -8  -4   3    0   0   0   0   0   0   0   3   0  71   3   0   3   3   0   0   0   0   0  16  2.13 0.84
  121 T     1   1   0   0  -4   1   2   2   0  -3  -3   2  -3  -4   1   0   0  -3  -3  -3   11   7   4   5   0   6  13  14   2   1   2  12   0   1   7   5   7   0   1   1  0.23 0.20
  122 D    -4  -1   4   6  -7  -2  -1   0  -2  -6  -7   0  -5  -7   1  -1  -3  -8  -5  -5    1   4  20  41   0   1   3   7   1   0   0   5   0   0   8   5   1   0   0   1  1.09 0.56
  123 E     0  -1   0   1  -3   0   2  -2  -1   0  -1   0  -2  -3   2  -1   1  -5  -3   1    6   3   5   7   0   4  17   3   2   6   5   4   1   1  10   4  10   0   0  12  0.17 0.16
  124 E     2  -1   0   4  -4   0   4  -2  -2  -3  -5   1  -3  -5   0   0  -2  -4  -4  -3   15   3   4  20   0   5  23   3   1   2   1   8   1   0   4   6   2   0   0   2  0.49 0.34
  125 A     3   1   0  -1  -2   1   1   0  -2  -2  -2   1  -2  -4  -2   0  -1  -5  -2   0   25   9   4   4   1   6   9   8   1   2   4  10   1   1   2   5   3   0   1   6  0.22 0.20
  126 F    -8  -8  -9  -9  -4  -6  -9  -9  -7  -6   1  -9  -2   9  -9  -8  -8   3   3  -5    0   0   0   0   0   0   0   0   0   0  10   0   1  74   0   0   0   4   9   0  2.70 1.01
  127 A     1   4  -1  -3   0   2  -1  -3   3   0   0   0  -1  -2  -5  -1  -1   1  -2   0   11  20   3   1   2  11   3   2   9   6   9   4   1   2   0   4   3   2   1   7  0.29 0.24
  128 A     1   2   1   1  -4   2   3  -1   0  -4  -4   2  -4  -5  -5   0  -2  -4  -5  -4   13  11   5   8   0  10  21   5   2   1   1  13   0   0   0   6   2   0   0   0  0.47 0.33
  129 A     4  -3  -2  -1   2  -2  -3  -2  -3  -1   1  -3  -2  -3  -4   0   2  -4  -2   1   39   1   2   4   4   1   1   2   1   3  12   1   1   1   0   7  13   0   2   8  0.47 0.35
  130 V     0  -5  -6  -7   1  -6  -6  -6  -6   4   4  -6   1  -2  -6  -5  -4  -4  -3   4    8   0   0   0   3   0   0   0   0  26  32   0   3   1   0   0   0   0   1  24  0.98 0.47
  131 Q     1   4   1   0  -4   1   1  -2  -1  -3  -1   2  -1  -4  -2   0  -1  -5  -3  -2   11  21   5   4   0   7  10   2   2   1   6  15   1   1   1   6   3   0   1   3  0.31 0.24
  132 E     2   2   0  -1  -2   1   1  -2  -1  -2  -1   2  -1  -2  -2   0   1  -3  -2  -1   18  13   4   3   1   5   7   2   1   2   6  13   1   2   1   7  10   0   1   3  0.18 0.17
  133 A     6  -6  -2  -6  -2  -5  -4   3  -6  -4  -4  -5  -2  -5  -5  -1  -3  -7  -6  -2   68   0   2   0   1   0   1  17   0   1   1   0   1   0   0   4   1   0   0   3  1.43 0.69
  134 W     1  -1  -3  -2   1  -1   1  -3  -1   2   1  -1   0   0  -4  -1  -1  -2   0   2   15   3   1   2   3   2  11   1   2  10  12   4   2   5   0   4   3   0   4  19  0.16 0.16
  135 E     0   1   1   1  -3   1   3  -2   0  -3  -3   2   1  -3   1   0  -1  -3  -3  -2    8   8   6   6   0   5  21   2   2   1   2  12   5   1   6   6   3   0   1   2  0.27 0.22
  136 L     2   0  -1  -3  -2  -1  -2  -3   0   1   2  -2   0   1  -2  -1  -1   1   0   1   20   6   2   0   1   3   2   1   2   6  25   2   1   6   1   3   3   2   4  10  0.20 0.19
  137 A     6  -4  -3  -3   0  -4  -5  -3  -5   1  -1  -4  -4  -4  -5  -1  -2  -6  -4   0   72   1   1   1   2   0   0   1   0   8   5   0   0   0   0   3   2   0   0   5  1.23 0.60
  138 E     1   2   0   0  -2   2   4  -1  -1  -3  -2   1  -2  -4  -3   0  -1  -2  -3  -3   13  11   4   4   1   9  28   4   1   2   5   7   1   0   1   6   2   1   0   1  0.36 0.26
  139 A     1   0   1   1  -4   2   2  -2   0  -4  -3   2  -2  -3   1   1  -1  -5  -3  -4   13   4   6   9   0  11  15   2   2   0   2  16   1   1   7   9   2   0   0   0  0.33 0.24
  140 G    -3  -4   3   3  -6  -2  -2   6   1  -6  -6  -2  -5  -6  -4  -2  -3  -6  -3  -6    1   1  12  14   0   2   3  57   4   0   0   2   0   0   1   2   1   0   1   0  1.19 0.50
  141 R     1   2   0  -1  -2   0  -1  -1   3  -3  -2   1   2   0  -3   0  -1   3   3  -2   13  12   5   3   1   3   3   4   7   0   2  10   7   5   1   8   1   4  10   1  0.21 0.19
  142 I     0  -5  -6  -6  -4  -5  -5  -6  -3   5   4  -5   0  -1  -4  -4  -3   0  -3   2    7   0   0   0   0   0   0   0   1  32  40   0   1   2   1   0   1   1   0  11  0.88 0.39
  143 V     0  -6  -4  -6  -1  -5  -6  -3  -3   2  -1  -5   0  -3  -6  -4  -2  -6  -3   7    8   0   1   0   1   0   0   2   1  10   3   0   1   1   0   1   2   0   1  69  1.31 0.56
  144 A    -1   1  -3  -4  -1  -4  -4  -5  -5   0   0  -4  -1  -2  -5  -2   6   4  -3  -1    4   7   1   0   1   0   0   0   0   5  10   0   1   2   0   1  57   6   0   4  1.03 0.52
  145 F    -4  -6  -6  -7  -5  -6  -6  -7  -3   2   3  -6   1   7  -7  -6  -4  -1   0   1    1   0   0   0   0   0   0   0   1  12  25   0   2  47   0   0   1   1   2   9  1.33 0.51
  146 G    -2  -5  -4  -5   4  -5  -5   7  -5  -6  -6  -5  -5  -6  -5  -3  -4   0  -5  -5    2   0   0   0   8   0   0  82   0   0   1   0   0   0   0   2   0   1   0   0  1.98 0.64
  147 L    -3  -5  -5  -5   4  -5  -4  -5  -3   6   0  -4   0  -2  -4  -4  -3  -5  -4   3    2   0   0   0   8   0   1   1   1  55   6   1   1   1   1   1   1   0   0  20  1.18 0.45
  148 K     0   2  -1  -1  -2   0   0  -3  -1  -2  -2   3  -2  -3   1  -1   3  -2  -3   0    6  11   2   3   1   4   6   1   2   2   2  23   1   1   6   3  19   1   1   8  0.30 0.21
  149 P    -1  -5  -5  -5  -5  -4  -4  -5  -5  -2  -5  -4  -5  -2   8  -3  -4  -6  -5  -5    5   0   0   1   0   0   1   1   0   2   1   1   0   2  82   2   1   0   0   1  2.47 0.77
  150 S     1   0   1   2  -2  -1   0  -2   0  -3  -3   0  -2  -3  -2   1   4  -4  -2  -2   11   4   6  10   1   2   5   2   2   1   2   7   1   1   1  10  32   0   1   2  0.37 0.25
  151 R    -1   4  -2  -2  -1   0   1  -1   3  -3  -3   2  -3   1  -3   0   0   0   3  -3    4  21   1   1   1   2   8   5   6   1   1  16   0   6   0   8   5   1  10   1  0.33 0.21
  152 P     2  -5  -5  -5   0  -4  -3  -5   0  -3  -3  -4  -5  -5   8  -3  -3  -6  -5  -3   14   0   0   0   2   0   2   1   3   2   3   0   0   0  66   1   1   0   0   2  1.83 0.63
  153 E     1   2   0   1  -2   0   4  -3   3  -4  -4  -1  -3  -3  -3   1  -1  -4  -2  -3   13  11   4   6   1   2  34   1   7   1   1   3   0   1   1   8   4   0   1   2  0.48 0.26
  154 T    -2  -2  -2  -2  -4  -2  -2  -3  -4  -2  -4  -2  -2  -4  -1   0   6  -5  -4   2    2   2   2   2   0   2   2   2   0   2   1   1   1   0   3   5  59   0   0  12  1.02 0.44
  155 G    -1  -2  -1   1  -1  -1  -1   5  -2  -3  -4  -2  -2  -4   2  -2  -3  -4  -4  -3    5   2   3   7   1   3   4  52   1   1   1   2   1   0  11   3   1   0   0   1  0.83 0.32
  156 F    -4  -4  -4  -5   5  -4  -4  -4  -2  -3  -1  -4   1   4  -4  -4  -4  -1   8  -3    1   1   1   1  13   1   1   1   0   1   6   1   3  13   1   1   1   0  54   1  1.54 0.45
  157 G     1  -4  -3  -4  -4  -4  -4   7  -4  -5  -5  -4  -4  -5  -4  -3  -3  -4  -4  -4   13   1   1   1   0   1   1  77   0   1   1   1   0   0   1   1   1   0   0   1  1.61 0.50
  158 Y    -4  -4  -4   2  -4  -4  -4  -4   1  -4  -2  -4  -3   1  -4  -4  -4   3   9  -4    1   1   1  12   0   1   1   1   3   1   4   1   0   3   1   1   1   4  64   1  1.72 0.55
  159 I    -2  -7  -7  -1  -6  -7  -7  -7  -7   7   0  -7   2   0  -7  -7  -6   3  -6   0    4   0   0   4   0   0   0   0   0  64   8   0   4   4   0   0   0   4   0   5  1.77 0.75
  160 E    -2   3  -1  -2   1   3   4  -3   2  -2  -3   2  -1  -2  -2  -2  -2   2  -4  -2    2  15   2   2   3  12  22   2   4   2   3  11   2   2   2   2   3   3   0   3  0.45 0.33
  161 Q     0   2  -1   0   1   0   0  -2   0   0   0   1   1   0   0  -1   0   1   0   0    8  12   2   4   3   4   5   2   2   6  10   8   5   4   4   4   4   2   3   7  0.05 0.06
  162 G    -1  -4   0   1  -5  -3  -2   6  -1  -4  -5  -2  -5  -5  -3  -1  -3  -5  -5  -5    5   1   4   8   0   1   3  60   1   1   1   3   0   0   1   5   1   0   0   1  1.22 0.55
  163 E     1   0   0   2  -4   2   4  -1  -2  -5  -4   2  -4  -5  -1  -1  -1   1  -5  -3   10   4   4   9   0   8  29   5   1   1   2  12   0   0   3   5   3   2   0   1  0.48 0.33
  164 P     1   0   0   0  -3   1   2  -2  -2  -2  -1   1  -2  -3   3   0   1  -5  -3  -1   11   5   3   4   0   5  12   2   1   2   6  11   1   1  15   7   8   0   0   4  0.23 0.19
  165 L    -1  -1  -2  -2  -3  -1  -1  -3  -1   3   3  -2   0   0  -2  -2  -1  -3  -1   2    4   3   2   3   0   2   3   2   1  18  28   3   2   3   2   3   4   0   2  12  0.27 0.18
  166 A     1  -1   1   2  -3   0   2   1  -1  -2  -3   0  -2  -3   1   1   0  -4  -3  -2   11   3   6  10   0   3  13  12   1   3   2   6   1   1   6  13   6   0   1   3  0.19 0.16
  167 G     1  -2   2   2  -3   0   2   3  -1  -4  -3   0  -3  -3   1   0   0  -3  -3  -2   10   2   9  13   0   4  11  19   1   1   2   5   0   1   6   6   6   0   1   2  0.27 0.20
  168 K    -1   0   1   2  -3   0   1   3   0  -3  -4   0  -4  -4   2   0  -1  -5  -3  -3    5   5   6  11   1   5   9  23   2   2   1   7   0   1  10   8   4   0   1   2  0.32 0.23
  169 G     3  -4  -2  -5   1  -4  -4   2  -4   1  -1  -4  -2  -1  -1  -1  -2  -3  -2   3   24   0   2   0   3   1   0  16   0   8   4   0   1   2   3   5   2   0   1  25  0.47 0.32
  170 F    -2   1  -1  -5   0  -3  -3  -2   4  -4   0  -2  -2   5  -5  -3  -3   1   6  -3    3   9   3   1   2   1   1   3   8   0   8   2   1  26   0   2   2   2  24   2  0.89 0.46
  171 E     0   3   0   0  -4   1   2  -3   1  -4  -3   3  -2  -4   0   0  -1  -4  -3  -3    6  19   4   5   0   7  13   2   3   1   2  17   1   1   5   7   3   0   1   2  0.39 0.28
  172 V    -1  -8  -8  -8  -3  -7  -8  -6  -8   2   0  -7  -3  -5  -8  -5  -4  -8  -6   7    5   0   0   0   1   0   0   1   0  11   7   0   0   0   0   1   1   0   0  74  1.93 0.83
  173 A     1   1  -1   2  -3   0   3  -3  -3  -1  -1   2  -2  -4  -4   0   0  -4  -4  -1   14   7   2   9   0   3  19   2   0   3   7  15   1   0   0   6   5   0   0   5  0.29 0.25
  174 R     1   5  -2  -3  -2   2   1   0   0  -6  -6   2  -2  -6  -5   2  -1  -7  -5  -6   11  33   2   1   1   8   7   6   2   0   0  10   1   0   0  14   3   0   0   0  0.72 0.45
  175 F    -8  -9  -9 -10  -9  -9  -9  -9  -8  -5  -6  -9  -6  10 -10  -3  -8  -5  -3  -5    0   0   0   0   0   0   0   0   0   0   0   0   0  95   0   3   0   0   0   1  3.61 1.29
  176 V     0   0  -5  -6  -2  -2  -4  -6   3   3  -2   1  -3  -2  -6  -4   1  -5  -3   5    8   6   0   0   1   1   1   0   6  13   3  10   0   1   0   1   8   0   1  39  0.71 0.43
  177 E    -3  -4  -6  -1 -10  -4   8  -8  -6 -10  -9  -5  -8 -10  -7  -6  -7  -9  -8  -9    3   1   0   3   0   0  94   0   0   0   0   0   0   0   0   0   0   0   0   0  2.88 1.22
  178 K    -7  -4  -6  -7  -9  -5  -5  -1  -7  -9  -9   8  -8 -10  -7  -6  -7  -9  -8  -9    0   0   0   0   0   0   0   5   0   0   0  95   0   0   0   0   0   0   0   0  3.03 1.22
  179 P    -3  -9  -9  -8 -10  -8  -8  -9  -9 -10 -10  -8  -9 -10   9  -7  -8 -11 -10  -9    3   0   0   0   0   0   0   0   0   0   0   0   0   0  97   0   0   0   0   0  3.62 1.41
  180 D    -2  -5   3   7  -3  -4  -1  -3  -3  -8  -7  -2  -7  -8   0   1  -2  -9  -7  -6    4   0  13  55   1   1   3   2   0   0   0   3   0   0   5  10   3   0   0   1  1.42 0.69
  181 A     1   2  -3  -4  -4   0  -1  -2   0   0   3   0  -1   0   0  -2  -2  -4   0  -1   12  12   1   1   0   5   4   3   2   4  31   6   1   3   4   2   2   0   4   3  0.26 0.24
  182 A     3  -2   0   1  -3   1   4  -4  -3  -3  -5   1  -4  -6  -1   0  -2  -7  -4  -3   22   2   4   8   0   6  31   1   0   1   1   9   0   0   3   6   2   0   1   2  0.61 0.43
  183 A    -1   2  -2  -2  -5   0  -2  -4  -3  -1  -1   1  -1  -5  -5  -2   5  -6  -5   0    5  12   1   2   0   4   3   1   1   4   7  10   2   0   0   2  41   0   0   5  0.73 0.48
  184 A     8  -7  -7  -7  -3  -7  -7  -6  -7  -6  -7  -5  -7  -8  -7  -5  -5  -8  -7  -5   96   0   0   0   1   0   0   0   0   0   0   1   0   0   0   0   0   0   0   1  2.66 1.14
  185 Q     0   3  -2  -3  -3   3   4  -4  -2  -2  -2   3  -2  -6  -5  -2  -1  -6  -5   0    6  13   2   1   1  14  27   1   1   2   4  15   1   0   0   2   4   0   0   6  0.59 0.40
  186 A     2   3  -1  -1  -5   2   3  -2   0  -4  -3   2  -2  -5  -4   0  -1  -6  -3  -3   15  17   2   2   0  10  17   4   2   1   2  13   1   0   0   8   4   0   1   1  0.45 0.33
  187 Y    -6  -7  -8  -8  -6  -7  -8  -8  -3  -4   1  -7   3   6  -8  -7  -5  -1   8  -6    1   0   0   0   0   0   0   0   1   1  13   0   7  26   0   0   1   1  49   0  2.19 0.92
  188 L    -4  -7  -7  -7  -1  -5  -7  -7  -5   4   5  -7  -1   1  -7  -6  -4  -6  -2   3    1   0   0   0   1   0   0   0   0  20  47   0   1   5   0   0   1   0   1  21  1.22 0.57
  189 D     3   2  -1   1  -4   1   3  -3  -3  -5  -3   2  -4  -5  -5   0  -1  -6  -5  -3   24  10   3   7   0   6  19   2   0   0   2  13   0   0   0   8   3   0   0   1  0.52 0.37
  190 D     1   0   0   2  -4   2   1  -1  -2  -5  -5  -1  -4  -6  -5   5   0  -2  -6  -5   10   5   3  11   0   8   9   4   1   0   1   3   0   0   0  37   5   1   0   0  0.67 0.46
  191 G    -5  -5  -2  -2  -7  -2  -3   7  -7  -9  -9  -1  -8  -9  -4  -3  -5  -2  -9  -8    0   1   2   2   0   2   2  82   0   0   0   4   0   0   1   2   1   1   0   0  2.15 0.93
  192 R    -2   2   5   3   0   0   1   1  -1  -4  -4   0  -3  -5  -4   0  -1  -5  -4  -5    3  12  24  18   2   4   9   9   2   1   2   5   1   0   0   5   3   0   0   1  0.59 0.35
  193 Y    -3  -6  -6  -8  -1  -7  -7  -8   4  -5  -5  -6  -3   5  -8  -5  -7   1   9  -2    3   0   0   0   1   0   0   0   8   0   1   0   1  22   0   1   0   2  55   4  2.26 0.93
  194 W    -3  -5  -7  -4   0  -5  -6  -6  -2  -4   4  -5  -3   4  -7  -3  -4  -1   6   0    3   1   0   1   2   0   0   0   1   0  41   0   0  17   0   3   1   1  23   5  1.21 0.59
  195 W    -9  -3 -10 -10  -9  -8  -9  -9  -9  -6  -7  -9  -8  -5 -10  -9  -9  13  -4  -9    0   2   0   0   0   0   0   0   0   1   1   0   0   0   0   0   0  95   0   0  5.23 1.79
  196 N    -4  -7   9  -5  -8  -6  -7  -7  -6  -9  -9  -6  -8  -9  -8  -3  -6  -9  -5  -9    2   0  94   0   0   0   0   0   0   0   0   0   0   0   0   2   0   0   1   0  3.36 1.32
  197 S     3  -6  -5  -6   0  -6  -6  -2  -6  -7  -5  -6  -4  -7  -5   7   0  -8  -7  -6   21   0   0   0   2   0   0   4   0   0   1   0   0   0   0  65   5   0   0   0  1.72 0.88
  198 G    -6  -8  -4  -7  -8  -8  -8   8  -8  -9  -9  -7  -3  -5  -8  -5  -7  -8  -9  -9    0   0   1   0   0   0   0  96   0   0   0   0   1   1   0   1   0   0   0   0  2.93 1.18
  199 M    -7  -8  -1  -8  -5  -7  -8  -8  -8   6  -2  -7   9  -4  -8  -6  -4  -8  -3  -2    0   0   3   0   0   0   0   0   0  42   3   0  45   0   0   0   1   0   1   3  2.37 1.00
  200 L    -8  -9  -7  -9  -8  -9  -9  -9  -3  -4  -2  -9  -2   9  -9  -4  -8  -5   1  -4    0   0   0   0   0   0   0   0   1   1   4   0   1  86   0   2   0   0   4   1  3.10 1.19
  201 C     0  -6  -6  -7   4  -6  -6  -6  -7   3   3  -6   4   0  -7  -5  -3  -6  -4   4    7   0   0   0   8   0   0   0   0  16  25   0  10   4   0   0   2   0   0  27  0.97 0.49
  202 F    -2  -8  -8  -9  -1  -8  -8  -4  -6  -4  -2  -8   2   8  -9  -4  -4   9  -2  -2    4   0   0   0   1   0   0   2   0   1   5   0   4  48   0   1   1  29   1   3  2.31 0.96
  203 S    -3   5   0  -1  -5   1  -3  -2   0  -7  -6   4  -5  -7  -2   1   1  -3  -4  -5    2  33   3   3   0   6   1   3   2   0   0  23   0   0   2  11   8   0   0   0  0.92 0.54
  204 A     5  -4  -3  -6  -1  -4  -6  -4  -6  -1  -2  -2  -4  -5   1  -2   0  -7  -5   3   52   1   1   0   1   0   0   1   0   3   4   3   0   0   7   3   6   0   0  16  0.99 0.58
  205 L     0   0   0   3  -4   0   1   1  -3  -5  -6   2  -5  -6  -3   3  -3  -4  -5  -5    8   6   4  18   0   5   9  11   0   0   0  10   0   0   1  25   1   0   0   0  0.57 0.41
  206 V     1   1  -2  -1  -2  -2  -4  -5  -2  -1  -1  -2  -3  -3  -4  -1   4  -6  -3   3   13   7   2   3   1   1   1   0   1   2   6   3   0   1   1   5  29   0   1  22  0.54 0.40
  207 M    -5  -7  -8  -8  -5  -7  -8  -8  -7   5   3  -8   4   5  -8  -7  -6   3   3   0    1   0   0   0   0   0   0   0   0  27  21   0  11  22   0   0   0   4  10   5  1.34 0.63
  208 C    -4  -1  -6  -6  -3  -2  -4  -8  -5   2   6  -4   2  -1  -8  -5  -4   0  -4   0    2   4   0   0   1   2   1   0   0  12  61   1   5   2   0   1   1   1   0   5  1.20 0.61
  209 D     2   1   1   3  -6   1   4  -2   0  -6  -5   1  -6  -7  -5   0  -2  -7  -5  -4   14   6   6  15   0   7  26   3   2   0   1   7   0   0   0   8   2   0   0   1  0.59 0.42
  210 A     3  -3  -3  -2  -4   0   6  -5  -3  -6  -1  -3  -2  -8  -7  -2  -4  -6  -6  -5   24   1   1   2   0   5  52   1   1   0   6   1   1   0   0   3   1   0   0   1  1.27 0.73
  211 L    -3  -7  -8  -8   0  -7  -8  -7  -7   4   4  -7   4   4  -8  -6  -3  -6   0   0    3   0   0   0   2   0   0   0   0  20  39   0   9  17   0   0   2   0   3   5  1.17 0.57
  212 A     2   2  -1  -1  -7   2   4  -2  -1  -7  -4   4  -4  -6  -5  -1  -3  -7  -4  -5   15  12   3   2   0   9  24   3   1   0   2  21   0   0   0   5   1   0   0   1  0.70 0.47
  213 R     0   4  -2  -3  -4   2   1  -3   0  -1  -2   4  -3  -4  -5  -2   0  -6  -4  -3    8  24   2   1   0   8   8   2   2   4   4  23   0   1   0   3   7   0   0   2  0.57 0.39
  214 L    -5  -5  -2  -7   1  -1  -5  -6   8  -3   0  -5  -5   4  -8  -3  -3   1   5  -5    1   1   2   0   3   3   1   0  35   2  10   0   0  15   0   3   2   2  19   1  1.55 0.73
  215 A     3   1  -1   0   2   2   0  -3  -1  -2   2  -3   4  -4  -5   0  -3  -6  -3  -2   23   6   4   4   4   9   6   2   1   2  19   0   9   0   0   7   1   0   1   2  0.37 0.31
  216 P    -4  -5  -2  -3  -6  -4  -5  -6  -4  -7  -6  -2  -8  -6   8  -3  -5  -4  -6  -8    2   1   2   2   0   1   1   1   0   0   1   3   0   0  82   2   1   0   0   0  2.69 1.20
  217 E     1  -2   0   5  -7   1   4  -1  -1  -5  -4   0  -6  -6  -4  -1  -2  -3  -5  -4   10   2   4  27   0   6  27   4   1   0   2   6   0   0   1   4   3   0   0   1  0.76 0.48
  218 V    -4  -6  -5  -6  -4  -5  -6  -4   0   5   4  -6   4   0  -7  -4   1  -3  -4   2    1   0   1   0   0   0   0   2   2  30  30   0  10   3   0   1   8   0   1  10  1.01 0.50
  219 L     2  -4  -4  -4  -5  -3  -4  -3   3  -2   2  -4  -2   2  -5  -2  -3   4   6  -1   14   1   1   1   0   1   1   2   6   2  20   1   1   8   1   3   2   5  26   5  0.75 0.43
  220 D     2   1   0   2  -4   2   3  -2  -1  -4  -4   1  -2  -5  -2   0  -1  -4  -4  -3   19   6   5  11   0  10  17   2   1   1   2  10   1   0   2   7   4   0   0   2  0.38 0.29
  221 G     4  -1  -1  -3  -1   1  -3   2   1   0  -1  -1  -2  -1  -1   0  -1  -3  -2  -1   31   3   4   1   1   6   1  14   3   7   6   3   1   2   4   5   3   0   1   4  0.28 0.23
  222 V     1  -5  -6  -6   7  -5  -5  -5  -6   1   3  -5   1   0  -5  -2  -1  -1  -3   2   12   1   0   0  20   0   1   1   0   6  28   0   3   4   0   4   3   1   1  14  0.85 0.42
  223 E     0   3  -1   0  -2   2   3  -2  -1  -2  -2   1   1  -4  -3   0   0  -3  -1  -2    7  16   3   4   1   9  17   3   1   2   4   9   3   1   1   8   5   0   2   3  0.27 0.22
  224 A     2   2   0   0  -3   2   2  -2   0  -2  -2   2  -2  -4  -3   0   0  -5  -3  -3   18   9   4   4   1   9  13   2   2   2   5  14   1   1   1   6   5   0   1   2  0.28 0.23
  225 C     4  -4  -3  -4   4  -4  -4  -3  -5   3   0  -4   0  -1  -4   0  -2  -3  -2   0   35   1   2   1   7   0   1   2   0  18  10   1   3   2   1   8   3   0   1   5  0.64 0.37
  226 L     0  -1  -2  -2  -1  -2  -1  -1  -2   1   1  -1   2   1  -2  -1  -2   3   2   2    8   4   1   2   1   2   5   4   1   7  16   4   5   7   2   3   2   3   7  15  0.15 0.12
  227 R     2   1   0   2  -3   1   2  -2  -1  -2  -2   2  -2  -3  -2   0  -1  -3  -3  -3   16   8   5  10   1   7  14   3   1   2   3  12   1   1   2   7   4   0   1   2  0.24 0.18
  228 A     2   0   2   0  -1   0   1   1   1  -2  -2   1  -1  -1  -2   1  -1  -4  -2  -2   21   4   9   5   1   3   8   9   3   2   3   9   1   2   1  11   3   0   1   2  0.19 0.16
  229 S     2   0  -1  -1  -2  -2  -2   1  -1   1   0  -1   1  -2  -2   2  -1   1  -2  -1   21   5   2   3   1   1   2  10   1   8  10   3   4   1   2  15   3   2   1   3  0.16 0.15
  230 P     0   1   0   1  -1   1   1   0   0  -1  -1   1  -1  -1   1   0   0  -1  -1  -1    6   8   3   7   1   5   9   8   2   5   5  11   1   2   7   7   7   1   2   4  0.08 0.06
  231 C     0   2   0   0  -1   1   0  -1   1  -1  -1   1  -1  -1   1   1   1  -2  -1   0    8  11   3   4   1   5   5   3   3   4   7   8   2   2   6  10   8   1   2   8  0.06 0.06
  232 L     0  -1   0   4  -1   0   0  -1  -1  -1  -1   0  -1  -2   1   0   0  -1  -2  -1    9   3   4  22   1   4   6   5   2   3   8   7   1   2   6   7   6   1   1   3  0.17 0.12
  233 S     1  -1   1   1  -2  -1   1   1   0  -1   1   0   0  -2  -1   1   0  -2  -1  -1   11   2   7   9   0   3   8   9   2   3  16   4   2   2   3  10   5   1   2   3  0.08 0.08
  234 G     0  -1   1   3  -2  -1   0   2  -1  -2  -1  -1  -1   0  -1   0  -1   3  -1  -1    7   3   6  15   1   3   5  19   1   3   5   4   1   4   3   5   4   4   2   4  0.17 0.10
  235 A     0  -1   0   0  -2  -1  -1   1  -1   0  -1  -1  -1   3  -1   0   1  -1   0   0   10   3   5   7   1   2   3  12   1   5   5   3   1  18   3   5   9   1   2   5  0.12 0.09
  236 G     0  -1   0   1  -1  -1   0   1  -1   0   0  -1   0   0   0   0   1  -1   0   0    5   3   4  10   1   2   5  12   1   9  10   3   2   3   5   6   9   1   4   5  0.04 0.04
  237 R    -1   4   0   0  -2   0   1  -1   0  -2  -1   1  -1  -1   1  -1  -1  -1   0  -1    4  24   4   6   1   3   9   6   2   3   6   8   1   3   7   4   3   1   3   3  0.20 0.13
  238 R     0   1   0   1  -1   1   1  -1   0  -1  -1   0  -1   0   1   0   0   0   0  -1    5   8   4   9   1   5   9   5   2   3   7   7   1   4   7   5   4   1   4   4  0.06 0.03
  239 Q     0   0   0   0  -1   0   1  -1   0   0  -1   0  -1   2   0   0  -1   0   1  -1    8   4   4   5   1   5  13   4   2   5   6   4   2  12   5   4   3   1   6   5  0.06 0.06
  240 R     0   1  -1   0  -1   0   0  -1  -1   1   0   0   0   0   0   0   0   0   0   0    9  10   3   5   1   5   7   4   1  10  11   5   1   4   5   4   4   1   3   9  0.02 0.03
  241 E     0   1   0   0  -1   0   3  -2   1  -1  -1   0   0  -1  -1   0   0  -1   0  -1    8  10   4   5   1   3  21   3   3   4   6   5   2   2   3   6   5   1   3   5  0.12 0.09
  242 L     0  -2  -2  -2  -1  -2  -2  -3  -2   2   3  -2   0   0   0  -2  -1  -3  -1   2    7   1   1   2   1   2   3   2   1  11  34   2   1   3   5   2   3   0   2  14  0.30 0.18
  243 D    -1  -2   0   4  -1  -1   1  -1  -2   1   1  -2   0  -1   0  -1  -1  -3  -2   0    5   2   5  23   1   2   8   4   1   7  17   2   2   3   6   5   2   0   1   5  0.19 0.15
  244 K     2   1   0  -1  -3   0   2  -1   0  -2  -2   2  -2  -2   1   0  -1  -3  -2  -2   18   8   5   3   0   4  15   4   2   2   4  12   1   2   6   7   3   0   1   2  0.19 0.15
  245 A     1   0   0   2  -2   1   3  -2   0  -3  -3   2  -3  -4  -2   0   0  -4  -3  -2   14   5   4  12   1   6  22   3   2   2   2  11   1   0   1   6   5   0   1   3  0.33 0.23
  246 S     3  -1  -1  -1  -1  -1   0  -1   0   1   0  -1  -1  -1  -1   0   0  -1  -1   1   26   2   3   4   1   1   6   4   2  10   7   2   1   3   2   7   4   1   2  11  0.12 0.13
  247 F    -5  -7  -7  -8  -7  -7  -6  -7  -5  -5  -4  -7   3   7  -8  -5  -6   5   7  -5    1   0   0   0   0   0   1   0   0   0   1   0   7  48   0   1   0   6  33   1  2.26 0.86
  248 A     2   0   0  -1  -1   1   2  -1   0  -3  -3   0  -2  -4   2   2  -1  -5  -4  -2   21   5   4   3   1   5  13   5   2   1   3   6   1   1   9  15   2   0   0   2  0.27 0.23
  249 L     1   2   1   0  -3   2   1  -1   0  -4  -2   3  -3  -4  -3   1   0  -5  -2  -3   14  11   6   6   1   9   9   5   2   1   4  16   0   0   0   9   5   0   1   1  0.27 0.22
  250 C     1  -5  -4  -5   6  -4  -5  -5  -6   3   3  -5   2   0  -5  -1  -2  -5  -4   2   11   0   1   0  16   1   0   0   0  19  24   0   5   3   0   5   2   0   0  11  0.73 0.38
  251 P    -3   0  -4  -1  -7   0   2  -4  -4  -5  -6   0  -6  -6   7  -3  -2  -8  -7  -5    2   6   1   4   0   5  14   1   0   1   1   5   0   0  54   2   2   0   0   1  1.50 0.70
  252 D     2   0   2   2  -3  -1   0  -2  -3  -5  -5   1  -5  -5   0   4  -2  -4  -4  -4   14   6   9  10   0   2   6   3   0   0   0   9   0   0   6  30   2   0   0   1  0.52 0.36
  253 I    -4  -3  -1   1  -4  -1   1  -4  -4   6   0  -2  -1  -4  -6  -4   0  -6  -5   1    1   1   3   7   0   3  10   1   0  44   9   3   1   0   0   0   6   0   0  10  0.78 0.43
  254 S    -2  -6  -2  -3  -6  -4  -6  -5  -6  -3  -7  -6  -7  -8   1   7  -2  -8  -7  -3    3   0   1   1   0   0   0   0   0   2   0   0   0   0   6  82   2   0   0   2  2.01 0.95
  255 I    -5  -8  -8  -8  -6  -7  -3  -9  -8   8  -1  -8  -2   3  -8  -7  -3  -7  -5   2    1   0   0   0   0   0   2   0   0  68   4   0   1  10   0   0   1   0   0  13  1.95 0.78
  256 D    -7  -7  -4   9  -9  -6   0  -7  -7  -9  -9  -6  -8  -9  -7  -2  -7  -9  -8  -9    0   0   0  90   0   0   5   0   0   0   0   0   0   0   0   4   0   0   0   0  2.92 1.10
  257 Y    -6  -1  -2  -3  -3  -5  -5  -8   3  -2  -3   0  -6   1  -5  -4  -3  -4   9  -2    0   3   2   2   1   0   0   0   5   2   2   5   0   5   1   1   2   0  65   3  2.02 0.84
  258 A     6  -6  -6  -5  -4  -4  -4   4  -6  -4  -5  -5  -4  -7  -6  -1  -4  -7  -7  -2   57   0   0   0   0   1   1  30   0   1   1   0   0   0   0   5   1   0   0   3  1.45 0.69
  259 V    -3  -5  -8  -8  -6  -7  -7  -8  -8   5   2  -7  -3  -1  -7  -6  -3  -7  -4   6    2   1   0   0   0   0   0   0   0  25  14   0   0   2   0   0   1   0   0  55  1.56 0.67
  260 M    -3  -7  -8  -8  -7  -6  -8  -4  -7  -1   2  -7  10   1  -8  -2  -5  -3  -6  -3    3   0   0   0   0   0   0   2   0   3  19   0  64   5   0   3   0   0   0   1  2.40 0.96
  261 E    -5  -6  -6  -4  -9  -1   8  -8  -6  -3  -9  -4  -8  -9  -7  -2  -7  -9  -8  -8    1   0   0   0   0   2  92   0   0   2   0   0   0   0   0   3   0   0   0   0  2.72 1.12
  262 K    -4   3  -1  -2  -8   0  -4  -4   4  -3  -6   7  -6  -2  -2  -4  -5  -7  -5  -6    1  15   3   2   0   3   0   1   9   2   0  58   0   2   2   0   0   0   0   0  1.48 0.70
  263 T     4  -5  -4  -5  -1  -4  -3  -4  -1  -3  -3  -5  -3  -4  -2   3   5  -7  -4   0   29   0   0   0   1   0   1   0   2   1   3   0   0   1   2  22  31   0   1   5  0.88 0.54
  264 D     0   1   0   4  -3   1   2   0   0  -4  -5   2  -4  -5   1   1   0  -6  -4  -5    6   7   4  22   0   5  11   6   2   1   0  13   0   0   7  10   5   0   0   0  0.42 0.29
  265 N    -3   3   5   1  -3   1   0  -1   1  -5  -3   3  -4  -5  -4  -1  -1  -4  -4  -5    2  18  26   7   1   5   4   4   4   1   3  17   0   0   0   3   3   0   0   0  0.67 0.40
  266 A     3  -3  -4  -6  -1  -4  -5   0  -6   3   1  -4  -1  -3  -5  -2   0  -6  -5   4   22   1   1   0   1   0   0   6   0  16  11   1   1   1   0   2   5   0   0  32  0.67 0.40
  267 A     4  -1  -4  -5   1  -3  -3  -2  -2  -1   0   1  -1  -1  -5   0  -2   0   1   3   31   4   0   0   3   1   1   2   1   3   8   7   1   3   0   6   1   1   5  21  0.41 0.31
  268 V    -2  -7  -7  -3   2  -7  -7  -6  -7   0   0  -7   5  -3  -7  -4  -1  -7  -6   7    3   0   0   2   3   0   0   0   0   3   7   0  11   1   0   1   4   0   0  64  1.54 0.70
  269 V    -1  -6  -7  -7  -2  -6  -7  -6  -7   5   1  -5   0  -2  -7  -4  -3  -7  -4   6    6   0   0   0   1   0   0   0   0  26  11   0   2   1   0   1   2   0   0  49  1.30 0.58
  270 P     0   0  -5  -4  -3  -3   1  -5  -3  -5  -3   1  -5  -6   7  -2  -2  -7  -7  -4    7   6   0   1   1   1   9   1   1   1   3   8   0   0  55   2   3   0   0   1  1.42 0.67
  271 C     3  -3  -5  -5   3  -4  -5   1  -5   0   2  -4   1   1  -4   0  -2  -5  -1   1   26   1   0   0   6   0   0  12   0   3  19   0   4   5   0   8   2   0   2  12  0.44 0.31
  272 D    -1  -1   2   6  -4  -1   2  -3   1  -6  -5  -1  -6  -6  -2   2  -1  -7  -4  -5    6   4   8  41   0   2  11   2   3   0   1   3   0   0   2  13   4   0   0   0  0.88 0.48
  273 L     0  -6  -6  -6   2  -5  -6  -2  -4   2   1  -6   3   6  -3  -1  -2  -2   0  -1    9   0   0   0   4   0   0   4   0  12  10   0   8  36   2   5   2   0   2   4  0.84 0.44
  274 G    -1   0  -1   2  -4  -1   0   5  -2  -5  -4  -1  -3  -3  -1   0  -2  -6  -1  -4    5   6   3  11   0   3   6  43   1   1   2   4   1   1   3   6   2   0   2   1  0.66 0.38
  275 W   -10 -10 -11 -11   0  -9 -10 -10  -9  -9  -4 -10  -8  -3 -11 -10  -9  13  -5 -10    0   0   0   0   2   0   0   0   0   0   2   0   0   1   0   0   0  95   0   0  5.21 1.68
  276 S    -1  -2   4   3  -2  -1  -3  -5   1  -5  -6  -2  -6  -6  -6   5  -1  -5  -5  -6    4   2  17  14   1   2   1   0   3   1   1   2   0   0   0  49   3   0   0   0  1.11 0.62
  277 D    -8  -8  -5   9 -10  -6  -1  -7  -7  -9 -10  -7  -9  -9  -8  -6  -7 -10  -2  -9    0   0   0  95   0   0   4   0   0   0   0   0   0   0   0   0   0   0   1   0  3.17 1.18
  278 I    -4  -7  -8  -8  -6  -7  -7  -8  -8   4   3  -7   2  -5  -7  -7  -4  -7  -6   6    1   0   0   0   0   0   0   0   0  24  26   0   4   0   0   0   1   0   0  45  1.51 0.65
  279 G    -3  -8  -3  -7  -8  -7  -6   8  -8 -10  -9  -7  -8  -9  -8  -4  -7  -3  -6  -9    2   0   1   0   0   0   0  95   0   0   0   0   0   0   0   1   0   0   0   0  2.78 1.05
  280 N     0  -5   1   1  -1  -4  -2  -2  -1  -7  -7  -5  -5  -7  -6   6   1  -8  -7  -6    6   0   5   7   1   0   2   3   1   0   0   0   0   0   0  65   8   0   0   0  1.44 0.75
  281 W    -9  -9 -10 -11  -9  -9 -10  -9  -9  -5  -2 -10  -8   4 -10  -9  -9  13  -2  -9    0   0   0   0   0   0   0   0   0   1   4   0   0  14   0   0   0  80   1   0  4.40 1.46
  282 D     0  -1   1   4  -4   1   2  -2  -1  -5  -3   0  -2  -4  -1   2   1  -6  -4  -3    9   3   7  22   0   7  13   3   2   0   2   4   1   0   3  13   8   0   0   1  0.42 0.29
  283 S     5  -3  -4  -4  -4  -3  -1  -3  -5  -6  -5  -4  -4  -7  -5   4  -1  -7  -5  -3   52   1   0   1   0   1   3   1   0   0   1   0   0   0   0  33   3   0   0   2  1.31 0.68
  284 L    -3  -5  -7  -8  -5  -6  -7  -8  -7   2   5  -6   2   0  -7  -6  -5  -1  -2   3    2   0   0   0   0   0   0   0   0  10  57   0   4   4   0   0   0   1   2  20  1.28 0.58
  285 M     1  -1  -4  -1   0  -3   1  -1   3  -4  -3  -3  -3   0  -4  -1  -3   8   5  -4   11   3   1   4   2   1  10   4   8   1   3   1   1   3   1   5   1  23  17   1  0.92 0.48
  286 G     0   2   0   4  -5   1   4  -2  -1  -6  -6   0  -4  -6  -3   0  -3  -6  -5  -5    8  12   4  20   0   5  31   2   1   0   0   6   0   0   1   7   1   0   0   0  0.73 0.43
  287 E     0  -3  -2  -4  -2  -2  -1  -5   2   3   3  -3   0   0  -5  -3  -1  -2   1   2    7   1   2   1   1   2   4   0   5  20  25   1   2   3   0   2   4   0   5  15  0.41 0.27
  288 F     0  -1   0  -3  -1  -1  -2   1   0  -1   2  -2   1   1  -3   2  -1   0  -1  -1    9   3   4   0   1   3   3  11   2   2  23   2   4   5   0  17   4   1   2   4  0.16 0.18
  289 P     0  -1  -1   2  -3   1   3  -2  -2  -4  -4   1  -4  -5   4   0  -2  -6  -4  -2    8   3   3  11   1   6  18   3   1   1   1   9   0   0  23   5   2   0   1   3  0.53 0.36
  290 T     1   2  -2  -2  -4   1  -1  -3   2  -5  -4   5  -4  -5   0   0  -1  -5  -5  -3   10  10   2   2   0   5   3   2   5   0   2  40   0   0   5   5   4   0   0   2  0.71 0.43
  291 D    -5  -5   0   8  -4  -4  -2  -2  -2  -6  -6  -2  -8  -8  -4  -4  -3  -8  -8  -6    1   1   4  78   1   1   2   3   1   1   1   2   0   0   1   1   2   0   0   1  2.21 0.92
  292 G     2  -1   0   1  -4   0   3   1  -1  -4  -4   1  -3  -4  -1   1  -1  -4  -3  -3   16   4   4   8   0   3  22   9   1   1   2   9   1   0   4  12   2   0   1   2  0.33 0.27
  293 N     0   0   4   3  -2   2   1  -1   2  -4  -3   0  -2  -3  -4   0  -3  -4  -3  -5    9   4  22  19   1   8   7   4   5   1   3   5   1   2   0   7   1   0   1   0  0.50 0.34
  294 G    -2  -3   2  -1  -2   0  -1   6  -1  -6  -6  -2  -7  -7  -6  -2  -5  -7  -5  -6    3   2   9   4   1   4   4  63   1   1   1   3   0   0   0   3   0   0   0   0  1.39 0.65
  295 N    -6  -5   9  -4  -4  -5  -6  -4  -4  -4  -7  -4  -6  -7  -5  -3  -2  -9  -6  -4    1   0  86   0   0   0   0   1   0   1   1   1   0   0   1   1   3   0   0   2  2.78 1.12
  296 S     3  -1  -3  -6  -3  -3  -4  -4  -2   1  -1  -4  -3  -2  -4   0   0  -3  -1   5   21   4   1   0   1   1   1   1   1   8   4   1   0   2   1   6   6   0   3  39  0.68 0.41
  297 S     0  -1  -3  -5   2  -2  -4  -2  -1   3   1  -2  -1  -1  -4   0   0  -3  -3   3    8   4   1   0   4   2   1   3   2  19  15   3   1   3   0   6   6   0   1  22  0.34 0.24
  298 S    -1   2   0  -1  -2   2   0  -1   2   1  -1   1  -1  -2  -2   1   0  -2  -2   0    3  11   4   3   1   9   7   4   6   9   6  10   1   2   1  11   5   1   1   7  0.11 0.13
  299 G     0  -5  -1  -4  -7  -4  -3   7  -5  -5  -7  -4  -7  -8  -5  -3  -3  -7  -8  -6    6   1   3   1   0   1   2  77   0   1   1   1   0   0   1   2   2   0   0   1  1.91 0.83
  300 E    -3   2   3   5  -6   0   3  -4   0  -5  -4   1  -4  -5   0  -2  -3  -7  -5  -5    2   9  13  32   0   4  15   1   2   1   2   8   0   0   6   2   2   0   0   1  0.80 0.46
  301 V     1  -4  -2  -5   0  -2  -5   0   3   1  -2  -4  -2  -1  -2  -2   0  -3  -1   5   13   1   2   0   2   1   0   7   8   7   4   1   1   2   2   3   5   0   2  39  0.60 0.38
  302 L    -2  -2  -4  -5  -2  -3  -2  -6   0   4   2  -2   1   1  -5  -3  -1  -3   1   3    3   2   0   1   1   1   3   0   2  25  19   2   3   5   0   2   4   0   5  21  0.56 0.32
  303 L     2  -3  -1  -1   0  -2  -2   0  -1   0   2  -3   0   0  -3   1   1  -3  -1   0   20   0   3   4   2   2   2   6   2   4  18   1   2   4   1  12   8   0   2   7  0.16 0.18
  304 C    -3  -1  -2  -1  -2  -1   1  -6   3   4   2  -1  -1  -1  -4  -2  -2  -3  -1   2    1   3   1   3   1   2   8   0   6  23  20   4   1   2   0   2   2   0   2  16  0.44 0.29
  305 D    -3  -4   4   7  -6  -1   2   1  -2  -8  -7  -2  -6  -7  -7  -2  -6  -9  -7  -8    2   1  16  52   0   2  11   9   1   0   0   2   0   0   0   3   0   0   0   0  1.50 0.74
  306 T     1  -6  -4  -5   6  -6  -6  -2  -7  -5  -6  -5  -5  -7  -5   5   4  -8  -7   1   11   0   1   0  13   0   0   3   0   0   0   0   0   0   0  36  26   0   0   8  1.22 0.69
  307 R    -2   3   0  -2  -2   1   1  -4   4  -5  -6   3  -4  -4  -4   2   1  -6  -3  -4    3  18   5   2   1   6   9   1   8   0   0  18   0   1   1  16   9   0   1   1  0.58 0.39
  308 R    -5   0   7   3  -5  -4  -2   3  -2  -9  -9  -2  -8  -9  -7  -3  -6  -9  -8  -8    1   4  51  17   0   1   2  20   1   0   0   2   0   0   0   2   0   0   0   0  1.69 0.80
  309 S    -4  -7   5  -5   8  -6  -6  -6  -4  -4  -4  -6  -5  -5  -7   4   2  -8  -7  -1    1   0  23   0  26   0   0   0   0   1   2   0   0   0   0  30  12   0   0   5  1.55 0.77
  310 F    -5  -7  -3  -8  -2  -6  -7  -8  -2   3   4  -7   1   3  -7  -5  -1  -3   5   0    0   0   1   0   1   0   0   0   1  16  36   0   3  12   0   1   4   0  19   6  1.07 0.53
  311 V    -2  -8  -8  -8  -6  -7  -8  -7  -8   5   1  -6  -2  -2  -8  -6  -4  -8  -5   6    4   0   0   0   0   0   0   0   0  34  13   0   1   2   0   0   1   0   0  45  1.56 0.69
  312 Q    -3   3  -1  -2  -2  -1  -4  -5   5   1  -1  -2   1   2  -6  -2  -3   2   5  -1    1  16   3   2   1   3   1   0  12   9   7   2   3   7   0   3   1   3  19   5  0.62 0.38
  313 S     3  -6   1  -3  -2  -4  -4   2  -5  -6  -7  -5  -6  -6  -5   6   0  -8  -7  -4   19   0   6   1   1   1   0  14   0   0   0   0   0   0   0  49   6   0   0   1  1.17 0.68
  314 R    -3  -1   1   4  -4   1   3  -1  -1  -6  -5   0  -4  -5   2   1   1  -6  -4  -5    1   3   7  20   0   6  22   5   2   0   1   4   0   1  11   9   7   0   0   0  0.59 0.39
  315 G    -3  -1   2   4  -5  -1   1   4   2  -7  -7   1  -6  -7  -5   1  -3  -7  -4  -6    1   4  11  20   0   2   9  27   5   0   0   9   0   0   0   9   2   0   1   0  0.73 0.43
  316 R    -3   6  -3  -6  -4   0  -3  -1   1  -2  -5   5  -3  -7   1  -4  -3  -8  -6  -4    2  41   1   0   1   3   1   6   3   2   1  28   1   0   7   1   1   0   0   1  1.20 0.63
  317 L    -2  -1  -3  -5  -4  -3  -4  -6  -1   0   5  -3   2   1   0  -4   0  -3  -4   1    3   3   1   0   0   1   1   0   2   5  53   2   4   4   4   1   6   0   0   8  0.76 0.44
  318 I    -4  -7  -8  -8  -5  -7  -7  -8  -8   5   0  -7  -2  -5  -7  -6   1  -7  -3   6    1   0   0   0   0   0   0   0   0  28   9   0   0   0   0   0   7   0   1  53  1.62 0.73
  319 A     6  -5  -6  -7   0  -6  -6   0  -7  -3  -4  -5  -3  -5  -6   0   0  -7  -4   3   58   0   0   0   2   0   0   6   0   1   1   0   1   0   0   6   6   0   0  18  1.23 0.66
  320 T     3  -6  -5  -6   1  -5  -6  -1  -6  -1   2  -5  -1  -3  -6  -3   4  -6  -5   2   20   0   0   0   3   0   0   6   0   3  21   0   1   1   0   1  27   0   0  16  0.75 0.48
  321 L    -2  -5  -1  -6  -1  -3  -5  -6  -2   5   3  -5  -1  -2  -6  -2  -4  -6  -3   4    3   0   4   0   1   1   0   0   1  31  22   0   1   1   0   3   1   0   1  28  0.94 0.48
  322 G    -5  -6   0   1  -6  -6  -4   7  -5 -10 -10  -6  -8  -9  -8  -4  -7  -4  -9  -9    0   0   4   7   0   0   2  85   0   0   0   0   0   0   0   1   0   0   0   0  2.38 0.99
  323 V    -3  -6  -8  -8  -1  -6  -7  -7  -6   2   4  -7   2  -4  -7  -7  -3  -7  -4   6    2   0   0   0   1   0   0   0   0  10  36   0   4   0   0   0   1   0   1  45  1.39 0.65
  324 D    -3   1   2   4  -5   1   4  -5   1  -7  -7   3  -6  -7  -4   1  -3  -7  -6  -6    2   6   9  20   0   5  26   0   3   0   0  15   0   0   1  11   1   0   0   0  0.84 0.50
  325 D    -6  -5   6   7  -9  -5  -3   0  -3  -9  -9  -4  -8  -9  -7  -4  -6 -10  -8  -9    0   1  30  59   0   0   1   7   1   0   0   1   0   0   0   1   0   0   0   0  2.15 0.94
  326 L    -2  -6  -6  -7   1  -4  -7  -7  -3   3   5  -6   3  -2  -7  -6  -1  -6  -3   2    3   0   0   0   3   1   0   0   1  14  51   0   7   1   0   0   5   0   1  14  1.10 0.54
  327 L     1  -6  -4  -7  -2  -6  -7  -6  -6   6   0  -5   0  -3  -7  -4  -2  -7  -4   5   11   0   1   0   1   0   0   0   0  36   7   1   2   1   0   1   2   0   0  37  1.24 0.59
  328 I    -2  -8  -8  -8  -5  -8  -8  -7  -8   6  -3  -8  -4  -5  -8  -6  -5  -8  -7   7    4   0   0   0   0   0   0   0   0  34   2   0   0   0   0   0   0   0   0  59  2.00 0.85
  329 I    -2  -8  -8  -9  -6  -8  -8  -9  -9   5  -4  -8  -3  -6  -8  -6  -5  -8  -7   7    3   0   0   0   0   0   0   0   0  24   0   0   0   0   0   0   0   0   0  72  2.21 0.91
  330 D     1  -2   2   5  -4   0   3  -5   1  -6  -5  -2  -4  -7  -5  -1  -3  -7  -6  -2   13   2   8  35   0   5  20   0   4   0   1   2   0   0   0   4   1   0   0   4  0.89 0.50
  331 T    -2  -4  -1  -1  -4  -4  -3  -5  -3  -6  -5  -4   0  -7  -6   1   7  -8  -6  -4    3   1   2   3   0   1   2   1   1   0   1   1   2   0   0   9  73   0   0   1  1.84 0.89
  332 P     0   0   0   3  -5  -1   2   1  -1  -6  -5   2  -5  -6   4  -1  -4  -7  -6  -4    9   6   4  14   0   3  13  12   1   0   0  11   0   0  22   4   0   0   0   1  0.59 0.38
  333 D    -7  -5   0   8  -9  -4  -2  -1  -4  -9  -9  -4  -9  -9  -6  -4  -5 -10  -9  -9    0   0   5  85   0   1   2   4   0   0   0   1   0   0   0   1   1   0   0   0  2.60 1.05
  334 A     6  -3  -4  -5  -3  -4  -4  -1  -4  -3  -6  -4  -4  -4  -6   0  -2  -7  -6   1   71   2   1   0   0   0   1   4   1   1   0   1   0   1   0   5   2   0   0   9  1.47 0.74
  335 L    -4  -7  -7  -7  -3  -6  -7  -8  -7   4   4  -6  -1  -4  -7  -5   2  -7  -5   4    0   0   0   0   0   0   0   0   0  19  36   0   1   0   0   0  13   0   0  30  1.20 0.58
  336 L    -6  -7  -9  -9  -7  -7  -8  -9  -8  -2   7  -8   2   0  -8  -8  -5  -7  -1  -3    0   0   0   0   0   0   0   0   0   1  88   0   5   3   0   0   0   0   2   1  2.13 0.88
  337 V    -4  -8  -8  -8  -4  -8  -8  -9  -8   5  -2  -8  -4  -5  -8  -7  -5  -8  -6   7    1   0   0   0   0   0   0   0   0  31   3   0   0   0   0   0   0   0   0  65  2.11 0.86
  338 A     4  -5  -6  -6   8  -4  -6  -3  -6  -1  -2  -6   2  -5  -6   1   1  -7  -4   0   28   0   0   0  29   1   0   2   0   3   4   0   5   0   0  10   9   0   0   7  1.16 0.58
  339 D    -1   1   1   3  -5  -1  -2  -4   5  -6  -6   2  -5  -6   4   1  -2  -7  -5  -6    6   9   6  14   0   3   1   1  12   0   0  12   0   0  23  10   3   0   0   0  0.75 0.44
  340 R    -3   5  -3  -4  -7  -1  -3  -5  -2  -4   0   6   1  -5  -4  -3  -4  -7  -6  -4    2  31   1   1   0   3   1   1   1   1   8  44   4   0   1   1   1   0   0   1  1.26 0.63
  341 K    -1  -2   2   5  -6  -1   2   2  -1  -7  -7   0  -4  -7  -5   2  -3  -7  -4  -6    5   1  10  32   0   2  12  17   2   0   0   5   0   0   0  13   1   0   0   0  0.80 0.46
  342 R    -2   5   1  -1  -1   2   1  -4   3  -6  -5   2  -2  -5  -5   1  -3  -6  -1  -5    3  31   5   4   1  10   7   1   8   0   1  13   1   0   0  11   1   0   2   0  0.73 0.44
  343 S     4  -5  -3  -1   1  -3  -2  -2  -4  -3  -2  -4  -4  -5  -4   4   1  -6  -5   1   34   0   1   3   2   1   3   3   0   1   4   0   0   0   1  30   8   0   0  10  0.71 0.47
  344 Q    -3  -2  -1   0  -8   8   2  -4  -1  -6  -7  -3  -5  -3  -4  -2  -5  -7  -6  -6    2   2   3   6   0  68  10   1   1   0   0   1   0   1   1   3   0   0   0   0  1.95 0.93
  345 D    -3   1   1   5  -7   1   3  -2   0  -6  -5   3  -4  -7  -4  -1  -4  -7  -5  -6    2   7   6  31   0   5  21   3   2   0   1  15   0   0   0   5   0   0   0   0  0.83 0.47
  346 V    -4  -7  -5  -8  -6  -5  -7  -8  -8   4   1  -7  -1  -5  -7  -6  -4  -7  -6   7    1   0   1   0   0   0   0   0   0  18  11   0   1   0   0   0   1   0   0  66  1.76 0.76
  347 R    -4   4  -4  -6  -8  -3  -3  -1  -6  -7  -7   7  -6  -8  -2  -4  -5  -8  -7  -7    1  18   1   0   0   1   1   4   0   0   0  70   0   0   2   1   0   0   0   0  1.98 0.87
  348 D     0   0   1   2  -6   2   3  -3   0  -4  -2   4  -4  -5  -4  -1  -1  -4  -4  -5    7   5   5  12   0  10  19   2   2   1   4  25   0   0   0   4   3   0   0   0  0.54 0.36
  349 I     0  -6  -6  -7  -3  -6  -6  -6  -7   5   3  -6   1  -1  -6  -5  -4  -6  -4   4    7   0   0   0   0   0   0   0   0  30  30   0   3   2   0   0   0   0   0  26  1.11 0.52
  350 V    -1  -5  -7  -7  -4  -5  -6  -5  -4   2   0  -5  -1  -1  -5  -4  -2  -6   0   7    5   1   0   0   0   0   0   1   1   9   9   1   1   2   0   1   2   0   3  64  1.34 0.63
  351 A     1  -1   2   3  -5   1   4  -2  -2  -5  -5   2  -4  -6  -3   0  -1  -6  -5  -5   11   3   9  15   0   7  29   4   1   0   0  11   0   0   1   6   3   0   0   0  0.61 0.39
  352 E     1   2  -2  -2  -3   3   2  -2   0   0  -1   2   0  -2  -3  -1   0  -1   0  -2   12  12   1   2   0  12  13   2   2   5   7  14   3   1   0   3   5   1   3   2  0.23 0.22
  353 L    -5  -6  -3  -7  -4  -6  -7  -7  -4   2   6  -7   3  -1  -6  -6  -5  -2  -5   0    1   0   2   0   0   0   0   0   1   9  74   0   5   2   0   1   0   1   0   4  1.56 0.69
  354 K    -1   3   0  -1  -5   2   2  -3  -2  -3  -4   5  -4  -5  -3  -1  -2  -6  -5  -4    6  13   5   3   0   8  14   1   1   1   2  39   0   0   1   4   2   0   0   1  0.76 0.45
  355 R     2   2   0   0  -5   2   3  -2  -2  -3  -3   3  -3  -4  -3   0  -1  -3  -4  -3   17   9   3   5   0   8  18   2   0   1   3  19   1   1   1   7   3   0   0   2  0.40 0.30
  356 R     0   3   1   0  -4   3   2  -3   1  -2  -2   3  -1  -5  -3   0  -1  -5  -4  -3    9  14   6   5   0  11  16   2   3   2   3  16   2   0   0   6   3   0   0   1  0.38 0.28
  357 G    -2  -1   3   1  -4   0  -1   5   1  -6  -5   2  -5  -4  -4  -2  -3  -5  -2  -6    2   3  15   6   0   5   3  40   4   0   1  13   0   1   0   3   1   0   2   0  0.79 0.44
  358 H     0   5  -1  -1  -4   0  -2  -2   3  -2   0   1   0  -1  -1  -1  -2  -1   1  -3    8  36   3   3   0   3   2   2   6   2   9   6   2   2   4   4   1   1   4   1  0.49 0.33
  359 P    -1   0   1   1  -4   0   3  -3   0  -3  -3   2  -2  -4   3   1   0  -4  -3  -3    5   5   6   9   0   4  17   2   2   2   2  12   1   0  14  10   7   0   1   2  0.34 0.26
  360 A    -1   1  -2   1  -3   2   6  -5  -1  -2  -1   0  -5  -5  -4  -2  -2  -6  -2  -2    5   6   2   7   1   9  46   0   1   2   6   5   0   0   0   2   2   0   1   3  0.77 0.47
  361 Y     2  -4  -4  -5  -2  -3  -4  -3   2   0   2  -3   0   1  -3  -2   0  -1   4   2   18   0   0   0   1   1   1   2   6   5  18   1   2   6   1   2   7   1  17  13  0.43 0.31
  362 L    -2   0  -1   1  -3   0   1  -4   1   1   3   0  -1  -1  -4  -1   0  -4  -3   0    2   4   3   8   0   4   9   0   3   6  35   7   0   2   0   3   7   0   0   5  0.27 0.23
  363 Q    -1   0   1   0  -2   1   2  -2   2  -1   0  -1  -1   0  -3   1   1  -2   0  -1    4   5   8   6   0   6  15   1   5   4   9   2   1   5   0  11  11   0   3   3  0.14 0.15
  364 H    -3  -2   1  -2  -5  -1  -4  -1  10  -6  -5  -3  -4  -1   2  -2  -3  -6   1  -7    2   2   5   2   0   3   1   4  58   0   1   1   0   2   9   3   2   0   4   0  1.80 0.74
  365 R     0   4   0  -3  -1   1  -2  -3  -2  -1  -1   1  -2  -3   2   0   1  -5  -4  -1    7  27   4   0   1   6   1   1   1   4   7   9   1   1  11   7   9   0   0   5  0.34 0.27
  366 A    -2   3  -1  -2  -2   0   1  -4  -2   0  -1   3  -2  -1  -4  -1   3  -1  -2   0    2  17   2   2   1   3   9   1   1   5   5  16   1   2   0   2  23   1   1   7  0.37 0.29
  367 S    -2  -1  -3  -1  -1  -2   1  -4  -3   1  -2  -3   1  -2  -5  -1   0  -6  -2   5    2   3   1   4   1   2   9   1   1   5   2   1   3   2   0   5   5   0   1  51  0.67 0.41
  368 Q    -2  -1   0  -2  -4   1  -1  -5   6  -3  -2  -1   0   2  -4  -2  -2  -2   6  -2    4   4   4   2   0   5   5   0  18   1   3   3   2   7   1   3   2   0  32   2  0.85 0.45
  369 R    -5   8  -3  -5  -5  -2  -3  -6   0  -7  -6   1  -2  -5  -7  -4  -4  -7  -2  -6    1  80   1   0   0   1   2   0   2   0   1   8   1   1   0   1   1   0   1   0  2.21 0.89
  370 P    -3  -5  -5  -5  -7  -5  -3  -5  -3  -6  -7  -5  -7  -5   8  -2  -4  -8  -5  -4    2   0   0   0   0   0   2   1   1   0   0   0   0   1  84   4   1   0   1   1  2.67 1.02
  371 W    -8  -5  -9 -10  -5  -8  -8  -5  -8  -8  -7  -8  -7  -4  -9  -6  -8  13  -3  -8    0   1   0   0   0   0   0   1   0   0   0   0   0   0   0   1   0  96   0   0  5.09 1.56
  372 G    -4  -7  -5  -6  -7  -7  -5   8  -7  -8  -8  -5  -7  -8  -7  -5  -6  -7  -8  -6    1   0   0   0   0   0   1  97   0   0   0   0   0   0   0   0   0   0   0   1  2.74 0.99
  373 H    -2   0   0  -2  -2   0  -1  -2   1  -4  -4   0  -2   0  -4   3   2   6   3  -3    3   6   3   1   1   3   4   2   4   1   0   5   1   4   0  28  13  10   9   1  0.52 0.36
  374 Y    -3  -4  -5  -7   0  -4  -3  -6  -1  -2  -4  -4  -4   5  -5  -3  -3   1   9  -3    2   1   1   0   2   1   2   1   1   2   1   1   0  19   0   2   1   2  59   2  1.92 0.79
  375 T    -3   0  -2   2  -3   1   5  -5  -1  -3  -3   0  -3  -5  -5  -2   4  -6  -3  -3    2   5   1  12   1   5  36   0   1   1   2   6   0   0   0   1  23   0   1   1  0.77 0.47
  376 V    -2  -1   0  -3  -2  -2  -2  -2  -2   2  -1  -2  -2  -3  -4   2   2  -2  -3   4    1   4   5   1   1   1   3   2   1  13   5   1   1   0   0  18  13   1   1  28  0.39 0.31
  377 L    -4  -6  -7  -7  -5  -6  -7  -7  -7   4   5  -5   1  -2  -5  -6  -4  -1  -4   2    1   0   0   0   0   0   0   0   0  22  61   0   3   1   1   0   0   1   0  10  1.37 0.60
  378 E     0  -2  -1   4  -3  -1   3  -1   2  -1  -1  -1  -1  -1  -4   0  -2  -5  -2   0    8   2   3  25   1   2  21   4   6   3   6   2   1   3   0   5   1   0   1   7  0.35 0.27
  379 D     0   1   0   1  -3   2   3  -2  -1  -2  -2   1  -1  -3  -2   1   0  -3  -3  -1    6   8   4   9   1   8  24   2   1   2   4   6   1   1   1  12   5   0   0   4  0.27 0.22
  380 G    -1  -1  -1  -1  -3  -2   0   6  -4  -6  -6  -1  -5  -6  -4   1   0  -4  -5  -6    3   3   2   3   0   2   6  55   0   0   0   4   0   0   0  12   6   0   0   0  1.03 0.51
  381 A     0  -2   0   3  -4   0   3  -1  -1  -5  -3   0  -3  -6   4   0  -1  -6  -4  -3    7   1   4  16   0   3  23   4   1   0   3   6   1   0  20   6   3   0   0   1  0.55 0.35
  382 R    -2   4   3   0  -3   0  -2   4   2  -5  -5  -1  -3  -3  -5  -1  -2  -3  -2  -5    3  26  13   5   1   3   2  29   5   1   1   2   0   1   0   3   2   0   1   0  0.71 0.41
  383 Y    -5  -6  -6  -5   1  -4  -7  -6   3  -4  -3  -7  -4   7  -5  -5  -5  -2   7  -3    0   0   0   1   3   1   0   1   7   1   1   0   0  41   1   1   1   0  39   2  1.98 0.80
  384 K    -3   1  -3  -3  -2   6  -1  -4  -1  -2  -1   5  -2  -6  -5  -3  -2  -6  -4  -2    1   6   1   1   1  32   2   1   1   2   6  38   1   0   0   1   2   0   0   3  1.06 0.58
  385 I    -4  -7  -7  -7  -3  -6  -7  -5  -7   4  -1  -6   1  -3  -7  -4  -1  -7  -5   7    1   0   0   0   0   0   0   1   0  23   3   0   3   1   0   1   4   0   0  64  1.63 0.70
  386 K    -4   1  -1  -5  -5  -3  -3  -6  -5  -5  -7   8  -6  -6  -6  -2  -2  -8  -4  -5    1   7   3   0   0   0   1   0   0   1   0  80   0   0   0   3   2   0   0   1  2.04 0.87
  387 R    -5   6  -3  -5  -5   0  -1  -6   3  -1  -2   4   0  -3  -5  -2  -3  -2  -3  -3    0  45   0   0   0   4   4   0   6   5   4  22   3   1   0   2   1   1   1   1  1.09 0.55
  388 I    -5  -6  -7  -8  -5  -7  -7  -8  -5   7   4  -7   0  -2  -7  -6  -4  -6  -3   1    0   0   0   0   0   0   0   0   0  56  32   0   2   2   0   0   0   0   1   7  1.63 0.68
  389 V    -2   0  -1  -2  -1   0   1  -3   0   1  -1  -1   1   0  -4  -1   3  -3  -1   2    1   5   2   1   1   3  10   2   3   7   4   3   5   4   0   4  24   0   2  18  0.27 0.25
  390 V    -5  -7  -8  -8  -5  -7  -7  -8  -8   4   0  -7  -1  -5  -7  -6  -5  -7  -4   7    0   0   0   0   0   0   0   0   0  21   8   0   1   0   0   0   0   0   0  70  1.90 0.78
  391 K    -2   1   4   0  -5  -1  -1  -4   1  -3   0   4  -1   0  -4  -1  -1  -5   2  -3    2   6  21   5   0   2   3   0   3   1   8  28   1   4   0   3   3   0   8   1  0.51 0.35
  392 P    -1  -5  -5  -6  -8  -3  -5  -3  -7  -8  -8  -3  -7  -9   8  -1  -5  -9  -8  -5    6   1   0   0   0   1   1   2   0   0   0   2   0   0  82   4   0   0   0   1  2.61 1.03
  393 G    -4  -2   1  -3  -7  -2  -4   7   1  -8  -7   1  -7  -7  -6  -3  -6  -7  -6  -7    0   2   7   1   0   2   1  73   3   0   0   9   0   0   0   1   0   0   0   0  1.76 0.74
  394 A     3   0  -2  -3   0   2   1   2   2  -5  -4   3  -2  -4  -4   0  -2  -5  -4  -4   27   4   1   0   2   9  11  13   4   0   1  18   1   1   0   7   1   0   0   0  0.50 0.35
  395 T     0   4  -2  -4   0   1   0  -2  -2  -3  -4   3  -1  -4  -4   3   0  -6  -4  -2    8  25   1   0   2   6   4   2   1   2   0  20   1   1   0  20   4   0   0   2  0.57 0.38
  396 L    -3  -6  -7  -7  -5  -4  -7  -7  -7   3   6  -6  -1  -1  -7  -5  -1  -6  -3  -2    2   0   0   0   0   1   0   0   0  17  71   0   1   2   0   1   4   0   1   1  1.46 0.64
  397 S    -2  -3  -2  -2  -6  -4  -2  -4  -4  -5  -5  -4  -4  -7  -2   7  -1  -7  -4  -4    2   1   1   2   0   0   2   1   0   0   1   0   0   0   2  81   3   0   1   1  1.77 0.86
  398 L    -3  -3  -5  -5  -4  -4  -5  -7  -5  -1   6  -4   2  -2  -2  -4  -3  -5   1   0    1   1   0   1   0   0   1   0   0   3  72   1   4   1   2   1   2   0   4   5  1.23 0.58
  399 Q    -4  -2  -4  -1  -8   9  -1  -5   1  -6  -6  -3  -6  -8  -4  -4  -3  -7  -4  -7    1   2   0   4   0  80   3   1   3   0   0   1   0   0   1   1   2   0   0   0  2.38 1.03
  400 M    -2   2  -2  -3  -3  -1  -3  -2  -2  -2   0   3   5  -2  -2   2  -1  -3   3  -2    1  13   1   1   0   2   1   3   1   1   7  16  16   1   2  17   3   0   9   2  0.40 0.33
  401 H    -5  -5  -3  -3  -5  -4  -4  -6  11  -5  -6  -4  -7  -7  -2  -3  -2  -8  -4  -4    1   0   1   1   0   0   1   1  84   1   1   1   0   0   2   2   3   0   0   1  3.24 1.15
  402 H    -1   1   1  -2  -3   1  -1  -2   7  -3  -3   2  -2   1  -3  -1  -2  -4   2  -2    5   9   7   2   0   7   3   3  25   2   2  11   1   6   1   4   2   0   7   2  0.54 0.34
  403 H    -4   1  -2  -1  -3  -1  -2  -2   9  -4  -5   1  -5   1  -5  -3  -4  -6   3  -6    1   6   1   3   1   3   2   3  53   1   1   9   0   5   0   1   1   0   8   0  1.65 0.71
  404 R    -3   8  -5  -5  -2  -2  -3  -6  -3  -6  -6  -1  -4  -5  -7  -3  -5  -2  -3  -4    2  84   0   1   1   1   1   1   1   0   1   2   0   1   0   1   0   1   1   1  2.33 0.94
  405 S     4  -2  -1  -1  -4  -2  -1  -3  -1  -5  -3  -2  -4  -4  -2   5  -1  -3  -3  -4   30   2   3   3   0   2   4   1   1   0   2   1   0   1   1  44   3   0   1   1  0.85 0.52
  406 E    -4  -2  -3  -3  -3  -3   8  -4  -3  -4  -4  -1  -6  -7  -5  -3  -2  -7  -5  -4    1   2   1   1   1   0  81   2   0   1   2   3   0   0   0   2   2   0   0   1  1.96 0.87
  407 H    -6  -3  -1  -5  -4  -1  -4  -7  10  -4  -5  -2  -4  -2  -7  -3  -1  -7   1  -4    0   2   2   0   1   3   1   0  73   1   1   3   0   2   0   2   4   0   4   1  2.65 0.99
  408 W    -8  -7  -9  -6  -3  -8  -8  -7  -8  -2  -2  -8  -3  -1  -9  -8  -8  13  -4  -3    0   0   0   1   1   0   0   0   0   3   5   0   1   2   0   0   0  85   0   2  4.24 1.39
  409 V    -3  -6  -5  -6  -5  -3  -6  -5  -2   5  -1  -6   0  -1  -6  -3   2  -6  -4   5    1   0   0   0   0   1   0   1   1  26   5   0   2   2   0   1  12   0   0  46  1.11 0.54
  410 V    -3  -7  -6  -7  -2  -7  -7  -5  -7   3  -2  -7  -2  -2  -5  -6  -4  -7  -5   7    1   0   0   0   1   0   0   1   0  15   2   0   1   2   1   0   0   0   0  76  1.88 0.79
  411 V    -1  -6  -6  -7  -3  -4  -5  -7  -7   3   2  -6  -1  -4  -6  -4   0  -6  -5   6    4   0   0   0   0   1   1   0   0  12  15   0   1   0   0   1   5   0   0  61  1.32 0.61
  412 S     0   2   0  -2  -1   1   2  -2  -1  -5  -4   3  -2  -4  -4   4  -1  -6  -4  -4    9  11   3   2   1   7  11   2   1   0   1  17   1   1   0  30   3   0   0   0  0.53 0.38
  413 G    -5  -7  -5  -6  -8  -7  -7   8  -7  -9  -9  -5  -8  -8  -7  -5  -7  -2  -8  -8    0   0   0   0   0   0   0  98   0   0   0   0   0   0   0   0   0   1   0   0  2.84 1.05
  414 T    -2  -1  -1  -3  -1   0   1  -5  -3   1  -3   1   0  -5  -4   0   5  -6  -2   1    2   3   3   1   1   4  11   0   0   7   2   9   2   0   0   6  37   0   1  11  0.55 0.40
  415 A     7  -6  -6  -5  -3  -5  -6   1  -6  -2  -4  -5  -5  -4  -4  -4  -5  -7  -6   0   78   0   0   1   0   0   0  10   0   2   1   0   0   1   1   0   0   0   0   6  1.68 0.79
  416 L    -2   3  -1  -1  -3   1   2  -4  -1  -1   0   3  -1  -4  -4  -1   2  -2  -3  -1    3  14   2   3   0   6  17   1   2   4  11  17   1   0   0   3  12   0   0   3  0.32 0.26
  417 V    -3  -6  -7  -8  -3  -7  -7  -8  -7   4  -1  -7  -1  -1  -7  -6  -5  -7  -5   7    2   0   0   0   0   0   0   0   0  20   5   0   1   2   0   0   0   0   0  68  1.75 0.74
  418 V    -4  -1  -3  -3  -3   0   0  -4  -1   1  -3  -1  -3  -3  -5  -1   6  -4  -2   1    0   3   1   1   0   4   6   1   1   9   2   4   0   1   0   4  51   0   1   9  0.84 0.52
  419 N    -3   2   1  -3   3  -2  -3  -3  -2   3   2   1  -1  -3  -5  -2  -1  -5  -3   2    1  14   7   1   6   1   0   2   1  19  17   8   1   0   0   3   2   0   1  16  0.36 0.27
  420 G    -2  -4   2   5  -7  -3   1   5  -2  -7  -6  -3  -6  -7  -4  -3  -5  -3  -5  -7    3   0   9  28   0   1   8  44   1   0   0   2   0   0   1   1   0   0   0   0  1.20 0.57
  421 E    -2  -2   2   4  -5  -1   3   3  -1  -5  -5   1  -5  -5  -4  -2  -2  -6  -3  -5    3   2   8  26   0   2  22  19   1   0   0   7   0   0   0   2   3   0   1   0  0.70 0.40
  422 D    -1   1   1   2  -3   1   4  -2  -2  -3  -4   4  -2  -4  -4  -1   0  -3  -4  -3    5   6   5  10   0   6  25   3   1   1   1  24   1   1   0   4   5   0   0   2  0.50 0.34
  423 E    -2   0  -1  -1  -1   0   2  -3  -1   1  -2   1  -1  -4  -2   0   3  -5  -4   2    1   5   2   2   1   5  17   1   1   7   2   9   1   0   2   5  18   0   0  19  0.30 0.27
  424 K    -2   2  -2  -3  -3  -1  -2  -3   2   1   1   2   1   4  -4  -1  -1  -2   1  -1    2  10   1   1   0   3   2   1   5  10  11  12   3  20   0   3   4   0   5   4  0.29 0.23
  425 L    -1   0  -1   0  -3   0   0  -4   0   2   2   0   1   0   0  -1   1  -3  -1   0    2   4   3   5   0   4   8   0   2  12  20   4   3   5   4   4  12   0   2   7  0.11 0.13
  426 V    -3  -5  -7  -7  -2  -4  -6  -6  -6   1   5  -5   1  -1  -5  -6  -3  -5   1   3    2   0   0   0   1   1   0   0   0   7  58   0   2   2   0   0   1   0   5  21  1.17 0.55
  427 H     0   2   1  -1   0   1   0   0   4  -3  -2   2  -3  -3  -3   1   1  -4   0  -2    7  11   7   2   2   5   4   6  13   1   3  12   0   0   0  11  11   0   3   2  0.27 0.23
  428 C     2  -1  -2  -2  -2   1   5  -4  -3  -3  -4   1  -4  -6   3  -1  -1  -6  -4  -1   16   2   2   1   1   4  34   1   0   1   1  10   0   0  14   3   4   0   0   5  0.62 0.41
  429 N    -4  -4   7   0  -5  -4  -4   4  -1  -8  -5  -5  -4  -5  -6  -1  -5  -3  -7  -6    1   1  56   4   0   0   1  28   1   0   1   0   0   1   0   4   0   0   0   0  1.68 0.76
  430 E    -4  -2  -3   2  -7   6   6  -2  -1  -7  -5  -2  -1  -4  -5  -2  -3  -7  -6  -5    1   2   1  10   0  31  44   3   1   0   1   1   2   1   0   2   1   0   0   1  1.35 0.69
  431 S    -1  -2  -2  -4  -4  -2  -5  -2   0  -3  -5  -4  -2  -5  -5   7   0  -5  -3  -3    4   2   1   0   0   2   0   3   3   1   1   0   1   0   0  73   6   0   1   2  1.47 0.77
  432 T    -1  -4  -5  -6  -1  -5  -5  -5  -6   4   0  -4   0   2  -5  -3   4  -5  -3   3    4   0   0   0   1   0   0   0   0  22   7   0   2   8   0   1  31   0   1  21  0.84 0.48
  433 F    -4  -2  -2   0  -4  -2  -1  -6   2  -5  -4  -3  -2   6  -4  -1  -1  -1   7  -4    1   3   2   5   0   2   5   0   5   0   1   1   1  27   1   5   3   1  38   1  1.26 0.60
  434 I    -5  -7  -8  -8  -6  -7  -7  -8  -5   8   1  -7  -2  -2  -5  -5  -4  -3  -6   3    1   0   0   0   0   0   0   0   0  70   9   0   0   1   0   0   1   0   0  16  1.89 0.76
  435 P    -2  -3  -4  -1  -7  -3  -1  -5  -4  -5  -4   0  -7  -8   8  -3  -2  -8  -7  -5    4   2   1   3   0   1   5   1   0   1   2   5   0   0  69   2   3   0   0   1  1.93 0.83
  436 A     1   0  -2  -2  -2   0  -1  -3  -3   1   1   2   1  -3   2   0  -2  -4  -3   1   14   4   1   1   1   5   3   1   0  11  14  16   3   0  10   5   1   0   1   8  0.20 0.20
  437 G    -2  -3   1  -2  -3   0   0   6  -1  -7  -4   0  -4  -7  -5  -1  -2  -6  -4  -5    3   1   8   2   0   4   6  59   2   0   2   7   0   0   0   3   2   0   0   0  1.13 0.55
  438 V     2  -2  -2  -1   1   1   2  -2  -1  -2  -2  -1  -1  -3  -4   0   3  -5  -3   1   21   1   1   4   3   7  13   2   2   2   2   2   1   1   0   7  18   0   1  11  0.30 0.28
  439 R    -2   1  -2  -3  -4  -2  -1  -5  -2   2   0   3  -1  -4   2  -1   0  -1  -3   2    2   9   1   1   0   1   4   0   1  12   7  24   1   0   9   5   5   1   1  18  0.35 0.29
  440 H    -3  -5  -3  -6   1  -5  -4  -7  11  -5  -4  -6  -2  -2  -7  -5  -5  -7   1  -2    3   0   1   0   3   0   1   0  79   1   2   0   1   2   0   0   0   0   4   3  3.00 1.09
  441 R    -1   7  -4  -5   0   0  -3  -4  -3  -6  -5   0  -1  -5  -4   1   0  -7  -4  -3    5  63   0   0   2   3   1   1   0   0   1   3   1   0   1   9   5   0   0   2  1.43 0.68
  442 V    -5  -6  -7  -8  -5  -6  -7  -8  -7   4   5  -7   1  -1  -7  -6  -5  -2  -5   1    1   0   0   0   0   0   0   0   0  23  63   0   3   2   0   0   0   1   0   8  1.47 0.65
  443 A     1   0  -2  -2  -2   0   5  -2  -1  -1  -4   0  -3  -3  -4   1   1  -6  -2  -2   11   6   1   0   1   2  41   3   2   4   1   5   0   1   0  10   8   0   1   2  0.59 0.41
  444 N    -4  -6   9  -4  -5  -5  -6  -6  -5  -8  -9  -6  -7  -8  -7  -4  -5  -9  -7  -8    2   0  97   0   0   0   0   0   0   0   0   0   0   0   0   1   0   0   0   0  3.23 1.21
  445 P    -2  -1   1  -1  -1  -2  -2  -4   0   1  -2   1  -1  -4   6  -1  -1  -6  -2  -1    3   3   8   3   2   1   2   0   2   8   4   7   2   1  41   4   4   0   2   4  0.77 0.42
  446 G    -3  -4  -2  -5  -4   0  -2   6  -3  -6  -7  -2  -3  -4  -6   1   2  -3  -4  -6    1   1   1   0   0   4   2  63   1   0   0   2   1   1   0  10  12   0   1   0  1.34 0.63
  447 V    -2   0   1   3  -3   0   0  -1  -2  -2  -3   4  -1  -5  -1   1   1  -5  -3  -2    3   5   6  18   0   2   6   4   0   2   2  27   1   0   3   9   7   0   0   3  0.39 0.28
  448 I    -1  -1  -1   1  -2  -1   3  -1  -1   3  -1   0  -1  -2  -4  -1   1  -5  -4   1    3   2   3   8   1   2  20   5   1  20   5   5   1   1   0   4   9   0   0   9  0.22 0.22
  449 D    -1  -4   1   2  -4  -3   0  -4  -5   0  -2  -2  -1  -5   6  -3   0  -7  -6  -1    5   1   7  12   0   1   6   1   0   6   3   2   2   0  44   1   5   0   0   4  0.98 0.50
  450 L     0  -6  -7  -7  -4  -6  -7  -6  -7  -1   6  -6   0  -1  -7  -6  -3  -6  -5   1    8   0   0   0   0   0   0   0   0   3  76   0   2   2   0   0   1   0   0   7  1.49 0.67
  451 V    -3   0  -3  -1  -2   0   5  -5   2   1  -1   1  -2  -4  -5  -3  -1  -6  -3   2    1   5   0   2   1   4  39   0   5  10   4   7   1   0   0   1   5   0   1  17  0.63 0.42
  452 M    -3  -6  -7  -7  -5  -6  -6  -7  -6   6   3  -6   3   2  -6  -6  -4  -5  -4   2    2   0   0   0   0   0   0   0   0  41  29   0   6   8   0   0   0   0   0  14  1.23 0.55
  453 I    -5  -7  -7  -7  -5  -7  -7  -8  -7   8   2  -7  -1  -4  -7  -7  -4  -7  -6   2    0   0   0   0   0   0   0   0   0  71  14   0   1   0   0   0   0   0   0  13  1.96 0.77
  454 E    -5  -5  -5  -3  -8  -2   8  -7  -2  -8  -4  -2  -7  -8  -6  -4  -4  -8  -7  -5    1   0   0   0   0   1  91   0   1   0   2   2   0   0   0   1   1   0   0   1  2.45 1.01
  455 V    -3  -7  -7  -7  -5  -6  -6  -7  -7   4  -1  -6  -3  -5  -6  -4   0  -7  -5   7    1   0   0   0   0   0   0   0   0  23   4   0   0   0   0   1   7   0   0  65  1.66 0.71
  456 Q    -2  -1  -5  -3  -7   8  -2  -3  -4  -7  -7  -2  -5  -4  -6   0  -2  -3  -6  -5    3   3   0   1   0  77   2   2   0   0   0   1   0   1   0   6   2   0   0   1  2.11 0.93
  457 S    -2  -2  -1  -4   3  -3  -4  -5  -2   1  -1  -3   1  -2  -5   3   4  -5  -1   1    1   2   3   0   6   1   0   0   1   9   4   0   3   2   0  23  30   0   2  11  0.59 0.40
  458 G    -3  -5  -5  -6  -7  -6  -7   8  -3  -8  -8  -6  -7  -8  -5  -5  -5  -2  -7  -8    1   1   0   0   0   0   0  95   1   0   0   0   0   0   1   0   1   1   0   0  2.59 0.92
  459 D    -1  -3   1   4  -3  -1   3  -3  -3  -4  -4  -1  -4  -5  -1   3   1  -6  -3  -3    5   1   6  24   0   2  19   1   0   1   1   3   0   0   2  25   8   0   1   2  0.62 0.38
  460 Y    -6  -4  -5  -2  -2  -2  -5  -5   0  -2  -2  -3  -3  -1  -2  -5  -2  -3   9  -2    0   1   1   2   1   2   1   1   2   3   3   2   1   1   2   0   3   0  72   3  2.06 0.82
  461 L    -3  -3  -5  -3  -3  -5  -5  -5  -6   1   6  -5   0   1  -6  -5  -2  -5  -4   0    1   1   1   2   0   0   1   1   0   8  70   0   2   6   0   0   3   0   0   4  1.21 0.53
  462 G    -1  -3  -3   0  -3  -3   2   6  -2  -4  -5  -4  -5  -6  -3   0  -3  -6  -6  -5    3   1   0   6   1   1  15  58   1   1   1   0   0   0   1   8   1   0   0   0  1.14 0.52
  463 E    -5  -3  -5   0  -8   0   8  -6  -2  -7  -6  -4  -4  -7  -3  -3  -5  -7  -6  -7    0   1   0   4   0   2  88   0   1   0   1   0   0   0   1   1   0   0   0   0  2.28 0.90
  464 D    -3  -4   0   8  -4  -3   0  -4  -5  -7  -8  -4  -7  -8  -6  -2  -2  -8  -7  -7    3   1   4  79   0   1   6   1   0   0   0   0   0   0   0   3   2   0   0   0  2.10 0.80
  465 D    -4  -5  -3   9  -8  -5  -2  -6  -6  -8  -5  -5  -8  -8  -6  -5  -6  -9  -8  -8    1   1   0  96   0   0   1   0   0   0   2   0   0   0   0   0   0   0   0   0  2.89 1.00
  466 I    -4  -7  -7  -7  -5  -7  -6  -8  -8   8  -2  -7  -3  -4  -7  -4  -3  -7  -6   1    1   0   0   0   0   0   0   0   0  85   1   0   0   0   0   1   2   0   0   8  2.22 0.80
  467 V    -4  -5  -5  -4  -5  -2   3  -6  -3   4  -2  -2  -2  -3  -6  -4  -2  -6  -4   5    0   0   0   0   0   1  19   0   1  25   1   2   0   0   0   0   2   0   0  47  1.13 0.54
  468 R    -6   9  -5  -6  -8  -4  -4  -7  -5  -5  -7  -2  -6  -8  -7  -6  -4  -8  -7  -7    0  98   0   0   0   0   1   0   0   1   0   0   0   0   0   0   1   0   0   0  2.98 1.01
  469 F    -5  -5  -6  -7  -5  -5  -5  -7   0   2   3  -6  -1   6  -6  -5  -5  -3   5   0    0   0   0   0   0   0   0   0   2  10  29   0   1  32   0   0   0   0  20   6  1.19 0.48
  470 S    -1  -3  -2   4  -6   1   6  -4  -3  -6  -6   0  -5  -7  -3   0  -3  -7  -6  -5    5   0   1  23   0   6  50   1   0   0   0   6   0   0   1   6   1   0   0   0  1.18 0.53
  471 D    -6  -6  -2   9  -8  -4  -1  -5  -6  -8  -8  -5  -8  -8  -6  -5  -6  -9  -8  -8    0   0   1  95   0   0   3   1   0   0   0   0   0   0   0   0   0   0   0   0  2.84 0.91
  472 H    -1   1   1   4  -4   0   0  -4   0   2  -2   0  -1  -3  -1  -1  -1  -3  -3   1    4   7   6  27   0   4   5   0   2  15   2   6   1   0   3   2   3   0   1  10  0.31 0.22
  473 Y    -6  -6  -7  -8  -7  -6  -7  -8  -2  -6  -4  -7  -5   4  -8  -6  -6   0  10  -6    0   0   0   0   0   0   0   0   0   0   1   0   0  14   0   0   0   1  83   0  3.00 0.94
  474 G    -1  -1   2   0  -6   1  -1   6  -3  -6  -6   0  -5  -6  -5  -2  -4  -1  -6  -6    5   3  10   5   0   6   3  59   0   0   0   6   0   0   0   1   0   1   0   0  1.13 0.46
  475 R    -5   9  -4  -6  -8  -3  -5  -7  -5  -8  -7  -2  -6  -7  -7  -5  -6  -7  -6  -7    0  99   0   0   0   0   0   0   0   0   0   0   0   0   0   0   0   0   0   0  2.98 0.94
  476 S     3  -1   1   0  -3   0  -1  -2  -3  -2  -3   2  -2  -4  -2   1   2  -4  -3  -1   27   1   8   3   0   3   2   2   0   2   1  18   1   0   1  11  14   0   0   4  0.32 0.21
  477 G     0  -2   3   2  -3   2   0   2  -2  -3  -4   0  -3  -4   0   2  -1  -4  -3  -3    8   0  18  11   0  10   3  19   0   1   0   7   0   0   4  19   1   0   0   0  0.38 0.17
  478 S     1  -2   0   0  -2   0   0   2  -2  -3  -3   0  -2  -3  -2   2   3  -4  -3  -1   14   0   3   4   0   2   7  16   0   0   0   5   0   0   0  24  21   0   0   4  0.31 0.13
  479 A     3  -2  -2  -3  -2  -1  -2  -2  -3  -2  -2  -1  -2  -3   5   1  -1  -4  -3   1   31   0   0   0   0   2   0   0   0   0   0   2   0   0  32  15   0   0   0  17  0.64 0.16
  480 G     3  -2  -1  -2  -2  -2  -2   5  -2  -3  -3  -2  -2  -3  -2   0  -1  -3  -3  -2   43   0   0   0   0   0   0  57   0   0   0   0   0   0   0   0   0   0   0   0  0.67 0.05

                      K         Lambda
Standard Ungapped    0.1360     0.3202
Standard Gapped      0.0549     0.2670
PSI Ungapped         0.1793     0.3175
PSI Gapped           0.0549     0.2670
