
Last position-specific scoring matrix computed, weighted observed percentages rounded down, information per position, and relative weight of gapless real matches to pseudocounts
            A   R   N   D   C   Q   E   G   H   I   L   K   M   F   P   S   T   W   Y   V   A   R   N   D   C   Q   E   G   H   I   L   K   M   F   P   S   T   W   Y   V
    1 F    -5  -6  -7  -7  -5  -6  -7  -7  -6   5   5  -6   1   2  -7  -6  -5  -1  -1  -2    0   0   0   0   0   0   0   0   0  29  56   0   3   9   0   0   0   1   2   0  1.38 0.54
    2 F    -7  -8  -8  -9   1  -8  -8  -8  -7  -4   1  -8  -5   9  -9  -8  -7  -4  -2  -6    0   0   0   0   3   0   0   0   0   0  13   0   0  83   0   0   0   0   0   0  2.87 0.98
    3 F    -1  -1  -2   3  -5   1  -1  -5   3  -4  -3  -5  -1   6  -6  -2  -4   2   4  -5    5   4   1  15   0   6   3   0   8   0   2   0   1  36   0   3   1   2  12   0  0.96 0.48
    4 S    -2   5  -2  -2  -1   2   1  -4   0  -4  -3   4  -2  -4  -5   1   0  -4  -3  -4    2  27   1   2   2   9   9   1   2   1   3  24   1   1   0   9   6   0   1   1  0.65 0.39
    5 Q    -5  -4  -5  -4  -9   9  -1  -7  -2  -9  -8  -4  -6  -9  -7  -4  -6  -8  -3  -8    1   1   0   1   0  91   3   0   1   0   0   0   0   0   0   1   0   0   1   0  3.00 1.20
    6 F    -6  -9 -10 -10  -5  -6  -8  -7  -8  -5  -1  -9  -1   0 -10  -9  -8  13   1  -7    1   0   0   0   0   0   0   0   0   1   6   0   2   4   0   0   0  82   3   0  4.20 1.37
    7 Q    -1   2   0   0  -4   3   1  -1   2  -3  -2   3   0   0  -4   0  -1  -3  -1  -3    6  10   5   4   0  14   8   4   5   1   5  19   3   4   0   8   3   0   2   0  0.29 0.23
    8 A     3   2  -1   0  -4   2   2  -3  -2  -3  -3   2  -3  -4  -4   0  -1  -5  -4  -3   29   9   3   6   0   7  16   1   1   1   3  12   0   0   0   7   3   0   0   1  0.43 0.32
    9 L    -1  -6  -7  -8  -4  -6  -6  -6  -7   1   6  -6   0  -1  -7  -6  -4  -2  -5   2    5   0   0   0   0   0   0   0   0   6  70   0   2   3   0   0   0   1   0  12  1.42 0.62
   10 K    -4   6  -4  -6  -7  -1  -4  -6   2  -6  -4   6  -4  -7  -6  -2  -4  -3  -5  -4    1  36   0   0   0   2   0   0   5   0   2  48   0   0   0   3   1   0   0   1  1.63 0.73
   11 R     2   2   1   1  -4   2   2  -3  -1  -4  -4   3  -3  -5  -4   0   0  -6  -4  -3   19  10   7   8   0   7  16   1   1   1   0  16   0   0   0   7   5   0   0   1  0.44 0.31
   12 Y    -2  -1  -5  -5  -4  -2  -2  -6   4  -4  -4  -1  -6   0  -7  -5  -4  -2   9  -3    4   3   0   1   0   2   3   0   7   1   1   4   0   3   0   1   1   0  66   2  2.04 0.83
   13 A     7  -6  -6  -7   5  -6  -6  -4  -7  -4  -3  -6  -3  -6  -6  -3  -4  -4  -6  -2   80   0   0   0  11   0   0   1   0   1   3   0   1   0   0   1   1   0   0   2  1.92 0.83
   14 N     0   2   6  -1  -3   0   0  -2   4  -6  -5   2  -5  -5  -5  -1  -2  -7  -4  -5    8   9  42   2   0   4   5   2  10   0   1  10   0   0   0   3   2   0   0   0  1.00 0.51
   15 D     1   1   0   2  -4   2   3  -1  -1  -4  -3   1  -3  -3  -4   3  -1  -5  -4  -4   13   7   4  11   0   8  18   4   1   1   2   8   0   1   0  20   2   0   0   0  0.39 0.29
   16 K    -1   4   1  -4  -1   0  -3  -5   3  -4   0   5  -2  -4  -5  -1  -4  -4  -2  -4    5  22   7   0   1   4   1   0   7   1   9  37   1   0   0   3   0   0   1   0  0.82 0.46
   17 G    -3  -3   1   0  -7  -2  -2   7  -1  -8  -7  -1  -7  -8  -6  -3  -6  -7  -6  -7    1   1   7   6   0   2   2  73   2   0   0   4   0   0   0   1   0   0   0   0  1.73 0.71
   18 I    -5  -7  -8  -8  -6  -7  -8  -7  -8   7  -1  -7  -2  -4  -7  -7  -5  -7  -6   5    0   0   0   0   0   0   0   0   0  61   3   0   0   0   0   0   0   0   0  34  2.01 0.77
   19 E    -1   2  -2  -2  -4   2   2  -2   0  -3  -1   4  -2   0  -4   0  -1  -1   0  -3    5  12   0   1   0  10  14   2   2   1   8  24   1   3   0   8   3   1   3   1  0.37 0.28
   20 L    -5  -7  -7  -8  -5  -7  -7  -8  -7   6   4  -7  -1   0  -7  -6  -4  -3  -5   1    0   0   0   0   0   0   0   0   0  49  38   0   1   4   0   0   1   0   0   7  1.56 0.64
   21 I    -5  -6  -7  -7  -2  -6  -6  -6  -7   7   0  -2   4   4  -7  -6  -5  -4  -4   2    0   0   0   0   1   0   0   1   0  53   6   2  11  14   0   0   0   0   0  10  1.47 0.62
   22 M    -4  -8  -6  -5  -5  -7  -7   8  -7  -4  -6  -7  -3  -8  -7  -4  -7  -8  -8  -8    1   0   0   0   0   0   0  94   0   2   1   0   1   0   0   1   0   0   0   0  2.65 0.98
   23 N    -7  -7  -2   9  -9  -6  -2  -7  -7  -9  -9  -6  -9  -9  -7  -6  -7 -10  -9  -9    0   0   1  97   0   0   2   0   0   0   0   0   0   0   0   0   0   0   0   0  3.21 1.16
   24 V    -4  -6  -7  -7  -2  -6  -4  -7  -7   5   4  -3   7  -3  -7  -5  -4  -6  -5   2    1   0   0   0   1   0   1   0   0  28  31   2  23   0   0   0   1   0   0  11  1.30 0.59
   25 P    -3  -8  -8  -7  -9  -7  -7  -8  -8  -9  -9  -7  -8 -10   9  -4  -5 -10  -9  -8    2   0   0   0   0   0   0   0   0   0   0   0   0   0  96   1   1   0   0   0  3.43 1.26
   26 F    -5  -7  -8  -8  -6  -7  -8  -8  -4   7   0  -7   2   5  -8  -7  -6  -5   1  -2    1   0   0   0   0   0   0   0   0  58   7   0   5  24   0   0   0   0   4   1  1.83 0.75
   27 F    -7  -7  -7  -8  -5  -7  -8  -3  -3  -4  -2  -7   0   6  -8  -6  -5  -3   9  -4    0   0   0   0   0   0   0   3   0   1   4   0   2  27   0   0   1   0  61   1  2.46 0.96
   28 I    -2  -7  -7  -7   0  -7  -6  -7  -7   2  -1  -7   0  -5   1  -4  -3  -7  -6   7    2   0   0   0   2   0   0   0   0  11   5   0   2   0   6   1   1   0   0  68  1.58 0.71
   29 A     5  -3   0   1  -4  -4  -3   1  -2  -4  -6  -4  -2  -6   0   3  -1  -7  -6  -4   43   1   5   6   0   0   1  11   1   1   0   0   1   0   4  22   3   0   0   1  0.82 0.50
   30 Y    -1   0  -4  -5  -5  -1  -1  -1   6  -4   1  -2   1   1   1  -3  -3  -1   5  -3    4   6   0   0   0   3   3   5  23   1  13   2   3   5   8   2   1   1  20   1  0.72 0.43
   31 D    -5  -4   1   8  -6   0   0  -2   3  -8  -7  -5  -5  -7  -6  -5  -5  -8  -2  -8    1   1   6  72   0   4   5   3   6   0   0   0   0   0   0   0   0   0   2   0  2.01 0.86
   32 S    -3  -6  -4  -6  -1  -6  -6  -2  -6  -8  -8  -6  -7  -8  -6   8  -3  -8  -7  -7    1   0   0   0   2   0   0   3   0   0   0   0   0   0   0  93   0   0   0   0  2.50 1.10
   33 A     6  -6  -6  -5   2  -5  -5  -4  -6  -3  -4  -5  -2  -5  -1   1  -2  -7  -5   2   61   0   0   0   4   0   0   0   0   1   1   0   1   0   3  11   2   0   0  14  1.25 0.65
   34 D    -5  -7  -3   8  -8  -5   1  -7  -6  -6  -4  -6  -8  -8  -7  -5  -5  -9  -8  -7    1   0   0  86   0   0   8   0   0   1   3   0   0   0   0   0   0   0   0   0  2.64 1.03
   35 V    -1  -7  -7  -7   0  -6  -7  -7  -5  -2  -2  -7  -1  -3  -6  -4  -1  -7  -4   7    6   0   0   0   2   0   0   0   0   1   2   0   1   1   0   2   4   0   1  79  1.89 0.82
   36 W    -7  -6  -9 -10  -8  -6  -7  -7  -6  -9  -6  -4  -6  -3  -9  -7  -7  13   0  -7    0   1   0   0   0   0   0   0   0   0   1   1   0   1   0   0   0  91   2   0  4.82 1.60
   37 A     5  -3  -4  -5   0  -1  -2  -2  -3  -4  -3  -2  -1  -3  -5   3   0  -5  -3  -1   53   1   0   0   2   2   2   3   0   1   2   2   2   1   0  18   6   0   1   4  0.90 0.54
   38 Y    -3   2   6  -2  -3  -1  -2  -4   8  -6  -6  -2  -2  -5  -6  -3  -3  -2  -1  -7    2  10  37   2   1   3   3   1  32   0   1   2   1   0   0   2   1   1   2   0  1.55 0.71
   39 Q    -3   4  -4  -6  -5   4  -4  -6  -2  -7  -5   0  -6  -8   7  -1  -2  -8  -7  -7    2  19   0   0   0  19   1   0   1   0   1   5   0   0  46   4   2   0   0   0  1.56 0.76
   40 K    -3   0   0   3  -5   1   5  -1   3  -6  -5   1  -5  -4  -3   0  -3  -4  -2  -6    2   5   4  16   0   6  37   4   7   0   1   8   0   1   1   6   1   0   1   0  0.78 0.46
   41 Y    -3  -2  -1  -3   0   0  -2  -6  -1   2   4  -5   1   2  -6  -4  -4  -1   2  -1    2   2   3   1   2   6   4   0   1  10  47   0   3   7   0   1   0   1   8   3  0.66 0.39
   42 F    -8  -8  -9  -9  -8  -9  -9  -9  -7  -5  -3  -9  -4   9  -9  -7  -8   4   0  -7    0   0   0   0   0   0   0   0   0   0   2   0   0  89   0   0   0   5   2   0  3.30 1.16
   43 K    -1   2  -1   1  -2   4   0  -4   0  -3   1   2   0  -3  -4  -1  -2  -2   0  -2    4  12   2   9   1  19   6   0   2   1  13  14   3   1   0   4   2   0   4   2  0.34 0.27
   44 L    -5  -4  -6  -7  -3  -6  -6  -6  -4   1   6  -6   1   0  -6  -5  -2  -3  -4   0    0   1   0   0   0   0   0   1   1   7  75   0   3   3   0   1   2   0   0   5  1.50 0.64
   45 R    -5  -2   4   7  -6  -4  -2  -2  -3  -6  -5  -2  -6  -4  -5  -1  -2  -6  -4  -6    1   3  16  61   0   1   2   3   1   0   1   3   0   1   0   4   2   0   1   0  1.58 0.67
   46 F     1   1  -2   1  -4   0   4  -1   0  -3  -4   1  -4  -2   1  -1  -1   1  -3  -3   14   7   2   7   0   3  29   4   2   1   1  10   0   2   7   4   3   2   1   1  0.39 0.28
   47 D    -2   0   3   5  -3   0   2  -3  -1  -4  -4   2  -3  -4  -3   0   0  -5  -4  -4    3   4  15  29   1   4  12   2   2   1   2  11   0   0   1   7   5   0   0   1  0.60 0.34
   48 A    -1   0  -1  -1  -2  -3  -4   6  -1  -3   0  -1  -2  -1  -4  -2  -2  -3  -2  -4    4   5   3   3   1   1   1  55   1   1  10   4   1   2   0   2   2   0   1   1  0.91 0.43
   49 S    -1   2   2  -1  -2   2   0  -2   1  -2  -1   2   0  -1  -3   1   0  -2   0  -2    3  13   9   2   1   8   6   2   3   2   4  12   3   3   0  11   5   1   3   3  0.13 0.16
   50 K     0  -1  -2  -4  -3  -2  -4  -4  -4  -2  -1  -1   3  -3   7  -3  -2  -4  -3  -2    7   3   2   1   1   2   1   1   0   3   7   3   8   1  51   2   2   0   1   3  1.20 0.51
   51 D     0   1  -1   0  -2   0   1  -1  -1   0   0   1  -1  -2  -1   0   3  -3  -1   0    6   7   2   4   0   4   8   4   1   6  11   9   1   1   2   7  20   0   1   5  0.12 0.13
   52 K     1   0  -2  -2   1  -1  -1  -2   0  -1   0   0   0   2  -2  -1   0   0   2   1   12   5   2   1   4   2   4   3   2   2  11   7   2  11   2   3   4   1   9  15  0.10 0.12
   53 I    -2  -3  -4  -4  -1  -1  -2  -4  -3   2  -1  -2  -1  -2  -4  -1  -1  -2  -2   6    2   1   1   1   1   4   3   1   1  10   4   2   1   2   1   6   3   1   2  56  0.89 0.43
   54 A     6  -2  -4  -4  -4  -4  -4  -1  -4  -4  -5  -4  -2  -5  -2   3  -1  -5  -5  -1   56   2   0   0   0   0   1   4   0   1   1   0   1   0   2  24   3   0   0   4  1.11 0.55
   55 G    -3  -6  -5  -5  -6  -6  -6   7  -6  -7  -7  -5  -6  -6  -6  -3  -5  -6  -3  -5    2   0   0   0   0   0   0  90   0   0   1   0   0   0   0   2   0   0   1   1  2.40 0.86
   56 I     1  -3  -5  -5   5  -5  -5  -5  -4   0  -3  -5  -1   1  -5  -3  -2  -5  -2   6   13   1   0   0  12   0   0   1   0   4   1   0   2   5   0   2   2   0   1  53  1.11 0.51
   57 S    -3  -6  -3  -3  -6  -4  -5  -5  -6  -6  -5  -5  -6  -7   9  -3  -3  -7  -7  -5    2   0   1   2   0   1   0   1   0   0   1   0   0   0  85   2   2   0   0   1  2.73 1.01
   58 P    -2  -6  -1  -2  -6  -5  -5  -3  -6  -6  -6  -5  -6  -7   8  -2  -5  -7  -6  -6    4   0   3   2   0   0   0   3   0   0   1   0   0   0  81   3   0   0   0   0  2.54 0.95
   59 D    -5  -5  -2   8  -2  -4  -3  -1  -5  -6  -6  -5  -2  -4  -1  -2  -3  -7  -6  -6    0   0   1  79   1   0   1   5   0   0   1   0   1   1   3   4   1   0   0   0  2.15 0.83
   60 Y     2  -3  -2   1   0   0  -2  -2  -1  -3  -3  -1  -1   0   0  -2  -3  -3   7  -2   16   1   2   7   2   5   2   3   1   1   2   4   2   2   5   2   1   0  37   3  0.71 0.41
   61 F    -5  -5  -6  -2  -3  -6  -4  -2  -5  -4  -2  -2  -3   9  -6  -5  -5  -4   2  -5    1   1   0   3   1   0   1   4   0   1   3   3   0  72   0   1   0   0   7   0  2.11 0.79
   62 L     0  -3   1  -3   0  -3  -4  -2  -4  -4  -3  -4  -3  -1   0   6   0  -5  -3  -5    6   1   7   1   2   1   1   2   0   1   3   0   1   3   4  62   4   0   1   0  1.11 0.60
   63 E     3   0  -2   1  -3  -1   3  -2  -1  -4  -3   2  -4  -2   2   0  -1  -3  -3  -2   23   4   1   9   0   2  19   2   2   1   1  12   0   2   9   6   2   0   1   3  0.34 0.27
   64 Q    -2  -2   1   3  -4  -1   1  -1   0  -3  -3   0  -3  -2  -4  -1   5  -5  -3  -3    3   2   5  19   0   3   9   4   2   1   2   6   0   2   0   3  34   0   1   1  0.57 0.37
   65 E    -4  -6  -4  -3   0  -2  -3   7  -6  -5  -6  -3  -6  -6  -5  -4  -4  -6  -6  -6    1   0   0   2   2   2   2  85   0   1   1   2   0   0   1   0   1   0   0   0  2.13 0.80
   66 Q    -5  -2  -5  -5  -7   9  -3  -3  -4  -4  -6  -4  -5  -7  -6  -5  -5  -6  -3  -6    0   2   0   0   0  89   0   2   0   1   1   0   0   0   0   0   0   0   1   0  2.85 1.11
   67 A    -2   3  -1   0  -1  -3  -4  -5   0   0   4  -1   0  -2  -5  -3  -3  -2   0   0    3  17   4   5   1   0   0   0   2   3  45   4   2   1   0   2   1   1   3   5  0.56 0.35
   68 W    -7  -4  -7  -8  -7  -7  -7  -7  -7  -7  -6  -7  -6  -2  -7  -7  -4  13  -2  -7    0   1   0   0   0   0   0   0   0   0   1   0   0   1   0   0   1  90   1   0  4.68 1.47
   69 D    -4  -5   1  -1  -6  -4  -2   7  -3  -7  -6  -4  -2  -6  -6  -3  -5  -6  -6  -6    0   1   7   4   0   1   3  78   1   0   1   1   1   0   0   2   0   0   0   0  1.91 0.76
   70 S    -4  -4   7  -3   0  -2  -4  -3   3  -4  -1  -4   3  -1  -5  -1   0  -6  -2  -4    1   0  54   1   2   1   0   1   7   1   7   0   8   2   0   4   7   0   1   1  1.31 0.62
   71 A    -2  -6  -6  -6  -3  -6  -6  -6  -7  -7  -5  -6  -3  -7   9  -6  -4  -7  -7  -3    3   0   0   0   1   0   0   0   0   0   1   0   1   0  88   0   1   0   0   3  2.93 1.14
   72 A    -2  -5  -4  -6   0  -3  -5  -5   1   3   4  -5   0  -3  -2  -4  -1  -5  -2   3    3   0   1   0   2   1   0   1   4  15  42   0   2   0   3   1   3   0   1  20  0.78 0.42
   73 Y    -6  -6  -7  -7  -7  -6  -7  -7  -1  -4  -6  -6  -6   3  -2  -6  -6  -3  10  -6    0   0   0   0   0   0   0   0   1   1   0   0   0   9   2   0   0   0  82   0  3.10 1.18
   74 S    -2   4   5   5  -4  -2  -2  -4  -2  -5  -4   0  -5  -4  -4  -3  -4  -6  -4  -5    3  21  25  33   0   1   1   1   1   1   2   6   0   1   1   1   0   0   0   1  1.14 0.59
   75 W    -7  -7  -8  -8  -7  -7  -7  -7  -7  -5  -5  -7  -6   0  -8  -7  -7  13  -1  -5    0   0   0   0   0   0   0   0   0   1   1   0   0   4   0   0   0  87   2   1  4.53 1.53
   76 N    -1   0   1   4  -5   0   4  -2   1  -4  -4   1  -5  -4   0  -1  -3  -5  -2  -4    5   4   6  25   0   4  23   3   3   1   1  10   0   0   5   4   1   0   1   1  0.57 0.37
   77 V     3   1   1  -2  -3   0   1  -3   0  -2  -3   1  -2  -2  -3  -1  -1  -2   2   1   24   9   7   2   0   4  11   1   2   2   1  10   1   1   1   4   2   1   8   9  0.26 0.25
   78 L    -3  -1  -2  -3  -2  -1  -3  -5   6   0   2  -1   7  -4  -3  -4  -3  -5  -4  -2    2   3   2   2   1   2   2   1  20   5  21   4  30   0   1   1   1   0   0   2  1.13 0.59
   79 K     1   3  -2  -3  -3   2   3  -2   0  -4  -4   4  -3  -2  -4  -1  -3  -5  -3  -4   13  16   1   1   0   7  19   3   2   1   2  24   1   2   1   3   1   0   1   1  0.60 0.40
   80 K     1   2  -1   1  -5   2   3  -3   0  -4  -3   4  -3  -4  -2   0  -2  -5  -3  -4   14   8   2   6   0   7  20   2   2   1   2  22   0   1   2   5   2   0   1   1  0.47 0.35
   81 F    -1   0   2   4  -5   1   2  -2   0  -4  -4  -2  -1  -4  -3   0   2  -1  -3  -3    4   5   9  27   0   6  13   3   3   1   1   2   2   1   1   7  14   1   1   1  0.53 0.36
   82 K    -3  -1   3   3  -3  -1  -2   5   1  -3  -4  -1  -5  -6  -4  -2  -3  -6  -4  -1    1   3  16  13   0   3   2  40   3   2   2   4   0   0   1   2   1   0   1   5  0.78 0.45
   83 Y    -6  -6  -4  -4  -6  -4  -6  -3  -2  -1  -3  -6  -1   7  -7  -6  -5   3   7  -5    0   0   1   1   0   1   0   2   1   4   2   0   1  41   0   0   1   3  39   0  2.05 0.84
   84 E     2   2   0   2  -2   1   1  -1   0  -3  -3   1  -2  -1  -2   1   0  -4  -2  -3   18  11   3  12   1   5   7   4   2   1   3   8   1   3   2  11   6   0   1   1  0.21 0.19
   85 W    -7  -2  -7  -7  -2  -6  -7  -7  -2  -7  -3  -7  -6   2  -4  -5  -7  12   2  -5    0   3   0   0   1   0   0   0   1   0   4   0   0   7   1   1   0  72   6   1  3.54 1.24
   86 W    -7  -7  -8  -8  -1  -4  -7  -7   1  -3  -1  -7  -2   1  -8  -7  -7  12  -4  -4    0   0   0   0   1   1   0   0   3   2   6   0   1   5   0   0   0  76   0   1  3.78 1.33
   87 S    -2   2  -3  -5  -1  -1  -2  -4  -1   5   0   2   1  -3  -5  -2   0  -5  -2   1    2  11   1   0   2   3   2   1   1  32   9  11   3   1   0   2   5   0   1  10  0.48 0.32
   88 K     1   2   2   1  -2   2   2  -3   0  -4  -2   2  -1  -3  -4   0  -2  -2  -2  -3   11  11   8   8   1  11  14   1   2   1   3  15   2   1   0   5   2   1   1   1  0.32 0.26
   89 R    -6   8  -6  -7   0  -5  -5  -7  -6  -7  -2   0  -6  -7  -7  -3  -6  -7  -7  -7    0  84   0   0   2   0   0   0   0   0   4   5   0   0   0   3   0   0   0   0  2.60 1.08
   90 I    -2  -6  -6  -7   0  -6  -6  -4  -6   5   3  -6   3   3  -6  -3  -2  -5  -2   1    3   0   0   0   2   0   0   2   0  27  30   0   7  13   0   2   2   0   1   8  0.89 0.52
   91 G     1   5  -1  -2  -2   1   1  -1   1  -4  -3   3  -2  -3  -5   0  -2  -1  -2  -4   10  28   2   2   1   6   8   6   3   1   2  16   1   1   0   7   1   1   1   1  0.51 0.42
   92 V     1   3   0  -2  -1   0  -2  -2   5  -2  -2   1   0   1  -5  -1  -1   3   2  -1   11  17   4   2   2   4   2   3  14   2   3   7   3   6   0   4   3   4   7   4  0.36 0.32
   93 L     2  -2   2  -1   1   2  -2  -2   0  -1   1  -2   1  -1  -4   0   1  -5  -1  -1   20   2  12   2   4   9   2   2   2   3  13   2   4   3   0   8   8   0   2   3  0.21 0.26
   94 R     0  -1  -2  -2   1  -1  -1  -2   1  -1   3  -2   2   3  -5  -1  -2   1   0  -1    9   3   2   2   3   3   3   3   4   3  31   3   5  13   0   5   2   2   2   3  0.27 0.27
   95 K     0   2   1   0   0   2   3  -2   1  -2  -2   2  -1  -2  -2   0   0  -5  -1  -2    6  10   6   5   2   8  19   3   3   2   4  11   2   2   2   6   6   0   2   2  0.21 0.22
   96 Y    -2   0  -2  -3   0   1  -2  -3   0   0   4  -2   4   2  -6  -3  -2   2   2  -2    2   5   2   2   2   6   2   2   2   5  36   2   9   7   0   2   3   3   6   2  0.43 0.36
   97 A    -1  -6  -3  -4   2  -6  -4  -4  -1  -2  -3  -6  -1   6  -7  -2   0  -4   6   2    4   0   1   1   5   0   1   1   1   2   2   0   2  28   0   4   5   0  27  14  1.10 0.59
   98 D    -1   1   1   1  -3   1   1   0   2  -3  -3   1  -2  -3   2   1   1  -3  -2  -3    0   8   8   8   0   8   8   8   8   0   0   8   0   0   8   8   8   0   0   0  0.21 0.15
   99 I    -1  -1  -2  -2   0  -1  -1  -2  -1   2   2  -2   2   0  -3  -1   0   2   2   1    4   2   2   2   2   2   5   2   2  12  22   2   6   2   0   2   7   3  10  10  0.13 0.12
  100 I    -1  -1  -1  -3   1  -1  -3  -4  -3   3   1  -2   1   1  -3  -2   0  -3   1   3    4   4   4   0   4   4   0   0   0  22  14   0   4   5   0   0   4   0   4  25  0.24 0.12
  101 K     1   2  -2  -2  -2   0  -1  -2  -2   1   1   2   0  -1  -2  -1  -1  -3  -2   0   20  20   0   0   0   0   0   0   0  20  20  20   0   0   0   0   0   0   0   0  0.13 0.04
  102 I     0   0  -2  -2  -2  -1  -2  -2  -2   1   2  -1   1   1  -2   1   1   3  -1   1    6   5   1   1   0   1   1   1   0  10  25   1   5   5   1  14  14   5   0   6  0.13 0.07
  103 D     1  -3   2   5  -3  -2  -1  -2  -2   1  -3  -2  -2  -4  -2   1   1  -5  -3  -2   13   0   8  45   0   0   0   0   0  13   0   0   0   0   0  13   8   0   0   0  0.52 0.20
  104 H    -2  -2  -1  -3  -3   1  -2   1   6  -2   0  -2   1   2   0  -2  -2  -2   2  -2    0   0   0   0   0   9   0  12  35   0  12   0   4  12   4   0   0   0   7   0  0.43 0.21
  105 F    -2  -4  -4  -4  -3  -4  -4  -4  -3   0   0  -4   0   7   3  -2  -2  -1   1  -1    2   0   0   0   0   0   0   0   0   4   7   0   1  57  17   3   2   0   1   4  0.91 0.32
  106 R    -1   5  -1  -3   0   0  -2  -2   0   0   0   0   0  -3  -3  -1   1  -4  -3  -1    3  46   3   0   2   2   0   2   2   8   9   2   2   0   0   2   8   0   0   4  0.43 0.25
  107 G     1  -2   1   1  -3  -1   1   4  -2  -2  -3  -2  -2  -3  -2   0  -1  -4  -3   1   13   0  10   8   0   0  12  33   0   0   0   0   0   0   0   7   0   0   0  17  0.33 0.14
  108 F     0   1  -3  -3  -2   1  -2  -3  -2   1   1  -2   2   2  -3  -2  -2   5   2   1   10  10   0   0   0  10   0   0   0  10  10   0  10  10   0   0   0  10  10  10  0.26 0.15
  109 V     0  -1   0   1   1   1   1  -3   2   1  -1  -1   1   1  -3   0  -1  -3   1   0    7   3   3  10   3   9  10   0   5  10   3   3   4   6   0   9   3   0   6   7  0.10 0.12
  110 S     2   3   0  -1   1   0   0  -1   1  -3  -2   0  -2  -1  -3   1   0  -3   0  -1   18  21   4   4   3   3   5   4   3   0   4   4   0   3   0  10   6   0   3   4  0.20 0.22
  111 T    -1  -4  -1  -4   3  -1  -2  -2   1  -1  -1  -3   0   2  -1  -1  -1   2   6   0    6   0   3   0   7   3   3   3   3   4   5   0   3   8   3   3   4   3  32   6  0.52 0.38
  112 W    -1  -2  -2  -2   3  -2  -2   1  -1  -1   0  -2  -1   2   2   0  -1   5   2  -2    1   1   0   1  11   0   1  12   0   1  12   1   0  12  12  12   1  11  11   1  0.29 0.11
  113 E     1   1   0  -1   1   0   1  -1   1   1  -1   0   0  -2  -3   1   0   2   0  -1   13  11   3   3   3   4   8   4   4  12   3   5   3   0   0  10   4   3   3   4  0.08 0.10
  114 V    -1   0  -2  -2   2  -1   0   0  -2   0   0   0   1   1   1   0   0  -2   1   0    1   7   0   0   7   0   7   7   0   7   7   7   7   7   7   7   7   0   7   7  0.06 0.11
  115 S    -1  -1   0  -1  -4  -1  -1   0   2  -4  -2   1   0   0   5  -1  -1   4   1  -2    4   3   5   4   0   3   3   7   4   0   3   7   3   4  29   4   3   6   4   3  0.46 0.31
  116 A     3   0  -2  -1  -1  -1  -1   0  -1  -1  -1  -1   0   0   0   1  -1   1   2   0   29   4   2   3   1   2   4   6   1   2   4   3   2   4   5   8   3   2   7   7  0.19 0.22
  117 G    -1  -1   1   2   0  -1   0   3   1  -1  -2   0   0  -4   0   0  -1   1  -1  -2    3   4   6  13   2   3   4  24   4   4   3   4   2   0   4   5   3   2   2   3  0.20 0.24
  118 E     1  -1   0   2   1   0   3  -1   1  -2  -2  -1   0  -1  -1   0   0  -4   0  -2   14   3   4  12   4   3  19   4   4   3   3   3   3   3   3   5   5   0   3   3  0.17 0.24
  119 S     0   0   0   0  -2   1   0   0   1   0   0   0   1   0   1   0   0  -3  -1   0    6   6   6   6   0   6   6   6   6   6   6   6   6   6   6   6   6   0   0   6  0.04 0.07
  120 Y     0   0   0   0  -2   1   0   0   1   0  -1   0  -1   0   1   0   0  -2   1   0    6   6   6   6   0   6   6   6   6   6   6   6   0   6   6   6   6   0   6   6  0.04 0.06
  121 A     4  -1  -4  -1   1  -1  -1  -1   0  -1  -2   0   0  -1   2  -1  -1   2  -4  -1   33   3   0   3   3   3   4   5   3   3   3   6   3   3   9   4   4   3   0   3  0.30 0.31
  122 F     0   0   0   0   2   0   0  -1   1   0  -1   0   1   0   0   0   0  -2   1   0    5   5   5   5   5   5   5   5   5   5   5   5   5   5   5   5   5   0   5   5  0.03 0.05
  123 N    -2   0   3   1  -1  -1   1   2   2  -1  -3   0  -1   1  -2  -1  -1   0  -1  -1    3   6  13   9   1   2  10  17   4   3   2   4   1   6   1   4   3   2   2   4  0.20 0.21
  124 G    -2  -2  -2  -2  -6  -2  -3   6  -1  -3  -4  -3  -6  -2  -1  -2  -3   1   0  -3    4   3   2   2   0   2   2  60   2   2   2   2   0   2   3   3   2   2   3   3  1.14 0.69
  125 L     0   0   0   0   2   0   0  -1   2   0  -1   0  -2   0   0   0   0   3   1  -1    5   5   5   5   5   5   5   5   5   5   5   5   0   5   5   5   5   5   5   5  0.06 0.08
  126 W    -3  -1  -1  -2   1  -1  -2  -2   1  -1  -2  -2   0   0 -10  -3  -2  11   0  -2    3   3   3   3   3   3   3   3   3   4   4   3   3   4   0   3   3  43   3   3  1.71 0.90
  127 V    -2   2   0  -1   1   2   3  -1   1  -1  -3   0   0  -1   1  -1  -2   4   0  -1    3   9   5   4   3  10  16   4   3   4   3   6   3   3   6   4   3   4   3   5  0.22 0.21
  128 K    -1   0  -1   0   0   1   1  -2   1  -1  -3   3   0  -1   3  -2  -1   2   1  -3    5   5   3   5   2   6  10   3   3   4   3  14   2   2  15   4   3   2   4   3  0.24 0.25
  129 S     0   0   0   0   2   1   0   0   1   0  -1   0   1  -2   1   0   0  -3  -2   0    6   6   5   6   5   5   6   6   5   6   6   6   5   0   6   6   6   0   0   6  0.02 0.09
  130 P    -1   0   0   0   2   0   0  -1   2   0  -1   0   2   1   0  -1   0   4   1  -1    5   5   5   5   5   5   5   5   5   5   5   5   5   5   5   5   5   5   5   5  0.09 0.08
  131 G    -1   0  -2  -1   0  -1  -2   5   0  -2  -3   0  -5  -2  -2  -2  -1   1  -1  -2    6   6   2   3   2   3   3  43   2   2   3   6   0   2   3   3   4   2   2   3  0.60 0.45
  132 R    -1   1  -1   2  -1   0   2  -2   1  -1  -2   1   2  -1  -1  -1  -1   1   1  -2    5   7   3  10   2   4  13   3   4   4   4  11   6   2   2   5   4   2   6   2  0.12 0.18
  133 D    -1   0   0   0  -3   0   0  -1   1   0  -1   0   1   0   0   0   0   3   1  -1    5   5   5   5   0   5   5   5   5   5   5   5   5   5   5   5   5   5   5   5  0.02 0.09
  134 F    -2  -1  -5  -5  -1  -2  -2  -2  -1   0   3  -1   1   5  -1  -2  -2  -4  -1  -1    4   4   0   0   2   2   2   3   2   4  33   3   3  25   4   3   2   0   2   3  0.58 0.42
  135 F    -2  -1  -5  -1   1  -4  -2  -2  -4   0   1  -1   1   6  -5  -2  -1   3   1  -1    4   4   0   3   3   0   3   3   0   5  13   3   3  33   0   4   3   3   3   5  0.53 0.39
  136 N     0   1   0   1   0   0   1  -1   0   0  -1   1   0  -1  -1   0   0  -3   0  -1    6   8   5   9   3   4  12   4   3   6   6  10   4   3   3   5   4   0   3   4  0.06 0.08
  137 F     4   0  -3  -2   0  -1  -1  -3   1  -1  -2   1   2  -2  -3  -1   1   0  -2   0   30   6   2   2   2   3   4   2   3   4   5   7   4   2   2   4   7   1   2   7  0.36 0.28
  138 I    -1  -2  -2  -5   0  -1  -2  -3  -1   3   3  -2   2   0  -5  -2  -1   1  -1   2    5   2   2   0   2   2   2   2   2  17  28   2   5   4   0   2   3   2   2  14  0.36 0.29
  139 L    -1   2   0  -1   1   1   1  -2   1  -1   1   2   1   1  -5  -2  -1  -5   0  -1    6  10   4   4   3   7   8   4   3   4  12  12   3   5   0   4   4   0   4   4  0.16 0.14
  140 N    -1   0   0   0   2   0  -1  -1   2   0  -1   0   2   0   0  -1   0   3   1  -1    5   5   5   5   5   5   5   5   5   5   5   5   5   5   5   5   5   5   5   5  0.03 0.09
  141 E     2   0   0   0   1   1   2  -2   3  -2  -2   1   0  -1  -3   0   0   1   0  -2   14   6   4   5   3   5  12   4   6   3   5   8   2   2   2   7   5   2   3   3  0.14 0.15
  142 I    -1  -1   0  -1   1   0  -1   0   2   0   0   0   1   3  -1   0  -1   3   0  -1    4   4   4   4   3   4   4   8   5   7   8   5   4  12   3   6   4   3   3   5  0.09 0.08
  143 K     0   0   0   0   2   0   0  -1   1   0  -1   0   1   0   0   0   0  -2   1   0    5   5   5   5   5   5   5   5   5   5   5   5   5   5   5   5   5   0   5   5  0.03 0.05
  144 D    -1   0   1   2  -1   1   1   1   1  -2  -2   1   1  -1   1   0   0  -4  -1  -2    4   4   8  13   2   5   8  11   3   2   4   7   4   2   6   8   4   0   2   2  0.13 0.15
  145 L     0   0  -1  -1   1  -1  -1  -2   0   1   2   0   2  -1   0  -1   0  -3  -1   1    9   6   2   3   3   2   3   3   3   7  22   6   7   3   5   2   4   0   2   8  0.08 0.12
  146 K    -1   1   0  -1   1   1   0  -2   1  -1  -1   0  -3  -1   4   0  -1   2   0  -2    4  10   4   3   3   6   6   3   3   3   8   5   0   3  22   7   3   3   3   3  0.27 0.23
  147 I     0  -2  -2  -3   2   1  -2  -3   2   0   0   0   2   1   1   0   0   4   2   0    7   0   0   0   6   7   0   0   6   7   7   7   6   6   7   7   7   6   6   7  0.15 0.17
  148 W    -1  -3  -4  -4   2  -3  -1  -4  -3   4   1  -3   1   1  -4  -3  -2   3   2   2    5   0   0   0   5   0   5   1   0  32  10   0   4   5   0   0   0   4   8  13  0.39 0.27
  149 V     1  -2   1  -2   3  -2  -2   1  -2   1   0  -2  -1  -2   2   1   1  -3  -2   1   10   0  10   0  10   0   0  10   0  10  10   0   0   0  10  10  10   0   0  10  0.16 0.11
  150 E     0  -2  -2   1  -4   0   5   0  -2  -3  -1  -1  -2  -4   2  -1  -2  -4  -3  -3   11   0   0   7   0   0  53   9   0   0  10   0   0   0  10   0   0   0   0   0  0.57 0.23
  151 D     0   1   2   5  -4  -1   2  -2   2  -4  -4  -1  -3  -4  -2   0  -2  -4  -3  -4    6   7   7  46   0   0  13   0   6   0   0   0   0   0   0   8   0   0   0   0  0.60 0.23
  152 F     0  -2   1   1  -2  -2  -2  -2  -1   1   1  -2   2   2  -3   0  -1  -2   2   1   10   0  10  10   0   0   0   0   0  10  10   0  10  10   0  10   0   0  10  10  0.12 0.12
  153 Q    -1  -1   1   1  -3   1   1   0  -2   0   0   0  -1   1  -2   0   1  -3  -1   0    0   0   8   8   0   8   8   8   0   8   8   8   0   8   0   8   8   0   0   8  0.07 0.10
  154 N     0  -1   0   0   0  -1   0   0   0   0  -1   0   0   1   0   0  -1  -3   1   1    8   2   5   6   2   2   7   7   3   5   4   8   2   7   5   5   3   0   5  13  0.03 0.07
  155 D     0   0   0   0  -3   0   0  -1   1   0  -1   0   1   0   0   0   0  -2   1   0    5   5   5   5   0   5   5   5   5   5   5   5   5   5   5   5   5   0   5   5  0.01 0.07
  156 L     0   0   0   1  -4  -2  -1  -1   0  -1  -1  -1   2  -1   0   1   3   2  -3  -1    5   5   4   7   0   0   3   5   3   4   6   3   6   3   6   9  23   3   0   4  0.17 0.24
  157 E    -1  -1  -1   3  -7   1   2  -1  -1  -6  -4   1  -1  -7   5  -2  -2  -7  -2  -3    5   2   2  17   0   6  14   4   2   0   2   8   2   0  28   3   2   0   2   2  0.71 0.49
  158 D     1  -1  -1   3   1   0   3   1  -1  -3  -3   0  -1  -1  -1   0  -1   0  -1  -3   10   3   2  16   3   3  21   9   2   1   2   6   1   3   3   8   2   1   2   2  0.28 0.27
  159 V     0  -7  -5  -5  -1  -7  -4  -8  -8   1  -1  -5   1  -3  -3  -2  -1   1  -3   7    7   0   1   1   1   0   1   0   0   5   6   1   3   1   1   3   3   2   1  64  1.37 0.75
  160 S    -1   3  -1   0  -1   1   1  -4   1   0  -2   1  -1   1  -3  -2   0   2   2  -1    4  20   3   5   2   5  10   1   4   6   4   8   1   5   1   1   6   3   7   5  0.24 0.23
  161 R     1   1  -1   0  -1   1   3  -1   1  -2  -3   0  -1  -2   0   0  -1   4   0  -2   12   8   3   6   2   6  19   4   3   2   2   6   2   2   4   6   4   5   3   2  0.21 0.23
  162 L    -2  -2  -2  -5   2  -4  -3  -3   0   0   5  -2   1   0  -2  -1  -2   1  -1   0    3   2   2   0   3   0   2   2   2   3  51   2   3   4   2   5   3   2   2   6  0.61 0.42
  163 R     0   0  -2  -2  -2   1   0  -2   2   0   0   0   1   1   1   0   0  -2   1   0    6   6   0   0   0   6   6   0   6   6   6   6   6   6   6   6   6   0   6   6  0.04 0.12
  164 D     0   0   0   0   2   1   0  -1   2   0  -1   0   1  -2  -3   0   0   4   1   0    6   6   6   6   6   6   6   6   6   6   6   6   6   0   0   6   6   6   6   6  0.09 0.13
  165 F     0   2   0   2   0   1   1  -1   1  -2  -2   2  -1   0  -3   0   0   1   0  -2    9  13   3  12   2   5   8   3   4   3   2  12   2   4   0   6   4   2   3   2  0.17 0.18
  166 F    -1  -4  -1  -5   3  -1  -4  -3   1   0   1  -2   0   5  -5   0   1   2   3  -1    4   0   3   0   6   3   0   2   3   4  14   2   3  23   0   9   8   3   9   4  0.43 0.34
  167 N    -1  -1   2   1  -5  -1  -1   5   1  -6  -4   0  -5  -3  -2  -1  -2  -5  -2  -4    4   3   9   8   0   3   4  45   4   0   1   6   0   1   2   4   2   0   1   1  0.69 0.44
  168 F     0  -2   1  -3   3   1  -2  -3   2   1   0   0   2   1  -3  -2  -2   4   2   0    8   0   8   0   8   8   0   0   8   8   8   8   8   8   0   0   0   8   8   8  0.21 0.20
  169 P    -1  -1  -1  -2   1  -1  -4  -2   0  -5  -1  -1   1  -1   6  -2  -1   2   0  -2    4   3   3   3   3   3   0   3   3   0   5   3   4   3  45   3   3   3   4   3  0.91 0.50
  170 G    -1  -1   0  -1   1  -4  -2   6  -4  -2  -6  -4  -5  -6  -1   0  -1  -5  -5  -5    3   3   3   3   3   0   3  64   0   3   0   0   0   0   3   8   3   0   0   0  1.10 0.51
  171 M     0  -2  -2  -2   3   1   0  -3   2   1   0  -2   2   1  -3   0   0  -2   2   0    8   0   0   0   8   8   8   0   8   8   8   0   8   8   0   8   8   0   8   8  0.14 0.16
  172 K    -1   5   0  -1  -1   0  -1  -1  -1  -3  -3   5  -1  -2  -4  -1  -2  -5  -2  -2    3  31   3   3   1   2   2   4   1   1   2  36   2   2   0   2   1   0   1   2  0.66 0.38
  173 I    -1  -4  -4  -4   2  -4  -2  -5  -5   4   0  -4   2  -3   0  -1  -2  -5  -3   5    4   0   0   0   4   0   4   0   0  25   5   0   5   0   4   4   0   0   0  46  0.69 0.36
  174 M    -1  -3  -4  -4  -3   0  -1  -2  -3   1   3  -3   3   1   0  -3  -1   3   1   0    6   0   0   0   0   4   4   4   0   7  40   0   9   4   4   0   4   4   4   4  0.35 0.27
  175 N     0   0   1  -2   2   1   0   0   2   0   0  -1   1  -3   1   0   0  -3  -2   0    7   7   7   0   7   7   7   7   7   7   7   0   7   0   7   7   7   0   0   7  0.09 0.14
  176 L    -2  -2   1   0   2   1   0  -3   2   0  -1   0   1   1   1   0   0   4   1  -2    0   0   6   6   6   6   6   0   6   6   6   6   6   6   6   6   6   6   6   0  0.14 0.18
  177 A     4  -1   0  -1  -1  -1   1   2   0  -2  -3  -2   1  -1  -2  -1  -1  -5  -2  -2   33   3   4   4   2   2  10  13   2   2   2   2   4   3   2   4   4   0   2   3  0.36 0.33
  178 F    -1   1  -2  -1   1  -5  -5  -3  -5   0   0  -1   1   7  -2  -2  -3   1   1  -2    5   8   2   4   3   0   0   2   0   6   8   3   3  38   2   3   2   2   5   2  0.76 0.48
  179 D    -1   0   1   2  -1   0   1   0   2  -2  -2  -1   0   2   1  -1  -1   2   0  -2    5   5   6  15   1   3   8   9   5   3   3   2   3  10   6   3   4   3   3   3  0.14 0.15
  180 F     0  -2   1   2   1  -1   1   1   0  -2  -3  -1  -3  -1   2   1  -1   4   1  -2    6   2   8  10   3   2   9  13   3   2   3   3   0   3   9   9   4   6   4   3  0.19 0.20
  181 D    -1   0   0   0   2   0   0  -1   2   0  -1   0   2   1   0  -1   0   4   1  -1    5   5   5   5   5   5   5   5   5   5   5   5   5   5   5   5   5   5   5   5  0.09 0.08
  182 S     0  -1   0   1  -1  -2   2   1  -1  -2  -2  -1   0  -2   4   0   0   0  -2  -2    8   4   4   7   1   2  12   9   1   2   5   3   2   2  18   6   5   1   1   3  0.26 0.25
  183 S    -1   0   1   3  -2   0   2   0   1  -3  -2   0  -1  -2  -1   1  -1   0  -2  -2    6   6   6  16   1   4  12   8   3   2   4   6   1   2   3   9   4   1   2   3  0.20 0.19
  184 N    -1   0   5   1  -5  -1   0   0   2  -2  -3  -1   0  -2  -1   2  -1  -5   0  -2    4   5  26   6   0   3   6   6   5   2   3   4   3   2   3  13   2   0   3   3  0.37 0.33
  185 Q    -1   0   0   1   0   0   1  -1   1  -1  -1   1   0   0   2   0  -1   1   1   0    4   4   3   8   2   3   9   6   3   4   5   8   2   5  10   5   3   2   6   7  0.07 0.09
  186 N    -2   0   0   1   0  -2  -2  -2   6  -2  -3  -2  -4   3  -2  -2  -2   1   5  -3    4   6   5   7   2   2   3   3  16   2   3   2   0  13   3   3   3   2  19   2  0.60 0.44
  187 L    -1   0  -1   0  -2  -1  -2  -2   1   0   4  -1   1   0  -1  -2  -2   0  -1  -3    6   6   3   6   1   3   3   3   3   6  37   4   3   4   4   2   2   1   2   1  0.34 0.28
  188 P    -4  -3  -3  -3  -2  -6  -4  -4  -2  -2  -1  -1  -7  -3   8  -3  -3  -8  -2  -3    2   2   2   2   1   0   2   2   1   2   6   4   0   1  65   3   2   0   2   2  1.79 1.02
  189 H    -2  -2  -2   0  -1  -1   0  -3   8  -2  -4   1   0   1  -2  -1  -3   0   1  -4    4   3   2   6   1   3   7   2  37   2   2   7   2   5   2   4   2   1   5   1  1.02 0.61
  190 N    -1   0   6   0  -1   0  -1  -3   3  -4  -2   0  -1  -3  -2  -2  -1  -1  -2  -2    5   5  40   5   1   4   4   2   6   1   4   5   2   1   2   3   4   1   2   3  0.76 0.52
  191 Y    -3  -2  -3  -1   1  -3  -3  -4   6   1  -2  -5   0   2  -6  -3  -2   2   7  -1    2   2   1   3   3   1   2   1  17   8   5   0   2   7   0   2   3   3  32   5  1.05 0.61
  192 I    -1   0   0   2   0  -1   2  -1  -1  -1  -3   0  -1  -5   4  -1   1  -6  -2  -1    5   5   4  10   2   2  13   5   2   4   2   6   1   0  20   4   8   0   1   5  0.31 0.30
  193 K     0   0   0   0   2   0   0  -1   1   0  -1   0   1   0   0   0   0  -2   1   0    5   5   5   5   5   5   5   5   5   5   5   5   5   5   5   5   5   0   5   5  -0.00 0.06
  194 N    -3  -1   6   2  -1  -1  -1  -3   3  -2  -2  -2  -1  -2  -3   0  -2   0  -2  -2    2   4  39  10   1   2   4   2   7   2   4   3   2   2   1   6   2   2   2   3  0.75 0.44
  195 C     0   0  -1  -1   6   1  -3  -2  -2  -2  -1  -2  -1  -1  -4   3   1   1  -1  -1    6   5   3   3  15   5   1   3   1   2   5   2   2   3   0  25  10   2   2   4  0.42 0.33
  196 I    -1  -6  -7  -7   1  -6  -6  -7  -7   3   0  -6   2   0  -6  -3  -2   2  -1   6    4   0   0   0   3   0   0   0   0  13   7   0   5   4   0   2   2   3   2  53  1.25 0.62
  197 V     3  -6  -6  -6   3  -5  -6  -2  -6   1  -1  -5   0   0  -6  -2  -1  -6   0   5   23   0   0   0   5   0   0   3   0   7   6   0   2   4   0   3   4   0   4  38  0.82 0.48
  198 Y    -4  -7  -7  -7   0  -6  -7  -7  -1  -2  -4  -7   1   0  -7  -2   1  -4   9  -3    2   0   0   0   2   0   0   0   2   2   2   0   3   3   0   3   7   0  69   2  2.39 0.99
  199 T     0  -2   0  -2   3  -2  -2   0  -2   0   0  -2   2   1   1   0   0   4   1   0    7   0   7   0   7   0   0   7   0   7   7   0   7   7   7   7   7   7   7   7  0.14 0.15
  200 G     1  -3   1  -2  -3  -2  -2   4   2  -3  -3  -2  -3  -3  -3   2   0  -4  -3   0   10   0   7   1   0   0   1  41   7   0   1   1   0   0   0  15   7   0   0   7  0.56 0.25
  201 S     0  -2   2  -2  -2  -2  -2  -1  -2  -2  -1  -1  -2  -3   0   1   5  -3  -3   0    4   0   9   1   0   0   1   4   0   0   4   4   0   0   4   5  56   0   0   5  0.56 0.29
  202 G    -1  -1  -1  -2  -4   0  -1  -1   9  -4  -3   1  -3  -3   1  -2  -2  -3   0  -3    3   1   1   1   0   3   1   3  63   1   1   9   0   0   9   1   1   0   0   1  1.13 0.33
  203 D    -2   1   0   6  -4  -1   1   0  -2  -4  -4  -1  -3  -3  -2  -1  -2  -4   0  -3    1   8   1  66   0   0   4   9   0   1   1   1   0   0   1   1   1   0   4   1  0.89 0.27
  204 N    -1  -2   5  -1  -1   1  -1   1   1  -3  -2  -1   0  -2  -2   0   2  -3  -1  -2    2   1  39   1   2   8   1   9   4   1   4   1   3   2   1   6  14   0   2   2  0.40 0.21
  205 D    -1  -2   3   3  -3   0   2  -2  -1  -2  -1  -1   0  -3   3   0  -1  -3  -2  -1    4   1  16  19   0   3  13   2   1   1   8   2   3   1  14   5   2   0   1   3  0.28 0.14
  206 T    -1  -3  -2  -2   0  -2  -2  -3  -3  -1  -2  -2   0  -2   3   0   6  -3  -3  -1    2   1   1   1   2   1   1   1   0   2   4   1   2   2  13   3  60   0   0   3  0.78 0.33
  207 I     0  -3  -3  -3  -1  -2  -3  -3  -3   2   2  -2   0   2  -3   0   1   0  -1   2    8   0   0   0   1   1   1   1   0  16  21   0   2  10   0   5  12   1   1  15  0.19 0.14
  208 R     0   3  -1  -2   0   0  -1  -2  -1   1   1   1   1  -1  -1  -1   0   2   0   0   10  19   3   1   2   2   1   1   1  10  14   9   4   1   3   1   4   3   3   8  0.10 0.10
  209 E     0  -2  -1  -1  -4   1   2   5  -2  -3  -3  -2  -2  -4  -3   0  -1  -4  -3  -2    5   1   1   3   0   8  13  47   1   1   3   1   1   0   0   7   3   0   1   3  0.59 0.29
  210 F    -4  -4  -3  -4  -5  -3  -3  -5  -2  -5  -3  -4  -2   2  -5  -4  -4  12   4  -5    1   1   1   1   0   1   2   1   1   0   2   1   1   7   0   1   1  66  11   1  2.82 0.81
  211 I    -3  -3  -5  -5   1  -3  -4  -5  -1   2   0  -3  -1   4  -5  -4  -2   8   5   0    2   1   0   0   3   1   1   1   1  11   8   1   1  18   0   1   2  23  20   5  1.07 0.44
  212 N    -1   2   1   1  -2   1   3   0   0  -3  -3   2  -2  -2  -2   0  -1   1  -1  -3    5  10   8   6   1   6  20   6   2   1   2  14   1   1   1   7   3   2   2   1  0.24 0.18
  213 S     1   1   1   1  -2   0   2  -1   2  -3  -3   0  -3  -3  -2   2   1  -4  -2  -2   11   9   7   7   1   2  17   4   5   1   1   5   0   1   1  17   8   0   1   2  0.26 0.21
  214 L     2  -1  -2  -2   0   0  -2  -3  -2   0   3  -2   1  -2   0  -1  -2  -2   0  -1   23   3   1   2   2   4   2   1   1   6  33   2   3   1   4   4   2   0   3   3  0.28 0.25
  215 D    -1  -1   1   3  -2  -1   0   1  -2  -1  -4   0  -3  -3   2   3   1  -3  -2  -2    2   2   6  15   1   1   5  10   0   4   1   5   1   1  10  22  11   0   1   2  0.32 0.26
  216 D     0   0   0   3  -3   0   3   0  -2  -4  -3   0  -3  -4   2  -1  -1  -2  -3  -3    7   6   3  15   1   3  24   7   1   1   3   6   0   0  12   5   3   1   1   1  0.39 0.28
  217 L     1   0   0   1  -3   0   3   0   2  -3  -2   2  -2  -2  -2  -1  -2   1   0  -2   14   4   4   8   0   3  20   8   4   1   3  11   1   1   2   3   2   2   4   2  0.24 0.22
  218 H     0  -1  -2   2  -2   3   5  -2   1  -3  -4  -1  -3  -3  -4  -1   0  -1  -2  -1    7   3   2  12   1  11  33   3   3   2   1   3   1   1   0   5   5   1   1   5  0.52 0.37
  219 K    -3   6  -3  -4  -7   1  -3  -5  -1  -1  -1   4  -3  -4  -4  -4  -3  -3  -4  -1    2  40   1   1   0   6   1   1   1   3   7  27   1   1   1   1   1   0   0   4  1.09 0.57
  220 K     1   3   0   1  -3   2   3  -3  -1  -3  -4   2  -3  -5  -4  -1  -1  -2  -3  -4   14  16   5   8   0  10  16   1   2   2   2  13   0   0   1   4   3   1   1   1  0.43 0.33
  221 Y    -2   3   0  -3  -1   0  -1  -3   3  -3  -1   0   0   4  -5  -2  -2   0   4  -3    4  18   5   2   2   5   5   2   6   1   7   5   2  16   0   3   2   1  12   2  0.44 0.29
  222 I     3  -5  -6  -6   1  -4  -6  -5  -4   3   2  -4   2   3  -5  -4  -2  -2  -2   3   20   0   0   0   2   1   0   1   0  15  21   1   4  10   0   1   2   1   2  18  0.68 0.38
  223 F     0   3  -1  -1   0   0   0  -3   0  -1   2   1   0   1  -4  -1  -2   1   0  -2    8  16   3   4   2   4   5   2   2   4  21   9   2   6   0   4   2   2   2   1  0.20 0.18
  224 D     0   3   0   3  -4   0   2  -3   2  -6  -4   3  -4  -3  -4   0  -2  -3  -2  -4    9  15   5  13   0   4  13   2   4   0   2  17   0   1   1   8   2   0   2   1  0.48 0.33
  225 Y    -4  -3  -3  -4  -5  -2  -2  -5   0  -2  -1  -3   0   0  -5  -4  -4  -1   9  -4    2   2   1   1   0   2   3   1   2   2   7   2   2   4   1   2   1   1  61   2  1.89 0.85
  226 L     0  -4  -5  -5   2  -2  -2  -5  -6   1   5  -4   0   2  -2  -3  -1  -2  -1  -1    7   1   0   1   4   2   3   1   0   7  46   1   2   8   2   2   4   1   2   5  0.70 0.39
  227 N    -1   1   3   0  -4  -1  -2   5   1  -7  -5   2  -7  -5  -4   0  -3  -2  -7  -6    5   7  11   6   0   3   3  38   3   0   1  10   0   1   1   6   2   1   0   0  0.77 0.45
  228 T     0   1  -1  -2   3  -2  -1  -1   1   1   0  -1   0   1  -2   0   1  -2   1   0    6   9   2   2   6   1   4   4   4  10  10   3   2   7   2   5   9   1   4   8  0.07 0.08
  229 N    -1  -2   3   3  -3  -2   1  -1   1  -4  -2   0  -3  -4   1   2   1  -3  -1  -5    5   2  11  18   1   2   7   5   3   1   4   5   1   1   8  13  10   0   2   1  0.37 0.29
  230 E     0  -1  -2   2  -4  -1   4   2  -2  -4  -4   0  -5  -5   2  -1  -3  -4  -3  -3    8   3   2  10   0   3  25  17   1   1   2   7   0   1  10   5   2   0   1   2  0.53 0.38
  231 N    -1   2   0   4  -4  -1   3  -1   2  -6  -6   2  -4  -5   0   0  -1  -8  -5  -5    6  10   4  18   0   2  18   5   4   1   1  13   0   0   5   7   3   0   0   1  0.52 0.37
  232 F    -1  -2   3   4  -5   0   3  -2   1  -4  -4  -1  -4  -2   0  -1   0   0   0  -4    5   2  12  18   0   3  20   4   3   1   2   3   0   2   5   5   5   1   3   1  0.45 0.34
  233 V     0  -3  -5  -4  -3  -4  -5  -5  -4   5   1  -4   3   1   0  -3  -2  -2  -1   3    8   2   1   1   1   1   1   1   0  26  13   1   6   6   6   2   3   1   3  19  0.67 0.36
  234 V     2  -2   2  -6   5  -2  -4  -4   6  -2  -4  -5  -2  -5   2   2  -1  -2  -1   1   15   2   9   0   9   2   1   2  16   3   2   0   1   0   9  12   4   1   2   9  0.68 0.43
  235 W    -3   3  -3   1  -5   0   2  -4   0  -5  -2  -1   0  -1  -5  -4  -5  10  -1  -6    2  13   1   8   0   5  11   2   2   1   5   5   2   3   1   2   1  33   2   1  1.43 0.74
  236 D     3   1  -2   3  -5   0   1   0  -1  -3  -4   2  -2  -6  -2  -1   0  -4   1  -2   20   6   2  15   0   4   9   6   1   2   2  10   1   0   2   5   5   0   4   3  0.33 0.27
  237 M    -2  -9  -7 -10   0  -4  -9  -7  -6   3   4  -7   6   4  -9  -7  -5  -8  -3   0    4   0   0   0   2   1   0   1   0  13  38   0  18  13   0   0   1   0   1   7  1.32 0.65
  238 I    -4  -5  -5 -10   0  -5  -8  -8  -6   7   2  -9   2  -2  -9  -7  -2  -9  -8   1    2   1   1   0   2   1   0   0   0  57  16   0   4   2   0   0   3   0   0  10  1.78 0.79
  239 R    -3   6  -2   0  -3   1   3  -4   0  -7  -6   1  -6  -7  -9  -2  -5  -6  -6  -6    3  43   2   6   1   7  20   2   2   0   1   8   0   0   0   3   1   0   0   1  1.30 0.71
  240 S     3  -2  -4  -3  -2  -4  -1  -2  -4   1   3  -2   2  -1  -6  -1   1   0   1  -2   20   3   1   1   1   1   4   4   0   6  26   3   5   3   0   5   8   1   5   3  0.38 0.28
  241 A     5  -8  -6  -8   2  -7  -8  -1  -8   1   2  -7  -3  -7  -8  -2  -1  -2  -8   2   44   0   0   0   4   0   0   5   0   7  17   0   1   0   0   3   4   1   0  14  1.08 0.60
  242 M    -4  -7  -8  -9  -3  -2  -6  -9   1  -1   3  -5   6   3  -9  -3  -8   6   5  -4    2   0   0   0   1   2   1   0   3   3  29   1  18  10   0   2   0  11  15   1  1.38 0.69
  243 G     3   1   1   0  -3   2   0   1   0  -5  -3   0   1  -5  -5   2  -1  -7  -5  -5   23   8   6   4   0   8   6   9   2   1   3   6   3   0   0  17   3   0   0   0  0.41 0.33
  244 S    -2  -4  -3  -8   0  -4  -7  -5  -5  -7  -6  -5  -8  -9  -8   7   1 -10  -5  -8    3   1   1   0   2   1   0   1   0   0   1   1   0   0   0  79   8   0   0   0  2.21 1.13
  245 V     1   0   1  -1  -3  -2  -2  -2   0  -1  -5   1  -5  -6   3  -1  -1  -7  -6   4   10   6   6   4   1   2   3   3   2   3   1   8   0   0  14   4   3   0   0  29  0.48 0.37
  246 S     6  -8  -6  -8   2  -8  -6  -4  -4  -8  -9  -8  -8  -9  -5   4  -4  -9  -5  -6   66   0   0   0   4   0   0   2   1   0   0   0   0   0   1  24   1   0   0   0  1.97 1.00
  247 D    -1   2   4   3  -1   0   0  -2  -1  -2  -2   1  -2  -3  -1  -1  -3  -1  -3  -2    6  11  19  17   1   4   6   3   1   2   4   9   1   1   3   4   1   1   1   3  0.38 0.29
  248 N    -3  -2  -4  -5  -5  -5  -6  -3  -5   3   4  -3   2   1  -7  -4   3   4   0   0    2   2   1   1   0   0   0   2   0  13  32   2   5   6   0   1  16   5   4   6  0.71 0.42
  249 V     5  -6  -8  -8   4  -7  -7  -7   0  -3  -5  -6  -4   0  -6   0  -1  -8  -7   4   46   0   0   0   7   0   0   0   3   2   1   0   0   4   0   7   4   0   0  25  1.31 0.72
  250 I    -6 -10 -10 -10  -3  -9 -10  -7  -5   8  -1 -10   2  -3 -10  -9  -8  -9  -8   3    1   0   0   0   1   0   0   1   0  69   5   0   5   1   0   0   0   0   0  18  2.37 1.00
  251 V     0  -3  -1  -3   0  -1  -3  -1   0   2   2  -3   1   2  -1  -1   0   1   0   2    6   0   4   0   2   2   0   5   2  18  18   0   3  10   2   3   4   2   3  15  0.15 0.15
  252 S     0  -3  -1  -3   1   2  -2  -2   0  -3  -1  -2   0  -4   6   0   0  -4  -1  -1    8   0   3   0   3  10   0   3   3   0   6   0   3   0  41   6   6   0   3   5  0.73 0.38
  253 M    -1  -3  -4  -4   1  -3  -3  -4   0   1   3  -3   6   1  -1  -3  -1   2   0   1    6   0   0   0   3   0   0   1   3   8  27   0  25   5   3   0   3   3   3   7  0.47 0.32
  254 Q    -2  -1  -1  -3  -4   7   0  -2  -1  -4  -4  -1  -1  -2  -2  -2  -1   2  -2  -4    2   2   3   1   0  66   3   3   1   1   1   2   1   2   2   2   3   3   1   1  1.23 0.53
  255 D    -4  -4  -2   8  -5  -3   2  -4  -3  -5  -5  -3  -5  -5  -4  -3  -3  -5  -5  -5    1   1   0  81   0   0  10   1   0   1   1   1   0   0   1   1   1   0   0   1  1.87 0.61
  256 Y    -1  -3  -3  -4  -2  -3  -2  -3  -1   3   2  -3   1   2  -2  -3  -2   4   3   2    3   1   1   1   0   0   2   2   2  18  25   1   4   6   2   1   1   5  13  14  0.36 0.20
  257 I    -2  -4  -3  -5   1  -4  -4  -5  -4   0   5  -4   2   0  -4  -4  -2   1  -2  -1    3   0   2   0   3   0   1   1   0   5  69   1   4   3   0   1   2   2   1   2  1.00 0.46
  258 N     1  -1   2   0   0  -1   0   4   0  -3  -2  -1  -2  -2  -2   1  -1  -1  -1  -3   10   4   9   4   2   1   6  34   2   1   4   3   1   2   1   9   2   1   2   1  0.33 0.20
  259 L    -3  -2  -4  -3  -1  -1  -3  -4  -2  -1   5  -2   1   1  -3  -2  -2  -1   0  -1    2   2   0   2   1   3   2   1   1   2  64   2   2   5   1   3   2   1   3   2  0.73 0.38
  260 G    -2  -4  -1   4  -3  -4  -2   5  -4  -3  -3  -2  -5  -1   0  -2  -1  -5  -3  -5    1   0   2  21   1   0   3  50   0   2   3   2   0   3   6   3   3   0   1   0  0.94 0.47
  261 D     1  -1   2   3  -4  -1   1   1  -2  -3  -4   0  -4  -5  -1   3   1  -1  -4  -3   10   2  11  15   0   2  11   8   1   1   0   4   0   0   2  21   9   1   0   1  0.38 0.28
  262 K    -1   2   0   2  -2  -1   5  -2  -1  -4  -4   1  -3  -4  -2   0  -1  -1  -3  -4    4  10   3  13   1   2  36   3   1   1   1   9   1   1   1   8   3   1   1   1  0.56 0.35
  263 F     4  -2  -2   0   2  -2  -1   0   2  -3  -2  -3  -2  -1  -2   1   0  -4   1  -3   40   2   1   4   5   1   4   8   5   1   3   0   1   3   1   8   6   0   6   0  0.40 0.31
  264 S    -4   8  -5  -6  -8  -1  -5  -7  -1  -5  -7  -1  -3  -7  -7  -4  -4  -7  -6  -7    1  91   0   0   0   2   0   0   1   1   0   1   1   0   0   1   1   0   0   0  2.63 1.02
  265 A    -4  -6  -6  -7  -2  -2  -6  -7  -6   5   0  -6   9   2  -6  -6  -2  -5  -3  -1    1   0   0   0   1   2   0   0   0  32   5   0  47   7   0   0   2   0   1   3  1.71 0.72
  266 N    -6  -5   9  -3  -1  -4  -5  -5  -4  -7  -8  -3  -7  -7  -6  -4  -5  -8  -2  -7    0   0  94   0   1   0   0   0   0   0   0   1   0   0   0   0   0   0   2   0  2.90 1.04
  267 I    -1   0  -1  -2  -2  -2  -1  -4   0   2   0   0   1   0  -4  -1   3  -4   0   2    3   7   3   2   0   1   4   0   2  12   9   6   4   4   0   1  25   0   3  14  0.23 0.22
  268 P    -5  -6  -6  -6  -7  -5  -2  -2  -6  -7  -7  -5  -7  -7   9  -5  -5  -7  -7  -6    0   0   0   0   0   0   3   3   0   0   0   0   0   0  92   0   0   0   0   0  3.02 0.99
  269 K     1  -4  -2  -3  -3  -3  -1   6   1  -5  -5  -3  -3  -5  -4   2  -4  -5  -5  -5    9   1   1   1   0   1   4  61   3   1   1   1   1   0   1  14   0   0   0   0  1.18 0.51
  270 S    -2   0  -2  -1  -3  -2  -2  -1  -1  -1  -3   0  -4  -2  -4   1   6  -5  -3   1    1   4   1   4   0   2   2   4   1   3   1   6   0   1   0   8  52   0   0   9  0.78 0.46
  271 T     2  -2  -2  -2  -1  -2  -1  -2  -2   1   1  -1   1   0   1   0   1  -3  -1   2   17   1   1   1   1   1   4   2   0   9  12   3   3   3   6   5  10   0   2  18  0.15 0.15
  272 L     0  -1   0   0  -2   0   2   3   1  -3  -1   0  -2  -2  -1   1   0  -3  -2  -2    5   3   5   5   1   3  14  23   4   0   8   4   1   1   2  13   4   0   1   2  0.22 0.18
  273 D    -3  -2   2   3  -3   0  -2   5   0  -5  -6   0  -4  -6  -2  -1  -3  -6  -6  -6    1   2  10  19   1   3   2  45   2   1   0   6   0   0   2   4   1   0   0   0  0.93 0.47
  274 N    -5  -4   9  -4  -1  -3  -5  -5  -3  -8  -6  -5  -7  -5  -7   0  -5  -2  -4  -5    1   1  85   0   2   1   0   0   0   0   1   0   0   1   0   7   0   1   1   1  2.56 0.99
  275 C    -8  -8  -9  -9   0  -7  -8  -8  -8  -8  -7  -8  -7  -3  -9  -8  -8  13  -1  -8    0   0   0   0   2   0   0   0   0   0   0   0   0   1   0   0   0  95   1   0  4.99 1.46
  276 I     0   3  -1  -1   0   2   1  -2  -2  -1  -2   1  -2  -4  -3   2   3  -5  -4  -1    5  18   1   2   2   9   7   2   1   4   2   9   1   0   0  15  17   0   0   3  0.32 0.26
  277 F    -5  -6  -8  -9  -7  -5  -6  -8  -6  -5  -2  -8  -3   3  -9  -8  -7  12   4  -3    1   0   0   0   0   1   1   0   0   1   4   0   1  10   0   0   0  69  12   2  3.43 1.11
  278 R    -5   8  -5  -6  -3   1  -4  -7  -2  -7  -6   2  -2  -7  -6  -4  -5  -7  -6  -6    0  80   0   0   1   5   0   0   1   0   1  11   1   0   0   1   0   0   0   0  2.27 0.87
  279 L    -1  -5  -5  -6   1  -4  -5  -5  -5   1   4  -5   5   4  -5  -4  -3  -1   1   0    6   0   0   0   3   0   0   0   0   7  39   0  17  15   0   0   1   1   5   5  0.84 0.41
  280 L    -1   1  -1   1  -3   1   0  -2  -1  -3   0   2  -1  -3   2   1   2  -4  -3  -2    4   7   3   9   0   5   6   2   2   0  11  14   1   0  11  10  13   0   0   1  0.23 0.20
  281 E     0   0  -1   1  -5   0   2  -1   1  -3  -4   1  -1  -3   4   1  -2   5  -3  -4    7   5   2   7   0   3  13   4   3   1   1  10   2   1  19   9   2  10   0   1  0.46 0.29
  282 S     0  -1   1   3  -4  -1   2   2   0  -4  -3   0  -3  -3  -1   2  -1  -4  -3  -4    7   3   6  14   0   2  17  17   2   1   2   4   1   1   2  15   4   0   1   1  0.33 0.24
  283 D     1  -2  -2   4  -3   4   1  -3  -1  -3  -1  -2   2  -2  -3  -1  -2  -1   0  -1   13   1   1  20   0  23   9   1   1   1   5   1   6   2   1   4   1   1   4   3  0.46 0.34
  284 L    -2  -4  -4  -3  -3  -3  -2  -5  -4   2   5  -3   1   3  -2  -4  -3  -3  -1   0    3   1   1   1   1   1   4   0   0   9  50   2   3  13   3   1   1   0   2   4  0.74 0.39
  285 D    -1  -1   1   2  -2  -2   0   0   0  -4  -2  -1  -4  -1  -1   2   3  -1  -2  -4    4   3   7  14   1   1   6   7   2   0   4   3   0   2   3  15  24   1   1   0  0.33 0.28
  286 A     1   0   0   2  -3   1   3  -2  -1  -2  -3   1  -2  -4   2   0  -1  -4  -3  -2   11   5   4  12   0   6  20   3   1   2   3   8   1   1  12   6   3   0   1   3  0.30 0.23
  287 T     1   0  -1   3  -5   0   4  -1  -2  -1  -3   1  -4  -4  -1   0   0  -1  -4  -1   12   4   2  15   0   3  24   5   1   5   3   7   0   0   3   6   5   1   0   4  0.34 0.27
  288 L    -2   0  -2   1  -3  -2  -1  -4   1   2   3  -1   1  -1  -1  -2  -1  -3  -1   1    4   5   2   7   1   2   3   1   4  12  33   3   3   2   3   3   4   0   2   9  0.28 0.21
  289 S     4   0  -2  -3   0   0   0  -1  -3   1  -1   1  -1  -1  -3   1  -1   1  -3  -1   33   4   1   1   2   3   6   4   1   9   5   8   1   2   1   8   4   2   0   3  0.31 0.26
  290 Q     1   1   1   2  -4   2   3  -1  -1  -2  -4   2  -3  -4  -2   0  -1  -3  -4  -4   13   7   7  11   0   9  17   5   1   2   2  11   0   1   2   6   4   0   1   1  0.33 0.26
  291 N    -2   5  -1  -3  -5   0  -1  -5   1  -4  -5   4  -4   0  -5  -1  -1   5   2  -4    3  31   2   1   0   4   4   1   3   1   1  21   0   4   1   4   3   8   6   1  0.86 0.49
  292 I    -6  -8  -9  -9  -4  -7  -8  -9  -8   4   6  -8   3   1  -9  -8  -7  -2  -1  -1    0   0   0   0   0   0   0   0   0  21  60   0   6   5   0   0   0   1   3   4  1.62 0.72
  293 S     2   5  -3  -5  -4  -1  -3  -3   2  -6  -2   4  -3  -4  -6   0  -2  -3   0  -5   15  32   1   0   0   2   1   2   4   0   5  22   1   1   0   6   2   0   4   1  0.87 0.51
  294 F     0   2   1   2  -5   1   3  -1   2  -3  -3   2  -1  -3  -4   0  -1  -3  -1  -4    8  11   6   9   0   5  22   4   4   1   2  12   1   1   0   5   4   0   2   1  0.38 0.28
  295 I    -4  -3  -7  -6  -5  -3  -4  -8  -4   3   5  -4   5   0  -8  -4  -2   3  -1  -1    2   2   0   1   0   1   2   0   0  14  50   1  11   4   0   1   2   4   2   3  1.10 0.55
  296 T     2  -5   2  -6   1  -6  -5  -4  -5   1   0  -5  -1  -6  -6  -1   5  -7  -6   1   14   0  10   0   2   0   0   1   0   8   8   0   2   0   0   5  39   0   0  10  0.91 0.55
  297 R     0   2  -2   0  -2   1   3  -2   0  -1  -2   2  -2  -3  -4   0  -1   0  -2  -1    8  12   2   4   1   7  23   2   2   4   4  14   1   1   0   5   3   1   1   5  0.32 0.26
  298 L     0   1  -3  -2  -2   0   0  -5  -3   1   3   1   2  -2  -4  -1   1  -4  -4   0    7   9   1   2   1   3   6   0   1   8  27  10   5   2   0   3   9   0   0   5  0.29 0.23
  299 Y    -1  -7  -2  -7   0  -7  -7  -6   2  -6  -6  -7  -7   3  -8   2   2  -3   8  -7    6   0   2   0   2   0   0   1   4   0   0   0   0  10   0  15  10   0  48   0  1.74 0.83
  300 G    -2   0   3   1  -3   1  -2   6   0  -7  -7   0  -7  -5  -7  -3  -6  -5  -5  -8    4   6  11   7   1   5   3  52   3   0   0   6   0   1   0   2   0   0   0   0  1.17 0.60
  301 R    -9   9  -8  -9 -11  -6  -7 -10  -7 -10 -10  -5  -9 -10  -9  -8  -8 -10  -9 -10    0 100   0   0   0   0   0   0   0   0   0   0   0   0   0   0   0   0   0   0  3.68 1.41
  302 A     4  -5  -4  -5   5  -4  -4   3  -5  -5  -5  -4  -5  -6  -5   2   3  -6  -5  -4   30   0   0   0  12   0   0  21   0   0   0   0   0   0   0  18  19   0   0   0  0.98 0.51

                      K         Lambda
Standard Ungapped    0.1392     0.3237
Standard Gapped      0.0510     0.2670
PSI Ungapped         0.1665     0.3178
PSI Gapped           0.0510     0.2670
