
Last position-specific scoring matrix computed, weighted observed percentages rounded down, information per position, and relative weight of gapless real matches to pseudocounts
            A   R   N   D   C   Q   E   G   H   I   L   K   M   F   P   S   T   W   Y   V   A   R   N   D   C   Q   E   G   H   I   L   K   M   F   P   S   T   W   Y   V
    1 M    -1  -1  -2  -3  -2   0  -2  -3  -2   1   2  -1   6   0  -3  -2  -1  -2  -1   1    0   0   0   0   0   0   0   0   0   0   0   0 100   0   0   0   0   0   0   0  0.36 0.01
    2 K    -1   2   0  -1  -3   1   1  -2  -1  -3  -3   5  -1  -3  -1   0  -1  -3  -2  -2    0   0   0   0   0   0   0   0   0   0   0 100   0   0   0   0   0   0   0   0  0.52 0.00
    3 I    -1  -3  -3  -3  -1  -3  -3  -4  -3   4   2  -3   1   0  -3  -2  -1  -3  -1   3    0   0   0   0   0   0   0   0   0 100   0   0   0   0   0   0   0   0   0   0  0.39 0.00
    4 G     0   0   0  -1  -3   4   1   4  -1  -3  -3   0  -1  -3  -2   0  -1  -2  -2  -3    0   0   0   0   0  50   0  50   0   0   0   0   0   0   0   0   0   0   0   0  0.54 0.00
    5 T     1  -1   0  -1  -1   0  -1  -1  -1  -1  -2   0  -1  -2  -1   3   4  -3  -2  -1    0   0   0   0   0   0   0   0   0   0   0   0   0   0   0  50  50   0   0   0  0.39 0.00
    6 Q     0   0   0  -1  -2   4   1  -2   0  -2  -2   0  -1  -3  -1   1   3  -2  -2  -1    0   0   0   0   0  50   0   0   0   0   0   0   0   0   0   0  50   0   0   0  0.38 0.00
    7 A     4  -1  -2  -2   0  -1  -1   0  -2  -1  -2  -1  -1  -2  -1   1   0  -3  -2   0  100   0   0   0   0   0   0   0   0   0   0   0   0   0   0   0   0   0   0   0  0.41 0.00
    8 T     0  -1   4   0  -1   0   0  -1  -1  -2  -2   0  -1  -3  -1   2   3  -3  -2  -1    0   0  35   0   0   0   0   0   0   0   0   0   0   0   0  33  32   0   0   0  0.38 0.01
    9 S     1  -1   0  -1  -1  -1  -1   3  -1  -3  -3  -1  -2  -3  -1   3   1  -3  -2  -2    0   0   0   0   0   0   0  35   0   0   0   0   0   0   0  65   0   0   0   0  0.47 0.01
   10 L     0  -2  -1  -2  -1  -2  -2  -2  -2   2   2  -2   1  -1  -2   1   0  -2  -1   1    0   0   0   0   0   0   0   0   0  35  32   0   0   0   0  33   0   0   0   0  0.16 0.01
   11 A     3  -1  -1  -1  -1  -1  -1   0  -1  -2  -2  -1  -1  -2  -1   3   1  -3  -2  -1   65   0   0   0   0   0   0   0   0   0   0   0   0   0   0  35   0   0   0   0  0.37 0.01
   12 V    -1  -1  -2  -2  -1  -1  -1  -2  -1   1   0  -1   0   4  -1  -1  -1   0   1   2    3   2   2   2   1   1   2   3   1   2   3   2   1  35   2   3   2   0   1  34  0.13 0.00
   13 L    -1  -2  -2  -2  -1  -1  -2  -3  -2   1   2  -1   4   0  -2   0   2  -2  -1   0    0   0   0   0   0   0   0   0   0   0  32   0  35   0   0   0  33   0   0   0  0.24 0.01
   14 H    -1  -1   0  -1  -3   0  -1  -2   7  -3  -3  -1  -2  -2   5  -1  -2  -3   1  -3    0   0   0   0   0   0   0   0  65   0   0   0   0   0  35   0   0   0   0   0  0.92 0.02
   15 N     0  -1   3   0  -2  -1  -1   3  -1  -3  -3  -1  -2  -3  -2   2   0  -3  -2  -3    0   0  32   0   0   0   0  33   0   0   0   0   0   0   0  35   0   0   0   0  0.45 0.01
   16 Q     2  -1  -1  -2  -1   3   0  -1  -1   0   2   0   1  -1  -2   0  -1  -2  -1   0   33   0   0   0   0  32   0   0   0   0  35   0   0   0   0   0   0   0   0   0  0.17 0.01
   17 E    -1  -1   0   4  -4   1   4  -2  -1  -3  -3   0  -2  -3  -1   0  -1  -3  -2  -3    0   0   0  35   0   0  65   0   0   0   0   0   0   0   0   0   0   0   0   0  0.69 0.02
   18 S     3  -1   0  -1  -1   0   0   0  -1  -2  -2   0  -1  -2  -1   3   1  -3  -2  -1   33   0   0   0   0   0   0   0   0   0   0   0   0   0   0  67   0   0   0   0  0.39 0.01
   19 H    -1  -1  -1  -2  -2  -1  -1  -3   5  -1   1  -1   0  -1   5  -1  -1  -3   0  -1    0   0   0   0   0   0   0   0  32   0  33   0   0   0  35   0   0   0   0   0  0.56 0.01
   20 A     3   0  -1  -1  -1   3   0   0  -1  -2  -2   0  -1  -3  -1   1   0  -2  -2  -1   65   0   0   0   0  35   0   0   0   0   0   0   0   0   0   0   0   0   0   0  0.33 0.01
   21 P    -1   3  -1  -2  -3   0  -1  -2  -1  -3  -3   0  -2  -3   6  -1  -1  -3  -3  -3    0  35   0   0   0   0   0   0   0   0   0   0   0   0  65   0   0   0   0   0  1.24 0.02
   22 Q    -1   0  -1  -1  -2   5   1  -2   0  -1   1   0   1  -2  -2  -1  -1  -2  -1  -1    0   0   0   0   0  67   0   0   0   0  33   0   0   0   0   0   0   0   0   0  0.35 0.02
   23 A     4  -2  -2  -2  -1  -1  -1  -1  -2  -1   1  -1   0  -2  -1   1   0  -3  -2   0   80   0   0   0   0   0   0   0   0   0  20   0   0   0   0   0   0   0   0   0  0.35 0.05
   24 P    -1  -2  -2  -2  -3  -1  -1  -2  -2  -3  -3  -1  -2  -4   7   0   2  -4  -3  -2    0   0   0   0   0   0   0   0   0   0   0   0   0   0  78   0  22   0   0   0  1.57 0.07
   25 I     0   2   0  -1  -2  -1  -1   2  -1   0  -1   0  -1  -2  -2   2   0  -3  -2  -1    0  20   0   0   0   0   0  19   0  18   0   0   0   0   0  43   0   0   0   0  0.20 0.03
   26 A     2  -1   2   0  -2   0   2  -1  -1  -2  -2  -1  -1   2  -2   0  -1  -2   0  -1   37   0  22   0   0   0  22   0   0   0   0   0   0  20   0   0   0   0   0   0  0.20 0.03
   27 V    -1  -2  -2   2  -2  -2  -1  -3  -2   2   2  -2   3  -1  -3  -2  -1  -3  -2   2    0   0   0  20   0   0   0   0   0  22  19   0  22   0   0   0   0   0   0  18  0.20 0.03
   28 R    -2   5  -1  -2  -4   0  -1  -3   3  -4  -3   1  -2  -3   3  -1  -2  -3  -2  -3    0  71   0   0   0   0   0   0  13   0   0   0   0   0  16   0   0   0   0   0  0.78 0.10
   29 P    -1  -2  -1  -1  -3  -1   2  -2  -2  -3  -3  -1  -3  -4   7   1  -1  -4  -3  -3    0   0   0   0   0   0  19   0   0   0   0   0   0   0  65  16   0   0   0   0  1.29 0.09
   30 E     0   3  -1   0  -3   1   4  -2  -1  -3  -3   3  -2  -3  -2   0  -1  -3  -2  -2   12  19   0   0   0   0  45   0   0   0   0  24   0   0   0   0   0   0   0   0  0.47 0.06
   31 P    -2   3  -2  -2  -3  -1  -2  -3  -2  -1   1   0   0  -2   5  -2  -1  -3  -2  -1    0  25   0   0   0   0   0   0   0   0  30   0   0   0  45   0   0   0   0   0  0.76 0.07
   32 A     2   1  -1  -1  -2   0   2  -1  -1  -3  -2   0  -2  -3   2   2   0  -3  -2  -2   29  13   0   0   0   0  19   0   0   0   0   0   0   0  12  27   0   0   0   0  0.34 0.05
   33 H     1   2  -1  -1   3   3   2  -2   3  -3  -2   0  -1  -3  -2   0  -1  -3  -1  -2   16  17   0   0  12  30  13   0  12   0   0   0   0   0   0   0   0   0   0   0  0.34 0.06
   34 A     2   4  -1  -2  -2   0  -1  -1  -1  -2  -2   0  -2  -3  -2   2   1  -3  -2  -2   34  39   0   0   0   0   0   0   0   0   0   0   0   0   0  16  11   0   0   0  0.38 0.08
   35 I    -1   1  -2  -2  -2  -1  -2  -3  -2   1   2  -1   0   2  -2   1   1  -2   0   0    0  11   0   0   0   0   0   0   0  10  34   0   0  16   0  15  14   0   0   0  0.16 0.05
   36 P     3  -2  -2  -2  -2  -1  -1  -1   3  -3  -3  -1  -2  -3   6   0  -1  -4  -2  -2   43   0   0   0   0   0   0   0  11   0   0   0   0   0  46   0   0   0   0   0  0.92 0.11
   37 E     0   2  -1  -1  -3   0   2   2   3  -3  -3   0  -2  -3  -2   0   1  -3  -1  -2   10  15   0   0   0   0  21  25  14   0   0   0   0   0   0   0  16   0   0   0  0.29 0.06
   38 I     2  -2  -2  -3  -1  -1  -2  -2  -2   1   2  -2   3  -1  -2  -1  -1  -2  -1   0   30   1   0   1   0   0   1   1   0   7  34   1  21   0   1   1   1   0   0   1  0.22 0.06
   39 P    -1  -1  -2  -1  -4  -1   1   0  -2  -4  -3   1  -3  -4   6  -1  -2  -4  -3  -3    0   0   0   0   0   0  15   9   0   0   0  14   0   0  62   0   0   0   0   0  1.22 0.12
   40 L    -2  -2  -2  -1  -2  -1   2  -3  -2   0   3  -1   0   2  -3  -1   0  -2  -1  -1    0   0   0   0   0   0  29   0   0   0  47   0   0  14   0   0  10   0   0   0  0.25 0.08
   41 D     0  -2   2   3  -2  -1  -1   2  -2  -1  -2  -1  -2  -3   2   0  -1  -4  -3   0    9   0  13  26   0   0   0  19   0   0   0   0   0   0  14   4   0   0   0  14  0.32 0.06
   42 L     0   2  -2  -2  -2  -1  -1  -3  -2   2   2   2   0  -1  -2  -1  -1  -3  -2   0   10  14   0   0   0   0   0   0   0  26  27  23   0   0   0   0   0   0   0   0  0.17 0.06
   43 A     3  -2  -1   1  -2  -1   1  -1  -2  -1  -2  -1  -1  -3   2   0  -1  -3  -2   2   43   0   0  12   0   0  12   0   0   0   0   0   0   0   9   0   0   0   0  23  0.26 0.08
   44 I    -1  -1   1  -1  -3   2   1  -3  -2   0  -1  -1  -1  -3   5  -1  -1  -3  -2   0    0   0  12   0   0  15   9   0   0   6   6   0   0   0  39   0   0   0   0  12  0.60 0.09
   45 R     0   6  -1  -2  -4   0  -1  -3  -1  -3  -2   2  -2   1  -3  -1  -2  -3  -1  -3    9  69   0   0   0   0   0   0   0   0   0  10   0  12   0   0   0   0   0   0  0.70 0.14
   46 P     0   1  -1  -2  -2  -1  -1   3  -2  -3  -3  -1  -2  -3   4   2   1  -3  -3  -3    0  12   0   0   0   0   0  36   0   0   0   0   0   0  21  21  10   0   0   0  0.53 0.09
   47 R    -2   5  -1   1  -4   2   0  -3  -1  -3  -2   3   2  -3  -2  -1  -1  -3  -2  -3    0  47   0  12   0  12   0   0   0   0   0  19  10   0   0   0   0   0   0   0  0.53 0.11
   48 T     0   1  -1  -2  -2  -1  -1   1  -2  -2  -2  -1  -2  -3  -2   2   5  -3  -2  -1    0  11   0   0   0   0   0  11   0   0   0   0   0   0   0  18  59   0   0   0  0.50 0.14
   49 R    -2   5  -2  -3  -4   0  -1  -3   3  -3   0   1  -2  -3   3  -2  -2  -4  -2  -3    0  63   0   0   0   0   0   0   9   0  10   0   0   0  18   0   0   0   0   0  0.80 0.19
   50 G    -1  -2  -1  -2  -3  -2  -2   5   3   0  -3  -2  -2  -3  -2   0   0  -3  -2  -2    1   0   0   0   0   0   0  59  10   9   1   0   0   0   0   8   9   0   0   0  0.61 0.14
   51 I     1   0  -2  -3  -2  -2  -2  -3  -3   2   2   0   1  -1  -2  -1   0  -3  -2   1   17   7   0   0   0   0   0   0   0  16  37   7   0   0   0   0   7   0   0   9  0.19 0.08
   52 H    -2  -2   1  -2  -3  -1   0  -3   7   0   0  -2  -1  -2   1  -2  -2  -3   0  -2    0   0   9   0   0   0   7   0  53  10  14   0   0   0   7   0   0   0   0   0  0.71 0.20
   53 P     0   2  -2  -2  -3  -1  -2  -3   2  -3  -1   1  -2  -4   6  -2  -2  -4  -3  -3    8  17   0   0   0   0   0   0   8   0   6   8   0   0  53   0   0   0   0   0  1.05 0.20
   54 F     1  -2  -2   0  -2  -1  -1  -2  -2   1   2  -2   0   1   1   0  -1  -1   1   1   13   1   1   9   0   1   1   1   0   6  27   1   0   8   7  10   1   0   6   9  0.09 0.05
   55 L     0  -1  -1   1  -2   1   2   0   2  -1   0  -1  -1  -2  -1   0   0  -2  -1   0   10   1   1   9   0   6  17   7   7   1  14   1   0   0   1   9   7   0   0   9  0.09 0.04
   56 A     1   0  -1  -2  -2   2  -1  -2  -2   1  -2  -1  -1  -2   2   3   0  -3  -2  -1   12   6   0   0   0  14   0   0   0  19   1   0   0   0  11  33   0   0   0   0  0.26 0.12
   57 M     0  -1  -2  -2  -2   1  -1  -2  -2   1   2  -1   2  -1   1   0   1  -2  -2   0    7   1   1   1   0   9   1   1   0   8  32   1   9   0   8  11   9   0   0   1  0.15 0.07
   58 T    -1  -1  -1   1  -2   0  -1   0   1   1  -1   0   0  -2  -2   1   3  -2   1  -1    0   0   0   8   0   6   0   8   6  13   1   8   4   0   0   7  31   0   6   0  0.15 0.09
   59 L    -1  -1  -1   0  -2   0   0  -3   2   0   2   0   0  -2  -2   0   2  -3  -2   0    0   0   0   5   0   5   7   0  10   0  35   6   0   0   0   9  17   0   0   5  0.16 0.11
   60 G     1   1  -1  -1  -2   2   1   2  -1  -2  -2   0  -2  -3   0   0   0  -3  -2   0   13   6   0   0   0  18  12  18   0   0   0   5   0   0   5   7   4   0   0  10  0.22 0.10
   61 D    -1  -2   0   3  -3   2   1   0  -2  -1   0  -1  -1  -3  -2   1   1  -3  -3  -2    0   0   0  27   0  13  10   9   0   5  11   0   0   0   0  11  14   0   0   0  0.26 0.12
   62 K     0   5  -1  -2  -3   0  -1  -1  -2  -1  -1   3  -2  -3  -2   1  -1  -4  -3  -2    6  42   0   0   0   0   0   5   0   5   7  23   0   0   0  12   0   0   0   0  0.46 0.17
   63 G    -1   0   3  -2  -4  -2  -1   5   1  -5  -5  -2  -4  -4   0  -1  -2  -4  -4  -4    0   5  18   0   0   0   5  64   3   0   0   0   0   0   4   0   0   0   0   0  0.94 0.27
   64 C     0  -3   0  -3   7  -3  -3   0  -3   1  -1  -1  -2  -3  -3   1   0   4  -3  -1    8   0   5   0  41   0   0   6   0  11   3   6   0   0   0  11   4   6   0   0  0.70 0.24
   65 A     3  -2  -2  -2   3   0   0   0  -2  -2  -2  -2   0  -1  -2   3   0  -3  -2  -1   36   0   0   0   9   4   5   6   0   0   0   0   4   3   0  26   5   0   0   2  0.35 0.19
   66 S     3  -2  -1  -2   2  -1  -2   0   1  -3  -3   0  -2  -3  -2   4  -1  -3   1  -2   29   0   0   0   5   0   0   6   3   0   0   8   0   0   0  44   0   0   5   0  0.49 0.25
   67 S     2  -2  -1   0  -2   0  -1  -2  -2   1  -1   1  -2  -3  -2   4  -1  -4  -3  -2   16   0   0   5   0   4   0   0   0  11   4   8   0   0   0  52   0   0   0   0  0.46 0.26
   68 S     1   1  -1  -2  -3   3  -1  -2  -2  -2  -1   3  -2  -3  -2   2   1  -4  -3   0   13   7   0   0   0  20   0   0   0   0   5  23   0   0   0  17   8   0   0   8  0.32 0.20
   69 G     3  -2   1  -2  -3  -1   0   0   4  -3  -2   0  -2  -3   3   1  -1  -4  -2  -2   33   0   9   0   0   0   4   6  13   0   5   7   0   0  15   8   0   0   0   0  0.38 0.20
   70 V    -1   1   2   0  -2  -1  -1   0  -2  -1   1  -1  -1  -2   2   1   0  -3   0   0    0  11  13   7   0   0   0   8   0   0  18   0   0   0  10  14   3   0   4  11  0.12 0.12
   71 S     0   1   1  -2  -3   1  -1   2  -2   0  -1  -1   0  -3   0   3  -1  -4  -3  -1    5  11   6   0   0   7   3  17   0   7   4   0   3   0   3  30   0   0   0   5  0.21 0.17
   72 L    -1  -1  -1   1  -2   0   1  -1  -2   1   0  -1   1   0  -1   1   0  -3  -2   0    0   4   0  11   0   2  14   5   0  15  10   0   7   4   3  13   6   0   0   7  0.09 0.11
   73 E    -1   0   1   2  -3   2   2   1  -2  -3  -3   2  -2  -4   0   1   0  -4  -3  -2    0   4   4  15   0  11  12  10   0   0   0  17   0   0   3  15   4   0   0   4  0.32 0.17
   74 D    -2  -2   0   2  -3  -1   2  -1   4   0  -3   0  -2  -3   1   0   2  -4  -2   0    0   0   2  16   0   0  14   5  14   5   0   4   0   0   7   6  16   0   0   9  0.27 0.17
   75 D     1  -2   0   3  -3   1   0   2  -2  -2  -1  -1   0  -1   2   1   0  -3  -2  -2   13   0   2  19   0   7   5  16   0   0   7   0   4   3  10  10   3   0   0   0  0.23 0.14
   76 S     1  -1  -1   1  -2   0  -1   2  -2  -1  -1  -1  -2  -1   0   2   0  -3  -2   0   15   4   0   8   0   3   3  16   0   3   4   0   0   3   5  21   6   0   0   7  0.16 0.12
   77 H    -1   0   1  -2  -3   0   0  -2   3   0   0  -1  -1  -1   0  -1  -1  -2   3   1    2   4   7   0   0   5   7   3  12   6  13   2   0   0   5   3   4   0  15  13  0.14 0.13
   78 T     1   3  -1  -2  -3   0   0  -1   2  -3  -3   1  -2  -1  -1   2   1  -3  -2  -2   12  26   0   0   0   4   3   3   7   0   0   6   0   3   2  20  10   0   0   3  0.31 0.19
   79 Q     0   1  -1   0  -3   4   2  -1   2  -3  -3  -1  -2  -1  -2   2   0  -3   0  -2    5   8   0   4   0  24  12   4   7   0   0   0   0   2   0  22   5   0   3   3  0.35 0.22
   80 V     2  -1  -2  -3  -2  -1  -2  -2   0   1  -2  -1  -1  -1  -2   2   3  -3  -2   2   21   2   0   0   0   3   0   0   2   8   0   3   0   3   0  17  23   0   0  17  0.29 0.21
   81 S     1  -2   1   0  -3   1   1  -1  -2  -1  -1  -1  -2  -3   3   1   1  -3  -1  -1   18   0   8   2   0   7  12   4   0   3   6   0   0   0  16   9   8   0   3   5  0.23 0.15
   82 L    -1  -3  -3  -3  -3  -1  -1  -2  -3   1   2  -3  -1   4  -1   0   0   3   1   1    2   0   0   0   0   4   3   3   0  10  22   0   0  21   3   8   8   5   5   7  0.26 0.17
   83 S    -1  -2   0   1  -3   0   0   0  -2  -3  -2   2   1   1  -1   3   0  -3  -2  -1    0   0   4   9   0   4   6   5   0   0   2  14   4  10   3  30   4   0   0   4  0.25 0.22
   84 D     0   0   2   2  -4   4   2  -2  -2  -2  -3  -1  -3  -4  -3   1   0  -4  -3  -1    5   4   9  15   0  29  12   2   0   2   0   0   0   0   0   9   6   0   0   5  0.46 0.28
   85 F     1  -2  -3  -2  -1  -1  -3  -1   0   0  -1  -1  -2   4  -4   0  -2  -1   6  -2   14   1   0   2   1   2   0   4   2   5   5   4   0  16   0   6   2   0  36   0  0.62 0.32
   86 S     0   4   0   3  -4   1  -1  -2   1  -2  -2   0  -3  -2  -3   1  -1  -4  -1  -2    8  29   4  23   0   5   0   2   3   2   2   4   0   2   0  10   2   0   2   2  0.41 0.24
   87 V     1  -2  -1   0  -2   1   0  -2  -2   1   0  -2   0   0  -3  -1   2  -2   1   1   16   0   2   5   0   7   7   2   0  12   8   0   3   3   0   0  17   0   7  11  0.13 0.15
   88 A     3   0  -3  -2  -3   0  -1   0  -3   0   2  -1  -1  -1   0   0  -2  -3  -3  -2   38   4   0   2   0   4   2   5   0   4  25   3   0   2   5   5   0   0   0   0  0.30 0.23
   89 S     2  -1  -1   2  -3   0   1  -1  -2   0   0   0  -2  -3  -1   1   1  -4  -3   0   18   3   0  14   0   2  10   4   0   8  10   4   0   0   1  14   8   0   0   4  0.15 0.14
   90 R     0   3   1   1  -3   0   1   0   2  -3  -2   1  -1   0  -3   0  -1  -3  -1  -3   11  20   6  10   0   4   9   7   6   0   3   9   2   5   0   4   3   0   2   0  0.21 0.15
   91 D     0  -1   1   4  -4  -1   3   1   1  -3  -2  -2  -3  -4  -1  -2  -1  -4  -3   0    7   3   5  25   0   1  23  13   3   0   5   0   0   0   3   0   2   0   0   7  0.40 0.24
   92 V     1  -1  -1  -2  -2   0   0   0  -2   0   0  -1   0   1   0   0  -1  -2   0   0   19   2   3   0   0   6   9   9   0   7  10   3   3  10   3   7   2   0   2   6  0.06 0.08
   93 N    -1  -2   4   1  -3  -1   2   0   0  -3  -3   0   0  -3  -3   1   0  -4  -2   0    4   0  28   8   0   0  14   8   1   0   2   6   3   0   0  10   7   0   1   7  0.36 0.21
   94 H     2   3  -1  -2  -3   4  -1   0   2  -3  -2   0  -2  -2  -1  -1  -1  -4  -2   1   18  17   1   2   0  22   2   6   6   0   2   4   0   2   3   1   3   0   1  11  0.33 0.24
   95 N    -1   1   2   2  -3   0   1   2   0  -3  -2   0  -2  -3  -1   1  -1  -3  -3  -2    5  10  10  13   0   5   7  19   3   1   3   5   0   0   2  13   2   0   0   2  0.26 0.14
   96 N     0  -4  -1  -4  -4   0  -4   7  -4  -5  -3  -4  -4  -5  -4  -3  -4  -5  -5  -5    6   0   3   0   0   4   1  78   0   0   3   0   0   0   0   1   0   0   0   1  1.63 0.52
   97 I     2  -3  -2  -3  -3  -3  -2  -1  -3   4   0  -3   1  -1  -3  -1  -1   1   0   3   22   0   2   0   0   0   3   4   0  26   5   0   3   1   0   5   2   2   3  20  0.37 0.22
   98 C    -4  -6  -6  -6  11  -6  -6  -5  -6  -5  -5  -6  -5  -5  -6  -4  -4  -5  -5  -4    1   0   0   0  92   0   0   1   0   0   1   0   0   0   0   1   0   0   0   1  3.88 0.96
   99 A     0  -1  -1  -3  -1  -2  -1  -2   2  -1   1  -2   3   2  -1  -1  -1   1   1   2   10   4   3   0   1   1   3   3   5   1  14   1  12   9   2   3   4   2   6  18  0.18 0.16
  100 G     2  -5  -2  -5  -1  -5  -5   6  -1  -1  -3  -5  -5  -6  -2  -2  -1   0  -6  -2   16   0   2   0   1   0   0  61   2   4   3   0   0   0   2   2   4   1   0   3  1.19 0.50
  101 L    -5  -5  -6  -6  -5  -1  -6  -7  -5   0   5  -5   3   2  -6  -3  -2  -4   1  -1    0   0   0   0   0   2   0   0   0   3  65   0   8   9   0   2   2   0   5   3  1.21 0.49
  102 S     1  -5  -4  -4   5  -4  -4  -2  -5  -4  -5  -4  -4  -5  -5   5   2  -6  -5   1   12   0   0   0  14   0   0   3   0   0   0   0   0   0   0  45  14   0   0  12  1.06 0.51
  103 T     3  -4  -4  -1   2  -3  -4  -4   0   2   1  -4   2   0  -4   0   1  -4  -3   1   25   0   0   4   5   0   0   0   2  16  14   0   6   3   0   8   8   0   0   9  0.36 0.25
  104 E     0   1  -1  -2  -1   3   2  -4   2   0   0   0   0  -1  -3  -1  -1  -3   1  -1    8   7   2   0   1  15  17   0   5   6  10   6   2   2   0   3   4   0   6   5  0.22 0.19
  105 W    -6  -6  -7  -7  -6  -6  -7  -6  -6  -6  -6  -7  -6   1  -7  -6  -6  12   1  -6    0   0   0   0   0   0   0   0   0   0   0   0   0   5   0   0   0  87   4   0  4.37 1.14
  106 L    -1  -5  -5  -5   1  -4  -5  -5  -5   3   4  -5   4   0  -5  -4  -3  -4  -3   1    6   0   0   0   3   0   0   0   0  17  51   0  10   3   0   0   0   0   0   7  0.95 0.38
  107 V     0   3   0  -3  -4   0   1  -1   1   0   0   0  -2  -1  -4   0  -1   1   0   0    7  21   4   0   0   4   8   5   4   5  10   6   0   2   0   7   4   2   3   8  0.18 0.20
  108 M     0   3   0   0  -4   1  -1  -1   0  -1   2   0   2  -3  -4  -1   0  -4  -1  -1    6  17   4   5   0   6   3   5   3   3  24   5   5   0   0   3   6   0   3   3  0.21 0.23
  109 S    -1   2   0  -2   1  -1  -2  -2   5   1   0   0   1  -1  -2   0  -1   1   0  -1    4  13   4   2   3   3   2   2  18   8   8   5   4   2   2   7   3   2   3   3  0.29 0.25
  110 S     0   1   0   0   0   0  -1   0   3   0  -1   0   1   0   1   0  -2  -3   1  -1   10   9   4   4   2   4   4   8   9   7   6   6   4   3   6   6   0   0   4   2  0.08 0.12
  111 D     0   0   3   2  -4   3   0  -2  -3  -4  -2   2  -3  -4   0   1   0   0  -4  -4    8   5  14  10   0  13   6   3   0   0   4  14   0   0   4  11   5   2   0   0  0.35 0.31
  112 G    -1  -1   1   0  -5   1   0   5  -4  -5  -4  -1  -4  -3  -4   2  -2  -5  -1  -3    5   4   6   5   0   6   6  42   0   0   2   2   0   1   0  14   2   0   2   2  0.64 0.44
  113 D    -1   0   1   1  -4   2   1  -1  -1  -2  -3   0  -3  -5   4   2   0  -5  -4  -3    5   5   6   9   0   9   8   5   1   2   2   5   0   0  19  16   6   0   0   1  0.38 0.31
  114 A     3  -1   0  -2  -3   0  -1  -2  -3  -2  -1  -1  -1  -2   3   2  -1  -4  -4  -1   33   2   6   2   0   4   3   2   0   2   5   2   2   2  13  15   4   0   0   4  0.39 0.35
  115 E     1   0  -1   0  -3   1   1  -1   0  -1  -1   1  -2   1  -1   2   0   2   0  -1   10   5   2   6   0   7  12   3   2   3   5   8   0   6   2  16   3   3   3   3  0.11 0.15
  116 S     1  -1   2   0  -3   0   0   1   0  -2  -3   0  -1  -2   0   2   0  -1   1  -1   10   2  10   6   0   5   6   9   3   2   1   5   1   1   5  19   6   1   6   5  0.17 0.19
  117 R     0   6   0  -1  -1  -2  -2  -3  -4  -3  -3   0  -1   0   0  -2  -2  -5  -1  -2    7  52   4   3   2   1   2   2   0   1   2   4   1   4   4   2   3   0   2   2  0.91 0.56
  118 M    -1  -2  -2  -1   0  -3  -2  -3  -2   3   1  -1   6   1  -3  -2  -2   3  -3   0    6   2   2   4   2   0   2   2   1  19  10   4  25   7   1   2   1   4   0   6  0.53 0.39
  119 D     1   0   1   3  -4   1   1   0   1  -2  -2   0  -3  -4  -1   0   0   0  -3  -3   15   4   6  20   0   6  10   6   3   3   4   5   0   0   3   8   5   2   0   0  0.26 0.24
  120 H     2   2   0  -1  -4   1  -1  -1   3  -2  -2   0  -3   1  -1   0   0   1   2  -3   19  11   4   3   0   6   3   3   9   3   2   6   0   7   2   6   6   2   7   1  0.21 0.24
  121 L    -2  -3  -3  -5  -4  -4  -2  -1  -5   1   4  -2   3   0  -5  -2  -1   1  -4   0    3   1   1   0   0   0   3   6   0   7  50   2   8   4   0   2   4   2   0   5  0.67 0.45
  122 D     0   2   1   2  -3   0   0   0   0  -1  -1   1   1  -1  -1   0   0   1  -1  -2   10  12   9  12   0   3   4   6   3   3   5   7   5   3   2   6   7   2   1   1  0.12 0.14
  123 Y     0   0  -1  -1  -3   1  -1  -1   2  -1   1   0   0   0   2   0   0  -3   0   0    9   5   2   4   0   7   2   4   6   2  16   5   2   4   9   6   7   0   4   6  0.08 0.12
  124 N    -1   1   1   2  -1  -1   1   2  -1  -2  -2  -1  -1  -1   0   0  -1   2  -1   0    4   7   8  12   2   1   8  17   1   1   3   3   2   3   4   8   4   3   1   7  0.14 0.16
  125 G     0   1   2   1   0  -1   0   1  -2  -1  -1   0  -2   0  -1   1   1  -3  -2  -1    5   7  11   7   2   2   4  13   0   5   5   7   0   5   3   9   8   0   0   4  0.10 0.12
  126 E     1   0   0  -1  -1   2   2  -2  -3  -2  -2   1   0  -2  -1   1   3  -4  -2  -2   11   4   5   3   1   8  14   2   0   2   2   7   2   1   3   9  21   0   1   3  0.26 0.26
  127 G    -1   0   0  -2  -1   0   0   1  -2   0   0   0   0   1   1   0   1   2  -1   0    4   4   5   0   1   5   4  13   0   5  10   5   2   7   8   8   8   3   1   6  0.06 0.09
  128 Q     1   0  -1   0  -3   1   0  -2   2   0   0   0   0   0  -1  -1   0   3   1  -1   15   6   3   7   0   7   5   2   6   7   7   5   3   5   2   0   6   4   5   4  0.08 0.13
  129 S     1   0   1   1  -3   1   1   0   2  -1  -1   0  -2   0   0   0  -1   2   0  -1   12   3   6   8   0   9   7   6   5   2   5   6   0   4   4   8   3   3   2   5  0.09 0.11
  130 R    -1   2   0   1  -3   2   1  -1   3   0  -2   1  -2  -2  -2   1   0   2  -1  -1    4  10   4   7   0   9   7   5   9   7   3   7   0   2   1   9   7   3   1   5  0.15 0.17
  131 G     4  -2  -2  -3   1   0  -1   0  -4   0  -1  -1  -3  -2  -4   0  -1   0  -4   1   44   2   2   1   3   4   3   6   0   6   5   4   0   1   0   5   3   1   0   8  0.47 0.38
  132 S     2   0  -1  -1  -3   0   0   0  -2   0   0   0   0   0   0   1   0  -3   0   0   20   4   3   2   0   5   6   8   0   7   9   5   2   3   5  10   4   0   4   5  0.07 0.11
  133 E     1  -1   0   1  -3   2   0  -1   0   0   0   1   2  -1  -3   0   0  -1  -2   0   12   3   3   9   0  11   5   3   3   8   9   8   6   3   0   6   4   1   0   5  0.09 0.15
  134 R    -1   3  -2  -2   0   1  -2  -2   1   2   1   0   0   0  -3  -1  -1  -3   2   1    5  18   2   2   2   8   0   2   3  12  13   5   2   3   0   3   3   0   8   9  0.20 0.22
  135 H    -2   0   0  -2  -5   7  -1  -2   5  -1  -5  -1  -1  -5  -5  -2   0  -5   1  -5    3   5   3   2   0  47   4   3  12   4   1   3   1   0   0   2   5   0   5   0  1.13 0.70
  136 Q    -1   2   1   2  -4   5   0   0   0  -4  -3   0   1  -2  -4   0  -2  -4  -1  -2    5  11   7  11   0  28   3   7   2   0   3   6   3   2   0   5   1   0   2   2  0.48 0.39
  137 V     0   1   0   0  -1   1   1  -1   0   0  -1   0   0   0  -2   0   0  -3  -1   0    9   7   6   3   2   8  14   5   3   6   6   5   3   4   0   7   4   0   2   8  0.06 0.09
  138 Y    -2  -2  -3  -6  -6   1  -5  -2   2  -1  -3  -3  -5   3  -6  -5  -3   0   8  -3    4   2   1   0   0   6   0   4   4   3   2   1   0  11   0   0   1   1  56   1  1.66 0.86
  139 N     0   1   1  -1  -3   1   2   0   1  -3  -2   2   0  -2  -3   0  -1  -1   0  -1    9   8   6   3   0   7  13   8   4   0   4  13   3   2   0   6   3   1   4   5  0.14 0.16
  140 D    -2   0   3   4  -4   2   1  -2   0  -4  -3   1  -1  -2  -2   1  -1  -4  -2  -3    3   4  14  30   0   9   6   2   2   0   3   7   2   1   2   9   3   0   2   2  0.52 0.36
  141 A     2   2   0   0  -1   1   1  -2  -1  -1  -2   1   0   0  -3   0  -2  -3   1   0   23  12   5   4   1   6   9   1   1   2   3   7   3   4   0   5   1   0   7   6  0.18 0.22
  142 L     1   0  -1  -2  -3   0   0  -2   1   0   2   0   0   0  -1  -1  -1   2   0   0   14   6   2   1   0   5   5   2   3   6  23   6   2   4   2   3   1   3   3   7  0.09 0.14
  143 R     2   3   2  -1  -1   1   0   0  -1  -1  -3   1  -2  -4  -1  -1  -2  -4  -3  -1   16  20  10   2   1   5   7   9   1   4   2   9   1   0   2   3   1   0   0   4  0.26 0.25
  144 A     0   1   1   0  -3   0   0   0   3   0  -2  -1  -3  -2  -1   2   1  -4  -2  -1    8   7   8   5   0   3   4   7   9   5   2   3   0   1   3  19  11   0   1   3  0.19 0.22
  145 A     0   1  -1  -2  -1   3   0  -1   2   0   0  -1   0   1  -1  -1   0  -3   0   0   10   9   2   1   1  15   4   4   5   5  10   2   2   8   2   3   5   0   3   7  0.11 0.17
  146 L     0   1  -2   0  -4   0   0   3   0  -3   0  -1  -1   1  -2   1  -1  -4  -1  -2    7   8   0   4   0   3   6  28   2   0  11   3   2   5   1  13   2   0   2   2  0.26 0.25
  147 S     1   2  -1  -2  -3   0  -2   2  -3  -1  -2   0   3  -2   0   1   0  -4  -2  -2   12  12   2   2   0   5   1  17   0   4   2   6  10   1   4  14   4   0   1   2  0.23 0.25
  148 N    -1  -2   4   1  -4   0   0   1   1  -2  -2  -1  -3   0  -2   2   0  -4   0  -3    4   2  21   6   0   3   6  13   4   2   4   3   0   4   1  15   6   0   4   1  0.28 0.26
  149 D     1   2   2   2  -3  -2   1   0   0  -2  -3  -1  -3  -1  -1   2   0  -4  -3  -2   14  11   9  15   0   0   8   7   2   2   2   2   0   2   3  14   6   0   0   2  0.25 0.24
  150 D     1  -2   0   0  -3   0   1  -1   0  -1   0  -1   1   1   2   0   0  -3  -1  -1   14   1   4   6   0   5   9   3   2   2  10   3   5   7   9   9   5   0   2   5  0.09 0.12
  151 E     0   0  -1   2  -4   0   3   2   1  -2  -2  -1  -1  -1  -3  -1   0   0  -1  -2    7   5   2  14   0   3  25  14   3   2   3   3   1   3   1   3   6   1   2   3  0.30 0.26
  152 A     2  -2  -1   2  -1  -2   1   0  -2  -1  -1   0  -2  -1   0   1   0   0  -1  -1   19   2   2  13   1   0   8   6   0   3   6   6   0   3   3  14   5   1   2   5  0.15 0.18
  153 P     0  -2   0   3  -3   0   0   1   1  -2  -3  -1  -1  -1   3   1   0  -4  -3  -1    8   2   4  16   0   4   6  12   4   2   2   3   1   2  15   9   4   0   0   5  0.26 0.21
  154 F    -1   1   1  -1  -1   1  -2  -2  -2   0   1   0   2   2  -3  -1   0   1   3  -1    3   9   7   4   1   6   2   3   0   5  13   5   6   8   1   4   5   2  13   3  0.15 0.17
  155 F    -1   1  -1   0  -2  -1   0  -2   1   1   1   0   1   1  -1   0   0   0  -1   0    5  10   3   5   0   1   7   2   4   9  13   4   4   9   2   8   6   1   1   5  0.04 0.09
  156 T     1   0   0  -1  -3   2   2   0  -1  -1  -1   0  -1  -3   0   1   1  -4  -3  -1   11   6   5   2   0  12  12   6   1   3   5   5   2   0   3  12   9   0   0   5  0.16 0.19
  157 A     3   0  -2  -2  -1   0  -1   0  -1  -1   0  -2   0  -3  -2  -1   1   0   0  -1   32   5   1   1   1   4   3   6   2   3  12   1   3   0   1   4  11   1   3   4  0.24 0.27
  158 S     0   2   1   0  -3   0  -2  -1   0   0  -1   1  -2   2  -2   1   0   0   1  -1    6  12   8   5   0   4   0   3   2   7   6  11   0   9   1   9   6   1   7   2  0.11 0.16
  159 T    -1   1   2   1  -3   1   0   0   0  -2  -2   1  -1  -3  -1   0   1  -3   1   0    5  10  11   8   0   8   6   8   2   2   4   8   1   0   3   4   9   0   5   6  0.13 0.15
  160 A     1   0  -1   0  -3   1   0   0   0  -1  -1   0   0  -2   1   0   2  -3  -1  -1   14   5   3   6   0   7   4   7   2   2   5   7   3   1   7   6  14   0   2   4  0.11 0.14
  161 V     1  -4  -3  -2  -3  -1  -2  -4  -1   3   1  -3   5   0  -1  -1  -1   1  -3   1   15   0   1   2   0   3   2   1   1  18  13   0  17   3   3   3   4   2   0  10  0.42 0.33
  162 I    -1  -2  -2  -2  -3  -3  -4   0  -4   1   3  -1   3   2  -4  -1  -1  -3  -1   0    5   1   2   2   0   0   1   7   0   9  35   4  10   9   1   6   2   0   2   4  0.39 0.30
  163 E     0   4   0  -2  -4   2   1   0   0  -1  -2   2  -3  -2  -1   0   0  -4  -3  -2    6  23   4   2   0   9  10   6   2   5   4  11   0   2   2   6   5   0   0   3  0.29 0.26
  164 D     0   1   2   2  -2   2   2  -2   1  -1  -2   0   0  -4  -1   0  -1  -4   0  -2   10   7  12  13   1   8  14   1   4   3   3   6   2   0   3   7   2   0   3   2  0.23 0.23
  165 A     2   1  -1  -3  -3   2   0   0   1  -1  -1  -1   1  -2   0   0  -1  -1   2  -1   17   9   2   0   0  10   5   8   3   3   6   3   3   1   5   6   4   1   9   4  0.14 0.19
  166 G    -1  -1   0   0  -4  -2  -2   5   1  -1  -3  -1  -4  -2  -2   0  -3  -4  -2  -1    5   3   4   5   0   2   2  49   3   3   3   3   0   2   2   7   1   0   1   4  0.69 0.43
  167 F    -2  -3  -3  -3  -4  -2  -1  -3  -1   1   4  -4   2   2  -4  -1  -3  -1   2   1    3   1   1   2   0   1   4   2   1   7  38   0   6   9   0   6   0   1   7   9  0.47 0.35
  168 S    -1   2   1   1  -1   3   1   1   0  -3  -2   1  -1  -4  -3   0  -2  -4  -3  -1    4  10   6   9   1  15   9  13   3   1   5   8   1   0   0   7   2   0   0   5  0.24 0.24
  169 L     0  -1  -2  -1  -3  -2  -2  -2  -3   1   1   0   1  -1   4  -2   0   0   0  -1    8   2   2   4   0   1   2   3   0  11  14   6   4   3  22   2   6   1   4   4  0.28 0.24
  170 R     0   1   1   0  -3  -2   0  -3   0   0   0   1   1   1  -2   1   1  -3  -2   1    7   8   8   4   0   0   4   1   3   5   8   8   4   7   2  11   8   0   0  12  0.09 0.14
  171 R     1   3   0  -1  -4  -1   0   2   1  -3  -2   0  -2  -2   0   0   0  -4   0  -2   11  16   4   3   0   2   5  20   4   1   3   6   1   1   5   4   5   0   3   3  0.22 0.21
  172 E     0  -1   2   1  -3   1   1  -1   0  -2   0   0   1  -1  -3   1   0  -3  -1  -1    6   2  12   8   0   8  11   4   2   2   8   7   5   3   0  11   5   0   3   3  0.15 0.18
  173 P     1  -1  -1  -1  -3   0   0  -1  -3  -1  -1  -1   0  -1   3   1   1   3   0   0   14   4   2   3   0   3   6   3   0   4   5   3   3   2  14   9  10   5   3   6  0.18 0.18
  174 K     0   1  -1   0  -1   1   1  -1   0   0  -1   1   0  -1   1   0   0  -3  -1   0   10   6   2   7   1   7   7   4   3   7   5  12   2   2   6   7   3   0   1   8  0.07 0.08
  175 T     0   0  -1  -2   0   0  -1   0  -3   1   0  -1   0  -1  -2   1   2  -1  -2   1    6   4   3   2   2   4   4   6   0  11   9   4   2   3   2  12  14   1   0  13  0.09 0.13
  176 V     0   0  -1  -2  -1  -1  -1  -1  -1   1   0  -1   1   2  -1  -1  -1   0   2   1    8   7   3   1   1   1   5   4   1  10   9   2   4  11   2   4   3   1   9  13  0.09 0.12
  177 H    -1   1   1   2  -2  -1   1  -1   3  -3  -2   1   0   1  -1   0   0  -3   2  -1    4   7   6  13   1   2   8   4   9   0   3   8   3   5   2   7   4   0   9   6  0.16 0.18
  178 A     1   0   1   1   0   0   0  -1  -1   0  -1   0   1  -2  -1   0   1   0  -1   0   12   6   7   8   3   4   6   4   2   6   4   3   5   1   2   8   7   2   1   9  0.04 0.08
  179 S     0   0   1   1  -1   0   0  -1   1  -1  -1   0   1   1   0   1   0   0   1  -1    5   4   6   7   1   3   7   4   3   4   5   6   4   8   5  11   6   1   5   4  0.04 0.07
  180 G     0   1   0   0  -3   0   1   2  -2  -2  -2   0  -2   0   0   1   0  -3   0  -1    8   7   5   6   0   3   8  17   0   2   3   4   0   5   5  13   5   0   3   4  0.13 0.15
  181 G     0   1   0   1  -3   1  -1   1   0  -1  -2   0  -2  -1   0   0   1   0   1  -1    5   8   4   9   0   6   3  12   2   3   4   6   0   2   5   8  11   2   6   4  0.10 0.13
  182 S     0   0   0   0  -1   0   1  -1  -2  -1  -2  -1   0   0   1   2   0  -3   0  -1    7   6   4   5   2   4  10   5   0   4   3   2   2   4   8  18   6   0   4   5  0.11 0.15
  183 A     1  -1   0   1  -3  -1   0   1   1  -1  -2   0   0   0   0   0   1   0  -1  -1   11   2   5   7   0   0   8  14   3   3   3   8   2   4   4   8   8   2   2   5  0.08 0.10
  184 Q     0   1   2   0   0   1   1   0   0  -1  -1   0  -2  -1  -2   1   0  -3  -2  -1    7   8  10   5   2   6   8   6   2   4   6   5   0   3   0  16   5   0   0   5  0.10 0.13
  185 L     1  -1   0  -1   0  -1  -1  -1  -2   1   1   0   1   0  -2   0   0  -3  -1   1   13   3   4   3   2   3   4   3   0  11  16   6   5   4   0   8   3   0   1  10  0.06 0.10
  186 G     1  -1  -1  -1   0   0  -1   1   0   0   0  -1   3   1  -1   0  -1  -3   0  -1   15   2   2   4   2   5   3  10   3   6  11   4  11   5   2   6   2   0   3   3  0.08 0.14
  187 Q     1   0  -1   0  -3   1   1   1   1  -3  -2   1  -2   0  -1   1   1  -3   0  -2   13   3   2   6   0   8   7  10   4   0   5  12   0   4   3   9   7   0   3   2  0.13 0.16
  188 T     0   0   0   1  -2   0   0  -1   0   0   0   0   0  -1  -1   0   1  -3   0  -1   10   4   5   9   0   4   6   3   3   7  11   6   3   2   2   8  10   0   3   3  0.04 0.07
  189 V    -1  -1  -3  -1  -3   0  -3  -1  -3   2   2  -3   3   0  -4   0   0  -3   0   2    5   4   0   4   0   4   0   4   0  16  21   0   8   4   0   6   5   0   4  12  0.23 0.21
  190 A     1  -1   0  -1  -2   0  -1   1  -2   0   0  -1   1   0   0   0   0   2   0   0   18   3   4   3   0   3   3   9   0   3  11   3   5   3   4   5   7   3   4   8  0.06 0.09
  191 H    -1   2   3   1   0   0   1  -2   2  -2  -2   1  -2  -1   0   1   1  -3  -1  -1    3  11  15   7   2   2   8   2   6   2   2   7   0   2   4   9   9   0   2   5  0.19 0.17
  192 D     2  -1   0   1  -3   2   1  -2   2  -1  -1   0  -1  -1  -2   0   0   0   0   0   19   2   5   8   0   9  11   2   7   3   5   4   2   3   1   4   5   1   3   5  0.14 0.16
  193 V    -2  -4  -2  -4  -1  -4  -4  -2  -4   3   3  -3   2  -1  -2  -2   0  -4  -2   2    3   0   2   0   1   0   0   3   0  17  34   1   4   2   2   2   7   0   1  18  0.49 0.31
  194 A     2   0   1   0  -1  -1   0   1  -3  -2  -2  -1  -1  -1  -2   2   1  -4  -3  -2   22   6   9   4   1   2   6   9   0   2   3   3   1   3   1  17   9   0   0   2  0.22 0.22
  195 Q     0   3   0   1  -2   2   1   1  -1  -2  -3   0   0  -2  -1   0   1  -4  -2  -3    6  16   5   7   1  12   8  11   1   2   1   5   3   1   3   5  11   0   1   1  0.21 0.20
  196 S    -1   0   0   2  -3   1   0  -1  -1   0  -1   0  -2  -1   3   1   1  -4  -1  -1    5   5   4  15   0   6   5   3   1   7   7   4   0   2  13   9  11   0   2   3  0.18 0.18
  197 G    -2  -2   3   1  -5  -1  -1   4   4  -5  -5  -1  -5  -5   2  -1  -2  -5  -1  -3    2   2  13   8   0   2   3  36  10   0   0   4   0   0  11   4   2   0   2   2  0.69 0.43
  198 R     1   0   0  -2  -1  -1  -1   2  -1  -2  -2  -2  -1  -1  -2   3   2  -4   1  -2   11   4   4   2   1   3   3  16   1   1   5   1   1   2   1  25  11   0   5   2  0.25 0.25
  199 K     1   1   0  -3  -2  -3  -2   0   0  -1  -1   0  -3   0  -1   1  -1  -2   5  -1   13   8   5   1   1   0   1   8   2   3   6   6   0   3   3   9   4   0  24   4  0.31 0.28
  200 H    -1  -2  -1  -5   1  -4  -4  -1   7  -3  -1  -2  -1   2  -5  -1   0   0   5  -2    5   2   2   0   3   0   0   4  28   1   5   2   1   9   0   5   5   1  23   3  0.89 0.51
  201 L    -1  -4  -4  -3  -1  -2  -2  -2  -4   2   3  -2   1   1  -4  -3   0  -4  -1   3    6   0   0   2   1   2   2   3   0  12  32   2   3   6   0   1   5   0   2  20  0.40 0.27
  202 L    -2  -4  -5  -5   3  -4  -5  -3  -4   4   3  -3   2   0  -5  -3  -1   4   0   1    2   0   0   0   6   0   0   2   0  25  33   2   5   3   0   2   3   6   3   8  0.65 0.36
  203 S     1  -2   0  -2  -1  -1  -1   0  -1   2   0  -2   0   0  -3   2   0   2   0   0   14   2   4   1   1   1   3   7   1  12   9   0   2   3   0  19   4   4   4   8  0.13 0.16
  204 L    -2  -2  -2  -4   0  -1  -4  -1  -1   3   4  -4   2   1  -4   0  -1  -4  -1  -1    3   1   2   0   2   4   0   4   2  16  42   0   5   5   0   6   3   0   2   1  0.48 0.31
  205 R    -1   2  -1   0   1   0   0   0   1   1  -1  -1  -1   1  -3  -1  -1   1   2   0    2  17   3   4   4   4   5   7   3  11   4   3   1   6   0   5   3   2  10   5  0.12 0.15
  206 F    -2   0   1  -1  -4  -3  -2  -1  -1   0   0   0   0   5  -4   0   0   0   3  -2    2   6   6   4   0   0   2   6   1   5   9   5   2  26   0   6   7   1  10   2  0.32 0.24
  207 A     1  -2  -1   0  -1  -2   0   3   0  -2  -2  -1   0  -3   2   1   1  -4  -2  -1   11   2   2   6   2   1   6  23   3   1   3   2   3   1   9  13   8   0   1   4  0.24 0.20
  208 N    -1  -1   3   2  -2   2   1   1  -2  -2  -3   0  -2  -1  -2   1   0  -4  -3  -2    4   3  16  12   1  11   7  13   0   2   2   6   1   2   1  10   5   0   0   2  0.29 0.23
  209 V     1   1   1  -1  -3   0  -1   3   0  -3  -2  -1  -1  -1  -2   1   0   0  -3   0   11  10   7   4   0   4   3  24   3   0   4   2   2   3   1   9   5   1   0   6  0.21 0.18
  210 Q     0   0   1   1  -2   0  -1   4   1  -3  -5  -1  -2  -5  -2   1   0   2  -4  -3    9   5   6   9   1   5   4  32   4   1   0   3   1   0   2   8   5   3   0   1  0.42 0.29
  211 G     2   2   2  -3  -5  -2   0   5  -1  -5  -5  -1  -5  -5  -3  -1  -3  -5  -1  -5   15  10  10   0   0   1   6  45   1   0   0   3   0   0   1   4   1   0   2   0  0.82 0.45
  212 H    -6  -1  -4  -6  -7  -4  -5  -3  11  -7  -7  -5   2  -6  -7  -6  -6  -7  -3  -7    0   3   0   0   0   0   0   3  87   0   0   0   5   0   0   0   0   0   0   0  3.54 1.24
  213 A     5  -4  -2  -4   2  -2  -2  -2  -4  -4  -2  -4   2   0  -4   1   2  -5  -4  -1   49   0   1   0   4   2   3   2   0   0   2   0   6   4   0  11  11   0   0   4  0.76 0.49
  214 I    -3  -6  -6  -6   2  -5  -6  -6   2   5   0  -5   4   0  -6  -5  -1   0  -4   3    2   0   0   0   4   0   0   0   6  39   8   0  11   4   0   0   3   2   0  22  1.06 0.53
  215 A     6  -2  -3  -5   3  -4  -3   1  -4  -5  -5  -4  -4  -1  -4  -1   0  -5  -1  -4   65   3   1   0   5   0   1  12   0   0   0   0   0   2   0   3   5   0   3   0  1.11 0.54
  216 C     2  -1  -3  -4   2  -3  -3  -2  -4   1   1  -3   0   0  -2   0   3  -4  -2   1   21   4   0   0   4   0   0   3   0   9  13   0   2   4   1   6  19   0   1  12  0.29 0.24
  217 S     0  -1   0  -4   2  -1  -2  -2   6  -2  -2  -1  -3  -1  -4   2  -1   0   4  -3    8   2   3   0   5   2   1   3  20   3   3   3   0   2   0  21   3   1  18   1  0.57 0.35
  218 C     1   1   0  -2   3   0  -1  -2  -1  -1  -1   0   0  -2   0   1   1  -4  -3   0   15   7   5   1   9   5   2   2   1   2   3   6   3   1   4  14  12   0   0   8  0.18 0.16
  219 E     0   0   0   1  -3   1   1  -1   1  -3  -3   0  -2  -2  -3   3   1   0   2  -2    6   4   3  10   0   6  11   3   4   1   0   5   1   1   0  26   7   1   7   3  0.26 0.21
  220 G     0   1   1   2  -3  -1   1   3   0  -4  -3   0  -3  -2   1   0  -1  -4  -3  -3    7   7   8  13   0   1   9  30   2   0   1   5   0   2   6   7   2   0   0   0  0.37 0.16
  221 S    -1   0   2   1  -4   0  -1   4  -2  -4  -4   1  -3  -4   0   1  -1  -4   0  -4    2   4  10   8   0   4   2  40   0   0   1   8   0   0   4  11   2   0   3   0  0.53 0.22
  222 Q    -2   3   0   0  -3   1   0  -1   4  -2  -2   1   2  -3  -3   0   0  -4  -2   0    1  19   4   6   0   5   6   3  13   1   0  10   7   0   0   7   6   0   0  10  0.26 0.16
  223 F    -1  -3  -3  -4   1  -3  -3  -4  -1   3   1  -2   1   2  -1  -1   2   3   1   2    2   0   0   0   3   0   0   0   1  19  17   2   2  11   2   2  15   4   5  14  0.28 0.13
  224 K    -1   0  -1  -2   0  -1  -2  -2   2   0  -1   0  -2   0  -3   1   2  -2   4  -1    4   5   2   1   2   2   0   1   7   8   4   6   0   2   0  12  21   0  20   3  0.25 0.15
  225 L    -2  -4  -5  -5  -3  -4  -4  -5  -4   2   3  -4   1   5  -4  -3  -1  -2  -1   2    2   0   0   0   0   0   0   0   0  10  35   0   2  31   0   0   3   0   0  17  0.73 0.23
  226 F    -5  -5  -5  -6  -5  -5  -6  -6  -4  -3  -1  -6   2   8  -6  -2  -4  -2   2  -3    0   0   0   0   0   0   0   0   0   0   3   0   5  87   0   3   0   0   3   0  2.17 0.47
  227 D    -4  -4  -1   8  -6  -3   2  -4  -4  -6  -6  -3  -6  -6  -4  -3  -4  -7  -6  -6    0   0   0  90   0   0  10   0   0   0   0   0   0   0   0   0   0   0   0   0  2.18 0.48
  228 P     1  -5  -4  -4  -5  -4  -4  -4  -5  -5  -5  -4  -5  -6   8   0  -3  -6  -5  -5   13   0   0   0   0   0   0   0   0   0   0   0   0   0  79   8   0   0   0   0  2.24 0.47
  229 N    -4  -3   8   0  -5  -3  -1  -1   1  -6  -6  -3  -5  -6  -5  -2  -3  -6  -5  -6    0   0  87   4   0   0   3   3   3   0   0   0   0   0   0   0   0   0   0   0  2.04 0.48
  230 L    -1  -2  -3  -3   1  -1  -1  -4   2   0   1  -3   0   3  -4  -1  -1   1   5   0    5   1   0   1   4   3   4   0   6   6  17   0   3  14   0   3   2   1  25   6  0.35 0.15
  231 G    -1  -4  -2  -3  -4  -3  -1   7  -4  -5  -5  -3  -4  -1  -4  -2  -3  -4  -4  -5    3   0   0   0   0   0   4  90   0   0   0   0   0   3   0   0   0   0   0   0  1.70 0.36
  232 E    -2  -1  -2  -1  -1   1   6  -4   1  -3  -1  -1  -3  -3  -3  -2  -1  -4   0   0    2   2   0   0   1   3  64   0   3   0   7   2   0   0   0   0   4   0   4   7  0.82 0.28
  233 F    -3  -4  -4  -5  -1  -4  -4  -4  -2   0   0  -4   1   7  -5  -3  -3   3   4  -1    0   0   0   0   2   0   0   0   0   4   8   0   4  58   0   2   0   4  15   2  1.14 0.29
  234 Q    -1   2   0   0  -3   0   2  -2   3  -2  -2   2  -2  -3  -2   0   1   1  -1   0    5  11   3   3   0   3  15   0   9   2   2  18   0   0   0   7  10   2   1   8  0.22 0.12
  235 S     1  -3  -3  -2   2  -3  -3   0  -3   2   0  -3   1   2  -3  -1   0  -2   0   2   12   0   0   2   5   0   0   9   0  13   5   0   5  12   0   5   4   0   3  25  0.20 0.13
  236 S    -1   1   1   2  -3   0   0  -2   2  -4  -4   0  -3  -4   4   2   2  -4  -3  -3    2   8   7  12   0   2   6   2   6   0   0   5   0   0  21  16  15   0   0   0  0.46 0.18
  237 R     1   2   0  -1  -3   0   0  -1   0  -2   0   0   0  -2   1   2   1   0  -2  -2   10  13   5   1   0   3   4   3   2   1  10   5   3   1   6  20  11   2   1   0  0.14 0.11
  238 S     0   0  -1   2  -3   0   0   2   2  -4  -4   1  -3  -3   1   2   1  -4  -1  -3    9   4   1  11   0   4   5  15   6   0   0  10   0   0   6  19   7   0   2   0  0.27 0.14
  239 A     0   0   1   3  -1   2   3   0   0  -3  -4  -1  -3  -2  -1   0  -1  -4  -3  -2    8   5   5  21   1  11  25   6   2   1   0   2   0   2   2   4   4   0   0   2  0.38 0.19
  240 A     1  -2  -3  -2   0  -2  -2  -2  -3   1   2  -2   4   1  -1  -2   0  -3  -2   2   17   1   0   3   1   0   2   1   0   9  20   1  14   6   3   1   6   0   0  15  0.25 0.17
  241 P     1   0   0   0   0   0   1   0   0  -3  -2   1  -1  -3   4   0   0   0  -2  -1   11   4   5   3   2   2  10   7   2   0   3  13   1   0  21   5   5   1   1   4  0.29 0.15
  242 Q     1   0   1   2  -3   2   2   0   0  -3  -3   0  -1  -2  -1   1   0  -3   0  -2   11   5   5  13   0  12  14   8   2   0   0   5   2   1   2   8   5   0   4   3  0.22 0.14
  243 L    -1  -2  -1   0  -4  -3  -4  -3  -3   0   1  -2   4   5  -4  -3  -1   2  -1   0    5   2   4   6   0   0   0   1   0   4  14   2  13  35   0   0   4   3   0   6  0.56 0.28
  244 I    -2  -2  -5  -5  -4  -4  -5  -5  -4   2   4  -4   4   4  -5  -4  -2  -3   2   0    2   2   0   0   0   0   0   0   0   9  38   0  13  23   0   0   1   0   7   5  0.81 0.33
  245 K     0   4   0   0  -4   2   2  -1   0  -3  -3   3  -3  -4  -3  -1   0   0  -3  -3    7  24   4   4   0  10  15   3   2   1   2  17   0   0   0   3   7   2   0   0  0.43 0.23
  246 G     2   0   2   1  -3   1   1   1  -1  -3  -3   0  -3  -4  -2   2   0  -4  -3  -3   25   3  11  10   0   5   8   8   1   0   2   6   0   0   0  17   3   0   0   0  0.32 0.19
  247 L    -2  -4  -5  -5  -3  -4  -4  -5  -4   3   4  -4   1   2  -5  -4  -2   2   0   1    3   0   0   0   0   0   0   0   0  16  53   0   3   9   0   0   1   3   3   8  0.76 0.31
  248 I     1  -1  -1  -3   0   0  -2  -2  -2   1   1  -2   2   1  -1   0   0   1   1   0   13   3   3   0   2   3   1   2   0  13  16   1   8   8   2  10   4   2   4   5  0.09 0.10
  249 D     1  -1   2   2  -3   1   1   1   0  -2  -3   1  -2  -2  -2   0   0  -3   0  -2   18   2  10  13   0   7   8  10   2   3   0  12   0   1   0   2   7   0   4   0  0.22 0.16
  250 H     0   3   0   0  -3   1   0  -3   2  -1  -1   0   0   0  -3   0   0   3   0  -2   11  21   3   6   0   5   6   0   7   2   6   4   4   4   0   7   6   5   2   2  0.18 0.14
  251 Y    -4  -4  -2  -5  -1  -1  -4  -5   2  -1  -2  -2  -3   3  -5  -4  -3  -1   8  -2    1   0   1   0   1   2   0   1   4   3   3   3   0   8   0   1   1   0  66   3  1.61 0.53
  252 N     0   2   2   0  -3   1   1   1   1  -3  -3   1  -1  -2  -2   1  -1  -3  -1  -2   10  14  14   5   0   4   8  11   4   0   1  10   2   2   0  10   2   0   2   3  0.21 0.12
  253 S     1   1   2   0  -3   0   0  -2   0  -3  -3   0   0  -3  -2   3   2  -3   1  -2   10   7  11   3   0   3   4   0   2   0   1   6   3   0   0  30  12   0   5   0  0.31 0.21
  254 L    -2  -1   0  -1  -3   0  -2  -2   1   0   1   0   2   1   4  -1  -2  -3  -1   0    1   3   4   4   0   5   0   2   4   4  18   7   9   7  22   4   0   0   2   5  0.26 0.15
  255 N    -2   1   4   0  -4   0  -2   2   2  -4  -4  -1  -3   0  -3   0  -1  -3   2  -4    0  11  30   5   0   3   0  18   5   0   0   2   0   6   0   8   3   0   9   0  0.45 0.23
  256 Y    -2   0  -1  -3  -3   0  -2   0   3   0   1   1  -1   3  -3  -2  -2   2   3  -1    0   3   3   0   0   6   0   7   9   6  19  12   0  16   0   0   0   4  11   4  0.23 0.16
  257 D     0   1   2   2  -3   0   0   1   0  -2  -3  -1  -3  -4   4  -1  -1  -4  -3  -1    8   9  15  16   0   3   3  10   2   2   0   0   0   0  23   0   4   0   0   5  0.42 0.19
  258 V    -2  -1  -1   0  -3  -3  -3  -2   0   2   1  -3  -1  -1  -4  -3  -1  -3   1   4    0   3   3   5   0   0   0   3   2  15  16   0   0   1   0   0   3   0   7  40  0.35 0.21
  259 A     1   0  -1  -2  -3   0  -1   0  -2  -1  -3  -2  -2  -3   3   3   1  -3   0   0    8   4   2   0   0   4   3   6   0   3   0   0   0   0  18  33   7   0   5   6  0.37 0.21
  260 C     0  -2  -1   1   2   0   1   2  -2  -1  -2   0   0  -2  -2   1   1  -3   1  -2    8   0   0   8   5   5   9  18   0   4   0   8   3   0   0   9  14   0   8   0  0.17 0.13
  261 V    -2  -4  -4  -5  -3  -4  -4  -5   1   4  -1  -4   1   0  -4  -3   0  -4   0   5    0   0   0   0   0   0   0   0   4  27   0   0   3   3   0   0   5   0   3  55  0.83 0.32
  262 N    -1  -2   1   2  -3   0   0  -1   0   0  -2  -1  -2  -3  -2   1   3  -3  -1   1    0   0   6  17   0   4   5   3   3   7   0   3   0   0   0   7  26   0   3  16  0.23 0.17
  263 E     0  -1  -1   1  -2   0   2  -3  -2   0   0  -1  -1  -3  -2   0   3  -3  -2   1    9   4   0   8   0   3  15   0   0   7  11   0   0   0   0   5  30   0   0   9  0.21 0.15
  264 F    -3   0   0  -3  -4   2  -2  -4   2  -2   0  -2  -1   5  -4  -3  -3  -1   4  -1    0   5   4   0   0  16   0   0   6   0   7   0   0  37   0   0   0   0  20   5  0.68 0.28
  265 R    -1   4   1  -2  -4   2   1  -3  -1  -4  -3   3  -2  -4   0   0  -1  -4  -3  -3    3  33   6   0   0   9   7   0   0   0   0  27   0   0   4   8   3   0   0   0  0.56 0.20
  266 V     0  -3  -4  -4  -2  -3  -3  -4  -4   2   2  -3   3  -1  -3  -2   0  -3  -2   4    5   0   0   0   0   0   0   0   0  13  17   0  12   0   0   0   6   0   0  47  0.50 0.18
  267 S     1  -2   1  -1  -2  -1  -1  -1  -2  -2  -3  -1  -2  -3  -2   4   3  -3  -2  -2   10   0   5   0   0   0   0   0   0   0   0   0   0   0   0  53  32   0   0   0  0.53 0.14

                      K         Lambda
Standard Ungapped    0.1295     0.3155
Standard Gapped      0.0368     0.2670
PSI Ungapped         0.1201     0.3170
PSI Gapped           0.0368     0.2670
