
Last position-specific scoring matrix computed, weighted observed percentages rounded down, information per position, and relative weight of gapless real matches to pseudocounts
            A   R   N   D   C   Q   E   G   H   I   L   K   M   F   P   S   T   W   Y   V   A   R   N   D   C   Q   E   G   H   I   L   K   M   F   P   S   T   W   Y   V
    1 M    -6  -6  -7  -8  -6  -5  -7  -8  -7  -4  -3  -6  11  -5  -8  -6  -6  -6  -6  -4    0   0   0   0   0   0   0   0   0   0   0   0 100   0   0   0   0   0   0   0  3.88 1.15
    2 A     4  -3  -2  -2  -3  -3   0  -2  -1   0  -1  -3   1   3  -4  -1  -2  -2   2  -1   40   0   2   2   0   0   8   2   2   7   5   1   4  12   0   4   1   0   8   3  0.43 0.30
    3 T    -1   2  -1   3  -6   1   5  -3  -1  -5  -4   1  -1  -5  -4  -1  -2  -4  -3  -4    5  13   2  19   0   5  36   1   1   0   1   8   2   0   0   3   2   0   1   0  0.73 0.38
    4 H    -2   3   0  -3  -3   0   0  -4   3  -1   3   0   2  -2  -4  -3  -3  -3  -1  -2    2  18   5   1   0   5   5   1   8   1  39   7   5   1   0   0   0   0   2   0  0.46 0.30
    5 S     4  -4  -2  -4   1  -3  -4  -1  -4  -4  -4  -4  -4  -4  -4   5  -2  -6  -5  -2   39   0   1   0   3   1   0   4   0   0   1   0   0   0   0  47   1   0   0   2  1.12 0.54
    6 G    -4  -4  -1   8   0  -2   1  -1  -3  -6  -7  -4  -4  -6  -5  -2  -4  -8  -5  -6    1   0   1  78   2   2   6   4   0   0   0   0   0   0   0   2   1   0   0   0  1.95 0.69
    7 A     6  -5  -4  -4   1  -4  -4   4  -4  -4  -5  -4  -3  -5  -5  -2  -3  -6  -5  -2   64   0   0   1   3   0   0  26   0   0   0   0   1   0   0   1   0   0   0   2  1.30 0.56
    8 F    -4  -7  -7  -8  -2  -7  -7  -7  -5  -1  -3  -7  -3   9  -8  -6  -5  -3   0  -1    2   0   0   0   1   0   0   0   0   4   1   0   0  86   0   0   1   0   2   4  2.56 0.80
    9 I    -2  -6  -6  -6  -2  -6  -6  -7  -6   6   1  -6  -1  -3  -6  -5  -3  -6  -4   4    3   0   0   0   1   0   0   0   0  54   9   0   1   0   0   0   1   0   0  31  1.42 0.53
   10 G     5  -5  -4  -4   0  -4  -4   0  -5   1  -3  -4  -2  -4  -4  -1   1  -5  -2   2   55   0   0   0   2   0   0   5   0   8   1   0   1   0   0   3   8   0   1  15  0.83 0.44
   11 L    -3  -5  -7  -7  -3  -6  -6  -7  -6  -1   6  -6   3   0  -5  -6  -4  -5  -3  -2    2   0   0   0   0   0   0   0   0   2  84   0   7   3   0   0   1   0   0   1  1.67 0.63
   12 P    -2  -7  -7  -6  -7  -4  -6  -7  -7  -4  -5  -6  -7  -8   9  -3  -6  -8  -8  -7    3   0   0   0   0   0   0   0   0   1   1   0   0   0  93   2   0   0   0   0  3.09 0.97
   13 G    -3  -4  -5  -6  -7  -6  -6   8  -6  -8  -8  -6  -7  -8  -7  -4  -6  -7  -7  -8    1   1   0   0   0   0   0  97   0   0   0   0   0   0   0   1   0   0   0   0  2.65 0.86
   14 G    -3  -4  -5  -4  -7  -6  -7   8  -7  -8  -8  -6  -7  -8  -7  -4  -6  -7  -8  -6    1   1   0   1   0   0   0  97   0   0   0   0   0   0   0   1   0   0   0   0  2.63 0.87
   15 Y    -1  -5  -4  -6   0  -5  -5  -5  -3   3   1  -5   0   5  -2  -4  -1   0   5   0    5   0   1   0   2   0   0   0   0  17  15   0   2  23   2   1   3   1  21   7  0.76 0.36
   16 G    -3  -7  -5  -4  -7  -6  -4   8  -7  -8  -8  -6  -7  -8  -7  -5  -6  -3  -7  -6    2   0   0   1   0   0   1  96   0   0   0   0   0   0   0   0   0   0   0   0  2.59 0.86
   17 T    -4  -6  -5  -6  -2  -5  -6  -6  -6  -4  -6  -5  -3  -7  -3  -1   8  -7  -6  -5    0   0   0   0   1   0   0   0   0   0   0   0   0   0   1   3  94   0   0   0  2.55 0.99
   18 F    -4  -6  -7  -7  -2  -6  -6  -7  -4   0   5  -6   5   3  -7  -4  -5  -1   0  -2    1   0   0   0   1   0   0   0   0   3  63   0  14  11   0   1   0   1   3   2  1.35 0.58
   19 E    -5  -3  -3   5  -8  -3   7  -6  -5  -8  -8  -3  -7  -8  -6  -4  -5  -8  -3  -7    0   1   0  34   0   0  62   0   0   0   0   1   0   0   0   0   0   0   1   0  2.01 0.81
   20 E    -6  -5  -5  -3  -9  -2   8  -5  -5  -8  -8  -3  -7  -8  -6  -5  -6  -8  -7  -8    0   0   0   1   0   1  96   1   0   0   0   1   0   0   0   0   0   0   0   0  2.74 1.03
   21 V    -2  -5  -6  -6  -3  -5  -6  -6  -2   2   4  -5   2   4  -6  -4  -1  -1  -2   1    4   0   0   0   0   0   0   0   1  12  46   0   5  17   0   0   5   1   1   8  0.89 0.42
   22 L    -1  -6  -5  -7  -1  -6  -6  -6  -5   0   2  -6   3   7  -6  -2  -1  -1  -1   0    4   0   0   0   1   0   0   0   0   3  22   0   8  47   0   4   3   1   0   6  1.20 0.52
   23 E    -4  -5  -4   0  -8  -1   8  -7  -5  -8  -8  -3  -7  -8  -6  -4  -4  -8  -7  -7    1   0   0   4   0   2  90   0   0   0   0   1   0   0   0   1   1   0   0   0  2.43 0.94
   24 V     1  -4  -6  -6  -2  -2  -4  -6  -6   4  -1  -5   4  -3  -5  -3   0  -6  -4   5   11   1   0   0   1   2   1   0   0  23   2   0  13   1   0   1   5   0   0  40  0.95 0.47
   25 V    -1  -3  -6  -6  -4  -4  -6  -6  -4   4   3  -5   2   0  -6  -4  -1   7   0   0    4   1   0   0   0   0   0   0   0  29  30   0   5   3   0   1   3  14   3   6  0.95 0.43
   26 T    -2  -4  -2  -5   1  -3  -5  -5  -6  -4  -5  -5  -1  -6  -5   2   7  -7  -6  -1    3   1   1   0   3   1   0   0   0   1   0   0   2   0   0  12  73   0   0   4  1.74 0.77
   27 W    -2  -5  -2  -6  -4  -4  -4  -2  -4  -6   0  -7  -1  -3  -8  -3  -5  12  -2  -7    3   0   2   1   0   1   1   3   0   0  11   0   1   1   0   2   1  71   1   0  3.17 1.04
   28 N     3   2   1  -3  -3   1  -2   0  -2  -4  -2   3  -3  -4  -4   2   0  -5  -3  -3   23  12   8   0   0   5   1   5   1   0   3  17   0   0   0  17   5   0   1   1  0.41 0.30
   29 Q    -4   0  -3  -4  -8   8  -2  -6   0  -6  -5   0  -2  -5  -5  -4  -4  -7   0  -5    1   4   1   0   0  79   1   0   2   0   1   4   1   0   0   1   1   0   3   1  2.23 0.92
   30 L    -5  -6  -7  -8  -5  -6  -7  -8  -7   3   6  -7  -1  -1  -7  -6  -4  -6  -5  -1    0   0   0   0   0   0   0   0   0  13  81   0   1   2   0   0   1   0   0   3  1.78 0.69
   31 G    -2  -1   1  -1  -3  -2  -2   6  -1  -7  -6   0  -5  -7  -6  -2  -4  -3  -4  -6    2   3   5   3   1   2   2  70   2   0   0   5   0   0   0   3   1   0   1   0  1.45 0.59
   32 I    -3  -1  -3  -4  -2   0  -2  -5  -1   4   3  -3   1   1  -3  -3  -2  -1   3   0    0   3   1   1   1   6   3   0   1  30  27   1   2   5   1   1   2   1  10   5  0.51 0.30
   33 H    -6  -5  -2  -5  -1  -1  -4  -5  11  -2  -4  -6  -2  -1  -6  -4  -5  -7   0  -4    0   0   2   0   1   2   0   1  80   2   2   0   1   2   0   1   1   0   2   2  2.95 1.00
   34 L     0   1   2   4  -3   2   0  -2   2  -4  -3   0  -3  -3  -2   1   0  -5  -4  -3    9   8  10  23   0  10   4   2   5   0   2   6   0   1   2   9   6   0   0   1  0.38 0.25
   35 K    -4   1  -2  -4  -4  -2  -3  -3  -1  -6  -5   8  -4  -7  -6  -4  -5  -7  -4  -5    1   5   1   0   0   1   0   2   1   0   1  85   0   0   0   1   0   0   1   0  2.14 0.84
   36 P    -3  -5  -4  -6  -8  -5  -5  -3  -5  -6  -6  -5  -4  -6   9  -4  -5  -9  -8  -7    2   1   1   0   0   0   0   2   0   0   1   1   1   0  89   1   0   0   0   0  2.89 1.02
   37 V    -3  -6  -5  -7   4  -6  -6  -6  -5   6   0  -6   1  -3  -6  -3  -2  -6  -3   4    1   0   0   0   9   0   0   0   0  45   5   0   3   1   0   2   1   0   1  32  1.33 0.55
   38 I     1  -3  -4  -3   0  -4  -4   4  -4   2  -1  -4  -2  -1  -5  -3  -2  -2  -1   3   14   2   0   1   2   0   0  31   0  13   4   0   1   2   0   1   1   1   2  25  0.60 0.35
   39 V    -4  -6  -5  -3  -3  -5  -6  -7  -6   3   5  -6   0   3  -6  -4  -4  -5  -2   2    0   0   1   2   0   0   0   0   0  18  52   0   2  12   0   1   0   0   1  11  1.06 0.47
   40 I    -2  -5  -6  -7   0  -5  -6  -5  -4   1   5  -6   0   1  -6  -5  -4   0   2   1    3   0   0   0   2   0   0   1   0   6  64   0   1   5   0   0   0   1   6   9  1.10 0.49
   41 N    -5  -5   8   3  -7  -2  -3  -3  -4  -8  -8  -5  -7  -8  -6  -3  -5  -8  -7  -7    1   0  79  14   0   1   1   1   0   0   0   0   0   0   0   2   0   0   0   0  2.42 0.90
   42 A    -1  -5  -4  -3  -1  -2  -4  -4  -1   4   0  -4  -1  -1  -1  -1   2  -2  -2   4    3   0   0   1   1   2   1   1   2  21   5   0   1   3   3   4  16   1   1  34  0.55 0.33
   43 R     0   0   4   4  -2   0   1   1   0  -4  -3   0  -4  -3  -4  -1  -2  -1  -3  -4    9   4  23  25   1   3   9   9   2   0   3   4   0   1   0   2   1   1   1   0  0.52 0.31
   44 G    -3  -2   1  -2  -6  -2  -2   7   0  -5  -7  -4  -6  -6  -6  -2  -3  -6  -6  -6    1   2   8   2   0   1   2  76   2   1   0   1   0   0   0   2   1   0   0   0  1.71 0.66
   45 Y    -6  -6  -5  -7  -3  -6  -7  -7  -1  -4  -4  -7  -5   7  -7  -5  -6   1   8  -4    0   0   0   0   1   0   0   0   1   1   1   0   0  43   0   1   0   1  49   1  2.42 0.84
   46 Y    -4  -6  -7  -8  -7  -6  -7  -7  -2  -6  -5  -7  -5   5  -7  -6  -6   9   8  -4    1   0   0   0   0   0   0   0   1   0   0   0   0  19   0   0   0  25  52   1  2.66 0.90
   47 E    -2  -1   3   6  -6   1   0  -2  -2  -5  -6  -1  -4  -6  -4  -1   0  -7  -6  -5    4   3  14  49   0   7   5   2   1   0   0   2   0   0   0   4   6   0   0   0  1.08 0.50
   48 P    -2  -2  -1  -1  -4  -2  -2   1   3  -6  -4   0  -4  -3   7   1  -2  -4  -3  -5    3   2   3   3   0   1   2  10   7   0   2   5   0   1  47  11   2   0   1   0  1.09 0.50
   49 L    -5  -6  -7  -8  -3  -5  -7  -8  -6   0   6  -6   2   3  -7  -6  -4  -1  -2  -2    0   0   0   0   0   0   0   0   0   4  77   0   3  11   0   0   0   1   1   1  1.60 0.65
   50 K    -3   0  -3  -4  -3  -2  -2  -4  -2   3   4  -1   1   1  -4  -3  -2  -3  -3   1    2   5   1   0   0   1   2   1   1  17  43   4   2   6   0   1   2   0   0   9  0.54 0.31
   51 L     3   0   0   2  -3   1   2  -1  -1  -3  -3   0  -2  -3  -3   1   1  -5  -4  -3   25   5   3  12   0   8  13   4   1   1   2   4   1   1   0  12   8   0   0   1  0.33 0.25
   52 L    -2  -5  -6  -6  -4   0  -5  -5   1  -2   3  -5   5   6  -6  -5  -3   5   0  -3    3   0   0   0   0   5   0   0   3   1  27   0  13  34   0   0   2   8   2   1  1.12 0.51
   53 I    -3  -4  -4  -6  -3  -5  -6  -6  -5   4   4  -5   2   4  -6  -5  -2  -2  -2   1    1   0   1   0   0   0   0   0   0  25  38   0   4  18   0   0   2   0   1   8  0.95 0.43
   54 Q    -2   1   1   6  -6   1   3  -3  -1  -5  -5   1  -4  -6  -4  -1  -1  -6  -3  -4    3   8   5  42   0   6  17   2   1   0   1   8   0   0   0   3   3   0   1   1  0.88 0.44
   55 N    -2   1   2  -1  -3   1  -1  -1   8  -4  -4   2  -3  -3  -4  -1  -1  -4  -2  -3    3   8  10   3   0   5   2   4  33   1   1  15   1   1   0   4   4   0   1   2  0.84 0.43
   56 G     3  -5  -4  -4   1  -3  -4   0  -5   0   0  -4   6  -2  -5   0   0  -5  -3   0   29   0   0   0   3   1   0   8   0   5   9   0  25   2   0   7   5   0   1   6  0.67 0.41
   57 V     0  -1  -4  -4  -1  -2  -2  -5  -1   3  -1  -2  -1  -1  -5  -3   0  -5  -1   5    7   3   1   1   1   2   3   1   2  17   4   2   1   2   0   1   5   0   2  46  0.67 0.38
   58 Q     2   1   0   3  -5   1   4  -2   0  -4  -4   1  -4  -5  -4   0  -1  -5  -4  -3   17   9   4  16   0   6  26   3   2   0   1   8   0   0   0   6   3   0   0   1  0.51 0.33
   59 E     0  -1   0   0  -1   3   5  -2   1  -5  -3   0  -3  -5  -4   0  -1  -6  -4  -3    9   2   5   5   1  11  44   2   4   0   2   4   0   0   0   5   3   0   0   2  0.71 0.42
   60 G    -3   0   0  -2  -4  -1  -1   7  -1  -7  -6   0  -6  -7  -6  -3  -4  -6  -6  -7    1   6   4   2   0   2   4  72   1   0   0   6   0   0   0   1   0   0   0   0  1.59 0.66
   61 F    -7  -7  -8  -8  -7  -8  -8  -8  -6  -3  -2  -8  -1   9  -8  -7  -5  -4   1  -4    0   0   0   0   0   0   0   0   0   1   4   0   2  89   0   0   1   0   3   0  2.93 0.97
   62 I     2  -5  -5  -5  -4  -4  -5  -4  -5   5   3  -5   3  -2  -5  -2  -2  -5  -3   3   15   0   0   0   0   0   0   1   0  30  23   0   8   1   0   3   2   0   0  17  0.74 0.38
   63 K    -1   3   1   0  -3   0  -1  -2   2  -3  -3   3  -3  -4   1   2  -1  -4  -1  -3    5  20   5   6   0   3   1   3   6   1   2  16   0   0   7  16   4   0   2   1  0.37 0.27
   64 S     1   0  -2   0  -5   2   2  -1  -1  -3  -3   0  -3  -4   5   0  -2  -6  -4  -3   11   4   1   4   0   9  16   4   2   1   2   6   1   1  29   7   2   0   0   1  0.59 0.35
   65 A     1   1   1   1  -3   1   3   0  -1  -3  -4   1  -3  -4  -1   2   0  -2  -3  -2   10   6   5   9   0   5  21   6   1   1   1   9   0   1   3  14   4   1   0   2  0.29 0.22
   66 N     1  -2   3   1   1   0  -2  -3   6  -2  -2  -3  -2   0  -5   0   0  -3   3  -2   11   1  14   7   3   4   1   1  23   2   4   0   1   3   0   5   5   0   9   3  0.52 0.33
   67 A     0   5  -3  -3  -4   0  -1  -3  -1  -2   1   1   1  -1  -4  -2  -2  -3  -2  -2    9  40   1   1   0   3   4   2   1   2  16   7   4   2   0   3   2   0   2   2  0.59 0.36
   68 S     0   1   2   4  -2   1   2   0   1  -4  -4   1  -3  -4  -2   0  -1  -3  -4  -3    8   7  11  22   1   7  12   6   4   1   1   7   0   0   1   7   3   0   0   1  0.39 0.27
   69 L    -1   0  -2  -3  -2  -1  -3  -4  -1   3   4  -2   4  -1  -4  -1  -2  -2  -1  -1    5   5   2   1   1   2   1   1   2  18  37   2  10   2   1   5   2   0   2   3  0.48 0.30
   70 V    -2  -5  -6  -6  -1  -5  -6  -6  -5   3   3  -5   0   3  -4  -5  -4   3   3   2    3   0   0   0   1   0   0   0   0  18  30   0   1  14   1   0   0   4  11  15  0.86 0.42
   71 T    -1   0  -2  -2  -1   1  -1  -3   2   3   1  -1   0  -1  -3   0   1  -1  -1   2    4   6   1   1   1   7   4   1   6  18  11   4   3   2   1   6   8   1   2  14  0.16 0.16
   72 I    -2  -2  -4  -4  -2  -4  -3  -5  -2   3   0  -4   0   3  -4  -1  -1   0  -2   5    3   2   1   1   1   0   2   1   1  14   6   1   2  11   1   5   4   1   1  46  0.77 0.39
   73 L     3  -3  -2   0   2  -3   0  -1  -1   0  -2  -3  -1  -2  -3   1  -1  -5  -2   3   29   1   1   6   4   1   6   4   2   4   2   1   1   1   1  11   3   0   1  23  0.36 0.28
   74 D     0  -1   1   5  -5   0   2  -2  -1  -4  -5  -2  -4  -5   0   1   1  -5  -4  -4    9   3   7  30   0   3  14   3   1   1   1   2   0   0   4  12   7   0   0   1  0.58 0.34
   75 P    -2  -1   2   4  -3  -1   0  -2  -2  -4  -4  -1  -3  -5  -1   2   4  -5  -3  -3    2   3   9  25   1   2   6   4   1   0   1   3   0   0   3  14  25   0   1   1  0.62 0.37
   76 P     1  -4  -4  -3  -3  -4  -3  -4  -4   0  -1  -4  -2  -3   6  -2   0  -4  -4   3   11   1   1   1   0   1   1   1   0   5   5   1   1   1  43   2   6   0   0  18  1.02 0.45
   77 A     2  -1  -1   2  -2  -1   3   0  -1  -2  -2  -1  -2  -3  -1   1   0  -3  -2  -1   19   2   2  12   1   2  21   7   1   2   3   3   1   1   3   9   4   0   1   5  0.25 0.16
   78 D    -1  -1  -1   4  -3   0   5  -2  -2  -2  -2  -1  -2  -3  -1   0  -1  -3  -2  -2    4   2   3  21   1   3  36   3   1   2   5   2   1   1   3   5   3   0   1   3  0.57 0.25
   79 G     2  -1  -1  -1   0  -1  -1   0   0   0   0  -1   0   0   0   0   0  -1   0   0   26   3   3   4   2   3   4   6   3   4  10   4   2   4   4   5   5   1   2   6  0.07 0.05
   80 D     0   0   0   1  -1   0   0   0   0   0   0   0   0   0   1   0   0   0  -1   0    7   5   5  12   2   3   7   6   2   6  11   5   3   4   7   6   4   1   2   5  0.03 0.01
   81 W     0   0   0   0  -1   0   0   0   0   0   0   0  -1   0   0   0   1   4   0   0    8   5   5   6   1   3   5   6   2   6   8   5   1   3   5   7   8   8   2   5  0.08 0.02
   82 G     1   0   0   0  -1   0   0   1  -1   0   0   0   0  -1   0   0   0  -1  -1   0   16   4   3   5   1   4   5  11   1   7   9   5   2   3   3   7   4   1   2   7  0.03 0.02
   83 K    -1   0  -1   1   0   1   2  -1   0  -1   0   1   0  -2   0  -1  -1  -2  -2  -1    5   5   2  10   2   7  18   4   2   4   9  11   3   1   5   4   4   0   1   3  0.13 0.08
   84 A     3   0  -1   0  -2   1   2   0  -1  -2  -1   0  -1  -3  -2   0   0  -3  -2  -1   28   5   2   4   1   6  14   6   2   2   5   6   1   1   1   6   5   0   1   4  0.20 0.14
   85 L     2  -4  -5  -5  -2  -3  -4  -3  -5   1   5  -4   1  -3  -5  -4  -2  -4  -3   1   15   0   0   0   1   1   1   2   0   6  54   1   3   0   0   1   2   0   1  11  0.84 0.42
   86 V    -3  -3  -4  -4  -4  -3  -4  -5  -3   4   4  -5   2   1  -3  -4  -3  -3   0   2    1   1   1   1   0   1   1   1   1  20  41   0   4   7   1   1   1   0   3  15  0.76 0.38
   87 Q    -1   0  -1   5  -4   2   4  -2  -1  -5  -4   1  -4  -4  -3  -1  -1  -6  -4  -4    6   5   3  28   0  11  26   2   1   0   1   8   0   1   1   3   3   0   0   1  0.72 0.41
   88 V     3   2  -2  -2  -2   1  -1  -1  -1  -3  -2   3  -1  -1  -3   0  -2   0   2  -3   24  12   1   1   1   6   3   3   1   1   4  20   1   2   1   5   2   1   9   1  0.35 0.28
   89 L    -4  -5  -5  -7  -3  -4  -6  -6  -6   3   5  -5   6   2  -4  -6  -4  -5  -3   0    1   0   0   0   0   1   0   0   0  14  50   0  18   8   1   0   0   0   0   5  1.21 0.56
   90 G     1   2   0   1  -4   2   4  -2  -1  -3  -2   1  -1  -4  -2  -1  -2  -5  -3  -3   13  12   4   8   0   8  28   3   2   1   4   8   1   0   2   3   1   0   1   2  0.39 0.29
   91 T     1   1   2   1  -3   1   2  -1   2  -3  -3   0  -3  -4  -3   1   1  -5  -3  -1   15   6  12   6   0   6  14   4   4   1   1   5   0   0   0  11  11   0   0   4  0.28 0.23
   92 W    -2  -3  -4  -6  -4  -3  -5  -4   2  -4  -4  -5  -2   3  -1  -4  -4   8   8  -4    3   2   1   0   0   1   1   1   5   1   1   0   1  10   3   1   1  18  48   1  1.80 0.73
   93 K    -1   2  -1   0  -4   2   2  -4  -2  -1  -3   3  -2  -3  -3  -1   1  -5  -4   2    3  13   2   4   0  11  14   1   1   3   1  16   1   1   0   4  10   0   0  16  0.36 0.28
   94 P     1  -3  -2  -4  -6  -3  -3  -3   1  -3  -3  -2  -4  -3   7  -2  -3  -3  -2   0   10   2   2   1   0   1   1   2   4   1   3   2   0   1  58   3   1   0   1   6  1.38 0.62
   95 D    -1  -2  -2   0  -2   0   0  -2   4  -1  -2  -1  -3  -3   5   1  -2  -2  -3  -1    5   2   1   5   1   4   6   3   9   3   3   3   0   1  34  11   2   1   1   4  0.63 0.35
   96 E     0   0   0   3  -2   2   3  -1  -1  -3  -3   1  -2  -3   2   0   0  -4  -3  -2    9   4   3  15   1   9  20   3   1   2   1   7   0   1   9   5   5   0   1   3  0.31 0.21
   97 T     0   1  -1   0  -2   0   0   0  -1  -1  -1   0  -1  -1   1   0   1  -1  -1   0   10   9   2   5   0   3   7   8   1   4   6   4   1   2   8   7  11   1   2   9  0.06 0.06
   98 A     1   1   0   0  -3  -1   0   1  -2   0  -1  -1  -1  -3   2   1   0  -2  -2   1   15   8   4   5   0   1   5   9   1   4   4   3   1   1  11   9   4   1   1  14  0.13 0.13
   99 G     1   2   0  -1  -3  -1  -1   1  -1  -1  -1   2  -1  -3  -1   0   0   0  -2   0   16  14   3   3   0   1   2  12   1   4   4  13   2   1   3   5   7   1   1   6  0.14 0.13
  100 Y    -2  -2  -3   0  -4  -2   0  -3   1  -2   0  -2  -2   2   2   1   0   6   4  -2    3   2   1   5   0   2   6   1   3   1   8   2   1  10  11  12   5  12  14   2  0.44 0.27
  101 K    -1   1   1  -2  -5   1  -1  -1   0  -4  -4   6  -3  -1  -3  -1  -2   1  -4  -3    5   6   6   2   0   4   3   4   2   1   2  54   0   2   1   4   1   2   0   1  0.84 0.45
  102 W    -4  -4  -5  -4  -6  -2  -3  -6  -4  -3   4  -4  -2   2  -5  -4  -4  10   0  -4    1   1   1   1   0   2   2   0   0   1  34   1   1   8   1   1   1  40   3   1  1.78 0.69
  103 N    -2  -1   3   4  -1   1   1  -3  -2  -3  -5   2  -4  -5  -3   2   1  -2  -4  -2    2   2  15  25   1   5   7   1   0   1   0  13   0   0   0  15   9   1   0   2  0.53 0.31
  104 W    -5  -3  -3  -6   0  -6  -2  -5  -3  -5  -2  -4  -5  -3  -3  -2  -6  12  -1  -6    1   2   2   0   2   0   3   1   1   1   4   1   0   0   2   3   0  77   1   0  3.34 0.95
  105 S     0  -1   1   2  -4   1   3   0   1  -3  -2   1  -2  -4  -3   2   0  -4  -3  -1    6   1   6  10   0   4  24   5   3   0   4   7   1   0   0  18   6   0   0   4  0.30 0.21
  106 Q    -1  -1   1   1  -1   2   2  -3  -1   0   0   1   2  -3  -2   0   1  -4  -3   0    2   1   7   8   2  12  12   1   1   6   7  10   9   0   1   5  10   0   0   6  0.17 0.16
  107 T    -1   1  -1   1  -4   0   3  -2  -2  -3  -3   1   0  -4   1   1   2  -5  -4  -1    2   6   1   8   0   2  28   3   0   0   2  10   3   0   7  11  13   0   0   5  0.35 0.23
  108 Q    -3   1   2   2  -5   5   2  -1  -1  -5  -4   1  -2  -5   0  -1  -1  -5  -4  -3    0   7   9  10   0  31  16   5   1   0   0   8   1   0   4   3   4   0   0   1  0.58 0.29
  109 A     1   0   0   1  -1  -1   0   0  -1  -1  -1   1  -1  -3   1   1   1   0  -2   0   17   4   4   8   1   0   4   6   1   3   4  11   2   0   6  12   8   2   1   8  0.10 0.08
  110 S     2   0  -1   0  -3  -1   0   2   2  -3  -3  -1  -1  -4  -2   3   1  -4  -3  -2   17   6   2   6   0   1   5  18   5   0   0   1   1   0   1  25   9   0   0   3  0.31 0.18
  111 K     1   2   2  -2  -4   2   1  -1   0  -4  -4   4  -1  -3  -3   0  -2  -4   1  -3   12   8   9   0   0  10   8   3   1   0   0  35   1   0   0   6   0   0   5   0  0.43 0.21
  112 E    -1   1   4   1  -4   1   4  -3  -1  -4  -4   3  -3  -4  -3  -1  -2  -4  -1  -4    4   5  25   7   0   5  30   0   0   0   0  22   0   0   0   0   0   0   2   0  0.61 0.21
  113 A     5  -2  -2  -2  -2  -2  -2  -1  -2  -3  -3  -2  -2  -3  -2   3   0  -4  -3  -2   66   0   0   0   0   0   0   0   0   0   0   0   0   0   0  34   0   0   0   0  0.72 0.20

                      K         Lambda
Standard Ungapped    0.1354     0.3156
Standard Gapped      0.0553     0.2670
PSI Ungapped         0.1807     0.3169
PSI Gapped           0.0553     0.2670
