
Last position-specific scoring matrix computed, weighted observed percentages rounded down, information per position, and relative weight of gapless real matches to pseudocounts
            A   R   N   D   C   Q   E   G   H   I   L   K   M   F   P   S   T   W   Y   V   A   R   N   D   C   Q   E   G   H   I   L   K   M   F   P   S   T   W   Y   V
    1 M    -7  -7  -8  -9  -7  -6  -8  -9  -8  -5  -4  -7  11  -6  -9  -7  -7  -7  -7  -5    0   0   0   0   0   0   0   0   0   0   0   0 100   0   0   0   0   0   0   0  4.25 1.54
    2 Q    -3  -2   2  -1  -7   6   1  -4  -2  -6  -5   5  -4  -7  -3  -1  -2  -7  -6  -5    2   1   8   4   0  31   7   1   1   0   1  36   0   0   1   5   2   0   0   0  1.11 0.64
    3 V     0  -5  -5  -6  -4  -3  -5  -6  -4   3  -2  -4  -2  -1  -5  -1   1  -6   0   6    7   0   0   0   0   1   0   0   0  14   2   1   1   3   0   5   9   0   4  53  1.00 0.56
    4 S    -1  -2   1  -1  -5   1   2  -4  -2  -3  -3   2  -4  -5  -4   3   4  -6  -5  -2    4   1   7   3   0   5  12   0   1   1   2  15   0   0   0  22  23   0   0   2  0.55 0.43
    5 V    -3  -4  -4  -5  -3  -2   1  -5  -6   4   1  -2  -1  -3  -5  -3  -2   0  -4   5    1   1   1   0   0   2  10   0   0  19  12   3   1   1   0   1   3   1   0  44  0.83 0.49
    6 E    -3  -3  -1   0  -7   0   6  -5  -4  -1  -3   2  -5  -6  -5  -2   1  -7  -6  -2    2   1   2   4   0   4  54   0   0   3   2  12   0   0   0   3  10   0   0   3  1.08 0.63
    7 T    -1   0   2   2  -5   1   2  -4  -1  -3  -3   4  -3  -5  -2   1   1  -6  -4  -2    3   4  10  11   0   4  15   0   1   2   3  25   0   0   2   8  10   0   0   2  0.46 0.34
    8 T    -1  -3   0  -3  -4  -1  -2  -2  -3   3   3   1  -1  -3  -2   0   1  -4  -4   1    4   1   5   0   0   2   2   3   1  17  27   9   1   0   2   6  11   0   0   9  0.29 0.26
    9 Q    -2  -3   1   2  -6   0   4   1  -3  -6  -6   0  -5  -6  -1   3  -1  -6  -6  -5    2   0   5   9   0   4  31  11   0   0   0   6   0   0   3  26   3   0   0   0  0.73 0.50
   10 G    -1  -2   2   0  -5  -1   0   4  -3  -6  -6   2  -4  -6   3   1  -1  -6  -5  -5    6   1  11   5   0   2   6  27   1   0   0  13   0   0  14   9   4   0   0   0  0.58 0.39
   11 L    -3  -4   3  -4   3  -4  -5  -3  -3   0   4  -3  -2  -1  -5   1   0   1  -2   2    1   0  13   0   6   0   0   1   1   5  37   1   0   2   0  12   6   2   1  12  0.53 0.39
   12 G    -2   2   0  -2  -5   2   3  -2  -2  -3  -3   4  -1  -4  -4  -1   0  -4  -5  -1    3   9   3   1   0   9  21   2   1   1   3  29   1   0   0   4   7   0   0   4  0.54 0.39
   13 R    -2   6  -4  -6  -3  -1  -4  -4   1  -2  -4   4  -3  -5  -6  -4  -3  -4  -2   3    4  42   0   0   1   2   0   1   3   2   1  21   0   0   0   1   1   0   1  19  1.09 0.61
   14 R    -2   4  -2  -2  -2   0   3  -4  -1  -2  -3   4  -4  -5  -5  -1   0  -5  -3  -1    3  20   1   1   1   4  20   1   1   3   3  27   0   0   0   5   6   0   1   5  0.61 0.42
   15 V    -4  -5  -7  -7  -4  -6  -7  -7  -6   3   5  -6   4   3  -7  -6  -4  -4   1   2    1   0   0   0   0   0   0   0   0  16  46   0   9  11   0   0   0   0   5  12  1.11 0.56
   16 T    -2   0   1  -1  -4   1   2  -4   1  -3  -3   2  -3  -5  -4   1   4  -4  -4  -2    2   5   6   4   0   5  15   1   4   1   2  14   0   0   0   9  29   0   0   3  0.50 0.39
   17 I    -4  -7  -7  -7  -5  -7  -7  -6  -7   6   0  -6   0   1  -7  -6  -4  -5  -4   5    1   0   0   0   0   0   0   0   0  39   7   0   2   6   0   0   0   0   0  44  1.51 0.70
   18 T    -2  -2  -2  -1  -4   1   5  -3  -2  -3  -4  -1  -5  -5  -4   1   3  -6  -5   1    3   1   2   3   0   5  39   2   1   2   1   4   0   0   0   8  21   0   0   9  0.75 0.51
   19 V    -3  -6  -7  -7  -4  -7  -7  -8  -7   5   1  -7   0  -1  -7  -6  -4  -7  -4   6    2   0   0   0   0   0   0   0   0  30  13   0   2   2   0   0   0   0   0  50  1.48 0.69
   20 P    -2  -6  -3   2  -7  -4   1  -3  -5  -7  -5  -3  -7  -7   7   1  -1  -8  -7  -6    4   0   1  10   0   0  10   2   0   0   1   1   0   0  56  11   4   0   0   0  1.59 0.79
   21 A     4  -1  -1  -3  -4   0   0  -1  -1  -4  -4   1  -2  -3   1   1  -1   2  -2  -1   37   2   3   1   0   4   6   3   1   1   1  11   1   1   7  10   3   3   1   4  0.42 0.35
   22 A     1  -3  -1   4  -6   0   5  -3  -2  -5  -5   0  -4  -7  -3   0  -1  -7  -6  -5   11   1   2  20   0   4  42   2   1   1   1   5   0   0   1   6   3   0   0   0  0.89 0.55
   23 D    -1   2  -2   3  -5   1   4  -4  -2  -2  -3   1  -1  -5  -3  -2   0  -4  -3   0    6  10   1  17   0   7  26   1   1   2   2   9   1   0   1   2   6   0   1   7  0.45 0.34
   24 V    -3  -6  -7  -7  -4  -6  -6  -7  -6   4   1  -6   0   4  -6  -6  -3   2  -1   5    1   0   0   0   0   0   0   0   0  21  13   0   2  14   0   0   1   3   2  42  1.16 0.58
   25 E     1  -1   2   3  -5   2   4  -3  -3  -4  -4   2  -3  -6  -4   0  -1  -6  -4  -3   10   3   9  16   0   9  28   2   0   1   1  10   0   0   0   5   4   0   0   2  0.58 0.41
   26 K     1   1   0   1  -5   2   2  -1  -1  -4  -4   4  -3  -5   0   1   0  -5  -4  -2   12   6   5   6   0   7  14   4   1   1   1  23   0   0   4   8   5   0   0   2  0.37 0.30
   27 A     3   1  -2  -2  -3   0   4  -2  -1  -3  -3   2  -2  -3  -4  -2  -1  -4  -1  -3   29   6   1   2   1   4  27   3   1   2   2  12   1   1   0   2   3   0   3   2  0.51 0.40
   28 V    -2  -2  -5  -5  -3  -2  -3  -6  -4   3   2  -2   2   3  -5  -4  -2  -2   2   4    2   3   0   0   0   2   2   0   0  18  21   2   5  10   0   0   2   0   6  26  0.61 0.37
   29 S    -1  -2   2   4  -6   2   3  -2  -1  -4  -4   1  -3  -6  -4   0  -1  -6  -5  -3    6   1   9  26   0  10  22   2   1   1   1  10   1   0   0   5   4   0   0   1  0.67 0.43
   30 S     1   2   0   0  -5   2   2  -2  -1  -4  -3   4  -3  -5  -3   1   0  -5  -3  -3   11   8   5   4   0  10  12   2   2   0   2  27   0   0   0   9   5   0   1   2  0.45 0.34
   31 E     4   4  -3  -4  -4   0   0  -3  -2  -1  -3   1  -3  -3  -4  -1  -1  -6  -3   1   34  22   1   0   0   3   5   1   1   4   2   9   0   1   0   3   3   0   1   9  0.54 0.41
   32 L    -2  -6  -7  -7  -1  -6  -6  -7  -4   1   4  -6  -1   3  -7  -4  -4  -3   7  -1    4   0   0   0   1   0   0   0   0   6  38   0   1  11   0   1   1   0  33   4  1.28 0.64
   33 V     0   3   1   0  -5   2   1  -2  -1  -3  -1   4  -2  -5  -4  -1  -1  -5  -4  -3    9  17   7   4   0  11   8   3   1   2   5  25   1   0   0   4   3   0   0   2  0.42 0.32
   34 N    -2   2   0   2  -6   2   3  -2   0  -5  -5   4  -3  -6  -4   0  -2  -6  -5  -4    3  10   4  10   0   7  21   2   2   0   1  29   1   0   0   6   3   0   0   1  0.68 0.44
   35 V    -1  -4   0  -5  -3  -2  -4  -6  -4   3   4  -3   2   0  -5  -4  -1  -2   2   2    4   1   6   0   0   1   1   0   0  18  36   1   4   3   0   0   3   1   7  12  0.59 0.37
   36 A     3   2  -2  -4  -4   2  -3   1  -4  -4  -4   2  -2  -6  -4   2  -2  -6  -5   0   28  12   2   0   0  10   0  10   0   1   1  12   1   0   0  15   2   0   0   6  0.52 0.41
   37 K    -2   4   0  -3  -7   1  -2  -1  -1  -6  -5   6  -5  -6  -1   0  -2  -7  -5  -6    3  19   3   1   0   6   2   6   1   0   1  46   0   0   3   6   2   0   0   0  1.02 0.58
   38 K    -4   3   1   0  -5   2   1  -3   1  -4  -5   3  -4  -5  -5   1   4  -6  -2  -4    0  13   7   4   0   9   7   1   3   0   0  21   0   0   0   8  23   0   1   1  0.62 0.44
   39 V     4  -4  -5  -6  -4  -5  -5  -5  -5   2  -1  -5  -1   1  -5  -2   0  -6  -1   4   34   1   0   0   0   0   0   0   0  10   4   0   1   5   0   2   5   0   3  34  0.84 0.51
   40 R    -2   4   3  -2  -6   1  -1  -5  -1  -6  -6   5  -3  -5  -4   0  -1  -7  -5  -3    3  21  13   2   0   7   4   0   1   0   0  37   0   0   0   5   4   0   0   2  0.94 0.54
   41 I    -4  -7  -7  -7  -5  -6  -7  -8  -5   6   3  -6   4  -2  -7  -6  -4  -6  -4   4    1   0   0   0   0   0   0   0   0  43  22   0   9   1   0   0   0   0   0  22  1.40 0.65
   42 D    -1  -1   0   2  -7   0  -2  -6  -2  -7  -7   4  -6  -8   6  -3  -5  -8  -7  -7    5   3   4  12   0   3   2   0   1   0   0  23   0   0  44   2   0   0   0   0  1.37 0.71
   43 G    -5  -8  -6  -7  -8  -7  -8   8  -8  -9  -9  -6  -8  -9  -8  -5  -7  -8  -9  -9    0   0   0   0   0   0   0 100   0   0   0   0   0   0   0   0   0   0   0   0  2.99 1.18
   44 F    -8  -9  -9  -9  -8  -9  -9  -9  -7  -6  -5  -9  -6  10 -10  -8  -8  -5  -1  -7    0   0   0   0   0   0   0   0   0   0   0   0   0  99   0   0   0   0   1   0  3.70 1.35
   45 R    -7   9  -6  -7  -9  -5  -5  -8  -6  -9  -8  -3  -7  -9  -8  -7  -7  -9  -8  -8    0 100   0   0   0   0   0   0   0   0   0   0   0   0   0   0   0   0   0   0  3.34 1.32
   46 K    -2  -1  -5  -5  -8  -1  -4  -7  -5  -7  -7   5  -7  -8   7  -4  -4  -8  -7  -5    3   4   0   0   0   3   1   0   0   0   0  35   0   0  51   1   1   0   0   1  1.87 0.89
   47 G    -5  -8  -5  -7  -8  -7  -8   8  -8  -9  -9  -7  -8  -9  -8  -6  -7  -8  -9  -9    0   0   0   0   0   0   0 100   0   0   0   0   0   0   0   0   0   0   0   0  3.00 1.18
   48 K    -5   0  -4  -6  -8  -2  -4  -7   3  -8  -7   8  -4  -7  -6  -5  -6  -8  -7  -8    0   5   1   0   0   1   0   0   6   0   0  86   0   0   0   1   0   0   0   0  2.47 1.08
   49 V     5  -6  -7  -7  -5  -6  -6  -6  -7   1  -4  -6  -3  -6  -6  -4  -2  -7  -6   6   39   0   0   0   0   0   0   0   0   8   0   0   0   0   0   0   2   0   0  50  1.51 0.77
   50 P    -7  -8  -7  -7  -9  -7  -7  -7  -8  -9  -9  -7  -9 -10   9  -5  -5 -10  -9  -8    0   0   0   0   0   0   0   0   0   0   0   0   0   0  98   1   0   0   0   0  3.59 1.41
   51 M    -1   5  -4  -4  -5   0  -2  -5  -3   1   2   1   4  -1  -2  -3  -2  -5  -1   0    5  30   0   1   0   3   2   0   0   7  19   7  11   3   2   1   2   0   2   6  0.53 0.37
   52 N     1   1   2   1  -5   0   0  -1   1  -5  -5   3  -3  -3  -1   3  -1  -5  -2  -4   10   6  11   7   0   3   6   4   3   0   0  19   1   1   3  21   3   0   1   1  0.38 0.32
   53 I    -4  -5  -7  -7  -5  -5  -4  -7  -1   5   2  -5   4  -2  -7  -6  -3  -6  -3   5    0   0   0   0   0   0   1   0   2  30  17   0  10   1   0   0   1   0   1  35  1.20 0.60
   54 V    -3  -7  -7  -7  -4  -6  -7  -7  -7   5   4  -6  -1  -1  -7  -6  -5  -6  -3   5    1   0   0   0   0   0   0   0   0  30  33   0   1   2   0   0   0   0   1  32  1.32 0.64
   55 K    -2   3  -3  -2  -7   1   6  -6  -3  -4  -5   4  -3  -6  -5  -4  -3  -7  -5  -3    3  15   1   1   0   4  45   0   1   1   1  24   1   0   0   0   1   0   0   2  1.19 0.68
   56 Q    -1   4   0  -4  -6   5  -2  -3  -2  -5  -3   4  -1  -6  -5   0  -1  -5  -5  -5    6  18   4   0   0  23   2   1   1   0   2  29   2   0   0   8   3   0   0   0  0.87 0.55
   57 R    -4   5   0  -4  -6   2  -2  -6   4  -3  -2   2   3  -1  -6  -3  -2  -5   3  -2    1  34   4   0   0   9   2   0   9   1   5  10   9   2   0   1   2   0   9   2  0.81 0.51
   58 Y    -6  -7  -7  -8  -7  -6  -7  -8   2  -2  -2  -6  -2   6  -8  -7  -6  -3   8   0    1   0   0   0   0   0   0   0   4   3   4   0   1  29   0   0   0   0  54   6  2.21 0.96
   59 G    -1  -1  -3  -5  -7  -3  -2   7  -2  -8  -7   1  -4  -6  -5  -1  -5  -4  -4  -6    4   4   1   0   0   1   2  70   1   0   0   9   0   0   0   4   0   0   1   0  1.54 0.75
   60 A     0   0  -1   3  -5   1   2  -1   0  -4  -5   3  -3  -5   1   0  -2  -5  -4  -3    8   4   3  15   0   6  16   5   2   1   0  22   1   0   7   5   2   0   0   2  0.44 0.34
   61 S     0   0   0   2  -4   4   3   0   0  -5  -5   0  -4  -5  -4   2  -2  -5   0  -4    9   5   3  10   0  20  18   6   2   0   1   4   0   0   0  15   2   0   3   1  0.50 0.39
   62 V     1  -6  -7  -6  -4  -6  -6  -7  -7   5   1  -6  -1  -3  -6  -5  -3  -7  -4   5   12   0   0   0   0   0   0   0   0  31   9   0   1   1   0   0   1   0   0  43  1.26 0.64
   63 I    -2   4  -2  -2  -4   0   2  -4   1  -2   1   1   2   3  -4  -2  -2   0   1  -2    2  24   1   2   0   5  12   0   4   2  12   6   6  12   0   1   2   1   5   2  0.39 0.31
   64 Q     1  -2   1   1  -5   4   3   1   1  -4  -4  -1  -1  -3  -4   0  -2  -4   1  -4   11   2   6   6   0  18  21  11   3   1   0   3   1   1   0   8   1   0   5   1  0.43 0.36
   65 D    -4  -2  -3   5  -8   0   7  -6  -3  -7  -7  -2  -5  -8  -6  -5  -4  -8  -5  -7    1   2   1  29   0   4  59   0   1   0   0   2   0   0   0   0   1   0   0   0  1.82 0.90
   66 V     4  -6  -6  -6  -5  -5  -4  -5  -6   1  -1  -6  -2  -4  -6  -3   0  -7  -5   6   35   0   0   0   0   0   1   0   0   5   4   0   1   0   0   1   6   0   0  47  1.22 0.68
   67 L     1  -2  -5  -5  -4  -3  -3  -4  -4   4   3  -2   2   0  -5  -2  -1  -5  -2   2   10   2   0   0   0   1   1   1   0  20  32   2   6   3   0   4   3   0   1  14  0.56 0.36
   68 S    -2   0   3   2  -6   2   3   1  -2  -5  -5   0  -2  -4  -4   1  -1  -6  -4  -5    2   5  17  13   0  11  22   9   1   0   0   5   1   1   0  10   2   0   0   0  0.58 0.41
   69 D    -2   1   1   3  -5   1   4  -3   1  -1  -3   2  -2  -3  -4  -1  -1  -5  -2  -4    3   8   6  17   0   6  24   1   3   4   3  14   1   1   0   4   3   0   1   1  0.46 0.34
   70 L     1  -5  -5  -5  -2  -3  -4  -6  -4   2   5  -2   2  -2  -6  -3   0  -5  -4   2   11   0   0   0   1   1   1   0   0  10  48   3   4   1   0   1   5   0   0  13  0.76 0.46
   71 M    -2  -6  -7  -7  -3  -5  -7  -7  -7   5   2  -6   4   0  -6  -5  -3  -5  -2   4    3   0   0   0   0   0   0   0   0  33  17   0   9   3   0   0   1   0   1  32  1.18 0.59
   72 Q    -2   1   3   0  -6   4   1  -1  -1  -6  -6  -1  -5  -6   4   0  -2  -6  -3  -4    2   8  14   6   0  19  10   4   1   0   0   4   0   0  21   8   2   0   1   1  0.68 0.46
   73 R    -1   1   0   3  -6   1   4  -3   0  -4  -5   1  -4  -5  -2   1  -1  -6  -3  -4    4   8   4  17   0   7  27   1   2   1   0  10   0   0   2  13   3   0   1   1  0.56 0.39
   74 N     3  -3  -1  -4  -4  -2  -2  -1   0  -2  -3  -2  -3  -2  -4   4   3  -2   1  -1   20   1   3   0   0   1   2   4   2   2   3   2   0   2   0  29  19   1   5   3  0.51 0.42
   75 F    -4  -6  -4  -7  -2  -6  -7  -6  -4   0   1  -6  -1   5  -7  -2  -2  -1   7  -1    1   0   1   0   1   0   0   0   0   4  15   0   2  23   0   3   2   1  42   5  1.48 0.72
   76 I     0   1   0   0  -4   2   1  -1  -1  -1  -1   0  -1   0   2   0  -1   0   1  -1    7   8   3   5   0  10  11   4   1   4   4   5   2   5  10   8   3   1   5   4  0.12 0.13
   77 N    -1  -1   0   2  -6   3   4  -3  -1  -6  -5   4  -4  -5  -4  -2  -2  -6  -4  -5    6   3   4  12   0  13  30   1   1   0   1  23   0   1   1   2   2   0   0   1  0.80 0.51
   78 A     6  -5  -5  -6  -4  -4  -4  -2  -3   0  -2  -4  -2  -5  -6  -2  -2  -7  -5   0   74   0   0   0   0   0   1   2   1   5   4   1   1   0   0   2   2   0   0   5  1.44 0.78
   79 I    -2  -5  -7  -7  -3  -6  -6  -7  -5   5   4  -6   1   0  -6  -5  -3  -2  -3   4    3   0   0   0   0   0   0   0   0  30  33   0   3   3   0   1   1   0   0  23  1.09 0.55
   80 I     0   1  -1   1  -5   2   3  -2  -1  -2  -3   3  -2  -5  -4   0   0  -5  -4  -2    7   6   3   7   0   9  20   2   1   3   2  23   1   0   0   5   7   0   0   3  0.41 0.33
   81 E    -2  -1  -2   2  -7   4   6  -4  -3  -7  -6   2  -4  -7  -5  -2  -3  -7  -6  -6    3   2   1  11   0  17  50   1   0   0   0  10   0   0   0   3   1   0   0   0  1.27 0.71
   82 Q     0   0   2  -2  -4   2   3  -3   4  -3  -2   2  -3  -4  -4   0  -1  -3  -2  -3    8   4  11   0   0   8  22   1  11   1   5  11   0   0   0   7   4   0   1   2  0.45 0.36
   83 K    -2  -2   4   2  -6   1   2   2  -2  -6  -6   4  -5  -7  -4   0  -3  -6  -6  -6    2   1  17  11   0   5  10  16   1   0   0  28   0   0   0   7   1   0   0   0  0.74 0.48
   84 I    -4  -6  -6  -6  -5  -6  -4  -8  -5   4   5  -6   0  -1  -6  -6  -4  -3  -2   1    1   0   0   0   0   0   1   0   0  25  56   0   1   2   0   0   1   0   1   9  1.27 0.63
   85 N    -2   4   2   1  -5   1   2  -4   1  -3  -3   2  -2  -2  -2  -1   0  -4  -3  -2    2  21  10   8   0   6  15   0   3   2   1  14   1   2   1   4   5   0   1   4  0.42 0.32
   86 P     0  -7  -5  -6  -6  -5  -6  -7  -7   0  -1  -6  -3  -5   8  -5  -3  -8  -5   2    6   0   0   0   0   0   0   0   0   6   5   0   1   1  65   0   2   0   0  13  1.88 0.90
   87 A     4  -6  -6  -7  -3  -6  -6  -6  -6   4   0  -6  -2  -3  -6  -4  -3  -6  -3   5   30   0   0   0   0   0   0   0   0  18   8   0   0   1   0   1   0   0   1  39  1.13 0.62
   88 G     1  -5  -1   1  -4  -3  -2   4  -3  -4  -2  -4   0  -4  -5   3   0  -6  -4  -3   13   0   2   9   0   1   2  35   0   1   4   0   2   1   0  23   6   0   1   2  0.69 0.46
   89 A    -1   2   0  -1  -5   5   1  -2   0  -3  -2   0   1  -3   0   0  -1  -3   1  -2    5  12   3   4   0  25   8   2   2   1   3   3   4   1   6   6   4   0   6   3  0.36 0.32
   90 P    -3  -8  -7  -6  -8  -6  -6  -6  -5  -6  -5  -5  -8  -7   9  -5  -5  -9  -5  -5    3   0   0   0   0   0   0   1   0   0   1   0   0   0  91   1   1   0   0   1  3.08 1.29
   91 S    -2   1   1   2  -4   2   3  -3   0  -2  -4   3  -1  -5  -3   1   0  -4  -3  -1    3   7   5  10   0  11  19   1   3   2   1  17   1   0   1   9   4   0   1   5  0.38 0.31
   92 Y    -4  -7  -6  -6  -4  -6  -6  -7  -6   6   1  -6   0   2  -5  -5  -4  -6   0   4    1   0   0   0   0   0   0   0   0  48  12   0   1   9   1   0   0   0   3  24  1.32 0.63
   93 A    -2  -3   1   5  -6   0   5  -4  -1  -3  -5   0  -5  -5  -5   0   0  -7  -6  -3    3   1   5  27   0   3  36   1   1   2   1   6   0   1   0   6   6   0   0   2  0.88 0.54
   94 P    -1  -2   0   1  -4  -1   0  -3  -2   3   0  -1  -1  -1   3  -1  -1  -5  -3   1    4   1   4   9   0   3   7   2   1  17   9   4   1   3  17   3   2   0   1  13  0.26 0.23
   95 E    -1  -1  -1   1  -3   0   1   0  -2   1   0   1   0  -2   0  -1   0  -4  -2   2    3   2   1   8   0   3  12   7   1  10   8  12   2   1   4   3   6   0   1  16  0.10 0.15
   96 Q     0  -1   1   2  -4   2   3  -2   0  -3  -5   2  -3  -5   0   1   0  -5  -4  -2    6   2   6  12   0   9  18   2   2   1   0  16   1   0   5  12   5   0   0   2  0.39 0.32
   97 F    -1  -4  -2  -1  -2  -3  -2  -4  -3   3   2  -3   2   4  -1  -2  -1  -1   2   0    6   0   1   4   1   0   2   1   0  16  20   1   4  20   3   3   3   1   7   6  0.36 0.26
   98 K     0  -1   0   3  -5   0   4   0  -1  -3  -3   2  -3  -5  -3  -1   0  -6  -5  -2    9   2   4  14   0   3  30   6   1   1   2  13   0   0   1   4   5   0   0   3  0.48 0.36
   99 N     0   0  -1   2  -4   0   4  -2  -2  -3  -3   2  -3  -3   3  -1  -2  -6  -5  -2    6   5   2  12   0   2  29   4   1   1   3  12   0   1  13   4   2   0   0   3  0.48 0.36
  100 G    -2  -4   1   3  -6  -3   1   6  -4  -6  -7  -1  -6  -6  -5  -2  -2  -6  -5  -6    3   1   8  15   0   1   8  54   0   0   0   4   0   0   0   3   2   0   0   0  1.15 0.59
  101 E     0  -1   1   0  -5   3   3   0  -2  -5  -4   4  -3  -6  -3   0  -1  -6  -5  -3    7   1   5   4   0  11  20   8   1   0   1  30   0   0   1   5   3   0   0   2  0.61 0.42
  102 D    -1  -4   0   5  -6  -2   0   1  -4  -5  -5  -3  -5  -6   5  -1  -2  -6  -5  -4    5   1   4  31   0   1   6  11   0   1   1   1   0   0  28   4   3   0   0   1  0.95 0.54
  103 F    -3  -6  -7  -7  -5  -6  -7  -7  -6   1   4  -6   1   6  -5  -6  -4  -2   1   0    2   0   0   0   0   0   0   0   0   7  45   0   3  30   1   0   0   1   4   7  1.27 0.62
  104 T     0   1  -1  -2  -4   0   3  -3  -1   1  -3   2  -3  -4  -4   2   2  -5  -4   1    6   6   2   1   0   3  18   1   1   8   1  13   0   0   0  13  14   0   0  11  0.34 0.32
  105 Y    -4  -7  -8  -8  -4  -7  -8  -8  -5  -1  -1  -7   0   7  -8  -6  -7  -3   7  -1    1   0   0   0   0   0   0   0   0   3   5   0   2  48   0   0   0   0  37   4  2.19 0.94
  106 S    -1  -1  -1   0  -4  -2   1  -4  -3  -1  -4   3  -3  -5  -4   2   4  -6  -5   0    3   3   2   4   0   1  10   0   1   3   1  18   0   0   0  14  32   0   0   8  0.59 0.45
  107 V     6  -6  -6  -6  -3  -5  -6  -4  -6   0  -1  -5   1   0  -6  -4  -4  -6  -3   3   62   0   0   0   0   0   0   0   0   6   6   0   3   4   0   0   0   0   1  17  1.26 0.71
  108 E    -1  -1  -1  -2  -4  -1   2  -4   1   0  -2   1  -2  -4  -4   1   4  -5  -3   1    3   3   2   2   0   2  15   0   3   6   3   9   1   0   0  11  30   0   0   9  0.43 0.37
  109 F    -3  -7  -7  -7   0  -6  -7  -7  -6   2   0  -7   0   6  -7  -6  -3  -5   0   5    1   0   0   0   2   0   0   0   0   9   6   0   2  32   0   0   1   0   3  44  1.42 0.69
  110 E    -2  -4  -3   2  -8  -1   7  -6  -5  -5  -6  -4  -5  -5  -2  -4   0  -6  -3  -3    3   0   1  12   0   2  69   0   0   1   0   0   0   0   2   1   5   0   1   2  1.64 0.85
  111 V    -4  -6  -5  -7  -4  -5  -6  -7  -6   4   0  -5  -2  -5  -6  -5   0  -7  -6   7    1   0   0   0   0   0   0   0   0  18   7   1   0   0   0   0   5   0   0  66  1.61 0.77
  112 Y    -2   2  -4  -4  -3  -2  -2  -5  -2  -1   1   3   3   2  -4  -3  -3  -1   5  -1    2  11   0   0   1   1   3   0   1   3  16  21   9   8   1   1   1   1  19   3  0.58 0.41
  113 P    -6  -8  -8  -7  -9  -6  -7  -8  -8  -9  -9  -7  -9 -10   9  -7  -7 -10  -9  -8    0   0   0   0   0   0   0   0   0   0   0   0   0   0  99   0   0   0   0   0  3.66 1.46
  114 E    -1  -2  -2   2  -4   0   6  -6  -3  -5  -6   0  -6  -6  -1  -2   0  -7  -6  -3    4   2   1  12   0   4  56   0   0   1   0   6   0   0   3   2   5   0   0   2  1.16 0.67
  115 V    -4  -7  -7  -7  -5  -6  -7  -7  -7   6  -1  -7  -2   4  -4  -6  -4  -6  -4   5    1   0   0   0   0   0   0   0   0  40   4   0   1  16   1   0   0   0   0  37  1.51 0.71
  116 E    -1  -2  -1   1  -6   0   5  -2  -2  -4  -5   3  -4  -6  -1  -1   2  -6  -5  -2    4   1   2   7   0   3  37   2   1   1   0  17   0   0   3   5  14   0   0   3  0.72 0.49
  117 L    -2  -4  -3  -2  -5  -4  -2  -5  -5   2   5  -3  -1  -2   0  -5  -2  -5  -4   2    3   1   2   3   0   0   3   0   0  10  53   1   1   1   6   0   2   0   0  14  0.80 0.48
  118 K     0  -2  -1  -2  -4   0   0   3  -3   0  -2   3  -2  -4   2  -1  -1  -5  -4   0    7   1   2   1   0   3   5  25   0   5   3  20   1   0  11   3   4   0   0   8  0.36 0.30
  119 D    -2  -3   2   5  -4   1   2   1  -4  -6  -6   1  -5  -5   0  -1  -2  -7  -5  -5    3   0   9  36   0   5  14  11   0   0   0   9   0   0   4   5   2   0   0   1  0.78 0.48
  120 L    -5  -6  -7  -7  -4  -6  -7  -7  -3   0   2  -6  -1   4  -4  -6  -4   0   8  -1    1   0   0   0   0   0   0   0   0   5  18   0   1  14   1   0   1   1  52   4  1.73 0.81
  121 E    -1   0  -1   1  -4   0   2  -2  -3  -4  -3   5  -3  -4  -4   2   1  -4  -5  -4    5   4   2   8   0   3  14   3   0   1   2  36   0   0   0  13   7   0   0   1  0.61 0.44
  122 A    -1  -3   1   1  -6  -2   0   5  -3  -7  -6   1  -6  -6  -5   0  -1  -3  -5  -5    5   1   7   6   0   2   7  49   1   0   0  10   0   0   0   7   5   0   0   0  0.91 0.52
  123 I    -3  -4  -7  -6  -3  -4  -6  -7  -5   5   4  -4   1   1  -6  -5  -3  -3  -3   2    2   1   0   0   1   1   0   0   0  31  43   1   3   4   0   0   1   0   0  11  1.07 0.55
  124 E    -1  -1  -2  -1  -6   0   5  -4  -1  -4  -5   4  -4  -6  -1   1   1  -6  -5  -3    5   3   2   3   0   4  33   1   1   1   0  24   0   0   3  10   8   0   0   2  0.70 0.48
  125 V     0  -6  -7  -7  -4  -6  -6  -5  -6   4   3  -6  -2   1  -5  -5  -3  -6  -2   5    7   0   0   0   0   0   0   1   0  26  24   0   0   4   0   0   1   0   1  35  1.03 0.54
  126 E    -2  -2  -1   0  -6   0   5  -5  -3  -3  -5   3  -4  -6  -1  -1   2  -5  -4  -1    3   1   2   5   0   2  41   0   0   1   0  18   0   0   3   3  13   0   0   5  0.80 0.53
  127 K    -2   5  -3  -2  -5   1   0  -5  -1  -4  -4   6  -4  -5  -3  -3  -3  -7  -4  -2    2  28   1   2   0   5   5   1   1   1   2  45   0   0   1   1   1   0   0   4  1.15 0.64
  128 P    -2   0  -2  -1  -5   0   2  -3  -2  -1  -1   1  -1  -2   5  -1  -1  -4   0  -1    3   4   1   3   0   3  16   1   1   4   6  10   1   1  29   3   5   0   3   4  0.49 0.35
  129 V    -1  -1  -1   0  -4   0   2  -4  -3   1  -2   2  -1  -3   1   0   1  -5  -3   2    4   2   3   4   0   3  13   0   0   7   3  16   1   0   7   6   8   0   0  20  0.24 0.25
  130 V     2  -1  -3  -4   2  -3  -2  -4  -2   1  -1  -2  -1   0  -1   0   0  -4   2   4   20   3   1   0   4   1   2   1   1   8   5   2   1   3   3   6   5   0   6  28  0.33 0.29
  131 E    -2  -1   0   1  -4   1   5  -4  -2  -3  -5   2  -4  -6   0   0   1  -6  -4  -1    3   2   5   7   0   5  38   1   1   1   0  14   0   0   4   5   8   0   1   5  0.63 0.45
  132 V    -2  -7  -7  -7  -4  -7  -6  -7  -7   4  -1  -6  -2  -3  -2  -6  -3  -7  -5   7    4   0   0   0   0   0   0   0   0  23   4   0   1   1   2   0   1   0   0  64  1.62 0.77
  133 K    -1  -2  -1   1  -5  -2   1   0  -4  -5  -4   1  -3  -6  -2   2   5  -6  -5  -3    3   1   3   9   0   1   7   6   0   0   1   7   0   0   2  14  43   0   0   1  0.77 0.54
  134 D    -2  -5  -2   7  -8  -1   4  -5  -4  -8  -8   0  -7  -8  -1  -3  -4  -8  -6  -6    3   0   1  53   0   2  29   1   0   0   0   4   0   0   3   1   1   0   0   0  1.62 0.80
  135 E     2  -3  -2   2  -6   1   5  -4  -3  -5  -5   2  -5  -7  -4   0  -2  -7  -6  -3   19   1   2   9   0   5  40   1   0   0   0  13   0   0   0   7   2   0   0   1  0.85 0.55
  136 D    -2  -3  -2   7  -7   1   4  -6  -2  -5  -5  -2   1  -5  -6  -3  -4  -8  -6  -5    3   1   1  50   0   5  27   0   1   1   1   2   4   0   0   1   1   0   0   1  1.42 0.74
  137 V    -4  -7  -7  -8  -5  -7  -6  -8  -7   5   0  -6  -1  -4  -7  -6  -3  -7  -4   6    0   0   0   0   0   0   0   0   0  30   8   0   1   0   0   0   1   0   0  57  1.69 0.78
  138 D    -3  -4   1   6  -7   0   5  -5  -4  -6  -7  -1  -4  -7  -6  -2  -2  -8  -6  -6    2   0   6  46   0   4  31   0   0   0   0   3   0   0   0   2   3   0   0   0  1.41 0.74
  139 A     1   2   1   1  -5   2   3  -2   0  -5  -4   3  -3  -6  -4   0   0  -6  -4  -4   14   9   7   7   0   8  18   2   2   0   2  20   0   0   0   4   4   0   0   1  0.47 0.36
  140 M     2   1  -3  -3  -4   1   3  -3  -1  -2  -3  -1   5  -4  -4  -1   2  -5  -1   1   16   8   0   0   0   6  18   2   1   2   1   2  15   0   0   4  12   0   2  11  0.42 0.38
  141 L    -5  -6  -7  -8  -5  -5  -7  -7  -6   5   5  -6   1  -2  -7  -6  -3  -6  -5   1    0   0   0   0   0   0   0   0   0  32  55   0   3   1   0   0   1   0   0   7  1.47 0.70
  142 E    -1  -1   0   3  -5   2   5  -3  -2  -5  -4   2  -5  -6  -5  -2  -1  -7  -4  -5    4   2   4  14   0   7  43   2   1   0   1  14   0   0   0   2   3   0   1   1  0.91 0.55
  143 T    -1   3   2   0  -5   1   1  -2   0  -1  -2   2   0  -3  -3  -1   1  -3  -1  -1    5  21  11   4   0   6   9   2   2   3   3  12   3   1   0   4   7   0   2   4  0.29 0.25
  144 L    -3  -5  -7  -6  -5  -5  -3  -7  -5   3   5  -5   4  -1  -7  -6  -4  -4  -3   0    2   0   0   0   0   0   2   0   0  17  60   0  10   2   0   0   1   0   1   4  1.29 0.65
  145 R     1   7  -5  -6  -2   4  -4  -6  -4  -4  -1  -1  -4  -6  -6  -3  -4  -7  -6  -3   11  56   0   0   1  20   0   0   0   1   6   2   0   0   0   2   0   0   0   1  1.50 0.79
  146 K    -2   1   1   1  -7   3   5  -3  -1  -5  -4   4  -4  -7  -5  -2  -3  -7  -5  -5    2   8   6   7   0  11  33   2   1   0   1  25   0   0   0   2   1   0   0   0  0.89 0.55
  147 Q    -1   4   1  -2  -6   6   0  -3  -1  -5  -3   1   1  -4  -5   0  -2  -6  -3  -4    4  18   6   2   0  37   4   2   1   0   2   6   3   1   0   8   2   0   1   1  0.83 0.55
  148 Q    -2   3   4  -3  -6   2  -3  -3   5  -4  -2   0   1   1  -5  -1  -2  -5   2  -3    4  19  18   1   0  10   1   1  14   0   4   5   4   5   0   4   1   0   8   1  0.60 0.42
  149 A     5   1  -4  -5  -3  -2  -4   0  -5  -3  -4   1  -2  -4  -4   0   0  -6  -5  -1   56   6   0   0   1   2   0   6   0   1   1   7   1   1   1   7   6   0   0   4  0.87 0.56
  150 N    -2   2   0   0  -5   2   3  -3  -1  -2  -4   2  -2  -4  -2   1   3  -4  -3  -2    2  13   4   4   0  11  17   1   2   2   1  11   1   0   1   8  18   0   1   3  0.39 0.33
  151 W    -4  -4  -4  -6  -5  -3  -2  -6  -1  -1   3  -4   2   4  -5  -3  -2   8   4  -2    1   0   1   0   0   1   3   0   1   4  28   1   4  16   1   2   3  19  13   3  1.04 0.55
  152 K    -1   0   0  -2  -5   1   3  -4   1   1  -3   3  -2  -4  -4  -1   0  -6  -4   3    3   4   4   1   0   5  24   1   4   7   2  16   0   0   0   4   4   0   0  20  0.41 0.35
  153 E     0  -3  -1   1  -4  -2   3  -3  -4  -3  -3   0  -3  -5   4   0   1  -6  -5   0    8   1   3   9   0   1  20   1   0   1   3   6   0   0  23   6   9   0   0   8  0.52 0.38
  154 T     1  -3  -5  -5  -5  -3  -2  -5  -5   2  -2   1  -2  -5  -3  -1   0  -6  -4   6   10   1   0   0   0   1   3   0   0  11   3   9   1   0   1   4   5   0   0  50  0.83 0.52
  155 E    -2  -3  -1   5  -7  -1   5  -4  -4  -6  -6   1  -5  -7  -1  -2  -2  -7  -5  -6    3   1   3  30   0   2  43   1   0   0   1   7   0   0   4   2   2   0   0   0  1.22 0.67
  156 E    -2   7  -3   1  -8  -2   2   0  -1  -7  -7   0  -6  -7  -5  -4  -3  -7  -6  -5    3  59   1   9   0   1  12   7   1   0   0   5   0   0   0   1   1   0   0   1  1.46 0.75
  157 A     3  -2  -3  -2  -4  -2   1   1  -5  -4  -5   2  -3  -6   5  -1  -1  -6  -6  -2   26   2   1   2   0   1   8  10   0   1   1  11   0   0  27   3   3   0   0   3  0.70 0.47
  158 V     5  -4  -5  -6  -2  -5  -4  -4  -5   2  -2  -5  -4  -5  -4   1  -1  -7  -5   3   52   1   0   0   1   0   0   1   0  10   3   0   0   0   1   8   3   0   0  20  1.01 0.62
  159 G     1   1  -2  -2  -2   4   3  -3  -3  -4  -3   4  -3  -6  -5  -2  -2  -6  -5  -2   14   7   1   1   1  21  18   2   0   1   2  24   1   0   0   2   2   0   0   3  0.68 0.48
  160 A     0  -1   2   2  -5   0   3  -4  -2  -2  -2   3   1  -4  -2   0   0  -3  -3  -2    7   2   9  13   0   3  20   0   1   2   5  19   4   0   1   5   4   0   0   2  0.37 0.31
  161 E    -3  -5   0   1  -7  -2   0   7  -4  -8  -8  -1  -6  -7  -6  -3  -4  -7  -6  -7    1   0   4   8   0   2   6  73   0   0   0   3   0   0   0   1   1   0   0   0  1.73 0.81
  162 D    -6  -7  -1   8  -9  -5  -3  -6   1  -8  -7  -6  -4  -7  -7  -4  -6 -10  -7  -7    0   0   3  90   0   0   1   0   3   0   0   0   1   0   0   1   0   0   0   0  2.78 1.16
  163 R    -2   3  -3  -4  -4   2  -2  -4   0   1   0   0   0   2  -4  -2   1   0   2   0    2  17   0   0   0  10   2   1   2  10  10   6   2  11   0   1   9   1   7   8  0.30 0.28
  164 V     2  -6  -6  -7  -3  -6  -6  -5  -7   1   1  -6  -1  -5  -6  -5  -3  -7  -5   6   18   0   0   0   0   0   0   1   0   7  13   0   1   0   0   0   1   0   0  59  1.33 0.69
  165 T    -2  -2   0  -3  -4  -2  -1  -4  -3   2   0  -1   1  -2  -5  -2   3  -4  -4   4    1   2   5   1   0   1   5   0   1  12   9   5   3   1   0   2  22   0   0  28  0.46 0.36
  166 V    -2  -7  -7  -7   0  -6  -7  -7  -7   7   1  -7   2   1  -7  -6  -4  -6  -5   3    3   0   0   0   2   0   0   0   0  55  12   0   4   5   0   0   0   0   0  19  1.44 0.68
  167 D    -5  -5   2   8  -8  -4  -2  -5  -2  -8  -7  -3  -8  -7  -6  -1  -3  -9  -8  -8    1   1   7  80   0   0   2   0   1   0   0   2   0   0   0   5   2   0   0   0  2.29 1.01
  168 F    -5  -7  -7  -8  -2  -6  -7  -7  -4  -1  -1  -7  -1   8  -8  -5  -5  -1   6  -1    1   0   0   0   1   0   0   0   0   4   5   0   1  57   0   1   0   1  25   4  2.06 0.89
  169 N    -1  -1  -2   1  -4   2   4  -5   0  -1  -3   2  -4  -5  -4   0   1  -4  -3   1    5   3   1   6   0   7  31   0   2   3   3  11   0   0   0   6   9   0   0  11  0.46 0.37
  170 G     1  -4  -5  -5  -1  -4  -3   7  -6  -3  -4  -3  -4  -5  -4  -2  -3  -7  -5  -1   10   1   0   0   1   0   2  70   0   1   2   2   0   1   1   2   1   0   0   4  1.48 0.72
  171 S    -3   1  -3  -3  -4  -1  -1  -4  -2  -2  -1   2  -1   4  -5   1   3  -1   2  -2    1   7   0   1   0   2   4   0   1   1   5  15   1  22   0  13  17   1   6   3  0.47 0.38
  172 I    -2  -2  -4   0   0  -2  -2  -4  -2   4   1   0   1  -1  -4  -2  -2  -4  -2   3    3   2   1   5   2   1   2   1   1  27  15   7   2   2   0   2   2   0   1  24  0.46 0.32
  173 D    -3  -5   2   7  -7  -3   2   0  -4  -6  -6  -2  -7  -8  -5  -3  -3  -8  -7  -5    2   0   8  60   0   1  14   8   0   0   0   3   0   0   0   1   1   0   0   1  1.53 0.76
  174 D    -4  -5   0   1  -7  -4  -1   7  -4  -8  -8  -3  -7  -8  -5  -4  -5  -7  -7  -6    1   0   4   8   0   1   4  78   0   0   0   2   0   0   0   0   0   0   0   0  1.93 0.87
  175 E    -2  -1   0  -1  -6   2   5  -3  -2  -2  -4   3  -3  -6  -4  -3  -2  -6  -4   2    3   3   4   2   0   8  35   2   1   2   1  20   0   0   0   1   2   0   0  16  0.72 0.49
  176 E     2  -2  -3  -2  -5  -2   2  -3  -3  -2  -2   0  -4  -4   6  -1  -1  -6  -4  -1   20   2   1   2   0   2  14   1   1   2   4   6   0   1  34   5   3   0   0   4  0.75 0.47
  177 F    -4  -3  -6  -4  -4  -4  -5  -5  -2   2   1  -3  -2   8  -3  -5  -3  -2  -1   1    1   1   0   1   0   1   1   1   1  12  11   2   1  53   1   1   1   0   1   9  1.33 0.64
  178 E     0  -3  -3   2  -6   0   5  -4  -2  -3  -5   2  -4  -6   3  -2  -2  -6  -5  -4    7   1   1  12   0   4  43   1   1   1   1  10   0   0  12   2   2   0   0   1  0.91 0.55
  179 G    -2  -3   1   1  -6  -2   0   6  -3  -5  -6  -2  -6  -7  -2  -3  -3  -6  -6  -6    3   1   5   8   0   2   7  63   1   1   1   3   0   0   2   1   1   0   0   0  1.31 0.65
  180 G    -2  -2   0  -2  -4  -3  -2   6  -1  -2  -1  -4   0  -3  -5  -1  -1  -3  -5  -3    3   2   4   2   0   1   3  59   1   2   6   1   2   1   0   5   4   0   0   2  0.99 0.54
  181 K     0   0  -1  -1  -4   1   1  -2  -2  -5  -5   5  -3  -5  -3   2   1  -6  -5  -3    7   4   2   3   0   6  10   2   1   0   1  34   0   0   1  17  10   0   0   1  0.61 0.44
  182 A     5   0  -2  -3  -4  -2  -2   3  -2  -2  -3  -2  -2  -3  -3   1  -1  -5  -3  -1   43   4   1   1   0   2   2  21   1   2   2   2   1   1   1   8   3   0   1   5  0.62 0.43
  183 S    -3  -1   0   1  -6   2   5  -5  -2  -4  -5   4  -5  -6  -4   0   0  -6  -5  -3    2   3   4   7   0   8  40   0   1   1   0  21   0   0   0   6   6   0   0   2  0.89 0.55
  184 D    -2  -2   5   5  -6  -3  -1   2  -2  -7  -6  -1  -5  -7  -4  -1  -3  -7  -5  -6    3   2  29  34   0   1   4  17   1   0   1   4   0   0   1   3   1   0   0   0  1.11 0.60
  185 F    -1  -2  -5  -5  -5   1  -4  -5   4   0  -1  -4   1   5  -6  -3  -2  -3   6   1    4   2   0   0   0   7   1   0  10   5   5   1   4  21   0   1   2   0  26  11  0.87 0.50
  186 V    -1  -1  -1   0  -3   1   1  -3  -1  -1   0   0   0  -1   3   1   1   2  -1   0    5   2   3   6   0   7   8   1   2   2   8   4   3   2  15  11  10   3   2   7  0.18 0.18
  187 L    -3  -6  -7  -7  -2  -6  -6  -7  -5   3   5  -6   1   2  -6  -5  -3  -3  -2   3    1   0   0   0   1   0   0   0   0  15  51   0   3   7   0   1   1   0   1  19  1.10 0.56
  188 A    -3  -2  -3   0  -4   0   5  -5  -1   1  -2   0  -2  -4  -3  -3   0  -4  -4   3    2   2   1   4   0   4  37   0   2   9   3   5   1   1   1   1   6   0   0  21  0.62 0.45
  189 M    -3  -6  -7  -7  -4  -6  -6  -7  -7   5   5  -6   0  -3  -5  -6  -4  -3  -4   2    2   0   0   0   0   0   0   0   0  27  51   0   2   0   0   0   0   0   0  15  1.29 0.63
  190 G    -3  -5  -3  -3  -6  -5  -4   7  -7  -8  -8  -3  -8  -8  -6  -3  -4  -8  -8  -7    1   1   1   2   0   0   1  88   0   0   0   1   0   0   0   2   1   0   0   0  2.29 0.99
  191 Q     1  -2  -1   0  -5   0   2  -1  -2  -5  -6   0  -4  -5  -1   5  -1  -6  -5  -4   12   2   3   4   0   4  11   4   1   0   0   6   0   0   3  46   2   0   0   0  0.76 0.53
  192 G    -2  -2   3   0  -6  -1   0   5   1  -7  -6   2  -6  -7  -3  -1  -3  -6  -6  -6    2   1  14   4   0   2   5  48   4   0   0  12   0   0   1   3   2   0   0   0  0.99 0.55
  193 R     0   3   0  -1  -4   3   0  -1   0  -4  -3   0   0  -3  -2   2   2  -3  -1  -3    6  16   4   2   0  15   5   3   2   0   2   5   2   1   1  18  13   0   2   2  0.35 0.32
  194 M    -4  -4  -3  -5  -6  -6  -5  -6  -4   0   2  -5   6   7  -4  -3  -1  -3  -1  -1    1   1   1   1   0   0   1   0   0   5  16   0  20  41   1   2   4   0   2   4  1.22 0.63
  195 I    -4  -5  -3  -3  -4  -4  -5  -4  -1   6   3  -5   0   0   0  -3  -4  -3  -3   1    0   0   1   1   0   1   0   1   2  47  23   0   2   4   5   2   1   0   1   6  0.98 0.53
  196 P    -2  -4  -4   0  -7  -2   1  -4  -6  -6  -5   1  -7  -6   7  -2  -4  -5  -4  -6    4   1   0   5   0   2  10   1   0   0   1   9   0   0  62   3   1   0   1   0  1.72 0.84
  197 G    -2  -5  -2   2  -6  -2   3   6  -5  -6  -6  -4  -6  -7  -5  -3  -3  -7  -7  -4    3   0   2  11   0   2  21  56   0   0   0   1   0   0   0   1   1   0   0   1  1.32 0.69
  198 F    -6  -8  -6  -9  -6  -8  -8  -8  -6   0   0  -6  -1   9  -9  -7  -6  -2  -1  -2    1   0   0   0   0   0   0   0   0   6   9   0   1  78   0   0   0   0   1   3  2.51 1.03
  199 E    -2  -3  -2   2  -4  -2   7  -3  -3  -6  -6  -3  -5  -6  -6  -1  -2  -7  -5  -4    3   1   1  12   0   1  69   2   0   0   1   1   0   0   0   4   2   0   0   1  1.60 0.83
  200 E    -1  -2  -1   4  -7   1   5  -4  -4  -7  -6   2  -6  -7  -4  -1  -2  -7  -5  -6    5   2   3  25   0   5  41   1   0   0   0  10   0   0   1   5   3   0   0   0  1.05 0.61
  201 G     2  -2   1  -3  -6   6   0   3   0  -6  -5   0  -4  -7  -4  -1  -4  -6  -4  -5   16   1   6   1   0  37   6  19   2   0   1   6   0   0   0   3   0   0   0   0  0.91 0.59
  202 I    -4  -6  -7  -8  -5  -6  -7  -8  -7   3   6  -7   2  -2  -6  -6  -4  -6  -5   1    1   0   0   0   0   0   0   0   0  17  67   0   4   1   0   0   0   0   0   9  1.52 0.72
  203 V    -2  -2  -4  -5  -4  -3   0  -6  -3   5   1  -1   0  -3  -4  -3   0  -6  -3   4    2   2   0   0   0   1   7   0   1  33  11   4   1   0   1   1   5   0   1  29  0.74 0.45
  204 G    -5  -7  -3  -4  -8  -6  -6   8  -7  -9  -9  -5  -8  -8  -7  -4  -6  -8  -8  -8    0   0   1   1   0   0   0  95   0   0   0   1   0   0   0   1   0   0   0   0  2.70 1.11
  205 H     2  -2  -4  -6  -1  -3  -4  -5   3  -1   2   1   7  -3  -5  -2  -2  -5  -3   1   16   2   0   0   1   1   0   0   7   3  15  10  29   0   0   3   2   0   1   9  0.77 0.51
  206 K    -1   1   1  -4  -5  -1   0  -3  -4  -5  -4   6  -2  -7  -4   1   0  -7  -6  -3    5   6   7   0   0   2   5   2   0   1   1  52   1   0   1  10   5   0   0   2  0.98 0.59
  207 A     4  -1  -3  -4  -3  -2  -2  -4  -4   0  -2   3  -3  -5   2  -1   0  -6  -4   2   34   2   1   0   0   1   2   0   0   6   4  19   0   0   9   3   5   0   0  14  0.53 0.42
  208 G    -3  -5   1   0  -7  -5  -3   7  -5  -8  -8  -4  -7  -8  -5  -3  -6  -7  -8  -7    1   0   6   6   0   0   2  81   0   0   0   1   0   0   0   2   0   0   0   0  2.08 0.92
  209 E    -3  -4  -3   5  -8   1   6  -5  -3  -6  -7  -3  -4  -8  -6  -2  -3  -8  -7  -5    3   0   0  30   0   6  55   0   0   0   0   1   0   0   0   2   1   0   0   1  1.64 0.83
  210 E    -2  -1  -1   0  -6   0   5  -4  -1  -3  -5   2  -3  -5  -3   1   2  -6  -4  -2    3   2   3   5   0   3  40   0   1   1   0  12   1   0   1   9  14   0   0   3  0.72 0.49
  211 F    -3   4  -4  -5  -4  -2  -3  -4  -2  -2  -1   6  -3   2  -4  -4  -2  -6  -3   1    2  20   0   0   0   1   0   1   1   2   5  43   0  10   1   0   3   0   0   9  0.94 0.57
  212 I    -2  -1   0   4  -6   0   4  -4  -3  -3  -4  -1  -3  -6  -4   0   3  -6  -5  -2    2   3   4  21   0   3  29   0   0   1   1   4   0   0   0   7  21   0   0   4  0.73 0.49
  213 I    -2  -6  -5  -7  -4  -6  -6  -7  -5   5   1  -6  -2   5  -7  -5  -4  -5  -3   4    3   0   0   0   0   0   0   0   0  31  10   0   1  22   0   0   1   0   0  30  1.20 0.60
  214 D    -3  -1   3   3  -4   0   3  -4   0  -4  -4   3  -5  -5   0   0   2  -5  -5  -3    1   3  13  15   0   3  21   0   2   0   1  16   0   0   4   6  12   0   0   2  0.55 0.40
  215 V    -2  -6  -7  -6  -3  -5  -5  -7  -4   3   2  -4   0  -2  -6  -4  -2  -6  -3   6    3   0   0   0   0   0   1   0   0  13  19   1   2   1   0   1   2   0   1  55  1.19 0.62
  216 N    -1  -1   0   0  -4   0  -1  -4  -1  -3  -4   2  -3  -5  -1   1   5  -6  -4  -1    5   2   4   6   0   3   3   1   1   1   1  12   0   0   3   9  43   0   0   4  0.68 0.49
  217 F    -6  -6  -8  -8  -7  -8  -7  -8  -6  -2  -1  -8  -1   9  -8  -7  -7  -4   4  -3    1   0   0   0   0   0   0   0   0   2   6   0   1  75   0   0   0   0  13   1  2.57 1.04
  218 P    -4  -5  -6  -4  -8  -5  -4  -5  -8  -8  -9  -5  -8  -9   9  -3  -7  -9  -9  -6    2   1   0   1   0   1   1   1   0   0   0   0   0   0  92   2   0   0   0   0  3.15 1.31
  219 E     2  -3  -2   3  -6  -1   5  -4  -3  -5  -6   2  -5  -7  -1  -2  -2  -7  -6  -4   15   1   1  16   0   2  43   1   1   0   0  11   0   0   3   3   2   0   0   1  0.93 0.58
  220 D    -4  -5   3   7  -8  -1   2  -2  -4  -7  -8  -3  -7  -7  -4  -2  -2  -8  -7  -6    1   0  12  59   0   2  14   3   0   0   0   1   0   0   1   3   3   0   0   0  1.61 0.78
  221 Y    -3  -7  -4  -4  -8  -5  -5  -7   4  -5  -5  -7  -4   3  -8  -5  -5   0   9  -6    2   0   1   1   0   1   1   0  10   1   1   0   0   9   0   1   0   1  72   0  2.58 1.09
  222 H    -2   0  -1  -3  -6   3  -1   1   6  -4  -4  -2  -3   0   4  -1  -2  -4   0  -4    3   6   2   1   0  12   4  10  23   1   1   2   1   4  19   4   2   0   2   1  0.69 0.45
  223 A     3   0   4   2  -4   0   0  -2   0  -2  -3   0  -2  -4  -2   1  -2  -5  -3   0   24   4  18  12   0   4   6   2   2   2   1   5   1   0   1   9   1   0   1   7  0.33 0.29
  224 E     1  -1  -2   0  -6   1   4  -4  -4  -6  -4   5  -5  -6   1  -1  -1  -6  -5  -4   11   2   1   4   0   5  28   1   0   0   1  31   0   0   8   4   3   0   0   1  0.80 0.52
  225 N    -1  -1   2   4  -6   0   4  -3   1  -5  -5   1  -4  -4  -3  -1  -1  -6  -4  -4    6   2  11  22   0   3  30   1   4   0   1   8   0   1   1   5   4   0   0   1  0.70 0.45
  226 L    -4  -6  -7  -7  -5  -5  -6  -7  -5   1   6  -6   0   1  -6  -6  -5  -3  -2   1    1   0   0   0   0   0   0   0   0   7  73   0   2   5   0   0   0   0   1   8  1.46 0.70
  227 K     6   1  -4  -5  -4   0  -4  -4  -6  -6  -6   2  -5  -7  -5  -2  -4  -7  -6  -4   72   7   1   0   0   4   0   0   0   0   0  11   0   0   0   2   0   0   0   1  1.53 0.81
  228 G    -4  -7  -1  -2  -4  -4  -5   7  -7  -8  -8  -6  -7  -8  -6  -3  -5  -7  -8  -8    0   0   2   2   0   1   1  90   0   0   0   0   0   0   0   1   0   0   0   0  2.44 1.02
  229 K    -2   0  -4  -4  -8   2  -2  -6  -3  -7  -6   8  -5  -8  -6  -5  -4  -8  -6  -5    3   4   1   0   0  10   2   0   0   0   0  78   0   0   0   0   1   0   0   1  2.05 0.97
  230 A     0  -1  -1   2  -4   0   3  -4  -3  -3  -3   3  -3  -5   2  -1   3  -6  -5  -3    7   2   2  12   0   3  21   0   0   1   2  16   0   0  11   2  17   0   0   1  0.51 0.40
  231 A     5  -5  -6  -5  -2  -5  -4  -2  -5   1  -3  -4  -2  -4  -5  -3  -2  -4  -4   4   50   0   0   0   1   0   1   3   0   6   2   1   1   1   0   1   1   0   1  30  1.10 0.64
  232 K    -2   1  -1   0  -3   1   2  -4   1   0  -1   1  -1  -3  -4  -1   2  -5  -3   3    2   6   3   5   0   7  12   0   3   4   5   8   1   1   0   4  17   0   1  20  0.26 0.27
  233 F    -5  -8  -8  -9  -6  -8  -8  -8  -5  -2  -2  -8  -2   9  -9  -7  -7  -4   3  -3    1   0   0   0   0   0   0   0   0   2   3   0   1  82   0   0   0   0   9   2  2.80 1.11
  234 A     0   0   0   2  -5   0   2  -4   3  -3  -3   4  -3  -4  -4  -1   1  -2  -3  -3    6   4   4  11   0   4  15   0   6   1   2  29   1   0   0   4  10   1   1   1  0.51 0.38
  235 I    -2  -7  -6  -7   2  -7  -7  -6  -7   4  -1  -7  -1  -3  -7  -6  -2  -7  -4   6    3   0   0   0   4   0   0   0   0  21   5   0   1   1   0   0   2   0   0  62  1.55 0.74
  236 T    -2  -1   0  -1  -5   0   1  -4   0  -3  -3   4  -3  -4  -5   0   5  -6  -5  -1    2   3   3   3   0   3   8   0   2   2   2  30   0   1   0   5  31   0   0   4  0.73 0.51
  237 L    -2  -7  -7  -7  -3  -6  -7  -7  -7   5   3  -6   0  -4  -6  -6  -4  -6  -5   6    3   0   0   0   1   0   0   0   0  25  23   0   2   0   0   0   0   0   0  46  1.37 0.67
  238 K    -4   0   3  -4  -7   0  -2  -5   5  -2  -2   6  -4  -6  -5  -3  -1  -5  -5  -2    1   4  13   0   0   3   2   1  15   2   4  46   0   0   0   1   4   0   0   3  1.09 0.63
  239 K     1  -2  -1   1  -6   0   5  -1  -3  -6  -5   2  -4  -7  -5   1  -2  -7  -6  -4   10   2   2   8   0   3  43   5   0   0   1  12   0   0   0  11   2   0   0   1  0.84 0.54
  240 V    -5  -7  -7  -8  -5  -7  -7  -7  -6   6   1  -7  -1  -4  -7  -6  -4  -7  -6   6    0   0   0   0   0   0   0   0   0  39   9   0   1   0   0   0   0   0   0  49  1.70 0.78
  241 E    -1   3  -2  -3  -3   2   2  -4  -1  -6  -3   6  -2  -3  -5   0  -3  -6  -3  -5    4  12   2   0   1   7  14   1   1   0   3  44   1   1   0   6   1   0   1   0  0.90 0.55
  242 Q     0   2  -3  -3  -5   1   5  -3  -2  -4  -4   2  -3  -3  -5  -2   0  -3  -3   0    7   9   1   0   0   6  43   1   1   1   1  11   1   1   0   3   6   0   1   7  0.74 0.51
  243 R     0   3  -3  -4  -3  -1  -1  -3  -2  -3  -2   5  -2  -5   3  -1  -3  -6  -4  -2    6  14   1   0   1   3   4   2   1   2   4  38   1   0  16   4   1   0   0   2  0.74 0.48
  244 E    -2   0  -1  -1  -5   1   3  -3   1   2  -2   2  -2  -4  -4  -2  -1  -5  -4   2    3   4   2   3   0   7  23   1   3  11   2  15   1   0   0   2   4   0   0  18  0.40 0.34
  245 L    -3  -4  -5  -3  -5  -4  -2  -7  -6   1   6  -2   1  -2  -1  -4  -2  -3  -1   0    2   1   0   2   0   0   4   0   0   5  66   3   2   1   3   1   2   0   2   6  1.02 0.57
  246 P    -1  -6  -5  -6  -8  -5  -5  -7  -7  -4  -4  -4  -5  -8   8  -4  -4  -9  -6  -3    5   0   0   0   0   0   0   0   0   1   2   1   0   0  84   1   1   0   0   2  2.65 1.15
  247 E     1  -4  -2   1  -7  -2   6  -5  -3  -5  -6   0  -4  -6   1  -2  -2  -7  -6  -3   11   0   2   6   0   1  56   0   0   1   0   6   0   0   8   3   2   0   0   2  1.12 0.67
  248 L    -2  -6  -6  -6  -5  -6  -6  -7  -7   4   5  -6   1  -2  -5  -5  -5  -3  -5   2    3   0   0   0   0   0   0   0   0  21  57   0   3   1   1   0   0   0   0  14  1.27 0.63
  249 N    -6  -6   5   7  -8  -5  -3  -4  -5  -8  -8  -5  -7  -8  -6  -3  -1  -9  -7  -8    0   0  26  65   0   0   0   1   0   0   0   0   0   0   0   2   5   0   0   0  2.18 0.98
  250 E    -1  -5  -3   8  -8  -4   3  -5  -6  -8  -8  -3  -8  -8  -5  -3  -4  -9  -8  -7    5   0   1  73   0   0  15   0   0   0   0   2   0   0   0   2   1   0   0   0  2.11 0.96
  251 E     0  -5  -1   4  -7  -1   6  -4  -3  -7  -7  -2  -6  -8  -6  -3  -3  -8  -7  -5    9   0   2  21   0   1  58   1   0   0   0   2   0   0   0   2   1   0   0   1  1.52 0.80
  252 F    -7  -8  -8  -9  -7  -8  -8  -9  -7  -5   2  -8  -2   9  -9  -7  -7  -1  -2  -6    0   0   0   0   0   0   0   0   0   0  19   0   1  79   0   0   0   1   0   0  2.73 1.10
  253 I     6  -6  -6  -7  -2  -6  -6  -4  -5   1  -3  -6  -3   0  -5  -4  -5  -7  -4   1   73   0   0   0   1   0   0   0   0   8   2   0   0   5   0   0   0   0   1  10  1.53 0.81
  254 K    -1   2  -4  -4  -7   2   0  -4  -3  -6  -5   7  -3  -7  -5  -2  -3  -7  -6  -5    4   9   0   1   0   9   5   1   0   0   1  63   0   0   0   3   1   0   0   1  1.49 0.77
  255 R    -1   0   1   4  -4   1   2  -2  -2  -5  -3   3  -3  -5  -4   2   0  -6  -5  -5    5   5   5  28   0   5  10   3   1   0   2  15   1   0   0  15   4   0   0   0  0.57 0.40
  256 F    -1  -5  -5  -6  -2  -4  -6  -6  -1   2   3  -5   2   4  -6  -4  -2  -4   0   3    5   0   0   0   1   1   0   0   2   9  32   0   6  18   0   1   2   0   3  21  0.78 0.44
  257 G    -3  -5   0  -1  -6  -3  -3   7  -4  -7  -7  -4  -6  -6  -5   2  -4  -6  -6  -6    2   1   4   4   0   1   1  67   0   0   0   0   0   0   0  16   1   0   0   0  1.58 0.74
  258 I     0  -1  -1   0  -2  -1   0  -1  -1   2   0  -1   1   1   0  -1  -1  -1   0   2    6   2   3   8   1   2   6   4   1  12   9   4   4   8   4   3   3   1   3  16  0.05 0.06
  259 A     0  -2  -1   2  -5   0   5  -1  -3  -5  -5   2  -4   1  -2  -2  -2  -5  -4  -4    7   1   2  11   0   3  45   4   0   0   1  11   0   7   1   1   2   0   0   1  0.79 0.49
  260 D    -1  -2   0   2   1  -1   1  -2   0  -1  -1  -1  -2   4  -2   0  -1  -2   3   0    5   1   4  12   3   3   9   3   2   3   4   3   1  18   2   7   2   0  11   6  0.21 0.16
  261 G    -1  -2   0   3  -3   0   3   3  -2  -3  -3   2  -2  -3  -2   0  -1  -4  -3  -3    5   1   5  14   1   3  18  23   0   1   2  13   1   1   2   5   2   0   1   1  0.41 0.26
  262 T    -3  -5   3   3  -5  -4  -3   1  -5  -5  -5  -3  -5  -6  -4   3   5  -7  -6  -5    0   0  13  15   0   0   1   9   0   0   0   1   0   0   0  23  36   0   0   0  1.03 0.63
  263 V    -3  -5  -6  -6  -5  -5  -2  -6  -5   2   5  -3   2  -1  -5  -5  -4  -5  -3   3    2   0   0   0   0   0   4   0   0  10  55   1   5   3   0   0   0   0   0  18  1.05 0.56
  264 D     2  -4  -1   4  -6  -1   5  -3  -3  -5  -4   0  -5  -7  -4  -2  -3  -7  -6  -4   16   0   2  25   0   2  40   1   0   0   2   5   0   0   0   3   1   0   0   1  1.02 0.61
  265 G     2  -2  -3   3  -6   1   5  -2  -3  -5  -6   1  -3  -6  -5  -1  -1  -6  -5  -3   19   1   1  15   0   6  36   3   0   0   0   8   0   0   0   4   3   0   0   1  0.79 0.52
  266 L    -5  -7  -8  -8  -6  -7  -7  -8  -6  -2   6  -7   3   3  -7  -7  -6  -3   2  -2    0   0   0   0   0   0   0   0   0   1  72   0   6  13   0   0   0   0   6   2  1.68 0.79
  267 R    -5   6  -3  -6  -8  -1  -1  -7  -3  -6  -6   6  -4  -5  -6  -5  -4  -7  -5  -6    0  45   1   0   0   2   3   0   1   0   0  45   0   0   0   0   1   0   0   0  1.83 0.88
  268 A     2  -2   0   2  -5   1   4  -2  -3  -4  -4   2  -3  -5  -4   0   0  -6  -5  -2   21   2   4   9   0   7  25   3   0   1   1  14   0   0   0   5   6   0   0   2  0.52 0.40
  269 E     0   1  -1   4  -5   1   3  -2   0  -4  -4   3  -2  -3  -4   0  -2  -4  -2  -4   10   7   2  20   0   6  18   2   2   1   1  19   1   1   0   5   2   0   1   1  0.49 0.36
  270 V    -3  -7  -6  -7  -4  -6  -6  -7  -7   6   2  -5   0  -3  -7  -6  -1  -7  -5   5    2   0   0   0   0   0   0   0   0  44  14   0   2   1   0   0   3   0   0  34  1.41 0.67
  271 R    -2   6  -3  -5  -6  -1   1  -5  -1  -5  -4   4  -4  -5  -6  -2  -2  -2  -4  -4    3  46   1   0   0   2   8   1   1   1   2  27   0   1   0   3   2   1   1   1  1.22 0.66
  272 K     1  -1   1   1  -6   1   4  -1  -3  -5  -5   4  -3  -6  -4   0  -1  -6  -5  -4   10   2   6   7   0   5  30   4   0   0   1  23   1   0   0   5   4   0   0   1  0.65 0.45
  273 N    -3   2   5   2  -6   2   1  -1   0  -4  -6   1  -3  -5  -4   0  -1  -6  -3  -5    1  11  28  11   0  11  10   4   2   1   0   8   1   0   0   7   3   0   1   1  0.64 0.43
  274 M    -4  -5  -7  -8  -5  -4  -7  -8  -4   3   5  -5   6  -3  -7  -5  -4  -6  -2   0    1   0   0   0   0   0   0   0   0  17  53   1  21   1   0   0   0   0   1   4  1.44 0.70
  275 E    -1   0  -1  -2  -5   3   5  -2  -1  -2  -1   2  -1  -4  -4  -1   0  -6  -3  -1    4   4   3   1   0  12  38   3   1   2   6  10   1   1   0   3   5   0   0   4  0.58 0.43
  276 R     0   4   0  -1  -5   1   3  -2  -1  -4  -3   3  -3  -5  -4   0  -1  -6  -4  -3   10  24   5   3   0   7  18   3   1   1   2  16   0   0   0   5   4   0   0   1  0.54 0.38
  277 E     0   2   0   1  -6   3   5  -2  -1  -4  -5  -1  -1  -4  -5   0  -2  -6  -2  -4    7   9   3   7   0  11  42   3   1   1   1   3   1   1   0   6   2   0   1   1  0.75 0.50
  278 L     1   1  -2  -4  -3  -1   0  -3  -1  -1   2   3   0   0  -4  -2  -2  -3   2   0   15   7   2   0   0   2   6   1   2   2  20  20   2   3   0   2   2   0   9   6  0.26 0.27
  279 K     0   0   1   2  -6   1   5  -3  -2  -5  -4   3  -4  -6  -4  -1   0  -4  -5  -3    7   4   5  11   0   6  34   2   1   0   2  19   0   0   0   3   5   0   0   2  0.68 0.46
  280 N     0   2   2   0  -5   4   2  -2   1  -3  -3   2  -1  -3  -4   0  -1  -5  -2  -3    9  12  10   6   0  18  11   3   3   1   1  11   1   1   0   7   3   0   1   2  0.36 0.30
  281 A     2   4  -1  -1  -4   2   2  -3  -1  -2  -2   1   0  -3  -4  -1  -2  -5  -3  -1   18  22   3   3   0  11  11   1   2   3   4   8   2   1   0   3   2   0   1   5  0.35 0.30
  282 V     3  -1  -1  -3  -1  -1   0  -3  -3   2   1  -2  -1  -3  -4   2   0  -4  -3   1   26   3   3   1   1   3   5   1   0  12  12   1   1   0   0  14   5   0   0  11  0.27 0.27
  283 R    -2   4   0   1  -6   1   3  -4   0  -5  -3   3  -1  -2  -5  -2  -2  -5  -2  -4    2  26   3   7   0   6  21   1   2   0   3  20   1   2   0   2   2   0   1   1  0.70 0.45
  284 N     1   2   3   0  -4   2   1  -1   0  -2  -2   0   0  -3  -3   1   0  -3  -3  -2   12  11  13   4   0  10   9   5   2   1   4   4   3   1   0  10   6   0   1   3  0.22 0.22
  285 R     0   3  -1   1  -5   1   2  -3   0  -2  -2   3  -1  -3  -4  -1  -2  -3  -1  -2   10  17   2   7   0   7  17   1   2   2   5  17   1   1   0   3   2   0   2   2  0.35 0.29
  286 I    -1  -2  -1  -4  -3  -1  -3  -4  -3   2   3  -1   3   1  -5  -2   0  -3   0   2    5   2   4   0   0   3   2   1   0   9  30   3   8   7   0   2   5   0   4  15  0.35 0.27
  287 K    -2   4  -2  -3  -7   1   2  -5   0  -3  -5   6  -3  -4  -5  -3  -3  -5  -3  -4    2  20   2   1   0   4  15   0   2   2   0  45   0   1   0   1   1   0   1   1  1.08 0.62
  288 S    -1   3   3   2  -6   2   3  -2  -1  -4  -4   1  -2  -4  -4   0   0  -4  -4  -5    4  13  15  13   0  10  18   2   1   1   1   8   1   0   0   6   5   0   0   0  0.51 0.37
  289 Q     1   1   1   1  -6   5   3  -3  -2  -4  -4   2  -3  -5  -5   0  -2  -6  -5  -3   14   7   6   7   0  27  17   2   1   1   1  10   0   0   0   5   2   0   0   1  0.63 0.45
  290 V     1  -6  -7  -7  -4  -6  -6  -7  -7   4   3  -6   0  -3  -6  -5  -3  -6  -4   4   10   0   0   0   0   0   0   0   0  24  31   0   2   0   0   0   1   0   0  32  1.10 0.57
  291 I    -3  -4  -6  -6  -5  -5  -6  -6  -6   3   4  -5   5   3  -6  -4  -3  -5  -2   3    2   1   0   0   0   0   0   0   0  18  33   0  15  11   0   1   1   0   1  16  0.94 0.51
  292 E    -2  -1   1   6  -7   1   4  -3  -3  -6  -6   1  -4  -6  -5  -1  -1  -7  -4  -5    3   3   6  40   0   5  23   2   1   0   0   8   0   0   0   3   3   0   0   1  0.98 0.56
  293 G     3   0  -2  -3  -3   3   0  -1   0  -3  -3   4  -2  -4  -4  -1  -1  -4  -2  -2   26   4   1   1   0  13   7   5   2   2   3  26   1   0   0   3   3   0   1   2  0.49 0.39
  294 L    -1  -6  -6  -8  -5  -6  -6  -7  -7   3   6  -7  -1  -1  -7  -6  -5  -5  -4   1    6   0   0   0   0   0   0   0   0  13  68   0   1   2   0   0   0   0   0  10  1.41 0.69
  295 V     1  -2  -2  -1   0  -3  -2  -4  -4   3   2  -4   0  -1  -4  -1  -1  -3  -1   3   12   2   2   4   2   0   3   1   0  18  23   0   2   2   0   4   3   0   1  22  0.38 0.29
  296 K     1  -2  -1   3  -6   0   5  -3  -3  -6  -6   3  -5  -7  -5   0  -2  -7  -6  -5   13   2   3  13   0   3  40   2   0   0   0  15   0   0   0   6   2   0   0   0  0.89 0.56
  297 A     2   1   3  -1  -3   1   0  -1  -1  -2  -1   3  -2  -4  -3   0   0  -5  -3  -2   18   8  13   3   0   6   6   4   1   2   7  18   1   0   0   5   4   0   0   3  0.26 0.25
  298 N     1  -4   6  -4   0  -3  -3  -4   5  -2  -3  -4  -1  -1  -5   1   1  -6   1   0   12   0  33   0   2   0   1   0  14   3   2   0   2   2   0   8   8   0   6   6  0.78 0.51
  299 E    -2  -3  -1   3  -5   1   3  -4  -2  -4  -5   2  -5  -5   4   1   1  -6  -4  -4    3   1   3  16   0   5  18   1   1   1   0  12   0   0  20   9   8   0   1   1  0.64 0.44
  300 I    -4  -6  -5  -6  -1  -6  -6  -5  -6   4   0  -7   0   7  -6  -6  -3  -4  -2   3    1   0   0   0   1   0   0   1   0  19   8   0   2  45   0   0   1   0   0  19  1.40 0.67
  301 D    -2  -5  -2   5  -7  -1   6  -4  -5  -5  -6  -2  -5  -7   1  -2  -2  -8  -7  -4    3   0   2  31   0   2  47   1   0   1   1   1   0   0   7   2   2   0   0   1  1.33 0.73
  302 V    -1  -6  -7  -6  -3  -6  -6  -7  -7   4   3  -6  -1  -3  -3  -5  -3  -6  -3   5    5   0   0   0   0   0   0   0   0  22  27   0   1   0   1   0   1   0   1  40  1.14 0.59
  303 P    -5  -8  -8  -6  -9  -6  -6  -8  -5  -9  -8  -7  -8 -10   9  -4  -6 -10  -9  -8    0   0   0   0   0   0   0   0   0   0   0   0   0   0  97   1   0   0   0   0  3.50 1.42
  304 A    -1   0  -1   2  -6   3   4  -3  -2  -5  -4   2  -4  -6   3   0  -1  -6  -5  -3    6   3   3  10   0  11  27   2   1   0   1  13   0   0  13   5   3   0   0   2  0.59 0.42
  305 A     2  -1  -2  -4   0  -2  -2   1  -4  -1  -3  -1  -2  -4  -3   4   1  -6  -4   2   19   3   1   0   2   1   2   9   0   3   1   3   1   1   1  30   8   0   0  14  0.44 0.38
  306 V    -4  -5  -7  -8  -6  -5  -7  -8  -7  -1   5  -7   8  -2  -6  -5  -5  -3  -3  -1    1   0   0   0   0   0   0   0   0   3  51   0  38   1   0   1   0   0   1   3  1.86 0.87
  307 V    -4  -6  -7  -7  -4  -5  -5  -8  -7   5   0  -5  -2  -3  -7  -6  -4  -7  -3   6    1   0   0   0   0   0   0   0   0  26   8   1   1   1   0   0   0   0   1  59  1.61 0.76
  308 D    -1  -1   2   4  -7   2   5  -5   0  -5  -5   1  -3  -6  -5  -2  -1  -7  -4  -5    5   3   8  19   0   7  40   0   2   1   1   7   1   0   0   3   3   0   0   0  0.90 0.55
  309 S     0   3   2   1  -5   3   2  -2   1  -4  -3   0   0  -4  -4   1  -2  -5  -1  -3    9  16  10   6   0  16  13   3   3   0   2   5   2   0   0   9   2   0   2   1  0.40 0.32
  310 E    -3   0  -4  -2  -8   4   7  -5  -2  -8  -7  -2  -4  -5  -6  -4  -5  -7   0  -6    2   5   0   1   0  18  65   1   1   0   0   2   0   1   0   1   0   0   3   0  1.72 0.89
  311 I     1  -3  -4  -5  -2  -2  -4  -5  -2   4   2  -2   2   2  -5  -2   0  -4  -1   2   12   1   0   0   0   2   1   0   1  24  18   3   5   9   0   2   6   0   2  14  0.45 0.31
  312 D    -1   1   2   4  -6   2   3  -2   1  -5  -5   1  -3  -4  -4  -1  -3  -6  -3  -4    4   6  11  25   0  10  22   3   3   0   1   7   1   1   0   3   1   0   1   1  0.68 0.44
  313 V     1   3   2  -1  -4   2   0  -1   2  -2  -2  -1  -1  -1  -4   1  -1  -4   0  -2   11  19  10   3   0  10   4   3   4   2   4   2   2   3   0  13   3   0   3   3  0.24 0.24
  314 L    -3  -1  -4  -6  -4  -2  -4  -6  -4   3   4  -4   7  -2  -6  -3  -3  -3  -2   0    2   4   1   0   0   2   1   0   0  18  32   1  28   1   0   2   1   0   1   4  1.04 0.57
  315 R     0   1  -3  -4  -3  -1  -2  -4  -2   2   2   0   3  -1  -4  -3  -2   5  -1   2    8   8   1   0   0   3   2   0   1  14  18   7   8   2   0   1   2   9   2  14  0.36 0.28
  316 R     0   3   2   0  -5   3   3  -2   3  -4  -4   2  -2  -5  -4  -1  -2  -5  -2  -4    8  13   9   5   0  15  18   2   7   1   2  12   1   0   0   4   1   0   1   0  0.50 0.37
  317 Q    -2   1   2   3  -6   5   3  -3   0  -5  -4  -1  -2  -5  -3  -1  -3  -6  -4  -5    3   8   9  18   0  26  20   2   2   0   2   3   1   0   1   4   1   0   1   0  0.77 0.50
  318 S     2  -3  -3  -3  -4   0  -3  -4  -2   1   1  -3   4   3  -4  -1   1  -1   2   0   16   1   1   1   0   4   1   0   1   6  14   1  11  15   0   5   9   1   6   7  0.34 0.29
  319 A     1   1  -1  -1  -3   2   3  -2  -1  -2   0   2   2  -2  -3  -1  -1  -4  -2   0   12   7   2   3   0   8  19   2   1   2  10  14   5   1   0   4   3   0   1   5  0.21 0.22
  320 Q    -1   2   1  -1  -6   5   3  -3   2  -4  -4   1   1  -4  -3   0  -2  -4   0  -4    5  12   6   4   0  25  17   2   4   0   1   6   5   0   1   7   1   0   3   1  0.56 0.42
  321 R    -2   5   2   1  -6   4   1  -3  -1  -5  -4   0  -3  -4  -4   0  -2  -6  -2  -4    4  27  11   7   0  22   9   1   1   0   1   5   1   1   0   5   1   0   1   1  0.74 0.48
  322 F    -2  -1  -2  -3  -3   0  -3  -4   0  -1   3  -1   5   2  -3  -2  -2  -1   4  -1    4   3   1   2   0   4   2   1   2   3  29   4  14  10   1   3   2   1  13   2  0.47 0.34
  323 G     1   1  -1  -2  -3   2   0   2  -1  -2   0   1   0  -2   0   0  -1  -4  -2  -2   12   6   2   1   0  12   6  18   1   1   9  11   3   1   4   8   2   0   1   1  0.19 0.20
  324 G     1   0   0   0  -4   3   1   2   0  -2  -2   1   2  -3  -2   0  -2  -4  -1  -2   12   6   5   4   0  13   8  18   2   2   4   7   6   0   2   6   1   0   2   2  0.20 0.21
  325 N    -1   0   2   2  -4   4   0  -2   0  -1  -3   0   3  -3  -1   0  -1  -4  -1  -2    4   5   9  11   0  23   6   3   2   4   2   5   9   1   3   7   3   0   3   2  0.33 0.30
  326 E    -1  -1   0   1  -4   0   1   3  -1  -2  -2   1   0  -3   0   0   1  -3  -3  -3    3   2   4   9   0   5  10  24   1   3   4   9   3   1   5   5   9   0   0   1  0.24 0.22
  327 K     0  -1   1   0  -3   1   1   1   0   0   0   1   1  -1   1  -1  -1  -3  -2   0    5   3   7   5   0   5   9  14   2   7   9   9   5   3   7   3   2   0   1   6  0.07 0.10
  328 Q    -1   0   1   2  -4   3   2  -2   0  -3  -3   3   1  -3  -1   1   1  -5  -4  -3    4   4   6  12   0  11  12   2   2   2   2  20   3   1   2   8   7   0   0   1  0.35 0.29
  329 A     0  -1   0   2  -3   0   1  -2  -1  -1  -1   0   0  -2   1   1   2  -3  -1  -1    7   2   4  14   0   3   9   3   1   3   6   6   3   2   6  11  14   0   2   3  0.15 0.17
  330 L     0  -1  -1   1  -3   0   3  -2   0   0   0   0   2  -2   0   0  -1  -3  -2   0    7   3   2   9   0   3  22   2   2   5  12   5   6   2   4   6   2   0   1   6  0.16 0.18
  331 E    -1  -3   0   4  -6   2   5  -2  -2  -5  -5   1  -2  -6   0  -1  -3  -4  -4  -5    6   1   5  19   0   8  37   3   1   1   1   7   1   0   5   4   1   0   0   1  0.77 0.49
  332 L     0  -1  -2   1  -3   1   2  -2  -2   1   1   1   0   1  -2   0  -1  -2   0  -1    8   2   1   8   0   6  13   2   0   7  19   9   3   5   1   6   3   0   2   4  0.11 0.15
  333 P    -1  -3  -2   1  -4  -2  -1  -3  -2   0   2  -1   2   1   3  -1  -1   1  -1  -1    4   1   2   8   0   1   5   1   1   6  25   3   6   6  16   5   3   2   2   4  0.28 0.24
  334 R     0   5  -2   0  -6   0   1  -4   0  -3  -3   4  -1  -4  -1  -2  -2  -1  -4  -3    8  34   1   6   0   3   7   1   2   1   3  22   1   1   3   3   2   1   0   2  0.70 0.45
  335 E     1  -3  -1   3  -6   0   5  -3  -3  -6  -5   2  -3  -7  -4   0  -3  -7  -5  -5   12   1   3  14   0   4  42   2   1   0   1  13   1   0   1   5   1   0   0   0  0.92 0.57
  336 L    -1   0   0   2  -5   3   4  -3  -1  -1   0   1   1  -3  -2  -1  -1  -2  -2  -2    4   5   4   9   0  13  25   2   1   3   9   7   5   1   1   4   3   0   1   3  0.31 0.28
  337 F    -2  -4  -3  -6  -4  -4  -5  -5  -1   0   2  -5   3   6  -6  -4  -4   2   6  -1    3   1   1   0   0   1   0   1   1   5  17   1   6  33   0   1   0   2  23   3  1.13 0.59
  338 E    -1   5  -2  -2  -6   1   2  -4   0  -2  -2   3   0  -4  -5  -2  -2  -2  -3  -3    5  36   2   1   0   5  15   1   2   2   3  17   2   1   0   2   3   1   1   1  0.75 0.48
  339 E     0  -2  -1   3  -6   0   4  -1  -4  -6  -5   2  -3  -6   4  -2  -2  -7  -5  -4    7   1   2  13   0   3  31   4   0   0   1  10   1   0  21   3   2   0   0   1  0.79 0.51
  340 Q     0   1   0   1  -5   3   3  -2  -2   1  -1   0   0  -4  -1  -1   0  -5  -4  -1    6   7   3   8   0  16  18   2   1  10   5   5   2   0   2   5   5   0   0   4  0.26 0.26
  341 A     7  -7  -7  -7  -4  -6  -6  -4  -7  -6  -6  -6  -6  -8  -5  -2  -4  -8  -6  -4   94   0   0   0   0   0   0   1   0   0   0   0   0   0   0   3   1   0   0   1  2.40 1.13
  342 K    -1   2  -3  -2  -5   0   5  -4  -3   0  -1   2  -2  -5  -5  -3  -1  -6  -4  -1    5  10   1   2   0   3  42   1   0   5   6  12   1   0   0   1   5   0   1   5  0.68 0.48
  343 R    -3   6   0  -2  -5   0   0  -4   0  -5  -4   4  -2  -3  -6  -3  -2  -2  -3  -4    2  41   5   2   0   4   6   1   2   0   1  26   1   1   0   2   2   1   1   1  1.05 0.60
  344 R    -3   7   1  -2  -7   3  -1  -4  -1  -4  -5   0  -1  -6  -6  -1  -2  -5  -4  -5    2  54   8   3   0  11   4   1   1   1   1   4   1   0   0   5   2   0   1   1  1.25 0.69
  345 V    -1  -7  -8  -8  -6  -7  -7  -7  -8   3   0  -7  -2  -5  -7  -6  -3  -7  -5   7    4   0   0   0   0   0   0   0   0  13   6   0   1   0   0   0   1   0   0  73  1.87 0.87
  346 V    -1   5  -4  -5  -5   0  -3  -5  -1  -2  -3   6  -3  -5  -6  -2  -2  -7  -6  -4    6  32   0   0   0   4   1   1   1   2   3  41   1   0   0   3   3   0   0   1  1.18 0.67
  347 V     1   0  -1  -3  -3  -2  -1  -1  -3   0   3  -2   0  -2  -4   0   1   2  -3   0   10   5   3   0   0   2   4   6   0   5  33   2   2   1   0   7  10   3   0   7  0.24 0.25
  348 G     0   1   0   1  -4   0   0   4   0  -4  -4  -2   0  -2  -5   2  -1  -2  -1  -4    7   8   4   7   0   4   5  35   2   1   1   1   2   2   0  13   4   1   3   1  0.48 0.35
  349 L    -5  -6  -8  -8  -6  -7  -7  -8  -6   1   6  -7   1   2  -7  -7  -5  -3  -1  -2    0   0   0   0   0   0   0   0   0   7  77   0   2   8   0   0   0   0   2   2  1.71 0.81
  350 L    -1  -6  -7  -7  -3  -6  -7  -7  -7   5   4  -6   0  -2  -6  -6  -3  -6  -4   4    5   0   0   0   0   0   0   0   0  27  37   0   1   1   0   0   1   0   0  26  1.18 0.60
  351 L    -5  -4  -7  -8  -5  -6  -7  -8  -7   3   6  -6   2   1  -7  -6  -4  -6  -3   2    1   1   0   0   0   0   0   0   0  13  64   0   5   4   0   0   1   0   1  11  1.39 0.68
  352 G     1   0   2   3  -4   0   3   1   0  -4  -4  -1  -3  -4  -3   2  -1  -6  -5  -4   14   5   9  14   0   3  21   9   2   1   1   2   1   1   0  14   3   0   0   0  0.44 0.35
  353 E     3   0  -2  -1  -6   1   5  -4  -1  -5  -5   3  -5  -5  -5  -2  -2  -7  -4  -4   24   4   1   3   0   5  37   1   1   0   0  17   0   0   0   3   2   0   0   1  0.89 0.58
  354 V    -4  -7  -8  -8  -6  -7  -7  -8  -7   7   2  -7  -1  -1  -7  -7  -4  -5  -2   3    1   0   0   0   0   0   0   0   0  58  15   0   1   2   0   0   0   0   1  19  1.65 0.76
  355 I     5  -3  -5  -6  -4  -4  -5   2  -5   3  -3  -4  -2  -3  -5  -1  -2  -6  -4   2   43   1   0   0   0   1   0  14   0  16   1   1   1   1   0   5   1   0   0  15  0.83 0.53
  356 S    -2   3   0   1  -7   2   4  -5  -2  -6  -5   5  -4  -6  -5  -2  -2  -6  -4  -3    4  16   4   7   0   7  24   0   1   0   1  30   0   0   0   3   2   0   0   1  0.84 0.53
  357 S     2   1  -1  -1  -4   3   1  -4  -2  -2  -2   4  -2  -5  -4  -1  -1  -6  -4  -1   16   8   3   4   0  15   9   0   1   2   5  24   1   0   0   4   4   0   0   5  0.44 0.36
  358 N    -2  -3   4  -2  -8   1   6  -6   3  -6  -4  -1  -5  -2  -6  -4  -5  -5   0  -6    3   1  16   1   0   5  57   0   6   0   2   3   0   2   0   1   0   0   3   0  1.36 0.77
  359 E    -2  -2   5   1  -6   0   2   3  -1  -7  -7   3  -6  -7  -5  -1  -3  -7  -6  -6    4   1  26   8   0   3  12  19   1   0   0  20   0   0   0   4   1   0   0   0  0.83 0.53
  360 L    -5  -7  -8  -8  -6  -7  -8  -8  -6   7   3  -7   1  -1  -6  -7  -5  -7  -5   1    0   0   0   0   0   0   0   0   0  56  29   0   2   2   0   0   0   0   0   8  1.67 0.77
  361 K    -1  -1  -1   0  -6   2   4  -3  -1  -3  -4   3  -4  -5  -4   1   2  -6  -4  -2    5   2   3   4   0  10  27   1   1   1   1  19   0   0   0   8  14   0   0   3  0.59 0.44
  362 A     3  -6  -6  -7  -4  -6  -6  -6  -7   2  -1  -6  -3  -5   1  -4  -2  -7  -5   6   21   0   0   0   0   0   0   0   0   9   6   0   0   0   7   1   2   0   0  53  1.21 0.67
  363 D    -2  -4   0   4  -6  -3   1  -2  -4  -5  -5  -1  -5  -6  -2   3   4  -7  -6  -5    3   1   5  21   0   1  10   3   0   0   1   3   0   0   1  22  29   0   0   0  0.83 0.56
  364 E     0  -1  -1   5  -7   2   4  -3  -3  -6  -6  -1  -4  -6   2  -1  -3  -7  -5  -6    8   3   2  29   0   9  27   2   0   0   0   4   0   0  11   3   1   0   0   0  0.89 0.56
  365 E     1  -3  -2   3  -7   1   6  -3  -3  -7  -6   1  -6  -6  -4  -1  -3  -7  -6  -5   11   1   2  17   0   6  46   2   1   0   0   8   0   0   1   4   1   0   0   1  1.07 0.64
  366 R    -2   2  -4   4  -8   1   6  -6  -4  -5  -6   0  -3  -7  -6  -3  -4  -7  -6  -5    3  10   0  25   0   6  45   0   0   1   1   6   1   0   0   1   1   0   0   1  1.26 0.71
  367 V    -4  -4  -7  -7  -4  -5  -6  -7  -7   4   3  -5   2  -1  -7  -6  -2  -6  -2   5    1   1   0   0   0   0   0   0   0  24  27   1   4   2   0   0   2   0   1  37  1.17 0.60
  368 K    -2   3   2   4  -7   2   4  -4  -3  -5  -5   2  -2  -6  -5  -2  -2  -7  -6  -4    3  15  10  20   0   9  24   1   0   0   1  10   1   0   0   2   3   0   0   1  0.78 0.49
  369 V     3   1   1   0  -5   2   3  -2  -2  -5  -4   2  -4  -5  -4  -1  -1  -6  -5  -4   26   6   6   5   0   9  21   2   1   0   1  13   0   0   0   4   4   0   0   1  0.55 0.42
  370 L     1   2  -3  -3  -5   0   4  -2   2  -2  -1   2   0  -1  -4  -2  -2   0  -1  -2   13  13   0   0   0   3  29   3   4   2   7  11   3   3   0   1   2   1   2   2  0.42 0.36
  371 I    -3  -6  -7  -7  -5  -6  -7  -7  -5   6   3  -5   2   1  -7  -6  -4  -5   2   3    2   0   0   0   0   0   0   0   0  41  22   0   4   6   0   0   0   0   6  18  1.16 0.58
  372 E     1   0   0   1  -5   2   4  -4  -2  -3  -3   2   1  -3  -4  -1  -1  -4  -2  -3   12   5   5   7   0  10  33   1   1   2   2  11   3   1   0   3   3   0   1   1  0.53 0.40
  373 E     0   3   0   1  -6   1   4  -3  -1  -4  -3   3  -1  -5  -5  -1  -1  -6  -4  -4    6  13   3   7   0   6  32   2   1   1   3  15   1   0   0   5   3   0   0   1  0.61 0.43
  374 M    -2  -2  -5  -5  -5   0   0  -6  -3   4   2  -3   6   1  -6  -4  -2  -3   0   0    4   2   0   0   0   5   7   0   1  25  21   1  18   6   0   1   2   0   3   5  0.67 0.43
  375 A     7  -3  -6  -6  -2  -3  -5  -3  -6  -3  -3  -3  -3  -5  -6   1  -3  -7  -5  -2   78   2   0   0   1   1   0   1   0   1   2   1   1   0   0   8   1   0   0   3  1.64 0.87
  376 S     2   2  -1   0  -4   3   3  -2  -2  -4  -4   2   0  -4  -3   2  -1  -4  -4  -3   15  11   2   4   0  12  18   2   1   1   1  12   2   0   0  13   2   0   0   1  0.43 0.35
  377 A     1   2   1  -1  -3   3   0   0   0  -3  -2  -1   2  -2  -1   2   0  -4  -2  -2   12  14   6   2   0  12   7   6   2   0   2   3   5   2   2  14   7   0   1   2  0.23 0.24
  378 Y    -1  -2  -1  -5  -5  -1  -4  -3   0  -3  -2  -5   1   2  -2  -1  -1  -3   8  -3    6   2   3   0   0   3   1   3   2   1   4   0   3   7   3   6   4   0  50   2  1.24 0.68
  379 E    -2   0   2   1  -6   2   3   4  -1  -6  -6   1  -2  -6   0  -2  -3  -6  -5  -5    2   5  10   6   0   7  18  31   1   0   0  10   1   0   5   3   1   0   0   0  0.64 0.43
  380 D    -3   0   1   3  -6   4   1  -2   0  -2  -3   1   4  -5  -4  -1  -2  -6  -2  -2    2   6   7  16   0  23   7   3   2   3   2  10  11   0   1   3   2   0   1   3  0.52 0.40
  381 P    -2  -3   0   2  -6   0   3  -5  -1  -4  -6   0  -4  -6   6   1   0  -7  -6  -4    4   1   4   9   0   4  17   0   1   1   0   5   0   0  38   9   5   0   0   1  0.96 0.58
  382 Q     1  -1  -2   0  -4   2   3  -3  -2  -2  -1   1  -2  -1   1  -2  -2  -5  -1   1   12   3   2   6   0  10  21   1   1   2   6   9   1   3   8   2   1   0   2  11  0.26 0.26
  383 E     1  -2  -2   3  -6   3   5  -4  -2  -6  -5   1  -1  -7  -3  -2  -3  -7  -6  -4   10   2   2  14   0  13  41   1   1   0   1  10   2   0   1   2   1   0   0   1  0.94 0.59
  384 V     0  -1  -3  -1  -4   1   1  -4  -3   1  -1   1   1   1  -4  -2  -1  -4  -1   4    7   3   1   3   0   8   9   0   0   8   4  11   3   6   0   2   4   0   2  28  0.30 0.28
  385 I    -1  -1  -5  -6  -4  -4  -4  -6  -5   4   2  -1   2   1  -5  -4  -3  -1  -1   4    5   4   0   0   0   0   1   0   0  21  17   5   6   6   0   1   1   1   2  30  0.67 0.41
  386 E    -1   4   1   1  -6   1   2  -5  -3  -5  -5   5  -2  -4  -5  -2  -3  -6  -3  -5    5  19   7   7   0   6  15   0   0   0   1  34   1   1   0   2   1   0   1   1  0.83 0.52
  387 F     0   1  -1  -1  -5   1   1  -3   0  -3  -2   2   0   2  -4  -1  -3   6   4  -3   10   6   2   3   0   7  11   1   2   1   4  11   2   8   0   4   1  12  12   1  0.44 0.33
  388 Y    -2  -1  -3  -3  -3  -1  -1  -6   1   1   0  -3   1   3  -6  -2  -2  -1   7  -1    3   3   1   1   1   3   4   0   3   7   8   1   3  11   0   3   2   1  41   3  0.96 0.54
  389 G    -2   1  -2  -4  -4   1  -2  -4  -1   0   2   0   1   2  -5  -2  -2  -2   5  -1    4   7   2   1   0   7   2   1   1   6  20   7   4   7   0   3   1   0  24   3  0.47 0.35
  390 K     0   0   1   0  -5   2   3   0  -2  -4  -4   3  -3  -5  -2   2  -1  -5  -4  -4    9   5   8   4   0  10  17   7   1   1   1  18   1   0   1  15   3   0   0   1  0.42 0.34
  391 N    -2   0   5   3  -5   1   1  -2  -1  -5  -5   2  -2  -4  -4   1  -1  -6  -4  -5    3   4  29  19   0   6   8   2   1   0   1  10   1   1   1   9   4   0   0   1  0.70 0.44
  392 Q    -1   1   1   0  -5   2   3  -2   0  -5  -4   1  -2  -4   4   0  -1  -5  -3  -4    4   7   7   6   0  10  17   3   2   0   1  10   1   1  23   5   3   0   1   1  0.55 0.37
  393 E    -1  -1   2   2  -5   3   3   3  -1  -4  -5   0  -3  -6  -4  -1  -2  -5  -3  -4    4   3  10  11   0  15  22  19   1   1   1   5   1   0   0   5   2   0   1   1  0.56 0.39
  394 L     2   3  -1  -2  -4   2  -1  -1  -1  -2   1   0   2  -1  -3   0  -1  -2   0  -1   17  17   3   2   0   9   2   5   2   2  14   4   7   2   0   5   2   1   3   3  0.19 0.21
  395 M    -3   2  -4  -5  -5  -1  -3  -5  -4   2   4   0   5  -1  -5  -4  -2  -4  -1   0    2  12   0   0   0   2   1   1   0   9  38   6  15   2   0   1   2   0   2   6  0.68 0.43
  396 N     1   0   1   3  -5   2   4  -1  -1  -4  -4   0  -2  -5  -1   0  -2  -6  -2  -4   14   4   7  13   0   8  25   5   1   1   1   4   1   0   3   7   2   0   1   1  0.45 0.35
  397 N     0   1   2   1  -5   3   2   1  -1  -3  -3  -1   0  -2  -2   1  -2  -4   1  -2    7   6  10   7   0  15  12  11   1   1   2   1   3   1   1  11   2   0   6   2  0.26 0.26
  398 V    -3  -6  -7  -7  -5  -6  -7  -7  -5   5   4  -6   2   1  -5  -5  -4  -6  -2   3    2   0   0   0   0   0   0   0   0  29  41   0   4   6   1   0   0   0   1  15  1.17 0.59
  399 R    -1   5  -3  -3  -5   1   4  -5  -1  -3  -5   4  -1  -5  -5  -2  -2  -6  -2  -2    5  27   1   1   0   5  23   0   1   2   1  22   2   0   0   2   3   0   1   3  0.82 0.53
  400 N     2   0   3   1  -4   0   1   0   0  -4  -3  -2   0  -2  -3   2  -1  -3   0  -3   20   4  14   7   0   5   9   8   2   1   2   2   3   2   1  14   3   0   3   1  0.27 0.27
  401 I    -1   1   0   2  -3   2   1  -1  -1  -1   0  -1   2  -3   2   1   0  -4  -2  -1    4   8   4  10   0  10   7   4   1   3   8   3   6   1  10   9   6   0   1   4  0.14 0.17
  402 A     0  -5  -6  -5  -3  -5  -6  -7  -6   5   3  -4   2  -3  -6  -4  -3  -4  -4   4    7   0   0   1   0   0   0   0   0  31  28   1   4   1   0   1   1   0   0  25  1.03 0.54
  403 L    -1   2  -4  -5  -4  -2  -3  -4  -4   1   4   0   2   2  -5  -3  -1  -4   0   0    5  10   0   0   0   2   1   1   0   8  41   6   4   8   0   1   3   0   3   5  0.53 0.36
  404 E    -2   1   1  -1  -7   0   6  -4  -1  -1  -2  -2  -1  -3  -5  -2  -1  -5  -3  -2    2   8   6   2   0   3  54   1   1   3   3   2   2   1   0   2   4   0   1   3  0.94 0.60
  405 E    -4   3   1   4  -7   2   5  -3  -3  -7  -6   1  -6  -7  -5  -3  -3  -7  -6  -7    1  13   7  25   0   8  32   2   0   0   0   9   0   0   0   1   1   0   0   0  1.04 0.61
  406 Q    -4   0   0  -5  -8   4  -2  -6  -4  -6  -4   7  -2  -8  -6  -4  -4  -8  -7  -6    1   4   5   0   0  16   2   0   0   0   2  67   1   0   0   0   1   0   0   0  1.78 0.91
  407 A     3  -6  -6  -7  -4  -6  -6  -6  -7   1  -1  -6  -2  -4  -6  -3   3  -7  -6   5   25   0   0   0   0   0   0   0   0   6   5   0   1   1   0   1  19   0   0  44  1.16 0.67
  408 V    -2  -5  -6  -7  -3  -5  -6  -6  -6   4   3  -5   2   2  -6  -5  -2  -4  -2   5    3   0   0   0   0   0   0   0   0  23  23   0   5   7   0   0   2   0   1  34  0.98 0.53
  409 E    -1  -3   2   6  -7   0   4  -4  -5  -7  -7   0  -7  -8  -6  -2  -3  -8  -7  -6    7   1   8  49   0   4  21   1   0   0   0   6   0   0   0   2   2   0   0   0  1.34 0.72
  410 V    -2  -2  -6  -6  -5  -3  -4  -6   2  -1   2   0   0   6  -7  -4  -3   7   2  -3    3   3   0   0   0   1   1   0   5   3  17   5   2  36   0   1   1  13   7   2  1.12 0.59
  411 L    -4  -7  -8  -8  -4  -7  -7  -8  -7   5   5  -7  -1  -3  -7  -7  -5  -6  -5   3    1   0   0   0   0   0   0   0   0  30  50   0   1   1   0   0   0   0   0  17  1.49 0.72
  412 L    -1  -2  -5  -5  -2  -3  -2  -5  -3   2   4   0   2   0  -5  -3  -2  -3  -1   2    5   3   0   0   1   1   3   0   0  12  38   8   5   4   0   2   2   0   2  15  0.51 0.35
  413 G     0  -2   0   2  -5   1   5   0  -4  -6  -6   1  -5  -6  -5   2  -1  -7  -6  -5    8   2   3  12   0   5  37   6   0   0   0   8   0   0   0  13   3   0   0   0  0.75 0.51
  414 K    -2   1   4  -2  -6   3   1  -3   3  -3  -1   4  -1  -5  -5   0  -2  -4  -3  -4    3   7  19   1   0  12   7   2   6   1   6  22   2   0   0   6   2   0   1   1  0.53 0.40
  415 A     6  -6  -1  -6  -1  -5  -5  -2  -6  -2  -4  -5  -1  -5  -5   1  -3  -7  -6   1   69   0   3   0   1   0   0   2   0   2   1   0   1   0   0   9   1   0   0  10  1.39 0.78
  416 K    -3   0   1   0  -6   2   1  -5  -2  -3  -5   5  -4  -6  -5  -1   2  -6  -5  -1    1   3   8   6   0   8  10   0   1   2   0  40   0   0   0   4  12   0   0   5  0.78 0.52
  417 V    -3  -4  -7  -6  -4  -4  -5  -7  -5   5   0  -4  -1  -1  -3  -5  -1  -6  -3   5    1   1   0   0   0   1   1   0   0  35   7   1   1   3   1   0   4   0   1  42  1.23 0.62
  418 S    -2  -2   0  -2  -5  -1   2  -4  -3   0  -4   3  -3  -5  -4   1   4  -6  -5   1    2   2   4   1   0   2  14   0   0   5   1  20   0   0   0   9  29   0   0  11  0.58 0.45
  419 E    -4  -4  -2   4  -7  -2   6  -5  -4  -4  -5   0  -4  -6  -3  -3   0  -4  -3  -2    1   0   1  23   0   1  54   1   0   1   1   5   0   0   1   1   5   0   1   3  1.29 0.71
  420 K    -2   0  -2  -2  -6   0   3  -4  -4  -1  -4   5  -3  -5  -4  -3  -1  -6  -5   3    3   4   2   1   0   3  17   1   0   3   1  40   0   0   1   0   3   0   0  21  0.81 0.52
  421 E     0  -2   0   0  -3   0   3  -4  -3  -2  -4   3  -1  -3   2   0   1  -5  -4  -2    7   1   4   4   0   4  23   0   0   2   1  20   1   1  12   8   9   0   0   3  0.44 0.34
  422 T    -1  -2  -4  -4  -1  -2  -2  -4  -4   3   1   1   3  -3  -2  -2   1  -5  -2   4    4   1   0   0   1   1   3   1   0  14  11   9   8   0   2   3  10   0   1  32  0.44 0.32
  423 T    -1  -3   0   2  -5  -2   0  -2  -4  -5  -5  -1  -5  -6   1   4   4  -6  -5  -4    3   1   3  12   0   1   5   2   0   0   0   4   0   0   8  35  26   0   0   0  0.77 0.51
  424 F    -1   0  -5  -5  -3  -3  -2  -4  -4  -1   0  -1  -1   6   0  -2  -2  -3   4  -1    5   5   0   0   0   1   3   1   0   2   8   4   1  42   5   4   3   0  11   5  0.77 0.43
  425 N     0  -1   0   4  -5   2   4  -3  -1  -5  -4   1  -4  -4  -3   0  -1  -6  -3  -4    7   2   3  25   0   8  29   1   1   0   2  10   0   1   1   7   3   0   1   1  0.66 0.41
  426 E    -2  -3  -3   4  -7   1   6  -4  -3  -7  -7  -1  -6  -7  -5  -2  -2  -7  -6  -6    4   1   1  21   0   4  61   1   0   0   0   3   0   0   0   2   3   0   0   0  1.49 0.73
  427 L    -2  -5  -4  -6  -3  -5  -5  -5  -5   2   5  -5   0   3  -6  -5  -3  -2  -2   2    4   0   1   0   0   0   1   0   0  11  55   0   1  11   0   0   1   0   1  14  0.97 0.48
  428 M    -2  -2  -4  -6  -4  -1  -3  -5  -5   2   1  -1   8   1  -5  -3  -1  -5  -2   2    3   2   1   0   0   3   2   1   0  10  12   3  41   5   0   1   4   0   1  13  0.97 0.52
  429 N     0   1   4  -1  -5   1   1   2   0  -5  -5   4  -3  -5  -3   0  -2  -5  -3  -5    6   6  24   2   0   6   7  13   2   0   0  25   0   0   1   6   1   0   1   0  0.58 0.36
  430 Q    -1   1   0   1  -5   3   2  -3  -1  -4  -4   2  -1  -4   4  -1  -3  -5  -3  -3    6   8   3   8   0  13  15   1   1   1   0  12   1   0  23   4   0   0   1   1  0.55 0.31
  431 N    -1   1   3   2  -4   2   1   1  -1  -3  -3   1  -1  -4  -1   1  -1  -4  -3  -2    5   7  17  12   0  12   7   9   1   2   1  10   1   0   3  10   2   0   0   2  0.31 0.21
  432 Q    -1   0  -1   1  -5   5   3  -2   0  -5  -4   2   0  -5   0  -1  -1  -5  -4  -4    5   2   2   6   0  33  23   2   1   0   0  11   3   0   5   3   2   0   0   0  0.67 0.35
  433 M     3  -2  -2   0  -3   4   3  -2  -2  -1  -3  -1  -1  -4  -2   1  -1  -4  -3  -1   30   0   0   3   0  21  18   2   0   3   0   2   1   0   1  12   2   0   0   5  0.44 0.26
  434 A     6  -3  -3  -4  -2  -3  -3  -2  -4  -3  -4  -3  -3  -4  -3   1  -2  -5  -4  -2   91   0   0   0   0   0   0   0   0   0   0   0   0   0   0   9   0   0   0   0  1.29 0.41

                      K         Lambda
Standard Ungapped    0.1321     0.3127
Standard Gapped      0.0560     0.2670
PSI Ungapped         0.1831     0.3175
PSI Gapped           0.0560     0.2670
