
Last position-specific scoring matrix computed, weighted observed percentages rounded down, information per position, and relative weight of gapless real matches to pseudocounts
            A   R   N   D   C   Q   E   G   H   I   L   K   M   F   P   S   T   W   Y   V   A   R   N   D   C   Q   E   G   H   I   L   K   M   F   P   S   T   W   Y   V
    1 I    -5  -7  -8  -8  -6  -7  -7  -8  -8   4  -3  -7   1  -5  -7  -6  -5  -7  -6   7    0   0   0   0   0   0   0   0   0  23   0   0   4   0   0   0   0   0   0  73  2.11 0.75
    2 T     1   4  -3  -4  -5   0   0  -4  -3  -1  -1   3   1  -3  -4  -1   1  -3  -2  -1   13  26   0   0   0   4   7   1   0   3   5  18   3   1   0   4   8   0   1   5  0.43 0.28
    3 E     1   0  -1   2  -5   3   5  -3  -2  -4  -5   0  -3  -4  -5  -2  -1  -1  -2  -5   11   5   2   9   0  13  41   1   0   1   1   5   1   1   0   3   3   1   1   0  0.78 0.43
    4 L     0  -6  -7  -7  -5  -6  -6  -6  -6   4   4  -6   2  -3  -6  -5  -3  -6  -4   3    7   0   0   0   0   0   0   0   0  20  45   0   5   0   0   0   1   0   0  20  1.08 0.46
    5 Q    -7  -5  -6  -6  -9   9  -2  -8  -2  -9  -8  -4  -6  -9  -7  -6  -7  -8  -7  -8    0   0   0   0   0  97   2   0   1   0   0   0   0   0   0   0   0   0   0   0  3.40 1.21
    6 Q    -1   4   0  -3  -3   4   2  -3  -2  -4  -4   0  -2  -5  -5   0   2  -3  -3  -3    5  27   4   1   1  21  12   1   1   1   1   5   1   0   0   6  12   0   1   1  0.66 0.38
    7 R     2   5  -3  -3  -3   0  -1  -2  -1  -1   2   1   0  -3  -5  -2  -1  -2  -2  -2   18  29   1   1   0   4   2   2   1   3  20   7   3   0   0   3   3   1   1   1  0.45 0.30
    8 L    -7  -7  -9  -9  -6  -7  -8  -9  -8  -3   7  -8  -3  -2  -8  -8  -6  -7  -6  -4    0   0   0   0   0   0   0   0   0   0  99   0   0   1   0   0   0   0   0   0  2.44 0.88
    9 T     2   0   4  -2  -4   1  -2  -1  -1  -2  -3   2  -3  -4  -4   0   2  -5  -3  -2   19   5  20   1   0   7   1   3   1   3   2  14   0   0   0   7  12   0   1   2  0.41 0.30
   10 D     3   3   1   1  -3   2   2  -2  -1  -4  -3   1  -1  -4  -4   0  -2  -4  -3  -3   23  15   6   8   0   9  11   2   1   1   1   8   2   0   0   7   2   0   1   1  0.38 0.27
   11 K     2   2  -3  -4  -2  -1  -4  -4  -1  -2   4   0   1  -3  -5  -3  -3   0  -4  -2   17  14   1   0   1   3   0   1   1   1  45   6   3   1   0   1   1   1   0   2  0.61 0.37
   12 G    -5  -5  -2  -5  -8  -5  -4   8  -7  -9  -9  -4  -8  -8  -7  -4  -6  -8  -8  -8    0   1   2   0   0   1   1  94   0   0   0   1   0   0   0   1   0   0   0   0  2.60 0.89
   13 F    -5  -7  -5  -8  -4  -5  -6  -8   2  -4  -2  -7  -4   6  -8  -5  -6  -3   8  -5    1   0   0   0   0   0   0   0   5   1   4   0   0  34   0   1   0   0  52   1  2.28 0.81
   14 D    -2  -3   3   6  -6  -2  -1  -4  -2  -6  -5  -2  -6  -2  -2  -1  -4  -3   5  -5    4   1  12  44   0   1   2   1   0   0   1   3   0   1   3   5   0   0  21   0  1.17 0.54
   15 V     2  -1  -2  -2   1  -1  -3  -4   0  -1  -3  -2  -2  -5   5  -1   2  -6  -5   1   16   3   1   3   3   2   1   0   3   3   2   3   1   0  33   4  12   0   0  11  0.69 0.37
   16 G    -4  -5  -4  -5  -7  -3  -5   7  -4  -8  -6  -5  -5  -5  -7  -4  -6  -7  -5  -8    1   0   1   0   0   2   1  92   0   0   1   1   0   1   0   0   0   0   1   0  2.44 0.84
   17 G     1   0  -2  -2  -5  -1   1   1  -4  -4  -4   1  -4  -4   5  -1   1  -2  -4  -3   10   6   2   2   0   2  10  10   0   1   1   8   0   1  34   4   7   1   0   2  0.68 0.36
   18 I     2  -5  -5  -5  -3  -4  -3  -6  -4   5  -2  -5  -2  -3   2  -3  -2  -6  -5   4   17   0   0   1   0   0   2   0   0  32   3   0   0   1  11   1   2   0   0  30  0.91 0.44
   19 D    -7  -7  -1   9  -9  -6  -4  -5  -6  -8  -9  -6  -8  -9  -7  -4  -3 -10  -8  -8    0   0   2  95   0   0   0   1   0   0   0   0   0   0   0   1   1   0   0   0  2.99 1.00
   20 G    -4  -7  -3  -6  -8  -7  -5   8  -7  -9  -9  -5  -8  -8  -7  -4  -7  -8  -8  -8    1   0   1   0   0   0   1  96   0   0   0   1   0   0   0   1   0   0   0   0  2.74 0.92
   21 V    -2   1  -3  -2  -4  -1  -3  -5  -3   5   0   2   1  -1  -5  -3  -2  -3  -3   3    2   9   1   3   0   2   1   1   0  31   9  12   3   2   0   2   1   0   1  21  0.53 0.30
   22 L    -1  -4  -4  -5  -5  -4  -6  -5  -3   2   1  -4   5   6  -3  -3  -3   2   3   0    5   0   1   0   0   0   0   0   0  13  11   0  15  31   2   2   1   2   9   6  0.88 0.41
   23 G    -5  -5  -4  -3  -8  -4  -4   8  -7  -9  -9  -6  -8  -8  -7  -4  -7  -8  -5  -8    0   1   1   2   0   1   1  94   0   0   0   0   0   0   0   1   0   0   1   0  2.61 0.89
   24 A     1   1  -2  -2  -6   0   0  -2  -3  -5  -5  -1  -4  -5   6   1  -2  -1  -3  -4   11   9   2   2   0   4   6   3   1   0   1   3   0   0  43  11   2   1   1   1  0.96 0.46
   25 Q     0   4   1  -1  -5   2  -1   1  -2  -3  -2   3   0  -5  -3  -2  -2  -5  -5  -4    8  24   7   3   0  11   2   9   0   1   5  22   3   0   1   2   1   0   0   1  0.52 0.31
   26 T    -4  -6  -5  -6  -6  -6  -6  -7  -7  -6  -5  -6  -3  -7  -6  -1   8  -8  -7  -4    1   0   0   0   0   0   0   0   0   0   1   0   1   0   0   4  92   0   0   1  2.63 0.99
   27 R    -1   6  -3  -2  -6   1   2  -4   0  -2  -3   1  -1  -4  -5  -3  -1  -6  -2  -2    6  45   0   2   0   7  13   1   2   3   2   8   2   1   0   1   3   0   1   2  0.85 0.43
   28 Q     3   2   1   1  -2   1   1  -2  -2  -4  -4   1  -3  -4  -4   1   0  -1  -3  -3   30  11   6   6   1   7  10   2   1   1   1   7   0   0   0  10   5   1   0   1  0.36 0.27
   29 G     7  -6  -6  -7  -5  -2  -6  -3  -7  -6  -7  -6  -6  -7  -6  -3  -3  -8  -7  -5   94   0   0   0   0   2   0   2   0   0   0   0   0   0   0   1   1   0   0   0  2.33 0.89
   30 I    -3  -7  -7  -7  -5  -6  -7  -7  -7   6   1  -6  -2  -4  -7  -6  -2  -7  -5   5    2   0   0   0   0   0   0   0   0  43  11   0   1   0   0   0   2   0   0  41  1.54 0.60
   31 R    -1   7  -3  -4  -4   0  -1  -3  -3   0  -3   3   1  -5  -6  -3  -3  -6  -4  -2    6  52   1   0   0   4   3   2   0   6   2  15   3   0   0   2   1   0   0   3  1.08 0.50
   32 A     4   2  -1   1  -4   1   1  -2  -3  -4  -3   0  -3  -5  -4   0  -1  -3  -3  -3   43   9   3   9   0   8   9   2   0   0   2   5   0   0   0   5   3   0   1   1  0.57 0.36
   33 F    -3  -7  -8  -8  -4  -7  -4  -8  -5  -5  -4  -8  -2   9  -8  -7  -7   3   5  -4    2   0   0   0   1   0   1   0   0   0   1   0   1  71   0   0   0   3  20   1  2.55 0.85
   34 Q    -6  -5  -6  -6  -9   9   1  -7  -5  -9  -8  -4  -6  -9  -7  -6  -6  -8  -7  -8    0   0   0   0   0  92   8   0   0   0   0   0   0   0   0   0   0   0   0   0  3.15 1.13
   35 R     0   5  -3  -3  -6   2  -1  -4   0  -3  -2   3  -2  -4  -5   0  -1  -6  -3  -3    8  37   0   1   0  11   3   1   2   2   3  18   1   1   0   6   4   0   1   2  0.74 0.40
   36 S     3   0   1   4  -3   1   0  -2  -2  -4  -4   1  -2  -3  -4   1  -1  -4  -3  -2   25   5   7  25   0   5   4   2   1   0   0   7   1   1   0  12   2   0   1   2  0.50 0.31
   37 Q     1   2   4  -3  -2   2  -1  -3   4  -2  -2   1  -2  -2  -4  -1  -2  -5   1  -1   11  11  23   0   1   9   4   0  11   2   3   7   1   2   0   4   2   0   6   5  0.44 0.29
   38 Q    -3   0   1  -1  -7  -3  -3   7  -1  -6  -7   0  -6  -6  -5  -2  -5  -7  -5  -6    1   5   7   3   0   1   2  70   2   0   0   5   0   0   0   2   0   0   0   0  1.55 0.61
   39 L    -5  -5  -6  -5  -6  -4  -6  -7  -5   0   6  -6   3  -2  -7  -6  -5  -1  -4  -2    0   1   0   1   0   1   0   0   0   3  81   0   7   1   0   0   0   1   0   2  1.70 0.66
   40 P     1  -1  -3  -2  -5  -2  -1  -4  -3  -2  -3   0  -4  -5   6  -1   2  -6  -3   0    9   3   1   2   0   1   5   1   0   2   2   7   0   0  38   4  15   0   1   8  0.79 0.41
   41 Q     3  -3  -5  -3  -4   0  -1  -4  -5   0  -3  -4  -1  -5   3  -2  -2  -3  -4   4   28   1   0   1   0   4   4   1   0   3   0   0   2   0  16   2   2   0   0  35  0.79 0.44
   42 D    -6  -4  -1   8  -7  -5  -3  -6  -6  -7  -7  -4  -7  -7  -6  -2   3  -8  -3  -5    0   1   2  73   0   0   0   0   0   0   0   1   0   0   0   2  20   0   1   1  2.13 0.80
   43 G    -3  -5  -4  -6  -2  -7  -7   8  -4  -9  -9  -5  -8  -8  -7  -3  -6  -8  -8  -8    2   1   1   0   1   0   0  93   1   0   0   1   0   0   0   2   0   0   0   0  2.57 0.87
   44 Y    -2   2  -2  -4  -3   1   0  -5   0   3  -1   0   0   0  -5  -3  -1   3   4   2    2  10   1   0   0   5   6   0   2  22   3   5   2   3   0   1   4   4  14  15  0.39 0.26
   45 A     3  -5  -6  -6   2  -3  -5  -4  -6   2   0  -5  -2  -3   4  -4  -3  -6  -3   4   26   0   0   0   4   1   0   0   0  12   9   0   0   1  19   0   0   0   1  28  0.81 0.43
   46 S    -3  -4   1   2  -6  -4  -3   5  -3  -5  -6  -4  -4  -6  -5   3   3  -6  -5  -5    0   0   6  13   0   0   1  43   0   0   0   0   0   0   0  19  15   0   0   0  1.05 0.51
   47 T     0   1  -1  -1  -5   1   0  -2  -2  -3  -2   0  -1  -3   5   0  -1  -3  -1  -2    8   8   2   4   0   6   7   3   1   1   5   5   2   1  34   6   3   0   2   3  0.55 0.31
   48 S     2   1  -1   1  -5   3   3  -2  -2  -4  -3   1  -2  -5  -2   0  -2  -1  -4  -3   21   9   2   6   0  13  19   3   0   1   2  10   1   0   2   7   2   1   0   2  0.40 0.28
   49 L    -4  -5  -5  -5  -5  -3  -6  -7  -6  -2   4  -5  -1  -4  -6  -3   6  -6  -6   0    1   0   0   0   0   1   0   0   0   1  38   0   1   0   0   0  51   0   0   6  1.42 0.65
   50 L    -3  -2  -5  -6  -5  -2  -5  -6  -5   0   5  -3   1   0  -6  -5  -4   7  -1  -1    2   3   0   0   0   2   1   0   0   5  58   1   3   3   0   1   1  15   2   4  1.20 0.52
   51 A     3   2   0   1  -3   2   2  -1  -1  -3  -4   1  -2  -5  -3   1   0  -3  -4  -3   25  10   5   7   0  10  14   4   1   1   1   6   1   0   0   8   5   0   0   1  0.37 0.27
   52 R     4   4  -2  -4  -5   1  -1  -3   1  -4  -2   2  -2  -5  -4  -1   0  -3  -3  -2   37  20   1   1   0   6   4   1   4   1   4  11   1   0   0   3   5   0   0   2  0.62 0.39
   53 L    -5  -7  -8  -8  -6  -7  -8  -8  -7  -1   7  -7   4  -3  -8  -7  -5  -6  -6  -2    1   0   0   0   0   0   0   0   0   3  85   0   8   0   0   0   0   0   0   2  2.00 0.77
   54 R    -3   6   0  -2  -6   2   1  -1  -2  -4  -3   2  -3  -2  -4  -2  -3  -6  -1  -4    2  45   4   2   0  11   8   5   1   1   2  11   0   2   0   2   1   0   2   1  0.88 0.44
   55 A     4   0  -1  -1  -3  -1  -1  -1  -1  -2  -1   0  -3  -3  -2   2  -1  -5  -3  -1   42   4   2   3   0   3   4   3   1   1   5   5   0   1   1  19   2   0   0   3  0.45 0.30
   56 A     7  -5  -5  -5  -4  -4  -4  -4  -5  -5  -5  -4  -5  -6  -5   2  -3  -6  -6  -4   87   0   0   0   0   0   0   0   0   0   0   0   0   0   0  13   0   0   0   0  1.86 0.67

                      K         Lambda
Standard Ungapped    0.1359     0.3196
Standard Gapped      0.0667     0.2670
PSI Ungapped         0.2180     0.3172
PSI Gapped           0.0667     0.2670
