
Last position-specific scoring matrix computed, weighted observed percentages rounded down, information per position, and relative weight of gapless real matches to pseudocounts
            A   R   N   D   C   Q   E   G   H   I   L   K   M   F   P   S   T   W   Y   V   A   R   N   D   C   Q   E   G   H   I   L   K   M   F   P   S   T   W   Y   V
    1 M    -2  -3  -4  -5  -3  -2  -4  -4  -3   0   2  -3   9  -1  -4  -3  -2  -3  -2  -1    0   0   0   0   0   0   0   0   0   0   8   0  92   0   0   0   0   0   0   0  1.48 0.33
    2 P    -2  -4  -4  -3  -4  -3  -3  -4  -4  -4  -5  -3  -4  -5   8  -2  -3  -5  -5  -4    0   0   0   0   0   0   0   0   0   0   0   0   0   0 100   0   0   0   0   0  2.63 0.34
    3 S    -1  -2   1   0  -2  -1  -1   1  -2   0   1  -2   0  -1  -2   1   0  -3  -2   2    1   1   8   7   0   1   1  13   0   1  16   1   0   1   1  15   1   0   0  33  0.11 0.07
    4 L    -1  -3  -2   0  -2  -2  -2  -1  -3   2   3  -3   0   1  -3  -1   1  -3  -1   1    0   0   0   6   0   0   0   4   0  18  36   0   0   7   0   6  10   0   0  12  0.21 0.10
    5 V    -1  -2   0   0  -2  -2  -2  -3  -2   1   1  -2   1   2  -3  -1   4  -2  -1   1    4   0   5   6   0   0   0   0   0   5  16   0   4  12   0   0  39   0   0   7  0.24 0.13
    6 S    -1   0   2  -2  -2  -1  -2  -2  -2  -2   1  -1  -1  -3  -2   5   0  -4  -3  -2    0   6   9   0   0   0   0   0   0   0  20   0   0   0   0  64   0   0   0   0  0.51 0.22
    7 G    -1  -2   4   1  -3  -1  -1   1  -1   0  -2  -2  -2   0  -3   1  -1  -2   3  -2    4   0  28  10   0   0   0  12   0  11   0   0   0   4   0  15   0   0  17   0  0.29 0.13
    8 I    -2   1  -3  -3  -2  -2  -3  -4  -3   4   2  -2   0   1  -3   0  -1  -3  -2   2    0  12   0   0   0   0   0   0   0  40  24   0   0   6   0   9   0   0   0   9  0.32 0.13
    9 Q     0  -1   2   0  -2  -1  -1   0  -2  -2   0  -1  -1  -3   3   3   0  -4  -3  -2    4   3  14   5   0   2   0   4   0   0  16   0   0   0  15  37   0   0   0   0  0.32 0.14
   10 S     0   0  -1   0  -2   2  -1   2  -2  -3  -2  -1  -2  -3   0   4   0  -4  -3  -3    0   6   0   4   0  13   0  16   0   0   6   0   0   0   4  48   3   0   0   0  0.38 0.16
   11 S     1   1   3  -1  -2   0   1   0   3  -1  -3  -1  -2  -3  -2   1   0  -4  -2  -1   11   7  24   0   0   0  11   4  11   5   0   0   0   0   0  15   6   0   0   6  0.23 0.10
   12 S     1  -2  -1  -2  -2  -2  -2   0  -2  -1  -2  -2  -2  -3  -2   4   2  -4  -3   2    9   0   0   0   0   0   0   6   0   0   0   0   0   0   0  53  13   0   0  20  0.44 0.19
   13 L    -1  -2  -3  -3  -3   1  -2  -3  -2   0   1  -2   0   5  -3  -1  -1   3   2   0    6   0   0   0   0  10   0   0   0   0  19   0   0  38   0   6   3   4   5   9  0.37 0.14
   14 S     0  -2   1  -2  -2   0  -1  -3  -2   0   3  -2   0  -1   0   1  -1  -3  -2   0    6   0  12   0   0   6   4   0   0   0  45   0   0   0   5  18   0   0   0   5  0.21 0.13
   15 T    -1  -1   4   1  -3   1   1   0   2  -2   0  -1  -1  -2  -2   0   1  -3  -2  -2    5   0  29   5   0   9   9   5   6   0  14   0   0   0   0   0  15   0   0   0  0.24 0.11
   16 G     1  -1  -1   1  -2   0   3   2  -2  -2  -2  -1   0  -3  -2   1   1  -3  -2   0   10   0   0   5   0   0  27  19   0   0   1   1   5   0   0   9  10   0   0  10  0.21 0.10
   17 M    -1   1  -2  -3  -2  -2  -2  -3  -3   2   2  -2   4  -1  -3  -1   0  -2  -2   2    1  10   0   0   0   0   1   1   0   8  29   0  18   0   0   4   6   0   0  20  0.26 0.12
   18 Q     0  -1  -1   2  -3   3   4  -2  -1  -3  -3   0   1  -3   0   0  -1  -3  -3  -3   10   0   0   9   0  19  42   1   0   0   1   0   5   0   5   5   0   0   0   1  0.51 0.17
   19 V     0  -2  -2  -1  -2  -1   2  -2  -2   2   0  -1  -1  -2  -2   2  -1  -3  -2   2    7   0   0   0   0   0  24   0   0  23   5   0   0   0   0  24   0   0   0  16  0.24 0.14
   20 L    -2  -3  -4  -4  -2  -3  -4  -4  -4   4   3  -3   2   2   0  -2  -2  -3  -1   1    0   0   0   0   0   0   0   0   0  33  44   0   5   8   4   3   0   0   0   2  0.53 0.18
   21 R    -3   7   1  -3  -5   3  -1  -4   1  -5  -4   0  -3  -5  -4  -2  -3  -4  -3  -4    0  75   5   0   0  16   0   0   4   0   0   0   0   0   0   0   0   0   0   0  1.29 0.34
   22 A     1  -1   3   3  -3   2   2  -2   2  -3  -2  -1  -2  -4  -2   1  -1  -4  -3  -3   15   0  22  15   0  14  18   0   5   0   4   0   0   0   0   7   0   0   0   0  0.41 0.17
   23 Q     1   1  -1  -1  -3   4   2  -2  -1   1  -1   0  -1  -3  -2   0   0  -3  -2  -1   15   8   0   0   0  35  12   0   0  11   6   0   0   0   0   6   4   0   0   0  0.33 0.17
   24 M     3  -2  -2  -2  -2   0  -2   0  -2   1   0  -2   2  -2  -2   1   0  -3  -2   2   33   0   0   0   0   3   1   4   0   5   5   0   9   0   0  10   4   0   0  23  0.22 0.13
   25 A     2   5   0  -2  -3  -1  -2  -2  -2  -3  -2   0   2  -3  -3   2   2  -4  -3  -2   17  38   3   0   0   0   0   0   0   0   0   0  10   0   0  15  15   0   0   2  0.48 0.22
   26 A     2   0   0   0  -2   2   2  -2  -2  -2  -2   0  -2  -2   1   1   0  -3  -2  -1   24   4   3   4   0  12  15   0   0   2   3   3   0   2   8  12   5   0   0   3  0.21 0.11
   27 S     0   2   4   0  -3  -1   1   2  -1  -3  -3  -1  -3  -4   0   1   0  -4  -3  -3    5  13  33   3   0   0   8  14   0   0   1   0   0   0   5  10   6   0   0   0  0.39 0.15
   28 G    -2  -2  -1   3  -4   3   0   4   1  -3  -1  -1   0  -4  -3  -1  -2  -4  -3  -3    0   0   0  18   0  23   5  36   4   0   8   0   4   0   0   3   0   0   0   0  0.50 0.21
   29 G     0   2   0  -2  -3  -1   0   4  -2   1  -2   0  -2  -3  -3   0  -1  -3  -3  -1    4  13   3   0   0   0   7  41   0  14   0   5   0   0   0   4   3   0   0   4  0.36 0.15
   30 G     2  -3  -2   0  -2  -2  -2   3  -3   0  -1  -2  -2  -3  -3   0   0  -4  -3   1   25   0   0   7   0   0   0  32   0   6   6   0   0   0   0   3   8   0   0  14  0.32 0.15
   31 E    -2   1   2   2  -4   4   2   1  -1  -3  -3   1  -2  -4  -2  -1   1  -4  -3  -3    0   6   9  14   0  29  10  10   0   0   2   8   0   0   0   0  13   0   0   0  0.41 0.17
   32 I    -2  -4  -4  -5  -2  -4  -4  -5  -4   5   2  -4   2   2  -4  -3  -2  -3  -2   3    0   0   0   0   0   0   0   0   0  45  15   0   4  10   0   0   0   0   0  25  0.70 0.22
   33 T    -2   2  -2  -2  -3   4   0  -3  -2  -1   0  -1  -2  -3  -3   1   3  -4  -3  -1    0  11   0   0   0  29   5   0   0   3   9   0   0   0   0  14  25   0   0   4  0.42 0.23
   34 V    -1  -4  -5  -5  -3  -4  -4  -5  -4   4   3  -4   2  -1  -4  -3  -2  -4  -3   3    4   0   0   0   0   0   0   0   0  30  39   0   6   0   0   0   0   0   0  21  0.69 0.24
   35 G    -2   1   3  -3  -4  -3  -3   6  -3  -6  -5  -3  -4  -5  -4   0  -3  -5  -5  -5    0   8  15   0   0   0   0  71   0   0   0   0   0   0   0   5   0   0   0   0  1.27 0.36
   36 G    -2  -3   3   1  -4   0   0   4   2  -5  -5  -2  -4  -4  -3   2  -2  -4  -3  -4    0   0  17   8   0   4   6  40   7   0   0   0   0   0   0  19   0   0   0   0  0.69 0.27
   37 Q    -1   3   0  -1  -3   1   2  -2   1   0  -1   0  -1   1  -2   0   0  -3  -1   0    3  21   6   0   0   7  14   2   3   4   6   0   0   8   0   8   7   0   0  10  0.14 0.12
   38 T    -1   0   0  -2  -2   0   1  -3  -2   1   1   0   3  -2  -2   1   2  -3  -2  -1    4   5   3   0   0   5   8   0   0   9  12   7  13   0   0  12  21   0   0   0  0.19 0.15
   39 V    -2  -4  -4  -4  -3  -3  -4  -4   1   1   0  -4   2   2  -4  -3  -2  -2   5   4    0   0   0   0   0   0   0   0   4   3   3   0   6   9   0   0   0   0  25  47  0.76 0.31
   40 S     0   3   1  -2   0   1   1   0  -2  -3  -3   0  -2  -4  -2   2   2  -4  -3  -1    7  18   5   0   2   4  10   7   0   0   0   3   0   0   0  23  16   0   0   3  0.31 0.19
   41 I    -3  -5  -5  -5  -3  -4  -5  -5  -5   6   1  -4  -1  -2   2  -4  -2  -5  -3   4    0   0   0   0   0   0   0   0   0  51   9   0   0   0  10   0   0   0   0  30  0.95 0.35
   42 T    -2   3  -2  -3   2   2  -1  -3   5  -2  -3  -1  -2  -4  -3   2   0  -4  -2   1    0  21   0   0   4  10   2   0  20   0   0   0   0   0   0  22   6   0   0  16  0.49 0.28
   43 Y    -3  -3  -1  -4   3  -3  -3  -4   6  -1  -3  -3  -3   2   1  -3  -3  -1   7  -1    0   0   3   0   8   0   0   0  21   3   0   0   0   8   9   0   0   0  44   3  1.10 0.38
   44 S     0   0  -2   0   1   0  -1  -2  -2   2   0  -2   2  -2  -3   1   1  -3   0   1    6   6   0   7   3   3   4   2   0  21   4   0   9   0   0  16   7   0   4   7  0.13 0.16
   45 E    -1  -2   2  -2  -4   3   0  -3   3  -4  -4  -2  -3  -4   5   2   0  -4  -3  -2    4   0  11   0   0  17   5   0   9   0   0   0   0   0  27  15   7   0   0   3  0.65 0.31
   46 T    -1   1   0   1  -3  -1   0  -3   2   0   0  -2   0   2  -3   0   2   3  -1   0    5   8   4   8   0   0   7   0   7   6   9   0   2  12   0   6  16   5   0   6  0.12 0.14
   47 D    -1  -3   0   3  -3  -2  -1  -1   0  -2   2  -1   3   1   2  -2  -1  -3  -2  -2    4   0   5  18   0   0   3   5   3   0  27   4   9   8  11   0   4   0   0   0  0.24 0.21
   48 G     0  -3   1   5  -4  -2   0   4  -3  -5  -5  -3  -4  -5   0   0  -1  -5  -5  -4    7   0   6  35   0   0   3  34   0   0   0   0   0   0   4   7   4   0   0   0  0.79 0.35
   49 R    -1   3  -2   0   0  -2  -2   0   1   0  -1  -1  -2   2  -4  -1  -2   3   1   1    4  26   0   6   2   0   0   9   3   7   4   0   0  13   0   5   0   4   5  11  0.21 0.20
   50 F    -5  -5  -5  -6  -5  -5  -5  -6   2  -2   0  -5  -2   8  -6  -5  -4  -1   2  -3    0   0   0   0   0   0   0   0   6   0   6   0   0  84   0   0   0   0   4   0  1.93 0.54
   51 L    -2  -3   0  -3  -3  -1  -3  -3  -3   1   2  -3   4   2  -3   2   1  -3  -2  -1    0   0   4   0   0   2   0   0   0  10  25   0  16   9   0  25   9   0   0   0  0.34 0.23
   52 A     2  -3  -3  -3  -2  -3   0   3  -3   1  -2  -3  -2  -3  -3   0   0  -4  -3   3   21   0   0   0   0   0   6  24   0   6   0   0   0   0   0   4   3   0   0  35  0.41 0.24
   53 S     0   2   0   0  -3  -1   2  -3   3  -3  -3  -1  -3  -3  -3   3   0   4  -2   0    4  17   2   5   0   0  13   0   9   0   0   0   0   0   0  32   4   6   0   8  0.38 0.23
   54 G    -1  -1  -1   0  -3   1   1   2  -2   0  -1  -1  -2  -2   3   0   0  -3   0   0    0   3   0   6   0   7  11  20   0   6   5   0   0   0  17   4   7   0   5   7  0.21 0.13
   55 G    -1   0   3   0   2   0  -1   3   1   0  -2  -1  -2  -3  -2   1  -1  -3  -2   0    1   7  17   6   6   5   1  24   4   7   1   1   0   0   1  12   1   0   0   7  0.21 0.14
   56 N    -1   2   2  -1  -3   2  -1   0  -1  -3  -2   1  -2  -1   2   1   0  -3  -2  -2    1  17  15   0   0  14   0   7   0   0   5   9   0   4  10  11   6   0   0   0  0.26 0.16
   57 N     1  -1   3   2  -3  -1   0   3  -2  -3  -3  -1   1  -3  -2   0  -1  -3  -3  -2   11   3  21  16   0   0   5  25   0   0   1   0   7   0   0   6   0   0   0   3  0.35 0.19
   58 S     0  -1   0  -1  -2  -1   1   3   1  -1  -1  -1   0  -3   0   0   1  -3  -2  -1    3   3   3   0   0   0  10  31   4   4   5   0   4   0   4   8  15   0   0   5  0.22 0.14
   59 L    -2   1  -1  -3  -2  -2  -3   0  -2   1   3  -2   3   1  -3  -2  -1  -2  -1   1    1  13   4   0   0   0   0   7   0   8  37   0   9   6   0   0   4   0   0   7  0.23 0.16
   60 L     0   0   0  -2  -2  -1  -2  -2   1   1   1  -1   1   1  -2   1  -1  -2   1   0   10   7   6   0   0   0   1   1   5  11  20   1   5   6   0  15   1   0   6   6  0.08 0.09
   61 S     2   1   1   1  -2   0   1   0  -1  -3  -3   1  -2  -3  -2   2   1  -3  -2  -2   23  10   6   8   0   0  11   7   0   0   1   6   0   0   0  17   9   0   0   1  0.23 0.13
   62 G     0   2   1   2  -3   0   2   1   2  -3  -2   0  -1  -3  -2   1  -1  -3  -2  -2    6  14   8  12   0   0  18  13   6   0   3   2   2   0   0   9   2   0   0   3  0.21 0.12
   63 L     1  -1   0   0  -2   0  -2  -3   0  -1   3  -2   2   0  -3   0  -1  -3  -2  -1   15   3   5   6   0   4   0   0   3   0  46   0   6   3   0   8   2   0   0   0  0.24 0.21
   64 L    -2  -2  -2  -2   2   0   1  -4   2   1   3  -2   2  -1  -3   0   0  -3  -2   0    0   0   0   0   7   4  13   0   7   6  43   0   5   0   0   7   4   0   0   4  0.27 0.20
   65 L     0   1   1  -1  -3   2   3  -3   2  -1   0  -1  -1   0  -3   0  -1  -3  -2   0    6   8   9   0   0  11  29   0   7   4  11   0   0   4   0   4   0   0   0   7  0.22 0.17
   66 T    -2   1   2  -2  -3   1  -2  -1  -2   1   1  -1   3   0   1  -1   1  -3  -2   0    0  12  15   0   0   8   0   4   0  11  16   0  11   3   7   0  10   0   0   4  0.14 0.15
   67 G     1  -2   1   0  -4   4   0   4  -2  -1  -4  -2  -3  -4  -3  -1  -2  -4  -4  -3   14   0   6   5   0  28   5  37   0   6   0   0   0   0   0   0   0   0   0   0  0.62 0.30
   68 L    -3  -3   1  -1  -3  -3  -1  -4  -3   0   5  -3   0   2  -4  -3  -1  -3  -2  -1    0   0  11   3   0   0   4   0   0   3  66   0   0   9   0   0   4   0   0   0  0.65 0.32
   69 N    -3  -3   7   1  -4  -2  -2  -3  -2  -4  -1  -2   1  -5  -4   1  -1  -6  -4  -4    0   0  73   5   0   0   0   0   0   0   6   0   4   0   0  10   2   0   0   0  1.33 0.48
   70 G    -2   1   3   1  -4  -2  -2   4   1  -3  -4  -2  -3  -4  -3   0   0  -4  -3   1    0   8  21  10   0   0   0  36   3   0   0   0   0   0   0   5   6   0   0  13  0.48 0.24
   71 G     0   2   0  -3  -4  -2  -1   5  -3  -3  -3  -2   1   0  -3   1  -2  -4  -3  -2    6  16   4   0   0   0   3  47   0   0   0   0   6   5   0  10   0   0   0   3  0.58 0.27
   72 P    -1   2   3  -2  -3   1  -1  -1   2  -2  -1  -1  -2  -3   1   1   0   2  -2   1    3  12  16   0   0   8   0   3   6   0   6   0   0   0   8  15   3   3   0  14  0.20 0.19
   73 E    -1   0   1   1   1   2   2  -2  -2  -1  -1  -1   0   0  -2   1   1  -3  -2  -1    0   5   9  10   4  11  16   0   0   4   7   0   3   4   0  12  10   0   0   4  0.16 0.15
   74 A     1  -2  -1  -2  -2   0   0   0   1   0   0  -2   0   3  -3   1  -1  -2   1   1   15   0   3   0   0   4   5   7   5   4   7   0   3  20   0  11   2   0   4  10  0.13 0.14
   75 L     0   0  -3  -3  -2   0  -1  -3   0   0   3   0   1  -1  -3  -1  -2  -3   0   1    9   6   0   0   0   4   4   0   2   0  41   5   4   0   0   6   0   0   4  14  0.23 0.19
   76 R    -2   5  -2   0  -4   3   2   0  -2  -4  -4   1  -3  -4  -3   1  -2  -4  -3  -4    0  44   0   3   0  14  14   6   0   0   0   7   0   0   0   9   0   0   0   0  0.73 0.34
   77 D    -1   1   0   3  -4   0   3  -1   2  -1  -3  -1   1  -3  -3   0  -2   1  -1   0    5  10   3  19   0   2  24   3   5   4   0   0   5   0   0   8   0   2   2   8  0.26 0.20
   78 I     0   1   1  -2  -3   0  -1  -1   0   2   0  -1  -1   1   1  -1  -1  -3   0   2    5  12   8   0   0   6   3   3   2  13   9   0   0   6   7   4   0   0   4  20  0.09 0.12
   79 M    -2   1   2  -1  -3  -2   0  -3  -2   1   1  -2   4   3  -4   0  -2   2  -1   0    0  11  11   2   0   0   7   0   0   8  12   0  20  14   0   7   0   4   0   4  0.27 0.24
   80 L     0  -2   2   1  -2  -2  -2  -1   0  -1   2  -2  -1  -1   0   1   0  -3  -2  -1   10   0  14  11   0   0   0   5   3   2  32   0   0   2   4  10   4   0   0   2  0.16 0.17
   81 R     0   1   1  -1  -2   2   1  -2  -1  -3  -2   1  -2  -1  -2   1   1   5   2  -2   10  10   9   0   0   9  10   1   0   0   1  10   0   0   0  10  10   9   9   1  0.25 0.13
   82 M     0   1   1  -2  -2   2  -1  -2  -1   0   1   1   2   0  -2  -1   0  -2   1   0    9   6  11   0   0  11   1   1   0   6  11   9  11   5   0   1   5   0   6   6  0.09 0.12
   83 V     0  -2   1  -2  -3  -2   0  -3  -2   0   2  -2   3  -1   2   0  -1  -3   0   0    9   0  11   0   0   0   6   0   0   3  28   0  11   2  10  10   3   0   3   3  0.20 0.20
   84 S     0   0  -2  -1  -3   0   0  -1  -3   0  -4  -2  -3  -4   3   4   1  -4  -4  -3    4   5   0   3   0   4   7   5   0   7   0   0   0   0  15  41   9   0   0   0  0.51 0.37
   85 G     0  -2   0  -1  -3   0  -1   1   1  -2   0   0  -2  -1   3   1   0  -3   0  -2    8   0   6   3   0   5   3  14   4   0  11   5   0   3  15  12   5   0   5   2  0.17 0.14
   86 S    -1   2  -2  -1  -2  -1  -2  -1   1   1   1  -1   2   0  -3   0  -1  -2   0   1    3  17   0   4   0   0   1   5   5  10  18   0   9   4   0   9   2   0   4   8  0.11 0.15
   87 G     1  -2   0  -2  -2   0   0   2  -2   0  -1  -2  -1   1   0   0  -1   4  -1   0   12   0   5   0   0   5   6  19   0   8   7   0   0   7   4   9   0   8   0   9  0.16 0.16
   88 N     0  -2   3   0  -3   1   0   0   2  -1  -2   0  -2  -3   1   1  -1   3  -2  -2    9   0  18   5   0   7   5   5   7   6   5   4   0   0   8  15   0   4   0   0  0.22 0.20
   89 T     0   0   1   0  -3   1   1  -2   1  -2  -2   1   0  -2   0   1   1   2   0   0   10   5   9   5   0   4  13   0   3   0   1  11   3   0   3   8  10   3   4   8  0.14 0.13
   90 Q    -2   1   0  -2  -3   5  -1  -1  -2  -3  -1   1   2   0   1   0   0  -3  -2  -2    1   6   5   0   0  34   1   5   0   0   6   8   7   6   7   7   4   0   0   3  0.36 0.27
   91 S     0   0   1   0  -3   1   1  -1   1  -2  -1   0   1  -3   1   3   1  -3  -2  -1    4   6   8   3   0   5   7   3   3   0   5   3   6   0   7  27   7   0   0   5  0.19 0.16
   92 H    -2   1   2   0  -3   2   2  -1   4  -1   0   0  -1  -2  -2   0   0  -3  -2  -1    1   7  10   4   0  11  13   4  14   3  14   4   0   0   0   6   5   0   0   3  0.20 0.15
   93 G     0  -1   2   0  -3   1   2   1   1  -2   0   1  -2  -1   0   1  -1  -3  -2  -1    6   0  12   2   0   9  14   9   4   0  11  10   0   3   4   9   0   0   0   5  0.14 0.12
   94 D     1   1   1   0  -2   1  -1  -1  -2   0   0   0  -1  -2  -1   1   0  -3  -2   0   16   9   8   5   0  10   2   2   0   6  14   3   0   0   2  11   6   0   0   5  0.09 0.10
   95 I    -1  -4  -5  -5  -3  -4  -4  -5   2   3   4  -4   0  -2   0  -4  -3  -4  -3   2    4   0   0   0   0   0   0   0   5  15  57   0   0   0   6   0   0   0   0  13  0.76 0.36
   96 E    -1  -2   0  -2  -3   4   1  -3   2  -2   1   0   2  -3  -1   1  -2  -4  -3  -1    3   0   5   0   0  29  11   0   6   0  20   4   5   0   2  11   0   0   0   3  0.37 0.27
   97 G     1   0   2   3  -3   0   2   1  -2  -3  -3   0  -3  -4  -2   1   0   2  -3  -2   14   4  10  17   0   2  17  10   0   0   0   5   0   0   0  10   5   3   0   2  0.30 0.18
   98 K    -1   4  -3  -3  -5   2  -2  -4  -3  -5  -5   6  -4  -5   2  -3  -3   3  -4  -5    5  23   0   0   0   7   0   0   0   0   0  52   0   0   8   0   0   4   0   0  1.08 0.47
   99 I    -3  -5  -5  -5  -3  -4  -5  -2  -5   6   1  -4   1  -2  -4  -4  -2  -4  -3   2    0   0   0   0   0   0   0   4   0  78   5   0   2   0   0   0   0   0   0  11  1.06 0.33
  100 S    -1  -2   3   3  -3  -1   2  -2   3  -3  -1   0  -2  -3   0   2  -1  -4  -1  -2    4   0  15  18   0   0  16   0   9   0   7   3   0   0   3  19   0   0   3   3  0.30 0.15
  101 Q     0  -2  -1  -2   1   1   1  -2  -2  -2   1   0  -1  -3   0   3   1  -3  -3  -1    7   0   0   0   3   9  11   0   0   0  16   4   0   0   4  36   8   0   0   3  0.25 0.16
  102 Y    -1  -2   0  -4  10  -4  -4  -4   2  -3  -3  -4  -3  -4  -5  -1  -3  -4   1  -3    4   3   5   0  73   0   0   0   6   0   0   0   0   0   0   4   0   0   6   0  1.88 0.44
  103 K     2  -2   0  -2  -2  -1  -2  -2  -2  -1  -1   1  -2  -3  -2   4   1  -4  -3   1   22   0   4   0   0   0   0   0   0   2   6   9   0   0   0  41   6   0   0  11  0.35 0.20
  104 F    -5  -5  -5  -6  -5  -6  -6  -5  -3  -2  -2  -5  -2   9  -6  -5  -4  -1   1  -3    0   0   0   0   0   0   0   0   0   0   0   0   0 100   0   0   0   0   0   0  2.27 0.52
  105 S     0   0   3   0  -2   0  -1   0   0   0  -1  -1  -2  -3   0   2   2  -4  -2   0    3   6  20   4   0   3   0   7   2   6   4   0   0   0   5  20  14   0   0   6  0.19 0.12
  106 V    -1  -4  -4  -4  -2  -3  -4  -4  -4   1   0  -3   1  -2   1  -2   1  -4  -3   6    3   0   0   0   0   0   0   0   0   0   3   0   3   0   6   0  11   0   0  74  0.79 0.32
  107 N    -2  -2   4   3   0   1   2   0  -1  -4  -4   0  -1  -4  -3   1  -1  -4  -3  -2    0   0  29  23   3   4  17   4   0   0   0   5   2   0   0   9   2   0   0   2  0.51 0.21
  108 T     0  -1   1  -1  -2   0  -1  -2   1   1  -1   0  -1  -2   2   2   1  -3  -2   0    6   2   6   2   0   6   0   0   5  15   6   6   0   0  12  21  10   0   0   4  0.17 0.12
  109 Q     2  -2   2   2  -3   0   3   2  -2  -3  -4  -1  -3  -4  -2   0  -1  -4  -3  -2   19   0  11  12   0   3  32  15   0   0   0   1   0   0   0   4   2   0   0   2  0.42 0.19
  110 S    -1  -1   2   2  -4   1   3   0   3  -4  -4   2  -1  -4  -2   1  -1  -4  -2  -3    2   0   9  14   0   3  26   8   8   0   0  14   2   0   0  13   0   0   0   0  0.39 0.17
  111 L    -3  -3  -2  -4   1  -2  -4  -4  -3   0   3  -1   2   5  -4  -3  -3  -2   0  -1    0   0   2   0   4   2   0   0   0   0  42   5   5  40   0   0   0   0   0   0  0.65 0.25
  112 Q    -1   1   0  -2  -3   4   0  -2   0  -3  -1   0  -2  -1   2   3  -1  -3  -2  -3    2   5   2   0   0  28   4   0   3   0   7   5   0   4  12  29   0   0   0   0  0.37 0.19
  113 C     0  -4  -3  -4   8  -3  -4   1  -3   0   0  -3  -2   0  -3  -2  -2  -3   0   0    8   0   0   0  49   0   0  10   0   7   6   0   0   5   0   1   0   0   4   7  0.84 0.25
  114 P    -1  -2  -1   0   0   0  -1  -2  -2  -1  -3   0  -2  -3   6   2   1  -4  -3  -2    3   0   0   6   3   3   1   1   0   4   1   4   0   0  43  17  12   0   0   1  0.77 0.20
  115 S    -1  -1  -1   2   0   0   4   0   1  -3  -3   0  -2  -3   0   1   0  -3  -2  -1    4   0   0  10   2   0  40   9   4   0   1   4   0   0   4   8   6   0   0   4  0.34 0.15
  116 E    -1  -1   0   2  -3   2   4  -1  -1  -1  -3   0  -2  -2  -2   1  -1  -3   0  -1    1   0   4   9   0  10  38   3   0   4   1   2   0   0   0  14   0   0   5   6  0.35 0.16
  117 A     1  -2   0  -2  -2  -1  -2  -1   4  -1  -1  -2  -1   3  -2   1  -1  -2   2   0   18   0   4   0   0   0   1   3  19   3   5   0   0  18   0  15   0   0   6   5  0.23 0.14
  118 V    -2   0  -3  -3  -2  -2  -2  -3  -3   1   4  -1   3  -1  -3  -2   0  -2  -2   1    1   6   0   0   0   0   0   1   0   6  55   6  10   0   0   1   6   0   0   6  0.32 0.10
  119 R    -1   2   0  -1   1   2   0  -2  -1  -2  -2   1   0  -3  -2   1   4  -3  -2  -1    1  17   4   0   4  10   5   1   0   0   1   5   4   0   0   5  42   0   0   1  0.32 0.11
  120 C    -2  -5  -4  -5  10  -4  -5  -4  -3  -3  -3  -4  -3  -2  -4  -2  -2  -2   4  -2    0   0   0   0  81   0   0   0   0   0   0   0   0   0   0   0   0   0  19   0  1.95 0.32
  121 P    -1  -3  -3  -2  -4  -2  -2  -3  -3  -3  -4  -2  -3  -4   8  -1  -2  -4  -4  -3    0   0   0   0   0   0   0   0   0   0   0   0   0   0 100   0   0   0   0   0  2.26 0.10
  122 I    -1  -3  -4  -4  -2  -3  -4  -4  -4   5   1  -3   1  -1  -3  -3  -1  -3  -2   3    0   0   0   0   0   0   0   0   0  75   0   0   0   0   0   0   0   0   0  25  0.52 0.06
  123 I    -1  -2  -1  -2  -1  -1  -2  -2  -2   1  -1  -1   2  -2  -2   1   5  -3  -2   0    0   0   0   0   0   0   0   0   0  11   0   0  13   0   0   0  76   0   0   0  0.46 0.07
  124 L    -2  -3  -4  -4  -2  -3  -4  -4  -2   2   4  -3   3   2  -4  -3  -2  -1   2   0    0   0   0   0   0   0   0   0   0  10  57   0  12  10   0   0   0   0  11   0  0.52 0.13
  125 D     2  -2   1   1   5  -1   2  -2   2  -2  -2  -1  -2  -3  -2   1  -1  -3  -2   0   27   0   6   9  19   0  18   0   7   0   0   0   0   0   0   8   0   0   0   6  0.30 0.10
  126 K     0   1  -2  -2  -2   1   1  -3  -2   1   0   1   0   1  -2  -1   1  -2  -1   1   10  10   0   0   0  10  10   0   0  10  10  10   0  10   0   0  10   0   0  10  0.10 0.10
  127 P     0  -1   0  -1  -2   0  -1  -2   5  -3  -3  -1  -2  -2   5   2   0  -3   0  -3    0   0   0   0   0   0   0   0  33   0   0   0   0   0  33  33   0   0   0   0  0.65 0.02
  128 E    -1   1   0   1  -4   1   5  -3  -1  -3  -3   2  -3  -4   2  -1   0  -4  -3  -1    3   5   2   3   0   4  49   0   0   0   0  16   0   0   9   0   4   0   0   5  0.56 0.14
  129 E    -1   2   1   0  -3   1   1  -2   2  -2  -3   4  -1  -3  -2   0   0  -4  -2  -1    2   7   9   2   0   5   8   0   8   2   0  39   2   0   0   8   3   0   0   5  0.33 0.10
  130 G     0  -3  -2  -2  -4  -2   1   6  -3  -5  -5  -3  -4  -5  -3  -1  -3  -4  -4  -4    6   0   0   0   0   0  10  83   0   0   0   0   0   0   0   0   0   0   0   0  1.33 0.22
  131 V    -1  -3  -3  -3   4  -2  -3   0   3   2   1  -3   2  -1  -3  -2  -1  -3  -1   3    0   0   0   0  11   0   0   7  11  13   7   0   8   0   0   0   0   0   0  42  0.27 0.07
  132 F    -2  -3  -4  -4  -2  -3  -4  -4  -3   2   3  -4   0   6  -4  -3  -2  -1   1   0    0   0   0   0   0   0   0   0   0  17  32   0   0  51   0   0   0   0   0   0  0.65 0.11
  133 V     1  -2  -2  -3  -1  -2  -2  -2  -3   2   1  -2   3  -1  -2   0   0  -3  -2   2   20   0   0   0   0   0   0   0   0   7  13   0  20   0   0  10   0   0   0  29  0.22 0.06
  134 K    -2   5  -1  -2  -4   0   0  -3  -1  -3  -1   4  -1  -3  -2  -1  -2  -3  -2  -3    0  54   0   0   0   0   0   0   0   0   9  37   0   0   0   0   0   0   0   0  0.68 0.10
  135 N    -1   0   5   0  -2  -1  -1  -2  -1   0  -2  -1  -1  -3  -2   0   3  -4  -2   0    4   4  49   0   0   0   0   0   0  10   0   0   0   0   0   0  27   0   0   5  0.39 0.08
  136 S     2  -2  -1  -1  -2   2  -1   0  -2  -3  -3  -1  -2  -4  -2   4   0  -4  -3  -2   22   0   0   0   0  14   0   4   0   0   0   0   0   0   0  60   0   0   0   0  0.58 0.16
  137 E    -1   2  -2   1  -3   1   1  -1  -2  -1   2  -1   1  -2  -1   0  -2  -3  -2  -1    3  15   0   8   0   9  10   5   0   0  35   0   3   0   3   5   0   0   0   4  0.17 0.12
  138 D    -1  -1   1   2   0   1   0   3   1  -1  -2  -1  -2  -3  -3   0  -1  -4  -3   1    0   3   8  12   2  10   5  27   4   4   2   0   0   0   0   8   0   0   0  15  0.22 0.12
  139 S     1  -3  -1  -2  -3  -2  -2   0   5  -4  -4  -2  -3  -4  -3   5  -1  -5  -3  -3   12   0   0   0   0   0   0   7  15   0   0   0   0   0   0  65   0   0   0   0  0.91 0.32
  140 L     0   1   2   2  -3   3   2  -2  -1  -3  -1   1  -2  -3   0   0  -1  -4  -3  -1    6   6  13  16   0  21  12   0   0   0   6   5   0   0   5   5   0   0   0   5  0.31 0.11
  141 V    -2  -4  -4  -5  -3  -4  -4  -5  -3   4  -1  -4  -1  -1  -4  -3  -2  -2   4   5    0   0   0   0   0   0   0   0   0  24   0   0   0   0   0   0   0   0  21  55  0.90 0.24
  142 C     2  -1  -3  -4  10  -3  -4  -3  -4  -3  -3  -3  -3  -4  -3   0  -2  -4  -4  -2   18   5   0   0  73   0   0   0   0   0   0   0   0   0   0   5   0   0   0   0  1.52 0.21
  143 T     1  -2   0  -2   6   0  -1  -2   1  -2  -2  -1   0  -1  -2   2   2  -3  -2  -1   13   0   4   0  28   5   0   0   4   0   0   0   4   4   0  18  20   0   0   0  0.34 0.09
  144 L    -1  -2  -3  -3  -2  -2  -3  -3  -2   1   4  -2   1   0  -3   1  -1  -2   2   0    0   0   0   0   0   0   0   0   0   9  64   0   0   0   0  17   0   0  11   0  0.35 0.10
  145 F    -2  -3  -2  -4   3  -2  -3  -4   4  -2  -1  -3  -1   5  -4  -2  -2   1   6  -2    0   0   0   0   9   0   0   0  17   0   0   0   0  35   0   0   0   0  39   0  0.80 0.14
  146 D     1  -2   1   5  -3  -1   1  -2  -2   0  -3  -1  -2  -3  -2  -1  -1  -4  -3  -2   18   0   5  59   0   0   5   0   0  13   0   0   0   0   0   0   0   0   0   0  0.58 0.12
  147 S     0   1  -1  -2  -3   0   0  -2  -2  -2   0   4  -1  -2  -2   2   0  -3   0   0    6   6   0   0   0   2   6   0   0   0   9  35   0   0   0  20   5   0   5   6  0.26 0.14
  148 V     1  -2   1   3  -3  -1   1  -1  -2  -2  -2  -1   3  -3  -2   1   2  -3   0  -1   12   0   8  20   0   0  11   3   0   0   0   0  14   0   0  10  17   0   3   4  0.25 0.14
  149 S     5  -3  -3  -3  -2  -2  -2  -2  -3  -2  -3  -2  -2  -3  -3   2   1  -4   1   1   63   0   0   0   0   0   0   0   0   0   0   0   0   0   0  12   8   0   6  11  0.67 0.27
  150 F    -3  -4  -5  -5  -3  -4  -5  -5  -4   1   4  -4   3   5  -5  -4  -3  -2  -1   0    0   0   0   0   0   0   0   0   0   5  57   0   7  27   0   0   0   0   0   5  0.90 0.29
  151 S    -1  -1   1  -2  -3   0  -1  -3  -2   1   0   2   2  -1   0   2   1  -3  -2   0    0   0   8   0   0   4   2   0   0   9   9  19   8   3   5  19   8   0   0   6  0.14 0.14
  152 H    -3   3   3  -1  -4   2   3  -3   4  -4  -2   0  -2  -3  -3  -2  -1  -4   1  -2    0  17  20   0   0  12  22   0  13   0   4   3   0   0   0   0   2   0   5   3  0.50 0.24
  153 L    -1  -4  -5  -5  -3  -1  -4  -5  -4   1   5  -4   2  -1  -4  -4  -3  -4  -3   1    4   0   0   0   0   3   0   0   0   6  77   0   3   0   0   0   0   0   0   6  0.93 0.33
  154 V    -2  -4  -4  -4  -2  -4  -4  -5  -4   4   1  -4   0  -2  -4  -1   1  -4  -3   4    0   0   0   0   0   0   0   0   0  28  14   0   0   0   0   5  10   0   0  45  0.67 0.27
  155 R    -1   3   2   0   0  -1   0   1  -2  -1  -2   0   0  -2  -1   2   0  -4  -3  -2    0  22  15   4   3   0   6  10   0   5   2   5   4   2   3  17   4   0   0   0  0.22 0.15
  156 D    -1   2  -1   2  -3   2   2  -3   1  -1   0   0   0  -3  -3   0   1  -4  -2  -2    2  16   0  14   0  11  16   0   4   4  10   2   4   0   0   4  12   0   0   0  0.25 0.15
  157 G     0   3   3   1  -4   1   1   3   3  -4  -4   0  -3  -4  -3   0  -2  -4  -3  -4    6  18  15   6   0   4   9  27   8   0   0   5   0   0   0   4   0   0   0   0  0.43 0.18
  158 G     1  -2   0  -2  -2   0  -1   1  -2  -1   2  -2   1  -1  -1   1   0  -3  -2   0   18   1   4   0   0   3   3   9   0   0  29   0   4   2   2  15   6   0   0   3  0.14 0.10
  159 R     1   0  -2  -1  -3   0  -1  -3   1  -2   0   0  -2  -1   5   0  -1  -4  -3  -1   15   4   0   3   0   4   1   0   4   0   9   4   0   3  38   5   3   0   0   5  0.59 0.16
  160 H    -4   1  -2  -4  -6  -2  -3  -5  11  -6  -6  -3  -4  -4  -5  -4  -5  -5  -1  -6    0   6   0   0   0   0   0   0  94   0   0   0   0   0   0   0   0   0   0   0  2.86 0.52
  161 P    -4  -5  -5  -4  -6  -4  -4  -5  -5  -6  -6  -4  -5  -7   9  -4  -4  -7  -6  -5    0   0   0   0   0   0   0   0   0   0   0   0   0   0 100   0   0   0   0   0  3.03 0.50
  162 L    -3  -4  -5  -6  -3  -4  -5  -6  -5   2   5  -4   0  -1  -5  -4  -3  -4  -3   1    0   0   0   0   0   0   0   0   0  13  79   0   0   0   0   0   0   0   0   8  1.10 0.28
  163 T    -1  -3   1  -2   1  -2  -2  -3  -3  -4  -4  -2   1  -4  -3   6   2  -5  -4  -3    0   0   6   0   3   0   0   0   0   0   0   0   4   0   0  75  12   0   0   0  1.07 0.33
  164 R    -4   8  -3  -4  -6   2  -2  -5  -3  -6  -5   0  -4  -5  -5  -3  -4  -5  -4  -5    0  93   0   0   0   7   0   0   0   0   0   0   0   0   0   0   0   0   0   0  2.00 0.42
  165 E     0  -2  -2   1  -5   0   6  -4  -2  -5  -5   2  -4  -5  -3  -2  -3  -5  -4  -4    7   0   0   3   0   0  80   0   0   0   0  10   0   0   0   0   0   0   0   0  1.29 0.31
  166 P     0   1  -1  -2  -3  -1  -1  -3  -3  -2  -1   2  -2  -4   6   1  -1  -4  -3   0    7   6   2   1   0   0   2   0   0   0   5  18   0   0  39   9   3   0   0   8  0.67 0.16
  167 I    -3  -5  -5  -5  -3  -4  -5  -5  -5   6   1  -4   1   3  -5  -4  -3  -3  -2   1    0   0   0   0   0   0   0   0   0  72   9   0   3  16   0   0   0   0   0   0  1.09 0.27
  168 T     1  -1  -2  -1   1  -2  -2  -3   0   0  -2  -2  -2  -3  -3   1   5  -4  -3   0   12   3   0   2   4   0   0   0   3   4   0   0   0   0   0  11  55   0   0   6  0.58 0.21
  169 S     0  -2  -2  -1  -3  -1   2  -1  -2   0   0   0   1  -3   3   0   0  -3  -3   0   10   0   0   0   0   0  24   4   0   6   9   6   5   0  16   7   7   0   0   7  0.23 0.09
  170 S     1   0  -1   2  -3  -1   2   0  -2  -4  -4  -1  -3  -4  -2   4  -1  -4  -3  -3   12   5   0  12   0   0  15   5   0   0   0   0   0   0   0  51   0   0   0   0  0.55 0.20
  171 M    -3  -3  -4  -5  -4  -2  -4  -5   5  -1   0  -3   9   1  -5  -4  -3  -3   0  -2    0   0   0   0   0   0   0   0  14   2   0   0  76   5   0   0   0   0   3   0  1.62 0.39
  172 I    -3  -5  -5  -5  -3  -4  -5  -5  -5   7   1  -4   0  -2  -4  -2  -1  -4  -3   1    0   0   0   0   0   0   0   0   0  87   5   0   0   0   0   3   4   0   0   2  1.20 0.30
  173 V    -2  -4  -4  -4  -2  -3  -4  -5  -4   4   0  -4   2  -2  -4  -2   0  -4  -3   5    0   0   0   0   0   0   0   0   0  21   3   0   6   0   0   2   4   0   0  63  0.78 0.22
  174 S     0   2  -1  -2  -3  -1   1   0   0  -1  -2   2  -2  -4   4   1  -1  -4  -3  -2    5  16   2   0   0   0   8   9   2   4   2  15   0   0  22  15   0   0   0   0  0.40 0.12
  175 P    -1   4  -2  -2  -4   1   0  -3   0  -4  -4   5  -3  -4   2  -1  -2  -4   0  -4    2  27   0   0   0   6   3   0   2   0   0  45   0   0  10   1   0   0   4   0  0.72 0.20
  176 E    -2  -2   2   5  -4   0   4  -3  -2  -5  -5  -1  -4  -5  -3   1  -2  -5  -4  -4    2   0  10  38   0   0  39   0   0   0   0   2   0   0   0   9   0   0   0   0  0.88 0.22
  177 Q    -2   0   0   0  -4   4   5  -3   1  -4  -3   2   1  -4  -3   0  -2  -4  -3  -3    0   2   3   3   0  21  45   0   3   0   0  11   6   0   0   6   0   0   0   0  0.69 0.20
  178 C    -3  -6  -5  -6  11  -5  -6  -5  -6  -4  -4  -6  -4  -5  -5  -3  -3  -5  -5  -3    0   0   0   0 100   0   0   0   0   0   0   0   0   0   0   0   0   0   0   0  3.23 0.50
  179 I    -2  -1  -2  -3  -1  -2   0  -4   7   1  -2  -1  -2   2  -4  -2  -2  -1   5  -2    3   2   0   0   2   0   5   0  37  11   0   4   0   7   0   0   2   0  29   0  0.83 0.23
  180 Y    -4  -5  -5  -6  -4  -5  -5  -5  -3  -2  -1  -5  -2   8  -6  -4  -4  -1   4  -3    0   0   0   0   0   0   0   0   0   0   3   0   0  84   0   0   0   0  14   0  1.81 0.35
  181 D    -3  -3   4   7  -5  -2   0  -3  -2  -5  -5  -2  -4  -5  -3  -1  -2  -6  -5  -3    0   0  19  73   0   0   2   0   0   0   0   0   0   0   0   4   0   0   0   2  1.37 0.30
  182 Q    -1  -2  -1  -2   2   1  -2  -3   2   0  -1  -2  -2  -1   3   2   3  -3   0  -2    2   0   0   0   5   9   0   0   6   7   4   0   0   3  16  19  25   0   4   0  0.32 0.14
  183 A     0  -1   1   1  -3   0   3   0  -2   0  -2   0  -2  -3  -2   1   2  -4  -3  -1    8   0   5   7   0   2  23   7   0  10   2   6   0   0   0   7  19   0   0   2  0.19 0.09
  184 K    -2   4  -1  -1  -4   1   0  -3  -2  -1  -3   4  -2  -4  -3   1  -2  -4  -3  -3    0  30   0   3   0   5   4   0   0   5   0  41   0   0   0  12   0   0   0   0  0.66 0.20
  185 G    -1  -2   1   1  -4   3   1   4  -2  -4  -3   0  -3  -4  -3   0  -2  -4  -4  -4    0   0   5   9   0  20  11  45   0   0   2   4   0   0   0   5   0   0   0   0  0.63 0.18
  186 N     1   0   4  -1   4  -1  -1  -2   4  -2  -3   1  -3  -3  -3   1  -1  -4  -2  -3   14   5  27   0  10   0   0   0  17   2   0  10   0   0   0  14   1   0   0   0  0.45 0.16
  187 F    -4  -5  -5  -6  -4  -5  -5  -5  -3   1  -1  -5  -2   8  -6  -4  -4  -1   1  -2    0   0   0   0   0   0   0   0   0   7   0   0   0  93   0   0   0   0   0   0  1.90 0.36
  188 V    -1  -2  -3  -4   5  -3  -3  -4  -4   4   0  -3   2  -2  -3  -2   2  -4  -2   3    1   3   0   0  15   0   0   0   0  35   0   0   6   0   0   0  15   0   0  25  0.49 0.15
  189 I     0  -3  -4  -4   3  -3  -4  -4  -4   4   2  -3   0   1  -3  -2  -1  -3  -1   2    7   0   0   0   9   0   0   0   0  39  22   0   0   7   0   0   0   0   0  17  0.41 0.10
  190 K    -1   3  -1  -2  -3   0   1  -2  -2  -2  -2   4   2  -3  -2   1  -1  -4  -2  -1    0  14   0   0   0   0   6   0   0   0   0  51  11   0   0  14   0   0   0   3  0.47 0.12
  191 D    -1  -2   2   5  -3  -1   1  -2  -1  -2  -3  -1  -3  -4  -2   2  -1  -4  -3  -3    0   0  11  49   0   0   8   0   0   5   0   0   0   0   0  27   0   0   0   0  0.59 0.09
  192 K    -1   2   0   0  -3   1   3  -2  -1  -3  -3   4  -2  -3  -1   0  -1  -3  -2  -3    0   0   0   0   0   0  25   0   0   0   0  75   0   0   0   0   0   0   0   0  0.51 0.02

                      K         Lambda
Standard Ungapped    0.1321     0.3141
Standard Gapped      0.0413     0.2670
PSI Ungapped         0.1350     0.3173
PSI Gapped           0.0413     0.2670
